,negative,positive,total
aa,160,92,252
aaa,93,54,147
aaaa,45,29,74
aaaaa,26,12,38
aaaaaa,16,12,28
aaaaaaa,9,1,10
aaaaaaaa,13,0,13
aaaaaaaaa,6,2,8
aaaaaaaaaa,6,3,9
aaaaaaaaaaa,4,1,5
aaaaaaaaaaaa,3,0,3
aaaaaaaaaaaaa,6,1,7
aaaaaaaaaaaaaa,1,1,2
aaaaaaaaaaaaaaa,0,3,3
aaaaaaaaaaaaaaaa,1,1,2
aaaaaaaaaaaaaaaaaa,2,1,3
aaaaaaaaaaaaaaaaaaa,0,1,1
aaaaaaaaaaaaaaaaaaaa,1,0,1
aaaaaaaaaaaaaaaaaaaaaaa,1,1,2
aaaaaaaaaaaaaaaaaaaaaaaaaa,1,0,1
aaaaaaaaaaaaaaaaaaaaaaaaaaaaaa,0,2,2
aaaaaaaaaaaaaaaaaaaaaaaaaaaaaaaaa,1,0,1
aaaaaaaaaaaaaaaaaaaaaaaaaaaaaaaaaaaaa,0,1,1
aaaaaaaaaaaaaaaaaaaaaaaaaaaaaaaaaaaaaaaaaaaaaaaaa,1,0,1
aaaaaaaaaaaaaaaaaaaaaaaaaaaaaaaaaaaaaaaaaaaaaaaaaah,0,1,1
aaaaaaaaaaaaaaaaaaaaaaaaaaaaaaaaaaaaaaaah,1,0,1
aaaaaaaaaaaaaaaaaaaaaaaaaaaaaaaaaaaaaaargh,0,1,1
aaaaaaaaaaaaaaaaaaaaaaaaaaaaall,1,0,1
aaaaaaaaaaaaaaaaaaaaaaaaaaaao,1,0,1
aaaaaaaaaaaaaaaaaaaaaaaaaargh,1,0,1
aaaaaaaaaaaaaaaaaaaaaaah,0,2,2
aaaaaaaaaaaaaaaaaaaaaaahhhhhhhhhhhhhhhhhhhhhhhhhhhhhhhh,1,0,1
aaaaaaaaaaaaaaaaaaaaaaahrg,1,0,1
aaaaaaaaaaaaaaaaaaaaah,0,1,1
aaaaaaaaaaaaaaaaaaaaahhhhh,1,0,1
aaaaaaaaaaaaaaaaaaaah,1,1,2
aaaaaaaaaaaaaaaaaaaaint,0,1,1
aaaaaaaaaaaaaaaaaaaay,1,0,1
aaaaaaaaaaaaaaaaaah,1,0,1
aaaaaaaaaaaaaaaaaahhhhh,0,1,1
aaaaaaaaaaaaaaaaaahhhhhhhhhhhh,1,0,1
aaaaaaaaaaaaaaaaagh,0,2,2
aaaaaaaaaaaaaaaaah,1,0,1
aaaaaaaaaaaaaaaaand,0,1,1
aaaaaaaaaaaaaaaages,1,0,1
aaaaaaaaaaaaaaaaggggggggghhhhhhhh,1,0,1
aaaaaaaaaaaaaaaahhhhhhh,1,0,1
aaaaaaaaaaaaaaaahhhhhhhhhh,0,1,1
aaaaaaaaaaaaaaaahhhhhhhhhhhhhhh,1,0,1
aaaaaaaaaaaaaaaanh,0,1,1
aaaaaaaaaaaaaaaargh,1,0,1
aaaaaaaaaaaaaaah,3,1,4
aaaaaaaaaaaaaaahhhh,0,1,1
aaaaaaaaaaaaaaarghhhhh,1,0,1
aaaaaaaaaaaaaaarrrrrrrrrrrrghhhhhhhhh,1,0,1
aaaaaaaaaaaaaagh,1,0,1
aaaaaaaaaaaaaah,2,1,3
aaaaaaaaaaaaaahhhhhhhhhhhhhhhhhhhhhhhhhhhhhh,1,0,1
aaaaaaaaaaaaaalllll,0,1,1
aaaaaaaaaaaaaand,1,0,1
aaaaaaaaaaaaaaw,0,1,1
aaaaaaaaaaaaah,1,2,3
aaaaaaaaaaaaahhhh,1,0,1
aaaaaaaaaaaaahhhhhhhh,1,0,1
aaaaaaaaaaaaahhhhhhhhhhhhhhhhhh,0,1,1
aaaaaaaaaaaaahhhhhhhhhhhhhhhhhhhhhhhhhhhhhh,1,0,1
aaaaaaaaaaaaall,1,0,1
aaaaaaaaaaaaalllllllllllllllllllll,1,0,1
aaaaaaaaaaaaarrrrgggghhhh,1,0,1
aaaaaaaaaaaaarrrrrrrrggggghhhh,1,0,1
aaaaaaaaaaaages,1,0,1
aaaaaaaaaaaah,4,0,4
aaaaaaaaaaaahhhhhhhhhhhhh,1,0,1
aaaaaaaaaaaalbum,1,0,1
aaaaaaaaaaah,2,3,5
aaaaaaaaaaahhhhhh,1,0,1
aaaaaaaaaaahhhhhhhh,0,1,1
aaaaaaaaaaahhhhhhhhhhhhhhh,0,1,1
aaaaaaaaaaand,1,0,1
aaaaaaaaaaarggggggggggghhhhhhhhh,1,0,1
aaaaaaaaaaarggggggggh,1,0,1
aaaaaaaaaaargh,1,0,1
aaaaaaaaaaassssssssssssssssss,0,1,1
aaaaaaaaaaaw,1,0,1
aaaaaaaaaaawwwwwwwwwwwwweeeeeeeeeeee,0,1,1
aaaaaaaaaages,0,1,1
aaaaaaaaaah,2,4,6
aaaaaaaaaahh,1,0,1
aaaaaaaaaahhh,2,0,2
aaaaaaaaaahhhhh,1,0,1
aaaaaaaaaahhhhhhh,1,0,1
aaaaaaaaaahhhhhhhh,1,0,1
aaaaaaaaaahhhhhhhhhhh,1,1,2
aaaaaaaaaahhhhhhhhhhhh,1,0,1
aaaaaaaaaahhhhhhhhhhhhh,1,0,1
aaaaaaaaaahhhhhhhhhhhhhhhhhhchus,1,0,1
aaaaaaaaaahhhhhhhhhhhrrrrrrggggg,1,0,1
aaaaaaaaaalex,0,1,1
aaaaaaaaaall,0,1,1
aaaaaaaaaamazing,0,2,2
aaaaaaaaaand,1,0,1
aaaaaaaaaarrrrrrgh,1,0,1
aaaaaaaaaaw,2,0,2
aaaaaaaaafter,0,1,1
aaaaaaaaages,3,0,3
aaaaaaaaagh,1,0,1
aaaaaaaaah,8,7,15
aaaaaaaaahhhhhh,3,0,3
aaaaaaaaahhhhhhh,1,0,1
aaaaaaaaahhhhhhhaaaa,1,0,1
aaaaaaaaahhhhhhhh,1,0,1
aaaaaaaaahhhhhhhhhhhh,1,0,1
aaaaaaaaall,2,0,2
aaaaaaaaallllllllllll,0,1,1
aaaaaaaaammmmmmmmmmmmmmmyyyyyyyy,1,0,1
aaaaaaaaand,4,1,5
aaaaaaaaao,0,1,1
aaaaaaaaare,1,0,1
aaaaaaaaargh,1,0,1
aaaaaaaaarghhhhhhhhhhh,1,0,1
aaaaaaaaariel,1,0,1
aaaaaaaaarrrrrrrrgggggggg,1,0,1
aaaaaaaaaw,2,1,3
aaaaaaaafternoon,0,1,1
aaaaaaaah,9,5,14
aaaaaaaahahahahahhahahahahah,0,1,1
aaaaaaaahh,1,0,1
aaaaaaaahhh,1,0,1
aaaaaaaahhhh,1,0,1
aaaaaaaahhhhh,1,0,1
aaaaaaaahhhhhh,1,0,1
aaaaaaaahhhhhhh,0,1,1
aaaaaaaahhhhhhhh,1,0,1
aaaaaaaahhhhhhhhh,1,1,2
aaaaaaaall,0,2,2
aaaaaaaalll,0,1,1
aaaaaaaand,1,1,2
aaaaaaaargh,5,0,5
aaaaaaaarrrrggggg,1,0,1
aaaaaaaauuuuuuugggghhh,1,0,1
aaaaaaaaw,0,1,1
aaaaaaackkkkkk,1,0,1
aaaaaaadn,1,0,1
aaaaaaages,4,0,4
aaaaaaagggggghhhhhh,0,1,1
aaaaaaaggggghhh,1,0,1
aaaaaaagh,1,0,1
aaaaaaah,5,7,12
aaaaaaahahahaha,0,1,1
aaaaaaahahahahaaaaa,0,1,1
aaaaaaahahahahahaha,0,1,1
aaaaaaahh,1,2,3
aaaaaaahhh,5,2,7
aaaaaaahhhhh,0,1,1
aaaaaaahhhhhh,1,2,3
aaaaaaahhhhhhh,1,0,1
aaaaaaahhhhhhhh,2,0,2
aaaaaaalcohol,0,1,1
aaaaaaall,1,0,1
aaaaaaand,5,4,9
aaaaaaanddddd,1,0,1
aaaaaaannd,0,1,1
aaaaaaargggghh,1,0,1
aaaaaaargh,2,0,2
aaaaaaarrgghh,1,0,1
aaaaaaarrrrrrgggggggghhhhhhhhh,1,0,1
aaaaaaaw,2,3,5
aaaaaaawh,1,0,1
aaaaaackkkk,1,0,1
aaaaaafech,0,1,1
aaaaaagers,0,1,1
aaaaaages,1,1,2
aaaaaagh,0,1,1
aaaaaaghhhhh,1,0,1
aaaaaah,29,11,40
aaaaaahahahhaha,0,1,1
aaaaaahh,2,1,3
aaaaaahhh,3,4,7
aaaaaahhhh,2,0,2
aaaaaahhhhh,1,0,1
aaaaaahhhhhh,1,0,1
aaaaaahhhhhhh,1,0,1
aaaaaahhhhhhhh,3,0,3
aaaaaahhhhhhhhh,0,1,1
aaaaaahhn,1,0,1
aaaaaainnnn,1,0,1
aaaaaak,1,0,1
aaaaaakkkh,1,0,1
aaaaaalcohol,0,1,1
aaaaaall,1,2,3
aaaaaalllat,0,1,1
aaaaaamaaazinggggg,0,1,1
aaaaaamazing,1,0,1
aaaaaammm,1,0,1
aaaaaammmazzzingggg,1,0,1
aaaaaamy,0,1,1
aaaaaan,1,0,1
aaaaaand,10,5,15
aaaaaannnnnnddd,0,1,1
aaaaaanyways,1,0,1
aaaaaaooooow,1,0,1
aaaaaarggggggggg,1,0,1
aaaaaargh,3,0,3
aaaaaarrrggggg,1,0,1
aaaaaarrrgghhh,1,0,1
aaaaaarrrghhh,1,0,1
aaaaaarrrrghhhhh,1,0,1
aaaaaarrrrrrrrr,1,0,1
aaaaaarrrrrrrrrrggggghhhhhhhhhhh,1,0,1
aaaaaaw,4,4,8
aaaaaawesome,0,1,1
aaaaaawwwwwwwwwwwwww,0,1,1
aaaaacattyisamazing,1,0,1
aaaaache,1,0,1
aaaaachhhooo,1,0,1
aaaaack,1,0,1
aaaaages,3,2,5
aaaaagh,1,2,3
aaaaagsh,1,0,1
aaaaah,35,31,66
aaaaahh,4,1,5
aaaaahhh,7,1,8
aaaaahhhh,3,8,11
aaaaahhhhh,4,4,8
aaaaahhhhhh,2,3,5
aaaaahhhhhhh,0,1,1
aaaaahhhhhhhh,1,0,1
aaaaahhhhhhhhhhhhh,1,0,1
aaaaaight,1,0,1
aaaaaiiiiight,0,1,1
aaaaalcohol,0,1,1
aaaaall,0,2,2
aaaaalll,2,1,3
aaaaallll,1,2,3
aaaaalllllll,0,1,1
aaaaamazing,1,1,2
aaaaammmnmmaaaaazing,0,1,1
aaaaand,16,20,36
aaaaandddd,1,0,1
aaaaannnddd,0,1,1
aaaaannnnd,1,0,1
aaaaannnnnnd,0,1,1
aaaaanttz,1,0,1
aaaaaoouoouoouu,0,1,1
aaaaare,0,1,1
aaaaarg,2,0,2
aaaaargggh,1,0,1
aaaaargh,12,2,14
aaaaarrgh,0,1,1
aaaaarrrgggghhhh,1,0,1
aaaaarrrgghh,1,0,1
aaaaarrrgh,1,0,1
aaaaarrrrgggghhhh,1,0,1
aaaaarrrrggghhh,2,0,2
aaaaarrrrrrghhhhhhh,1,0,1
aaaaarrrrrrr,0,1,1
aaaaarrrrrrrrrrggggggggggg,1,0,1
aaaaarrrrrrrrrrrggggggggggghhhhhhhhh,1,0,1
aaaaarrrrrrrrrrrrrggggggggghh,1,0,1
aaaaaw,2,6,8
aaaaawhh,0,1,1
aaaaaww,1,0,1
aaaaawww,1,0,1
aaaaawwwww,0,1,1
aaaaayyyyy,0,1,1
aaaacheeee,1,0,1
aaaachei,0,1,1
aaaack,0,1,1
aaaae,0,1,1
aaaagain,1,0,1
aaaages,6,2,8
aaaagggeesss,0,1,1
aaaagggesss,1,0,1
aaaagggessss,1,0,1
aaaagggghhhhhh,1,0,1
aaaaggghh,1,0,1
aaaaggghhh,1,0,1
aaaagghh,1,0,1
aaaagghhh,1,0,1
aaaagh,7,1,8
aaaaghh,1,0,1
aaaaghhh,1,0,1
aaaah,76,61,137
aaaahah,0,1,1
aaaahahah,0,1,1
aaaahahahahahahahahahahahahahahahah,1,0,1
aaaahahhaha,1,0,1
aaaahh,6,7,13
aaaahhh,13,19,32
aaaahhhghhhhh,1,0,1
aaaahhhh,20,10,30
aaaahhhheeeecckkk,0,1,1
aaaahhhhh,3,11,14
aaaahhhhhchhhooooo,1,0,1
aaaahhhhhh,6,1,7
aaaahhhhhhh,2,1,3
aaaahhhhhhhh,1,0,1
aaaahhhhhhhhh,2,0,2
aaaahhhhhhhhhhh,1,0,1
aaaahhhhhhhhhhhh,1,0,1
aaaahhhhhhhhhhhhhhhhhhhhhhhhhhhhh,0,1,1
aaaahhhhhhhrrrrrrgggggghhhhhhh,0,1,1
aaaahw,2,0,2
aaaai,1,0,1
aaaaiieee,0,1,1
aaaaiiiight,0,1,1
aaaakkk,1,0,1
aaaall,7,9,16
aaaalll,3,0,3
aaaallll,2,3,5
aaaalllll,0,1,1
aaaallwaaaays,0,1,1
aaaamaaaazing,0,1,1
aaaamazing,2,1,3
aaaamazziiingg,0,1,1
aaaamin,0,1,1
aaaamm,1,0,1
aaaamy,0,1,1
aaaand,33,37,70
aaaandddd,1,0,1
aaaannd,2,1,3
aaaanndd,0,1,1
aaaannnd,0,1,1
aaaannnddd,0,1,1
aaaannnddyyy,0,1,1
aaaannnnd,0,2,2
aaaannnnnnndddd,1,0,1
aaaanyooone,1,0,1
aaaanything,1,0,1
aaaanyway,1,1,2
aaaanywhere,1,0,1
aaaaoooo,1,0,1
aaaap,1,0,1
aaaar,1,0,1
aaaarat,1,0,1
aaaardvark,0,1,1
aaaargggghhh,1,0,1
aaaargh,28,5,33
aaaarh,1,0,1
aaaarhh,1,0,1
aaaarrggghh,0,1,1
aaaarrgghh,2,0,2
aaaarrgghhhhhhhh,1,0,1
aaaarrrgggggghhh,1,0,1
aaaarrrgggghh,1,0,1
aaaarrrgggghhh,1,0,1
aaaarrrggghhh,2,0,2
aaaarrrgghhh,1,0,1
aaaarrrgghhhh,1,0,1
aaaarrrgh,0,1,1
aaaarrrrgggghhh,1,0,1
aaaarrrrggghhh,1,0,1
aaaarrrrr,1,0,1
aaaarrrrrggggghhhh,1,0,1
aaaarrrrrgh,0,1,1
aaaarses,1,0,1
aaaash,0,1,1
aaaat,0,1,1
aaaau,1,0,1
aaaaugh,1,0,1
aaaauuu,0,1,1
aaaauuuggghhh,1,0,1
aaaaw,23,17,40
aaaawesome,0,4,4
aaaawh,0,1,1
aaaaww,3,2,5
aaaawww,4,2,6
aaaawwww,1,3,4
aaaawwwwww,0,1,1
aaaawwwwwww,0,1,1
aaaay,0,1,1
aaaayt,0,1,1
aaaayyyy,0,1,1
aaaayyyyyy,0,1,1
aaacceeeeeeee,0,1,1
aaacckk,1,0,1
aaach,1,0,1
aaache,0,1,1
aaack,1,0,1
aaackk,0,1,1
aaackkk,1,0,1
aaadam,1,0,1
aaafya,1,0,1
aaafyh,0,1,1
aaag,1,1,2
aaagain,1,0,1
aaages,11,6,17
aaagggghhhh,1,0,1
aaaggghhh,1,0,1
aaaggghhhhh,1,0,1
aaaggh,1,0,1
aaagghh,1,0,1
aaagghhh,0,1,1
aaagh,2,2,4
aaaghhh,1,0,1
aaaghhrr,1,0,1
aaah,160,143,303
aaaha,1,0,1
aaahaha,0,1,1
aaahahaha,0,1,1
aaahahahaha,1,0,1
aaahahha,1,0,1
aaahahhhh,1,0,1
aaahg,1,0,1
aaahgggggggggg,1,0,1
aaahh,32,21,53
aaahhh,40,36,76
aaahhhelp,1,0,1
aaahhhh,23,21,44
aaahhhhh,13,5,18
aaahhhhhh,5,7,12
aaahhhhhhh,1,1,2
aaahhhhhhhhh,1,1,2
aaahhhhhhhhhhh,1,0,1
aaahhhhhhhhhhhh,1,0,1
aaahhhhhhhhhhhhhhhhhhhhhhhhhh,1,0,1
aaahhmazzzzing,0,1,1
aaahk,1,0,1
aaahman,0,1,1
aaahw,2,0,2
aaahww,1,0,1
aaai,2,1,3
aaaiaiaiaiaiaiaaaaaaa,0,1,1
aaain,1,0,1
aaaj,0,1,1
aaajaayradd,1,0,1
aaalcohol,2,0,2
aaall,2,2,4
aaallll,3,1,4
aaallllllllll,1,0,1
aaallrighhtt,1,0,1
aaalmost,0,1,1
aaalwaaays,1,0,1
aaam,1,3,4
aaamaazing,0,1,1
aaamazing,2,2,4
aaammaaazing,1,0,1
aaammaaazzziinngg,0,1,1
aaand,24,31,55
aaannnd,1,0,1
aaannnddd,1,0,1
aaannndddd,0,1,1
aaannnnd,0,1,1
aaanyways,0,1,1
aaaooo,0,2,2
aaaoouuwww,1,0,1
aaar,1,0,1
aaare,0,1,1
aaarg,1,0,1
aaarggg,1,0,1
aaargggh,1,0,1
aaarggh,2,0,2
aaargh,42,8,50
aaarghhh,2,0,2
aaarghhhh,2,0,2
aaarh,3,0,3
aaaron,0,1,1
aaaronspears,0,1,1
aaarrggghh,1,0,1
aaarrggghhh,1,0,1
aaarrggghhhh,1,0,1
aaarrggh,2,0,2
aaarrgghh,4,0,4
aaarrgghhh,0,1,1
aaarrgghhhh,1,0,1
aaarrgghhhhhh,1,0,1
aaarrgghhhhhhh,1,0,1
aaarrgh,4,0,4
aaarrghhh,1,0,1
aaarrghhhhh,1,0,1
aaarrhhh,1,0,1
aaarrr,1,0,1
aaarrrggg,3,0,3
aaarrrgggg,1,0,1
aaarrrgggghhh,1,0,1
aaarrrgggghhhhh,1,0,1
aaarrrgggghhhhhh,1,0,1
aaarrrgggh,1,0,1
aaarrrggghhh,6,2,8
aaarrrggghhhh,1,0,1
aaarrrggghhhhhh,1,0,1
aaarrrggghhhhhhhh,0,1,1
aaarrrggh,1,0,1
aaarrrgghh,0,1,1
aaarrrgghhh,2,0,2
aaarrrgghhhh,1,0,1
aaarrrgh,2,0,2
aaarrrrg,1,0,1
aaarrrrgggghhh,1,0,1
aaarrrrggghh,1,0,1
aaarrrrggghhh,1,1,2
aaarrrrgghhh,1,0,1
aaarrrrgghhhh,1,0,1
aaarrrrgh,1,0,1
aaarrrrrgh,1,0,1
aaarrrrrrgggghhhhh,1,0,1
aaarrrrrrrrr,0,1,1
aaarrrrrrrrrrggggghhh,1,0,1
aaas,1,0,1
aaasaaaaaargh,1,0,1
aaasaand,0,1,1
aaasages,1,0,1
aaashr,1,0,1
aaass,0,2,2
aaasssshhh,1,0,1
aaaugh,1,0,1
aaauuug,1,0,1
aaauuuggghhh,0,1,1
aaauuuummm,0,1,1
aaaw,51,36,87
aaawe,2,0,2
aaawesome,0,3,3
aaawfuuul,1,0,1
aaawh,2,2,4
aaaww,17,13,30
aaawwe,0,1,1
aaawwight,0,1,1
aaawwooo,0,1,1
aaawww,9,6,15
aaawwweeesssooommmeee,1,0,1
aaawwww,4,2,6
aaay,2,1,3
aaayyyeeeee,0,1,1
aab,0,1,1
aabangan,0,1,1
aabar,0,1,1
aabhar,0,1,1
aabinker,0,1,1
aabot,1,0,1
aabout,1,0,1
aabt,1,0,1
aac,3,7,10
aaccchhhooo,1,0,1
aacck,1,0,1
aacd,0,1,1
aachar,1,0,1
aachen,1,5,6
aachens,0,1,1
aack,2,1,3
aacount,1,0,1
aacr,1,1,2
aacs,1,0,1
aacura,0,1,1
aadaamm,1,0,1
aaden,6,0,6
aadha,2,0,2
aadillon,0,1,1
aadmi,0,3,3
aadvanspijk,0,1,1
aaeeeaaaa,1,0,1
aaeeeew,1,0,1
aaf,2,4,6
aafekm,1,0,1
aaffrriiccaa,1,0,1
aafk,0,1,1
aafterwards,0,1,1
aafz,1,0,1
aag,3,0,3
aagain,1,0,1
aagdhxhhshsshhh,1,0,1
aage,0,1,1
aagen,1,0,1
aagenealogy,1,0,1
aages,2,2,4
aaggeess,1,0,1
aaggghhh,1,0,1
aaggghhhh,1,0,1
aaggghhhhh,1,0,1
aaggh,2,0,2
aagghh,3,0,3
aagghhhh,0,1,1
aagghhhhh,0,1,1
aagh,13,2,15
aaghh,1,0,1
aagius,0,2,2
aagrh,1,0,1
aah,138,153,291
aaha,3,0,3
aahaa,2,1,3
aahaaaaaa,1,0,1
aahah,2,7,9
aahaha,1,3,4
aahahaa,0,1,1
aahahah,1,0,1
aahahaha,1,1,2
aahahahaa,0,1,1
aahahahah,0,1,1
aahahahaha,0,1,1
aahahahahaah,1,0,1
aahahahahahhahaha,0,1,1
aahahahha,2,1,3
aahahh,1,0,1
aahahha,0,1,1
aahgad,1,0,1
aahh,41,39,80
aahha,1,1,2
aahhaha,0,1,1
aahhg,1,0,1
aahhh,37,36,73
aahhha,0,1,1
aahhhggrrruuudhajaoqoufkslqlodi,1,0,1
aahhhh,9,12,21
aahhhhh,7,4,11
aahhhhhh,0,2,2
aahhhhhhh,0,1,1
aahhhhhhhh,1,0,1
aahhhhhhhhhhhhhhhhh,1,0,1
aahhhhhhhhhhhhhhhhhhhhh,1,0,1
aahhhhhhhhhhhhhhhhhhhhhh,1,0,1
aahhhhwhats,1,0,1
aahhhm,0,1,1
aahista,0,1,1
aahmhm,1,0,1
aahnoooo,1,0,1
aahren,0,1,1
aahs,0,2,2
aahw,2,1,3
aahww,1,0,1
aai,1,2,3
aaii,0,1,1
aaiight,0,1,1
aaiiiihhhhh,0,1,1
aain,1,1,2
aair,0,1,1
aaisp,1,0,1
aait,0,1,1
aaiwa,0,1,1
aaiyah,1,0,1
aaj,2,4,6
aaja,1,0,1
aajao,0,1,1
aaje,0,2,2
aajjj,1,0,1
aajkal,1,0,1
aak,2,0,2
aakar,0,1,1
aakash,0,2,2
aake,1,0,1
aakgsdfh,0,1,1
aal,0,3,3
aala,0,1,1
aalas,1,0,1
aalborg,0,1,1
aalech,1,0,1
aalinakirche,1,0,1
aalis,2,1,3
aaliyah,28,7,35
aaliyahlove,0,1,1
aaliyas,0,1,1
aalk,1,0,1
aall,2,2,4
aalliicciaa,0,1,1
aalll,1,1,2
aalochikanamayirunnu,1,0,1
aaloo,0,2,2
aalor,1,0,1
aalright,1,0,1
aalsmeer,2,1,3
aalways,2,0,2
aam,2,10,12
aama,3,0,3
aamar,0,1,1
aamara,0,1,1
aamaustin,0,2,2
aamaziiiiiiiiiing,0,1,1
aamazing,0,2,2
aamc,1,0,1
aami,1,4,5
aamin,0,1,1
aamir,2,5,7
aamirkhan,0,1,1
aamm,0,1,1
aammaazziinngg,0,1,1
aamna,1,0,1
aamras,0,1,1
aamzing,0,1,1
aan,1,5,6
aana,1,2,3
aand,14,18,32
aandd,1,0,1
aandhi,0,1,1
aandolan,0,1,1
aandy,1,0,1
aane,0,3,3
aanestad,0,1,1
aang,2,2,4
aangelez,0,1,1
aanica,1,0,1
aannd,0,3,3
aannndd,1,1,2
aannnddd,1,0,1
aannnna,1,0,1
aanswer,0,1,1
aanswwe,1,0,1
aant,0,1,1
aanu,1,0,1
aao,0,2,2
aaohh,1,0,1
aaoowwaa,0,1,1
aaoowwww,0,1,1
aap,2,6,8
aapchxi,1,0,1
aapep,1,0,1
aapka,1,0,1
aapke,0,2,2
aapko,1,4,5
aapl,2,4,6
aapne,1,0,1
aapni,0,1,1
aapreciate,0,1,1
aapse,2,0,2
aapt,1,0,1
aapupko,0,1,1
aapy,0,2,2
aar,16,23,39
aaraamse,1,0,1
aaral,0,1,1
aaram,0,1,1
aaran,0,3,3
aarbei,0,1,1
aardvark,1,5,6
aare,1,2,3
aarent,1,0,1
aarey,1,0,1
aarg,3,1,4
aargg,1,0,1
aarggg,1,0,1
aargggghhh,1,0,1
aarggghhh,1,0,1
aarggh,3,0,3
aargghh,2,0,2
aargghhh,1,0,1
aargh,62,12,74
aarghh,3,0,3
aarghhh,4,1,5
aarghhhh,1,0,1
aarh,1,0,1
aarhus,2,1,3
aaries,0,1,1
aariz,0,1,1
aarmy,1,0,1
aarnold,1,0,1
aaron,179,169,348
aaroncartercell,1,0,1
aaroncarterisadouche,2,0,2
aaroncarterisdouche,1,0,1
aaronisadouche,1,0,1
aaronn,1,0,1
aaronnnnn,0,1,1
aaronovitch,0,1,1
aarons,6,6,12
aarooonnnn,0,1,1
aarp,2,1,3
aarr,1,0,1
aarrears,0,1,1
aarrg,1,0,1
aarrggghh,0,1,1
aarrggghhh,1,0,1
aarrggh,2,1,3
aarrgghh,12,4,16
aarrgghhh,2,0,2
aarrgh,6,0,6
aarrghghh,1,0,1
aarrghh,6,0,6
aarrghhh,1,0,1
aarrhhhhh,1,0,1
aarrighh,0,1,1
aarron,0,1,1
aarrr,1,0,1
aarrrg,1,0,1
aarrrgggghhhhh,1,0,1
aarrrggghh,2,0,2
aarrrggghhh,4,0,4
aarrrggghhhh,1,0,1
aarrrgghh,1,0,1
aarrrgghhh,1,0,1
aarrrgghhhh,1,0,1
aarrrgh,6,1,7
aarrrr,1,0,1
aarrrrggghhhhh,1,0,1
aarrrrr,0,1,1
aarrrrrrghhhhhhhhhhh,1,0,1
aarrrrrrrrr,1,0,1
aarshdeep,1,0,1
aartee,0,1,1
aarti,1,0,1
aarton,1,0,1
aaru,0,1,1
aas,1,4,5
aasahan,1,0,1
aasar,2,1,3
aase,0,1,1
aash,0,1,1
aasha,0,1,1
aashabay,1,0,1
aashrit,0,1,1
aasl,0,1,1
aasman,0,1,1
aasshhh,1,0,1
aasu,1,1,2
aat,6,1,7
aata,1,3,4
aatbigg,0,1,1
aate,1,3,4
aatg,1,0,1
aati,1,0,1
aats,0,2,2
aatw,1,0,1
aau,5,1,6
aaugh,1,0,1
aauk,0,1,1
aaunty,1,0,1
aaustralia,0,1,1
aauugghh,1,0,1
aauummmm,0,1,1
aauuuguuuust,1,0,1
aauuummm,0,1,1
aauw,0,1,1
aav,0,1,1
aave,0,1,1
aaw,55,38,93
aawaaz,0,1,1
aawaj,1,0,1
aawake,1,0,1
aaway,0,2,2
aaweeesommeeeee,0,1,1
aawers,0,1,1
aawh,1,2,3
aawhhh,1,0,1
aawn,0,1,1
aaww,32,41,73
aawwee,0,1,1
aawweessoomeee,0,1,1
aawwesomee,0,1,1
aawwh,1,0,1
aawww,17,7,24
aawwww,2,0,2
aawwwww,1,0,1
aawwwwww,1,0,1
aay,4,0,4
aaya,1,4,5
aaye,0,2,2
aayega,0,1,1
aayegi,0,1,1
aayi,1,1,2
aayirunnathre,0,1,1
aayittu,0,1,1
aayla,1,0,1
aayos,1,1,2
aayudham,0,1,1
aayup,0,2,2
aayy,2,1,3
aayyee,1,0,1
aayyy,1,0,1
ab,80,96,176
aba,10,9,19
abaaa,1,0,1
ababa,0,2,2
ababes,0,1,1
ababy,1,0,1
abac,0,1,1
abacaxi,1,0,1
aback,0,3,3
abacus,1,3,4
abad,3,3,6
abadi,1,0,1
abadoned,1,0,1
abagail,1,0,1
abah,1,0,1
abahahha,1,0,1
abahd,1,0,1
abaigail,0,1,1
abailability,1,0,1
abajito,0,1,1
abajo,1,0,1
abakhan,0,2,2
abal,1,2,3
abalone,3,2,5
abamectin,1,0,1
aban,0,1,1
abandan,1,0,1
abanded,2,0,2
abandon,45,15,60
abandonada,1,0,1
abandonado,0,1,1
abandonator,1,0,1
abandond,1,0,1
abandonded,2,0,2
abandone,1,0,1
abandoned,159,41,200
abandonei,1,0,1
abandoners,1,0,1
abandonin,1,0,1
abandoning,22,3,25
abandonment,11,1,12
abandonned,1,0,1
abandons,1,1,2
abang,4,6,10
abangan,0,2,2
abangmu,0,1,1
abangs,0,1,1
abans,0,1,1
abarth,1,1,2
abassador,0,1,1
abasto,0,1,1
abat,1,2,3
abate,0,1,1
abated,1,0,1
abatement,1,0,1
abating,0,1,1
abattender,0,1,1
abaut,0,1,1
abay,0,1,1
abaya,2,0,2
abb,5,3,8
abba,22,33,55
abbal,0,1,1
abbas,0,1,1
abbbbeeeeeeee,1,0,1
abbbeeeee,1,0,1
abbc,0,1,1
abbe,1,0,1
abbeeeeeeey,1,0,1
abbelia,0,1,1
abberly,1,0,1
abbes,0,1,1
abbey,38,44,82
abbeys,0,2,2
abbeywilliams,0,1,1
abbeyyy,0,1,1
abbeyyyy,1,0,1
abbi,5,4,9
abbia,0,1,1
abbie,14,21,35
abbieandbeth,1,0,1
abbieee,0,1,1
abbies,4,4,8
abbigale,3,0,3
abbii,1,0,1
abbiie,1,0,1
abbiieee,1,0,1
abbiieeee,0,1,1
abbis,3,1,4
abbo,0,1,1
abbot,2,3,5
abbott,0,2,2
abbottabad,1,0,1
abbottsfield,2,0,2
abbout,2,0,2
abbq,1,0,1
abbraccio,0,1,1
abbreviate,1,2,3
abbreviated,0,3,3
abbreviation,2,9,11
abbreviations,3,10,13
abbriviation,1,0,1
abbrv,0,1,1
abbs,2,4,6
abbster,0,1,1
abbu,0,1,1
abby,77,98,175
abbye,0,1,1
abbys,1,3,4
abbyspants,1,0,1
abbz,2,0,2
abc,165,134,299
abcc,1,0,1
abcd,1,3,4
abcdani,1,0,1
abcdca,0,1,1
abcdef,1,0,1
abcdefghij,0,1,1
abcdefghijklmnopqrstuvwxy,0,1,1
abcdefghijklmnopqrstuvwxyz,0,1,1
abcdghi,1,0,1
abcess,3,1,4
abcessed,2,0,2
abcfamily,5,3,8
abck,0,2,2
abckatesnow,0,1,1
abcmarc,0,1,1
abcnews,1,0,1
abconcerts,0,1,1
abcs,2,0,2
abcv,1,0,1
abcwhitehousetakeover,0,1,1
abd,15,9,24
abdali,0,1,1
abdc,7,7,14
abdelhalim,0,1,1
abdelkader,0,4,4
abdi,0,1,1
abdicating,0,1,1
abdiel,0,1,1
abdn,1,1,2
abdntweetup,2,2,4
abdo,3,0,3
abdomen,13,1,14
abdomenal,2,0,2
abdomin,1,0,1
abdominal,19,1,20
abdominals,0,1,1
abdu,0,1,1
abduallah,1,0,1
abduckted,1,0,1
abduct,2,1,3
abducted,7,6,13
abduction,0,1,1
abductions,0,1,1
abductor,1,0,1
abdul,4,13,17
abdulkader,1,0,1
abdullah,0,1,1
abduzeedo,0,2,2
abduzzeedo,1,0,1
abdys,1,0,1
abdz,0,1,1
abe,13,15,28
abeaham,0,1,1
abean,1,0,1
abed,2,1,3
abee,2,0,2
abeech,0,1,1
abeeee,0,1,1
abeeeeeeeeeeee,1,0,1
abeer,0,1,1
abeetlek,0,1,1
abeg,1,0,1
abegail,0,1,1
abeille,0,1,1
abel,8,12,20
abeley,4,0,4
abels,0,1,1
abelt,1,0,1
aben,1,0,1
abend,0,4,4
abended,1,0,1
abendmail,0,1,1
abends,1,0,1
abeng,0,1,1
aber,28,22,50
aberach,0,1,1
aberaeron,1,1,2
aberavon,0,1,1
abercrappy,1,0,1
abercrombie,15,12,27
abercrombiemodel,0,1,1
abercrombies,2,1,3
aberdeeeeeeeeen,0,1,1
aberdeen,30,31,61
aberdeenshire,6,6,12
aberdonian,0,2,2
aberdour,1,0,1
aberfeldy,0,2,2
abergele,0,1,1
aberlin,1,0,1
abermarle,0,1,1
abernathy,1,1,2
abersoch,1,0,1
abertay,1,0,1
aberystwyth,2,2,4
abes,2,0,2
abesinthe,1,0,1
abesol,1,0,1
abet,3,0,3
abetter,1,0,1
abetterwv,1,0,1
abey,2,1,3
abf,1,0,1
abfab,1,4,5
abfahrt,0,1,1
abff,0,2,2
abfzszz,0,1,1
abg,5,4,9
abgs,0,1,1
abh,2,0,2
abha,0,1,1
abhalte,0,1,1
abhay,1,0,1
abhi,4,17,21
abhijit,1,0,1
abhilash,0,1,1
abhishek,2,4,6
abhl,0,1,1
abhor,6,1,7
abhorrent,1,1,2
abhors,1,0,1
abhyanga,0,1,1
abi,26,23,49
abia,2,3,5
abibi,1,0,1
abida,1,1,2
abidabs,0,1,1
abide,2,4,6
abiding,3,3,6
abidingness,1,0,1
abie,1,1,2
abiem,1,0,1
abies,0,1,1
abig,0,2,2
abigail,13,9,22
abigaillyy,0,1,1
abigale,3,0,3
abii,0,1,1
abiiisss,1,0,1
abike,0,1,1
abilene,9,6,15
abilites,0,1,1
abilities,17,30,47
ability,139,101,240
abilitys,0,1,1
abillity,2,0,2
abimanyu,1,0,1
abims,1,0,1
abingdon,2,2,4
abington,1,0,1
abinya,1,0,1
abir,2,0,2
abis,36,27,63
abisan,2,0,2
abish,0,1,1
abisha,2,0,2
abismal,2,0,2
abisnya,0,1,1
abiss,1,1,2
abisss,1,0,1
abissss,0,2,2
abisssssss,0,1,1
abisssssssssss,0,1,1
abistreich,1,0,1
abiszszsz,1,0,1
abit,149,127,276
abita,3,3,6
abitare,0,1,1
abitta,0,2,2
abitto,1,0,1
abitur,0,5,5
abiut,1,0,1
abiz,1,0,1
abizzzz,1,0,1
abjad,1,0,1
abjdnkjdsbjsbgjdf,1,0,1
abl,3,3,6
ablae,1,0,1
ablasst,0,1,1
ablation,1,0,1
ablative,0,1,1
ablaut,1,0,1
ablaze,1,2,3
able,3886,1581,5467
ablebodied,1,0,1
ablee,1,0,1
ableg,2,3,5
ablegamers,1,0,1
ableplanet,0,1,1
ables,1,0,1
ableton,12,17,29
ablett,4,2,6
ablility,0,1,1
abll,1,0,1
ablout,1,1,2
ablt,1,0,1
ablum,1,9,10
ablums,0,1,1
ablw,1,0,1
ably,1,0,1
abm,3,3,6
abmb,1,2,3
abmeldebest,1,0,1
abmelden,0,1,1
abn,2,2,4
abnd,0,1,1
abney,0,2,2
abnon,0,1,1
abnormal,16,13,29
abnormalities,1,2,3
abnormality,1,0,1
abnormally,8,4,12
abnormals,0,1,1
abnormaly,0,1,1
abnouxious,1,0,1
abo,4,1,5
aboard,32,63,95
aboared,0,1,1
aboat,1,0,1
abode,6,14,20
abodo,0,1,1
aboe,0,1,1
aboggest,1,0,1
aboit,0,1,1
aboitiz,0,1,1
aboiut,1,1,2
abolish,1,0,1
abolished,1,1,2
abolition,0,1,1
abolute,0,2,2
abolutely,1,0,1
abominable,6,2,8
abominating,1,0,1
abomination,5,5,10
abonati,0,1,1
abondened,1,0,1
abondigas,0,1,1
abondon,0,1,1
abondoned,1,1,2
abondoning,3,0,3
aboo,2,0,2
abooba,1,1,2
aboohoo,4,0,4
abook,1,0,1
abooout,1,0,1
abooouuut,1,0,1
aboot,11,10,21
aboout,3,0,3
aboput,0,1,1
aborad,0,1,1
abord,0,1,1
abored,0,1,1
aboriginal,6,3,9
aboriginals,2,0,2
abort,8,6,14
aborted,11,7,18
abortin,0,1,1
aborting,2,1,3
abortion,42,11,53
abortiondoctorshot,0,1,1
abortionismurder,1,0,1
abortionist,4,0,4
abortionists,2,0,2
abortions,6,2,8
abortiontuesday,0,1,1
aborts,2,0,2
abosloutely,1,0,1
aboslutely,2,4,6
abosolutely,1,0,1
abosultely,1,1,2
abot,10,3,13
abotic,0,1,1
abotu,3,7,10
abou,16,12,28
abought,1,0,1
aboult,0,1,1
aboulutely,0,1,1
abound,4,10,14
abounding,0,1,1
aboundon,1,0,1
abounds,6,5,11
aboup,1,0,1
abour,4,4,8
abouse,1,0,1
abousta,1,0,1
aboustly,1,1,2
about,26165,24320,50485
aboutcha,0,2,2
aboute,1,0,1
aboutexams,0,1,1
abouting,1,1,2
aboutmaths,0,1,1
aboutme,0,1,1
aboutmeet,1,0,1
aboutmy,0,1,1
aboutmyarea,0,1,1
abouts,10,31,41
aboutt,6,10,16
aboutta,1,3,4
aboutthe,0,1,1
abouttohead,0,2,2
abouttt,0,5,5
aboutttt,1,0,1
abouttttto,1,0,1
aboutvetmed,0,2,2
aboutwhat,1,1,2
abouut,0,2,2
abouuut,1,2,3
abouuuut,0,2,2
abouy,1,0,1
abov,1,0,1
above,216,246,462
abowt,1,0,1
aboy,1,0,1
aboyt,1,2,3
abp,1,3,4
abpout,1,0,1
abput,1,0,1
abq,10,7,17
abr,1,2,3
abra,0,1,1
abracadabra,1,0,1
abraco,1,0,1
abracos,0,1,1
abraham,4,22,26
abrahms,0,1,1
abrak,1,0,1
abramo,0,1,1
abrams,12,11,23
abrasion,1,1,2
abrasions,1,0,1
abrasive,0,1,1
abrassive,1,0,1
abrazar,1,0,1
abrazo,4,1,5
abrazos,1,2,3
abre,5,0,5
abreast,0,1,1
abreny,1,0,1
abrera,0,1,1
abreviating,0,1,1
abreviations,1,0,1
abri,0,2,2
abrianna,0,1,1
abridged,1,3,4
abrielle,1,0,1
abrindo,1,0,1
abrir,2,0,2
abro,1,0,1
abroaaaaad,0,1,1
abroad,71,47,118
abroady,0,1,1
abrsm,1,0,1
abrupt,9,3,12
abruptly,9,1,10
abruzzo,3,0,3
abry,1,0,1
abs,97,112,209
absalotly,0,1,1
absaloutley,0,1,1
absaloutly,0,1,1
absalute,1,0,1
absaultly,1,0,1
abscence,2,2,4
abscene,1,0,1
abscess,10,0,10
abscessed,2,0,2
abscond,1,2,3
absebces,0,1,1
absece,0,1,1
absecon,1,0,1
absed,0,1,1
abseil,0,5,5
abseiling,1,2,3
abseloutly,2,2,4
abselutely,0,1,1
abselutly,0,1,1
absen,1,0,1
absence,50,38,88
absences,2,1,3
absense,1,2,3
absent,80,36,116
absentee,2,3,5
absenthere,1,0,1
absentminded,1,0,1
absentmindedly,2,0,2
absents,2,0,2
absess,2,0,2
absholutely,0,1,1
absi,1,0,1
absinth,0,3,3
absinthe,10,16,26
absinthed,1,0,1
absloutely,0,1,1
absloutley,0,1,1
abslute,1,0,1
abslutely,0,2,2
abslutly,1,0,1
absminkey,1,0,1
abso,7,7,14
absofreakinglutely,0,1,1
absofricken,1,0,1
absofuckinglutely,0,1,1
absol,0,1,1
absoliutely,1,0,1
absoloute,3,3,6
absoloutely,0,4,4
absoloutley,2,1,3
absoloutly,5,6,11
absolte,0,1,1
absoluetly,0,1,1
absolulety,1,0,1
absolultetutely,0,1,1
absolultley,0,1,1
absolument,1,0,1
absolut,2,9,11
absoluta,0,1,1
absolute,145,137,282
absoluteeeeeeeeeeeely,0,1,1
absoluteeeeely,0,1,1
absolutellllllly,0,1,1
absolutelly,1,2,3
absolutely,875,1415,2290
absolutelyextraordinaryspectacularlyamazing,0,1,1
absolutelyoverwhelming,1,0,1
absolutelyy,1,1,2
absolutepunk,2,0,2
absolutepunknet,1,0,1
absolutes,1,0,1
absolutetutely,0,1,1
absolutey,1,2,3
absolution,2,1,3
absolutionrising,1,0,1
absolutley,22,24,46
absolutly,45,61,106
absolutry,1,0,1
absoluty,2,1,3
absoluut,0,1,1
absolve,0,1,1
absolved,0,2,2
absolvent,0,3,3
absolventu,0,1,1
absolves,0,2,2
absorb,5,11,16
absorbant,0,1,1
absorbd,1,0,1
absorbed,8,8,16
absorber,1,0,1
absorbers,2,1,3
absorbing,3,9,12
absorbs,0,4,4
absorption,1,1,2
absoubloody,0,1,1
absouletely,0,1,1
absoultely,1,2,3
absoultly,1,0,1
absoulutely,1,2,3
absoulutley,2,2,4
absoutaly,0,1,1
absoute,0,1,1
absoutely,1,2,3
absoutley,1,1,2
absoutly,0,3,3
abst,1,0,1
abstain,2,1,3
abstained,1,1,2
abstaining,1,0,1
abstemious,1,1,2
abster,0,1,1
abstinance,0,1,1
abstinence,2,0,2
abstinent,0,3,3
abstract,9,21,30
abstracta,0,1,1
abstraction,2,2,4
abstractions,1,1,2
abstractly,0,1,1
abstracts,3,1,4
abstrusegoose,0,1,1
absuloutly,0,1,1
absulutely,2,0,2
absulutly,0,1,1
absurd,17,15,32
absurdism,0,1,1
absurdity,2,1,3
absurdly,3,4,7
absurdness,1,0,1
absute,0,1,1
abswer,1,0,1
abswing,0,1,1
absynth,1,2,3
absynthe,1,0,1
abt,511,406,917
abtibiotics,1,0,1
abttery,1,0,1
abu,18,20,38
abuba,2,3,5
abudhabi,1,0,1
abue,1,0,1
abuela,5,3,8
abuelaa,0,1,1
abuelas,1,0,1
abuelita,3,4,7
abuelitas,0,1,1
abuelito,2,0,2
abuelo,3,1,4
abuelos,1,0,1
abueltia,0,1,1
abugabu,0,1,1
abuja,1,1,2
abum,0,1,1
abummer,1,0,1
abunch,2,0,2
abundance,6,28,34
abundant,4,14,18
abundantly,1,3,4
abundatly,0,1,1
aburke,1,0,1
aburri,0,1,1
aburrida,2,0,2
aburrido,3,0,3
aburriendomee,0,1,1
aburrimiento,1,0,1
aburrirmeee,1,0,1
abursdist,0,2,2
abuse,100,57,157
abused,53,9,62
abuser,6,0,6
abusers,1,2,3
abuses,7,0,7
abush,0,1,1
abusiinn,1,0,1
abusin,1,0,1
abusing,27,10,37
abusive,21,11,32
abusor,1,0,1
abusuhin,0,1,1
abut,8,13,21
abuuuuu,1,0,1
abuzz,3,3,6
abv,2,3,5
abw,0,2,2
abwarten,1,0,1
abwering,1,0,1
abwh,0,1,1
abwrackpr,1,0,1
abwt,4,1,5
abx,2,0,2
aby,2,5,7
abyat,0,1,1
abybode,1,0,1
abych,2,1,3
abygirl,0,1,1
abysitters,1,0,1
abysmal,7,2,9
abysmally,2,0,2
abyss,13,10,23
abything,1,0,1
abz,4,1,5
ac,535,183,718
aca,4,6,10
acaa,1,0,1
acaaaaaaaabou,1,0,1
acaaaaaabou,1,0,1
acab,1,0,1
acaba,2,0,2
acaban,1,0,1
acabando,1,1,2
acabar,2,1,3
acabat,0,1,1
acabei,2,4,6
acabo,5,3,8
acaboooooo,0,1,1
acabou,13,1,14
acaccia,0,1,1
acacia,1,4,5
acad,1,6,7
acadamy,1,0,1
acadasuck,1,0,1
acadeaua,0,1,1
academe,1,0,1
academia,5,4,9
academic,33,33,66
academica,1,0,1
academically,2,3,5
academicals,0,1,1
academics,4,3,7
academies,1,0,1
academis,0,1,1
academy,62,95,157
acadia,1,5,6
acadian,1,0,1
acadiana,0,1,1
acadmey,1,1,2
acaffs,1,0,1
acai,5,12,17
acajoom,0,1,1
acam,0,1,1
acamdemy,1,0,1
acamdey,0,1,1
acanthosis,1,0,1
acaoulcoo,1,0,1
acapela,0,1,1
acapella,4,5,9
acappella,2,1,3
acapulco,1,0,1
acara,3,2,5
acaricide,1,0,1
acas,1,1,2
acasa,1,1,2
acationnnnnnnnnnnn,0,1,1
acatully,1,1,2
acaulco,0,1,1
acb,1,0,1
acbf,1,0,1
acbri,1,0,1
acc,52,61,113
acca,1,1,2
accadentally,2,0,2
accalia,0,1,1
accapella,3,0,3
accapt,0,1,1
accc,1,3,4
accccck,2,0,2
acccck,1,0,1
acccckkk,1,0,1
accce,1,0,1
acccent,0,1,1
acccepted,1,0,1
accchhhe,1,0,1
accchooo,1,0,1
acccident,1,0,1
accck,2,0,2
acccooouuustticc,0,1,1
acccording,1,0,1
acccounntttt,0,1,1
acccount,1,2,3
accd,2,0,2
accdent,1,0,1
accdentt,1,0,1
accdg,2,2,4
accdng,0,1,1
accdntly,0,1,1
acce,1,1,2
accecpt,1,0,1
accecpting,1,0,1
accedent,3,0,3
accedentally,1,0,1
accedently,2,0,2
accel,1,0,1
accela,1,0,1
accelarate,1,0,1
accelarates,1,0,1
accelerando,0,1,1
accelerate,2,2,4
accelerated,4,2,6
accelerating,1,0,1
acceleration,0,2,2
accelerator,1,0,1
accelerometer,1,3,4
accellerate,1,0,1
accent,108,235,343
accented,1,1,2
accentless,1,0,1
accents,29,59,88
accentuate,0,1,1
accentuated,0,2,2
accentuates,0,2,2
accentuating,0,1,1
acceoting,0,1,1
accept,253,188,441
acceptable,37,44,81
acceptably,1,0,1
acceptance,19,45,64
acceptances,0,1,1
acceptat,0,1,1
acceptcabadian,1,0,1
accepted,118,173,291
acceptedddddd,0,1,1
accepteren,0,1,1
acceptin,1,0,1
accepting,53,73,126
accepts,18,11,29
acces,7,0,7
accesible,3,0,3
acceso,1,0,1
accesories,2,5,7
accesorios,1,0,1
accesorizing,1,0,1
accesorries,0,1,1
access,678,240,918
accessability,1,0,1
accessable,1,1,2
accessaries,2,0,2
accessed,6,1,7
accesses,1,0,1
accesshollywood,0,2,2
accessibility,8,12,20
accessibilty,2,0,2
accessible,27,17,44
accessibly,0,1,1
accessing,24,3,27
accessoiries,1,0,1
accessorie,1,0,1
accessories,16,42,58
accessorise,1,1,2
accessorised,1,0,1
accessorize,2,3,5
accessorizing,3,0,3
accessory,6,22,28
accessrunner,1,0,1
accf,0,1,1
acch,0,1,1
accha,0,2,2
acchhhhheeee,1,0,1
acchy,1,0,1
accid,1,2,3
acciddent,0,1,1
accidend,0,1,1
accident,750,133,883
accidental,20,21,41
accidentally,378,94,472
accidentaly,10,3,13
accidentat,1,0,1
accidente,1,0,1
accidentely,2,2,4
accidential,1,0,1
accidentilly,2,0,2
accidentily,2,0,2
accidentlay,1,0,1
accidentlly,0,1,1
accidently,130,31,161
accidents,70,21,91
accidentshappen,1,0,1
acciedent,1,0,1
accients,1,0,1
accievement,0,1,1
accifentally,1,0,1
accint,0,1,1
accintently,0,1,1
accio,1,1,2
accirding,0,1,1
accistennt,1,0,1
acck,5,1,6
acclaim,0,3,3
acclimate,0,1,1
acclimated,1,0,1
acclimating,1,1,2
acclimation,0,1,1
accm,0,1,1
accmpany,1,0,1
accnt,1,4,5
accnts,0,2,2
acco,1,1,2
accoding,0,1,1
accoint,1,0,1
accokeek,0,2,2
accolade,0,6,6
accolades,0,2,2
accom,6,2,8
accomadating,0,1,1
accomadations,0,1,1
accommodate,4,5,9
accommodating,3,2,5
accommodation,17,11,28
accommodations,0,2,2
accomodate,1,1,2
accomodating,2,0,2
accomodation,6,4,10
accomodations,2,0,2
accomp,0,1,1
accompained,0,1,1
accompaniast,0,1,1
accompanied,10,16,26
accompaniers,1,0,1
accompanies,0,2,2
accompaniment,1,4,5
accompaning,0,1,1
accompanist,0,1,1
accompany,29,31,60
accompanying,9,15,24
accompished,1,0,1
accompli,1,0,1
accomplice,2,2,4
accomplis,0,1,1
accomplish,34,60,94
accomplished,89,232,321
accomplisheddd,0,1,1
accomplishes,0,1,1
accomplishing,7,16,23
accomplishingggggggg,0,1,1
accomplishment,10,53,63
accomplishments,1,14,15
accont,2,0,2
accoount,0,1,1
accoounts,1,0,1
accoplish,1,1,2
accord,15,14,29
accordance,2,3,5
accordian,0,2,2
accordin,2,1,3
according,264,244,508
accordingly,2,12,14
accordion,5,6,11
accordng,1,0,1
accoriding,0,1,1
accosted,2,1,3
accoun,1,0,1
accounced,1,0,1
accouncers,1,0,1
accoung,1,0,1
account,1494,1371,2865
accounta,1,0,1
accountability,4,8,12
accountable,1,8,9
accountancy,4,5,9
accountant,14,18,32
accountants,5,10,15
accounted,2,8,10
accountin,0,1,1
accounting,126,55,181
accountom,0,1,1
accounts,272,196,468
accounttt,0,1,1
accoustic,3,7,10
accoustics,0,1,1
accout,2,4,6
accouting,3,0,3
accoutn,0,1,1
accoz,1,0,1
accpected,1,0,1
accpet,1,1,2
accpeted,0,1,1
accpeting,0,1,1
accptance,1,0,1
accpunt,0,1,1
accra,1,1,2
accrd,0,1,1
accred,0,3,3
accredchat,0,3,3
accredit,1,0,1
accreditation,3,2,5
accredited,1,0,1
accretes,0,1,1
accretians,0,1,1
accrington,1,2,3
accro,0,2,2
accronyms,1,0,1
accross,5,4,9
accruals,1,0,1
accrued,1,0,1
accruing,1,0,1
accs,0,1,1
accsent,1,0,1
accsents,1,0,1
accsept,1,0,1
accssry,1,0,1
acct,116,68,184
acctg,1,1,2
acctng,1,2,3
acctount,0,1,1
accts,14,7,21
acctually,7,13,20
acctualy,1,1,2
acctuley,1,0,1
accturly,1,0,1
accu,1,0,1
accually,0,1,1
accualy,0,1,1
accumulate,6,3,9
accumulated,6,5,11
accumulates,2,0,2
accumulating,1,3,4
accumulation,3,1,4
accumulator,0,1,1
accuplacer,0,1,1
accupuncture,3,2,5
accura,1,0,1
accuracy,4,2,6
accuradio,0,1,1
accurate,35,63,98
accurately,4,6,10
accure,0,1,1
accuread,2,0,2
accusation,2,2,4
accusations,2,3,5
accuse,3,3,6
accused,32,15,47
accuses,1,2,3
accusing,1,2,3
accusingly,0,1,1
accussed,1,0,1
accustomed,7,5,12
accutane,0,1,1
accutely,1,0,1
accuweather,6,0,6
accy,1,0,1
acd,2,5,7
acda,0,2,2
acdc,6,14,20
acdcs,0,1,1
acdemy,1,0,1
acdnt,0,1,1
acdouche,1,0,1
acds,1,1,2
ace,196,290,486
aceasta,0,1,1
aceburpeeshow,0,1,1
acecnt,0,1,1
aced,7,18,25
acedemic,1,0,1
acedntly,1,0,1
acee,1,4,5
aceee,0,5,5
aceeeeeeee,0,1,1
aceeeeeeeeeeeeeeeeeeeeeeeeeee,0,1,1
aceept,1,0,1
aceess,1,0,1
aceh,0,2,2
aceing,1,0,1
aceisancient,4,0,4
aceito,0,1,1
acekard,2,1,3
acela,1,2,3
acele,0,1,1
aceleasi,1,0,1
acelin,1,0,1
acell,1,0,1
acellerated,1,0,1
acemansworld,0,1,1
acemedy,0,1,1
acen,4,3,7
acending,1,0,1
aceness,1,1,2
acenetc,0,1,1
aceng,0,1,1
acension,0,1,1
acent,1,2,3
acents,0,1,1
aceo,0,2,2
aceos,0,2,2
aceped,0,1,1
aceppt,0,1,1
acept,1,0,1
acepte,1,0,1
aceptted,0,1,1
acer,16,23,39
acerbic,0,1,1
acerca,1,0,1
acers,1,1,2
aces,17,21,38
acess,6,3,9
acessa,1,0,1
acessar,1,0,1
acessem,0,1,1
acessiories,0,1,1
acest,0,1,1
acesta,1,0,1
acet,2,2,4
acetaminophen,0,1,1
acetate,2,0,2
acetona,0,1,1
acetone,4,0,4
acetuna,1,0,1
acetylsalicylic,0,1,1
acevergs,1,0,1
aceves,0,1,1
aceweek,1,0,1
acey,4,5,9
aceybear,1,0,1
acf,0,1,1
acft,2,0,2
acgc,1,0,1
ach,46,23,69
acha,4,5,9
achaaaaa,0,1,1
achados,1,0,1
acham,0,1,1
achan,0,1,1
achando,1,0,1
achanging,0,1,1
achar,3,1,4
acharam,0,1,1
acharts,1,0,1
achava,0,1,1
achaxandra,0,1,1
achcha,0,1,1
achchha,0,1,1
ache,1280,101,1381
achebe,1,0,1
ached,8,2,10
achee,1,2,3
acheee,6,1,7
acheeee,1,0,1
acheeeeeeeeeee,1,0,1
acheeeeeeeeeeeeeeeeeeee,2,0,2
acheeeeeeeeeeeeeeei,0,1,1
achei,7,5,12
acheii,0,1,1
acheing,4,0,4
acheive,1,1,2
acheived,2,1,3
acheivement,1,4,5
acheivements,0,1,1
acheiving,1,0,1
achelllis,1,0,1
achem,0,2,2
achen,1,0,1
acher,0,1,1
acheron,0,1,1
acherz,1,0,1
aches,322,36,358
achess,1,0,1
achessss,1,0,1
achet,1,0,1
achevement,0,1,1
achewood,1,0,1
achey,60,5,65
achgein,1,0,1
achh,0,1,1
achha,1,0,1
achhar,1,0,1
achhhh,0,1,1
achhhhhhhhe,1,0,1
achhi,1,0,1
achhooo,1,0,1
achhoooo,1,0,1
achi,0,2,2
achicken,1,0,1
achid,0,1,1
achie,3,4,7
achievable,0,4,4
achieve,18,66,84
achieved,27,30,57
achievement,35,63,98
achievements,16,23,39
achievemnet,0,1,1
achiever,0,4,4
achievers,0,3,3
achieves,0,3,3
achievin,1,0,1
achieving,6,11,17
achievment,2,8,10
achievments,1,1,2
achill,1,0,1
achille,0,1,1
achilles,20,6,26
achillies,0,1,1
achillis,1,0,1
achim,0,1,1
achin,7,2,9
achiness,1,0,1
aching,320,67,387
achingg,1,0,1
achinggggg,1,0,1
achingly,3,0,3
achive,0,1,1
achivement,0,1,1
achivements,1,1,2
achivment,1,0,1
achja,1,5,6
achmed,2,3,5
acho,25,24,49
achofha,1,0,1
achok,1,0,1
achoo,17,0,17
achooo,2,1,3
achoooo,1,1,2
achoooooooooo,0,1,1
achooooooooooooo,1,0,1
achou,2,2,4
achron,0,1,1
achso,0,4,4
acht,1,2,3
achtung,0,3,3
achu,3,1,4
achully,1,0,1
achurley,1,0,1
achvs,0,1,1
achvts,1,0,1
achy,88,27,115
achyy,1,0,1
aci,1,1,2
acid,81,47,128
acidacidacid,0,1,1
acident,4,0,4
acidentally,2,0,2
acidently,2,0,2
acidic,6,0,6
acidity,3,3,6
acido,0,1,1
acidophilus,0,1,1
acidopholous,1,0,1
acidraindropz,1,0,1
acids,0,2,2
acidwash,1,0,1
acidy,1,0,1
acieha,1,0,1
acient,2,0,2
aciii,1,0,1
acilegnamambo,1,0,1
acill,0,1,1
acim,0,1,1
acing,3,5,8
acion,1,0,1
acir,1,0,1
acit,0,1,1
acj,1,1,2
acjc,1,0,1
ack,193,40,233
acka,0,1,1
ackbar,0,1,1
acke,2,0,2
acked,1,0,1
ackee,1,1,2
ackers,0,1,1
ackin,0,1,1
acking,1,0,1
ackk,2,4,6
ackkk,1,0,1
ackkkk,2,0,2
ackland,0,1,1
ackle,0,1,1
ackles,2,11,13
acknowledge,14,23,37
acknowledged,3,13,16
acknowledgeful,0,1,1
acknowledgement,0,6,6
acknowledgements,0,1,1
acknowledges,1,2,3
acknowledging,2,9,11
acknowledgment,0,2,2
ackroyd,2,0,2
ackward,4,0,4
ackwardddddd,1,0,1
ackwards,0,1,1
acky,1,0,1
acl,17,6,23
acland,0,1,1
acless,1,0,1
aclfest,0,1,1
aclientsplatform,0,1,1
aclip,0,1,1
aclocal,1,0,1
aclohol,1,0,1
acls,2,0,2
aclu,2,2,4
acm,5,3,8
acma,1,1,2
acme,5,5,10
acmi,1,1,2
acmilan,1,0,1
acmoore,1,2,3
acmplshd,1,0,1
acmt,1,0,1
acn,2,1,3
acne,37,6,43
acnefree,0,1,1
acnes,1,0,1
acnfp,1,0,1
acnol,1,0,1
acnt,0,1,1
aco,2,2,4
acocardos,0,1,1
acocunt,3,0,3
acog,0,1,1
acohol,0,1,1
acold,1,0,1
acolo,0,4,4
acolunt,1,0,1
acolyte,0,1,1
acomp,1,0,1
acompanhar,0,1,1
acompany,0,1,1
acompletly,1,0,1
acomplished,1,8,9
acomplishing,1,0,1
acomplishments,1,0,1
aconcagua,0,2,2
acont,0,1,1
acontece,0,1,1
aconteceu,1,0,1
acontecido,1,0,1
acooooooooooooordem,1,0,1
acop,0,1,1
acopp,1,0,1
acorda,0,1,1
acordando,0,1,1
acordar,1,2,3
acorde,1,1,2
acordeeei,0,1,1
acordei,1,3,4
acording,2,4,6
acordng,0,1,1
acoribear,1,0,1
acorn,6,6,12
acorns,2,2,4
acorss,0,1,1
acosta,0,4,4
acosted,0,1,1
acostic,4,0,4
acotao,1,0,1
acount,12,14,26
acounts,1,2,3
acouple,3,0,3
acourse,0,1,1
acoustic,88,202,290
acoustica,0,1,1
acousticc,0,1,1
acousticly,0,1,1
acoustics,1,4,5
acoustiic,0,1,1
acp,5,3,8
acpi,1,1,2
acqc,1,0,1
acquaint,0,2,2
acquaintance,5,17,22
acquaintances,6,2,8
acquainted,7,17,24
acquaintence,0,3,3
acqualta,0,1,1
acquantance,0,1,1
acquia,0,1,1
acquiantance,1,0,1
acquiesce,0,1,1
acquiescin,0,1,1
acquiesing,0,1,1
acquire,9,16,25
acquired,32,29,61
acquiring,8,2,10
acquisition,3,9,12
acquisitions,0,1,1
acquit,0,1,1
acquitance,1,0,1
acquitted,1,1,2
acr,2,0,2
acre,4,6,10
acreage,2,2,4
acredita,0,1,1
acreditando,1,0,1
acreditar,1,0,1
acrediteeeeeem,1,0,1
acredito,2,0,2
acres,9,13,22
acrhuleta,0,1,1
acrimonies,0,1,1
acrimonious,1,1,2
acrisoare,0,1,1
acriss,1,0,1
acro,2,1,3
acrobat,8,2,10
acrobatic,0,2,2
acrobatics,3,2,5
acrobats,0,3,3
acronim,0,1,1
acronis,2,1,3
acronym,7,23,30
acronymattic,0,1,1
acronymise,0,1,1
acronyms,4,10,14
acrooss,0,1,1
acrophobia,0,1,1
acrophobic,0,1,1
acropolis,3,2,5
across,466,531,997
acrossed,1,1,2
acrosss,1,0,1
acrostic,0,1,1
acrostics,0,1,1
acrozz,1,0,1
acruing,0,1,1
acrush,1,0,1
acrylic,18,12,30
acrylicana,0,1,1
acrylick,0,1,1
acrylics,5,5,10
acryllic,1,0,1
acryllics,1,0,1
acs,11,6,17
acsm,0,1,1
acsvxdcbgfn,1,0,1
act,375,421,796
actally,2,2,4
actaually,1,0,1
actaul,0,1,1
actaully,19,12,31
actbas,0,1,1
actd,1,0,1
acte,0,1,1
acted,31,26,57
actg,1,0,1
acti,0,2,2
actially,2,0,2
actic,0,1,1
actig,1,0,1
actiivity,0,1,1
actimel,0,1,1
actiming,0,1,1
actin,49,9,58
acting,551,287,838
actingg,1,1,2
actinggg,0,1,1
actings,1,0,1
actingz,0,1,1
actinic,0,1,1
actinq,1,0,1
actinqq,1,0,1
action,299,467,766
actionables,1,0,1
actionaid,0,3,3
actionaye,0,1,1
actioned,1,0,1
actionfigure,0,1,1
actionpal,0,1,1
actions,46,47,93
actionsampler,1,0,1
actionscript,12,6,18
actionscriptfail,1,0,1
actionscripting,0,1,1
actionscripts,1,0,1
actionwipes,0,1,1
actitud,0,1,1
actitvities,1,0,1
activ,3,2,5
activam,0,2,2
activate,50,12,62
activated,58,24,82
activates,3,0,3
activating,7,4,11
activation,90,6,96
activator,0,1,1
activboards,1,0,1
active,156,201,357
activecollab,0,1,1
activeion,0,1,1
actively,10,13,23
activerain,0,1,1
activerecord,1,0,1
activeresource,0,1,1
activesync,1,0,1
activeworlds,1,0,1
activex,5,1,6
activia,5,3,8
activiate,1,0,1
activiation,1,0,1
activing,0,1,1
activis,0,1,1
activisation,1,0,1
activision,4,3,7
activisions,1,0,1
activisionsucks,0,1,1
activism,3,6,9
activist,6,9,15
activistis,1,0,1
activists,5,4,9
activitat,0,1,1
activited,1,0,1
activites,4,2,6
activities,80,79,159
activitiy,0,1,1
activity,97,109,206
activityparty,0,1,1
activy,0,1,1
actizzard,1,0,1
actluy,1,0,1
actn,0,1,1
actnow,0,1,1
acto,0,1,1
actofgreen,0,1,1
acton,2,0,2
actonel,1,0,1
actor,93,197,290
actored,0,1,1
actorgirl,0,1,1
actorr,0,1,1
actors,54,81,135
actory,0,1,1
actos,1,0,1
actpoint,0,1,1
actra,1,0,1
actraiser,1,0,1
actres,1,1,2
actress,68,154,222
actresse,0,1,1
actresses,5,14,19
acts,84,92,176
actsa,1,0,1
actting,2,0,2
acttorr,1,0,1
actu,0,1,1
actua,1,1,2
actuaaly,0,1,1
actual,330,266,596
actualfax,1,0,1
actuali,2,0,2
actualie,0,1,1
actualising,0,1,1
actuality,2,0,2
actualizanding,0,1,1
actualizando,1,0,1
actuall,3,5,8
actualli,2,0,2
actuallii,2,0,2
actuallity,0,1,1
actuallly,2,8,10
actuallt,0,1,1
actualluy,1,0,1
actually,4507,5490,9997
actuallygoingtobed,0,1,1
actuallyi,1,0,1
actuallykindasortaridiculiously,0,1,1
actuallyliked,1,0,1
actuallyy,3,0,3
actuallyyy,0,2,2
actuallz,1,0,1
actuallzzz,2,0,2
actualmente,0,1,1
actuals,2,1,3
actualy,29,29,58
actualyy,0,1,1
actuaportfolio,1,0,1
actuarial,1,0,1
actuary,0,2,2
actuate,1,1,2
actuatlly,0,1,1
actuator,1,0,1
actuay,0,1,1
actuelly,1,0,1
actulaly,0,1,1
actuley,1,0,1
actuli,1,0,1
actulizar,0,1,1
actully,12,13,25
actuly,1,4,5
actulyl,1,0,1
acturally,0,1,1
acturly,0,1,1
actutally,1,0,1
actutlly,0,1,1
actuually,1,0,1
actv,0,1,1
actvities,1,0,1
actwepted,0,1,1
acu,2,8,10
acually,11,6,17
acuallyy,0,1,1
acuatico,1,0,1
acuerdo,1,0,1
acuestate,0,1,1
acuesto,1,0,1
acuity,0,1,1
acula,0,1,1
aculo,0,1,1
acum,5,8,13
acuma,1,0,1
acumalative,0,1,1
acumen,1,0,1
acuna,1,0,1
acunetix,0,1,1
acunez,0,1,1
acup,0,1,1
acupressure,1,2,3
acupunc,0,1,1
acupuncture,13,10,23
acupuncturist,1,3,4
acupunture,1,0,1
acura,6,2,8
acurate,1,0,1
acustic,0,2,2
acutal,1,0,1
acutally,8,10,18
acute,14,4,18
acutely,0,1,1
acution,1,0,1
acutually,2,0,2
acuurate,1,0,1
acuvibe,1,0,1
acuvue,0,1,1
acw,1,0,1
acward,1,0,1
acy,1,0,1
acylic,1,0,1
acyually,1,1,2
aczeniu,0,1,1
ad,306,498,804
ada,87,90,177
adaa,0,1,1
adaaa,1,0,1
adaaaaammmmmm,1,0,1
adaaaam,1,0,1
adaaam,1,0,1
adaada,0,1,1
adaammm,1,0,1
adabella,0,1,1
adabor,0,1,1
adac,1,0,1
adachigahara,0,1,1
adafruit,1,1,2
adage,0,3,3
adagena,0,1,1
adagio,2,5,7
adai,1,0,1
adair,0,1,1
adaira,1,0,1
adairs,0,1,1
adakah,1,2,3
adalah,2,1,3
adalias,0,1,1
adalines,0,1,1
adalyn,1,0,1
adam,621,722,1343
adama,1,1,2
adamaintgetadimefromwant,1,0,1
adamaintgetadimefronwant,1,0,1
adamant,3,4,7
adamantium,2,2,4
adamazing,1,0,1
adamcheeeserosie,0,1,1
adameme,1,0,1
adamgasm,0,1,1
adamgazing,1,0,1
adamgazm,0,1,1
adamisarockstar,5,0,5
adamlambert,2,1,3
adamlambertnews,0,2,2
adamlar,0,1,1
adamliveson,0,1,1
adamm,0,2,2
adammm,2,1,3
adammmmmm,1,0,1
adammmmmmm,1,0,1
adammo,0,1,1
adamn,1,0,1
adamo,0,3,3
adamofficial,1,0,1
adamptor,1,0,1
adams,57,78,135
adamson,0,1,1
adamstown,0,1,1
adamzz,0,1,1
adan,2,1,3
adana,0,2,2
adani,0,1,1
adanto,1,0,1
adanya,0,1,1
adaorable,0,1,1
adap,1,1,2
adapated,1,0,1
adapt,12,9,21
adaptability,0,1,1
adaptable,0,2,2
adaptation,7,13,20
adaptations,2,0,2
adaptec,2,0,2
adapted,3,6,9
adapter,78,20,98
adapters,3,2,5
adapterspliter,1,0,1
adapther,0,1,1
adapting,3,10,13
adaption,1,3,4
adaptions,0,1,1
adaptive,1,3,4
adaptiveblue,0,1,1
adaptor,18,4,22
adaptors,0,3,3
adapts,1,1,2
adara,1,0,1
adaraaa,1,0,1
adarsh,1,0,1
adarshs,0,1,1
adaugat,1,0,1
adaware,1,0,1
adawiyah,1,0,1
aday,1,2,3
adays,2,0,2
adaytoremember,1,0,1
adb,1,0,1
adbelkjghf,1,0,1
adblock,2,7,9
adbobe,1,0,1
adbos,1,0,1
adbrite,0,1,1
adbroad,0,1,1
adc,2,2,4
adcenter,1,0,1
adcoadc,0,2,2
adcopy,0,1,1
adcore,0,1,1
adcraft,1,0,1
add,1014,3575,4589
adda,1,1,2
addage,0,3,3
addai,1,0,1
addams,0,3,3
addasteezy,0,1,1
addd,2,2,4
adddd,0,2,2
addddd,1,1,2
adddddded,0,1,1
addddicting,1,0,1
addded,0,1,1
adddicted,0,1,1
adddicting,0,1,1
adddy,1,0,1
added,293,926,1219
addee,0,1,1
addek,0,1,1
addekk,1,0,1
addenbrookes,1,0,1
addendum,2,0,2
adder,1,2,3
adderal,0,1,1
adderall,3,9,12
adderrall,1,0,1
adders,2,0,2
addertisement,0,1,1
addeth,0,1,1
addey,1,0,1
addi,4,2,6
addicated,1,2,3
addicintg,1,0,1
addicited,0,1,1
addicitive,1,1,2
addiciton,0,1,1
addics,0,1,1
addict,83,133,216
addictd,2,0,2
addicted,350,659,1009
addictedd,0,1,1
addictedddd,0,1,1
addictedto,6,0,6
addicter,0,1,1
addictied,1,0,1
addicting,57,165,222
addictinggames,0,2,2
addiction,145,255,400
addictionland,0,1,1
addictions,3,13,16
addictive,96,232,328
addictivetvshows,0,1,1
addicts,11,29,40
addictted,1,0,1
addicttedd,0,1,1
addidas,2,3,5
addidos,1,0,1
addie,3,13,16
addieeee,0,1,1
addies,0,2,2
addin,7,7,14
adding,185,377,562
addins,1,0,1
addional,2,0,2
addis,1,1,2
addison,12,12,24
addisons,1,0,1
addit,1,2,3
additcted,0,1,1
additicted,0,1,1
additing,0,1,1
addition,40,111,151
additional,43,38,81
additionally,5,2,7
additionits,1,0,1
additions,9,18,27
additive,1,2,3
additives,1,2,3
additn,0,1,1
additonal,1,0,1
additons,2,0,2
addl,2,0,2
addled,0,4,4
addlery,1,0,1
addmath,1,0,1
addmaths,1,0,1
addmeonmyspace,0,1,1
addmissions,1,0,1
addmitt,0,1,1
addmitted,1,0,1
addn,0,1,1
addo,0,1,1
addon,12,15,27
addons,8,10,18
addorable,2,2,4
addord,1,0,1
addormentato,1,0,1
addr,3,2,5
addrenaline,0,1,1
addres,2,0,2
address,264,338,602
addressbook,0,1,1
addressed,19,16,35
addresses,31,32,63
addressing,6,6,12
addressis,0,1,1
addressless,1,0,1
addresss,0,1,1
adds,46,73,119
addsor,0,1,1
addtwist,0,1,1
addtype,1,0,1
addu,0,3,3
adducte,0,1,1
adductor,1,0,1
adductors,1,0,1
addx,1,0,1
addy,27,67,94
addys,0,2,2
ade,12,14,26
adea,1,0,1
adeaters,0,1,1
adebate,0,1,1
adebayor,3,0,3
adebisi,1,1,2
adebola,0,1,1
adecco,1,0,1
adech,0,1,1
aded,0,1,1
adeed,1,0,1
adegan,1,0,1
adehhh,1,0,1
adek,3,4,7
adekkuw,1,0,1
adeknya,0,1,1
adel,3,3,6
adela,0,1,1
adelaide,68,61,129
adelaideeeee,0,1,1
adelaides,0,1,1
adelboden,0,1,1
adelcomp,1,0,1
adele,19,32,51
adeles,1,0,1
adelgid,1,0,1
adeliade,1,0,1
adeline,4,2,6
adelitas,0,1,1
adella,1,0,1
adelle,0,2,2
adelphatraz,0,1,1
adelphi,1,1,2
adelphia,0,4,4
adelsha,0,1,1
adeltap,0,1,1
adelyn,1,0,1
adem,1,4,5
adema,0,1,1
aden,4,4,8
adenike,1,0,1
adent,1,0,1
adept,0,3,3
adequate,11,9,20
adequately,5,1,6
aderah,1,0,1
aderal,1,0,1
aderall,1,0,1
aderrrrlaide,0,1,1
adervtised,1,0,1
aderwyn,1,0,1
adesh,0,1,1
adesso,2,0,2
adeste,1,0,1
adeu,0,1,1
adeuh,1,0,1
adeui,0,1,1
adeus,2,3,5
adeventure,0,1,1
adeventurous,1,0,1
adeyh,0,2,2
adf,1,2,3
adface,0,1,1
adfail,0,1,1
adfix,0,1,1
adflkadsj,1,0,1
adg,0,1,1
adgator,1,0,1
adge,3,2,5
adgenda,1,0,1
adges,1,0,1
adgi,0,4,4
adgitize,0,1,1
adha,0,1,1
adhan,0,1,1
adhari,0,1,1
adhd,11,14,25
adhe,0,1,1
adhere,2,1,3
adhered,1,1,2
adherence,2,0,2
adherents,1,0,1
adhesion,1,0,1
adhesive,3,3,6
adhi,0,1,1
adhit,1,0,1
adi,9,12,21
adia,2,0,2
adiabatman,0,1,1
adian,1,3,4
adica,0,2,2
adiccted,2,0,2
adichathu,0,1,1
adicous,0,1,1
adict,1,2,3
adicta,1,0,1
adictaa,0,1,1
adictaaaa,0,1,1
adicted,1,9,10
adicting,1,0,1
adiction,3,0,3
adictiva,0,1,1
adictive,3,1,4
adictivo,0,1,1
adida,0,1,1
adidas,17,23,40
adidasuk,1,0,1
adided,0,1,1
adie,1,6,7
adiel,1,0,1
adien,1,0,1
adiendo,0,1,1
adieu,7,7,14
adii,0,1,1
adiict,0,2,2
adiicting,0,1,1
adiiiik,1,0,1
adiik,0,1,1
adijacobs,1,0,1
adik,4,10,14
adikkkc,0,1,1
adiks,1,0,1
adil,1,3,4
adiml,2,3,5
adina,1,4,5
adinaaa,0,1,1
adinarayanap,0,1,1
adinda,0,2,2
ading,2,2,4
adings,0,1,1
adioooos,0,1,1
adioos,1,0,1
adios,30,33,63
adioso,1,0,1
adiosss,1,0,1
adiossss,0,1,1
adip,0,1,1
adipavi,0,1,1
adipose,0,2,2
adirondack,0,3,3
adirondacks,2,1,3
adis,0,1,1
adison,0,1,1
adisson,3,5,8
adissonapparel,0,1,1
adisss,0,1,1
adisssss,0,1,1
adit,2,1,3
adita,0,1,1
aditi,1,2,3
aditiyogacentre,0,1,1
aditorium,0,1,1
adittude,1,0,1
aditya,0,4,4
adium,42,27,69
adiumx,1,1,2
adivassi,0,1,1
adivce,1,2,3
adive,0,1,1
adivino,1,0,1
adivsory,0,1,1
adj,1,4,5
adjacent,4,4,8
adjack,0,1,1
adjasjdgashjgd,1,0,1
adjective,1,7,8
adjectives,3,4,7
adjoining,1,0,1
adjourn,0,1,1
adjourned,1,0,1
adjsglkjadslgdk,0,1,1
adjudicating,1,0,1
adjunct,2,1,3
adjust,47,52,99
adjustable,1,1,2
adjusted,14,20,34
adjuster,2,1,3
adjusters,1,0,1
adjustg,1,0,1
adjusting,21,18,39
adjustmants,0,1,1
adjustment,15,14,29
adjustments,3,7,10
adjusts,2,2,4
adk,1,1,2
adkin,0,1,1
adkins,3,1,4
adklfjas,0,1,1
adks,0,1,1
adl,3,2,5
adlabs,1,1,2
adlan,1,0,1
adland,2,1,3
adleast,0,2,2
adler,3,1,4
adlers,1,0,1
adless,1,0,1
adlfsdlghfg,0,1,1
adli,0,1,1
adlibris,1,0,1
adlibs,1,0,1
adlina,1,0,1
adlon,0,2,2
adlounge,1,0,1
adlsjf,1,0,1
adm,4,5,9
adma,0,1,1
adman,0,1,1
admanager,1,0,1
admans,1,0,1
admazing,0,1,1
admazinq,0,1,1
admeeet,0,1,1
admeten,0,1,1
admin,123,89,212
adminaddict,1,0,1
adminastrator,0,1,1
administation,0,1,1
administer,4,0,4
administered,1,0,1
administering,2,1,3
administrate,0,1,1
administrating,0,1,1
administration,24,18,42
administrative,5,7,12
administrator,6,6,12
administrators,2,2,4
administrivia,1,0,1
adminpraise,0,1,1
admins,6,4,10
admir,0,1,1
admirable,3,9,12
admirably,0,2,2
admiral,3,3,6
admiralty,0,2,2
admiration,3,14,17
admire,30,123,153
admired,6,16,22
admirer,3,6,9
admirerers,0,1,1
admirers,1,3,4
admires,0,2,2
admirin,0,1,1
admiring,12,27,39
admiringly,1,0,1
admisnistrating,1,0,1
admissibility,1,0,1
admission,19,21,40
admissions,5,5,10
admisssion,1,0,1
admist,0,1,1
admit,233,422,655
admited,3,1,4
admitedly,0,2,2
admiting,2,0,2
admition,0,1,1
admits,8,5,13
admitt,1,0,1
admittance,0,1,1
admitted,70,20,90
admittedly,9,9,18
admittidly,0,1,1
admitting,22,18,40
admk,0,1,1
admlre,0,1,1
admmit,0,2,2
admob,2,0,2
admonish,1,0,1
adms,0,1,1
admu,2,2,4
adn,22,14,36
adnam,0,1,1
adnams,1,1,2
adnan,1,0,1
adnanbhai,0,1,1
adner,1,1,2
adnet,1,0,1
adnoidectomy,1,0,1
adnoidtonsilectomy,1,0,1
ado,6,6,12
adoarble,0,1,1
adobado,0,1,1
adobe,126,85,211
adobecs,1,0,1
adobemax,2,0,2
adobes,0,1,1
adoble,0,1,1
adobo,9,19,28
adobong,1,0,1
adod,0,1,1
adodb,1,0,1
adoe,1,0,1
adoh,1,0,1
adoi,2,0,2
adoih,1,0,1
adolescence,3,3,6
adolescense,1,0,1
adolescent,5,7,12
adolf,3,4,7
adolfo,0,1,1
adolfos,0,1,1
adolix,0,1,1
adolph,0,1,1
adom,0,1,1
adon,0,1,1
adonde,0,1,1
adondoned,1,0,1
adong,1,0,1
adonis,4,3,7
adoooore,1,1,2
adoooro,0,2,2
adoped,0,1,1
adopet,0,1,1
adopt,81,55,136
adoptable,1,1,2
adoptables,0,2,2
adoptadme,1,0,1
adoptation,1,0,1
adopted,66,60,126
adoptee,1,0,1
adopter,5,8,13
adopters,5,3,8
adoptin,1,0,1
adopting,11,21,32
adoption,35,30,65
adoptions,5,1,6
adoptive,2,2,4
adopts,2,2,4
ador,0,3,3
adorabl,0,1,1
adorable,233,919,1152
adorablee,0,5,5
adorableee,1,2,3
adorableeee,0,3,3
adorableeeee,0,1,1
adorableist,1,0,1
adorableness,0,2,2
adorablest,0,1,1
adorabley,0,1,1
adorablez,0,1,1
adorably,3,7,10
adorama,0,5,5
adoration,1,7,8
adorbale,0,1,1
adorble,1,0,1
adorbs,1,1,2
adordained,0,1,1
adorded,0,1,1
adore,77,262,339
adoreable,0,4,4
adored,11,17,28
adoreeeee,1,0,1
adorei,0,4,4
adoreiii,0,2,2
adores,5,22,27
adoresss,0,1,1
adorian,1,0,1
adorible,1,0,1
adorin,1,0,1
adoring,4,12,16
adorkable,0,8,8
adorned,1,1,2
adorning,1,0,1
adorno,1,0,1
adoro,0,7,7
adoroable,0,1,1
adoroo,0,1,1
adoroooo,0,1,1
adowable,0,1,1
adowably,0,1,1
adowyble,1,0,1
adox,0,1,1
adp,1,3,4
adpaid,1,3,4
adpapers,1,0,1
adpcm,1,0,1
adpi,0,1,1
adpot,0,1,1
adpotions,0,1,1
adquisition,1,0,1
adr,3,0,3
adra,0,2,2
adrain,1,2,3
adrak,0,1,1
adreanna,1,0,1
adreannas,0,1,1
adree,1,3,4
adreena,1,1,2
adrees,0,1,1
adrenal,2,0,2
adrenalin,2,11,13
adrenalina,1,3,4
adrenaline,17,37,54
adrenalines,0,1,1
adrenals,1,0,1
adrenalynn,1,0,1
adrence,2,0,2
adreneline,1,0,1
adress,8,11,19
adresse,1,2,3
adresses,2,1,3
adressing,0,1,1
adresss,0,1,1
adrews,1,0,1
adri,7,11,18
adria,1,1,2
adrian,59,54,113
adriana,10,11,21
adriane,1,0,1
adrianna,2,3,5
adriannas,0,1,1
adrianne,3,2,5
adriano,3,3,6
adrians,3,4,7
adriatic,1,0,1
adrie,1,0,1
adriel,1,0,1
adrien,1,2,3
adrienne,5,14,19
adriens,1,0,1
adrift,3,3,6
adriiana,0,1,1
adrink,1,0,1
adrinna,1,0,1
adris,1,0,1
adroitjewelers,0,1,1
adroitness,1,0,1
adroq,1,0,1
adrou,1,0,1
adrp,1,0,1
adrress,0,1,1
adrss,1,0,1
adrusssss,1,0,1
adruzzz,1,0,1
adry,2,1,3
adryan,0,1,1
ads,192,170,362
adsa,1,0,1
adsene,1,0,1
adsense,20,18,38
adsgfxx,0,1,1
adsl,28,16,44
adslam,0,1,1
adslfjkaeoiaadsf,1,0,1
adsocialsync,1,0,1
adsojgdskgj,1,0,1
adsorbing,1,0,1
adt,1,6,7
adtech,1,4,5
adter,1,0,1
adto,0,1,1
adtr,7,10,17
adtu,0,1,1
adtweet,0,1,1
adu,3,1,4
adub,0,2,2
aduce,1,0,1
adufsgfa,1,0,1
aduh,11,6,17
aduhhh,1,1,2
aduhhhh,0,1,1
aduiosurf,0,1,1
adul,0,1,1
adult,178,148,326
adultbaby,1,0,1
adultcon,0,1,1
adulterer,0,1,1
adulterous,1,0,1
adultery,1,2,3
adulthood,6,8,14
adultnapped,0,1,1
adults,56,81,137
adultshop,0,2,2
adultsitting,1,0,1
adultswim,1,3,4
adulty,1,0,1
adunat,0,1,1
adut,0,1,1
aduthu,0,1,1
aduuh,0,1,1
aduuuh,1,0,1
aduuuhhh,1,0,1
aduuuuuh,1,0,1
adv,11,19,30
advacado,1,0,1
advacados,0,1,1
advace,0,1,1
advair,1,0,1
advance,85,213,298
advanced,57,81,138
advancement,3,5,8
advancements,0,1,1
advances,3,8,11
advancing,5,6,11
advangtage,0,1,1
advani,0,2,2
advantage,122,154,276
advantageous,0,1,1
advantages,11,22,33
advantix,1,0,1
advantures,0,1,1
advanved,1,0,1
advaved,1,0,1
advce,0,1,1
advd,0,1,1
advenge,0,1,1
advent,5,9,14
adventerous,1,1,2
adventers,0,1,1
adventist,1,0,1
adventnet,0,1,1
adventourous,1,0,1
adventrous,0,1,1
adventue,0,1,1
adventur,0,1,1
adventurace,1,0,1
adventure,155,337,492
adventuredome,0,2,2
adventuree,1,0,1
adventureee,0,1,1
adventureland,13,18,31
adventurequest,0,2,2
adventurer,1,3,4
adventurers,0,1,1
adventures,82,178,260
adventuresome,0,1,1
adventuress,1,0,1
adventurine,0,1,1
adventuring,1,9,10
adventurist,1,0,1
adventurous,10,23,33
adventurously,0,1,1
adventweets,0,1,1
adverb,0,1,1
adverblog,1,0,1
adverisers,0,1,1
adverising,0,1,1
advernture,0,1,1
advers,2,0,2
adversaries,0,1,1
adverse,5,5,10
adversely,0,1,1
adversity,1,10,11
advert,43,86,129
advertapalooza,0,1,1
adverted,0,1,1
adverticing,1,0,1
advertise,16,48,64
advertised,24,15,39
advertisement,17,50,67
advertisements,10,2,12
advertiser,1,3,4
advertisers,3,5,8
advertises,0,1,1
advertisin,1,0,1
advertising,82,113,195
advertisingfail,1,0,1
advertisment,1,2,3
advertisments,1,0,1
advertized,2,0,2
advertorial,0,1,1
advertorials,1,0,1
adverts,43,29,72
advertsin,1,0,1
advesary,0,1,1
advetise,0,1,1
advetiser,1,0,1
adveture,0,1,1
advice,283,656,939
adviceblog,0,1,1
adviced,1,0,1
advicee,1,0,1
adviceo,0,1,1
advices,5,12,17
advie,0,1,1
advil,92,32,124
advils,2,0,2
advinha,0,1,1
advinter,1,0,1
advirtising,0,1,1
advisable,3,1,4
advise,28,57,85
advised,22,11,33
advisee,0,1,1
advisement,1,0,1
adviser,11,13,24
advisers,0,1,1
advises,2,1,3
advising,8,8,16
advisor,11,12,23
advisories,0,3,3
advisors,3,3,6
advisory,18,12,30
advnce,1,0,1
advntage,1,0,1
advocacy,0,5,5
advocare,0,1,1
advocate,11,18,29
advocated,0,1,1
advocates,3,3,6
advocating,4,5,9
advs,0,1,1
advt,1,2,3
advz,1,0,1
adw,1,0,1
adwancrd,0,1,1
adwards,0,1,1
adware,1,0,1
adweebs,1,0,1
adwenchar,1,0,1
adwhirl,1,0,1
adwin,1,0,1
adwit,1,0,1
adwordgripes,1,0,1
adwords,21,15,36
ady,5,12,17
adya,1,1,2
adyar,1,1,2
adyth,1,0,1
adzan,1,0,1
adze,0,1,1
adzim,0,1,1
ae,39,33,72
aea,8,1,9
aeae,0,2,2
aebleskiver,1,1,2
aebleskivers,1,1,2
aec,0,1,1
aecl,1,0,1
aecovd,0,1,1
aed,2,3,5
aedan,1,0,1
aeden,3,0,3
aedon,0,2,2
aee,0,4,4
aeee,1,7,8
aeeeb,0,1,1
aeeeee,0,1,1
aeeeeeee,0,1,1
aeeeeeeee,0,1,1
aeeeeeeeeee,1,0,1
aeeemmm,1,0,1
aeew,0,1,1
aef,0,1,1
aegean,0,3,3
aegis,2,0,2
aegisub,1,0,1
aeglive,0,1,1
aegon,1,3,4
aeh,0,1,1
aehaeuhaeuheuaheauhea,0,1,1
aehahahahaha,0,1,1
aehauiehaiuhea,1,0,1
aehq,1,0,1
aehuaeh,0,1,1
aein,2,0,2
aejkm,0,1,1
aek,1,0,1
ael,1,1,2
aelim,0,1,1
aem,0,1,1
aen,1,0,1
aeneas,0,1,1
aeneid,3,0,3
aenima,0,1,1
aenough,0,1,1
aeolian,0,1,1
aeon,0,1,1
aeons,0,1,1
aeound,1,1,2
aephi,1,0,1
aepi,0,1,1
aer,4,4,8
aera,0,1,1
aere,1,0,1
aeriagames,0,1,1
aerial,7,11,18
aerials,0,1,1
aerie,2,1,3
aeriel,1,0,1
aerielle,0,1,1
aeris,3,1,4
aerius,1,0,1
aerlingus,2,0,2
aero,12,20,32
aerobars,2,1,3
aerobic,1,4,5
aerobics,23,19,42
aerobie,0,1,1
aerobot,1,0,1
aerocharm,0,1,1
aerodrone,0,1,1
aerodynamic,0,4,4
aerodynamically,0,1,1
aerodynamics,0,3,3
aeroguard,1,0,1
aerohelmet,0,1,1
aerolas,0,1,1
aeromexico,2,0,2
aeron,3,5,8
aeronautic,1,0,1
aeronautical,0,1,1
aeroplan,0,1,1
aeroplane,12,1,13
aeroplanes,1,1,2
aeroport,3,0,3
aeropostale,3,7,10
aeropress,0,1,1
aeropro,0,1,1
aeropuerta,1,0,1
aeropuerto,2,1,3
aeros,0,1,1
aerosmith,17,26,43
aerosol,1,0,1
aerosoles,1,1,2
aerosols,0,2,2
aerospace,2,3,5
aerostich,0,1,1
aerox,0,1,1
aes,2,2,4
aesirs,1,0,1
aesome,1,2,3
aesop,3,4,7
aesopian,1,0,1
aesops,0,1,1
aest,4,0,4
aesthetic,3,11,14
aesthetically,0,3,3
aesthetics,3,1,4
aestheticvalentine,1,0,1
aestrid,0,1,1
aet,0,1,1
aetelade,0,1,1
aeterna,0,1,1
aeth,1,0,1
aetna,0,2,2
aetrex,0,1,1
aetuts,0,1,1
aeu,0,1,1
aeueahuaeheauheauheauea,1,0,1
aew,0,1,1
aewesum,1,0,1
aewsome,2,0,2
aeww,1,0,1
aey,1,1,2
aeyy,0,1,1
af,106,23,129
afa,3,2,5
afaa,1,0,1
afaaaa,1,0,1
afabulous,0,1,1
afacerea,1,0,1
afaict,1,1,2
afaik,14,11,25
afairs,1,0,1
afal,0,1,1
afan,3,1,4
afang,0,2,2
afar,20,16,36
afara,1,1,2
afarid,2,0,2
afasg,0,1,1
afaster,1,0,1
afat,1,0,1
afaternoon,1,0,1
afazenda,0,1,1
afb,6,3,9
afc,0,3,3
afcrash,1,0,1
afcs,0,1,1
afd,0,6,6
afdal,0,1,1
afdol,1,0,1
afds,0,1,1
afe,1,0,1
afeared,2,0,2
afech,0,2,2
afectat,0,1,1
afected,0,1,1
afecto,1,0,1
afee,1,0,1
afeech,0,4,4
afeeling,0,1,1
afefir,1,0,1
afeghanistan,1,0,1
afegir,0,1,1
afense,1,0,1
afer,2,6,8
afernoon,2,0,2
aferwards,1,0,1
afeter,1,0,1
afetr,1,0,1
afew,6,8,14
afewboys,0,1,1
afex,1,0,1
aff,19,14,33
affa,0,1,1
affable,0,1,1
affaie,1,0,1
affair,60,66,126
affairs,26,11,37
affairz,0,1,1
affan,0,4,4
affanfafffanafaffnfnfa,0,1,1
affcon,1,0,1
affct,1,0,1
affdble,1,0,1
affecionados,0,1,1
affecnce,0,1,1
affect,63,41,104
affected,91,19,110
affecting,28,9,37
affection,15,16,31
affectionate,3,8,11
affectionately,0,2,2
affectionato,1,0,1
affections,0,1,1
affective,4,1,5
affects,37,19,56
affenbengel,1,0,1
affence,2,1,3
affended,1,0,1
affetc,0,1,1
afff,1,1,2
affff,1,0,1
afffghsjsjfkks,1,0,1
affiche,0,1,1
afficher,0,1,1
affiches,0,1,1
afficionado,0,1,1
affidavit,0,2,2
affie,1,1,2
affies,0,2,2
affifa,0,1,1
affilate,0,3,3
affilates,2,0,2
affiliate,24,51,75
affiliated,3,10,13
affiliatekonferens,0,1,1
affiliates,2,18,20
affiliation,2,5,7
affiliations,1,0,1
affilico,1,0,1
affilicon,0,5,5
affiliconil,0,2,2
affilliate,0,1,1
affin,1,0,1
affinity,1,3,4
affirm,1,5,6
affirmation,1,12,13
affirmations,0,2,2
affirmative,2,5,7
affirmed,1,1,2
affirming,1,1,2
affirms,0,1,1
affleck,6,2,8
affliated,0,1,1
afflic,1,0,1
afflication,0,1,1
afflicted,3,2,5
affliction,6,8,14
affliliate,1,0,1
affluence,1,0,1
affluent,0,1,1
affogato,0,3,3
afforable,0,1,1
afford,1084,167,1251
affordable,25,38,63
affordably,0,1,1
affordd,1,0,1
afforded,3,1,4
affordey,1,0,1
affording,2,2,4
affords,1,1,2
affored,1,0,1
affraid,11,3,14
affrd,1,0,1
affrer,1,0,1
affric,0,1,1
affrican,0,1,1
affright,0,1,1
affrod,1,0,1
affs,0,2,2
affter,0,1,1
afftonrocker,0,1,1
affyhour,0,1,1
afg,1,2,3
afgahn,1,0,1
afgan,4,1,5
afganistan,4,1,5
afgh,0,1,1
afghan,11,10,21
afghanartistry,0,1,1
afghani,0,2,2
afghanistan,23,10,33
afh,0,1,1
afhv,0,1,1
afi,11,13,24
afia,0,1,1
afiaa,0,1,1
afica,0,1,1
aficionado,0,3,3
aficionados,1,0,1
afieh,1,0,1
afield,0,2,2
afifa,1,0,1
afigirlie,0,1,1
afik,1,0,1
afiliate,0,1,1
afim,1,1,2
afina,1,0,1
afinal,0,1,1
afiq,2,0,2
afiqah,0,3,3
afire,0,1,1
afireinside,0,1,1
afirmin,0,1,1
afistfulofsky,0,1,1
afix,1,0,1
afixed,0,1,1
afiya,0,1,1
afk,14,16,30
afkb,0,1,1
afks,1,0,1
afl,18,15,33
aflac,1,1,2
aflame,0,2,2
aflat,0,1,1
afle,0,1,1
afleck,0,3,3
afleks,0,1,1
afleveringetje,0,1,1
aflfooty,0,1,1
afloat,4,3,7
aflutter,2,2,4
aflying,0,1,1
aflyonthewall,0,1,1
afm,0,2,2
afn,1,1,2
afnic,0,1,1
afo,2,2,4
afonica,0,1,1
afooowl,0,1,1
afoot,4,3,7
aford,6,1,7
afordable,0,1,1
afordble,1,0,1
afore,2,1,3
aforecited,1,0,1
aforementioned,5,10,15
afos,1,0,1
afp,6,8,14
afr,1,0,1
afraaa,0,1,1
afrad,2,0,2
afraid,991,362,1353
afraidiowe,1,0,1
afraidy,0,2,2
afraiiiiiiiiiiiiid,1,0,1
afraind,1,1,2
afram,1,0,1
afrd,1,0,1
afreeing,1,0,1
afreekan,1,0,1
afreenot,0,1,1
afresh,3,2,5
afreshcup,0,1,1
afri,0,1,1
afriad,7,0,7
africa,184,174,358
africaanizing,1,0,1
african,58,74,132
africanbarbie,1,0,1
africanoboi,0,2,2
africans,6,7,13
africians,0,1,1
africon,0,1,1
afridi,6,0,6
afrigadget,0,1,1
afrigator,1,0,1
afrikaah,0,1,1
afrikaans,5,3,8
afrikan,0,1,1
afrin,2,1,3
afrique,1,0,1
afritada,0,1,1
afro,21,19,40
afrodisiac,3,1,4
afrojack,0,1,1
afroman,1,1,2
afronum,0,2,2
afropuff,0,1,1
afropunk,1,0,1
afros,3,0,3
afs,5,3,8
afsc,0,1,1
afsel,1,0,1
afstexas,0,1,1
afstuderen,0,1,1
aft,31,27,58
afta,36,22,58
aftaa,0,1,1
aftanoon,0,3,3
aftar,2,0,2
afte,3,2,5
aftedr,1,0,1
aftee,1,5,6
afteeer,0,2,2
afteer,1,0,1
aften,1,2,3
aftenoon,1,1,2
aftensmad,0,1,1
after,9962,8978,18940
afteral,0,1,1
afterall,54,67,121
afteralll,1,1,2
afterball,2,1,3
afterburn,0,1,1
afterburner,0,1,1
aftercare,1,0,1
afterdark,0,3,3
aftere,0,2,2
aftereffects,2,1,3
afterellen,0,3,3
afterelton,0,2,2
afteren,0,1,1
afterfx,0,1,1
afterglow,0,2,2
afterhis,0,1,1
afterhours,5,5,10
afterimage,0,1,1
afterjavaone,0,1,1
afterjune,1,0,1
afterlife,6,4,10
aftermarket,0,1,1
aftermath,30,13,43
aftermaths,1,0,1
afterme,0,1,1
aftermidnightproject,0,1,1
aftermoon,1,0,1
aftermoving,0,1,1
aftermy,1,0,1
afternn,0,1,1
afternnon,3,1,4
afternnoon,0,2,2
afterno,0,1,1
afternon,2,2,4
afternone,0,1,1
afternoo,2,0,2
afternoom,3,0,3
afternoon,1678,2497,4175
afternooness,1,0,1
afternoonish,0,1,1
afternoonn,1,0,1
afternoonnnnnnn,0,1,1
afternoons,27,36,63
afternoonum,0,1,1
afternooon,4,5,9
afternoooon,2,4,6
afternooooon,1,2,3
afternooooooon,0,1,1
afternun,1,0,1
afteroon,1,1,2
afteroooon,0,1,1
afterpart,0,1,1
afterpartay,1,0,1
afterparties,2,1,3
afterparty,36,31,67
afterpartying,0,1,1
afterprom,2,2,4
afterr,6,6,12
afterrr,0,4,4
afterrrrr,0,1,1
afters,1,9,10
afterschool,3,12,15
afterschools,0,1,1
afterschoolspecial,0,1,1
afterschoool,0,1,1
aftershave,6,2,8
aftershock,4,5,9
aftershocks,12,1,13
aftershot,0,1,1
aftershow,8,4,12
aftershowparty,1,0,1
aftersin,1,0,1
afterskool,1,0,1
aftersschooll,0,1,1
afterssss,1,0,1
aftersun,21,4,25
aftertaste,7,3,10
aftertasteee,1,0,1
afterthat,1,0,1
afterthe,1,0,1
afterthefact,1,0,1
afterthought,4,0,4
aftertomorrow,1,0,1
aftertonight,1,4,5
aftertoon,0,2,2
afterward,25,33,58
afterwards,176,246,422
afterwardsss,1,0,1
afterwardst,0,1,1
afterwhich,0,1,1
afterwords,3,7,10
afterwork,3,4,7
aftet,3,0,3
aftetr,1,0,1
afther,0,1,1
afthernoon,0,2,2
aftie,3,17,20
afto,1,1,2
afton,1,6,7
aftr,32,20,52
aftrall,1,0,1
aftre,1,1,2
aftrenoon,0,1,1
aftrn,1,0,1
aftrnoon,1,3,4
aftrs,0,2,2
aftrsmachinima,0,2,2
aftter,0,1,1
aftternoon,1,2,3
aftwds,1,0,1
aftwerwards,0,1,1
aftwr,0,1,1
afty,2,4,6
afu,2,0,2
afua,0,1,1
aful,1,0,1
afula,1,0,1
afun,1,1,2
afundar,1,0,1
afunny,0,1,1
afv,1,5,6
afw,0,2,2
afwul,1,0,1
afx,0,2,2
afya,1,1,2
afyah,0,1,1
afycso,0,1,1
afye,0,1,1
afyop,0,1,1
ag,28,35,63
aga,6,11,17
agaaaa,1,0,1
agaaaaaaaaaaain,1,0,1
agaaaaaaaaaain,0,1,1
agaaaaaaaain,1,0,1
agaaaaaaain,1,0,1
agaaaaaaiiiin,1,0,1
agaaaaaain,1,0,1
agaaaaaiiin,0,1,1
agaaaaain,1,3,4
agaaaaiin,1,1,2
agaaaain,4,3,7
agaaaiiiin,1,0,1
agaaaiin,1,1,2
agaaain,3,1,4
agaaainnnah,1,0,1
agaaiiin,0,1,1
agaaiiinnn,1,1,2
agaaiin,0,1,1
agaaiinn,1,0,1
agaaiinnnn,1,0,1
agaain,3,4,7
agaainn,1,0,1
agad,5,5,10
agadir,1,1,2
agadore,2,0,2
agae,0,1,1
agaetis,0,1,1
agafareu,0,1,1
agagaga,0,1,1
agagin,0,1,1
agahahahahahain,1,0,1
agahga,0,1,1
agai,2,1,3
agaian,1,1,2
agaiiiiiiin,1,0,1
agaiiiiiin,1,0,1
agaiiiiiinnnnnnnnnnnn,0,1,1
agaiiiiin,1,0,1
agaiiiin,2,1,3
agaiiin,0,1,1
agaiiinnn,0,1,1
agaiin,7,6,13
agaiinn,1,0,1
agaiinnn,0,1,1
agaiinnnn,1,0,1
agaim,1,0,1
agaimst,1,0,1
again,18386,12610,30996
againa,0,1,1
againagain,1,0,1
againg,4,1,5
againi,1,0,1
againim,0,1,1
againist,2,1,3
againkickin,0,1,1
againl,0,1,1
againn,12,23,35
againnn,15,7,22
againnnn,12,5,17
againnnnn,3,5,8
againnnnnn,6,1,7
againnnnnnn,1,0,1
againnnnnnnnnn,1,0,1
againnnnnnnnnnnn,1,0,1
againnnnnnnnnnnnnnn,0,1,1
againnnnnnnnnnnnnnnn,1,0,1
agains,9,2,11
against,772,491,1263
againsts,0,1,1
againstsds,0,1,1
againt,2,1,3
againts,3,1,4
againtst,0,1,1
againx,1,0,1
againz,1,0,1
againzzzz,1,0,1
agais,1,0,1
agaisnt,2,2,4
agaist,1,1,2
agak,4,4,8
agam,1,1,2
agama,1,2,3
agamaa,1,0,1
agan,6,1,7
agancies,1,0,1
agane,1,0,1
agang,0,1,1
agani,0,1,1
aganist,1,0,1
aganya,1,0,1
agao,0,1,1
agape,3,1,4
agapi,1,0,1
agar,0,3,3
agara,1,0,1
agarando,1,0,1
agarkar,1,0,1
agarrar,0,1,1
agas,0,1,1
agassi,1,8,9
agat,1,2,3
agate,1,0,1
agatha,3,5,8
agati,0,1,1
agauin,1,0,1
agaun,0,1,1
agave,1,3,4
agaves,1,0,1
agavi,1,1,2
agaw,1,0,1
agayn,1,0,1
agb,1,0,1
agbara,1,0,1
agchat,1,2,3
agcy,0,1,1
agd,0,1,1
agdar,2,0,2
age,541,591,1132
aged,41,52,93
agedashi,0,1,1
agee,1,2,3
ageeb,0,2,2
ageed,1,0,1
ageeeeeees,1,0,1
ageeeeees,1,0,1
ageeees,3,1,4
ageeeess,1,0,1
ageeeessss,0,1,1
ageees,2,1,3
ageeonfallon,0,1,1
ageess,0,1,1
ageesss,1,2,3
agegrp,1,0,1
agein,0,1,1
ageing,4,6,10
ageism,1,1,2
ageist,0,1,1
agel,1,0,1
ageless,1,3,4
ageliki,0,1,1
agemo,1,0,1
agen,49,40,89
agencie,1,0,1
agencies,17,20,37
agency,60,77,137
agencys,2,0,2
agenda,50,130,180
agendas,3,3,6
agender,0,1,1
agenes,0,1,1
agenices,0,1,1
agenn,3,0,3
agennnn,1,0,1
agent,87,106,193
agentbooth,0,1,1
agente,0,1,1
agentin,1,0,1
agentina,0,1,1
agentkj,0,1,1
agentless,0,1,1
agentmp,0,1,1
agentnoc,0,1,1
agents,32,44,76
agenty,0,1,1
ageplay,1,0,1
ager,0,2,2
agering,0,1,1
agers,0,1,1
agervated,2,0,2
ages,813,557,1370
agess,7,4,11
agesss,11,11,22
agessss,5,6,11
agesssss,2,1,3
agessssss,2,0,2
agesssssss,1,0,1
agews,1,0,1
agez,2,0,2
agezz,1,1,2
agf,2,1,3
agfest,0,1,1
agg,5,1,6
aggain,0,1,1
agganis,0,1,1
agge,2,0,2
aggeeeess,1,0,1
aggees,1,0,1
aggenda,1,0,1
agger,0,1,1
aggervated,2,0,2
agges,2,0,2
aggess,1,0,1
aggg,1,0,1
aggge,0,1,1
aggges,0,1,1
agggg,2,0,2
aggggeeeesssss,1,0,1
agggges,0,1,1
aggggess,2,0,2
aggggg,2,0,2
aggggges,0,1,1
agggggg,1,0,1
aggggggg,1,1,2
aggggggggggges,0,1,1
agggggghhhhhh,0,1,1
agggggh,1,0,1
aggggghhh,1,1,2
aggggghhhhhh,1,0,1
agggggrrrrrrr,1,0,1
aggggh,3,0,3
agggghhhhh,2,0,2
agggghhhhhh,0,3,3
agggghhhhhhhhhhhhhhhhhhhhhhhhhhhhhhhhhhhhhhhhhhh,0,1,1
aggggrr,1,0,1
agggh,7,3,10
aggghh,2,1,3
aggghhh,4,0,4
aggghhhh,5,3,8
aggghhhhhhhhhhhh,1,0,1
aggghhhhhhhhhhhhhh,1,0,1
agggressive,1,0,1
aggh,6,2,8
agghh,3,2,5
agghhh,9,1,10
agghhhh,1,1,2
agghhhhh,2,0,2
agghhhrrrr,1,0,1
aggi,1,0,1
aggie,5,4,9
aggieland,0,2,2
aggies,0,3,3
aggiornare,1,0,1
aggitated,1,1,2
aggitating,0,1,1
aggrandizing,0,1,1
aggravate,1,1,2
aggravated,18,5,23
aggravateedd,1,0,1
aggravates,2,0,2
aggravatin,1,0,1
aggravating,20,1,21
aggravation,3,1,4
aggravator,1,0,1
aggravted,1,0,1
aggree,0,1,1
aggregate,3,1,4
aggregated,0,1,1
aggregator,4,4,8
aggression,2,8,10
aggressions,1,1,2
aggressive,36,30,66
aggressively,4,1,5
aggressor,1,0,1
aggrevated,2,0,2
aggrevating,2,0,2
aggrieved,2,1,3
aggrivated,2,1,3
aggrivating,3,0,3
aggro,5,4,9
aggrolites,0,1,1
aggrovated,1,0,1
aggy,6,2,8
agh,230,51,281
agha,1,1,2
aghast,1,1,2
aghdashloo,1,0,1
aghes,1,0,1
aghfjkhasek,1,0,1
aghghghghg,1,0,1
aghh,42,10,52
aghhh,40,10,50
aghhhh,19,4,23
aghhhhh,10,1,11
aghhhhhh,4,1,5
aghhhhhhagahghahghaghag,1,0,1
aghhhhhhh,2,0,2
aghhhhhhhh,1,0,1
aghhhhhhhhh,0,1,1
aghhhhhhhhhhhh,1,0,1
aghhhhhhhhhhhhhhhhhhhhhhhhhhhhhhhhhhhhhhhhhhhhhhhhhhhhhhhhhhhhhhhhhhhhhhhhhhhhhhhhhhhhh,1,0,1
aghkslgtadhsgnhasgt,1,0,1
aghrrr,1,0,1
agi,1,1,2
agia,0,1,1
agiain,1,0,1
agian,33,29,62
agiannn,1,0,1
agianst,1,0,1
agicola,1,0,1
agiht,1,0,1
agila,1,1,2
agile,11,16,27
agiledevcert,0,1,1
agileroots,1,0,1
agilerx,1,0,1
agilewiki,0,1,1
agility,7,9,16
agillity,0,1,1
agilo,0,1,1
agin,16,9,25
agine,1,0,1
aging,23,29,52
agingforwards,1,0,1
agints,1,0,1
agio,1,0,1
agirl,1,0,1
agis,2,0,2
agitate,1,3,4
agitated,10,1,11
agitation,0,1,1
agitator,0,1,1
agito,1,1,2
agk,2,0,2
aglaia,0,2,2
aglets,0,1,1
aglkjwoigmdlkgmalkgalkgmaklfvkamfvlkamfdblkafm,1,0,1
aglow,0,1,1
agm,4,1,5
agn,11,7,18
agne,1,1,2
agneepath,0,1,1
agnes,9,25,34
agness,0,2,2
agnete,0,1,1
agniceee,1,0,1
agniology,0,1,1
agnolotti,1,0,1
agnostic,2,7,9
agnosticism,0,1,1
agnostics,0,1,1
agnsklfasdsa,1,0,1
agnst,1,0,1
agnusbetner,0,1,1
ago,3234,2190,5424
agogiek,1,0,1
agogo,1,1,2
agon,2,0,2
agoney,1,0,1
agong,2,0,2
agonies,1,0,1
agonising,3,2,5
agonisingly,1,0,1
agonist,0,2,2
agonistis,0,1,1
agonizando,1,0,1
agonize,2,0,2
agonizing,12,2,14
agony,106,16,122
agonysarrow,0,1,1
agonyyyy,1,0,1
agonyyyyy,1,0,1
agonyyyyyyyy,1,0,1
agoo,3,5,8
agood,4,4,8
agool,3,0,3
agooo,1,0,1
agooooo,1,0,1
agoooooooooooooo,1,0,1
agor,1,0,1
agora,5,23,28
agoraphobia,3,1,4
agoraphobic,2,0,2
agoraphobics,1,0,1
agostini,1,1,2
agostino,1,1,2
agosto,2,2,4
agot,0,1,1
agoura,1,0,1
agouti,0,1,1
agp,3,0,3
agpl,1,0,1
agr,2,3,5
agra,0,1,1
agraceful,0,1,1
agrad,1,0,1
agrada,1,0,1
agrand,0,1,1
agravated,3,0,3
agravted,1,0,1
agre,2,0,2
agreat,0,10,10
agreattime,1,0,1
agree,1130,2123,3253
agreeable,2,7,9
agreed,283,443,726
agreedddd,0,1,1
agreeded,0,3,3
agreee,8,11,19
agreeed,10,5,15
agreeee,2,5,7
agreeeed,5,3,8
agreeeee,3,3,6
agreeeeed,1,1,2
agreeeeee,1,0,1
agreeeeeed,1,0,1
agreeeeeee,0,2,2
agreeeeeeed,0,1,1
agreeeeeeeee,0,1,1
agreeeeeeeeed,0,1,1
agreeeeeeeeeed,0,1,1
agreeeeeeeeeeee,0,1,1
agreegree,1,0,1
agreein,1,0,1
agreeing,37,33,70
agreement,26,35,61
agreements,4,2,6
agreene,0,1,1
agreenteen,0,2,2
agrees,36,72,108
agreess,1,1,2
agregado,1,1,2
agregame,1,2,3
agregamee,0,1,1
agregando,0,2,2
agregar,1,1,2
agregaste,0,1,1
agrege,0,1,1
agregueme,1,0,1
agreguenme,0,1,1
agress,1,2,3
agression,2,1,3
agressive,13,3,16
agrevating,1,0,1
agrew,0,1,1
agrh,3,0,3
agrhhhh,1,0,1
agri,2,0,2
agricola,0,1,1
agricultural,0,5,5
agriculture,7,3,10
agrivation,1,0,1
agro,2,1,3
agrojet,0,1,1
agrooo,1,0,1
aground,1,0,1
agroventures,0,1,1
agrr,1,1,2
agrreeeddddd,0,1,1
agrreeeeed,0,1,1
agrres,0,1,1
agrrr,2,1,3
agrrrh,1,0,1
agrrrr,1,0,1
agrue,0,1,1
agruing,0,1,1
agruments,1,0,1
agrvated,1,0,1
agrybitch,1,0,1
ags,3,2,5
agsds,1,0,1
agsin,1,0,1
agsinst,0,1,1
agst,1,0,1
agt,4,2,6
agter,1,0,1
agthilla,1,1,2
agtpjhxptpdghahaha,0,1,1
agts,0,1,1
agtweet,0,1,1
agu,1,0,1
agua,4,6,10
aguaaaaaaaa,1,0,1
aguadilla,1,0,1
aguanto,1,0,1
aguas,1,1,2
aguast,1,0,1
ague,1,0,1
aguento,1,0,1
aguero,0,1,1
aguilar,1,2,3
aguilara,0,1,1
aguilera,8,15,23
aguilos,1,0,1
aguire,0,1,1
aguirre,0,2,2
aguirreeee,1,0,1
aguleria,1,0,1
aguliera,0,1,1
agumbe,1,0,1
agung,1,0,1
aguring,0,2,2
agus,2,4,6
agust,0,1,1
agustin,0,3,3
agustina,0,1,1
agustus,1,0,1
aguywhoknowsaguy,0,1,1
agy,0,1,1
agya,0,1,1
agyn,0,1,1
agyness,2,0,2
agz,0,1,1
ah,2316,2966,5282
aha,270,630,900
ahaa,19,35,54
ahaaa,6,12,18
ahaaaa,0,3,3
ahaaaaa,2,0,2
ahaaaahaaaahaaa,1,0,1
ahaaahh,0,1,1
ahaaam,1,0,1
ahaah,3,5,8
ahaaha,2,6,8
ahaahaaha,0,1,1
ahaahah,0,1,1
ahaahahah,0,1,1
ahaahahaha,1,0,1
ahaahh,1,1,2
ahaahhhahha,0,1,1
ahab,1,0,1
ahad,1,4,5
ahag,1,0,1
ahagahags,0,1,1
ahah,134,247,381
ahaha,230,542,772
ahahaa,11,18,29
ahahaaa,0,5,5
ahahaaaaa,0,1,1
ahahaah,0,1,1
ahahaaha,0,1,1
ahahaahaha,0,1,1
ahahaahh,0,1,1
ahahaay,1,1,2
ahahah,55,116,171
ahahaha,69,171,240
ahahahaa,1,2,3
ahahahaaa,0,1,1
ahahahaaaa,0,3,3
ahahahaaaaa,1,0,1
ahahahaah,0,1,1
ahahahaahahah,1,0,1
ahahahaahhaah,1,0,1
ahahahaakk,0,1,1
ahahahah,11,26,37
ahahahaha,15,55,70
ahahahahaa,1,1,2
ahahahahaahah,1,0,1
ahahahahah,6,10,16
ahahahahaha,6,15,21
ahahahahahaa,0,2,2
ahahahahahah,0,5,5
ahahahahahaha,0,11,11
ahahahahahahah,0,1,1
ahahahahahahaha,0,4,4
ahahahahahahahah,0,1,1
ahahahahahahahaha,0,4,4
ahahahahahahahahah,0,1,1
ahahahahahahahahaha,0,2,2
ahahahahahahahahahaha,1,0,1
ahahahahahahahahahahaha,0,1,1
ahahahahahahha,0,1,1
ahahahahahh,0,1,1
ahahahahahhahaha,0,2,2
ahahahahahhahahahaa,1,0,1
ahahahahahhahhahaha,0,1,1
ahahahahh,0,1,1
ahahahahha,3,4,7
ahahahahhaa,0,2,2
ahahahahhaah,0,1,1
ahahahahhaha,1,0,1
ahahahahhahahaa,1,0,1
ahahahahhahahahahahhaa,0,1,1
ahahahahhh,0,1,1
ahahahahs,0,1,1
ahahahe,0,1,1
ahahahha,6,6,12
ahahahhaa,0,2,2
ahahahhaah,1,1,2
ahahahhaaha,0,1,1
ahahahhaha,2,4,6
ahahahhahaahahah,0,1,1
ahahahhahaahhahh,0,1,1
ahahahhahah,0,1,1
ahahahhahaha,0,1,1
ahahahhahahhaha,1,0,1
ahahahhahhahhah,0,1,1
ahahahhahs,0,1,1
ahahahs,0,1,1
ahahahuhsdfiosdnkenvi,1,0,1
ahahaiiii,0,1,1
ahahas,0,2,2
ahahay,1,1,2
ahahh,3,3,6
ahahha,16,26,42
ahahhaa,1,6,7
ahahhaah,0,2,2
ahahhaaha,0,1,1
ahahhaahah,0,1,1
ahahhah,2,2,4
ahahhaha,6,10,16
ahahhahaa,0,1,1
ahahhahah,0,1,1
ahahhahaha,1,0,1
ahahhahahah,1,1,2
ahahhahahahah,0,1,1
ahahhahahahhahahahhahahah,1,0,1
ahahhahahh,0,1,1
ahahhahahhahaahhah,0,1,1
ahahhh,0,1,1
ahahhha,0,1,1
ahahhhahhaha,0,1,1
ahahhhhhh,0,1,1
ahahnah,1,0,1
ahahs,1,0,1
ahai,1,0,1
ahaiem,0,1,1
ahajsafskl,0,1,1
ahajsd,0,1,1
ahalf,1,1,2
aham,0,7,7
ahamaazinng,0,1,1
ahamazee,0,1,1
ahamazing,1,1,2
ahamkaara,1,0,1
ahan,1,1,2
ahar,6,0,6
aharrrrrggghh,1,0,1
ahasta,1,0,1
ahave,1,1,2
ahavia,0,1,1
ahay,1,2,3
ahaza,0,1,1
ahazamos,0,1,1
ahbaant,0,1,1
ahbl,2,2,4
ahbomb,0,1,1
ahce,1,0,1
ahchin,1,0,1
ahchoo,1,0,1
ahd,13,3,16
ahdjukdlkf,0,1,1
ahe,3,3,6
ahead,822,1058,1880
aheadache,1,0,1
aheadddddddddd,0,1,1
ahealthy,0,1,1
ahed,1,1,2
ahedd,1,0,1
aheem,0,1,1
aheh,0,3,3
ahehe,0,1,1
ahehehe,0,2,2
aheim,0,1,1
ahek,0,1,1
ahem,39,122,161
ahemm,0,1,1
ahemmm,0,1,1
ahems,0,1,1
aheoiaeioae,0,1,1
ahermm,1,0,1
ahern,0,6,6
ahet,0,1,1
aheuheue,0,1,1
ahev,2,0,2
ahey,0,1,1
ahfdjkdfa,1,0,1
ahfgrbghjsablhbvfgv,1,0,1
ahg,4,1,5
ahgahaha,1,0,1
ahgg,1,1,2
ahghghhg,1,1,2
ahguess,0,1,1
ahh,1634,1581,3215
ahha,41,71,112
ahhaa,3,5,8
ahhaaaa,0,2,2
ahhaaaahaa,0,1,1
ahhaaahaha,1,0,1
ahhaaahahahahaha,0,1,1
ahhaah,1,2,3
ahhaaha,1,0,1
ahhaahah,0,2,2
ahhaahaha,1,0,1
ahhaahahahha,0,1,1
ahhaahhaha,0,1,1
ahhaahhahahaha,0,1,1
ahhaahx,0,1,1
ahhah,7,7,14
ahhaha,22,38,60
ahhahaa,0,2,2
ahhahaah,0,1,1
ahhahah,3,6,9
ahhahaha,5,6,11
ahhahahaa,0,1,1
ahhahahah,1,0,1
ahhahahaha,1,2,3
ahhahahahah,0,2,2
ahhahahahhahahahaha,0,1,1
ahhahahha,1,0,1
ahhahahhahahha,0,1,1
ahhaham,0,1,1
ahhahha,0,1,1
ahhahhahahahaa,0,1,1
ahhahhh,1,0,1
ahhahhhh,1,0,1
ahhaj,0,1,1
ahharrr,0,1,1
ahhayyy,0,1,1
ahhb,1,0,1
ahhboat,0,1,1
ahhbooo,1,0,1
ahheeem,1,0,1
ahhg,1,0,1
ahhgain,1,0,1
ahhgg,1,0,1
ahhggg,1,0,1
ahhh,1354,1254,2608
ahhha,1,3,4
ahhhaaa,1,1,2
ahhhaaaa,3,0,3
ahhhaaaaa,0,1,1
ahhhaahh,1,0,1
ahhhaha,0,1,1
ahhhamazing,1,0,1
ahhhblessyou,1,0,1
ahhhchoo,1,0,1
ahhhck,1,0,1
ahhheehhaaa,0,1,1
ahhhgghh,1,0,1
ahhhgh,1,0,1
ahhhghgsg,1,0,1
ahhhghhh,1,0,1
ahhhh,583,493,1076
ahhhha,1,1,2
ahhhhaaa,0,2,2
ahhhhaahaha,0,1,1
ahhhhahaha,0,1,1
ahhhhahahahaha,1,0,1
ahhhhashleesimpson,0,1,1
ahhhhchoooo,1,0,1
ahhhhg,1,0,1
ahhhhgggfgfrrrfdhfduy,1,0,1
ahhhhgh,1,0,1
ahhhhh,266,187,453
ahhhhhaaaaaaahhhh,1,0,1
ahhhhhh,126,103,229
ahhhhhhh,67,49,116
ahhhhhhhahahaah,1,0,1
ahhhhhhhh,48,22,70
ahhhhhhhhh,36,25,61
ahhhhhhhhhahahahahah,1,0,1
ahhhhhhhhhh,19,9,28
ahhhhhhhhhhh,22,12,34
ahhhhhhhhhhhh,8,4,12
ahhhhhhhhhhhhh,12,8,20
ahhhhhhhhhhhhhh,9,5,14
ahhhhhhhhhhhhhhh,6,1,7
ahhhhhhhhhhhhhhhh,7,3,10
ahhhhhhhhhhhhhhhhh,2,1,3
ahhhhhhhhhhhhhhhhhh,10,1,11
ahhhhhhhhhhhhhhhhhhh,2,1,3
ahhhhhhhhhhhhhhhhhhhh,3,0,3
ahhhhhhhhhhhhhhhhhhhhh,1,2,3
ahhhhhhhhhhhhhhhhhhhhhh,3,0,3
ahhhhhhhhhhhhhhhhhhhhhhh,2,0,2
ahhhhhhhhhhhhhhhhhhhhhhhh,1,0,1
ahhhhhhhhhhhhhhhhhhhhhhhhh,2,0,2
ahhhhhhhhhhhhhhhhhhhhhhhhhhh,1,0,1
ahhhhhhhhhhhhhhhhhhhhhhhhhhhh,0,1,1
ahhhhhhhhhhhhhhhhhhhhhhhhhhhhhh,1,0,1
ahhhhhhhhhhhhhhhhhhhhhhhhhhhhhhh,1,0,1
ahhhhhhhhhhhhhhhhhhhhhhhhhhhhhhhh,1,0,1
ahhhhhhhhhhhhhhhhhhhhhhhhhhhhhhhhh,1,0,1
ahhhhhhhhhhhhhhhhhhhhhhhhhhhhhhhhhhh,1,0,1
ahhhhhhhhhhhhhhhhhhhhhhhhhhhhhhhhhhhhhhhhhh,1,0,1
ahhhhhhhhhhhhhhhhhhhhhhhhhhhhhhhhhhhhhhhhhhhhhhhhhh,1,1,2
ahhhhhhhhhhhhhhhhhhhhhhhhhhhhhhhhhhhhhhhhhhhhhhhhhhh,1,0,1
ahhhhhhhhhhhhhhhhhhhhhhhhhhhhhhhhhhhhhhhhhhhhhhhhhhhhhhhhhhhhhhhhh,0,1,1
ahhhhhhhhhhhhhhhhhhhhhhhhhhhhhhhhhhhhhhhhhhhhhhhhhhhhhhhhhhhhhhhhhhhhhhhhhhhhhhhhhhhhhhhhhhhhhhhhhhhhhhh,1,0,1
ahhhhhhhhhhhhhhhhhhhhhhhrg,1,0,1
ahhhhhhhhhhhj,1,0,1
ahhhhhhldskfjasldkf,1,0,1
ahhhhhmazing,0,1,1
ahhhhhmazingly,1,0,1
ahhhhmazing,0,3,3
ahhhhp,0,1,1
ahhhhs,1,0,1
ahhhhwell,1,0,1
ahhhk,1,0,1
ahhhmayzin,0,1,1
ahhhmazing,0,3,3
ahhhmazingly,0,1,1
ahhhmy,0,1,1
ahhhnd,2,0,2
ahhhtrage,0,1,1
ahhhwhy,0,1,1
ahhhwww,1,0,1
ahhhz,1,0,1
ahhi,0,1,1
ahhin,1,0,1
ahhing,1,0,1
ahhj,0,1,1
ahhk,1,1,2
ahhkifhh,1,0,1
ahhkk,1,0,1
ahhm,0,1,1
ahhmazing,0,4,4
ahhmissing,1,0,1
ahhmmppp,1,0,1
ahhn,1,0,1
ahhnah,0,1,1
ahhpink,0,1,1
ahhrite,1,0,1
ahhs,0,1,1
ahhtom,0,1,1
ahhw,1,0,1
ahhwell,0,1,1
ahhwoooo,1,0,1
ahhwoowoo,0,1,1
ahhww,1,1,2
ahhwwww,0,1,1
ahhxxx,1,0,1
ahhz,0,1,1
ahi,8,13,21
ahia,1,0,1
ahiawa,1,0,1
ahib,1,0,1
ahie,1,0,1
ahihi,1,6,7
ahihihi,1,1,2
ahihihihi,0,2,2
ahiii,1,0,1
ahila,0,1,1
ahinda,1,0,1
ahini,2,0,2
ahir,2,2,4
ahirr,0,1,1
ahis,0,1,1
ahit,0,1,1
ahiya,1,1,2
ahjar,0,1,1
ahjuma,0,2,2
ahjussi,0,2,2
ahk,1,2,3
ahkhun,2,0,2
ahkkay,0,1,1
ahl,3,4,7
ahlalala,0,1,1
ahlam,0,1,1
ahlan,0,2,2
ahlbergs,1,0,1
ahlea,1,0,1
ahleah,0,1,1
ahlephia,0,1,1
ahli,0,1,1
ahlkjdfhalkjsd,1,0,1
ahllive,1,0,1
ahluwalia,0,1,1
ahly,0,1,1
ahm,5,6,11
ahma,1,0,1
ahmad,8,4,12
ahmadi,3,0,3
ahmadin,1,0,1
ahmadinajad,1,0,1
ahmadinedschad,1,0,1
ahmadinejad,19,9,28
ahmadineshad,1,0,1
ahmadmajed,1,0,1
ahmagah,1,0,1
ahmagawd,0,1,1
ahmahgod,0,1,1
ahmasing,0,1,1
ahmazin,0,3,3
ahmazing,5,8,13
ahmazinggg,0,1,1
ahmed,2,5,7
ahmedabad,3,1,4
ahmedinejad,1,2,3
ahmedinnerjacket,1,0,1
ahmei,0,2,2
ahmerica,0,1,1
ahmets,0,1,1
ahmiel,1,0,1
ahmm,1,4,5
ahmp,1,0,1
ahmunna,0,1,1
ahmyygodd,1,0,1
ahn,4,6,10
ahnd,1,1,2
ahnds,0,1,1
ahnem,1,0,1
ahnh,1,0,1
ahnna,1,0,1
ahnold,2,0,2
ahnothing,1,0,1
aho,0,1,1
ahogy,1,0,1
ahoi,0,1,1
ahoj,1,0,1
ahola,0,1,1
ahold,35,14,49
ahole,3,2,5
aholes,4,1,5
aholic,2,0,2
ahome,0,1,1
ahoo,3,0,3
ahooooo,1,0,1
ahoova,0,2,2
ahopsi,0,1,1
ahora,11,9,20
ahoritaa,0,1,1
ahoskie,1,0,1
ahow,0,1,1
ahoy,12,27,39
ahoys,1,1,2
ahoyy,0,1,1
ahp,0,1,1
ahppened,0,1,1
ahppiest,0,1,1
ahr,1,2,3
ahrd,2,0,2
ahread,1,0,1
ahready,1,0,1
ahreadyy,1,0,1
ahren,0,1,1
ahrggg,0,1,1
ahrgh,1,1,2
ahrghhhh,1,0,1
ahri,1,0,1
ahrightttt,0,1,1
ahrr,1,0,1
ahrrr,2,0,2
ahryt,0,1,1
ahs,4,3,7
ahsanul,0,1,1
ahsanulhaque,0,1,1
ahshaus,0,1,1
ahsifkjgfdiosg,1,0,1
ahss,0,1,1
ahstaboday,1,0,1
ahsuhasuha,0,1,1
ahsunday,0,1,1
aht,3,2,5
ahtai,1,0,1
ahtcc,1,0,1
ahte,3,0,3
ahtgiughsg,1,0,1
ahtletic,0,1,1
ahtspot,1,0,1
ahu,1,0,1
ahuahauh,1,0,1
ahuahuahauhuahuah,0,1,1
ahuakakakakakkkaka,0,1,1
ahugs,1,0,1
ahuh,0,1,1
ahuhu,1,0,1
ahuhuehuaehuae,1,0,1
ahuhuhu,0,1,1
ahuhuhuh,1,0,1
ahuja,2,0,2
ahum,1,1,2
ahune,1,0,1
ahupua,0,1,1
ahvdegfhghdak,1,0,1
ahve,34,21,55
ahven,1,1,2
ahvent,2,0,2
ahving,1,2,3
ahw,11,8,19
ahwaaa,1,0,1
ahwe,1,0,1
ahwell,8,3,11
ahwellnexttime,1,0,1
ahww,6,3,9
ahwwe,1,0,1
ahwww,1,0,1
ahy,1,0,1
ahya,1,0,1
ahyajriah,0,2,2
ahyhoo,0,1,1
ai,149,170,319
aia,1,6,7
aiaahh,1,0,1
aiac,0,1,1
aiai,1,1,2
aiaiai,1,1,2
aiaw,0,1,1
aib,1,1,2
aiba,1,4,5
aibers,1,0,1
aibo,1,0,1
aibohphobia,1,0,1
aibt,3,0,3
aic,2,1,3
aich,0,1,1
aicha,0,1,1
aichan,0,1,1
aici,1,5,6
aick,1,0,1
aicle,0,1,1
aicn,1,0,1
aicr,1,0,1
aict,1,0,1
aicyd,1,0,1
aid,143,127,270
aida,3,3,6
aidan,57,74,131
aidans,1,0,1
aidanss,0,1,1
aidansssssssssss,0,1,1
aiddiction,0,1,1
aide,5,9,14
aidean,0,1,1
aided,0,2,2
aideens,0,1,1
aiden,50,92,142
aidenashblogspot,0,1,1
aidens,0,2,2
aider,1,0,1
aiders,1,0,1
aides,3,0,3
aidil,1,0,1
aiding,3,0,3
aido,0,1,1
aids,67,60,127
aidsdog,1,0,1
aidss,1,0,1
aidvsuvwmbdk,1,0,1
aie,0,2,2
aiea,0,4,4
aiee,1,1,2
aieee,2,0,2
aieeeee,1,0,1
aiek,1,1,2
aiello,0,1,1
aien,2,0,2
aierra,1,0,1
aiesec,2,8,10
aiesecers,0,1,1
aieuaeh,0,1,1
aieuaieuiaeh,0,1,1
aif,1,0,1
aiff,2,1,3
aig,3,4,7
aiga,2,8,10
aigghh,0,1,1
aigh,0,1,1
aight,54,111,165
aights,1,3,4
aightt,1,0,1
aighttt,0,1,1
aightttttt,0,1,1
aightz,0,1,1
aigo,0,1,1
aigonline,1,0,1
aigoo,1,0,1
aigre,0,1,1
aih,4,2,6
aihh,1,0,1
aihhh,1,0,1
aihihi,0,1,1
aii,6,5,11
aiids,1,0,1
aiigght,0,1,1
aiight,10,24,34
aiii,4,1,5
aiiieee,1,0,1
aiiieeeee,1,0,1
aiiight,2,4,6
aiiii,2,0,2
aiiiieee,1,0,1
aiiiigghht,1,0,1
aiiiight,0,2,2
aiiiii,1,0,1
aiiiiiii,1,0,1
aiiiiiiiii,0,1,1
aiiiiiiiiiiiiiiight,0,1,1
aiiiiiiiiiiiiiiiii,0,1,1
aiiiins,1,0,1
aiiite,0,1,1
aiims,1,0,1
aiint,1,0,1
aiish,1,0,1
aiiw,1,0,1
aija,0,1,1
aijah,0,1,1
aik,2,3,5
aika,1,1,2
aikedo,1,0,1
aiken,2,6,8
aikens,1,1,2
aiki,1,2,3
aikido,2,10,12
aikidoist,0,1,1
aiko,3,1,4
aikoihin,0,1,1
aiks,3,1,4
aiky,1,0,1
aila,5,2,7
ailan,1,0,1
aildric,0,1,1
aileen,9,8,17
ailern,0,1,1
ailey,0,2,2
ailin,0,1,1
ailine,1,0,1
ailing,13,3,16
ailish,0,1,1
ailleen,0,2,2
ailleurs,0,1,1
aillie,0,1,1
ailment,4,4,8
ailments,2,4,6
ails,3,4,7
ailsas,1,1,2
ailse,1,0,1
ailseee,0,1,1
ailton,0,1,1
ailyn,1,1,2
aim,408,347,755
aimals,1,0,1
aimbot,0,1,1
aime,8,16,24
aimed,22,19,41
aimee,33,40,73
aimeeeeee,0,1,1
aimeeeeeee,0,1,1
aimeelady,0,1,1
aimees,2,2,4
aimer,1,0,1
aimes,1,0,1
aimho,0,1,1
aimi,0,4,4
aimin,3,2,5
aiming,29,49,78
aimissu,1,0,1
aimless,1,2,3
aimlessley,0,1,1
aimlessly,12,10,22
aimm,2,1,3
aimmail,1,0,1
aimmm,0,2,2
aimmmmmm,1,0,1
aimo,1,0,1
aimon,1,0,1
aims,3,9,12
aimt,1,0,1
aimy,0,1,1
aimz,2,3,5
aimzzzz,0,1,1
ain,748,617,1365
ainah,0,2,2
ainaku,0,2,2
ainars,0,2,2
ainat,1,0,1
ainda,11,11,22
aine,0,1,1
ainful,1,0,1
ainge,1,0,1
ainiiii,1,0,1
aink,0,1,1
ainnn,0,1,1
ainnt,1,0,1
ainoa,0,1,1
ainokea,0,1,1
ains,1,0,1
ainsley,3,3,6
ainslie,0,1,1
ainsworth,0,1,1
aint,1236,599,1835
aintcha,0,1,1
ainthelping,1,0,1
aintitcool,0,1,1
aintt,1,1,2
ainz,1,1,2
aio,1,2,3
aioli,0,3,3
aion,36,20,56
aionbeta,3,2,5
aior,0,1,1
aioseo,0,1,1
aiotko,0,1,1
aip,1,0,1
aipac,0,1,1
aiport,3,6,9
aips,0,1,1
aiptek,0,1,1
aiqht,0,1,1
air,2048,1105,3153
aira,1,1,2
airah,0,1,1
airam,0,2,2
airasia,2,2,4
airbag,2,1,3
airbags,1,1,2
airballs,1,1,2
airbase,0,1,1
airbed,3,1,4
airbender,5,2,7
airberlin,2,0,2
airblade,2,1,3
airborn,0,1,1
airborne,21,15,36
airbourne,3,2,5
airbrush,7,7,14
airbrushed,3,6,9
airbrushing,2,1,3
airbud,0,1,1
airbus,45,6,51
airbusses,1,0,1
aircard,3,0,3
aircast,2,0,2
aircdn,0,1,1
aircel,3,1,4
airchairs,0,1,1
aircheck,0,1,1
airco,2,1,3
aircoaster,1,0,1
aircon,53,16,69
aircond,1,0,1
aircondition,1,3,4
airconditioned,4,4,8
airconditioner,2,0,2
airconditioning,7,4,11
aircons,2,2,4
aircrack,1,0,1
aircraft,32,15,47
aircrash,0,1,1
airdate,1,0,1
airdates,0,1,1
airdrie,2,0,2
airdrop,1,0,1
aire,5,3,8
aired,45,37,82
aireee,0,1,1
airehzoneuh,1,0,1
airene,0,2,2
airers,1,0,1
aires,11,19,30
airevilo,1,1,2
airfail,1,0,1
airfaire,0,1,1
airfare,16,5,21
airfares,3,0,3
airfest,0,1,1
airfiel,1,0,1
airfield,1,1,2
airfields,0,2,2
airfix,1,0,1
airflow,0,1,1
airfoil,0,2,2
airforce,6,3,9
airforcers,1,0,1
airfrace,1,0,1
airframes,1,0,1
airfrance,46,1,47
airfranceflight,1,0,1
airgo,1,0,1
airgun,0,1,1
airhead,5,2,7
airheadds,1,0,1
airhogs,1,0,1
airhorn,1,1,2
airhorns,0,1,1
airhose,1,0,1
airhostess,1,0,1
airhostesses,1,0,1
airiana,1,0,1
airickuhh,0,1,1
airight,1,1,2
airing,56,29,85
airings,1,0,1
airinq,0,1,1
airizona,1,0,1
airlangga,0,1,1
airlie,2,3,5
airlife,1,0,1
airlift,1,0,1
airlifted,4,0,4
airline,61,35,96
airliner,3,0,3
airliners,1,1,2
airlines,59,42,101
airlington,0,1,1
airlplanes,1,0,1
airmail,4,0,4
airman,3,2,5
airmaster,0,1,1
airmat,1,0,1
airmata,2,1,3
airmatras,1,0,1
airmen,0,1,1
airmiles,1,0,1
airmood,0,1,1
airnz,2,0,2
airoplane,1,0,1
airp,2,0,2
airpigz,0,1,1
airplain,1,0,1
airplane,77,48,125
airplaneeee,0,1,1
airplanes,21,23,44
airplay,3,8,11
airplays,0,1,1
airpollution,1,0,1
airporrrrrrt,1,0,1
airport,1618,741,2359
airportblike,1,0,1
airportexpess,1,0,1
airportmania,1,3,4
airports,37,31,68
airportt,1,0,1
airporttt,1,0,1
airporttttt,0,1,1
airpost,2,0,2
airpot,1,0,1
airpro,1,0,1
airprt,1,1,2
airprts,1,0,1
airputih,0,1,1
airr,0,1,1
airra,0,1,1
airrifle,0,1,1
airs,28,27,55
airship,0,3,3
airshiplaserdinoshark,0,1,1
airships,0,1,1
airshow,6,6,12
airsick,1,0,1
airside,2,1,3
airsmithing,0,1,1
airsoft,4,12,16
airsofting,2,0,2
airspeed,1,0,1
airstation,0,1,1
airstream,0,3,3
airstreams,0,1,1
airtel,17,11,28
airtels,1,0,1
airtightness,1,0,1
airtime,7,6,13
airtport,1,0,1
airtrain,2,1,3
airtran,6,5,11
airtricity,0,1,1
airtubes,0,1,1
airtunes,0,2,2
airvd,1,0,1
airwalk,0,3,3
airwaves,8,12,20
airway,2,0,2
airways,16,10,26
airwillson,1,0,1
airwolf,1,1,2
airy,3,4,7
ais,5,11,16
aisa,2,3,5
aischwitz,1,0,1
aisd,1,0,1
aise,5,2,7
aish,10,2,12
aisha,1,7,8
aishah,5,1,6
aishan,0,1,1
aishazam,1,0,1
aishhh,1,0,1
aishhhhhheeeeyyyyy,1,0,1
aishiteru,0,3,3
aishlyn,0,1,1
aishwarya,1,2,3
aisi,0,1,1
aisis,0,1,1
aisites,1,0,1
aisle,29,30,59
aisleofyou,1,0,1
aisles,5,4,9
aisling,3,6,9
aislinn,0,3,3
aislynns,1,0,1
aissah,1,0,1
aiste,0,1,1
aister,0,1,1
aistralian,1,0,1
aiswarya,0,2,2
aisy,0,1,1
aisya,0,1,1
aisyah,2,1,3
aisyeek,1,0,1
ait,0,4,4
aitch,1,1,2
aitchison,1,0,1
aite,6,14,20
aitgsitw,1,0,1
aiticket,0,1,1
aiting,1,0,1
aitken,1,0,1
aitlines,1,0,1
aitn,1,0,1
aitplane,1,0,1
aiu,1,0,1
aiurea,1,0,1
aivan,0,1,1
aivault,0,2,2
aiven,0,1,1
aivi,1,1,2
aivra,1,0,1
aix,4,4,8
aiy,0,2,2
aiya,5,2,7
aiyaa,2,1,3
aiyaaa,2,0,2
aiyaaaa,1,0,1
aiyaaaaaaaaaaaaaaa,1,0,1
aiyaaah,1,0,1
aiyaamekkkkcited,0,1,1
aiyah,3,3,6
aiyaiyah,1,1,2
aiyana,0,1,1
aiyay,1,0,1
aiyaya,0,1,1
aiyayaiyayai,1,0,1
aiyaz,1,0,1
aiye,0,1,1
aiyer,0,1,1
aiyerhhh,1,0,1
aiyo,8,4,12
aiyoh,6,2,8
aiyoo,1,0,1
aiyooo,1,0,1
aiyooooo,2,0,2
aiyoyo,1,0,1
aiyram,2,0,2
aiys,1,0,1
aiysha,0,2,2
aiz,2,0,2
aiza,3,2,5
aizawl,1,0,1
aizel,1,0,1
aizen,1,1,2
aizgriezts,0,1,1
aj,68,151,219
aja,45,82,127
ajaaa,1,0,1
ajaaaa,3,0,3
ajaaaaaa,0,1,1
ajab,0,1,1
ajaedandridge,0,2,2
ajah,1,1,2
ajaib,0,1,1
ajaj,0,1,1
ajaja,3,1,4
ajajaj,1,0,1
ajajajaja,0,1,1
ajajajajajaj,1,1,2
ajak,4,3,7
ajakin,0,1,1
ajam,0,1,1
ajami,1,0,1
ajan,0,1,1
ajanis,1,0,1
ajantha,1,0,1
ajaoj,1,0,1
ajar,1,1,2
ajarin,5,1,6
ajarku,0,1,1
ajas,0,1,1
ajason,0,1,1
ajatt,0,1,1
ajax,26,27,53
ajaxian,0,1,1
ajaxy,2,0,2
ajay,3,2,5
ajaybhatt,0,3,3
ajaypage,0,1,1
ajazz,1,0,1
ajb,1,1,2
ajbsfnasfkjbfalifenlinc,1,0,1
ajc,3,2,5
ajcoley,0,1,1
ajd,2,2,4
ajdhgalkjdfjdahgadsf,1,0,1
ajdlask,0,1,1
ajdsklfdk,1,0,1
aje,0,4,4
ajee,0,1,1
ajeeeeeb,0,1,1
ajeeeeeeeeeb,0,1,1
ajees,0,1,1
ajeesh,1,0,1
ajeitar,0,1,1
ajejeje,0,1,1
ajem,0,1,1
ajeng,1,1,2
ajey,0,1,1
ajflkjaslfjsadlf,1,0,1
ajghshgs,1,0,1
ajh,0,2,2
ajhbvpoipiupvba,1,0,1
ajhgkjehrkjsd,0,1,1
ajhhhhhhgh,1,0,1
aji,1,2,3
ajia,0,1,1
ajib,1,1,2
ajibat,0,1,1
ajisen,0,1,1
ajizzle,0,1,1
ajj,1,2,3
ajja,0,1,1
ajjaja,1,0,1
ajjajaj,0,1,1
ajjajaja,0,1,1
ajjmmm,0,1,1
ajkdhkjashbdfkjhskjafhbaq,1,0,1
ajke,0,1,1
ajksgfdha,1,0,1
ajkshdfmnaerif,1,0,1
ajkshdfuwifhoe,0,1,1
ajksjd,1,0,1
ajn,1,0,1
ajnie,1,0,1
ajo,1,0,1
ajob,0,1,1
ajojao,1,0,1
ajoke,1,0,1
ajot,1,0,1
ajourned,0,1,1
ajr,0,3,3
ajs,1,2,3
ajsfd,0,1,1
ajsjasha,1,0,1
ajsk,1,0,1
ajsslkfjsl,1,0,1
ajsup,0,1,1
ajt,1,0,1
ajuda,1,1,2
ajudar,0,5,5
ajudinha,0,1,1
ajuma,0,2,2
ajung,3,1,4
ajunge,1,2,3
ajuns,1,2,3
ajunul,0,1,1
ajushi,1,0,1
ajustar,1,0,1
ajut,0,1,1
ajuta,1,0,1
ak,56,49,105
aka,256,346,602
akaaaaa,0,1,1
akaask,0,1,1
akademiks,0,1,1
akademy,1,0,1
akadi,0,1,1
akagi,2,0,2
akai,5,2,7
akaish,0,1,1
akak,0,1,1
akaka,1,0,1
akala,1,0,1
akali,0,1,1
akamai,1,0,1
akamkai,1,0,1
akan,2,4,6
akankah,0,1,1
akasa,1,0,1
akash,1,1,2
akasuki,1,0,1
akasya,1,0,1
akatsuki,0,2,2
akaversary,0,1,1
akaye,1,0,1
akazing,0,1,1
akbar,5,3,8
akbars,2,1,3
akc,4,1,5
akcent,0,1,1
akd,0,1,1
ake,6,3,9
akeed,1,2,3
akeeed,0,1,1
akeelah,1,0,1
akeelahz,0,1,1
akeem,1,2,3
akeep,1,0,1
akeh,1,0,1
akeira,1,0,1
akela,0,2,2
akele,1,1,2
akeleez,1,0,1
akeli,0,1,1
akemi,2,2,4
aker,1,1,2
akerlund,1,1,2
akert,0,1,1
akes,4,2,6
akesh,1,0,1
akesson,0,1,1
aketch,1,0,1
akfjsagkjlsd,1,0,1
akfsla,1,0,1
akg,0,1,1
akgb,0,1,1
akh,4,1,5
akhaf,1,0,1
akhaleh,1,0,1
akhe,1,0,1
akhil,2,0,2
akhir,4,4,8
akhirny,0,1,1
akhirnya,1,7,8
akhirnyeee,0,1,1
akhni,3,0,3
akhon,1,0,1
akhrnya,1,0,1
akhtar,0,2,2
akhwats,1,0,1
aki,14,8,22
akibat,2,0,2
akiesha,0,1,1
akihabara,0,2,2
akihiko,1,0,1
akii,0,2,2
akiii,1,0,1
akiin,1,0,1
akiko,1,1,2
akil,0,2,2
akila,1,0,1
akilla,0,1,1
akim,0,1,1
akimbo,1,0,1
akin,9,9,18
aking,3,4,7
akinishi,1,0,1
akins,0,1,1
akio,0,1,1
akira,6,9,15
akirnya,0,1,1
akismet,3,3,6
akissforjersey,0,1,1
akisss,0,1,1
akita,2,1,3
akitas,2,1,3
akitin,0,1,1
akitoka,1,0,1
akiva,1,0,1
akjava,0,1,1
akjdshlak,1,0,1
akjfkfjhsfhjksfhkjfhdsjbksjfh,0,1,1
akjhsakjsdgsakjgha,1,0,1
akk,0,1,1
akka,0,2,2
akkara,2,0,2
akkin,0,1,1
akkk,2,0,2
akkkkk,2,0,2
akko,0,1,1
akkor,0,1,1
akktive,0,1,1
akku,1,0,1
akl,2,4,6
aklaba,1,0,1
aklam,1,0,1
akland,1,0,1
aklil,0,1,1
akljulytweetup,0,2,2
akmal,5,3,8
akmceialkdcmielnaluimjkdjfie,0,1,1
akn,0,1,1
aknow,1,0,1
aknowledge,0,1,1
aknowledged,0,1,1
aknoxville,0,1,1
ako,176,167,343
akojen,0,1,1
akoma,1,0,1
akomi,0,1,1
akomismo,2,1,3
akon,18,43,61
akong,22,13,35
akoo,0,2,2
akoooo,0,1,1
akousei,1,0,1
akovec,0,1,1
akq,1,0,1
akready,1,0,1
akron,5,7,12
akropolis,1,1,2
akroyd,0,3,3
akrv,1,0,1
aks,3,7,10
aksara,1,1,2
aksdjf,0,1,1
aksdlj,0,1,1
aksed,2,0,2
akshav,1,0,1
akshay,0,2,2
akshfhjsa,1,0,1
akshual,1,0,1
akshually,0,1,1
akshully,2,0,2
aksimet,1,0,1
aksjasi,0,1,1
aksjdfl,1,0,1
aksjslka,1,0,1
aksu,1,0,1
aksually,1,0,1
akt,0,2,2
aktar,1,0,1
aktb,1,0,1
aktiin,1,0,1
aktr,0,1,1
aktually,0,1,1
aktuell,0,1,1
aku,119,72,191
akukan,1,0,1
akuma,0,1,1
akurat,0,1,1
akureyri,0,1,1
akus,0,1,1
akuta,1,0,1
akuu,1,1,2
akuuu,0,1,1
akuuuu,2,0,2
akward,17,15,32
akwardly,0,1,1
akwardness,2,2,4
akwardsaucee,0,1,1
akways,0,1,1
akweird,1,0,1
akwtjwkl,0,1,1
akyahar,0,1,1
akyrwthike,1,0,1
akzanna,0,1,1
akzionz,1,0,1
al,327,367,694
ala,25,36,61
alaa,0,2,2
alaaaa,1,0,1
alaaaaa,0,1,1
alaaaanah,0,1,1
alaaaric,0,1,1
alaah,0,2,2
alaarmm,1,0,1
alaat,0,1,1
alabama,66,64,130
alabamasoapmeeting,1,0,1
alabang,10,6,16
alabangers,1,0,1
alabaster,4,1,5
alacant,0,1,1
alack,3,0,3
alaconnect,1,0,1
alacranes,1,0,1
aladdin,11,35,46
aladin,2,3,5
alagetnr,0,1,1
alagiah,0,1,1
alagria,0,1,1
alah,2,2,4
alahai,0,1,1
alai,1,0,1
alaia,0,1,1
alaiiik,0,1,1
alaikum,0,1,1
alaimo,1,0,1
alain,2,2,4
alaina,2,9,11
alainas,2,0,2
alaine,2,1,3
alakazam,0,1,1
alal,0,1,1
alala,0,2,2
alalala,1,0,1
alalalaaa,0,1,1
alalalala,0,1,1
alalay,1,0,1
alalla,1,0,1
alam,15,22,37
alamain,0,1,1
alamak,7,3,10
alamance,0,1,1
alamanda,1,0,1
alamani,0,1,1
alamarcavada,1,0,1
alamat,1,1,2
alamay,1,0,1
alameda,3,6,9
alamia,1,0,1
alamid,0,1,1
alamo,6,7,13
alamode,0,1,1
alamosa,0,1,1
alamy,1,1,2
alan,93,152,245
alana,10,13,23
alanaaaaaaaaa,1,0,1
alanah,1,0,1
alanas,1,1,2
alancarr,1,0,1
alane,1,0,1
alang,1,0,1
alangan,0,1,1
alani,0,1,1
alania,0,1,1
alanine,1,0,1
alanis,3,12,15
alanissarcastic,0,1,1
alaniz,1,0,1
alanmichaelstevens,0,1,1
alanna,1,5,6
alannah,2,4,6
alans,3,0,3
alanshore,0,1,1
alanta,2,0,2
alantas,0,1,1
alantic,3,1,4
alanwilder,0,1,1
alanya,1,2,3
alapag,0,1,1
alar,0,1,1
alara,2,0,2
alarabiya,0,1,1
alarah,0,1,1
alaraph,0,1,1
alaready,0,1,1
alarice,0,1,1
alarm,614,248,862
alarmclock,2,0,2
alarmed,1,8,9
alarmin,1,0,1
alarming,5,3,8
alarmingly,2,2,4
alarmist,1,0,1
alarms,58,14,72
alarn,2,0,2
alarna,0,1,1
alas,523,75,598
alasan,1,0,1
alasdair,0,2,2
alashan,0,2,2
alaska,80,84,164
alaskaair,0,2,2
alaskan,9,11,20
alass,2,0,2
alasse,0,1,1
alassss,1,0,1
alastair,1,2,3
alastiar,0,1,1
alat,1,1,2
alauddin,1,0,1
alavert,1,0,1
alaways,1,0,1
alawt,0,1,1
alaxan,0,1,1
alay,4,3,7
alayellow,0,1,1
alayhi,0,1,1
alayia,1,0,1
alaykum,0,1,1
alayna,1,1,2
alaypayuthe,0,1,1
alays,1,0,1
alazanes,1,0,1
alazboballahz,0,1,1
alb,4,3,7
alba,13,20,33
albaaa,0,1,1
albacore,1,0,1
albam,0,1,1
albameli,0,1,1
alban,1,0,1
albania,4,1,5
albanian,0,1,1
albannach,0,1,1
albans,6,6,12
albany,26,23,49
albarado,0,1,1
albarn,1,0,1
albarns,0,1,1
albastra,1,0,1
albate,1,0,1
albatross,0,1,1
albay,0,2,2
albees,0,1,1
albeit,28,29,57
alben,0,1,1
albenzi,0,1,1
albequerque,0,1,1
alber,0,1,1
albereto,0,1,1
alberni,1,0,1
alberquerque,1,0,1
alberston,0,1,1
albert,24,83,107
alberta,26,14,40
albertaaa,0,1,1
albertan,0,3,3
albertans,0,2,2
albertine,0,1,1
alberto,5,5,10
albertos,1,0,1
alberts,2,3,5
albertson,1,3,4
albertsons,6,5,11
albi,2,3,5
albian,1,0,1
albie,1,1,2
albiet,1,0,1
albin,0,1,1
albini,0,1,1
albino,8,8,16
albiol,2,0,2
albion,5,4,9
albit,0,1,1
albl,6,1,7
albom,1,1,2
albondiga,0,1,1
albondigas,0,2,2
albondigs,1,0,1
albonie,1,0,1
albothyl,1,0,1
albrechtae,0,1,1
albright,0,1,1
albs,1,3,4
albucrazyy,1,0,1
albufeira,0,1,1
albulm,1,0,1
album,1055,2605,3660
albumajadidi,0,1,1
albumdesign,0,1,1
albumds,0,1,1
albumette,1,0,1
albumi,1,0,1
albumm,1,6,7
albummm,0,4,4
albummmm,0,2,2
albummmmm,1,1,2
albummmmmmm,1,0,1
albumn,0,3,3
albumoftheweek,0,1,1
albums,117,177,294
albumu,0,1,1
albumul,0,2,2
albun,1,0,1
albuns,0,1,1
albuquerqe,1,0,1
albuquerque,11,9,20
alburight,1,0,1
alburquerque,0,1,1
albury,3,2,5
albus,1,0,1
albusexual,0,1,1
albuterol,3,1,4
albuuum,0,2,2
albuuuum,0,1,1
alby,0,1,1
albzzzz,1,0,1
alc,9,24,33
alcahol,1,0,1
alcan,2,1,3
alcance,1,0,1
alcatel,1,0,1
alcatraz,8,6,14
alcazar,1,2,3
alch,2,0,2
alchahol,1,0,1
alchamey,1,0,1
alchemilla,1,0,1
alchemist,6,24,30
alchemists,1,0,1
alchemy,5,6,11
alchemyst,1,0,1
alchera,0,1,1
alchi,0,1,1
alchie,2,2,4
alching,0,1,1
alchmist,0,1,1
alchohal,1,0,1
alchohol,6,4,10
alchol,0,3,3
alcholics,1,0,1
alcholo,1,0,1
alcholol,1,0,1
alchopop,1,0,1
alchopops,1,0,1
alchy,5,5,10
alcide,0,1,1
alcioneg,2,0,2
alckys,1,0,1
alco,4,3,7
alcofrol,0,1,1
alcoh,0,1,1
alcohal,1,0,1
alcohl,0,1,1
alcohlic,0,1,1
alcohol,387,304,691
alcoholic,44,55,99
alcoholicly,0,1,1
alcoholics,5,5,10
alcoholism,1,6,7
alcohollll,0,1,1
alcohollywood,1,0,1
alcohols,2,1,3
alcomahol,1,0,1
alcon,1,0,1
alconbury,0,1,1
alcool,2,0,2
alcopop,1,1,2
alcopops,1,0,1
alcopopular,0,1,1
alcorta,0,1,1
alcossebre,0,1,1
alcove,1,1,2
alcudia,1,1,2
alcupulco,0,1,1
alcyone,0,2,2
ald,0,1,1
alda,0,3,3
alday,1,0,1
alde,1,0,1
aldean,4,8,12
aldeana,1,0,1
aldeia,1,0,1
alden,4,1,5
alder,0,1,1
alderbrook,0,1,1
alderete,1,0,1
alderly,0,1,1
aldermans,0,1,1
alderney,1,0,1
aldershite,1,0,1
aldershot,1,2,3
alderwood,1,1,2
aldi,9,12,21
aldiano,1,2,3
aldis,2,1,3
aldj,0,1,1
aldjksfa,0,1,1
aldo,6,10,16
aldon,0,2,2
aldoooo,0,1,1
aldos,1,1,2
aldready,1,1,2
aldri,0,1,1
aldrick,1,1,2
aldridge,1,1,2
aldrin,1,1,2
aldrinaaaaaaa,0,1,1
alds,1,0,1
aldur,1,0,1
alduras,0,1,1
aldwych,1,0,1
ale,59,96,155
alea,2,1,3
aleady,4,0,4
aleah,1,2,3
aleaha,1,0,1
aleana,2,0,2
aleasha,0,1,1
aleast,1,1,2
aleays,0,1,1
alebo,0,1,1
alec,17,30,47
alecceeee,0,1,1
alecia,2,4,6
alecias,1,0,1
aleck,1,0,1
aled,3,3,6
aleddddd,0,1,1
aledo,1,1,2
alee,0,1,1
aleeah,0,1,1
aleee,1,0,1
aleeeeeeeeee,1,0,1
aleeem,0,1,1
aleejy,0,1,1
aleem,1,0,1
aleenia,3,1,4
aleep,1,1,2
aleesha,1,0,1
aleeshcia,1,0,1
aleeve,0,1,1
aleew,0,1,1
aleex,1,0,1
aleexxx,1,0,1
alef,1,0,1
aleg,1,0,1
alegr,0,2,2
alegra,0,1,1
alegre,23,18,41
alegres,1,0,1
alegria,1,2,3
alegriaa,0,1,1
alehouse,1,2,3
aleia,0,1,1
aleica,0,1,1
aleisha,1,1,2
alejandra,3,2,5
alejandraband,1,0,1
alejandro,3,5,8
alejandrrrrrra,0,1,1
alek,2,3,5
alekos,0,1,1
aleks,3,2,5
aleksander,0,1,1
aleksandersen,0,1,1
aleksandra,1,0,1
alekss,0,1,1
aleli,0,1,1
aleluya,0,2,2
alemania,0,1,1
alemannia,0,1,1
alemany,0,1,1
alembic,0,1,1
alement,1,0,1
alen,0,2,2
alena,0,4,4
alenas,1,0,1
alene,1,0,1
alenka,0,1,1
alentejo,0,1,1
aleph,1,0,1
alergi,1,0,1
alergic,13,3,16
alergies,10,0,10
alergy,3,3,6
alerhic,1,0,1
aleric,1,0,1
alero,1,0,1
alert,92,93,185
alerted,3,7,10
alertin,1,0,1
alerting,1,4,5
alertme,1,0,1
alertness,0,1,1
alerto,0,1,1
alertpal,1,0,1
alerts,40,32,72
alertthingy,0,1,1
alertz,0,1,1
ales,3,4,7
alesa,1,0,1
alesan,0,1,1
alesana,1,10,11
alese,0,1,1
alesha,4,10,14
alesis,1,1,2
alessa,0,1,1
alessandra,0,1,1
alessandraco,1,0,1
alessandro,0,1,1
alessi,2,2,4
alessia,1,1,2
alessias,0,1,1
alestorm,0,2,2
alesund,1,0,1
aleta,0,1,1
aletha,0,1,1
aleve,19,7,26
alevel,7,3,10
alevels,1,2,3
alevera,1,0,1
aleviate,1,0,1
alex,441,605,1046
alexa,28,45,73
alexaaa,0,1,1
alexalloyd,1,0,1
alexan,1,0,1
alexander,17,76,93
alexanderplat,0,1,1
alexanderrr,0,1,1
alexanders,1,1,2
alexandra,11,25,36
alexandrabwi,1,0,1
alexandracrenian,0,1,1
alexandrarawr,0,1,1
alexandras,0,1,1
alexandraxaxaxa,0,1,1
alexandre,0,5,5
alexandria,8,14,22
alexandriaaa,0,1,1
alexandrine,0,1,1
alexas,1,2,3
alexasalsabila,5,1,6
alexatl,1,0,1
alexday,0,2,2
alexdeleon,0,1,1
alexdoeshurr,1,0,1
alexdraven,0,1,1
alexenaders,0,1,1
alexes,1,1,2
alexey,0,1,1
alexgaskarth,0,1,1
alexi,4,5,9
alexia,6,5,11
alexiiiiina,0,1,1
alexiiisss,0,1,1
alexis,47,61,108
alexisonfire,17,13,30
alexiss,0,2,2
alexistta,2,0,2
alexita,0,1,1
alexjohnson,1,0,1
alexjonasojd,0,1,1
alexkiddo,0,1,1
alexlee,1,0,1
alexmelville,1,0,1
alexpettyferissohot,0,1,1
alexs,4,6,10
alexsandra,1,0,1
alexsandria,0,1,1
alexunderscorekiddo,0,1,1
alexus,2,0,2
alexx,7,5,12
alexxa,0,2,2
alexxis,0,1,1
alexxus,0,1,1
alexxx,2,1,3
alexxxx,1,0,1
alexxxxx,0,1,1
alexy,1,1,2
alexys,0,1,1
alexz,1,3,4
alexzillagoesrar,1,0,1
aley,2,1,3
alez,2,0,2
aleziiss,0,1,1
alf,8,9,17
alfa,2,14,16
alfaceeee,1,0,1
alfajores,0,2,2
alfala,1,0,1
alfalfa,3,4,7
alfalink,1,0,1
alfama,0,1,1
alfamega,2,0,2
alfatihah,1,0,1
alfdlfmhlkfm,0,1,1
alfee,0,1,1
alfei,0,1,1
alfest,1,0,1
alfhdjkghvsfdghvifduhbgvkjsdfhglsfdkghvfjlkdsghsdflkgh,1,0,1
alfida,1,0,1
alfie,14,12,26
alfin,1,0,1
alfine,0,1,1
alfjafal,1,0,1
alfjur,1,0,1
alflalfa,0,1,1
alfonso,3,2,5
alford,0,1,1
alfrado,0,1,1
alfred,8,11,19
alfredo,18,33,51
alfreedo,0,1,1
alfresco,3,7,10
alfrescodev,0,1,1
alg,4,4,8
alga,0,1,1
algae,8,2,10
algaecide,1,0,1
algal,1,0,1
algalon,1,1,2
algarve,3,2,5
alge,0,1,1
algea,1,0,1
algeb,2,2,4
algebra,100,41,141
alger,1,3,4
algerbra,1,0,1
algeria,1,3,4
algerian,1,2,3
algernon,1,1,2
algie,1,1,2
algierz,0,1,1
algile,0,1,1
algin,0,2,2
algo,6,7,13
algonac,1,0,1
algonquin,0,5,5
algoo,0,1,1
algood,0,1,1
algorithm,4,12,16
algorithmi,1,0,1
algorithmic,1,1,2
algorithms,9,3,12
algos,0,1,1
algrebra,1,0,1
algu,4,2,6
algud,0,1,1
alguem,2,1,3
alguien,3,2,5
algum,1,3,4
algumas,1,0,1
alguna,0,1,1
alguns,1,0,1
algwah,1,0,1
alhad,0,1,1
alhambra,5,4,9
alhamdulilah,2,10,12
alhamdulilahhhh,0,1,1
alhamdulillaaaaaah,0,1,1
alhamdulillaaahhhh,0,1,1
alhamdulillah,4,48,52
alhamdullilah,0,1,1
alhe,0,1,1
alheias,0,1,1
alhough,2,1,3
alhumdolillah,0,1,1
alhumdulilah,0,1,1
alhumdullilah,0,1,1
alhy,0,1,1
ali,80,124,204
alia,1,7,8
aliaalhirsi,1,0,1
aliadler,0,1,1
aliah,0,1,1
alian,0,1,1
aliana,0,1,1
aliand,0,1,1
aliante,1,0,1
alias,15,28,43
aliased,1,1,2
aliases,2,1,3
aliballoony,1,1,2
alibaug,0,1,1
alibi,1,5,6
alibis,0,1,1
aliby,0,1,1
alic,1,0,1
alica,1,1,2
alicante,2,3,5
alicccceeeeeee,0,1,1
alice,115,199,314
alicecooper,1,0,1
aliceee,0,1,1
alices,4,0,4
alicia,30,64,94
aliciaa,1,0,1
aliciaaa,0,2,2
alicianjing,0,1,1
aliciaressmann,1,0,1
alicias,2,1,3
aliciaz,1,0,1
alicious,0,1,1
alicja,0,2,2
alick,1,0,1
alicr,0,1,1
alida,0,2,2
aliddew,0,1,1
aliddo,1,0,1
alie,2,0,2
aliee,0,1,1
alieemarie,1,0,1
aliem,1,0,1
alien,54,91,145
alienate,5,6,11
alienated,6,1,7
alienating,2,1,3
aliencito,1,0,1
aliens,59,89,148
alienveggie,0,1,1
alienware,7,2,9
alienz,0,3,3
alies,1,0,1
alieve,2,1,3
aliex,0,1,1
alif,1,1,2
alife,1,3,4
alifetime,1,0,1
alift,1,0,1
aligator,0,5,5
alight,1,2,3
alighted,1,0,1
alights,0,1,1
align,8,9,17
aligned,4,6,10
aligners,1,0,1
aligning,2,1,3
alignment,10,8,18
alignments,0,2,2
alignright,0,1,1
aligns,1,1,2
aligntheplanets,0,1,1
alih,0,1,1
alii,0,3,3
aliii,1,0,1
aliiiii,1,0,1
aliiiiiiiiive,1,0,1
aliiiiive,0,1,1
aliiiive,0,1,1
aliive,1,0,1
alijah,0,1,1
alik,0,1,1
alike,22,156,178
alikes,2,2,4
alikum,0,1,1
alil,17,11,28
alilah,0,1,1
alimentarius,1,0,1
alimony,3,1,4
alin,0,1,1
alina,3,8,11
alinas,1,0,1
alinate,0,1,1
aline,1,3,4
aling,1,2,3
alinghi,1,0,1
aliph,1,0,1
aliptical,0,1,1
alirenco,1,0,1
alirght,0,1,1
alirhgt,0,1,1
aliri,0,1,1
aliright,0,2,2
alis,1,8,9
alisa,6,9,15
alisal,0,2,2
alisas,1,0,1
alisdairs,1,0,1
alise,0,1,1
alisha,6,13,19
alishaa,0,1,1
alishaaa,0,1,1
alishaanti,0,1,1
alishadixonn,0,1,1
alishas,2,0,2
alisher,0,1,1
alishiaaaaaa,0,1,1
aliso,1,2,3
alison,23,36,59
alisonmoore,1,0,1
alisonnnnnns,1,0,1
alisons,1,4,5
alissa,6,11,17
alissaa,0,1,1
alissha,0,1,1
alissia,1,0,1
alisson,1,0,1
alist,0,2,2
alistair,4,6,10
alistairroberts,0,1,1
alister,0,2,2
alistradio,0,1,1
alisyn,0,1,1
alisynh,0,1,1
alita,0,2,2
alitalia,1,0,1
aliterate,0,1,1
alithos,0,1,1
alittle,48,28,76
alittlebit,1,2,3
alittlefaster,0,1,1
aliu,1,0,1
aliuf,0,1,1
alium,0,1,1
aliv,1,0,1
aliva,0,1,1
alive,507,637,1144
aliveafterfive,1,0,1
aliveasart,0,1,1
alivee,1,1,2
aliveee,0,1,1
aliveeee,0,2,2
aliveeeee,0,3,3
alivefest,2,0,2
alivemax,0,1,1
aliveriti,0,1,1
alives,0,1,1
alivex,0,1,1
alivia,0,2,2
alivve,1,0,1
alivveeeeee,0,1,1
aliw,1,1,2
aliway,1,0,1
aliwolf,0,1,1
alix,6,10,16
alixxandra,0,1,1
aliya,4,1,5
aliyah,1,2,3
aliyan,1,0,1
aliz,0,4,4
alize,1,3,4
alizee,1,1,2
alizippy,1,0,1
alj,0,1,1
aljam,1,0,1
aljazeera,1,0,1
aljd,1,0,1
aljldkfajklaj,1,0,1
aljons,0,1,1
aljuneid,1,0,1
alk,0,5,5
alka,2,3,5
alkahf,0,1,1
alkali,1,0,1
alkaline,13,8,21
alkamahol,1,0,1
alkane,1,0,1
alkdfjasd,1,0,1
alke,0,1,1
alkek,1,0,1
alkene,1,0,1
alkghsdoiujasdgoih,1,0,1
alkhaer,0,1,1
alkhrafi,1,0,1
alki,7,8,15
alkie,1,4,5
alking,0,2,2
alkis,0,1,1
alkmaar,1,4,5
alko,2,1,3
alkohol,0,4,4
alkphos,1,0,1
alksdjas,1,0,1
alksdjf,0,1,1
alksdjlakjdd,0,1,1
alksdjvns,1,0,1
alkso,0,1,1
alky,0,2,2
all,42143,41429,83572
alla,12,10,22
allabama,0,1,1
alladat,0,2,2
alladdin,1,0,1
alladin,0,2,2
alladins,1,0,1
allae,0,1,1
allah,31,53,84
allahabad,1,0,1
allahares,1,0,1
allahpundit,1,0,1
allahu,1,1,2
allak,0,1,1
allakhazam,0,1,1
allalone,1,0,1
allam,2,0,2
allamericanrejects,1,0,1
allan,15,24,39
allana,0,1,1
allanah,1,0,1
allans,1,1,2
allard,1,0,1
allarm,1,0,1
allasalskadeanna,0,1,1
allatwitter,0,1,1
allavert,0,1,1
allayna,0,1,1
allblackent,1,0,1
allbout,1,0,1
allbtge,1,0,1
allbum,0,1,1
allcapsfriday,0,1,1
allcday,1,0,1
allconsofffun,1,0,1
allconsuming,1,0,1
allcreaturesvia,0,1,1
alld,0,1,1
allday,13,11,24
alldayy,1,0,1
alle,6,15,21
allearrings,0,1,1
allears,1,1,2
allecia,0,1,1
alledgedly,1,0,1
allee,2,0,2
alleee,0,1,1
alleen,0,2,2
alleergies,1,0,1
allees,1,0,1
alleex,0,1,1
allegations,0,3,3
alleged,4,2,6
allegedly,6,10,16
allegiance,0,3,3
allegiant,1,0,1
allegic,2,0,2
allegies,2,0,2
allegory,1,2,3
allegra,4,3,7
allegre,1,0,1
allegries,1,0,1
allegro,0,2,2
allehol,0,1,1
allein,0,9,9
alleine,0,1,1
alleluia,0,4,4
allemaal,0,2,2
alleman,0,1,1
allemands,1,0,1
allen,132,308,440
allenation,0,1,1
allendale,1,1,2
allende,2,0,2
allennnn,0,1,1
allennnnnnnn,0,1,1
allens,5,12,17
allenstown,0,1,1
allentown,15,7,22
aller,1,4,5
allerdings,0,2,2
allerede,0,1,1
alleregy,1,0,1
allereze,0,1,1
allerfre,1,0,1
allergen,1,1,2
allergenic,0,1,1
allergens,5,1,6
allergeys,1,0,1
allergic,450,62,512
allergical,0,1,1
allergie,7,0,7
allergies,688,82,770
allergiesaretehsuck,1,0,1
allergiess,3,0,3
allergiesssss,1,0,1
allergist,9,2,11
allergixe,1,0,1
allergy,220,50,270
allergys,4,0,4
allergytastic,1,0,1
allergyyy,1,0,1
alleries,1,0,1
allerigic,1,0,1
allerigies,1,0,1
allermuir,0,2,2
allerqies,2,0,2
allert,0,1,1
alles,15,21,36
alleve,0,1,1
alleviate,5,1,6
alleviated,0,3,3
alleviates,0,1,1
allex,1,0,1
allexx,1,0,1
alley,40,73,113
alleyg,1,0,1
alleykat,0,1,1
alleys,3,3,6
alleyway,0,1,1
allez,4,9,13
allforemma,1,0,1
allfurfun,0,1,1
allgames,1,0,1
allgee,0,1,1
allgeric,1,0,1
allgeries,1,0,1
allgery,2,0,2
allgood,0,1,1
allgreat,0,1,1
allgud,1,0,1
allhave,0,1,1
allhiphop,2,0,2
alli,20,25,45
alliance,25,20,45
alliances,0,3,3
alliancetim,0,1,1
allianz,4,1,5
allie,29,33,62
allied,0,2,2
alliee,0,3,3
allien,2,0,2
alliens,1,0,1
allies,5,7,12
alliey,1,0,1
allifound,2,1,3
alligato,0,1,1
alligator,16,11,27
alligators,3,4,7
alligence,0,1,1
alligned,0,1,1
allihies,1,0,1
allikins,1,0,1
allin,4,1,5
allingham,0,1,1
allington,0,1,1
allinthemind,0,1,1
allira,0,1,1
allirawr,0,1,1
allis,2,1,3
allishia,1,0,1
allison,84,100,184
allisonnnnn,0,1,1
allisonofficial,0,1,1
allisons,3,1,4
allisooooon,0,1,1
allissa,0,1,1
allister,0,3,3
alliterate,1,0,1
alliteration,4,9,13
alliterations,0,2,2
alliterative,0,1,1
alliterator,1,0,1
allium,0,1,1
alliv,1,0,1
allive,1,1,2
allivictoria,0,1,1
alliws,1,0,1
allkinds,0,1,1
allkpop,0,3,3
alll,117,94,211
alllergic,1,0,1
alllie,1,0,1
alllizzz,1,0,1
allll,105,84,189
allllddaayy,1,0,1
alllliiiiiieeeeennnnssss,1,0,1
alllll,78,56,134
alllllan,1,0,1
allllldayyy,0,1,1
allllli,0,1,1
allllll,53,37,90
alllllll,32,16,48
allllllll,11,10,21
allllllllday,0,1,1
alllllllll,7,3,10
allllllllll,8,6,14
alllllllllll,1,3,4
allllllllllll,4,2,6
alllllllllllll,2,3,5
allllllllllllll,0,1,1
alllllllllllllll,1,0,1
allllllllllllllll,0,1,1
alllllllllllllllll,1,1,2
allllllllllllllllll,1,0,1
allllllllllllllllllllll,1,0,1
alllllllllllllllllllllllll,1,0,1
alllllllllllllllllllllllllllll,1,0,1
allllllllllllllllllllllllllllllllllllllllllllllll,1,0,1
alllllllllllright,0,1,1
allllllllmost,0,1,1
allllllllright,0,1,1
alllllllright,0,2,2
allllllmost,0,1,1
allllllways,1,0,1
alllllready,1,0,1
allllmost,1,1,2
allllnight,0,1,1
allllreaddy,0,1,1
allllready,0,1,1
allllright,0,2,2
allllways,1,0,1
allllwaysss,0,1,1
alllmmmmmost,0,1,1
alllmost,0,1,1
alllof,1,0,1
alllone,1,0,1
alllowed,1,0,1
alllows,0,1,1
alllways,2,1,3
allman,0,4,4
allmenliberally,0,1,1
allmenu,0,1,1
allmop,0,1,1
allmost,7,4,11
allmostt,1,0,1
allmothers,0,1,1
allmy,1,0,1
allnight,1,2,3
allnighter,14,9,23
allnightrs,1,0,1
allo,1,23,24
alloc,0,1,1
allocated,9,1,10
allocating,2,0,2
allocation,5,2,7
alloes,0,1,1
allof,1,0,1
allon,0,1,1
allone,2,2,4
allong,1,1,2
alloo,0,1,1
allooo,1,0,1
alloott,0,1,1
alloquan,1,0,1
allora,0,1,1
alloresto,0,1,1
allot,21,23,44
allota,0,1,1
alloted,1,2,3
allotment,26,14,40
allotments,1,1,2
allotropes,1,0,1
allover,3,1,4
allow,325,149,474
allowable,0,3,3
allowance,43,17,60
allowances,2,0,2
allowd,4,1,5
allowed,878,349,1227
alloweed,1,0,1
allowence,2,0,2
allowig,1,0,1
allowing,45,45,90
allows,49,71,120
alloww,1,0,1
alloy,3,1,4
allphones,1,0,1
allpress,0,1,1
allread,1,0,1
allready,21,31,52
allreay,1,0,1
allred,0,1,1
allredy,1,0,1
allregic,1,0,1
allregist,1,0,1
allrgic,1,0,1
allright,13,33,46
allrights,0,1,1
allrighty,0,3,3
allrightyy,0,1,1
allrite,0,1,1
allround,0,1,1
allrounders,0,1,1
allroundstuff,0,1,1
alls,14,28,42
allsaints,1,0,1
allso,3,1,4
allsopp,1,1,2
allsort,0,1,1
allsorts,2,1,3
allspice,0,1,1
allstar,5,7,12
allstars,5,6,11
allstate,2,0,2
allston,1,2,3
allsum,0,1,1
allsvenskan,0,1,1
allsweet,1,0,1
allt,3,1,4
alltel,17,3,20
alltels,1,0,1
alltext,0,1,1
allthatglitrs,0,1,1
allthatglitters,0,1,1
allthe,0,2,2
allthedayholiday,0,1,1
alltheirminds,1,0,1
allthingsdigital,0,1,1
allthough,3,1,4
alltime,1,6,7
alltimeblow,0,1,1
alltimefav,0,1,1
alltimelow,3,33,36
alltimelowsuckmorecockthanawellpaidwhore,1,2,3
alltimelowweek,0,5,5
alltogetha,0,1,1
alltop,2,8,10
alltopawesomesauce,0,1,1
alltray,1,0,1
allts,0,2,2
allu,1,2,3
allude,1,0,1
alluded,2,1,3
allumbra,1,0,1
alluminium,0,1,1
allunique,0,1,1
allure,2,4,6
alluring,3,2,5
allus,0,1,1
allusion,0,3,3
allw,1,0,1
allway,1,1,2
allwayds,1,0,1
allways,17,24,41
allwd,1,1,2
allwhite,1,0,1
allwine,4,0,4
allwoed,1,0,1
allwoodley,0,1,1
allwyn,0,1,1
allxclub,0,1,1
ally,51,74,125
allybear,0,1,1
allycia,2,0,2
allyn,1,0,1
allynisprettydamncrazy,0,1,1
allyns,1,0,1
allynson,0,1,1
allyou,0,1,1
allys,2,1,3
allyse,1,0,1
allyson,1,8,9
allyssa,0,1,1
allyssas,1,1,2
allz,0,2,2
alm,3,1,4
alma,11,18,29
almaden,0,2,2
almaghrib,0,1,1
alman,0,1,1
almanac,3,1,4
almanzo,1,0,1
almario,1,0,1
almaty,0,3,3
almchemist,0,1,1
almeida,1,0,1
almer,0,1,1
almere,2,2,4
almeria,0,1,1
almerimar,1,2,3
almerimarlife,0,1,1
almie,1,0,1
almight,1,0,1
almightey,1,0,1
almighty,9,22,31
almine,0,1,1
almir,0,1,1
almirah,1,0,1
almmost,1,0,1
almo,1,9,10
almodovar,0,1,1
almods,1,0,1
almoist,0,1,1
almond,18,35,53
almondito,1,0,1
almonds,18,28,46
almoonir,0,1,1
almoost,0,1,1
almorzando,0,1,1
almorzar,1,0,1
almos,2,2,4
almosot,0,1,1
almost,4245,3630,7875
almosted,1,0,1
almostfour,0,1,1
almostjapanese,0,1,1
almostlover,0,1,1
almostperfect,1,0,1
almosts,0,1,1
almostt,1,1,2
almosty,1,1,2
almosy,1,0,1
almots,1,0,1
almoust,1,2,3
alms,2,1,3
almscliff,0,1,1
almsot,3,2,5
almst,1,4,5
almtjf,0,1,1
almub,0,1,1
almuerzo,1,1,2
almuia,1,0,1
almzj,0,1,1
alna,0,1,1
alnas,1,0,1
alne,1,1,2
alness,1,0,1
alng,0,1,1
alni,1,0,1
alnight,1,0,1
alnighter,1,0,1
alnost,0,1,1
alnwick,0,1,1
alny,0,1,1
alo,8,9,17
aload,2,1,3
alochol,1,0,1
alocohol,0,1,1
alocuri,0,1,1
aloe,82,33,115
aloevera,1,1,2
aloft,0,1,1
aloha,15,93,108
alohafriday,1,3,4
alohahard,0,1,1
alohapeg,0,1,1
alohas,0,1,1
alok,1,0,1
alol,1,0,1
alolo,3,0,3
alom,1,0,1
aloma,1,3,4
alome,1,0,1
alomst,2,0,2
alon,1,2,3
alona,0,2,2
alondon,1,0,1
alondra,0,1,1
alone,3992,1097,5089
aloneanddateless,1,0,1
alonee,9,1,10
aloneee,7,2,9
aloneeee,3,0,3
aloneeeeeeee,1,0,1
aloneeeeeeeee,2,0,2
aloneeeeeeeeeeeee,0,1,1
alonely,1,0,1
aloners,1,0,1
alonerz,1,0,1
alones,1,0,1
alonesky,1,0,1
alonetime,0,1,1
aloney,4,0,4
aloneyyy,1,0,1
along,718,1245,1963
alongg,0,1,1
alonggg,0,1,1
alongggg,1,0,1
alonggggggg,1,0,1
alonggsideeee,0,1,1
alongs,1,8,9
alongside,5,21,26
alongwith,0,1,1
alonna,1,0,1
alonnnnee,1,0,1
alonq,0,1,1
alonso,20,9,29
alonzo,0,1,1
aloo,2,4,6
aloof,0,4,4
alooha,1,0,1
aloohaaa,1,0,1
alooiiive,0,1,1
alook,1,3,4
aloone,2,0,2
alooo,1,0,1
alooone,7,1,8
alooonee,2,0,2
aloooone,2,0,2
aloooonneee,1,0,1
aloooonnne,1,0,1
alooooone,0,1,1
aloooooooone,0,2,2
alooooot,1,0,1
aloooott,0,1,1
aloooottt,0,1,1
alooot,1,0,1
aloootttt,0,1,1
aloota,0,1,1
alootttt,0,1,1
alopecia,2,0,2
alopeke,1,0,1
alor,0,3,3
alora,1,0,1
aloready,1,0,1
alors,3,3,6
alort,0,1,1
alos,0,6,6
alost,0,1,1
alot,979,948,1927
alota,2,2,4
alotd,1,0,1
alote,1,0,1
alotment,0,1,1
alots,1,1,2
alotsince,0,1,1
alott,4,1,5
alotta,13,14,27
alottt,2,0,2
alotttt,1,1,2
alotttttaa,1,0,1
alotttttttttt,1,0,1
alotxxxxx,0,1,1
aloud,88,89,177
aloude,1,0,1
alouds,0,1,1
alough,0,1,1
alound,1,0,1
alous,0,1,1
alove,1,1,2
alowd,1,0,1
alowed,7,2,9
aloysius,0,1,1
alp,2,0,2
alpaca,3,7,10
alpacas,1,5,6
alpachas,1,0,1
alpe,0,1,1
alpen,0,2,2
alpena,1,0,1
alper,0,1,1
alpert,1,1,2
alpes,0,1,1
alpfa,0,1,1
alpha,72,113,185
alphabeat,1,5,6
alphabet,12,33,45
alphabethical,0,1,1
alphabetical,2,4,6
alphabetically,1,3,4
alphabetise,1,0,1
alphabetize,2,0,2
alphabetized,1,2,3
alphabetizing,1,1,2
alphabets,3,0,3
alphabetti,0,1,1
alphabites,1,0,1
alphabounce,0,2,2
alphabt,1,0,1
alphadog,1,1,2
alphalabs,1,0,1
alphanso,0,1,1
alphanumeric,1,1,2
alphard,0,1,1
alpharetta,2,6,8
alphas,2,1,3
alphastrike,1,0,1
alphatransparent,1,0,1
alphatrends,0,1,1
alphaville,0,1,1
alphawomen,0,1,1
alphaxion,0,1,1
alphbetizing,1,0,1
alphen,1,1,2
alphonso,0,1,1
alphrodite,0,1,1
alpi,0,1,1
alpinas,1,0,1
alpine,11,9,20
alpinisms,0,1,1
alpolitics,0,1,1
alppy,1,0,1
alpro,0,1,1
alps,6,11,17
alquien,1,0,1
alquile,1,0,1
alr,30,17,47
alrady,3,0,3
alraedy,0,1,1
alrajhi,1,0,1
alrate,0,1,1
alratos,1,0,1
alraya,0,1,1
alrd,5,1,6
alrdy,20,14,34
alread,7,5,12
alreaday,1,0,1
alreadddddddy,1,0,1
alreaddddyyy,0,1,1
alreadddy,3,0,3
alreaddy,3,2,5
alreaddyyy,2,1,3
alreadeh,0,1,1
alreadi,1,0,1
alreadii,2,0,2
alreadiii,1,0,1
alreadt,1,1,2
alreadu,1,0,1
alreaduy,1,0,1
already,9340,5433,14773
alreadybought,1,0,1
alreadyon,0,1,1
alreadyy,18,5,23
alreadyyy,13,7,20
alreadyyyy,10,2,12
alreadyyyyy,1,1,2
alreadyyyyyy,2,0,2
alreadyyyyyyy,0,1,1
alreadyyyyyyyy,1,0,1
alreadyyyyyyyyyyy,1,0,1
alreadyyyyyyyyyyyyyy,1,0,1
alreadyyyyyyyyyyyyyyyy,1,0,1
alreadyz,0,1,1
alreafy,1,0,1
alrealy,1,0,1
alreay,9,1,10
alreayd,3,1,4
alred,1,0,1
alreddi,1,0,1
alrede,1,0,1
alredi,1,2,3
alredy,26,8,34
alreeady,1,0,1
alreeeeeeeeeeeeet,0,1,1
alreeeight,0,1,1
alreet,0,2,2
alreg,1,0,1
alreggie,1,0,1
alregies,1,0,1
alrer,0,1,1
alrge,1,0,1
alri,1,0,1
alrighht,0,1,1
alrighr,0,1,1
alright,808,1434,2242
alrightey,1,0,1
alrightie,0,2,2
alrights,2,2,4
alrightt,2,2,4
alrighttt,2,2,4
alrightttt,1,1,2
alrightttttt,0,1,1
alrighttty,0,2,2
alrightttyy,0,1,1
alrightxx,1,0,1
alrighty,22,108,130
alrightyyy,1,0,1
alrightyyyy,0,1,1
alrigt,0,1,1
alriigght,0,1,1
alriight,1,1,2
alriiightt,1,1,2
alriiiight,1,2,3
alriiiiiight,0,1,1
alriiiiiiiiiiight,0,1,1
alriqht,1,0,1
alrish,0,1,1
alrite,28,39,67
alritee,1,1,2
alrites,0,1,1
alritey,2,0,2
alriteys,0,1,1
alritoo,1,0,1
alrity,0,1,1
alrmed,1,0,1
alros,1,0,1
alround,0,1,1
alrovski,1,0,1
alrready,0,1,1
alrrightt,1,0,1
alrrright,0,1,1
alrrrrrr,1,0,1
alrwady,1,0,1
alryt,4,2,6
alrzzzz,1,0,1
als,7,12,19
alsa,0,1,1
alsace,1,2,3
alsalam,0,1,1
alsation,1,0,1
alsbrain,0,1,1
alsdfjklg,0,1,1
alsdkjdkldkf,0,1,1
alse,2,0,2
alseeep,0,1,1
alseep,20,13,33
alshrm,0,1,1
alsjdk,1,0,1
alskdfjlksdjf,1,0,1
alskdjklsdf,1,0,1
alsleep,0,1,1
alsly,1,0,1
alsmost,0,1,1
alsnog,0,1,1
also,4734,5706,10440
alsofeel,1,0,1
alsoifound,0,1,1
alsolutely,0,1,1
alsom,1,0,1
alsome,0,1,1
alsoo,1,4,5
alsooo,3,0,3
alsoooo,2,1,3
alsooooo,1,0,1
alsoooooooo,0,1,1
alsoposted,0,1,1
alsounique,0,1,1
alsowhen,0,1,1
alsp,1,0,1
alssssssssssso,0,1,1
alst,0,1,1
alster,1,2,3
alston,2,1,3
alstyne,1,0,1
alsum,0,1,1
alsup,0,1,1
alt,46,50,96
alta,0,1,1
altaa,0,1,1
altadena,2,0,2
altador,0,3,3
altaf,0,1,1
altair,0,1,1
altamont,1,1,2
altamonte,2,1,3
altanta,2,1,3
altantic,1,0,1
altar,7,8,15
altared,0,1,1
altars,2,0,2
altas,1,0,1
altavista,0,3,3
altbau,1,0,1
altdesk,1,0,1
altdotnetinthenorth,0,1,1
alte,2,4,6
altea,0,2,2
alteast,0,2,2
altec,0,4,4
altech,1,0,1
altele,0,1,1
alter,23,43,66
alterac,0,2,2
alteration,2,1,3
alterations,3,4,7
altercation,5,0,5
altered,9,10,19
altering,4,5,9
altern,0,1,1
alterna,1,0,1
alternamax,0,1,1
alternat,0,1,1
alternate,33,36,69
alternately,4,3,7
alternateroutes,1,0,1
alternates,0,3,3
alternating,7,5,12
alternative,79,104,183
alternatively,1,13,14
alternatives,26,19,45
alternator,15,0,15
alternica,1,0,1
alterra,2,2,4
alters,1,2,3
alterune,0,1,1
altfel,1,1,2
altgirltweet,0,1,1
alth,1,0,1
althbay,0,1,1
althea,0,3,3
althgouh,1,0,1
altho,80,65,145
althoguht,1,0,1
althoo,1,0,1
althooooooooooooooo,0,1,1
althorne,0,1,1
althou,3,0,3
althoug,1,0,1
although,1088,913,2001
althoughh,0,1,1
althoughi,2,1,3
althought,8,8,16
althouh,1,0,1
althroughout,0,1,1
alti,0,1,1
altie,0,1,1
altigther,1,0,1
altii,1,0,1
altijd,0,2,2
altima,1,2,3
altime,0,1,1
alting,1,0,1
altiris,2,0,2
altittude,1,0,1
altitude,4,12,16
altitudes,2,1,3
altnetcanada,1,0,1
altnetuk,0,1,1
altnoy,2,5,7
alto,14,22,36
altog,0,1,1
altogether,27,27,54
altoids,1,3,4
alton,48,64,112
altona,1,0,1
altone,1,0,1
altoona,4,5,9
altos,0,2,2
altough,6,7,13
altpress,1,0,1
altres,0,1,1
altrincham,2,0,2
altringham,1,0,1
altro,0,1,1
altruism,0,2,2
altruistic,0,2,2
alts,6,3,9
altum,0,1,1
altunizade,0,1,1
altura,1,0,1
altus,0,1,1
altw,1,0,1
alty,0,1,1
altzheimers,0,1,1
alu,1,5,6
alubody,1,0,1
alubum,0,2,2
alughing,1,0,1
aluko,0,1,1
alulz,0,1,1
alum,8,14,22
alumb,0,1,1
aluminium,6,8,14
aluminum,9,12,21
alumna,0,3,3
alumnae,0,1,1
alumni,30,45,75
alumnihood,0,1,1
alumns,0,1,1
alumnus,3,0,3
alums,0,3,3
alumtweet,2,0,2
alun,1,4,5
aluna,1,0,1
alura,1,2,3
aluth,0,1,1
alv,1,0,1
alva,1,1,2
alvarado,0,1,1
alvardo,0,1,1
alvarez,2,1,3
alvaro,0,4,4
alvaston,0,1,1
alve,0,1,1
alvechurch,0,1,1
alveoland,1,0,1
alves,4,0,4
alvie,1,0,1
alvillar,1,0,1
alvin,12,17,29
alvina,0,1,1
alvinuk,1,0,1
alviso,0,1,1
alvita,0,1,1
alvive,0,2,2
alvor,0,1,1
alvum,0,1,1
alw,1,0,1
alwaaaaaaaaaaayss,1,0,1
alwaaaaaaaays,0,1,1
alwaaaays,2,0,2
alwaaays,1,0,1
alwaays,1,0,1
alwaise,1,0,1
alwaiz,0,1,1
alwalys,0,1,1
alward,1,0,1
alwas,4,3,7
alwase,1,0,1
alwasy,2,6,8
alwatan,1,0,1
alwats,2,0,2
alway,21,22,43
alwaya,1,0,1
always,6610,8315,14925
alwaysandforever,0,1,1
alwaysbad,0,1,1
alwayshd,0,1,1
alwayslove,0,1,1
alwaysmileyus,0,1,1
alwaysonaledge,0,1,1
alwayss,2,4,6
alwaysss,1,0,1
alwayssss,0,1,1
alwaysssss,1,1,2
alwaystrynafight,0,1,1
alwaysxdily,1,0,1
alwaysyou,1,0,1
alwaysz,2,4,6
alwayys,1,0,1
alwayyyyyyyssssssss,0,1,1
alwayz,12,15,27
alwaz,0,1,1
alwazs,0,1,1
alwd,1,0,1
alweer,2,1,3
alwest,0,1,1
alwez,0,1,1
alwful,1,0,1
alwight,1,0,1
alwood,0,1,1
alwr,1,0,1
alws,0,1,1
alwwayyyyss,0,1,1
alwyas,0,3,3
alwys,9,9,18
alx,0,1,1
alxm,0,1,1
aly,20,33,53
alya,1,0,1
alyankovic,0,1,1
alyanna,1,1,2
alyce,2,0,2
alycee,0,1,1
alycia,2,1,3
alykat,0,1,1
alylilly,0,1,1
alyn,1,1,2
alynn,0,5,5
alyosha,0,1,1
alys,2,4,6
alysa,1,3,4
alyscia,0,1,1
alyse,1,5,6
alysenstein,0,1,1
alyses,0,1,1
alysha,1,4,5
alysheea,1,2,3
alysia,0,2,2
alysias,0,1,1
alyso,0,1,1
alyson,5,16,21
alyss,1,1,2
alyssa,62,108,170
alyssaa,0,1,1
alyssaaaa,0,1,1
alyssaaaaaaaaaa,1,0,1
alyssabruno,1,2,3
alyssah,1,0,1
alyssalaganosky,5,0,5
alyssalynn,0,2,2
alyssas,7,4,11
alysserz,0,1,1
alysson,1,0,1
alysssa,0,2,2
alysssaaa,1,0,1
alyssssa,0,1,1
alyssuh,1,0,1
alyssum,1,2,3
alysun,0,1,1
alyways,0,2,2
alyx,1,0,1
alyxx,0,1,1
alyysa,1,0,1
alyyy,0,1,1
alyze,1,0,1
alz,1,0,1
alzamora,0,1,1
alzheimer,11,0,11
alzheimers,14,5,19
alzheimes,1,0,1
alzhemers,1,0,1
alzie,0,1,1
alzimers,1,0,1
alzzaaaa,0,1,1
am,33330,23784,57114
ama,24,21,45
amaaaaa,1,0,1
amaaaaaaaaaaaaaazeeeee,0,1,1
amaaaaaaaaaazing,0,1,1
amaaaaaaaaazing,0,3,3
amaaaaaaaazing,1,0,1
amaaaaaaazing,1,2,3
amaaaaaazing,2,2,4
amaaaaaazzzzzzingggg,0,1,1
amaaaaaze,0,1,1
amaaaaazing,2,11,13
amaaaazing,6,24,30
amaaaazzziiingggg,0,1,1
amaaaazzzing,0,1,1
amaaaazzzzing,0,1,1
amaaat,1,0,1
amaaaziiiiiinnnnnggg,0,1,1
amaaaziiinngg,0,1,1
amaaaziing,0,1,1
amaaaziinng,0,1,1
amaaazing,2,18,20
amaaazingg,0,1,1
amaaazzingggg,1,0,1
amaaquentcr,1,0,1
amaasing,0,1,1
amaaze,0,1,1
amaazin,0,1,1
amaazing,4,9,13
amaazinggg,1,0,1
amaazingggg,0,1,1
amaazinnnnggg,0,1,1
amaazzee,0,1,1
amaazzing,0,1,1
amacam,0,1,1
amada,0,1,1
amadas,0,1,1
amadeus,2,6,8
amador,0,1,1
amados,0,1,1
amadou,1,1,2
amadrik,1,0,1
amaeballs,1,0,1
amaechi,0,1,1
amaezing,0,1,1
amahazing,1,0,1
amahzing,1,0,1
amai,0,1,1
amaing,0,5,5
amaingg,0,2,2
amaize,0,1,1
amaizing,3,6,9
amaizinggggggggggggggg,0,1,1
amajanese,0,1,1
amal,1,2,3
amalda,1,0,1
amalfi,1,10,11
amalgams,1,0,1
amalhs,1,0,1
amali,0,1,1
amalia,2,3,5
amaliamarsia,0,1,1
amalie,1,1,2
amaliegade,0,1,1
amalina,0,1,1
amalinaa,1,0,1
amalucky,0,1,1
amalyn,0,1,1
amalysis,1,0,1
amamda,0,1,1
amameeeeeeeee,1,0,1
amaming,0,1,1
amamnda,0,1,1
aman,1,6,7
amana,1,1,2
amanah,1,0,1
amanaimages,1,0,1
amanat,1,0,1
amancay,0,1,1
amand,0,1,1
amanda,186,292,478
amandaa,1,1,2
amandaaa,1,1,2
amandaaaaaaaaaa,0,1,1
amandadizon,1,0,1
amandadropdead,0,1,1
amandafriends,1,0,1
amandajeffries,0,1,1
amandaland,0,1,1
amandaleigh,0,1,1
amandalovesyouu,1,0,1
amandanaomi,0,1,1
amandaoliva,0,1,1
amandapalmer,18,11,29
amandar,0,1,1
amandas,8,18,26
amandassss,0,1,1
amander,0,1,1
amandi,0,1,1
amandina,0,1,1
amandine,1,0,1
amando,0,1,1
amanduhwood,1,0,1
amaneci,0,1,1
amangda,1,0,1
amanh,5,10,15
amanha,2,1,3
amani,0,2,2
amanii,0,1,1
amanina,0,1,1
amanita,1,1,2
amaniy,0,1,1
amannda,1,0,1
amannh,0,1,1
amano,0,1,1
amanpour,2,0,2
amant,1,0,1
amante,1,0,1
amanzimtoti,0,1,1
amanzing,0,1,1
amap,0,1,1
amar,2,5,7
amara,3,2,5
amarande,1,0,1
amaranth,3,1,4
amaratti,1,0,1
amaratunge,0,1,1
amarcord,0,1,1
amare,1,4,5
amaretto,5,11,16
amari,1,0,1
amarica,1,0,1
amarillo,10,12,22
amaris,0,3,3
amaro,0,1,1
amarok,13,6,19
amarth,1,3,4
amaru,1,2,3
amarula,0,2,2
amarulla,0,2,2
amaryllis,1,0,1
amarzing,1,0,1
amaseing,1,0,1
amashzine,0,1,1
amasing,0,2,2
amason,1,0,1
amass,1,0,1
amassive,0,1,1
amasterpiece,0,1,1
amat,4,4,8
amatauer,0,1,1
amatching,1,0,1
amateaur,1,0,1
amateur,17,32,49
amateurish,2,3,5
amateurs,4,3,7
amath,5,2,7
amathematics,1,0,1
amathing,0,1,1
amaths,4,2,6
amatter,1,0,1
amatuears,1,0,1
amatuer,0,1,1
amatuere,0,1,1
amatuerrr,1,0,1
amatuers,0,1,1
amature,3,0,3
amaturish,1,0,1
amaya,1,3,4
amayzeeng,0,1,1
amaz,1,3,4
amazaing,0,2,2
amazake,0,1,1
amazazazing,0,1,1
amazazing,2,3,5
amazazingggg,0,1,1
amaze,21,65,86
amazeballs,13,25,38
amazecore,0,1,1
amazed,71,204,275
amazee,1,2,3
amazeeee,0,3,3
amazeeeeeee,0,1,1
amazeing,2,1,3
amazement,1,6,7
amazen,1,1,2
amazes,10,28,38
amazetastic,0,1,1
amazig,1,1,2
amaziiiiiiiiiiiing,0,1,1
amaziiiiing,0,2,2
amaziiiing,0,4,4
amaziiing,0,6,6
amaziin,0,1,1
amaziing,2,11,13
amaziinggg,0,1,1
amaziingly,0,1,1
amaziinngg,0,1,1
amaziinnnnnng,0,1,1
amazin,38,109,147
amazind,1,1,2
amazing,2776,9034,11810
amazingday,0,1,1
amazingdaythough,1,0,1
amazingest,0,1,1
amazingestestest,0,1,1
amazingeven,1,0,1
amazingg,11,81,92
amazinggg,8,73,81
amazingggg,9,32,41
amazinggggg,2,13,15
amazingggggg,1,4,5
amazinggggggg,3,2,5
amazinggggggggg,1,0,1
amazingggggggggg,0,2,2
amazinggggggggggg,0,2,2
amazingggggggggggg,0,1,1
amazinggggggggggggg,0,1,1
amazingly,79,199,278
amazinglyamazing,0,2,2
amazinglyawesomenessnessness,0,1,1
amazinglyhuge,0,1,1
amazingness,10,24,34
amazingrace,0,2,2
amazings,0,2,2
amazingsex,0,1,1
amazingthank,0,1,1
amazinificent,0,1,1
amazinly,1,1,2
amazinng,0,5,5
amazinngg,0,2,2
amazinngggg,1,0,1
amazinnng,1,2,3
amazinnnggg,0,1,1
amazinnnng,0,1,1
amazinnnnggg,0,1,1
amazinnnnng,1,1,2
amazinnnnnnggggg,0,1,1
amazinq,0,1,1
amazinqq,0,2,2
amazment,0,1,1
amazming,0,1,1
amazn,1,1,2
amazng,0,1,1
amazning,0,1,1
amazon,233,284,517
amazonas,0,1,1
amazondotcom,1,0,1
amazones,0,1,1
amazonfail,2,0,2
amazong,0,1,1
amazonia,0,1,1
amazonian,0,1,1
amazonmp,0,1,1
amazons,0,2,2
amazuino,0,1,1
amazura,2,1,3
amazxing,0,1,1
amazziinng,0,1,1
amazziinnggggg,0,1,1
amazzing,0,11,11
amazzingg,0,1,1
amazzingggg,1,0,1
amazzinngg,0,1,1
amazzinnggg,0,1,1
amazzinngggg,0,1,1
amazzinnnggg,0,1,1
amazzuuuhhhiiinng,0,1,1
amazzz,0,1,1
amazzzing,1,5,6
amazzzingggg,1,0,1
amazzzziingg,0,1,1
amazzzziinggg,0,1,1
amazzzzing,1,2,3
amazzzzzzing,0,1,1
amazzzzzzzzing,0,2,2
amb,5,3,8
ambal,0,1,1
ambala,0,1,1
ambalat,1,3,4
ambani,0,1,1
ambar,0,2,2
ambas,1,1,2
ambasador,2,0,2
ambassador,9,15,24
ambassadori,0,1,1
ambassadors,1,1,2
ambassathingy,0,1,1
ambassee,1,0,1
ambattur,1,0,1
ambawamba,1,0,1
ambbuurrrr,1,0,1
ambeeerrrr,1,0,1
ambein,1,0,1
ambelside,0,1,1
amben,1,0,1
amber,94,169,263
amberdms,0,2,2
amberfest,0,1,1
amberger,1,0,1
ambergirl,0,1,1
amberlea,1,0,1
amberlicious,1,1,2
amberlin,1,1,2
amberlovely,1,2,3
amberly,1,1,2
ambern,0,1,1
amberoshia,1,0,1
amberp,0,1,1
amberr,0,1,1
amberrr,0,1,1
amberrrs,0,1,1
ambers,10,7,17
amberskin,0,1,1
ambersons,1,0,1
ambert,0,1,1
ambertini,0,3,3
ambi,2,2,4
ambian,1,0,1
ambiance,3,8,11
ambiant,0,1,1
ambidextrous,2,1,3
ambien,37,18,55
ambience,2,7,9
ambiens,1,0,1
ambient,5,7,12
ambienteer,1,0,1
ambientintimacy,0,1,1
ambients,1,0,1
ambigram,0,1,1
ambigrams,1,0,1
ambiguity,1,4,5
ambiguous,7,9,16
ambiguously,0,1,1
ambil,1,3,4
ambipur,0,1,1
ambiru,0,1,1
ambisyosang,0,1,1
ambition,7,21,28
ambitionez,0,1,1
ambitions,3,9,12
ambitious,7,25,32
ambivalent,2,3,5
ambivelent,1,0,1
ambiye,0,2,2
amble,0,5,5
ambleside,0,1,1
ambling,1,1,2
amblyopia,1,0,1
ambo,2,2,4
ambon,3,1,4
ambos,1,2,3
amboss,0,1,1
ambr,0,1,1
ambre,1,1,2
ambreeeezyy,1,0,1
ambros,0,4,4
ambrose,4,4,8
ambrosia,2,0,2
ambrosio,1,2,3
ambrotious,0,1,1
ambs,4,2,6
ambtenaar,0,1,1
ambug,1,0,1
ambuklao,0,1,1
ambulance,53,12,65
ambulances,5,1,6
ambular,1,0,1
ambulatory,0,1,1
ambulence,1,0,1
ambulences,3,0,3
ambull,1,0,1
ambulls,1,0,1
ambunan,1,0,1
ambuscade,0,1,1
ambush,4,8,12
ambushed,8,1,9
ambushmakeover,0,1,1
ambuyat,1,0,1
ambx,1,0,1
amby,1,0,1
ambyr,0,1,1
ambz,0,1,1
amc,31,25,56
amca,0,1,1
amcan,0,1,1
amcas,3,0,3
amcharts,1,0,1
amcle,1,0,1
amcmain,1,0,1
amcninjadecided,0,1,1
amcom,0,1,1
amcore,1,0,1
amcs,1,0,1
amcsi,1,0,1
amd,47,23,70
amda,1,0,1
amdabad,0,2,2
amdela,0,1,1
amdg,0,1,1
amdllah,0,1,1
amdoar,0,1,1
amdocs,1,0,1
amdoooooooh,1,0,1
amdroid,0,1,1
amds,2,0,2
amdulilllaaaaaah,0,1,1
amdullah,0,1,1
ame,5,5,10
ameba,1,0,1
amebix,2,0,2
ameblo,0,1,1
amec,1,0,1
amecacey,0,1,1
amedd,0,1,1
amee,1,2,3
ameeeeei,0,1,1
ameeeen,0,1,1
ameel,1,1,2
ameen,1,2,3
ameeting,1,0,1
amegah,0,1,1
amehaquaboogie,0,1,1
amei,0,1,1
amein,1,0,1
amekataa,1,0,1
amel,2,4,6
amela,2,0,2
ameland,0,1,1
amelia,26,43,69
ameliaaaaa,0,1,1
amelias,1,2,3
amelie,10,15,25
ameline,1,0,1
ameliyatla,0,1,1
amelle,1,2,3
amellia,0,2,2
amells,0,1,1
amely,1,1,2
amen,85,258,343
amena,1,2,3
amend,4,2,6
amendable,1,0,1
amended,2,0,2
amending,0,1,1
amendment,4,10,14
amendments,0,1,1
amendmnt,1,0,1
amendola,1,1,2
amends,1,7,8
amenities,1,3,4
amenn,0,2,2
amennn,1,0,1
amennnn,0,1,1
amenprizzle,1,0,1
amens,1,0,1
amensia,1,0,1
ament,1,0,1
amentities,0,1,1
ameo,0,1,1
ameoba,0,2,2
ameobas,0,1,1
amer,6,3,9
amerah,0,1,1
ameratrade,1,0,1
amercan,0,1,1
amercia,2,1,3
amercian,3,1,4
amercians,0,1,1
amereecana,1,0,1
ameretta,1,0,1
ameri,1,0,1
ameria,1,0,1
amerian,0,3,3
americ,0,1,1
america,614,551,1165
americaa,3,1,4
americaaa,3,0,3
americaaaa,0,1,1
americade,0,1,1
americain,1,1,2
americal,0,1,1
americaland,1,0,1
americall,0,1,1
american,551,795,1346
americana,7,14,21
americanapparel,1,0,1
americanas,0,1,1
americandad,0,1,1
americandreams,0,1,1
americanisation,1,0,1
americanism,1,0,1
americanisms,1,1,2
americanization,1,0,1
americanized,1,0,1
americannnnaaaaaaa,0,1,1
americano,6,7,13
americanos,0,1,1
americans,90,86,176
americansandtheirweirdtastebuds,1,0,1
americanwomann,1,0,1
americanwomannn,0,2,2
americas,11,33,44
americasmiles,0,1,1
americian,0,1,1
americinn,1,0,1
americna,0,1,1
americone,1,1,2
americorps,0,1,1
americus,0,1,1
amerie,0,4,4
ameriicaa,1,0,1
amerika,1,3,4
amerikaanse,0,1,1
ameritrade,1,0,1
amerlu,1,0,1
amero,1,0,1
amerreekkkaaahh,1,0,1
amers,0,1,1
amersfoort,0,1,1
amerykah,1,0,1
ames,6,8,14
amesha,1,0,1
amesoeurs,1,0,1
amest,0,1,1
amesterdam,0,3,3
amestrian,0,1,1
amethyst,2,5,7
amex,12,7,19
amexiuz,0,1,1
ameypie,0,1,1
amez,0,1,1
amezin,1,0,1
amezing,0,1,1
amf,6,6,12
amfffff,1,0,1
amfph,1,0,1
amfs,1,0,1
amg,7,2,9
amgoing,0,1,1
amgonna,0,1,1
amgrat,0,2,2
amgry,1,0,1
amhadinajads,0,1,1
amhc,1,0,1
amherst,4,5,9
amhzz,1,0,1
ami,18,19,37
amia,1,2,3
amiable,3,0,3
amiah,1,0,1
amiazin,0,1,1
amible,1,0,1
amibtious,0,1,1
amic,0,1,1
amicable,1,0,1
amicably,1,1,2
amical,0,2,2
amicas,0,1,1
amici,1,3,4
amicis,0,1,1
amics,0,1,1
amicus,0,1,1
amid,2,1,3
amidol,0,2,2
amidst,5,4,9
amie,3,8,11
amiee,2,2,4
amiel,0,1,1
amien,1,2,3
amiera,0,1,1
amies,3,2,5
amiga,16,25,41
amigaa,1,0,1
amigaaa,1,0,1
amigaaaa,1,0,1
amigaaayiorehifoegfuo,1,0,1
amigaos,0,1,1
amigas,6,11,17
amigdalite,1,0,1
amigdalitis,1,0,1
amigga,1,1,2
amigo,10,16,26
amigos,18,33,51
amigraine,1,0,1
amigui,0,1,1
amiguis,1,0,1
amigurumi,2,2,4
amii,0,3,3
amiie,1,1,2
amiigaa,1,0,1
amiii,0,1,1
amiiiga,1,0,1
amiiiii,0,1,1
amiiiiiin,0,1,1
amiiiin,0,2,2
amiiin,0,1,1
amiin,1,0,1
amiina,1,0,1
amiinnnn,1,0,1
amika,0,1,1
amil,0,1,1
amiles,1,0,1
amilie,1,0,1
amillie,0,1,1
amillion,4,1,5
amilya,0,3,3
amimal,1,0,1
amimals,1,0,1
amimee,0,1,1
amin,10,22,32
amina,0,2,2
aminah,1,1,2
aminal,1,1,2
aminals,2,1,3
aminamin,0,1,1
aming,1,0,1
aminin,0,1,1
aminn,0,1,1
aminnn,0,2,2
aminte,1,0,1
aminty,0,1,1
amir,5,8,13
amira,2,1,3
amirah,3,2,5
amirates,1,0,1
amire,0,1,1
amiright,0,1,1
amirite,2,2,4
amirkabir,0,1,1
amirrrrr,1,0,1
amirul,1,1,2
amis,2,6,8
amisdada,1,0,1
amish,18,22,40
amisha,0,1,1
amishooo,0,1,1
amishuuuuuu,0,1,1
amiss,2,2,4
amistad,2,2,4
amit,0,4,4
amita,0,1,1
amitab,1,0,1
amitabh,0,1,1
amitie,0,1,1
amitri,0,1,1
amity,0,9,9
amityville,2,2,4
amiuga,0,1,1
amiwis,0,1,1
amix,0,1,1
amixx,0,2,2
amiyah,0,2,2
amiyo,0,1,1
amiyumi,1,0,1
amj,0,3,3
amjad,1,0,1
amjust,0,1,1
amjw,1,0,1
amk,1,1,2
amke,3,1,4
amkhub,1,0,1
aml,3,3,6
amli,0,1,1
amlntsha,1,0,1
amm,14,11,25
amma,3,6,9
ammaazziinngg,0,1,1
ammachi,1,0,1
ammaci,1,0,1
amman,0,3,3
ammar,0,3,3
ammarules,1,0,1
ammassed,0,1,1
ammazing,0,2,2
ammeerrrriicaaaa,0,1,1
ammend,0,1,1
ammendants,1,0,1
ammended,0,1,1
ammender,0,1,1
ammendments,1,0,1
ammends,2,0,2
ammessa,0,1,1
ammezzing,0,1,1
ammi,1,0,1
ammie,0,2,2
ammies,0,1,1
ammm,12,10,22
ammmaaaazzingg,0,1,1
ammmaaaazzziinnggg,0,2,2
ammmaaazzinnggg,0,1,1
ammmazing,0,1,1
ammmazzing,0,1,1
ammmber,0,1,1
ammmm,3,4,7
ammmmaaaaaazzzzing,0,1,1
ammmmazing,1,1,2
ammmmm,5,1,6
ammmmmaaaaaazzzzzziiiiiiiinnnnnnnng,0,1,1
ammmmmazing,0,1,1
ammmmmm,1,2,3
ammmmmmmazing,0,1,1
ammmmmmmm,0,2,2
ammmmmmmmmmm,0,1,1
ammmmmmmmmmmmmm,0,1,1
ammmp,1,0,1
ammmyyy,0,1,1
ammnd,0,1,1
ammnet,0,1,1
ammo,13,9,22
ammon,4,1,5
ammonia,0,3,3
ammonium,0,1,1
ammontrit,0,1,1
ammouni,1,0,1
ammount,3,4,7
ammounts,2,0,2
ammoxxx,0,1,1
ammsss,0,1,1
ammu,1,0,1
ammune,1,0,1
ammunition,1,4,5
ammuse,0,2,2
ammusing,1,0,1
ammy,1,1,2
amn,1,2,3
amna,2,1,3
amnd,1,1,2
amne,0,1,1
amned,1,0,1
amnerica,1,0,1
amnesia,9,7,16
amnesiac,0,3,3
amnesiatic,0,1,1
amnest,0,1,1
amnesty,2,6,8
amnh,0,1,1
amnia,0,1,1
amniotic,2,1,3
amnon,0,1,1
amnood,1,0,1
amnt,1,1,2
amny,1,0,1
amo,34,65,99
amobi,1,0,1
amoeba,2,6,8
amoebas,0,1,1
amoebasarefunny,1,0,1
amok,3,0,3
amoke,1,0,1
amol,1,0,1
amoled,0,2,2
amolsch,1,0,1
amomst,1,0,1
amon,2,5,7
amondala,1,0,1
amone,1,0,1
amoney,1,0,1
among,58,135,193
amongst,50,61,111
amongstfriends,2,0,2
amonth,1,1,2
amoo,1,2,3
amood,1,0,1
amooo,0,3,3
amooooo,1,0,1
amoore,1,0,1
amooti,1,0,1
amor,26,31,57
amoral,0,1,1
amorcin,0,1,1
amore,2,8,10
amores,0,2,2
amorettes,1,0,1
amoroooo,1,0,1
amoroso,0,1,1
amorous,0,2,2
amorphis,1,0,1
amors,1,0,1
amorsignia,0,1,1
amorsito,1,0,1
amorsote,2,0,2
amortgage,3,0,3
amory,1,0,1
amorzinha,0,1,1
amos,12,26,38
amost,2,3,5
amother,2,0,2
amound,1,0,1
amoung,2,2,4
amoungst,0,1,1
amount,309,225,534
amounted,2,0,2
amounts,85,69,154
amountt,0,1,1
amour,3,5,8
amoureux,0,1,1
amourfati,1,0,1
amourous,1,0,1
amours,1,1,2
amout,3,1,4
amoxicilin,1,0,1
amoxicillin,1,1,2
amoxil,1,0,1
amoxycillin,1,0,1
amozon,0,1,1
amp,81,72,153
ampache,0,1,1
ampal,0,1,1
ampalaya,0,1,1
ampang,1,2,3
ampat,0,1,1
ampd,0,3,3
ampe,6,3,9
amped,13,24,37
amper,1,0,1
ampere,0,1,1
ampersand,2,2,4
ampersands,1,0,1
ampf,4,1,5
ampft,1,0,1
amphetameanies,0,1,1
amphetamine,1,0,1
amphetamines,1,0,1
amphi,0,3,3
amphibian,0,2,2
amphibians,0,1,1
amphitheater,3,1,4
amphitheatre,3,2,5
amping,1,2,3
ampinoy,0,1,1
ampitheater,2,0,2
ampitheatre,1,1,2
ampitheatres,1,0,1
amplang,1,0,1
ample,1,7,8
ampleforth,0,1,1
amplified,2,1,3
amplifier,4,5,9
amplifies,2,1,3
amplify,0,3,3
amplitude,2,1,3
amplive,1,0,1
amplus,1,0,1
amply,0,1,1
ampm,1,2,3
ampoules,1,0,1
ampp,1,0,1
ampr,0,1,1
ampring,1,0,1
amprogel,0,1,1
amproject,2,0,2
amps,6,1,7
ampthill,0,1,1
ampublicrelations,1,0,1
ampules,0,1,1
ampun,2,1,3
ampung,1,0,1
amputa,0,1,1
amputate,2,1,3
amputated,14,1,15
amputation,3,0,3
amputations,1,0,1
amputechture,0,1,1
amputee,2,1,3
ampy,0,1,1
amr,3,10,13
amrayu,0,1,1
amrica,0,1,1
amrie,0,1,1
amrikan,0,1,1
amristsar,0,1,1
amrita,1,1,2
amritsar,1,1,2
amro,0,1,1
amrons,1,0,1
amruta,0,1,1
amrutanjal,0,1,1
ams,12,11,23
amscreen,0,1,1
amseterdam,1,0,1
amshiz,1,0,1
amsn,1,2,3
amsoil,0,1,1
amsosorry,1,0,1
amstel,2,3,5
amstell,3,3,6
amstelstraat,1,0,1
amstelveen,1,1,2
amster,1,0,1
amsterdam,123,179,302
amsterdame,1,0,1
amsterdamize,0,1,1
amsterdamm,0,1,1
amsterdammm,2,0,2
amsterdamn,0,1,1
amsterdams,0,1,1
amsterdan,1,0,1
amsterdome,0,1,1
amsters,0,1,1
amstrdam,0,1,1
amstuds,1,0,1
amstutz,1,0,1
amsu,1,0,1
amt,9,7,16
amta,0,1,1
amtarot,0,2,2
amtc,0,1,1
amtm,1,0,1
amtrack,0,2,2
amtrak,10,7,17
amtraking,0,1,1
amtryingtofind,0,1,1
amts,2,1,3
amtv,2,0,2
amu,2,1,3
amuck,0,1,1
amul,0,1,1
amulets,0,1,1
amun,0,1,1
amundo,1,0,1
amundson,1,0,1
amung,1,0,1
amungst,0,1,1
amunisi,0,1,1
amunition,0,1,1
amunt,1,0,1
amur,1,0,1
amuro,1,0,1
amusant,1,1,2
amuse,20,59,79
amused,72,126,198
amusedd,0,1,1
amuseents,1,0,1
amusement,27,36,63
amusementpark,0,1,1
amuses,1,21,22
amusified,0,1,1
amusing,41,208,249
amusingg,1,0,1
amusingly,0,7,7
amusment,2,1,3
amusmentttt,1,0,1
amust,0,1,1
amuuuse,1,0,1
amuzing,0,1,1
amv,6,7,13
amvs,3,0,3
amw,1,0,1
amwa,1,0,1
amway,1,3,4
amwezome,0,1,1
amworkout,1,0,1
amxing,0,1,1
amy,237,399,636
amyboop,0,1,1
amyface,1,0,1
amyg,1,0,1
amygrant,0,1,1
amyhateslife,0,1,1
amyia,1,0,1
amykatethanks,0,1,1
amylea,0,1,1
amyleegonzalez,1,0,1
amylfc,1,0,1
amyluvsandy,0,1,1
amyluvssage,0,1,1
amymore,3,0,3
amyone,1,0,1
amyps,0,1,1
amyraaa,0,1,1
amyrah,0,1,1
amyrail,0,1,1
amys,6,7,13
amysinglelady,0,1,1
amythest,1,0,1
amything,1,0,1
amywantz,0,1,1
amyway,0,1,1
amywoodtv,0,2,2
amyy,1,2,3
amyyy,1,2,3
amyyys,1,0,1
amyyyy,0,3,3
amz,3,1,4
amzaed,0,1,1
amzaing,0,2,2
amzar,0,1,1
amzing,9,29,38
amzingg,0,1,1
amzn,2,0,2
an,17584,17629,35213
ana,114,100,214
anaa,1,1,2
anaaa,0,1,1
anaaaaaaa,0,1,1
anaaaaaaaaaaaaaaaaaa,1,0,1
anaaaaaaaaaaaaam,1,0,1
anaaaaaaaak,0,1,1
anaaheim,0,1,1
anaam,1,0,1
anabaptist,0,1,1
anabatic,0,1,1
anabehibak,2,0,2
anabella,1,1,2
anabelle,3,2,5
anabeth,0,1,1
anacecii,1,0,1
anachronism,1,0,1
anaclet,0,1,1
anaconda,6,0,6
anacortes,2,0,2
anad,2,0,2
anadin,1,2,3
anae,0,2,2
anaemia,1,0,1
anaemic,2,1,3
anaesthesia,2,0,2
anaesthetic,9,1,10
anageom,0,1,1
anagkh,1,0,1
anagram,1,5,6
anagramsunday,1,0,1
anah,2,0,2
anahata,0,1,1
anaheim,36,31,67
anahi,1,0,1
anahiem,1,0,1
anai,0,1,1
anaiah,1,0,1
anailogy,0,1,1
anair,1,0,1
anais,2,2,4
anaisas,0,1,1
anaita,0,1,1
anak,14,19,33
anaka,0,1,1
anakalypsoun,0,1,1
anakin,5,6,11
anakku,1,0,1
anaknya,2,0,2
anaks,2,0,2
anal,26,41,67
analeigh,1,1,2
analfabetii,0,1,1
analgesia,1,0,1
analgesic,1,1,2
analiesse,1,0,1
analisa,1,1,2
analisis,2,0,2
analiza,2,0,2
analize,1,1,2
anall,2,0,2
anally,2,0,2
analog,18,15,33
analogies,0,2,2
analogous,0,1,1
analogsoul,0,1,1
analogsuicide,0,1,1
analogue,7,2,9
analogy,4,29,33
analouge,1,0,1
analsex,0,1,1
analyse,8,5,13
analysed,1,0,1
analyses,2,1,3
analysing,7,6,13
analysis,61,60,121
analyst,6,9,15
analysts,2,3,5
analytic,1,1,2
analytical,3,5,8
analytically,0,1,1
analytics,23,37,60
analyze,9,10,19
analyzed,1,2,3
analyzer,3,3,6
analyzes,0,1,1
analyzing,7,10,17
analyzr,1,0,1
anam,2,0,2
anamanaguchi,0,1,1
anamaria,0,1,1
anamatronics,1,0,1
anamenudo,0,1,1
anamoly,1,0,1
anana,0,1,1
ananan,0,1,1
ananas,1,2,3
anand,3,3,6
ananda,1,2,3
anandspeak,0,1,1
ananga,0,2,2
anansi,3,0,3
anansie,1,1,2
ananth,0,1,1
ananthapuri,0,1,1
ananya,1,0,1
ananyze,2,0,2
anaphalactic,1,0,1
anaphylactic,0,1,1
anaphylaxis,3,0,3
anapropreat,1,0,1
anarbor,5,8,13
anarchism,1,0,1
anarchist,2,3,5
anarchists,0,1,1
anarcho,0,1,1
anarchy,5,10,15
anarmy,1,0,1
anas,1,4,5
anasaa,0,1,1
anasazi,2,0,2
anasia,0,1,1
anasta,1,0,1
anastacia,0,1,1
anastashia,1,0,1
anastasia,7,11,18
anastatia,0,1,1
anat,1,2,3
anata,0,2,2
anatate,1,0,1
anathallo,1,0,1
anathem,0,1,1
anathema,0,3,3
anathomy,1,0,1
anatolia,1,0,1
anatolian,0,1,1
anatomic,1,0,1
anatomical,1,0,1
anatomically,0,3,3
anatomicals,1,0,1
anatomny,1,0,1
anatomy,202,104,306
anatta,1,0,1
anau,1,1,2
anavah,1,0,1
anaversiry,1,0,1
anavol,0,1,1
anaw,2,0,2
anawanna,2,0,2
anaya,0,1,1
anazel,0,1,1
anazing,0,4,4
anbd,0,2,2
anberlien,0,1,1
anberlin,40,28,68
anberling,0,1,1
anbesol,3,0,3
anbig,0,1,1
anbody,0,2,2
anbosol,1,0,1
anbout,1,1,2
anc,8,9,17
anca,3,2,5
ancara,1,0,1
ancashire,1,0,1
ancaster,0,2,2
ancelle,0,1,1
ancellotti,0,1,1
ancelotti,1,4,5
ances,1,0,1
ancestor,1,2,3
ancestors,2,11,13
ancestral,1,0,1
ancestry,3,1,4
anch,0,1,1
anche,3,4,7
anchis,0,1,1
anchor,15,27,42
anchorage,8,7,15
anchored,2,1,3
anchoress,0,1,1
anchoring,4,3,7
anchorman,8,8,16
anchormen,1,0,1
anchors,2,8,10
anchortown,1,0,1
anchorvale,1,0,1
anchorwoman,0,1,1
anchov,0,1,1
anchovies,5,1,6
anchovy,0,3,3
ancident,0,1,1
ancien,0,1,1
ancient,53,61,114
ancientness,1,0,1
ancients,2,1,3
ancika,0,1,1
ancira,1,0,1
anckel,1,0,1
anckles,1,0,1
ancle,4,1,5
anco,1,0,1
ancoats,0,1,1
ancol,2,2,4
ancon,2,0,2
ancona,0,1,1
ancor,0,1,1
anctious,0,1,1
ancur,0,1,1
ancurrrrr,1,0,1
ancy,2,0,2
ancyl,0,1,1
and,153958,149642,303600
anda,7,6,13
andaeng,1,0,1
andain,1,0,1
andak,1,0,1
andakilsa,1,0,1
andaleee,1,0,1
andall,0,2,2
andalucia,0,2,2
andaluza,0,1,1
andaman,0,1,1
andame,0,1,1
andamento,1,0,1
andami,0,4,4
andaming,1,1,2
andand,2,0,2
andappstore,0,1,1
andar,1,0,1
andara,0,1,1
andare,0,1,1
andas,0,3,3
andato,0,1,1
andaz,0,1,1
andazi,1,0,1
andbeer,1,0,1
andboring,1,0,1
andbthe,1,0,1
andby,0,1,1
andcan,0,1,1
andcasien,0,1,1
andcaucasian,1,0,1
andconcerned,0,1,1
andd,37,42,79
anddd,26,33,59
andddd,10,11,21
anddddd,6,11,17
andddddd,3,3,6
anddddddd,1,2,3
anddddddddd,0,1,1
andddyyy,0,1,1
anddead,1,0,1
anddunkin,0,1,1
ande,3,2,5
andeat,0,1,1
anded,1,0,1
andee,0,2,2
andees,0,1,1
andele,1,2,3
anden,1,0,1
andere,1,2,3
anderem,0,1,1
anderen,1,0,1
anderes,0,1,1
anderra,0,1,1
anders,7,9,16
andersen,0,1,1
andersens,0,1,1
anderson,49,60,109
andersonesque,0,1,1
andersonville,1,2,3
andersson,1,0,1
anderz,1,0,1
andes,2,3,5
andespaceillay,1,0,1
andet,0,1,1
andf,3,0,3
andfinally,0,1,1
andfound,0,1,1
andgoig,1,0,1
andgood,1,0,1
andgot,0,1,1
andhanging,0,1,1
andhattie,1,0,1
andheri,3,2,5
andhika,1,0,1
andhimof,0,1,1
andhooked,0,1,1
andhra,3,1,4
andi,23,19,42
andiamo,2,0,2
andicakes,1,0,1
andicanstillheathemusic,1,0,1
andie,7,8,15
andiee,1,0,1
andien,0,1,1
andies,1,1,2
andiestarlight,0,1,1
andif,0,1,1
andii,1,0,1
andiiiiiiiiiiiiiiiiiiiiiiiiiiiiiiiiiiiiii,0,1,1
andika,1,0,1
andim,4,2,6
andineedhelp,0,1,1
andios,0,1,1
andis,2,0,2
andito,2,2,4
andiwatched,0,1,1
andje,0,1,1
andjob,0,1,1
andl,0,1,1
andlookingfor,1,0,1
andmandy,0,1,1
andme,1,0,1
andmeid,1,1,2
andmeside,0,1,1
andn,1,0,1
andnav,1,0,1
andni,1,0,1
andnim,1,0,1
andno,2,0,2
andnow,3,0,3
ando,8,6,14
andoh,1,0,1
andoird,0,1,1
andolfh,0,1,1
andon,0,1,1
andonlyme,1,0,1
andoq,1,0,1
andoteeeee,1,0,1
andother,1,0,1
andouillie,1,0,1
andover,2,1,3
andoy,0,1,1
andpark,0,3,3
andpoo,0,1,1
andr,2,6,8
andra,2,2,4
andrade,1,0,1
andratx,1,0,1
andray,1,0,1
andraz,0,1,1
andre,37,47,84
andrea,65,130,195
andreaa,0,2,2
andreaaaaaaaa,0,1,1
andreamazing,1,0,1
andrean,1,0,1
andreano,0,1,1
andreaohhh,0,1,1
andreas,12,12,24
andreaschoice,1,0,1
andree,0,1,1
andreea,2,2,4
andreeeeeeee,1,0,1
andreeeeeeeeeeeeeeeeeeeeeeee,0,1,1
andreev,2,0,2
andrei,1,2,3
andreita,0,1,1
andrejarh,0,1,1
andreline,1,0,1
andrem,0,1,1
andreoli,0,1,1
andres,8,7,15
andretti,2,4,6
andreu,0,1,1
andrew,200,252,452
andrewbui,1,0,1
andrewcilley,1,0,1
andrewjames,0,1,1
andrewlamb,1,0,1
andrewll,0,1,1
andrews,20,22,42
andrewww,1,2,3
andrewwww,1,1,2
andrex,2,0,2
andria,1,0,1
andrina,0,1,1
andring,1,0,1
andriod,2,2,4
andriois,1,0,1
andrly,1,0,1
andro,1,1,2
androgyne,1,0,1
androgynous,1,0,1
android,83,126,209
androidcommunity,0,1,1
androids,0,4,4
andromeda,1,3,4
andronicus,1,1,2
androsity,1,0,1
andru,1,0,1
andrummm,1,0,1
andry,1,1,2
andrzej,1,0,1
ands,4,6,10
andsaw,2,0,2
andsick,1,0,1
andswere,0,1,1
andt,0,1,1
andtangle,1,0,1
andthe,1,2,3
andthen,1,2,3
andthenfelloffthebed,0,1,1
andthere,1,0,1
andthis,1,0,1
andtofind,0,1,1
anduinagood,0,1,1
andun,2,4,6
andung,1,0,1
andutzu,1,0,1
andva,0,1,1
andvance,0,1,1
andventure,1,0,1
andvr,0,1,1
andwaiting,1,0,1
andwe,1,0,1
andwill,1,0,1
andwishing,1,0,1
andwondering,1,0,1
andwows,0,1,1
andy,307,584,891
andyb,1,1,2
andyboo,0,1,1
andyc,0,1,1
andyclemensen,1,0,1
andyclemmensen,12,84,96
andyclemmenson,0,1,1
andycrash,0,1,1
andydick,2,3,5
andydrew,0,1,1
andyf,1,0,1
andygeorge,1,0,1
andyhurley,1,7,8
andyhurleyday,35,153,188
andyhurleyisawesome,0,4,4
andylamb,1,0,1
andyou,1,0,1
andyp,0,2,2
andypants,1,0,1
andypoolhall,1,0,1
andyqr,0,1,1
andyroos,1,0,1
andys,12,6,18
andysss,0,1,1
andyunderground,1,0,1
andyway,1,0,1
andywendt,0,1,1
andywigan,0,1,1
andyx,0,1,1
andyy,1,1,2
andyyy,1,1,2
andyz,1,0,1
ane,5,10,15
aneamic,1,0,1
aneasthetic,1,0,1
anecdotal,0,2,2
anecdote,1,1,2
anecdotes,1,4,5
anee,0,1,1
anees,0,2,2
aneesa,1,1,2
aneesah,0,1,1
aneesh,0,1,1
aneesha,0,1,1
aneeshes,1,1,2
aneething,1,0,1
aneezd,0,1,1
aneh,4,2,6
aneih,0,1,1
anejo,0,1,1
aneka,1,0,1
anekaku,0,1,1
aneko,0,4,4
anelis,1,0,1
anelitha,1,0,1
anelka,1,0,1
anelkas,1,0,1
anelli,0,1,1
anemia,9,1,10
anemic,12,2,14
anemicmajorlabelrubbishthatnoonewillbuy,1,0,1
anemone,0,1,1
anen,1,0,1
anent,1,0,1
aner,1,0,1
anera,0,2,2
anerexic,1,0,1
aneroxic,0,2,2
anerysm,1,0,1
anessa,2,0,2
anesthesia,6,6,12
anesthetic,9,2,11
anesthetics,1,0,1
anesthetist,0,1,1
anesti,1,7,8
anestisia,1,0,1
anethesia,1,0,1
anetko,1,0,1
anetshare,0,1,1
anette,1,3,4
anettys,1,0,1
aneurin,1,0,1
aneurism,1,0,1
aneurysm,6,2,8
anew,6,14,20
anewday,1,0,1
anex,0,1,1
anf,10,8,18
anfair,1,0,1
anfd,0,1,1
anfernee,1,0,1
anferney,1,0,1
anfield,6,6,12
anfollpwer,0,1,1
anfoneeey,0,1,1
ang,266,268,534
anga,2,0,2
angain,1,0,1
angajare,0,1,1
angamali,0,1,1
angarano,0,1,1
angareshwar,1,0,1
angcute,0,1,1
ange,6,20,26
angebot,0,1,1
angeeeeeeeeelllllllllll,1,0,1
angeel,1,0,1
angehllic,1,0,1
angek,0,1,1
angekommen,0,3,3
angel,338,407,745
angela,58,81,139
angelaaaaaa,1,0,1
angelafee,0,1,1
angelas,1,2,3
angelauren,0,1,1
angelcatsugar,0,1,1
angele,0,2,2
angelea,1,0,1
angelee,1,0,1
angelena,0,1,1
angelenos,0,2,2
angeles,93,105,198
angelface,1,2,3
angelfire,0,1,1
angelfish,1,0,1
angelfood,0,1,1
angeli,0,2,2
angelia,1,0,1
angelic,2,20,22
angelica,8,14,22
angelically,1,0,1
angelicbiscuit,0,1,1
angelics,0,1,1
angelie,0,1,1
angelika,0,1,1
angelina,21,30,51
angeline,1,5,6
angelique,2,6,8
angelireul,0,1,1
angelita,1,0,1
angelitos,0,2,2
angelkim,0,1,1
angell,3,1,4
angellina,1,0,1
angellland,1,0,1
angelllla,0,1,1
angelllll,1,0,1
angellove,0,1,1
angelmuse,0,1,1
angelo,18,15,33
angelos,0,1,1
angeloser,0,2,2
angelou,0,2,2
angels,342,464,806
angelsanddemons,1,3,4
angelus,1,1,2
angelwinks,0,1,1
angelxup,1,1,2
angelyna,0,1,1
angelyne,0,1,1
angelynn,1,0,1
angelysis,1,0,1
angennette,0,1,1
angeoplasty,1,0,1
anger,103,77,180
angerball,0,1,1
angered,9,1,10
angerness,1,0,1
angers,8,2,10
angery,1,0,1
angesagt,0,1,1
anget,1,1,2
angetan,0,2,2
angetin,1,0,1
angg,1,0,1
angga,3,1,4
angge,1,0,1
anggep,1,0,1
anggi,1,1,2
anggie,0,1,1
angging,0,1,1
anggingg,0,1,1
anggio,0,1,1
anggrek,1,2,3
anggun,0,1,1
anggunatami,0,1,1
anghel,0,1,1
anghy,0,1,1
anghys,0,1,1
angi,4,5,9
angie,47,69,116
angieeee,0,1,1
angieeeee,0,1,1
angieiacobazzi,1,0,1
angielisa,1,0,1
angiepuddnpie,0,1,1
angiepuss,1,0,1
angies,2,7,9
angiggle,0,1,1
angiiebop,1,0,1
angiii,2,0,2
angiiieexxx,0,1,1
angilena,0,1,1
angilicious,0,1,1
angin,6,4,10
angina,1,1,2
anginas,1,0,1
angio,2,0,2
angiogram,2,0,2
angiograms,0,1,1
angioplasties,0,1,1
angioplasty,3,0,3
angize,1,0,1
angka,1,0,1
angkat,0,1,1
angkatan,1,0,1
angkatannya,0,1,1
angkor,1,1,2
angkot,0,2,2
angkut,1,0,1
angl,1,0,1
anglais,4,3,7
angle,26,52,78
angled,4,3,7
angler,0,1,1
anglers,0,1,1
angles,14,28,42
anglesea,1,0,1
anglesey,0,1,1
anglesy,1,0,1
angleterre,1,0,1
angletv,1,0,1
angli,1,0,1
anglia,5,4,9
anglian,2,0,2
anglians,1,0,1
anglican,3,0,3
anglice,0,2,2
anglicky,1,0,1
angling,2,0,2
anglinu,1,0,1
anglizismus,0,1,1
anglo,5,6,11
anglophil,0,1,1
anglophile,0,1,1
anglosaxon,1,1,2
anglz,1,0,1
angmoh,2,0,2
angmohs,1,0,1
angmos,1,0,1
angnda,1,0,1
angola,0,3,3
angonemi,1,0,1
angoor,1,0,1
angora,1,1,2
angpao,0,3,3
angra,1,1,2
angree,1,0,1
angrey,2,2,4
angrezo,0,1,1
angried,1,0,1
angrier,3,0,3
angries,2,0,2
angriest,0,1,1
angrified,1,0,1
angrifying,1,0,1
angriiiii,1,0,1
angrily,5,5,10
angriness,1,0,1
angrrry,1,0,1
angry,762,215,977
angryalien,0,1,1
angryaussie,1,0,1
angryface,1,0,1
angryfacing,1,0,1
angrygirl,1,0,1
angryjewboy,0,1,1
angryman,1,0,1
angrymarks,1,0,1
angrytweet,1,0,1
angryy,5,0,5
angryyy,2,0,2
angryyyyyyyy,1,0,1
angschaut,0,1,1
angst,24,22,46
angsting,0,1,1
angsty,15,8,23
angua,1,0,1
angucken,0,1,1
anguilla,1,1,2
anguish,8,0,8
angulo,0,1,1
angus,21,36,57
angustia,2,0,2
angwaagee,0,1,1
angwee,1,0,1
angwy,2,0,2
angy,1,3,4
angyalf,0,1,1
anh,44,52,96
anhialate,1,0,1
anhosting,0,1,1
anhother,1,0,1
anhter,0,1,1
ani,23,45,68
ania,1,3,4
anians,1,0,1
anibal,0,1,1
anibas,0,1,1
anibody,0,1,1
anica,0,1,1
anice,0,1,1
anicent,1,0,1
anicott,0,1,1
anida,0,1,1
aniela,0,1,1
anielle,0,1,1
aniello,1,0,1
anih,0,1,1
anihilate,0,1,1
aniikaaa,0,1,1
aniimal,1,0,1
aniimatioooonnggg,0,1,1
aniitaaaa,0,1,1
anika,1,5,6
aniko,1,6,7
anil,2,1,3
anim,1,1,2
anima,0,1,1
animada,1,0,1
animae,1,0,1
animal,335,272,607
animalcrossing,1,0,1
animales,1,0,1
animalia,0,1,1
animalistic,1,1,2
animalkingdomrawkz,0,1,1
animall,1,1,2
animallllsss,0,1,1
animalrights,0,1,1
animals,269,219,488
animalskelet,0,1,1
animalss,0,1,1
animalstyle,0,1,1
animaniacs,3,4,7
animar,0,1,1
animas,0,1,1
animash,0,1,1
animate,7,6,13
animated,47,49,96
animateed,1,0,1
animatic,1,0,1
animatics,0,1,1
animating,0,9,9
animation,47,85,132
animations,12,16,28
animator,1,5,6
animatorprobs,0,1,1
animators,1,4,5
animatrix,0,1,1
animatronic,0,2,2
animatronics,0,1,1
animaux,0,1,1
animax,2,7,9
anime,84,152,236
animenext,2,3,5
animenorth,0,1,1
animepenguin,0,1,1
animeprincess,1,0,1
animes,3,4,7
animestud,1,0,1
animid,0,1,1
animmmaal,0,1,1
animo,1,1,2
animonthsary,0,1,1
animore,1,0,1
animorphs,2,1,3
animosity,1,1,2
animotion,1,0,1
animoto,0,8,8
aninha,0,2,2
anioch,1,0,1
anip,1,1,2
anipal,3,2,5
anipals,10,12,22
anipalsto,0,1,1
anipalz,0,1,1
aniq,0,1,1
aniria,0,1,1
anirudh,0,1,1
anis,1,1,2
anisah,0,2,2
anisalovesu,1,0,1
anise,2,0,2
aniseed,0,1,1
anishahow,0,1,1
anisibs,0,1,1
anissa,3,2,5
anissas,1,0,1
aniston,11,11,22
anisunday,0,1,1
anit,9,6,15
anita,21,39,60
anitacocktail,0,2,2
anitbiotics,2,0,2
anither,0,1,1
anithing,0,1,1
anithist,0,1,1
anithn,1,0,1
anitibiotics,0,1,1
anitra,0,1,1
anitta,0,1,1
aniv,1,0,1
anivers,0,3,3
aniversario,0,1,1
aniversary,9,10,19
aniversery,0,1,1
aniversiaries,0,1,1
aniway,0,1,1
aniways,1,0,1
aniweii,0,1,1
anixtey,1,0,1
aniya,1,0,1
aniyah,1,0,1
anj,2,2,4
anja,0,4,4
anjaan,1,0,1
anjal,1,1,2
anjali,2,1,3
anjan,1,1,2
anjari,0,1,1
anjeebaby,0,1,1
anjel,1,1,2
anjela,0,1,1
anjelecx,0,1,1
anjelique,1,0,1
anji,1,1,2
anjie,1,1,2
anjing,2,0,2
anjj,0,1,1
anjo,1,1,2
anjoy,1,0,1
anjrit,1,0,1
anjulie,0,1,1
anjum,0,1,1
anjunadeep,0,1,1
ank,1,2,3
ankama,0,1,1
ankara,1,1,2
ankaras,1,0,1
anke,5,1,6
ankel,7,1,8
ankels,1,0,1
ankenylife,1,0,1
ankhahee,0,1,1
ankhgit,0,1,1
ankhsvn,0,1,1
anki,1,0,1
ankie,1,1,2
ankiel,1,0,1
ankiis,0,1,1
ankile,1,1,2
ankimo,0,1,1
ankit,0,4,4
ankita,0,1,1
ankitazaveri,0,1,1
ankle,698,95,793
anklee,1,0,1
ankleezee,1,0,1
ankles,61,25,86
anklet,1,3,4
anklets,0,1,1
ankonin,1,0,1
anks,0,3,3
anksti,1,0,1
ankulrt,0,1,1
ankur,1,3,4
ankylosing,1,0,1
anl,0,2,2
anlamam,1,0,1
anlegen,1,0,1
anleitung,0,1,1
anlong,1,0,1
anly,2,1,3
anm,1,1,2
anmd,0,1,1
anmol,0,1,1
anmore,3,0,3
ann,84,129,213
anna,126,264,390
annaa,0,1,1
annaaaa,1,2,3
annaaaaaa,1,0,1
annaaaaaballs,0,1,1
annab,0,1,1
annabanana,1,2,3
annabel,2,1,3
annabell,1,0,1
annabella,0,1,1
annabellas,0,1,1
annabelle,7,9,16
annabelledestiny,0,1,1
annabeth,0,1,1
annable,0,2,2
annaboobear,0,1,1
annadale,1,0,1
annaek,1,0,1
annafe,0,1,1
annah,0,2,2
annaheim,1,0,1
annaleah,0,1,1
annalee,1,1,2
annalie,0,1,1
annaliese,1,3,4
annalisa,2,0,2
annalise,0,1,1
annalowmanisamassiveloser,1,0,1
annals,2,0,2
annalynne,1,0,1
annam,1,1,2
annan,2,3,5
annandale,2,1,3
annap,0,1,1
annapalopoli,0,1,1
annapolis,9,8,17
annas,5,8,13
annasophia,0,1,1
annatate,0,1,1
annauniv,1,0,1
annbandonment,1,0,1
anncement,1,0,1
anncer,0,1,1
annd,17,15,32
anndd,4,4,8
annddd,3,1,4
anndddd,2,3,5
anne,85,109,194
annecurtissmith,1,0,1
annecy,1,7,8
annee,0,1,1
anneke,1,2,3
anneliese,2,0,2
annemarie,1,3,4
annemettes,0,1,1
annemieke,1,0,1
anner,1,0,1
anners,0,1,1
annerversary,2,0,2
annes,3,2,5
anneshia,0,1,1
anneshirley,0,1,1
annet,3,0,3
annette,1,23,24
annettedubow,0,1,1
annex,5,5,10
annexe,1,0,1
annexing,1,0,1
annexx,1,0,1
anneyoung,7,0,7
annf,1,0,1
anng,0,1,1
annhyeonghaseyo,0,1,1
anni,13,9,22
annialate,0,1,1
annibannanie,0,1,1
annica,0,2,2
annick,2,2,4
annie,75,112,187
annieaussie,0,1,1
anniebelle,0,1,1
annieboop,0,1,1
anniegetyourgun,0,1,1
annielicious,0,1,1
annienguyen,1,0,1
annies,2,7,9
anniesland,0,1,1
annif,0,1,1
annihilate,1,3,4
annihilated,2,1,3
annihilating,1,0,1
annihilation,3,0,3
annihilator,1,0,1
annihilators,0,1,1
annika,3,6,9
annimal,1,1,2
annisa,1,2,3
annisha,0,1,1
annissa,0,1,1
anniston,4,1,5
anniv,10,16,26
annivarsary,0,1,1
anniver,0,1,1
anniverary,0,1,1
anniversaire,0,3,3
anniversaries,1,2,3
anniversary,215,547,762
anniversaryyyy,0,1,1
anniversay,2,4,6
anniversery,3,3,6
anniversiary,0,1,1
anniversry,0,1,1
annivesary,0,1,1
annivversary,0,1,1
annn,1,0,1
annnd,25,24,49
annndd,1,2,3
annnddd,3,0,3
annndddd,1,2,3
annnddddddd,1,0,1
annnie,1,1,2
annnieee,0,1,1
annniversary,0,1,1
annnnaaaa,0,1,1
annnnd,12,29,41
annnndd,0,1,1
annnnddd,0,1,1
annnndddd,0,1,1
annnngryyy,1,0,1
annnnna,0,1,1
annnnnd,11,6,17
annnnndd,1,0,1
annnnndddd,0,1,1
annnnnnd,2,1,3
annnnnnddd,1,0,1
annnnnne,1,0,1
annnnnniversary,0,1,1
annnnnnnd,1,1,2
annnnnnnnd,1,2,3
annnnnnnnnnd,1,0,1
annnnnnny,1,0,1
annnnnt,0,2,2
annnnything,1,1,2
annnouncement,1,0,1
annnoyed,1,0,1
annnoying,3,0,3
annnything,0,1,1
annnyway,1,0,1
annnywhere,0,1,1
anno,6,7,13
annoid,1,0,1
annoint,0,1,1
annointed,3,1,4
annointing,0,1,1
annoio,1,0,1
annonc,1,0,1
annoncement,0,1,1
annonymity,1,0,1
annonymous,2,1,3
annonymus,1,0,1
annoooooying,1,0,1
annooooying,1,0,1
annoop,0,1,1
annooying,1,0,1
annos,0,1,1
annot,1,0,1
annotate,3,0,3
annotated,1,3,4
annotating,3,0,3
annotation,2,3,5
annotations,0,2,2
annother,2,1,3
annouce,0,1,1
annouced,2,4,6
annoucement,3,1,4
annoucing,1,1,2
announce,81,105,186
announced,151,126,277
announcement,128,104,232
announcements,28,50,78
announcemtn,1,0,1
announcer,5,9,14
announcers,2,5,7
announces,11,12,23
announcing,26,40,66
announcment,6,3,9
announcments,1,0,1
annoy,79,89,168
annoyance,17,8,25
annoyances,4,5,9
annoyatrekkie,0,1,1
annoyd,3,0,3
annoye,0,2,2
annoyed,890,160,1050
annoyedd,1,0,1
annoyers,0,1,1
annoyes,1,0,1
annoyi,1,0,1
annoyied,1,0,1
annoyign,1,0,1
annoyiiing,0,1,1
annoyiing,1,0,1
annoyin,33,11,44
annoying,1439,750,2189
annoyingg,2,1,3
annoyinggggg,1,0,1
annoyingggggg,1,0,1
annoyinggggggg,1,0,1
annoyingly,28,8,36
annoyingnesss,0,1,1
annoyingwould,1,0,1
annoymous,1,0,1
annoyn,2,0,2
annoyng,0,1,1
annoyning,1,0,1
annoys,70,31,101
annoyyingg,0,1,1
annoyyyyinnggg,1,0,1
annpoying,1,0,1
annpyimg,1,0,1
annpying,0,1,1
annreviation,0,1,1
anns,4,1,5
annswer,0,1,1
annua,1,0,1
annual,103,104,207
annually,1,1,2
annuals,1,2,3
annuary,1,0,1
annuh,1,0,1
annul,1,0,1
annulment,1,0,1
anny,4,5,9
annyangel,0,1,1
annyed,1,0,1
annyeo,0,1,1
annyeong,0,4,4
annying,1,0,1
annymous,1,0,1
annyoed,3,0,3
annyoing,3,2,5
annyonghaseyo,1,0,1
annyoying,0,1,1
annything,1,0,1
annyway,0,1,1
annyyy,0,1,1
ano,50,40,90
anobii,1,1,2
anobs,1,0,1
anoche,4,2,6
anodising,1,0,1
anodyne,1,1,2
anofur,1,0,1
anoher,2,0,2
anohter,1,1,2
anoid,1,0,1
anoin,1,0,1
anoins,1,0,1
anoint,0,1,1
anointed,0,1,1
anointing,0,3,3
anois,0,1,1
anoka,0,1,1
anol,1,0,1
anomalies,1,0,1
anomaly,2,0,2
anomie,1,1,2
anomynous,1,0,1
anon,11,12,23
anong,1,10,11
anonimity,0,1,1
anonimo,0,1,1
anonomous,1,0,1
anons,0,2,2
anonyed,1,0,1
anonym,1,0,1
anonymised,0,1,1
anonymity,5,7,12
anonymous,20,41,61
anonymously,1,0,1
anoo,3,2,5
anood,1,0,1
anoon,1,0,1
anooo,4,3,7
anoooo,4,1,5
anooother,0,2,2
anoooyyinnggg,1,0,1
anoop,33,73,106
anoopdogg,0,1,1
anoopie,0,1,1
anoopin,0,1,1
anooping,2,2,4
anooy,0,1,1
anooyed,2,1,3
anooyin,1,0,1
anooying,1,2,3
anor,4,1,5
anorak,0,2,2
anordby,0,1,1
anorectic,1,0,1
anorexia,8,6,14
anorexic,14,5,19
anorexics,0,1,1
anoron,0,1,1
anorxia,0,1,1
anos,0,1,1
anostestic,1,0,1
anot,2,2,4
anote,0,1,1
anotehr,0,1,1
anoter,2,0,2
anoth,1,0,1
anotha,28,26,54
anothaa,1,0,1
anothe,6,8,14
another,8212,6341,14553
anotheranimefan,0,1,1
anotherday,1,1,2
anotherdell,1,0,1
anothermccoy,1,0,1
anothernother,1,0,1
anotherone,0,1,1
anotherr,1,2,3
anotherrelaxing,0,1,1
anotherrr,0,2,2
anothers,1,3,4
anothert,1,0,1
anothet,1,1,2
anothing,1,1,2
anothr,9,6,15
anothrr,0,1,1
anothwr,1,0,1
anouce,1,0,1
anouced,1,0,1
anough,2,0,2
anouk,1,3,4
anounce,2,1,3
anounced,3,1,4
anouncements,0,1,1
anouncer,0,1,1
anouncers,0,1,1
anouncing,1,1,2
anounement,0,1,1
anounncement,0,1,1
anouschka,0,2,2
anouscka,1,0,1
anoush,0,1,1
anout,4,1,5
anouther,3,0,3
anouying,1,0,1
anova,5,5,10
anoy,2,0,2
anoye,1,0,1
anoyed,9,1,10
anoyin,2,1,3
anoying,15,7,22
anoymore,2,0,2
anoyne,2,0,2
anoyonig,0,1,1
anoys,0,1,1
anoyyed,1,0,1
anoyying,2,1,3
anp,1,1,2
anpan,0,1,1
anporexia,1,0,1
anpther,1,0,1
anpw,0,1,1
anqel,1,0,1
anqi,1,0,1
anr,2,0,2
anre,0,1,1
anri,0,1,1
ans,36,38,74
ansa,2,0,2
ansafone,1,0,1
ansakit,2,0,2
ansam,0,1,1
ansaphone,0,1,1
ansarap,0,1,1
ansari,0,4,4
ansatz,0,1,1
ansel,1,2,3
ansell,0,1,1
anselm,0,1,1
ansen,0,1,1
anseo,0,1,1
anser,1,0,1
ansett,1,0,1
ansewer,0,1,1
ansewr,1,0,1
ansi,1,0,1
ansiedade,0,1,1
ansiosa,1,0,1
ansioso,1,0,1
ansious,0,1,1
ansleis,1,0,1
ansley,1,2,3
ansmann,0,1,1
ansomee,0,1,1
ansomnia,1,0,1
anson,1,1,2
ansorath,1,0,1
ansos,1,0,1
ansr,0,1,1
ansted,1,0,1
ansteroonie,0,1,1
ansu,0,2,2
answ,0,1,1
answar,2,0,2
answare,1,1,2
answe,0,1,1
answear,6,1,7
answeeeeeer,1,0,1
answeeeeer,1,0,1
answeerr,2,1,3
answer,1323,1183,2506
answerd,4,3,7
answere,0,1,1
answered,181,169,350
answereddennyphan,0,1,1
answereing,0,1,1
answerer,2,1,3
answerin,9,4,13
answering,177,145,322
answeringg,1,1,2
answern,0,1,1
answerphone,1,0,1
answerr,2,2,4
answerrrr,1,2,3
answers,191,182,373
answersforeverything,0,1,1
answersto,1,0,1
answr,2,0,2
answrd,0,1,1
ansys,0,1,1
ant,125,103,228
anta,1,0,1
antacid,1,1,2
antacids,3,0,3
antagonise,1,0,1
antagonist,1,1,2
antagonists,0,1,1
antagonize,0,1,1
antagonizer,0,1,1
antagonizes,1,0,1
antah,1,0,1
antakya,0,1,1
antalogianis,0,2,2
antalya,3,0,3
antam,0,1,1
antarctic,0,2,2
antarctica,5,7,12
antares,3,0,3
antartic,1,0,1
antartica,5,5,10
antastic,1,0,1
antatomy,0,1,1
antay,0,1,1
antbody,0,1,1
antcam,0,1,1
antdog,0,1,1
ante,3,8,11
antea,0,1,1
anteater,0,3,3
anteaters,2,2,4
antebellum,0,8,8
antec,3,1,4
anted,0,1,1
antelope,1,7,8
anten,1,0,1
antena,1,0,1
antenatal,1,0,1
anteng,0,1,1
antenna,24,7,31
antennae,7,3,10
anter,1,0,1
anteria,1,0,1
anterin,0,1,1
anterior,2,1,3
antes,3,5,8
anth,6,6,12
anthea,2,2,4
anthem,31,76,107
anthems,3,7,10
anthen,1,0,1
anther,1,1,2
anthg,0,1,1
anthill,2,1,3
anthing,2,4,6
anthink,1,0,1
anthm,0,1,1
antho,0,1,1
anthokkad,0,1,1
anthologies,0,1,1
anthology,4,12,16
anthon,0,1,1
anthoney,1,0,1
anthonia,0,1,1
anthony,100,123,223
anthonydollar,1,0,1
anthonyfilice,0,1,1
anthonygreen,0,1,1
anthonymichaelrojas,0,3,3
anthonys,1,5,6
anthonysssss,0,1,1
anthonyyy,1,0,1
anthor,0,2,2
anthr,8,3,11
anthrax,3,1,4
anthro,12,10,22
anthroplogy,0,1,1
anthropologie,4,7,11
anthropologist,0,1,1
anthropology,16,8,24
anthropomorph,1,0,1
anthropomorphic,3,0,3
anthropomorphism,0,1,1
anths,0,1,1
anthusiasm,1,0,1
anthy,0,1,1
anti,195,137,332
antiaging,1,0,1
antialias,1,0,1
antibacterial,3,3,6
antibalas,1,1,2
antibes,2,0,2
antibhavis,1,0,1
antibi,0,1,1
antibiaotics,1,0,1
antibios,1,0,1
antibiotic,19,2,21
antibiotica,1,0,1
antibiotices,1,0,1
antibiotics,161,21,182
antibo,1,0,1
antibodies,2,1,3
antibody,3,0,3
antibotic,1,0,1
antibotics,2,0,2
antiboyle,1,0,1
antic,0,2,2
antica,1,0,1
anticapitaliste,1,0,1
antichrist,1,5,6
antici,1,0,1
anticiapted,0,1,1
anticiapting,0,1,1
anticipate,6,10,16
anticipated,33,21,54
anticipates,0,1,1
anticipatin,1,0,1
anticipating,31,38,69
anticipation,34,61,95
anticipations,0,1,1
anticlimactic,5,2,7
anticlimatic,4,0,4
anticlimax,3,3,6
anticlockwise,1,1,2
anticonformist,0,1,1
anticpating,1,0,1
anticpation,1,0,1
antics,28,30,58
anticts,1,0,1
anticuchos,0,1,1
anticyclones,1,0,1
antidepressant,0,1,1
antidepressants,4,0,4
antidepressents,1,0,1
antidisestablishmentarianism,0,2,2
antidote,2,3,5
antidrug,0,1,1
antie,0,2,2
antiff,1,0,1
antifreeze,2,0,2
antifun,1,0,1
antifungal,1,0,1
antifunny,1,0,1
antigay,1,0,1
antigeek,0,2,2
antigens,1,0,1
antiglare,1,0,1
antigone,2,1,3
antigonish,0,1,1
antigoth,0,1,1
antigravity,0,1,1
antigua,2,7,9
antiguan,1,0,1
antih,1,0,1
antihelix,1,0,1
antihero,0,2,2
antihistamine,5,3,8
antihistamines,12,0,12
antiinflammatories,0,1,1
antijito,0,1,1
antijonasbrothersday,0,1,1
antiks,1,0,1
antil,1,0,1
antillian,0,1,1
antimajoritarian,0,1,1
antimatter,1,2,3
antimc,0,1,1
antimiley,1,1,2
antinyita,0,1,1
antiobiotics,2,0,2
antioch,4,3,7
antionette,1,0,1
antioxidant,0,2,2
antioxidants,2,10,12
antioxidents,0,1,1
antip,1,0,1
antipasta,1,0,1
antipasti,1,1,2
antipatika,0,1,1
antipatterns,1,0,1
antipedian,0,1,1
antiperspirants,1,0,1
antipesto,0,1,1
antiphon,1,0,1
antipodea,1,0,1
antipodeans,2,0,2
antipodes,0,1,1
antipolis,1,1,2
antipolo,2,2,4
antiporn,1,0,1
antipottymouth,0,1,1
antiprom,0,1,1
antiquanted,1,0,1
antiquated,0,1,1
antique,29,35,64
antiques,7,20,27
antiquing,0,2,2
antiracism,1,0,1
antiracist,1,0,1
antiseptic,1,0,1
antisex,1,0,1
antishake,1,0,1
antishychotic,1,0,1
antismoking,1,0,1
antisociable,1,0,1
antisocial,13,7,20
antisocialmedia,1,0,1
antispyware,2,1,3
antista,1,0,1
antithesis,2,0,2
antitragus,0,1,1
antitrust,0,4,4
antitrypsin,0,1,1
antiuse,1,0,1
antivibe,0,1,1
antivir,0,2,2
antivirus,18,7,25
antix,1,0,1
antler,0,3,3
antlers,0,2,2
antlr,1,0,1
antm,43,32,75
antmen,1,0,1
anto,2,2,4
antobiotics,1,0,1
antoine,0,2,2
antoineettteeee,1,0,1
antoinette,7,11,18
antoinne,1,0,1
antok,2,0,2
antomical,1,0,1
antomy,0,1,1
anton,11,22,33
antone,1,1,2
antonia,1,6,7
antoniette,0,1,1
antonine,0,1,1
antonio,80,99,179
antoniocaperna,0,1,1
antoniooo,1,1,2
antonius,0,1,1
antonov,0,1,1
antony,11,8,19
antonys,0,1,1
antoons,0,1,1
antoooine,0,1,1
antos,0,1,1
antpresso,0,1,1
antrim,4,1,5
antro,0,1,1
antrobus,0,1,1
antron,1,0,1
ants,121,35,156
antsje,0,1,1
antsmarching,0,1,1
antsy,13,11,24
antten,1,0,1
antthing,1,0,1
antti,0,3,3
anttila,1,0,1
anttt,0,1,1
antu,1,0,1
antv,1,1,2
antwaan,0,1,1
antwan,1,1,2
antwerp,5,13,18
antwerpen,2,3,5
antwics,0,1,1
antwon,0,2,2
antwone,0,1,1
anty,1,2,3
antyhing,1,1,2
antz,0,1,1
anu,7,15,22
anual,2,2,4
anuar,0,1,1
anubis,1,0,1
anubuhhh,0,1,1
anudda,0,1,1
anuenue,1,0,1
anugerah,0,3,3
anugrah,0,1,1
anuh,1,0,1
anuhea,0,2,2
anuheatheft,0,1,1
anuj,1,0,1
anujakshi,0,1,1
anulat,0,1,1
anum,1,2,3
anuman,0,2,2
anumite,0,1,1
anummers,0,1,1
anuncian,0,1,1
anuncio,1,0,1
anung,0,3,3
anunt,1,0,1
anunta,0,1,1
anuntat,0,1,1
anupam,1,0,1
anupong,0,1,1
anurag,0,2,2
anus,5,10,15
anuses,0,1,1
anush,0,3,3
anushka,1,0,1
anusol,0,1,1
anutha,1,4,5
anuthr,1,0,1
anutie,1,0,1
anuva,4,0,4
anv,2,0,2
anvar,0,1,1
anvaya,2,1,3
anventure,1,0,1
anvers,1,2,3
anverse,0,1,1
anvil,6,13,19
anvils,0,1,1
anvrsry,0,2,2
anw,13,12,25
anwar,3,3,6
anway,3,3,6
anways,3,3,6
anwb,2,1,3
anwear,0,1,1
anwen,0,1,1
anwer,1,1,2
anwered,0,1,1
anwering,0,1,1
anwhere,1,1,2
anwing,0,1,1
anws,0,3,3
anwser,5,3,8
anwsered,1,0,1
anwsers,0,1,1
anwsome,0,1,1
anwyays,1,0,1
anx,1,0,1
anxiaty,1,0,1
anxietal,1,0,1
anxieties,4,1,5
anxiety,192,31,223
anxietyattack,1,0,1
anxietys,1,0,1
anxiexy,0,1,1
anxiious,0,1,1
anxios,1,0,1
anxious,162,120,282
anxiously,31,53,84
anxiousness,0,1,1
anxiouss,0,1,1
anxiouuus,1,0,1
anxouis,1,0,1
any,9178,6257,15435
anya,9,12,21
anyakins,0,1,1
anyaqe,0,1,1
anyarticle,0,1,1
anyb,0,1,1
anybdoy,1,0,1
anybdy,2,1,3
anybetter,0,1,1
anyblody,1,0,1
anybodies,1,0,1
anybody,518,376,894
anybodyelse,1,0,1
anybodys,2,1,3
anybodywantashoot,1,0,1
anybodyy,0,2,2
anybodyyyyy,0,1,1
anyboy,1,0,1
anycall,1,0,1
anycase,0,1,1
anychance,2,2,4
anyday,16,39,55
anyeays,1,0,1
anyeong,0,1,1
anyer,5,2,7
anyfin,4,0,4
anyfing,1,0,1
anyfinkk,1,0,1
anyfins,0,1,1
anyfnk,1,0,1
anyforty,0,1,1
anyfriends,1,0,1
anyhing,1,1,2
anyho,0,1,1
anyhoo,22,30,52
anyhooo,0,1,1
anyhoos,0,1,1
anyhow,54,76,130
anyhows,0,2,2
anyhthing,1,0,1
anyhting,1,2,3
anyhu,1,0,1
anyhw,1,0,1
anyi,0,1,1
anyine,1,0,1
anyjmore,1,0,1
anyjobro,1,0,1
anylonger,2,0,2
anym,3,0,3
anymin,0,1,1
anymind,1,0,1
anymo,2,0,2
anymoa,0,1,1
anymoar,1,1,2
anymoire,0,1,1
anymommy,0,1,1
anymoney,1,0,1
anymoooore,2,1,3
anymoooorreeee,1,0,1
anymor,2,1,3
anymore,5580,1080,6660
anymoree,10,4,14
anymoreee,15,1,16
anymoreeee,6,1,7
anymoreeeee,3,0,3
anymoreeeeee,1,0,1
anymoreeeeeeeeeeee,1,0,1
anymores,5,1,6
anymorez,1,0,1
anymorre,1,0,1
anymorrrrrrrree,1,0,1
anymorrrrrrrrrrrrrrrrrrrrreeeeeeeeeee,1,0,1
anymorw,1,0,1
anymr,1,0,1
anymre,2,0,2
anymroe,1,0,1
anymusic,1,0,1
anyne,1,0,1
anynew,1,0,1
anynmore,0,1,1
anynore,1,0,1
anyoenabout,1,0,1
anyog,1,0,1
anyomore,1,0,1
anyomoreee,0,1,1
anyond,1,0,1
anyone,4152,3234,7386
anyonee,5,3,8
anyoneee,2,1,3
anyoneeee,1,0,1
anyoneeeee,2,0,2
anyoneeeeee,1,0,1
anyoneeeeeeee,1,0,1
anyonefeeling,1,0,1
anyoner,1,0,1
anyones,32,16,48
anyonethere,1,0,1
anyonewithbike,0,1,1
anyong,0,1,1
anyonghaseyo,0,1,1
anyonre,1,0,1
anyoo,0,1,1
anyore,1,0,1
anyother,1,3,4
anyothere,1,0,1
anyothers,0,1,1
anyoying,0,1,1
anyperson,0,1,1
anyphonetm,0,1,1
anyplace,2,6,8
anyplans,0,1,1
anyproblems,1,0,1
anypukul,0,1,1
anyroad,0,1,1
anys,0,1,1
anyside,0,1,1
anysleep,1,0,1
anyt,0,1,1
anytakers,1,0,1
anytg,1,0,1
anyth,3,1,4
anythaang,1,0,1
anythg,2,2,4
anythgin,2,0,2
anythging,1,0,1
anythhing,1,1,2
anythi,1,0,1
anythig,4,0,4
anythign,3,2,5
anythiiin,1,0,1
anythiing,0,2,2
anythiingg,1,0,1
anythin,59,27,86
anything,5004,3136,8140
anythingbutspymaster,0,1,1
anythingelse,1,0,1
anythingg,7,4,11
anythinggg,2,3,5
anythingggg,3,0,3
anythings,4,3,7
anythingsexy,0,1,1
anythink,3,2,5
anythinn,1,0,1
anythinng,1,0,1
anythinoday,1,0,1
anythinq,1,1,2
anythn,2,1,3
anythng,7,3,10
anythngggg,1,0,1
anythning,1,0,1
anythuing,0,1,1
anytihn,0,1,1
anytiing,1,0,1
anytime,274,750,1024
anytimeee,0,2,2
anytimex,1,0,1
anytin,0,1,1
anyting,8,3,11
anytme,0,3,3
anytown,1,0,1
anytownnnn,0,1,1
anytyhing,1,0,1
anytyme,0,1,1
anyuthing,1,0,1
anyw,1,1,2
anywa,2,3,5
anywaaaay,0,1,1
anywaaaays,0,1,1
anywaaaayyysss,0,1,1
anywaay,0,1,1
anywaays,1,0,1
anywaayyss,0,1,1
anywais,0,1,1
anywaqys,1,0,1
anywas,2,0,2
anywase,0,1,1
anywat,0,1,1
anyway,1908,2324,4232
anyways,651,751,1402
anywaysi,0,1,1
anywayss,3,7,10
anywaysss,1,4,5
anywayssss,1,1,2
anywaysssss,1,0,1
anywaysz,1,1,2
anywayy,7,4,11
anywayys,1,2,3
anywayyss,0,1,1
anywayyy,4,1,5
anywayyys,0,1,1
anywayyyy,1,1,2
anywayyyysss,1,0,1
anywayyyyy,0,1,1
anywayz,18,16,34
anywayzz,1,0,1
anywayzzzz,1,0,1
anywaz,0,1,1
anyweiz,0,1,1
anywer,3,0,3
anywere,14,1,15
anywhare,1,0,1
anywhdre,1,0,1
anywheer,1,0,1
anywhere,938,342,1280
anywhereeeeee,0,1,1
anywho,62,69,131
anywhoo,9,5,14
anywhooo,5,4,9
anywhoooo,0,1,1
anywhooooo,1,0,1
anywhoooooooo,0,1,1
anywhoozles,0,1,1
anywhoreee,0,1,1
anywhos,1,1,2
anywhr,1,0,1
anywhre,1,0,1
anywon,1,0,1
anywoo,2,0,2
anywork,1,1,2
anywy,3,2,5
anywyas,1,2,3
anywyay,0,1,1
anywys,2,1,3
anyy,5,2,7
anyymoore,1,0,1
anyything,1,0,1
anyyways,0,1,1
anyyy,2,0,2
anyyything,1,0,1
anyyywhere,1,0,1
anyyyyone,1,0,1
anyyyything,1,0,1
anyyyyyything,0,1,1
anz,6,4,10
anza,3,2,5
anzac,4,4,8
anzacs,0,1,1
anzla,1,0,1
anzu,0,1,1
anzug,0,1,1
anzum,0,1,1
ao,26,22,48
aoa,2,0,2
aobut,4,4,8
aoc,4,1,5
aod,1,1,2
aodh,1,0,1
aoe,5,1,6
aoey,0,1,1
aof,4,5,9
aoh,1,0,1
aoi,0,2,2
aoife,6,6,12
aoifes,1,0,1
aoij,0,1,1
aoisjaiojs,1,0,1
aok,0,2,2
aoki,14,4,18
aokis,1,0,1
aol,22,26,48
aolana,0,1,1
aolers,1,0,1
aolmusic,0,1,1
aolt,0,1,1
aom,2,1,3
aome,2,0,2
aomething,1,0,1
aomi,1,0,1
aomm,1,0,1
aomthing,1,0,1
aon,3,1,4
aonde,0,1,1
aont,1,0,1
aonther,0,1,1
aonymous,0,1,1
aooh,0,1,1
aooo,1,1,2
aoooww,0,1,1
aoow,0,1,1
aop,0,1,1
aoption,0,1,1
aor,0,8,8
aorbrush,0,1,1
aormon,1,0,1
aoround,0,1,1
aorta,2,1,3
aortic,3,1,4
aorund,1,1,2
aos,1,3,4
aosdifnadfnv,1,0,1
aosiheoaisehoishea,1,0,1
aot,1,1,2
aotearoa,0,2,2
aother,3,3,6
aots,9,1,10
aouch,1,0,1
aouda,0,2,2
aoun,1,1,2
aound,3,1,4
aounds,0,1,1
aour,0,1,1
aout,7,3,10
aow,2,0,2
aowiersaghsdo,1,0,1
aoww,1,2,3
aoyama,1,2,3
ap,204,146,350
apa,54,52,106
apaa,1,2,3
apaan,6,4,10
apac,1,0,1
apace,0,1,1
apache,23,19,42
apadia,0,1,1
apaently,1,0,1
apaga,1,0,1
apagando,2,0,2
apagones,1,0,1
apaiser,1,0,1
apaixonada,1,0,1
apaixonando,0,1,1
apak,1,0,1
apakabar,0,1,1
apakabarnya,0,1,1
apakah,2,1,3
apakan,1,1,2
apakubur,0,1,1
apalagiii,1,0,1
apalled,0,1,1
apalling,1,0,1
apan,1,0,1
apanehhh,1,0,1
apangea,0,1,1
apanhando,1,1,2
apanic,1,0,1
apanya,1,1,2
apapachitos,1,0,1
apapap,1,0,1
aparajit,0,1,1
aparant,2,0,2
aparantly,3,1,4
aparate,0,1,1
aparece,3,1,4
aparecen,1,0,1
aparecer,1,0,1
apareceram,0,1,1
apareceu,1,1,2
aparent,3,0,3
aparentally,1,0,1
aparently,28,27,55
aparezca,0,1,1
aparrel,0,1,1
aparrently,1,0,1
apart,666,340,1006
apartamento,1,1,2
apartement,1,1,2
apartheid,1,0,1
apartmen,1,0,1
apartment,625,405,1030
apartmentratings,1,0,1
apartments,39,38,77
apartmenttt,1,0,1
apartmenttttt,0,1,1
apartttt,0,1,1
apartttttt,0,1,1
aparty,2,0,2
apartyment,1,0,1
aparugus,1,0,1
apathetic,11,3,14
apathy,13,3,16
apatite,1,0,1
apatow,1,2,3
apay,0,1,1
apayang,0,1,1
apaz,1,0,1
apb,4,1,5
apc,8,11,19
apch,0,1,1
apchem,0,1,1
apcm,0,2,2
apcoment,0,1,1
apcs,0,1,1
apd,2,1,3
apda,0,1,1
apdet,0,2,2
apdi,1,0,1
ape,23,16,39
apealing,1,0,1
apear,0,1,1
apearance,0,1,1
apears,0,1,1
apec,1,2,3
apee,0,1,1
apeirogon,0,1,1
apeldoorn,0,1,1
apele,1,0,1
apelle,1,1,2
apenas,1,1,2
apendicitis,3,0,3
apendix,3,0,3
apeng,0,2,2
apennines,0,1,1
apent,1,0,1
aper,0,1,1
aperantly,0,1,1
aperature,1,0,1
apercheddove,1,1,2
aperitivo,0,1,1
aperitweet,0,1,1
apero,1,0,1
aperture,9,5,14
apertures,1,0,1
apes,12,18,30
apesar,1,0,1
apeshit,3,2,5
apesta,1,0,1
apesteacher,1,0,1
apetit,1,2,3
apetite,4,6,10
apetites,0,1,1
apetizers,0,1,1
apetlon,0,1,1
apettite,1,0,1
apex,7,3,10
apf,0,1,1
apfel,0,2,2
apfelkernen,0,1,1
apfellows,0,1,1
apff,1,0,1
apft,0,1,1
apg,2,0,2
aph,1,1,2
aphache,1,0,1
aphc,0,1,1
aphelion,0,1,1
aphex,1,2,3
aphg,1,0,1
aphi,1,0,1
aphid,0,1,1
aphids,8,1,9
aphiliates,0,1,1
aphone,0,1,1
aphorism,1,0,1
aphorismus,0,1,1
aphrodisiac,1,2,3
aphrodisiacs,1,0,1
aphrodite,2,1,3
aphy,0,1,1
api,163,96,259
apiarist,0,1,1
apiary,1,0,1
apic,0,1,1
apicture,1,1,2
apidock,0,1,1
apiece,1,3,4
apii,0,1,1
apiki,0,1,1
apinful,0,1,1
apir,0,10,10
apirl,0,1,1
apis,5,13,18
apitcure,0,1,1
apitow,0,1,1
apj,0,1,1
apk,1,0,1
apko,0,1,1
apl,1,1,2
aplaudam,1,0,1
aplenty,2,6,8
aplha,0,1,1
aplicatia,0,1,1
aplication,3,0,3
aplications,2,1,3
apliiq,0,1,1
aplikace,0,2,2
aplikasi,0,1,1
apline,1,0,1
aplm,0,2,2
aplogies,1,1,2
aplogize,1,1,2
aplomp,1,0,1
aplusk,3,6,9
aply,0,1,1
aplyin,1,0,1
apm,1,1,2
apmnt,0,1,1
apn,4,2,6
apna,3,3,6
apnea,9,2,11
apneic,1,0,1
apni,0,4,4
apnoea,1,0,1
apns,1,0,1
apo,6,7,13
apoc,1,1,2
apocalpyse,0,1,1
apocalypes,0,1,1
apocalypse,12,19,31
apocalyptic,1,5,6
apocalyptica,0,5,5
apocalypticweather,1,0,1
apocalypto,1,2,3
apocalyzed,1,0,1
apoco,0,1,1
apocolypse,2,2,4
apocrypha,1,0,1
apogee,1,1,2
apogevmataki,0,1,1
apohhhh,1,0,1
apoi,0,1,1
apointment,8,1,9
apol,1,1,2
apolagizing,1,0,1
apolgy,1,0,1
apoligies,1,0,1
apoligise,2,1,3
apoligize,3,1,4
apoligse,0,1,1
apollo,27,40,67
apollocon,1,0,1
apollogise,1,0,1
apollonia,0,2,2
apologetic,3,3,6
apologggggy,1,0,1
apologied,1,0,1
apologies,155,88,243
apologise,32,31,63
apologised,0,2,2
apologises,3,2,5
apologising,1,4,5
apologiz,1,0,1
apologize,156,113,269
apologized,14,15,29
apologizes,4,4,8
apologizing,12,9,21
apology,39,30,69
apoloyais,1,0,1
apols,1,5,6
apon,1,2,3
apoorva,1,1,2
apoozo,0,1,1
apopgize,1,0,1
apophenia,1,0,1
apophis,1,0,1
apopka,2,0,2
apoplectic,1,1,2
apoplexy,1,0,1
aporia,1,0,1
aporkalype,0,1,1
aporkalypse,1,2,3
aporto,0,1,1
apos,0,1,1
apostals,1,0,1
apostasy,1,0,1
aposteln,0,1,1
apostle,1,2,3
apostles,0,2,2
apostolic,2,0,2
apostro,1,0,1
apostrophe,6,4,10
apostrophes,4,3,7
apoteker,1,0,1
apoteose,1,0,1
apotolu,1,0,1
apound,0,1,1
app,1086,901,1987
appa,2,2,4
appaaaarently,1,0,1
appache,1,0,1
appaeared,0,1,1
appaerntly,1,0,1
appalachaintrail,1,0,1
appalachia,0,1,1
appalachian,3,1,4
appaled,1,0,1
appaling,0,1,1
appalingly,0,1,1
appalled,18,1,19
appalling,15,5,20
appallingly,0,2,2
apparances,0,1,1
apparant,1,0,1
apparantely,1,0,1
apparantley,1,1,2
apparantlu,0,1,1
apparantly,26,24,50
apparat,0,1,1
apparatchik,0,1,1
apparate,3,0,3
apparatus,4,2,6
apparatuses,1,0,1
apparel,20,30,50
apparell,1,0,1
apparemment,1,0,1
apparences,1,0,1
apparenlty,2,0,2
apparenly,0,1,1
apparent,50,21,71
apparentally,0,1,1
apparentely,1,1,2
apparentlly,0,1,1
apparently,1938,815,2753
apparenttly,1,0,1
apparenty,4,1,5
apparetly,1,1,2
apparintally,1,0,1
apparition,1,0,1
apparitions,0,2,2
apparntley,1,0,1
apparntly,1,0,1
apparrently,1,0,1
appart,5,4,9
appartement,1,2,3
appartmant,0,1,1
appartment,19,7,26
appartments,2,1,3
appauled,2,1,3
appawreciate,1,0,1
appaz,1,0,1
appchs,1,0,1
appcmd,1,0,1
appdata,1,0,1
appdizzle,1,0,1
appdomain,1,0,1
appeal,41,35,76
appealed,3,4,7
appealing,45,37,82
appeals,4,9,13
appear,225,150,375
appearance,68,98,166
appearances,17,19,36
appearannncce,0,1,1
appearantly,4,1,5
appeard,1,0,1
appeared,51,46,97
appearence,2,5,7
appearently,4,3,7
appearing,50,28,78
appearnces,1,0,1
appears,251,97,348
appease,3,6,9
appeasement,1,0,1
appeasing,1,0,1
apped,0,1,1
appel,0,1,1
appele,0,1,1
appellate,1,1,2
appelle,1,0,1
appena,0,1,1
append,3,2,5
appendage,1,1,2
appendages,2,2,4
appendectomies,0,1,1
appendectomy,2,1,3
appendices,1,1,2
appendicitis,12,1,13
appending,0,2,2
appendix,24,6,30
appengine,4,1,5
appenin,1,0,1
appens,0,1,1
appentice,0,2,2
apper,0,1,1
apperal,1,1,2
apperance,5,1,6
apperances,0,1,1
apperantly,3,0,3
apperciate,1,0,1
appereances,0,1,1
apperences,0,1,1
apperently,16,4,20
apperiance,0,1,1
apperiated,0,1,1
appericate,0,5,5
appericeate,1,0,1
appericiate,0,2,2
appering,1,0,1
apperntice,0,1,1
appetising,6,0,6
appetit,2,23,25
appetite,93,26,119
appetites,0,2,2
appetitie,0,1,1
appetito,0,1,1
appetizer,7,8,15
appetizers,8,8,16
appetizing,5,8,13
appfor,0,1,1
appgamer,0,1,1
appguide,1,0,1
appi,1,3,4
appia,1,0,1
appie,0,1,1
appilcation,0,1,1
appindex,1,0,1
appite,1,0,1
appitite,1,0,1
appitizing,0,1,1
appjet,1,1,2
appl,2,0,2
applaud,6,18,24
applauded,1,0,1
applauding,1,8,9
applauds,1,2,3
applause,10,29,39
applauses,0,1,1
apple,1324,975,2299
applebee,15,16,31
applebeees,1,0,1
applebees,37,41,78
applebeessss,0,1,1
appleblog,0,1,1
applebottoms,1,0,1
applebum,0,2,2
appleby,1,3,4
applecare,17,3,20
applecheeks,0,1,1
applefail,5,0,5
appleftw,0,1,1
applegate,2,2,4
applegates,0,1,1
applegeeks,3,0,3
appleheads,0,1,1
appleian,1,0,1
appleified,0,1,1
applejac,1,0,1
applejacks,4,2,6
applejuice,2,2,4
applemango,0,1,1
applepears,1,0,1
applepie,0,2,2
applepieieie,0,1,1
applepies,0,1,1
applertc,3,3,6
apples,79,135,214
applesac,0,14,14
applesauce,14,12,26
applescript,3,4,7
appleseed,1,2,3
applestore,6,1,7
applesucks,1,0,1
applet,4,0,4
appletart,0,1,1
appletini,3,2,5
appletinis,2,3,5
appletise,0,1,1
appletizer,0,1,1
appleton,1,4,5
applets,1,0,1
appletv,3,1,4
applevalley,0,1,1
applewine,0,1,1
appleworks,0,2,2
appley,1,0,1
appli,0,1,1
appliance,12,2,14
appliances,8,10,18
applic,1,1,2
applicable,7,9,16
applicances,0,1,1
applicant,1,2,3
applicants,9,3,12
applicatiom,1,0,1
application,219,215,434
applicationdata,1,0,1
applications,113,83,196
applicative,1,0,1
applicator,1,1,2
appliction,1,0,1
applied,160,109,269
appliedd,0,1,1
applies,13,46,59
appliestomybacktoday,1,0,1
applique,0,1,1
appliying,1,0,1
appln,0,1,1
appluing,1,0,1
apply,196,171,367
applyby,0,1,1
applyed,0,2,2
applyin,3,0,3
applying,100,68,168
applyn,0,1,1
appnoxious,0,1,1
appo,1,0,1
appoaching,0,1,1
appocalypse,0,2,2
appoiment,0,1,1
appoinment,4,1,5
appoint,5,3,8
appointed,7,7,14
appointee,2,0,2
appointement,1,0,1
appointing,0,1,1
appointm,1,0,1
appointment,456,184,640
appointments,62,28,90
appointmentt,0,1,1
appointmenttt,0,1,1
appointmts,1,0,1
appoints,0,2,2
appoitment,5,1,6
appolgies,1,0,1
appoligise,1,0,1
appollo,0,2,2
appologies,1,2,3
appologise,2,0,2
appologize,2,2,4
appology,3,0,3
apportion,0,1,1
apportioned,1,0,1
apposable,1,0,1
apposed,0,2,2
apposite,0,1,1
appovin,0,1,1
appple,0,1,1
appplee,0,1,1
apppoint,0,1,1
appppointment,1,0,1
appppparantly,1,0,1
apppreciate,0,1,1
appprentice,0,1,1
appps,1,0,1
appr,0,1,1
apprach,0,1,1
appraciation,0,1,1
appraisal,12,5,17
appraisals,1,0,1
appraised,2,1,3
appraiser,2,1,3
appraising,1,0,1
appral,0,1,1
apprartenly,0,1,1
apprasial,1,0,1
apprc,0,1,1
apprci,0,1,1
apprciated,0,2,2
appreaciate,1,2,3
apprearance,1,0,1
apprecaite,0,22,22
appreci,1,1,2
appreciae,0,1,1
appreciate,267,1397,1664
appreciated,68,544,612
appreciatedd,0,1,1
appreciateing,0,1,1
appreciateion,0,1,1
appreciates,11,42,53
appreciateu,0,1,1
appreciatin,0,1,1
appreciating,11,40,51
appreciation,28,84,112
appreciations,0,2,2
appreciative,5,23,28
appreciatte,1,0,1
appreciatwive,0,1,1
apprecitant,0,1,1
apprecited,1,0,1
apprectiate,0,1,1
appreesh,0,1,1
apprehending,1,0,1
apprehension,2,1,3
apprehensive,9,5,14
apprehensively,0,1,1
appreicate,1,1,2
appreicated,1,0,1
appreiciate,0,1,1
appren,1,0,1
apprend,0,1,1
apprenlty,0,1,1
apprentic,1,2,3
apprentice,257,251,508
apprenticeship,2,4,6
apprenticeships,0,1,1
apprently,11,3,14
appresiate,0,1,1
appretiate,0,3,3
appretiated,0,1,1
appretice,1,1,2
appretnley,1,0,1
apprezzato,0,1,1
appriaited,1,0,1
appricate,1,2,3
apprication,0,1,1
apprichate,0,1,1
appriciate,3,13,16
appriciated,1,1,2
appriecate,0,1,1
appriecated,0,1,1
apprised,1,0,1
apprl,1,0,1
approach,37,83,120
approachable,4,5,9
approached,5,3,8
approacher,1,0,1
approaches,8,12,20
approacheth,0,2,2
approaching,54,47,101
approachn,0,1,1
approacing,0,1,1
approch,1,0,1
approching,0,1,1
approp,0,1,1
appropiate,1,2,3
appropiately,0,1,1
appropos,1,0,1
appropriate,64,145,209
appropriately,3,15,18
appropriateness,0,1,1
approptiate,1,0,1
approuching,1,0,1
approval,37,67,104
approvals,2,3,5
approve,66,117,183
approved,71,112,183
approvers,0,1,1
approves,3,16,19
approving,5,6,11
approx,41,35,76
approximate,0,2,2
approximately,17,24,41
approximation,1,2,3
approximatley,0,1,1
approximatly,1,1,2
apprx,1,2,3
apps,523,337,860
appscene,1,0,1
appshop,0,1,1
appslappy,1,0,1
appsniper,0,1,1
appsstatus,1,0,1
appstart,0,1,1
appstore,17,17,34
appt,322,105,427
appteising,0,1,1
apptly,1,0,1
apptment,0,1,1
apptmnt,2,0,2
appts,19,12,31
appudu,0,1,1
appulo,1,0,1
appulous,2,0,2
appx,0,1,1
appy,1,3,4
appzapper,0,1,1
apr,14,13,27
apra,1,0,1
aprecciate,0,1,1
apreciat,0,1,1
apreciate,0,12,12
apreciated,0,2,2
aprem,0,1,1
aprendendo,1,1,2
aprendete,0,1,1
aprendeu,0,1,1
aprendi,0,2,2
aprendiii,0,1,1
aprentice,1,1,2
apres,4,4,8
aprettylady,1,0,1
apri,0,1,1
apriciate,0,1,1
apricot,3,16,19
apricots,3,8,11
april,289,256,545
aprilia,0,1,1
aprill,1,1,2
aprillia,0,1,1
aprils,2,1,3
aprilyhappy,0,1,1
aprilziegler,0,1,1
aprinf,0,1,1
aprinlem,1,0,1
apriori,1,1,2
aprizzle,0,1,1
aprntly,1,0,1
aproaching,0,1,1
aproachinnormal,1,0,1
aproape,1,2,3
aprobadooooooooooooooooooooo,0,1,1
aprobeche,0,1,1
aprom,1,0,1
apromiseoflove,0,1,1
apron,12,15,27
aprons,0,8,8
aprontando,0,1,1
aproove,0,1,1
apropo,0,1,1
apropos,1,5,6
apropriate,1,0,1
aprov,0,1,1
aproval,1,1,2
aprove,0,2,2
aproveche,0,3,3
aproved,0,1,1
aproveiteeeeeeeeeeeeeeeee,0,1,1
aprox,4,2,6
aproximatly,0,1,1
aprreciate,0,3,3
aprreciated,1,2,3
aprrentice,0,1,1
aprriciate,0,1,1
aprroval,0,1,1
aprt,1,1,2
aprtment,1,1,2
aprtmnt,1,0,1
aprture,0,1,1
aps,13,5,18
apsa,1,0,1
apsaloutly,0,1,1
apsc,0,1,1
apsest,0,1,1
apseth,1,0,1
apsh,0,1,1
apso,1,2,3
apssion,0,1,1
apstairs,2,0,2
apstiprin,0,1,1
apsveikt,0,1,1
apt,343,209,552
aptana,4,5,9
aptartment,1,0,1
aptbackup,1,0,1
aptc,0,4,4
aptcians,0,1,1
aptech,0,1,1
aption,1,0,1
aptism,0,1,1
aptitude,4,2,6
aptly,1,8,9
aptm,1,0,1
aptos,1,0,1
apts,19,8,27
aptw,2,4,6
apu,0,2,2
apucat,0,1,1
apun,0,3,3
apuntat,0,1,1
apunto,0,1,1
apuradisima,1,0,1
apuro,0,1,1
apus,1,0,1
apush,11,10,21
aput,0,1,1
apveerob,0,1,1
apw,3,0,3
apweciated,0,1,1
apworld,0,1,1
apwr,3,0,3
apx,2,0,2
apy,2,0,2
apyang,0,1,1
aq,30,16,46
aqa,3,2,5
aqain,6,8,14
aqainst,0,1,1
aqbout,1,0,1
aqcuire,2,0,2
aqgo,1,0,1
aqi,1,1,2
aqila,1,0,1
aqilah,1,0,1
aqjtdd,1,0,1
aql,0,1,1
aqm,1,0,1
aqn,0,1,1
aqnd,0,1,1
aqo,2,2,4
aqong,0,1,1
aqpc,0,1,1
aqqravated,1,0,1
aqree,0,1,1
aqsa,0,1,1
aqu,4,2,6
aqua,18,44,62
aquaa,0,1,1
aquabats,2,3,5
aquabooks,1,0,1
aquaculture,1,0,1
aquaduck,1,0,1
aquafina,1,2,3
aquafit,1,0,1
aquafresh,1,0,1
aquaglitter,1,0,1
aquaintance,0,1,1
aquaintances,1,1,2
aquainted,2,2,4
aquaintence,0,1,1
aquaintences,0,1,1
aquaknox,1,0,1
aqualand,0,1,1
aqualung,1,5,6
aquaman,1,1,2
aquamarine,4,3,7
aquanett,1,0,1
aquanote,0,1,1
aquaparc,1,0,1
aquaphor,1,0,1
aquapix,0,1,1
aquarena,0,1,1
aquariam,0,1,1
aquarian,0,1,1
aquarians,0,2,2
aquarium,46,57,103
aquariummm,0,1,1
aquariums,2,2,4
aquarius,6,8,14
aquaruim,0,1,1
aquasero,1,0,1
aquashi,1,0,1
aquasigeek,0,1,1
aquasizin,0,1,1
aquaso,0,1,1
aquaspunk,0,1,1
aquatards,1,0,1
aquatic,8,5,13
aquatica,4,2,6
aquatics,1,1,2
aquats,0,1,1
aque,0,2,2
aqueduct,0,1,1
aquela,0,2,2
aquent,1,0,1
aquestion,1,0,1
aqui,7,12,19
aquianas,0,1,1
aquii,1,2,3
aquiii,0,1,1
aquiiiiii,0,1,1
aquila,1,1,2
aquiler,1,0,1
aquilo,0,1,1
aquilonia,1,0,1
aquinas,1,1,2
aquino,0,1,1
aquire,1,3,4
aquired,3,6,9
aquis,0,1,1
aquisition,1,0,1
aquitted,1,0,1
aqw,0,1,1
aqward,1,0,1
aqwatic,1,0,1
aqwmv,0,2,2
aqworlds,1,1,2
ar,81,96,177
ara,9,9,18
araaaamm,1,0,1
arab,15,19,34
arabcrunch,2,0,2
arabe,0,1,1
arabella,1,1,2
arabelle,1,0,1
arabia,11,9,20
arabian,3,8,11
arabians,0,1,1
arabic,35,44,79
arabica,2,2,4
arabik,0,1,1
arabiki,0,1,1
arabit,1,0,1
arabiya,1,0,1
arabizing,0,1,1
arabs,1,4,5
arabsodmg,0,1,1
arabtechies,0,1,1
arabyrd,1,0,1
aracde,1,0,1
araceli,0,1,1
aracheologist,0,1,1
arachnids,1,0,1
arachnoleptic,0,2,2
arachnophelia,1,0,1
arachnophobia,6,0,6
arachnophobic,3,0,3
arachu,0,1,1
arad,0,1,1
arada,0,1,1
arae,1,0,1
aragaki,0,1,1
arage,1,0,1
aragon,1,0,1
aragondade,1,0,1
aragorgon,1,0,1
arah,7,2,9
arahantship,0,1,1
araka,1,0,1
aral,2,6,8
aralsj,0,1,1
aram,3,2,5
aramco,1,0,1
aramex,3,1,4
aramis,0,1,1
aran,1,1,2
arana,1,0,1
arancini,1,0,1
arandas,0,1,1
araneta,5,5,10
araneus,0,1,1
arang,0,1,1
arangano,1,0,1
aranged,0,1,1
arangurens,2,1,3
aranjeze,0,1,1
aranka,0,1,1
aranorimasarte,0,1,1
arans,1,0,1
aransas,0,2,2
arantxa,0,1,1
aranya,0,1,1
araound,0,1,1
arapahoe,0,1,1
arararar,0,1,1
ararat,0,1,1
arare,0,1,1
arash,2,1,3
arashi,11,9,20
arashiyama,0,1,1
arasmega,1,0,1
arat,0,3,3
arathor,1,0,1
arathorn,1,0,1
aratula,0,1,1
araw,9,5,14
arawak,1,0,1
arawn,0,1,1
araxi,0,1,1
aray,6,0,6
araya,0,1,1
arayabilirsin,0,2,2
arb,0,1,1
arban,0,1,1
arbeit,2,2,4
arbeiten,1,0,1
arbeitslos,1,1,2
arbeloa,1,1,2
arbidthingstoremember,0,1,1
arbie,0,1,1
arbit,0,1,1
arbiter,1,1,2
arbitrarily,2,0,2
arbitrary,2,1,3
arbitress,0,1,1
arbonne,0,5,5
arbor,13,23,36
arboreal,1,0,1
arborescence,0,1,1
arboretuem,1,0,1
arboretum,1,1,2
arborist,2,0,2
arbortext,1,0,1
arbortions,1,0,1
arbos,0,1,1
arbour,0,1,1
arbroath,2,0,2
arbucks,0,1,1
arby,18,13,31
arbys,13,8,21
arc,22,29,51
arca,1,0,1
arcade,38,56,94
arcadefire,0,1,1
arcades,3,3,6
arcadia,8,7,15
arcadiandreamsmetalwork,0,1,1
arcadier,0,1,1
arcaffe,0,1,1
arcana,1,3,4
arcane,0,2,2
arcania,0,1,1
arcanine,1,0,1
arcanists,0,2,2
arceburgo,1,0,1
arcee,0,1,1
arcel,0,1,1
arcenueax,0,1,1
arcgis,2,1,3
arch,33,34,67
archaeo,1,0,1
archaeobox,1,0,1
archaeological,0,2,2
archaeologist,0,1,1
archaeology,4,5,9
archaeopteryx,0,1,1
archaic,6,0,6
archana,0,1,1
archangel,1,3,4
archangelmaggie,0,1,1
archangels,0,5,5
archavon,1,0,1
archbishop,0,1,1
archdaily,0,1,1
arched,0,1,1
archeletta,0,1,1
archeological,0,1,1
archeologists,0,1,1
archer,5,7,12
archerradio,0,1,1
archers,6,6,12
archery,16,8,24
arches,5,6,11
archetype,1,3,4
archetypes,0,1,1
archey,2,1,3
archi,1,4,5
archibald,1,0,1
archicad,0,1,1
archie,95,127,222
archiedoc,1,0,1
archiee,1,1,2
archieee,0,1,1
archiejoepet,0,1,1
archies,10,8,18
archietects,1,0,1
archimage,0,1,1
archimate,1,0,1
archineer,0,1,1
archineers,0,2,2
archini,0,1,1
archipelago,0,3,3
archis,1,0,1
architechture,1,0,1
architect,6,10,16
architectces,0,1,1
architectes,0,1,1
architecting,1,0,1
architectour,1,0,1
architects,2,8,10
architectural,2,5,7
architecture,23,24,47
architecure,1,0,1
architraving,0,1,1
archiva,1,0,1
archival,2,1,3
archive,38,32,70
archived,8,4,12
archives,22,22,44
archiving,4,6,10
archivo,1,0,1
archlight,0,1,1
archlinux,1,3,4
archofroses,1,0,1
archos,1,0,1
archu,2,4,6
archucook,2,0,2
archudreamland,1,0,1
archudreams,0,1,1
archufriend,0,1,1
archuleat,0,1,1
archuleeta,0,1,1
archulet,0,1,1
archuleta,88,211,299
archuletacam,0,1,1
archuletafans,0,3,3
archuletaphilippines,1,0,1
archulets,0,1,1
archuletta,2,0,2
archumania,0,1,1
archuniversary,0,1,1
archuphils,0,1,1
archupolo,0,1,1
archuvato,1,0,1
archuventure,0,1,1
archuweek,1,2,3
archves,0,1,1
archy,1,0,1
arcind,0,1,1
arclight,4,7,11
arclights,0,1,1
arco,6,5,11
arcola,0,2,2
arcosanti,1,0,1
arcoss,0,1,1
arcronym,0,1,1
arcs,2,10,12
arcsplitsecond,0,1,1
arct,1,0,1
arctic,14,27,41
arctica,0,2,2
arcticles,3,0,3
arcticmonkaaays,0,1,1
arctics,1,3,4
arcticstartup,1,0,1
arculeta,2,1,3
arcy,1,2,3
arcys,0,1,1
ard,14,16,30
ardan,1,0,1
ardbeg,0,1,1
ardeche,2,0,2
ardee,1,0,1
ardelle,0,1,1
ardells,1,0,1
arden,2,5,7
ardene,1,0,1
ardenn,1,0,1
ardennen,1,0,1
ardens,1,2,3
ardent,0,3,3
ardhana,0,1,1
ardhindie,3,2,5
ardi,0,2,2
ardillaaaaaaaaaaaa,1,0,1
ardillas,1,0,1
ardina,1,0,1
arditi,0,1,1
ardoise,0,1,1
ardon,0,1,1
ardor,1,0,1
ardour,0,1,1
ardrossan,2,0,2
ards,1,0,1
ardsma,1,0,1
ardua,0,1,1
arduino,6,11,17
ardunio,0,1,1
arduous,3,2,5
arduously,1,0,1
ardvarks,0,1,1
ardy,2,1,3
are,35789,45044,80833
area,684,597,1281
areaaa,1,1,2
aready,10,6,16
areall,0,1,1
areally,1,0,1
areallygoodejob,2,1,3
areamazing,1,0,1
areas,58,48,106
areawas,0,1,1
arebyou,0,1,1
areca,1,1,2
arecibo,0,1,1
aredieting,0,1,1
aredown,1,0,1
aredy,1,0,1
aree,18,25,43
areee,5,11,16
areeee,2,2,4
areeeeee,0,1,1
areeeeeee,0,1,1
areeeeeeeeeee,0,1,1
areeeeeeeeeeee,0,1,1
areej,2,1,3
areel,1,0,1
areers,0,1,1
aref,2,1,3
aregetting,1,0,1
aregoing,0,1,1
areh,0,1,1
arejayes,0,1,1
arek,0,3,3
arelie,0,1,1
arellano,0,2,2
arellanos,0,1,1
arelly,1,0,1
aren,9,12,21
arena,68,70,138
arenal,1,0,1
arenas,5,1,6
arenatv,0,1,1
arenot,1,0,1
arenow,1,0,1
arent,468,208,676
arentina,0,1,1
arents,1,0,1
areo,1,2,3
areobics,0,1,1
areolatus,0,1,1
areoplane,1,0,1
areosmith,1,0,1
arepa,1,1,2
arepas,1,1,2
areply,1,0,1
arequipa,0,2,2
arer,0,2,2
ares,5,5,10
aresei,1,0,1
areseros,3,2,5
aresi,0,1,1
aresol,1,0,1
areson,1,0,1
arespacochaga,0,1,1
aresteze,0,1,1
arestill,1,1,2
aretha,0,10,10
aretiandmariashow,0,1,1
areu,0,2,2
areva,0,1,1
arewakf,1,0,1
arewatchin,0,1,1
arewenearlythereyetmummy,1,0,1
arey,2,5,7
areyouaskeptik,1,0,1
arezzo,1,1,2
arf,18,14,32
arfatar,0,1,1
arff,1,0,1
arfff,1,0,1
arfgh,1,0,1
arfie,1,0,1
arfin,1,0,1
arfing,1,0,1
arfronsky,1,0,1
arg,160,20,180
argah,1,0,1
argates,1,0,1
argee,0,1,1
argenis,0,1,1
argent,4,2,6
argenti,0,1,1
argentiere,0,1,1
argentina,154,216,370
argentinaa,1,1,2
argentinaaa,2,1,3
argentinaaaa,0,1,1
argentinaaaaa,1,0,1
argentinaaaaaa,0,1,1
argentinaaaaaaa,1,0,1
argentinaaaaaaaaa,1,0,1
argentinan,1,0,1
argentinas,0,1,1
argentine,2,5,7
argentinean,1,0,1
argentineeeeeeeeeee,0,1,1
argentines,2,0,2
argentinia,0,1,1
argentinian,4,11,15
argentinians,1,3,4
argento,2,0,2
arget,0,1,1
argetina,0,2,2
argetnina,1,0,1
argfest,1,0,1
argg,22,4,26
arggg,24,1,25
argggg,13,0,13
arggggg,2,0,2
argggggg,3,0,3
argggggggg,1,1,2
arggggggggggg,0,1,1
argggggggggggg,1,0,1
arggggggggh,1,0,1
arggggggghhhhhhhhhhhhhhhhhhh,1,0,1
arggggggh,3,0,3
argggggghhhh,1,2,3
argggggh,0,1,1
arggggghhh,1,0,1
arggggghhhhhh,1,0,1
arggggh,1,0,1
argggghh,1,0,1
argggghhh,2,0,2
argggghhhhh,1,0,1
argggghhhhhh,1,0,1
argggh,8,1,9
arggghh,8,0,8
arggghhh,6,0,6
arggghhhh,2,0,2
arggghhhhhhhhhhh,1,0,1
arggh,21,5,26
argghh,16,0,16
argghhh,16,0,16
argghhhh,1,1,2
argghhhhh,3,1,4
argghhhhhh,2,0,2
argh,1377,176,1553
argharahghahg,1,0,1
arghargharghargh,1,0,1
arghf,1,0,1
arghfhfgh,1,0,1
arghgg,1,0,1
arghggggggg,1,0,1
arghgh,1,0,1
arghghggh,0,1,1
arghghgh,1,0,1
arghh,172,19,191
arghhdgfksdjgnk,1,0,1
arghhh,131,17,148
arghhheverything,1,0,1
arghhhh,62,5,67
arghhhhh,17,4,21
arghhhhhh,8,3,11
arghhhhhhh,5,0,5
arghhhhhhhh,6,0,6
arghhhhhhhhh,6,0,6
arghhhhhhhhhh,4,0,4
arghhhhhhhhhhh,3,0,3
arghhhhhhhhhhhh,0,1,1
arghhhhhhhhhhhhh,4,1,5
arghhhhhhhhhhhhhhh,2,0,2
arghhhhhhhhhhhhhhhh,2,0,2
arghhhhhhhhhhhhhhhhhhh,1,0,1
arghhhhhhhhhhhhhhhhhhhhh,1,0,1
arghhhhhhhhhhhhhhhhhhhhhhh,0,1,1
arghhhhhhhhhhhhhhhhhhhhhhhhhh,1,0,1
arghnjasdk,1,0,1
arghpftjkh,1,0,1
arghrghrghh,1,0,1
arghs,1,0,1
arght,1,0,1
arghx,1,0,1
arghz,0,1,1
argie,0,1,1
argileh,0,1,1
argj,1,0,1
argn,1,0,1
argo,5,4,9
argon,0,1,1
argonauts,1,0,1
argonne,1,0,1
argos,18,13,31
argosy,2,0,2
argovia,0,1,1
argrghrghrghrhhhhhhh,1,0,1
args,5,3,8
argstbl,0,1,1
arguable,1,0,1
arguably,0,6,6
argue,56,80,136
argued,10,5,15
arguein,1,0,1
argueing,7,1,8
arguement,7,4,11
arguementative,0,1,1
arguements,6,1,7
arguemnts,1,0,1
arguen,1,0,1
argues,2,2,4
arguin,1,0,1
arguing,70,54,124
argumemt,0,1,1
argument,91,83,174
argumentare,1,0,1
argumentation,1,0,1
argumentations,0,1,1
argumentative,0,3,3
argumentive,1,0,1
arguments,27,15,42
argus,1,1,2
arguyles,1,0,1
argy,1,0,1
argyle,4,3,7
argyll,1,0,1
arh,13,11,24
arher,0,1,1
arhh,7,4,11
arhhghgh,1,0,1
arhhh,9,3,12
arhhhh,4,0,4
arhhhhh,1,1,2
arhhhhhh,2,1,3
arhhhhhhhh,0,1,1
arhhhhhhhhhhhhhhhhhh,1,0,1
arhitectura,0,1,1
arholiad,0,1,1
arholidau,1,0,1
arhus,1,2,3
ari,35,33,68
aria,4,9,13
ariaa,1,1,2
ariadna,1,1,2
ariahna,1,0,1
arial,4,7,11
arian,0,2,2
ariana,4,12,16
ariane,2,5,7
arianna,6,8,14
arianne,2,6,8
arianny,1,0,1
arias,0,4,4
ariat,1,0,1
ariba,0,1,1
aribic,0,1,1
aribyluangluangluang,1,0,1
aric,0,2,2
aricellas,0,2,2
aricept,1,0,1
arick,0,1,1
arid,1,1,2
arie,5,13,18
arieanna,0,1,1
ariee,1,0,1
arief,0,3,3
ariel,24,64,88
ariella,3,2,5
arielle,6,5,11
arielleeeee,0,1,1
arielriott,0,1,1
ariels,0,4,4
aries,4,17,21
ariessss,0,1,1
ariestian,0,1,1
arietid,0,1,1
arietids,2,0,2
arif,3,3,6
arifin,0,1,1
arigato,0,8,8
arigatou,1,2,3
aright,6,6,12
arii,1,0,1
ariielle,0,2,2
ariiight,1,0,1
arija,0,1,1
arik,2,1,3
arika,1,0,1
ariki,0,1,1
arimis,1,0,1
arin,2,1,3
arina,0,2,2
arini,1,0,1
arinis,1,0,1
arinna,1,0,1
arins,1,0,1
arion,0,5,5
arious,0,1,1
ariport,0,1,1
arirang,0,1,1
aris,3,2,5
arisa,0,1,1
arisaannn,0,1,1
arisaig,0,1,1
arisan,1,1,2
arise,4,16,20
arisebrightstar,0,1,1
arisen,2,2,4
arises,1,6,7
arising,4,2,6
arissa,1,0,1
arist,0,1,1
aristocats,0,4,4
aristoclea,1,0,1
aristocracy,1,1,2
aristocrat,0,1,1
ariston,1,0,1
aristotl,1,0,1
aristotle,2,1,3
arisue,0,2,2
arite,2,2,4
arithmatic,1,0,1
arithmetic,5,4,9
aritons,0,1,1
aritst,0,1,1
aritsts,0,1,1
aritzia,3,0,3
arival,1,2,3
arive,3,4,7
arived,2,3,5
ariveded,0,1,1
ariversdirty,0,1,1
ariving,1,0,1
arivour,0,1,1
ariyan,0,1,1
ariz,1,0,1
ariza,14,7,21
arizon,0,1,1
arizona,122,112,234
arizonaa,0,2,2
arizonaaaa,1,1,2
arizonaaaaaaa,1,0,1
arizond,0,1,1
arizonia,0,1,1
arizonians,1,0,1
arizzard,0,1,1
arizzzleppy,0,1,1
arj,4,5,9
arjan,0,1,1
arjanne,1,0,1
arjen,1,1,2
arjoy,0,1,1
arjun,0,2,2
ark,25,31,56
arkaball,0,1,1
arkadelphia,1,0,1
arkady,1,0,1
arkain,1,1,2
arkan,0,1,1
arkanoid,0,1,1
arkansa,1,0,1
arkansas,51,45,96
arkarna,0,1,1
arkells,1,0,1
arkham,7,5,12
arkills,0,1,1
arkin,0,2,2
arkiv,0,1,1
arklow,1,1,2
arkski,0,1,1
arkworld,0,2,2
arkwright,1,0,1
arl,1,2,3
arla,1,0,1
arlainio,1,0,1
arland,1,0,1
arlanda,2,0,2
arlando,1,0,1
arlantic,1,0,1
arleady,0,1,1
arleast,1,0,1
arlee,1,0,1
arleen,2,3,5
arleenie,1,0,1
arleigh,0,1,1
arlen,0,2,2
arlene,16,12,28
arlenee,1,0,1
arleneeeeeeeeee,1,0,1
arlequin,0,1,1
arlequins,1,0,1
arliar,1,0,1
arlicia,0,1,1
arlight,0,1,1
arlines,1,0,1
arlington,24,18,42
arlinton,0,1,1
arlovski,6,0,6
arly,1,0,1
arlyn,0,2,2
arm,859,243,1102
arma,4,3,7
armada,3,7,10
armadillo,9,9,18
armadillocon,0,1,1
armadillos,0,2,2
armageddon,11,5,16
armagedon,0,1,1
armagetron,0,1,1
armagh,4,4,8
armaghedon,0,1,1
armaine,0,1,1
armalddillo,0,1,1
armalyte,1,0,1
armand,3,3,6
armando,9,7,16
armands,0,1,1
armani,7,6,13
armanis,0,1,1
armano,1,0,1
armans,0,1,1
armas,1,0,1
armature,0,1,1
armband,3,1,4
armbands,1,1,2
armbar,0,1,1
armchair,2,7,9
armchairphilosopher,0,1,1
armchairs,1,0,1
arme,2,0,2
armed,21,41,62
armegeddon,2,0,2
armenia,6,5,11
armenian,5,7,12
armenians,2,1,3
armer,0,1,1
armes,1,0,1
armey,0,1,1
armhole,0,1,1
armidale,0,1,1
armidillo,1,0,1
armidilo,0,1,1
armies,1,3,4
armin,11,20,31
arming,1,0,1
arminia,1,0,1
arminian,0,1,1
arminnnn,0,1,1
armins,0,2,2
armisen,0,1,1
armistice,1,0,1
armitage,4,3,7
arml,0,1,1
armless,1,2,3
armley,0,1,1
armload,1,0,1
armm,4,0,4
armo,0,1,1
armoire,1,1,2
armoires,0,1,1
armon,0,1,1
armonia,0,1,1
armor,10,31,41
armored,8,4,12
armory,7,4,11
armos,0,1,1
armour,2,11,13
armourer,1,0,1
armpit,20,5,25
armpits,8,1,9
armrest,2,0,2
arms,512,302,814
armspits,1,0,1
armss,0,1,1
armsss,1,0,1
armstong,0,1,1
armstrong,8,22,30
armwas,0,1,1
armwhal,0,1,1
armwrestling,1,0,1
army,199,191,390
armyofians,1,0,1
armys,0,1,1
armysniper,0,1,1
armywife,1,0,1
armywives,2,3,5
arn,19,18,37
arnab,0,1,1
arnald,0,1,1
arnay,0,1,1
arnd,23,16,39
arndale,1,2,3
arne,1,1,2
arnel,0,3,3
arnent,1,0,1
arnes,0,1,1
arnett,0,3,3
arney,1,1,2
arnhem,1,2,3
arni,1,0,1
arnica,4,2,6
arnican,0,2,2
arnie,12,14,26
arnieleelee,1,0,1
arnis,0,1,1
arno,0,2,2
arnold,28,29,57
arnoldpalmerhospital,1,0,1
arnolds,1,0,1
arnott,1,0,1
arnotts,1,0,1
arnprior,0,1,1
arnt,64,35,99
arny,0,1,1
aro,2,7,9
arobics,1,0,1
arod,1,0,1
arogant,0,2,2
aroha,1,0,1
aroiund,1,1,2
aroldi,0,1,1
aroma,8,16,24
aromantic,0,1,1
aromas,0,4,4
aromatheraphy,0,1,1
aromatherapy,0,2,2
aromatic,1,2,3
aromatics,0,1,1
aron,2,6,8
arond,2,1,3
arone,3,0,3
aronia,1,0,1
aronoff,0,1,1
aronofsky,1,1,2
arons,1,0,1
aronski,2,0,2
arooj,0,1,1
aroooo,1,0,1
aroos,0,1,1
aroosa,0,2,2
arora,2,1,3
arose,1,3,4
arosh,0,1,1
arosha,0,1,1
arou,0,2,2
aroub,1,0,1
arouche,0,2,2
aroud,5,2,7
aroun,2,1,3
around,4421,4665,9086
aroundd,6,6,12
arounddd,1,2,3
aroundddd,0,1,1
aroundharlem,0,2,2
aroundme,0,1,1
arounds,1,2,3
arouned,0,1,1
arounf,2,3,5
aroung,1,4,5
arounnd,0,1,1
arousal,0,1,1
arouse,1,1,2
aroused,4,1,5
arousing,1,0,1
arouuuuund,0,1,1
arow,1,1,2
arown,1,0,1
arozona,1,0,1
arp,0,5,5
arpack,1,0,1
arpaio,0,1,1
arpeggiated,0,1,1
arpeggiators,1,1,2
arpeggio,0,2,2
arpeggios,1,0,1
arpit,1,0,1
arpita,0,1,1
arpu,0,1,1
arqhh,1,0,1
arqiva,0,1,1
arqqqh,1,0,1
arquette,2,0,2
arquettes,1,0,1
arquinq,0,1,1
arr,22,13,35
arrabiata,1,0,1
arrachera,0,1,1
arragh,2,0,2
arraging,0,1,1
arrah,0,1,1
arrahman,0,1,1
arrainge,0,1,1
arraive,0,1,1
arran,3,6,9
arranca,0,1,1
arrancar,1,0,1
arrands,4,1,5
arrange,38,67,105
arranged,28,34,62
arrangement,15,21,36
arrangements,14,25,39
arranger,0,1,1
arranges,1,1,2
arrangin,0,1,1
arranging,11,29,40
arrangments,3,0,3
arranja,0,1,1
arrasando,0,1,1
arraving,1,0,1
array,10,12,22
arrayindexoutofbound,0,1,1
arrays,1,4,5
arrayz,1,0,1
arraza,0,1,1
arrazando,0,1,1
arre,5,11,16
arrears,0,1,1
arrecife,0,1,1
arreeyy,0,1,1
arreglando,0,1,1
arren,0,2,2
arrends,0,1,1
arrependi,1,0,1
arrepiento,1,2,3
arresstttt,0,1,1
arrest,30,19,49
arrestafield,1,0,1
arrested,93,63,156
arresteddevelopment,1,0,1
arresting,2,1,3
arrests,3,1,4
arrete,0,2,2
arrey,2,2,4
arreyls,0,1,1
arrg,14,6,20
arrgg,1,0,1
arrggg,6,0,6
arrgggg,1,1,2
arrggggh,1,0,1
arrgggghhh,2,0,2
arrgggh,1,1,2
arrggghh,1,0,1
arrggghhh,5,0,5
arrggghhhh,6,0,6
arrggghhhhhh,3,0,3
arrggh,8,2,10
arrgghh,14,7,21
arrgghhh,15,1,16
arrgghhhggguuuiiissshhhh,1,0,1
arrgghhhh,6,2,8
arrgghhhhh,1,0,1
arrgh,65,7,72
arrghh,16,0,16
arrghhh,12,2,14
arrghhhh,3,0,3
arrghhhhh,1,0,1
arrghhhhhhhhh,1,0,1
arrh,3,1,4
arrhe,0,1,1
arrhh,2,0,2
arrhhggg,1,0,1
arrhhhh,1,0,1
arrhythmia,0,1,1
arriana,1,0,1
arriba,1,1,2
arrid,1,0,1
arriene,0,1,1
arrieve,0,1,1
arrieved,0,1,1
arriflex,1,0,1
arriive,2,0,2
arring,0,1,1
arrington,1,16,17
arrish,0,1,1
arrison,0,1,1
arristed,1,0,1
arriv,0,1,1
arriva,3,0,3
arrival,55,78,133
arrivals,6,10,16
arrivatrainswales,1,0,1
arrivd,2,0,2
arrive,289,289,578
arrived,595,705,1300
arrivedddd,0,1,1
arrivederci,1,2,3
arrivedshame,1,0,1
arrivedto,1,0,1
arriver,0,1,1
arrives,77,105,182
arrivied,0,2,2
arrivin,3,0,3
arriving,83,93,176
arrmmss,1,0,1
arrnge,1,0,1
arrngmnts,1,0,1
arrods,0,1,1
arrogance,3,5,8
arrogant,23,21,44
arrogants,1,0,1
arrojo,1,1,2
arron,8,7,15
arrons,0,1,1
arround,6,10,16
arrow,24,44,68
arrowed,1,0,1
arrowhead,2,2,4
arrowroot,1,0,1
arrows,16,13,29
arroyans,1,0,1
arroyo,3,1,4
arroz,4,3,7
arrozcaldo,0,1,1
arrr,14,9,23
arrreeeee,1,1,2
arrrfggfds,1,0,1
arrrg,7,2,9
arrrgfhhhhh,1,0,1
arrrggg,0,2,2
arrrgggghhh,1,0,1
arrrgggghhhhhhhh,1,0,1
arrrgggh,2,0,2
arrrggghghhghghghg,1,0,1
arrrggghh,3,0,3
arrrggghhh,8,1,9
arrrggghhhh,2,1,3
arrrggghhhhh,1,0,1
arrrggghhhhhh,1,0,1
arrrggghhhhhhhhh,1,0,1
arrrggh,3,0,3
arrrgghh,4,0,4
arrrgghhatronington,1,0,1
arrrgghhh,2,1,3
arrrgghhhh,2,0,2
arrrgh,46,4,50
arrrgha,1,0,1
arrrghfriofjrfg,0,1,1
arrrghh,4,0,4
arrrghhh,6,0,6
arrrghhhh,2,0,2
arrrgrggghhhhh,1,0,1
arrrgrhrgrhgrhrgrhhhh,1,0,1
arrrh,2,0,2
arrrhghhhh,1,0,1
arrrhh,2,0,2
arrrhhhh,1,0,1
arrrhhhhhh,1,0,1
arrrneeee,0,1,1
arrrr,13,7,20
arrrrg,5,0,5
arrrrgg,3,0,3
arrrrggg,1,0,1
arrrrgggg,1,0,1
arrrrggggggh,1,0,1
arrrrgggggghhhhhh,1,0,1
arrrrgggghhh,1,0,1
arrrrgggghhhh,1,1,2
arrrrgggghhhhhh,1,0,1
arrrrggghhh,1,0,1
arrrrggghhhh,1,0,1
arrrrggghhhhh,1,0,1
arrrrgh,22,2,24
arrrrghhh,2,0,2
arrrrghhhhhhhhhhhhh,0,1,1
arrrrgrrrrrr,1,0,1
arrrrh,1,1,2
arrrrhhh,1,0,1
arrrround,0,1,1
arrrrr,2,2,4
arrrrraagggh,1,0,1
arrrrragh,1,0,1
arrrrrg,2,0,2
arrrrrgggg,1,0,1
arrrrrggggggghhhhhhh,1,0,1
arrrrrggggghhhh,1,0,1
arrrrrggghhh,0,1,1
arrrrrggghhhh,1,0,1
arrrrrgh,3,1,4
arrrrrghhh,1,0,1
arrrrrghhhhhhhhhhhhhhhh,1,0,1
arrrrrh,0,1,1
arrrrrhhhhhhh,1,0,1
arrrrrms,1,0,1
arrrrrr,7,1,8
arrrrrrggggggggh,1,0,1
arrrrrrgggh,0,1,1
arrrrrrgghghghghhghghghhghghghghg,0,1,1
arrrrrrgghhhhh,1,0,1
arrrrrrgh,4,1,5
arrrrrrh,2,0,2
arrrrrrhhh,1,0,1
arrrrrrr,1,1,2
arrrrrrrg,2,0,2
arrrrrrrgggggggghhhhhhhh,1,0,1
arrrrrrrgggggggghhhhhhhhh,1,0,1
arrrrrrrgh,4,0,4
arrrrrrrh,0,1,1
arrrrrrrr,1,1,2
arrrrrrrrg,1,0,1
arrrrrrrrggggggggghhhhhhhhhhh,1,0,1
arrrrrrrrgggggghhhhh,1,0,1
arrrrrrrrgh,1,0,1
arrrrrrrrr,1,0,1
arrrrrrrrrggggg,0,1,1
arrrrrrrrrr,0,1,1
arrrrrrrrrrgh,1,0,1
arrrrrrrrrrrgh,0,1,1
arrrrrrrrrrrrr,0,1,1
arrrrrrrrrrrrrrgggh,1,0,1
arrrrrruuuuu,0,1,1
arrspan,1,0,1
arruinee,1,0,1
arrum,1,0,1
arruma,0,1,1
arrumar,1,1,2
arrumem,1,0,1
arrv,0,1,1
arrve,1,0,1
arrvied,0,1,1
arrww,1,0,1
arry,0,1,1
arryte,0,1,1
ars,7,9,16
arsca,1,0,1
arsch,1,1,2
arse,194,147,341
arsebiscuit,0,2,2
arsebiscuits,0,1,1
arsed,77,28,105
arseee,0,1,1
arseeee,0,1,1
arseeeeeeeeeeeeeee,1,0,1
arsefor,1,0,1
arsehole,8,3,11
arseholed,1,0,1
arseholes,8,1,9
arsenaal,0,1,1
arsenal,60,55,115
arsenall,0,1,1
arsenals,1,1,2
arsene,1,1,2
arsenic,0,2,2
arsenio,1,6,7
arsery,0,1,1
arses,15,8,23
arsetap,1,0,1
arsewhole,1,0,1
arsey,3,0,3
arsh,1,0,1
arshavin,1,3,4
arshu,0,1,1
arsie,0,1,1
arsier,0,1,1
arsing,1,0,1
arsloch,1,0,1
arsmeet,0,1,1
arson,6,0,6
arss,1,0,1
arsy,1,0,1
art,759,994,1753
artana,1,0,1
artaroundadams,0,1,1
artas,0,1,1
artay,0,1,1
artbizness,1,0,1
artboards,1,0,1
artbook,3,3,6
artbooks,1,0,1
artdtour,0,1,1
arte,2,3,5
artecia,1,0,1
artedeb,0,1,1
arteim,0,1,1
artem,1,0,1
artemis,3,5,8
artemy,0,1,1
arter,0,1,1
arteries,6,7,13
arterix,0,1,1
arters,0,1,1
artery,8,0,8
artes,0,2,2
artesia,2,1,3
artesian,1,0,1
artest,1,1,2
artfest,0,1,1
artfg,0,1,1
artfire,8,23,31
artform,0,1,1
artful,0,2,2
artfully,0,1,1
artha,1,1,2
arthas,2,0,2
arthemis,0,1,1
arther,1,0,1
artheritis,1,0,1
arthers,1,0,1
arthiritis,3,0,3
arthirtis,1,0,1
arthouse,1,0,1
arthritic,2,0,2
arthrities,1,0,1
arthritis,47,10,57
arthritus,2,0,2
arthropods,0,1,1
arthroscopy,1,0,1
arthur,44,46,90
arthurian,0,1,1
arthurs,1,2,3
arthus,0,3,3
arthw,0,1,1
arti,1,3,4
artic,5,5,10
artical,0,2,2
articals,0,1,1
artice,0,1,1
articel,0,1,1
artichoke,6,11,17
artichokes,0,4,4
artichokey,0,2,2
article,359,710,1069
articlea,0,1,1
articledashboard,3,0,3
articles,107,170,277
articlesbase,2,1,3
articlesbin,0,2,2
articol,0,3,3
articole,0,1,1
articulate,6,10,16
articulated,1,1,2
articulating,0,1,1
articulation,3,1,4
articuloo,1,0,1
artie,4,5,9
arties,0,1,1
artifact,0,2,2
artifacting,1,0,1
artifacts,4,1,5
artifices,0,1,1
artificial,11,13,24
artificially,2,3,5
artigo,0,1,1
artikel,2,5,7
artikelnya,1,1,2
artikulo,0,1,1
artikulos,0,1,1
artilce,0,1,1
artillery,2,1,3
artin,1,1,2
artinem,1,0,1
arting,2,0,2
artirt,0,1,1
artis,0,1,1
artisan,1,8,9
artisana,0,1,1
artisans,0,1,1
artisian,0,1,1
artisitc,0,1,1
artisitic,0,1,1
artisphere,0,1,1
artist,130,349,479
artistas,1,0,1
artiste,0,1,1
artisteer,0,1,1
artistes,0,1,1
artistic,15,48,63
artistically,5,0,5
artistika,0,1,1
artistki,0,1,1
artistlik,0,1,1
artistry,2,6,8
artists,83,172,255
artix,2,0,2
artixs,1,0,1
artizia,1,0,1
artkamp,1,0,1
artline,0,1,1
artlovetwitter,0,1,1
artmaking,1,0,1
artnwater,1,0,1
artofficial,1,0,1
artofkerem,0,1,1
artois,1,5,6
artomatic,7,4,11
arton,0,1,1
artoo,1,0,1
artorder,0,1,1
artpark,0,1,1
artpiece,0,2,2
artpixie,4,2,6
artplay,0,1,1
artproject,0,1,1
artrage,0,1,1
artrell,0,1,1
artricles,0,1,1
arts,89,139,228
artsalive,0,1,1
artscow,1,0,1
artshow,1,1,2
artshows,1,0,1
artsky,0,1,1
artslam,1,0,1
artsmix,2,0,2
artsposure,1,0,1
artsss,1,0,1
artsworker,0,1,1
artsy,10,20,30
artt,1,0,1
arttiles,0,1,1
arttm,2,2,4
arttt,0,1,1
arttttt,0,1,1
artu,0,1,1
artunexpected,2,1,3
artup,0,1,1
artur,0,1,1
artura,0,1,1
arturo,3,1,4
arturos,0,2,2
artwalk,5,6,11
artwebsite,0,1,1
artwork,51,94,145
artworks,2,7,9
artworlds,0,1,1
arty,11,21,32
artygirlr,1,0,1
artyness,1,0,1
artyy,0,1,1
aru,0,1,1
arua,1,0,1
aruba,11,15,26
arudius,0,1,1
arudy,1,0,1
arugh,1,0,1
arughh,1,0,1
arughhhhhh,0,1,1
arugin,1,0,1
arugment,1,0,1
aruguing,1,0,1
arugula,0,5,5
arugulance,0,1,1
arumc,0,1,1
arun,2,4,6
aruna,0,1,1
arunachal,0,2,2
arunce,0,1,1
arunci,1,0,1
arund,1,1,2
arundal,0,2,2
arundel,2,1,3
arundhati,0,2,2
aruond,0,1,1
arushi,0,1,1
arv,0,1,1
arvee,1,0,1
arvest,1,0,1
arvi,0,1,1
arvid,0,1,1
arvie,1,2,3
arvika,0,2,2
arvikafestivalen,1,0,1
arvin,1,3,4
arvo,44,50,94
arvos,1,0,1
arvrin,0,1,1
arw,0,1,1
arwan,0,1,1
arwards,0,1,1
arwen,0,5,5
arwhh,1,1,2
arwin,0,1,1
arwnd,1,0,1
arww,1,0,1
arwwww,1,0,1
arwyn,1,0,1
arx,1,1,2
arxta,0,1,1
ary,2,1,3
arya,0,1,1
aryan,0,2,2
aryana,0,2,2
aryanas,1,0,1
aryanna,0,2,2
aryans,0,4,4
aryayush,1,0,1
aryianna,0,1,1
aryn,0,1,1
arynablablabla,0,1,1
aryo,0,1,1
arysley,0,1,1
aryt,2,2,4
aryty,0,1,1
arz,0,1,1
arznova,0,1,1
as,18421,20849,39270
asa,19,19,38
asaaa,0,1,1
asaaaaap,1,0,1
asaaaaappp,1,0,1
asad,0,1,1
asada,13,22,35
asadaaaa,0,1,1
asadddddddd,0,1,1
asado,1,2,3
asagi,1,0,1
asahi,3,3,6
asai,1,0,1
asaia,1,0,1
asain,1,3,4
asakusa,0,1,1
asal,1,4,5
asalamualaikum,0,1,1
asalnya,1,0,1
asam,0,1,1
asamed,1,0,1
asamee,1,0,1
asamiha,1,0,1
asan,2,2,4
asanas,0,1,1
asanee,0,1,1
asante,0,3,3
asap,503,357,860
asapargus,0,1,1
asaph,0,2,2
asapish,1,0,1
asaply,0,1,1
asapppp,0,1,1
asapppppp,1,0,1
asapxx,1,0,1
asar,3,0,3
asaran,0,1,1
asas,1,0,1
asasgdygyasdgy,1,0,1
asaturday,1,0,1
asaults,1,0,1
asaurus,1,0,1
asay,0,1,1
asaying,1,0,1
asayyyyyy,1,0,1
asazo,1,0,1
asb,12,14,26
asba,1,0,1
asbestos,5,2,7
asbeta,0,1,1
asbo,1,1,2
asbofuckinlutely,0,1,1
asbos,1,0,1
asbth,1,0,1
asbury,4,8,12
asc,2,2,4
ascap,1,1,2
ascared,4,0,4
ascari,0,1,1
ascaron,1,0,1
ascaso,1,0,1
ascend,2,2,4
ascendancy,0,1,1
ascendant,0,2,2
ascendas,0,1,1
ascending,0,1,1
ascends,0,1,1
ascension,1,10,11
ascent,2,2,4
ascertaining,0,1,1
ascfvdgh,1,0,1
ascher,1,0,1
aschueta,0,1,1
ascii,2,6,8
ascilite,0,1,1
ascn,0,1,1
asco,4,2,6
ascolti,1,0,1
ascorbic,0,1,1
ascot,38,14,52
ascott,1,5,6
ascotts,1,0,1
ascribe,0,1,1
ascs,1,0,1
ascult,0,2,2
ascultat,0,1,1
asd,5,3,8
asda,80,57,137
asdaa,2,0,2
asdaaa,0,1,1
asdas,1,1,2
asdf,2,3,5
asdfasdfasdf,1,0,1
asdfekrfmermlf,1,0,1
asdfg,1,0,1
asdfgh,1,0,1
asdfghj,1,0,1
asdfghjhgfwasdfgh,0,1,1
asdfghjkl,25,4,29
asdfgjkffh,0,1,1
asdfjkl,4,0,4
asdfkakhdka,1,0,1
asdfm,0,1,1
asdfsa,1,0,1
asdfsadfsadfasfs,1,0,1
asdghjkl,0,1,1
asdgklfl,1,1,2
asdjkl,1,0,1
asdkfja,1,0,1
asdkfsj,1,0,1
asdklasdjk,1,0,1
asdkndfdriohdg,1,0,1
asdl,0,1,1
asdlfajflsk,0,1,1
asdlfkjasljkfalsfj,1,0,1
asdljf,1,0,1
asdoc,1,0,1
asdoiuweqroiflk,1,0,1
asdsjk,1,0,1
asdy,0,2,2
ase,1,2,3
asean,2,4,6
aseara,0,3,3
asec,1,0,1
ased,1,0,1
asee,1,0,1
aseep,0,1,1
asehmon,1,0,1
aselina,0,1,1
asem,1,1,2
asembly,1,0,1
asence,1,0,1
asep,1,0,1
aseponde,0,2,2
asepted,1,0,1
aser,0,1,1
aserej,0,1,1
asereje,1,0,1
ases,1,0,1
asesinas,0,1,1
asesu,1,0,1
aseum,0,2,2
asexual,0,3,3
asexuals,1,0,1
asf,5,0,5
asfadasafxsxfads,0,1,1
asfalts,0,1,1
asfuwegharegu,1,0,1
asg,1,0,1
asgard,0,1,1
asgj,1,0,1
asgmnt,1,1,2
asgn,1,0,1
asgnmnt,1,0,1
asgood,1,0,1
ash,152,193,345
asha,11,6,17
ashaa,0,1,1
ashaaamed,0,1,1
ashaan,0,1,1
ashad,1,0,1
ashah,1,0,1
ashahshahshahshashahsh,0,1,1
ashaji,0,1,1
ashalalee,0,1,1
ashalyn,1,0,1
asham,1,0,1
ashambles,0,1,1
ashame,12,2,14
ashamed,236,65,301
ashames,1,0,1
ashan,1,1,2
ashana,0,1,1
ashanti,2,6,8
ashar,2,1,3
ashari,0,1,1
ashat,0,1,1
ashatteredhope,0,1,1
ashba,1,1,2
ashbash,0,3,3
ashbourne,1,0,1
ashbridge,0,1,1
ashbringer,1,0,1
ashburies,1,0,1
ashburn,1,2,3
ashburton,1,0,1
ashbury,1,1,2
ashby,3,0,3
ashcay,0,1,1
ashchili,1,0,1
ashcookley,1,0,1
ashcroft,0,1,1
ashdar,0,1,1
ashdot,1,0,1
ashdown,1,0,1
ashe,0,3,3
ashea,0,2,2
ashee,2,0,2
asheeee,1,0,1
ashegheshoooon,0,1,1
ashelee,0,1,1
ashely,2,6,8
ashemed,1,0,1
asher,20,33,53
asherja,0,1,1
asherroth,1,1,2
asherrrr,1,0,1
ashers,2,2,4
ashes,71,85,156
ashestoashes,4,1,5
asheville,12,20,32
ashey,0,1,1
ashfield,2,0,2
ashfieruydjfjsdhj,1,0,1
ashford,3,2,5
ashgklja,0,1,1
ashh,4,1,5
ashhame,1,0,1
ashhh,3,0,3
ashhhh,0,1,1
ashhhhh,1,1,2
ashhhhhhhhhh,0,1,1
ashhiieess,1,0,1
ashhurst,1,0,1
ashi,0,1,1
ashieeeee,0,1,1
ashieeeej,0,1,1
ashies,0,1,1
ashiest,1,0,1
ashified,1,0,1
ashiie,0,1,1
ashington,2,2,4
ashinin,0,1,1
ashita,1,2,3
ashjajsh,1,0,1
ashkenaz,1,0,1
ashkenazim,1,0,1
ashkey,0,1,1
ashland,5,4,9
ashle,0,1,1
ashlea,1,2,3
ashlee,22,26,48
ashleeeen,0,1,1
ashleeeey,0,2,2
ashleeeyyyyy,0,1,1
ashleeys,0,1,1
ashlei,1,0,1
ashleigh,21,23,44
ashleighhh,0,3,3
ashleighhhh,0,1,1
ashleighs,1,2,3
ashlene,0,1,1
ashley,288,505,793
ashleyangelic,1,0,1
ashleycarusone,1,0,1
ashleycat,1,0,1
ashleyf,0,1,1
ashleygibson,0,1,1
ashleyhope,0,1,1
ashleyltmsyf,0,1,1
ashleymarieboyle,0,1,1
ashleys,7,20,27
ashleyscandy,0,1,1
ashleysimons,0,1,1
ashleytisdale,1,3,4
ashleytisdaleleaving,1,0,1
ashleyy,0,7,7
ashleyyanne,1,0,1
ashleyytisdale,1,0,1
ashleyyy,1,3,4
ashleyyyy,0,1,1
ashleyz,1,0,1
ashli,2,3,5
ashlie,2,6,8
ashliegh,1,1,2
ashlinn,1,0,1
ashlis,1,0,1
ashlotte,0,1,1
ashlus,1,0,1
ashly,2,2,4
ashlykins,0,1,1
ashlyn,3,3,6
ashlyns,0,2,2
ashlys,0,2,2
ashma,2,0,2
ashmed,0,1,1
ashminov,1,0,1
ashmolean,1,0,1
ashmore,0,1,1
ashna,0,2,2
ashney,0,1,1
ashngary,1,0,1
ashofah,1,0,1
ashok,1,1,2
ashole,1,1,2
asholey,0,1,1
ashono,1,0,1
ashore,1,1,2
ashotn,0,1,1
ashower,1,1,2
ashrah,0,1,1
ashram,0,2,2
ashreen,1,0,1
ashreyyyyyy,0,1,1
ashs,4,0,4
ashsh,1,0,1
ashsimpsonwentz,0,1,1
ashtanga,0,1,1
ashte,0,1,1
ashten,1,0,1
ashtens,0,1,1
ashtey,1,0,1
ashti,0,1,1
ashtin,0,2,2
ashton,64,112,176
ashtoncito,1,0,1
ashtonn,1,0,1
ashtons,4,2,6
ashtray,8,1,9
ashu,1,0,1
ashun,0,1,1
ashuuuu,1,0,1
ashville,1,0,1
ashwathy,0,1,1
ashwee,1,0,1
ashweee,0,1,1
ashwin,1,2,3
ashwins,1,0,1
ashworth,0,1,1
ashworthcollege,1,0,1
ashy,8,6,14
ashya,1,1,2
ashybobashy,0,1,1
ashymeraxyy,0,1,1
ashyy,0,1,1
asi,15,19,34
asia,108,128,236
asiaaa,1,0,1
asiaaaa,0,1,1
asiaaaaa,0,1,1
asiaaaaaa,1,0,1
asiabrands,0,1,1
asiadigial,1,0,1
asiago,5,3,8
asiamagic,0,1,1
asian,192,232,424
asianam,0,2,2
asiancarsblog,0,1,1
asianet,1,0,1
asianism,0,1,1
asianness,0,1,1
asiannnn,0,1,1
asianos,0,1,1
asianovelas,0,1,1
asianrockfest,0,1,1
asianromance,1,0,1
asians,23,27,50
asiant,1,0,1
asiapac,1,0,1
asiatic,0,3,3
asic,1,0,1
asics,1,6,7
asid,2,0,2
aside,94,120,214
asides,2,0,2
asif,12,3,15
asiff,1,0,1
asiffff,0,1,1
asigment,0,1,1
asignemnt,1,0,1
asignments,0,1,1
asih,0,1,1
asiid,2,0,2
asiiiiiiiiik,0,1,1
asiiiikkk,0,1,1
asiiiinnnn,1,0,1
asiingment,1,0,1
asik,2,7,9
asiknya,0,2,2
asil,1,0,1
asile,0,1,1
asilefx,0,1,1
asilfhlasihflkasdhglksd,0,1,1
asim,1,0,1
asiments,0,1,1
asimov,0,5,5
asin,1,2,3
asinine,1,1,2
asinku,1,0,1
asinment,1,0,1
asiscs,0,1,1
asisgnments,1,0,1
asish,1,0,1
asissi,1,0,1
asisstant,0,2,2
asist,0,1,1
asistance,1,0,1
asisten,3,0,3
asit,0,2,2
asiuhashsa,1,0,1
asiwyfa,1,0,1
asj,2,0,2
asjad,0,1,1
asjdflkadfljasdlfasdf,1,0,1
asjhdkjgh,1,0,1
asjkd,1,0,1
asjkdf,1,0,1
asjrkahfdhjfsdkhfsdkh,0,1,1
ask,1355,2391,3746
askaban,0,1,1
askagent,0,1,1
askandy,1,0,1
askars,1,0,1
askarsgard,1,0,1
askarth,0,1,1
askboutme,0,1,1
askcarrielee,0,1,1
askd,8,3,11
askded,1,0,1
askdhsakdsa,0,1,1
aske,0,2,2
asked,903,944,1847
askedbfor,1,0,1
askeep,0,1,1
askel,0,1,1
askem,0,1,1
asker,0,1,1
askes,2,0,2
askew,2,1,3
askey,0,1,1
askfjbshs,1,0,1
askhaf,1,0,1
askiing,0,1,1
askij,0,3,3
askim,1,1,2
askimet,0,1,1
askin,33,56,89
asking,526,823,1349
askingfortrouble,0,1,1
askingg,0,1,1
askingits,0,4,4
askk,1,1,2
askkk,0,1,1
askkkkkk,0,1,1
askldjksajdas,1,0,1
asklyndi,0,1,1
askmissyward,0,1,1
askn,1,4,5
askng,1,2,3
asks,134,129,263
asksteve,3,0,3
askwew,0,1,1
asl,6,14,20
asla,1,0,1
aslan,4,5,9
aslas,0,1,1
asldfhfjdalskfjdh,1,0,1
asldfkjshdf,1,0,1
asldflak,0,1,1
aslee,1,0,1
asleeeeeeeeeeeeeep,1,0,1
asleeeeeeeeeeep,1,0,1
asleeeeeeep,1,0,1
asleeeeeeepppp,0,1,1
asleeeeeep,2,1,3
asleeeeep,2,0,2
asleeeeepin,1,0,1
asleeeep,4,1,5
asleeep,19,5,24
asleeeps,1,0,1
asleelp,1,0,1
asleep,3050,1195,4245
asleepil,0,1,1
asleeping,0,1,1
asleepp,0,1,1
asleepppp,4,0,4
asleept,1,0,1
aslep,1,1,2
aslepp,0,1,1
aslevels,1,0,1
asli,0,1,1
asljdaljsd,1,0,1
aslkfjd,1,0,1
aslkjdhfaklsjf,0,1,1
asll,1,0,1
asllep,1,0,1
aslo,5,7,12
aslong,4,9,13
aslovatorings,0,1,1
aslp,3,1,4
aslppe,1,0,1
asls,1,0,1
aslseep,1,0,1
aslym,1,0,1
aslyn,1,0,1
aslyum,1,1,2
asm,3,3,6
asma,3,1,4
asmall,0,1,1
asmallworld,0,1,1
asmanex,1,0,1
asmatic,0,1,1
asmb,0,1,1
asmile,1,0,1
asmita,0,1,1
asmo,0,1,1
asmodians,1,0,1
asmoy,1,0,1
asms,0,1,1
asmuch,1,0,1
asmus,0,1,1
asn,2,3,5
asnaky,0,1,1
asnawi,2,0,2
asnd,1,0,1
asnoopy,1,0,1
asnwer,2,4,6
asnwerrr,1,0,1
aso,5,2,7
asobi,0,1,1
asociated,1,1,2
asoka,1,2,3
asolute,1,0,1
asome,0,2,2
asomeness,1,0,1
asomy,1,0,1
ason,0,2,2
asoon,1,1,2
asoooo,0,1,1
asooyyyy,1,0,1
asop,1,0,1
asore,1,0,1
asos,22,18,40
asot,152,227,379
asp,37,29,66
aspalls,0,1,1
asparagas,1,0,1
asparagus,25,36,61
asparin,1,0,1
asparragus,0,1,1
aspartame,1,2,3
aspb,0,1,1
aspca,14,5,19
aspecially,1,1,2
aspect,26,29,55
aspecto,0,1,1
aspects,17,16,33
aspectwerkz,0,1,1
aspeel,1,0,1
aspeerger,1,0,1
aspell,1,2,3
aspen,7,9,16
aspens,1,0,1
aspensive,1,0,1
aspercream,1,0,1
aspercreme,1,0,1
asperger,1,1,2
aspergers,0,2,2
asperges,0,1,1
asphalt,6,2,8
aspherical,1,0,1
asphire,1,0,1
asphixiate,1,0,1
asphyx,1,0,1
asphyxia,0,2,2
asphyxiating,1,0,1
asphyxiation,4,2,6
aspie,0,2,2
aspies,0,1,1
aspirador,1,0,1
aspirating,1,0,1
aspiration,3,2,5
aspirational,0,1,1
aspirations,5,7,12
aspire,13,29,42
aspired,1,1,2
aspirig,0,1,1
aspirin,30,15,45
aspirine,1,0,1
aspiring,2,18,20
aspirins,1,2,3
aspitar,0,1,1
aspleep,0,1,1
asplit,1,0,1
asplode,3,0,3
asploded,4,1,5
asplodes,1,0,1
asploding,1,0,1
asplooded,0,1,1
asplund,0,1,1
aspnetmvc,1,0,1
aspon,0,1,1
aspre,0,1,1
asprin,14,6,20
asprins,2,0,2
aspro,2,1,3
asproval,0,1,1
aspug,0,1,1
aspy,1,0,1
asr,3,1,4
asri,0,2,2
asronomy,0,1,1
ass,2349,1974,4323
assa,0,1,1
assabet,0,1,1
assad,1,0,1
assada,0,1,1
assaggio,1,1,2
assalaamu,0,2,2
assalam,0,1,1
assalamualaikum,0,1,1
assam,2,0,2
assante,1,0,1
assasiinated,1,0,1
assasin,2,3,5
assasinate,1,4,5
assasinated,1,1,2
assasinating,2,1,3
assasination,2,1,3
assasinations,1,0,1
assasinscreed,1,0,1
assassiante,1,0,1
assassin,16,34,50
assassinate,20,17,37
assassinated,8,4,12
assassinating,3,5,8
assassination,8,12,20
assassinations,3,1,4
assassins,21,20,41
assateague,0,1,1
assault,14,15,29
assaulted,10,1,11
assaulting,3,1,4
assaults,1,1,2
assay,1,1,2
assbone,0,1,1
assburger,1,0,1
asscheeks,0,1,1
assclown,0,2,2
asscrack,2,1,3
assdouche,1,0,1
asseble,1,1,2
assed,28,11,39
assedly,0,2,2
assedness,0,1,1
asseldonk,0,1,1
assemble,13,17,30
assembled,10,7,17
assembler,1,2,3
assembley,1,0,1
assemblies,2,2,4
assembliesss,1,0,1
assembling,7,13,20
assembluy,1,0,1
assembly,60,58,118
assen,2,1,3
assenavdewnew,0,1,1
assend,0,1,1
assendelft,0,1,1
assent,0,1,1
assert,3,1,4
assertion,1,1,2
assertions,1,2,3
assertive,1,5,6
asserts,0,1,1
asses,66,53,119
assesements,1,0,1
assesin,1,0,1
assesment,12,6,18
assesments,3,1,4
assesories,1,0,1
assess,3,5,8
assessed,7,1,8
assessin,1,0,1
assessing,5,8,13
assessment,80,41,121
assessmenting,1,0,1
assessments,29,14,43
assessor,2,1,3
assessores,0,1,1
assessors,1,0,1
assesss,1,0,1
assested,0,1,1
asset,8,14,22
asseth,0,1,1
assets,19,11,30
assez,0,1,1
assf,1,0,1
assface,1,2,3
assfaces,0,1,1
assfuck,2,0,2
assgirl,1,0,1
assgnment,1,0,1
assgnmnts,1,0,1
asshat,8,7,15
asshats,5,0,5
asshattery,0,1,1
assheads,0,1,1
asshell,1,0,1
asshoe,0,1,1
asshole,183,98,281
assholedness,0,1,1
assholeeee,0,1,1
assholeish,1,0,1
assholemarketingbuzzword,0,1,1
assholery,0,1,1
assholes,69,37,106
assianment,0,1,1
assiciations,1,0,1
assie,0,1,1
assigh,0,1,1
assigment,8,4,12
assigmenting,1,0,1
assigmentout,1,0,1
assigments,3,2,5
assign,9,8,17
assigned,17,17,34
assignement,1,0,1
assignements,2,0,2
assignemnts,1,1,2
assignemtn,1,1,2
assignents,1,0,1
assigning,0,4,4
assignment,492,277,769
assignmenting,9,1,10
assignmentless,0,1,1
assignments,342,117,459
assignmentss,1,0,1
assignmentsss,1,0,1
assignmentt,1,0,1
assignmets,0,1,1
assignmnts,1,0,1
assignnnnnn,1,0,1
assigns,1,0,1
assigs,2,0,2
assik,0,1,1
assim,6,3,9
assiments,0,1,1
assimilate,0,1,1
assimilated,1,4,5
assimilation,0,2,2
assimov,0,1,1
assinar,1,0,1
assination,0,1,1
assing,2,0,2
assingment,4,4,8
assingmentpunishment,0,1,1
assingments,3,2,5
assingning,1,0,1
assingnment,1,1,2
assiniboine,1,0,1
assinment,2,0,2
assisgnments,1,0,1
assisi,2,1,3
assisinate,0,1,1
assissinate,0,1,1
assisstance,1,0,1
assisstant,1,3,4
assist,19,31,50
assistam,0,1,1
assistance,30,51,81
assistanceee,1,0,1
assistand,0,1,1
assistant,64,90,154
assistants,9,9,18
assistantship,1,0,1
assiste,0,1,1
assisted,7,9,16
assistent,0,1,1
assisti,0,3,3
assistindo,2,10,12
assisting,6,6,12
assistir,5,11,16
assistiu,0,1,1
assistnant,0,1,1
assisto,1,0,1
assists,0,4,4
assit,0,1,1
assitant,1,0,1
assitindo,0,1,1
assiting,0,1,1
assits,1,0,1
assitude,1,0,1
asskisser,0,1,1
assleep,1,0,1
assless,1,2,3
assley,0,1,1
assload,3,1,4
assloads,0,1,1
assman,0,1,1
assn,0,1,1
assnchat,0,1,1
assnole,1,0,1
assoc,3,3,6
associaltion,1,0,1
associate,14,19,33
associated,18,25,43
associateness,0,1,1
associates,9,11,20
associatin,1,0,1
associating,2,1,3
association,13,40,53
associational,0,1,1
associationjam,0,1,1
associations,4,3,7
associative,0,2,2
associet,0,1,1
assom,0,1,1
assomm,0,1,1
assorted,8,7,15
assorting,1,0,1
assortment,2,3,5
assos,1,0,1
assosiation,0,1,1
asspensive,1,0,1
assplode,1,0,1
assploded,3,0,3
assplosion,1,0,1
asspr,0,2,2
assprin,0,1,1
assraped,1,0,1
assrat,1,0,1
asss,12,6,18
assshooolllleee,1,0,1
asssk,1,1,2
assss,5,5,10
assssholeess,1,0,1
asssss,3,2,5
asssssignment,0,1,1
assssss,2,1,3
assssssssshleyyyy,1,0,1
asssure,0,1,1
asst,12,13,25
asstd,0,1,1
asstets,1,0,1
asstrending,1,0,1
assu,0,1,1
assuaged,0,1,1
assuages,1,0,1
assualt,1,0,1
assulted,1,0,1
assume,102,158,260
assumed,45,40,85
assumer,1,0,1
assumes,6,6,12
assumin,1,1,2
assuming,73,113,186
assumption,13,16,29
assumptions,7,10,17
assunta,0,1,1
assurance,0,9,9
assure,8,45,53
assured,7,23,30
assuredly,2,0,2
assures,1,3,4
assuring,1,0,1
assusto,0,1,1
asswhole,2,0,2
asswhopping,0,1,1
asswhore,1,0,1
asswignmwent,0,1,1
asswipe,1,2,3
asswipes,1,0,1
assy,2,0,2
assylum,0,1,1
assymbled,1,0,1
assyness,1,0,1
assyria,0,1,1
assyrian,0,2,2
ast,7,9,16
asta,10,10,20
astaaahil,1,0,1
astablished,1,1,2
astagaaa,1,0,1
astaghfirullah,0,1,1
astaghfirulloh,1,0,1
astahl,1,0,1
astaire,1,3,4
astana,1,2,3
astari,0,1,1
astaria,0,1,1
astart,0,1,1
astaw,1,0,1
astazi,0,3,3
astd,4,10,14
astea,2,1,3
asteaptai,0,1,1
asted,1,0,1
asteeeeeeeg,0,1,1
asteem,1,0,1
astely,1,0,1
astept,3,7,10
asteptam,0,3,3
asteptare,0,1,1
asteptari,0,1,1
aster,1,1,2
asteriod,1,0,1
asterisk,7,1,8
asterix,6,3,9
asteroid,0,1,1
asteroids,3,5,8
asterpix,0,1,1
asters,1,0,1
astfel,0,1,1
asthama,2,0,2
asthetics,0,1,1
asthma,141,12,153
asthmanex,1,0,1
asthmatic,7,1,8
asthmaticus,1,0,1
asthon,0,2,2
asti,3,2,5
astic,0,1,1
astig,0,3,3
astigmatism,6,1,7
astin,0,2,2
astir,0,1,1
astkry,1,0,1
astley,1,13,14
astma,2,0,2
aston,12,23,35
astonish,0,1,1
astonished,2,4,6
astonishing,5,8,13
astonishingly,3,2,5
astonishly,0,1,1
astons,1,0,1
astor,4,5,9
astoria,8,8,16
astoriaa,0,1,1
astound,1,1,2
astounded,1,4,5
astounding,7,12,19
astoundingly,1,0,1
astounds,5,0,5
astr,0,1,1
astra,18,10,28
astraa,0,1,1
astral,2,1,3
astrally,0,1,1
astrantia,1,0,1
astras,1,2,3
astrasync,1,0,1
astray,5,3,8
astri,0,1,1
astrid,4,6,10
astridoooo,0,1,1
astringent,1,2,3
astro,11,25,36
astroblasters,1,1,2
astroboy,0,2,2
astroburger,1,0,1
astrocast,0,1,1
astrodude,0,1,1
astroengine,1,0,1
astroglide,0,3,3
astrojump,1,0,1
astrokitty,0,1,1
astrologer,0,3,3
astrological,1,2,3
astrology,4,15,19
astrologyanalyst,0,1,1
astrologyzone,1,3,4
astromike,0,1,1
astronarvaez,0,1,1
astronaunts,1,0,1
astronaut,6,15,21
astronauts,5,2,7
astronautt,1,0,1
astronomer,0,4,4
astronomical,1,2,3
astronomy,19,11,30
astronotes,0,1,1
astronout,0,1,1
astronoutiem,0,1,1
astrophoto,0,1,1
astrophotography,0,1,1
astrophysics,1,1,2
astros,23,15,38
astroslam,1,0,1
astroturf,1,1,2
astroturfing,0,1,1
astry,1,0,1
astucia,0,1,1
astudillo,0,1,1
astulabee,0,1,1
asturias,1,0,1
astute,0,3,3
astv,1,1,2
asty,1,0,1
asu,26,16,42
asuar,0,1,1
asudden,1,0,1
asuka,7,1,8
asukal,0,1,1
asult,0,1,1
asum,1,0,1
asuma,1,0,1
asume,2,0,2
asumed,2,1,3
asumthin,1,0,1
asun,0,1,1
asuncionss,0,1,1
asunder,1,0,1
asunma,1,0,1
asunny,1,0,1
asuntoos,1,0,1
asuo,1,1,2
asuransi,0,1,1
asus,14,18,32
asusual,1,0,1
asuu,1,0,1
asuuming,0,1,1
asuvidha,1,0,1
asv,0,1,1
asvab,0,1,1
asw,1,1,2
aswad,0,1,1
asweel,0,1,1
aswel,18,8,26
aswell,310,244,554
aswelll,1,0,1
aswellll,0,2,2
aswer,0,1,1
aswered,3,0,3
aswesome,0,2,2
aswll,1,0,1
aswome,2,1,3
aswomeness,0,1,1
aswone,0,1,1
aswsutc,1,0,1
asx,0,1,1
asxx,1,0,1
asy,1,2,3
asya,0,1,1
asyadeeq,0,1,1
asyeee,1,0,1
asyek,0,1,1
asyiiiiik,0,1,1
asyiiiik,0,1,1
asyik,1,1,2
asyikk,0,1,1
asylm,50,52,102
asylum,33,41,74
asylums,0,1,1
asylym,0,1,1
asym,1,1,2
asymetrical,1,1,2
asymmetric,2,0,2
asynchronous,1,1,2
asyraf,0,2,2
asz,1,2,3
aszcfxvdgcbfh,1,0,1
aszh,1,2,3
asztal,0,1,1
at,62728,49622,112350
ata,20,20,40
ataba,0,1,1
atacha,0,1,1
atachd,1,0,1
atack,2,0,2
atacp,1,0,1
atad,1,0,1
atadan,3,0,3
atagana,1,0,1
atah,1,0,1
atal,1,1,2
atalanta,1,0,1
atalie,0,1,1
atalking,1,0,1
atall,8,5,13
atalmatal,0,1,1
atalnta,0,1,1
atalntic,0,1,1
atan,1,0,1
atang,2,1,3
atanshichi,1,0,1
ataps,0,1,1
atar,2,2,4
atara,0,1,1
atari,11,12,23
ataris,2,2,4
atartimg,1,0,1
atarudi,1,0,1
atas,2,4,6
atascadeo,1,0,1
atascocita,1,0,1
atashinchi,1,4,5
atat,4,1,5
atatc,0,1,1
ataterium,1,0,1
atau,4,4,8
atavan,1,0,1
atavistic,0,1,1
atay,1,0,1
ataz,1,0,1
atb,9,10,19
atba,1,0,1
atbat,1,0,1
atbfm,0,1,1
atbild,0,1,1
atbp,1,0,1
atc,8,13,21
atch,2,3,5
atcha,3,80,83
atchay,0,1,1
atched,0,1,1
atchie,1,0,1
atchiin,0,1,1
atchillis,0,1,1
atching,0,1,1
atchoink,0,1,1
atchoo,0,1,1
atchoooo,1,0,1
atchu,0,4,4
atchully,0,1,1
atchur,0,1,1
atchuuuuu,1,0,1
atchya,0,1,1
atchyaaa,0,1,1
atchylly,0,1,1
atcually,0,2,2
atd,2,9,11
atda,0,1,1
atdod,0,1,1
atdp,1,0,1
ate,2080,1161,3241
atea,0,1,1
atease,0,1,1
ateast,0,1,1
atebits,1,4,5
atec,1,0,1
ated,3,0,3
atee,0,1,1
ateee,1,0,1
ateeee,1,0,1
ateeeehh,1,0,1
ateenage,0,1,1
ateeyalail,1,0,1
ateh,1,2,3
atekinzz,2,0,2
atelier,2,3,5
atem,1,2,3
atemping,1,0,1
atempt,2,2,4
atemptat,1,0,1
atempted,1,1,2
atempting,5,1,6
aten,0,2,2
atena,1,0,1
atencion,1,0,1
atended,1,1,2
atendees,0,1,1
atending,1,0,1
atenean,1,1,2
ateneans,1,1,2
ateneo,10,17,27
ateneodnu,0,1,1
atenta,1,0,1
atention,1,3,4
atento,1,0,1
ater,2,2,4
ateremnants,0,1,1
aterr,1,0,1
ates,4,0,4
ateteen,1,0,1
ateuh,0,1,1
atew,0,1,1
ateyaaa,0,1,1
ateyu,0,1,1
atez,1,0,1
atf,3,1,4
atfair,0,1,1
atfarag,0,1,1
atfl,1,0,1
atfter,1,0,1
atfu,0,1,1
atg,2,5,7
atget,0,1,1
atgh,1,0,1
atgiggleswick,1,0,1
atgofion,0,1,1
atguably,0,1,1
ath,6,7,13
athaatech,0,1,1
athai,0,1,1
athalia,0,1,1
athaliaaa,1,0,1
athaliah,0,1,1
athan,0,1,1
athanacia,0,1,1
athanae,1,0,1
athanasian,1,0,1
athanee,1,0,1
athaneum,0,1,1
athar,0,2,2
atharis,0,1,1
athat,0,1,1
athe,0,1,1
athea,0,1,1
atheism,0,4,4
atheist,5,20,25
atheistic,1,0,1
atheists,6,4,10
athelete,1,0,1
atheletes,0,1,1
atheletics,1,1,2
athen,1,0,1
athena,11,15,26
athene,0,2,2
athens,98,49,147
atheros,3,0,3
atherton,1,2,3
athf,2,3,5
athfest,3,0,3
athica,1,0,1
athie,0,1,1
athiel,0,1,1
athiest,2,1,3
athiests,0,1,1
athihey,0,1,1
athill,0,1,1
athim,1,0,1
athina,1,3,4
athinas,0,1,1
athl,1,0,1
athleta,1,1,2
athlete,19,20,39
athletes,6,22,28
athletic,12,23,35
athletica,1,0,1
athleticism,1,2,3
athletics,26,16,42
athletik,1,0,1
athletisism,1,0,1
athlon,3,2,5
athlone,2,2,4
athol,0,1,1
athome,2,1,3
athomebeingawetlblanket,1,1,2
athon,5,7,12
athonys,1,0,1
athoron,0,2,2
athough,2,2,4
athritis,2,0,2
aths,1,1,2
athsma,4,0,4
aththi,0,1,1
athy,0,1,1
ati,21,9,30
atiba,0,1,1
aticked,0,1,1
aticle,1,0,1
atiii,0,1,1
atikah,0,1,1
atill,1,1,2
atin,1,0,1
ating,1,2,3
atinject,0,1,1
ation,3,0,3
ationette,1,0,1
atiqah,1,1,2
atisha,1,0,1
atishoo,1,0,1
atitude,0,2,2
ativan,2,4,6
atix,1,0,1
atiyas,1,0,1
atiz,1,0,1
atk,2,3,5
atke,0,1,1
atki,0,1,1
atkiinson,0,1,1
atkin,0,1,1
atkins,15,11,26
atkinson,3,3,6
atkla,0,1,1
atkns,0,1,1
atl,440,353,793
atla,1,0,1
atlanits,0,1,1
atlanta,295,219,514
atlantaa,1,0,1
atlantaaa,1,0,1
atlantaaaa,0,1,1
atlantans,0,1,1
atlantean,1,1,2
atlantic,174,72,246
atlantica,2,1,3
atlanticrecords,0,1,1
atlantik,1,0,1
atlantis,22,37,59
atlantismike,0,1,1
atlantiss,0,1,1
atlantsk,1,0,1
atlanya,1,0,1
atlas,11,12,23
atlascam,1,0,1
atlases,1,0,1
atlasobscura,0,1,1
atlasshrugged,0,1,1
atlassian,3,4,7
atlassiansummit,4,3,7
atlast,4,13,17
atlatlatlatlatl,0,1,1
atle,1,0,1
atleaat,1,0,1
atlease,1,1,2
atleaset,2,0,2
atleast,394,299,693
atleasy,1,0,1
atleat,1,1,2
atleats,1,0,1
atlee,0,1,1
atlek,0,1,1
atlest,2,2,4
atleti,0,1,1
atletic,0,1,1
atletics,1,0,1
atlfam,1,0,1
atlhell,1,0,1
atli,0,1,1
atliens,0,1,1
atlika,0,1,1
atlixco,0,1,1
atllllll,0,1,1
atlozbook,0,1,1
atlpics,1,0,1
atls,1,1,2
atlspain,0,1,1
atltantic,1,0,1
atltweet,1,0,1
atlus,1,0,1
atm,666,365,1031
atma,0,1,1
atman,1,0,1
atmb,0,1,1
atme,0,1,1
atmedia,4,0,4
atmega,0,1,1
atmels,1,0,1
atmm,0,2,2
atmo,1,0,1
atmos,0,3,3
atmosfear,1,0,1
atmosfer,1,0,1
atmosphere,46,71,117
atmospheremongering,0,1,1
atmospheres,2,0,2
atmospheric,1,4,5
atmostphere,0,1,1
atms,8,2,10
atmy,2,1,3
atn,0,2,2
atnties,1,0,1
ato,6,7,13
atok,1,0,1
atold,0,1,1
atoll,2,0,2
atom,13,4,17
atomach,1,0,1
atomic,12,15,27
atompub,0,1,1
atoms,1,4,5
atone,0,1,1
atonement,9,6,15
atooooron,0,1,1
atop,3,5,8
atopic,3,0,3
atopy,1,0,1
ator,1,0,1
atos,0,1,1
atots,0,1,1
atown,1,4,5
atp,6,4,10
atpaka,1,0,1
atperth,0,1,1
atpl,0,2,2
atr,3,3,6
atractive,1,1,2
atracts,0,1,1
atraio,0,1,1
atrak,0,1,1
atrapados,1,0,1
atrav,1,0,1
atreplies,1,0,1
atreply,0,1,1
atrested,1,0,1
atreus,0,1,1
atrevida,0,1,1
atreyu,3,5,8
atria,2,0,2
atrial,2,0,2
atributes,0,1,1
atriocious,1,0,1
atrist,0,1,1
atrium,4,9,13
atriz,0,1,1
atrl,1,1,2
atrocious,14,4,18
atrociously,2,0,2
atrocities,2,0,2
atrocity,1,0,1
atrodas,0,1,1
atropellan,1,0,1
atrophied,2,0,2
atrophy,6,2,8
atropolis,0,1,1
atrucco,0,1,1
atruefan,0,1,1
atrulady,0,1,1
ats,6,8,14
atsaucu,0,1,1
atsca,0,1,1
atsmmtatpammmy,1,0,1
atsms,1,0,1
atsome,1,0,1
atst,0,1,1
atsuko,1,0,1
atsunoko,0,1,1
att,93,29,122
atta,0,11,11
attaaack,1,0,1
attaain,0,1,1
attach,32,11,43
attached,103,74,177
attachements,0,1,1
attacher,0,1,1
attaches,1,0,1
attaching,2,4,6
attachment,19,20,39
attachmentparenting,1,0,1
attachments,7,3,10
attack,479,260,739
attackattack,0,1,1
attackd,2,0,2
attacked,246,45,291
attackedd,1,0,1
attacker,1,2,3
attackers,0,1,1
attackin,0,2,2
attacking,80,36,116
attackish,1,0,1
attackkk,0,1,1
attacks,85,38,123
attacktix,1,0,1
attacs,1,0,1
attacted,2,0,2
attain,1,2,3
attainable,0,2,2
attained,2,1,3
attaining,1,0,1
attaire,0,1,1
attakk,1,0,1
attal,1,0,1
attatchd,1,0,1
attatched,2,3,5
attatches,1,0,1
attatching,1,0,1
attcha,0,2,2
attck,3,0,3
attcked,2,0,2
attcking,1,0,1
attcks,0,1,1
attefah,0,1,1
attem,2,0,2
attemet,1,0,1
attemp,1,2,3
attemped,1,0,1
attemping,3,0,3
attemps,2,1,3
attempt,328,230,558
attempted,67,30,97
attemptin,5,0,5
attempting,230,120,350
attemption,1,0,1
attempts,75,32,107
attemt,1,0,1
attemting,1,0,1
attemtp,0,1,1
attemtping,1,0,1
atten,0,2,2
attenborough,3,3,6
attend,396,212,608
attendable,1,0,1
attendance,31,23,54
attendances,2,0,2
attendant,11,20,31
attendants,11,4,15
attendce,1,0,1
attended,57,58,115
attendee,5,8,13
attendees,7,18,25
attendence,4,2,6
attendend,2,0,2
attendent,2,0,2
attendin,2,2,4
attending,138,134,272
attendings,2,1,3
attendnt,0,1,1
attendoo,1,0,1
attends,1,4,5
attendues,0,1,1
attenence,0,1,1
atteng,1,0,1
attenition,1,0,1
attenmpting,1,0,1
attenshun,1,1,2
attent,3,0,3
attenti,1,0,1
attenting,0,1,1
attention,384,505,889
attentions,1,0,1
attentionspan,0,1,1
attentionwhore,2,0,2
attentionwhorephail,0,1,1
attentive,1,10,11
attentiveness,0,1,1
attenton,0,1,1
attenuated,2,0,2
attenuation,1,0,1
attepmt,1,0,1
attept,1,0,1
attepting,1,0,1
atterbury,1,0,1
attest,3,3,6
attestation,1,0,1
attetion,0,3,3
attfail,3,0,3
atthe,3,2,5
atthepool,0,1,1
atthis,1,0,1
atti,0,2,2
attic,35,31,66
attica,0,1,1
atticious,0,1,1
atticmag,0,1,1
attics,2,12,14
atticus,4,5,9
attidtude,1,0,1
attila,0,2,2
attilla,0,1,1
attingham,1,0,1
attire,9,35,44
attitude,76,166,242
attitudes,9,8,17
attitute,0,1,1
attleboro,0,1,1
attling,0,1,1
attmpt,1,0,1
attn,16,30,46
attnd,1,0,1
attnetion,0,1,1
attorney,11,12,23
attorneys,2,6,8
attr,0,2,2
attracive,0,1,1
attract,22,38,60
attracted,21,28,49
attractin,0,1,1
attracting,7,7,14
attraction,9,57,66
attractions,2,7,9
attractive,76,105,181
attractiveness,0,3,3
attracts,2,16,18
attrap,1,0,1
attrib,1,0,1
attributable,1,0,1
attribute,4,7,11
attributed,5,4,9
attributes,2,4,6
attributing,1,1,2
attribution,4,2,6
attributions,1,0,1
attributor,0,1,1
attrition,1,0,1
attrociously,1,0,1
atts,3,7,10
attsucks,1,0,1
attt,2,2,4
atttack,0,1,1
atttt,0,1,1
attttt,0,1,1
attuned,0,1,1
attunement,0,2,2
attwt,0,1,1
attwy,0,2,2
atty,4,5,9
attyachar,1,0,1
attyboy,0,1,1
atu,2,4,6
atualiza,0,1,1
atualizado,1,2,3
atualizar,0,1,1
atuando,1,0,1
atub,1,0,1
atuh,0,1,1
atuhh,0,1,1
atumble,1,0,1
atunci,3,2,5
atuobiog,0,1,1
atupid,1,0,1
atutorial,1,0,1
atv,6,12,18
atva,0,1,1
atving,1,1,2
atvs,0,1,1
atw,1,1,2
atwater,1,1,2
atweeciate,0,1,1
atwilightkiss,1,0,1
atwin,0,1,1
atwitter,1,2,3
atwitterin,0,1,1
atwood,3,1,4
atwt,3,4,7
atwtu,0,1,1
atx,16,6,22
atxtbk,1,0,1
aty,1,0,1
atyer,0,1,1
atyets,1,0,1
atypical,0,3,3
atz,1,1,2
atzen,0,1,1
au,116,134,250
aua,2,1,3
auaaa,1,0,1
auagust,1,0,1
auatralia,1,0,1
aub,1,1,2
aubby,0,1,1
aube,0,1,1
aubele,0,1,1
aubergine,0,3,3
aubergines,1,0,1
aubern,0,1,1
aubhurny,0,1,1
aubine,0,1,1
aubiose,2,0,2
aubon,0,1,1
aubraaaa,1,0,1
aubreita,1,0,1
aubrella,2,0,2
aubrey,32,30,62
aubreyoday,1,1,2
aubreys,1,1,2
aubria,0,1,1
aubrianna,1,0,1
aubries,0,1,1
aubryx,1,0,1
aubs,3,7,10
auburn,26,28,54
auburnonian,1,0,1
auch,63,35,98
auchengillan,1,0,1
auchentoshan,0,1,1
auchh,14,0,14
auchinleck,0,1,1
aucht,0,1,1
auchterarder,0,1,1
auck,1,1,2
auckinleck,1,0,1
aucklanafter,1,0,1
auckland,45,38,83
aucks,1,3,4
aucoustic,0,1,1
auctino,1,0,1
auction,63,89,152
auctioned,3,3,6
auctioner,0,1,1
auctioning,1,1,2
auctionrebel,1,0,1
auctions,12,13,25
auctionsniper,1,0,1
auctiva,5,2,7
aud,20,20,40
audacious,0,7,7
audacity,9,9,18
audaicity,0,1,1
audapostrophe,1,0,1
aude,1,0,1
audeince,0,1,1
audel,0,1,1
auden,0,1,1
audge,1,0,1
audi,29,39,68
audiance,2,0,2
audibel,1,0,1
audible,8,11,19
audibled,1,0,1
audibles,0,1,1
audicity,1,0,1
audie,0,4,4
audienc,1,0,1
audience,82,143,225
audienceboo,0,1,1
audiences,6,3,9
audienceys,1,0,1
audigier,0,2,2
audigy,1,0,1
audimax,0,1,1
audio,246,213,459
audioa,1,0,1
audioboo,11,23,34
audiobook,12,20,32
audiobooking,0,1,1
audiobooks,8,10,18
audioboos,2,2,4
audiobooth,0,1,1
audiofile,0,1,1
audiofly,0,1,1
audiogasm,0,1,1
audiograbber,0,1,1
audiologist,0,1,1
audiology,1,1,2
audiomonkey,0,1,1
audiomulch,1,0,1
audioo,0,1,1
audiooo,0,1,1
audiophile,1,1,2
audioplayer,1,0,1
audioporn,1,0,1
audiorealm,0,1,1
audios,0,1,1
audiosalve,0,1,1
audioslave,1,0,1
audiosurf,0,1,1
audiotistic,0,1,1
audiovisual,1,0,1
audioxygen,0,2,2
audish,1,0,1
audit,27,14,41
audited,4,3,7
auditiion,1,0,1
auditing,5,4,9
audition,149,178,327
auditioned,4,6,10
auditiong,1,0,1
auditioning,9,26,35
auditions,74,67,141
auditiorium,0,1,1
auditon,0,1,1
auditons,1,0,1
auditor,4,4,8
auditorium,12,11,23
auditoriums,0,1,1
auditors,4,0,4
auditory,1,0,1
audits,4,3,7
audix,1,0,1
audizzle,2,0,2
audra,5,6,11
audras,1,1,2
audrea,0,1,1
audreanna,0,1,1
audrey,39,72,111
audreyhepburn,1,0,1
audreys,1,4,5
audri,0,1,1
audriana,0,1,1
audrina,6,9,15
audrinas,0,1,1
audrinna,0,1,1
auds,0,1,1
audtion,0,2,2
audtions,2,2,4
audubon,1,1,2
auduition,1,0,1
audumathi,0,1,1
audun,2,2,4
audusd,0,1,1
audy,0,1,1
audyssey,0,1,1
audyy,1,0,1
auerbach,0,1,1
aueuauahuaeuhaehuaeuaeuae,1,0,1
auf,8,20,28
aufa,1,0,1
aufgefunden,1,0,1
aufr,2,0,2
aufs,1,2,3
auftritt,0,1,1
aufwachen,0,1,1
aufwachn,0,1,1
aug,139,110,249
augarten,0,1,1
augast,1,0,1
augbe,1,0,1
augebitur,0,1,1
augen,1,0,1
auger,0,1,1
augest,1,0,1
augghhh,1,0,1
auggie,1,1,2
auggy,1,0,1
augh,52,4,56
aughghgh,1,0,1
aughh,33,2,35
aughhh,5,0,5
aughhhhhh,1,0,1
aught,0,1,1
aughta,0,1,1
aughter,1,0,1
augie,1,3,4
augii,0,1,1
augment,0,1,1
augmentation,1,1,2
augmented,4,9,13
augmentin,1,0,1
augo,0,1,1
augsburg,2,0,2
auguest,1,0,1
auguments,1,0,1
auguri,0,1,1
auguries,0,1,1
auguro,0,1,1
augus,1,0,1
augusssssst,0,1,1
august,677,574,1251
augusta,11,11,22
augustan,1,1,2
augustana,2,2,4
auguste,0,1,1
augusten,2,0,2
augustine,11,13,24
augustinee,1,0,1
augusto,3,2,5
augustttt,1,1,2
augusttttt,1,0,1
augustus,2,0,2
auh,0,5,5
auhauhauh,1,0,1
auhauhauhauhau,0,1,1
auhh,1,0,1
auhhhhhhhhhhhh,0,1,1
aui,1,0,1
auihsduiashdaiusdhiu,0,1,1
auishiuahsiusha,0,1,1
aul,5,3,8
aula,3,2,5
auld,2,3,5
auldern,0,1,1
auldridgegriffin,0,1,1
auli,0,1,1
aulia,0,1,1
auliya,1,0,1
ault,1,1,2
aumentar,0,1,1
aumentaram,0,1,1
aumfff,1,0,1
aun,5,1,6
auncle,1,0,1
aundi,0,1,1
aundrea,1,2,3
aundy,0,1,1
aung,1,0,1
aungst,0,1,1
aunie,0,1,1
aunite,1,0,1
aunites,0,1,1
aunk,1,0,1
aunke,1,0,1
aunna,0,1,1
aunnie,1,0,1
aunnntiee,0,1,1
aunq,1,0,1
aunqe,0,1,1
aunque,1,1,2
aunt,415,404,819
aunte,1,0,1
aunthood,0,1,1
aunti,1,2,3
auntia,0,1,1
auntie,98,125,223
auntiegail,1,1,2
aunties,12,24,36
auntiesnauncles,1,0,1
auntiez,1,0,1
auntiss,0,1,1
auntitude,0,1,1
aunts,87,67,154
auntty,0,1,1
auntweet,0,1,1
aunty,54,63,117
auntys,1,2,3
auntytito,0,1,1
auntyy,1,0,1
auomated,1,0,1
aup,0,3,3
auqa,0,1,1
auqust,1,0,1
aur,10,10,20
aura,15,16,31
aurai,0,1,1
aurais,0,1,1
aurait,0,1,1
aural,5,7,12
auralex,0,1,1
aurally,0,1,1
aurance,1,0,1
auras,0,1,1
auraurian,0,1,1
aurawan,0,1,1
aurea,0,2,2
aurel,0,1,1
aurelia,0,3,3
aurelio,0,1,1
aurelius,0,2,2
aurell,1,0,1
aurelle,0,1,1
auremix,2,0,2
aurevior,1,0,1
aurevoir,1,3,4
aurgh,2,0,2
aurghhh,1,0,1
aurhority,0,1,1
auriaya,1,3,4
auriculothingy,1,0,1
aurillia,0,1,1
aurio,1,0,1
auriol,1,0,1
auromatic,1,0,1
auron,1,0,1
aurora,15,21,36
auroravanerato,1,0,1
auroville,1,0,1
aury,1,0,1
aus,137,141,278
ausa,1,0,1
ausally,1,0,1
ausangate,1,0,1
auscert,0,3,3
auscham,1,0,1
auschwitz,2,0,2
auscultation,0,1,1
ause,1,0,1
ausflug,1,0,1
ausgeb,1,0,1
ausgefuchst,0,1,1
aushauhsauhsaush,0,1,1
aushauhshuasuhashashuahsuhas,0,1,1
aushaushuas,1,0,1
aushh,0,1,1
aushuahsuh,0,1,1
ausie,1,1,2
ausiello,0,3,3
auska,1,0,1
auskick,2,1,3
auslan,1,0,1
ausland,0,1,1
auslit,1,0,1
ausntm,2,0,2
ausome,0,2,2
auspicious,0,1,1
auspost,0,1,1
ausprobieren,0,1,1
ausrin,0,1,1
ausserdem,1,0,1
ausses,0,1,1
aussi,4,7,11
aussie,149,189,338
aussiebum,1,3,4
aussieland,3,2,5
aussieloser,1,1,2
aussiemates,1,0,1
aussieness,0,1,1
aussientm,0,1,1
aussies,35,61,96
aussino,1,1,2
aussome,0,2,2
aussomely,0,1,1
aussssies,1,0,1
ausssttaaaliiaaa,0,1,1
aussy,0,1,1
aussys,2,0,2
aust,16,14,30
austalia,0,1,1
austar,1,6,7
austarlia,0,1,1
austcover,0,1,1
austell,0,1,1
austen,8,24,32
auster,1,1,2
austerity,0,1,1
austilicious,1,1,2
austin,264,277,541
austinandersonmusic,0,1,1
austing,2,0,2
austinhush,0,1,1
austini,1,0,1
austinites,0,1,1
austinphotoexpo,0,1,1
austins,6,0,6
austinwelborn,0,1,1
austira,1,0,1
austpost,1,0,1
austr,0,1,1
austraaaalia,1,0,1
austraia,1,0,1
austraila,3,3,6
austrailans,0,1,1
austrailia,6,4,10
austrailian,3,1,4
austrailians,1,0,1
austraillian,0,1,1
australi,0,1,1
australia,675,751,1426
australiaaaaa,0,1,1
australiain,1,0,1
australian,131,148,279
australians,10,10,20
australias,4,2,6
australie,0,2,2
australiiiiiiiiia,0,1,1
australina,0,1,1
austraulia,0,1,1
austraya,0,1,1
austria,43,60,103
austrialians,0,1,1
austrian,4,19,23
austrianenglish,0,1,1
austrians,2,1,3
austrias,0,1,1
austrilia,1,0,1
austttin,0,1,1
austy,0,1,1
auswantsmcfly,0,1,1
ausyland,1,0,1
aut,1,2,3
autamated,0,1,1
autasuks,0,1,1
aute,1,0,1
autek,1,0,1
auteur,0,2,2
auteurs,2,1,3
autg,0,1,1
auth,7,5,12
authen,0,1,1
authenic,1,1,2
authentic,14,42,56
authentically,1,0,1
authenticate,6,0,6
authenticated,3,1,4
authenticating,3,0,3
authentication,15,5,20
authenticator,1,0,1
authenticators,0,1,1
authenticity,2,2,4
authenticky,0,1,1
authenticprincess,1,0,1
authetic,1,0,1
authnz,1,0,1
author,65,135,200
authored,0,1,1
authoring,2,2,4
authorisation,2,1,3
authorise,1,0,1
authorised,3,1,4
authoritah,1,0,1
authoritarianism,1,0,1
authoritative,1,0,1
authorities,11,1,12
authority,14,23,37
authorization,2,2,4
authorize,2,0,2
authorized,9,4,13
authorizing,1,0,1
authors,22,49,71
authorship,2,1,3
authour,0,1,1
autie,1,0,1
autiful,0,1,1
aution,1,0,1
autis,0,1,1
autism,17,17,34
autista,1,0,1
autistic,15,4,19
autistics,1,1,2
autizzy,0,1,1
autlabs,0,1,1
autmn,1,0,1
auto,217,193,410
autoaccept,1,0,1
autobackup,0,1,1
autobahn,4,13,17
autobio,1,0,1
autobiog,0,2,2
autobiographies,1,0,1
autobiography,6,9,15
autobiographyy,0,1,1
autoblog,0,1,1
autoblogging,0,1,1
autoblogs,0,1,1
autobon,0,1,1
autobot,4,2,6
autobots,1,1,2
autobreathe,0,1,1
autobuffer,0,1,1
autobus,0,1,1
autocad,6,4,10
autocapitalizes,0,1,1
autochecked,1,0,1
autocomple,1,0,1
autocomplete,3,2,5
autocompleting,1,0,1
autocorrect,2,4,6
autocorrecting,1,0,1
autocorrection,1,0,1
autocorrects,2,0,2
autocrat,0,1,1
autocrlf,1,0,1
autocross,1,0,1
autocue,0,1,1
autodeleted,1,0,1
autodesk,3,0,3
autodetails,1,0,1
autodial,0,1,1
autodms,1,1,2
autoerotic,1,1,2
autoerotique,0,1,1
autofill,2,1,3
autofocus,5,1,6
autofocusing,2,0,2
autofollow,6,4,10
autofollowed,0,1,1
autofollowers,0,1,1
autofollowing,1,0,1
autog,2,0,2
autogiro,0,1,1
autoglymed,0,1,1
autograf,1,0,1
autografo,1,0,1
autogragh,1,0,1
autograph,73,119,192
autographed,10,28,38
autographes,0,1,1
autographic,1,0,1
autographing,1,1,2
autographs,24,25,49
autogrpahed,1,0,1
autogrphed,1,0,1
autoharp,1,1,2
autoimmune,5,1,6
autoit,0,1,1
autoland,1,0,1
autoloaders,1,0,1
autologin,2,0,2
autologous,1,0,1
autolux,2,0,2
autom,0,1,1
automachinc,0,1,1
automagically,2,1,3
automaker,2,0,2
automat,1,1,2
automata,5,2,7
automate,1,7,8
automated,31,35,66
automateit,1,0,1
automaters,0,1,1
automatic,39,47,86
automatica,4,0,4
automatically,84,70,154
automaticly,1,3,4
automatics,2,1,3
automatikus,0,1,1
automating,1,8,9
automation,6,13,19
automationatacost,1,0,1
automator,1,2,3
automech,0,1,1
automobile,1,2,3
automobiles,2,4,6
automocker,0,1,1
automotive,7,2,9
automtic,0,1,1
automysophobic,1,0,1
autonomic,1,0,1
autonomous,0,1,1
autonomy,2,0,2
autopano,1,0,1
autopark,1,0,1
autophobic,1,0,1
autopilot,7,4,11
autoplay,1,2,3
autopneumotrombics,0,1,1
autopopulated,0,1,1
autopost,1,0,1
autopsy,7,3,10
autor,0,1,1
autorefresh,2,0,2
autoreminder,0,1,1
autorensysteme,1,0,1
autoresizingmasks,1,0,1
autoresponder,3,0,3
autoreturn,1,0,1
autorotate,2,0,2
autors,1,0,1
autorun,2,0,2
autos,6,4,10
autosalon,1,0,1
autosave,5,3,8
autosaved,1,1,2
autosaving,1,0,1
autoship,0,1,1
autoshop,1,0,1
autosource,0,1,1
autospec,2,0,2
autosse,1,0,1
autostarter,1,0,1
autostrada,1,0,1
autotabbing,0,1,1
autotag,0,1,1
autotmotive,1,0,1
autotone,1,0,1
autotrader,0,1,1
autotrading,2,0,2
autotragic,1,0,1
autotron,0,1,1
autotune,14,37,51
autotuned,1,0,1
autotuning,0,1,1
autotweet,1,0,1
autotweeted,1,0,1
autotweets,1,1,2
autoupgrade,1,0,1
autoupgraded,1,0,1
autouploader,1,1,2
autour,0,1,1
autovaughan,0,1,1
autovisor,0,1,1
autowash,1,0,1
autowinder,1,0,1
autozone,3,1,4
autre,1,2,3
autres,1,1,2
autromatic,0,1,1
autsch,2,0,2
autuer,0,1,1
autum,2,2,4
autumn,76,83,159
autumnal,0,1,1
autumnhardman,0,1,1
autuuuuumn,1,0,1
auty,1,0,1
auu,2,0,2
auugghhh,1,0,1
auugh,2,0,2
auurgghh,1,0,1
auuuch,1,0,1
auuug,1,0,1
auuuggghh,0,1,1
auuughh,1,0,1
auuurite,0,1,1
auuuuf,0,1,1
auuuugh,1,0,1
auuuuu,1,0,1
auuuuuggghhhh,0,1,1
auuuuuugh,1,0,1
auuuuuuuuuughghghghhhhhhhhhhhhhhhhhhhhhhhh,1,0,1
auuuuuuuuuuugh,1,0,1
auuuwts,1,0,1
auuwii,1,0,1
auuww,1,0,1
auv,1,0,1
auvergne,0,1,1
auw,2,2,4
auwh,1,1,2
auwie,1,0,1
auwm,1,0,1
auwshhh,1,0,1
auwt,1,0,1
auwtch,1,0,1
auwtjs,1,0,1
auww,2,0,2
auwww,1,0,1
aux,5,6,11
auxiliary,3,0,3
auxillo,1,0,1
auz,1,4,5
auzenne,0,1,1
auzim,0,1,1
auzit,1,0,1
auzland,1,0,1
auzzie,12,1,13
auzzies,0,1,1
auzzy,0,1,1
av,83,63,146
ava,36,41,77
avab,0,1,1
avaboo,0,1,1
avacado,5,6,11
avacados,2,1,3
avada,0,1,1
avagooday,0,1,1
avagoodweegend,0,1,1
avagoodweekend,0,1,1
avaiable,6,0,6
avaialble,0,1,1
avaible,2,3,5
avail,97,21,118
availaber,0,1,1
availabilities,1,0,1
availability,19,6,25
availabilty,1,0,1
available,934,481,1415
availalbe,1,0,1
availble,4,0,4
availed,1,0,1
availeth,0,1,1
availiable,2,0,2
availible,4,0,4
avails,2,0,2
aval,0,1,1
avalable,2,0,2
avalaible,0,1,1
avalanche,12,10,22
avalanches,0,3,3
avalbe,1,0,1
avaliabe,0,1,1
avaliable,11,8,19
avaliation,1,0,1
avalibe,1,0,1
avalible,3,0,3
avalina,0,1,1
avall,0,1,1
avallach,0,2,2
avalon,8,15,23
avalonstar,0,1,1
avalos,1,0,1
avamys,1,0,1
avan,0,4,4
avangate,1,0,1
avant,1,9,10
avantar,1,0,1
avante,1,0,1
avantgardeee,0,1,1
avantgo,2,0,2
avanti,1,2,3
avanzini,0,1,1
avarice,1,0,1
avary,1,0,1
avas,0,1,1
avasan,1,0,1
avast,1,2,3
avatar,220,454,674
avatarcamp,0,1,1
avatari,1,0,1
avatars,22,47,69
avator,0,1,1
avattar,0,1,1
avaya,1,1,2
avaz,1,0,1
avb,2,2,4
avbl,1,0,1
avc,1,0,1
avchd,2,0,2
avcon,1,1,2
avd,0,1,1
avder,1,0,1
ave,117,141,258
avea,1,3,4
aveam,1,0,1
avebury,1,2,3
avec,14,23,37
avecamore,1,0,1
aved,0,1,1
aveda,3,9,12
avedaprojectrunway,0,1,1
avedis,0,1,1
avee,1,1,2
aveeno,1,4,5
aveey,0,1,1
aveiro,0,1,1
avellanas,0,1,1
avelong,0,1,1
avem,0,1,1
aven,1,5,6
avenel,0,1,1
avengance,1,0,1
avenge,3,2,5
avenged,9,8,17
avengence,1,0,1
avenger,1,2,3
avengers,2,0,2
avenging,1,0,1
avenham,0,1,1
avening,0,1,1
avensis,1,0,1
avent,0,1,1
aventually,1,0,1
aventura,11,8,19
aventure,0,1,1
aventurely,0,1,1
avenue,39,81,120
avenueq,1,1,2
avenues,7,6,13
aveo,1,0,1
aver,2,1,3
average,139,123,262
averaged,3,2,5
averagely,0,1,1
averages,3,6,9
averaging,10,5,15
averi,1,0,1
averie,1,0,1
averill,0,1,1
aversary,0,1,1
averse,0,2,2
aversion,5,4,9
aversions,0,1,1
avert,1,2,3
averted,9,12,21
averts,2,0,2
avery,14,16,30
averygoodejob,0,1,1
averyone,0,2,2
aves,3,2,5
avesol,0,1,1
aveti,0,1,1
aveton,0,1,1
avett,1,2,3
avetts,0,1,1
avevamo,0,1,1
aveyond,0,2,2
avftb,0,1,1
avg,34,18,52
avgn,1,1,2
avh,1,0,1
avheivement,0,1,1
avi,27,35,62
avia,0,2,2
avial,2,1,3
avialable,1,0,1
avian,4,3,7
aviary,1,2,3
aviation,7,7,14
aviationworld,1,0,1
aviator,6,1,7
aviators,8,11,19
avicenna,0,1,1
avid,10,36,46
avidly,1,2,3
avie,2,6,8
aviemore,1,2,3
avies,1,0,1
avignon,0,2,2
avii,0,2,2
avil,2,0,2
avila,3,3,6
avilable,4,0,4
aviles,1,0,1
avin,8,5,13
avinash,0,1,1
aving,2,1,3
aviod,1,0,1
avioms,0,1,1
avion,1,0,1
avionics,0,1,1
avip,1,0,1
avira,1,2,3
avis,1,2,3
avisa,0,1,1
avisar,0,1,1
avisaste,0,1,1
aviso,2,1,3
avitaball,0,1,1
avital,0,1,1
avitar,6,2,8
aviu,1,0,1
aviv,11,26,37
aviva,0,1,1
avivaaa,1,0,1
avkon,0,1,1
avl,2,0,2
avlb,1,0,1
avlbl,1,0,1
avltweetup,0,1,1
avmaniacs,1,0,1
avn,5,2,7
avni,0,1,1
avnouz,1,0,1
avns,1,0,1
avnt,3,1,4
avnu,0,1,1
avo,3,10,13
avocado,20,46,66
avocados,6,4,10
avocardo,0,1,1
avocets,3,0,3
avod,0,1,1
avoding,0,1,1
avoer,1,0,1
avoid,291,222,513
avoidable,2,0,2
avoidace,0,1,1
avoidance,6,1,7
avoidant,1,0,1
avoided,31,31,62
avoider,1,1,2
avoidin,2,0,2
avoiding,118,76,194
avoids,5,4,9
avoidy,1,0,1
avoinding,0,1,1
avoir,0,1,1
avoka,1,0,1
avolition,1,0,1
avon,16,34,50
avond,0,1,1
avonlea,0,2,2
avons,1,0,1
avonwalk,0,2,2
avor,1,0,1
avou,1,0,1
avp,5,4,9
avraham,0,1,1
avrcp,1,0,1
avrial,1,0,1
avril,18,36,54
avrio,1,1,2
avrl,0,1,1
avro,1,2,3
avs,1,1,2
avsim,1,0,1
avslutning,0,1,1
avta,0,1,1
avtar,1,1,2
avtomat,1,0,1
avui,0,1,1
avut,0,5,5
avv,1,1,2
avvie,0,3,3
avvies,2,0,2
avvo,0,1,1
avvy,1,1,2
avwards,1,0,1
avy,1,1,2
avyakta,0,1,1
aw,3294,1786,5080
awa,5,4,9
awaaa,0,1,1
awaaaaaaaaake,2,0,2
awaaaaaaaaay,1,0,1
awaaaaaaaay,1,0,1
awaaaaaaake,0,1,1
awaaaaaaayy,1,0,1
awaaaaaay,1,0,1
awaaaaake,1,0,1
awaaaaards,0,1,1
awaaaaay,2,2,4
awaaaake,2,2,4
awaaaakkkeee,1,0,1
awaaaay,3,0,3
awaaaayerr,1,0,1
awaaaayke,0,1,1
awaaaayyy,0,1,1
awaaaayyyy,1,0,1
awaaaayyyyy,1,0,1
awaaafi,0,1,1
awaaake,3,0,3
awaaakee,1,0,1
awaaakeeee,1,0,1
awaaards,0,1,1
awaaay,6,1,7
awaaayyyyy,1,0,1
awaaayyyyyy,1,1,2
awaal,0,1,1
awaar,1,0,1
awaards,1,1,2
awaarrdss,0,1,1
awaawawa,0,1,1
awaay,2,0,2
awaayayyaaaay,0,1,1
awaayy,1,1,2
awaayyy,0,1,1
awaayyyy,1,0,1
awaba,0,1,1
awabs,0,1,1
awad,0,1,1
awada,0,1,1
awads,1,1,2
awafi,1,1,2
awafii,0,1,1
awafiii,1,0,1
awagnerdr,1,0,1
awah,2,2,4
awahh,1,0,1
awai,3,0,3
awaic,1,0,1
awainting,0,1,1
await,29,37,66
awaited,10,25,35
awaiteed,0,1,1
awaitin,0,1,1
awaiting,106,128,234
awaits,66,71,137
awak,2,3,5
awaka,1,0,1
awakard,0,1,1
awake,3029,1577,4606
awakecat,1,0,1
awaked,0,1,1
awakee,3,8,11
awakeee,3,2,5
awakeeee,0,1,1
awakeeeee,3,2,5
awakeeeeee,1,1,2
awakeeeeeee,0,1,1
awakeeeeeeeeee,0,1,1
awakefor,1,0,1
awaken,17,15,32
awakened,28,11,39
awakenedby,1,0,1
awakeners,1,0,1
awakeness,2,0,2
awakening,23,25,48
awakeningg,1,0,1
awakenings,2,2,4
awakeningsssssssss,1,0,1
awakens,1,0,1
awakeri,1,0,1
awakes,0,2,2
awaketh,1,0,1
awakey,1,0,1
awaking,0,3,3
awakining,0,1,1
awakke,1,1,2
awakkeee,0,1,1
awakkke,0,1,1
awal,1,2,3
awale,2,0,2
awalia,1,0,1
awalk,0,1,1
awalking,0,1,1
awall,1,0,1
awalllllllllllllllll,0,1,1
awalys,0,1,1
awam,0,1,1
awan,1,1,2
awaotong,1,0,1
award,169,445,614
awardd,0,2,2
awarddd,0,1,1
awardddddsssss,0,1,1
awarddddsssss,0,1,1
awarddssss,0,1,1
awarded,6,11,17
awarding,0,3,3
awards,1055,2091,3146
awardse,0,1,1
awardss,2,8,10
awardsss,1,7,8
awardssss,0,3,3
awardsssss,1,2,3
awardwinning,0,1,1
awardy,1,0,1
awardz,1,2,3
awardzz,1,0,1
aware,119,141,260
awareds,1,0,1
awareness,25,49,74
awaresg,16,25,41
awarked,1,0,1
awarness,0,1,1
awars,0,2,2
awas,3,1,4
awash,2,0,2
awasome,0,3,3
awaste,1,0,1
awat,1,0,1
awaw,1,0,1
awawa,0,1,1
awawaw,1,0,1
awawawaw,0,1,1
awawawawaaa,1,0,1
awawy,1,0,1
awawyyyy,0,1,1
away,8492,3798,12290
awayday,1,1,2
awaydays,0,1,1
awaye,1,0,1
awayre,1,0,1
aways,15,11,26
awaysome,0,1,1
awaywego,1,1,2
awayy,12,9,21
awayyy,17,4,21
awayyyy,10,2,12
awayyyyy,6,0,6
awayyyyyy,1,0,1
awayyyyyyyy,2,0,2
awayyyyyyyyyyyy,1,0,1
awayyyyyyyyyyyyyyy,1,0,1
awayyyyyyyyyyyyyyyyyyyyyyy,0,1,1
awayz,1,1,2
awazing,0,2,2
awb,0,2,2
awc,1,0,1
awch,1,2,3
awd,0,2,2
awdannyyyy,1,0,1
awe,474,333,807
aweady,1,0,1
aweake,2,0,2
aweaome,0,2,2
awear,1,1,2
aweber,5,2,7
awebo,0,1,1
awed,1,10,11
awedha,0,1,1
awedome,0,1,1
awee,33,15,48
aweee,25,21,46
aweeee,5,3,8
aweeeee,4,1,5
aweeeeesome,0,1,1
aweeeeesomee,0,1,1
aweeeesome,1,2,3
aweeehhh,1,0,1
aweeesome,3,4,7
aweeesommme,0,1,1
aweeesommmeeee,0,1,1
aweeesoome,0,1,1
aweeh,0,1,1
aweek,1,0,1
aweennn,0,1,1
aweesome,1,6,7
aweesomee,0,1,1
aweesoooome,0,1,1
aweess,1,0,1
aweesssomme,0,1,1
aweful,38,6,44
awefull,5,1,6
awefully,2,1,3
aweh,7,1,8
awehh,3,0,3
awehhh,0,1,1
awehhhh,0,1,1
awej,1,0,1
awekay,1,1,2
awekening,0,1,1
awel,0,2,2
awell,4,1,5
awelll,0,1,1
aweman,2,0,2
awemannn,1,0,1
awemsome,1,0,1
aweome,0,6,6
aweomeee,0,1,1
aweomse,1,2,3
aweomseeee,0,1,1
aweosme,3,4,7
aweosome,0,1,1
awersome,1,2,3
awes,6,11,17
aweschum,0,1,1
awesdome,0,1,1
aweseom,0,1,1
aweseome,1,1,2
awesh,0,1,1
aweshome,0,1,1
aweshoot,2,0,2
aweshum,0,2,2
aweshume,0,1,1
awesime,0,1,1
awesme,7,2,9
awesnme,0,1,1
awesoe,0,1,1
awesoem,2,2,4
awesokme,1,0,1
awesom,6,9,15
awesomacius,0,1,1
awesomastic,0,1,1
awesomatic,0,1,1
awesomazing,1,0,1
awesome,3821,14469,18290
awesomeawe,0,1,1
awesomebuck,0,1,1
awesomecakes,0,2,2
awesomeclub,1,0,1
awesomecouch,1,0,1
awesomedeliciousness,0,1,1
awesomediddly,0,1,1
awesomedork,0,1,1
awesomee,12,64,76
awesomeee,7,58,65
awesomeeee,5,23,28
awesomeeeee,4,13,17
awesomeeeeee,2,6,8
awesomeeeeeee,0,2,2
awesomeeeeeeee,0,1,1
awesomeeeeeeeee,1,0,1
awesomeeeeeeeeeeeeeeeeee,0,1,1
awesomeeeeeeeeeeeeeeeeeeeee,0,1,1
awesomeer,1,0,1
awesomeerrr,0,1,1
awesomeess,0,1,1
awesomeface,1,1,2
awesomeful,0,2,2
awesomegreatphenomenalthebesthotspectacularstunning,0,1,1
awesomehr,4,0,4
awesomei,0,1,1
awesomeily,1,0,1
awesomel,0,1,1
awesomeliciousness,0,1,1
awesomely,18,75,93
awesomemanofgod,1,0,1
awesomemeness,0,1,1
awesomen,1,0,1
awesomener,0,1,1
awesomenes,0,1,1
awesomeness,51,259,310
awesomenesser,1,0,1
awesomenesses,0,1,1
awesomenesss,0,1,1
awesomenesssss,0,3,3
awesomenessssss,0,1,1
awesomenest,0,1,1
awesomeoptimists,0,1,1
awesomepants,0,1,1
awesomer,1,16,17
awesomerer,0,1,1
awesomes,1,11,12
awesomesauce,1,9,10
awesomesauceee,1,0,1
awesomesauceness,0,1,1
awesomesaucer,0,1,1
awesomeshit,0,1,1
awesomesss,0,1,1
awesomest,15,42,57
awesometastic,1,7,8
awesometasticliciousfully,0,1,1
awesometasticness,0,1,1
awesometeacher,1,0,1
awesometheatrekids,0,1,1
awesometime,0,1,1
awesometown,1,1,2
awesomeupdater,0,6,6
awesomewm,1,0,1
awesomewreckage,0,1,1
awesomez,0,2,2
awesomfakerob,0,1,1
awesomistastic,0,1,1
awesomly,1,0,1
awesomme,0,5,5
awesommee,1,1,2
awesommeee,0,3,3
awesommeeeeee,0,1,1
awesommme,0,2,2
awesommmeeee,0,1,1
awesommmeeeeee,1,0,1
awesommmme,0,2,2
awesomness,7,11,18
awesomr,0,1,1
awesomronious,0,1,1
awesomw,0,1,1
awesone,0,2,2
awesoome,0,5,5
awesoommmeeeeeeeeee,0,1,1
awesooome,1,5,6
awesooomme,0,1,1
awesoooome,1,5,6
awesooooome,1,3,4
awesooooommmeeeeee,0,1,1
awesooooooome,0,1,1
awesooooooooomeeeee,0,1,1
awesoume,0,1,1
awessome,0,1,1
awessomee,1,0,1
awesssoooome,0,1,1
awessssome,1,0,1
awesssssssome,0,1,1
awessum,0,1,1
awesthome,0,1,1
awestruck,1,5,6
awesum,6,24,30
awesume,1,0,1
awesumer,1,1,2
awesumm,0,1,1
awesummm,0,1,1
awesumness,0,1,1
awesumz,1,1,2
awesun,0,1,1
awesuum,0,1,1
awethome,1,0,1
awew,1,0,1
awewsome,1,1,2
awex,2,0,2
awexome,0,1,1
awez,1,0,1
awezome,0,1,1
awfi,1,0,1
awful,1547,220,1767
awfule,1,0,1
awfulhorrilbenogooddisgusting,1,0,1
awfull,25,2,27
awfulll,2,1,3
awfullll,3,0,3
awfullly,1,0,1
awfully,74,52,126
awfulness,0,3,3
awfulthan,1,0,1
awfuly,1,0,1
awfyyyyyyyyyyy,1,0,1
awg,0,2,2
awggahhh,1,0,1
awgh,1,0,1
awghhh,1,0,1
awgirlll,1,0,1
awh,364,205,569
awhahah,0,1,1
awhawhawhawh,0,1,1
awhe,1,2,3
awhh,64,47,111
awhhe,1,0,1
awhheee,0,1,1
awhhh,18,20,38
awhhhh,9,6,15
awhhhhh,3,1,4
awhhhhhh,0,1,1
awhhhhhhhhhh,1,0,1
awhhhhhhhhhhhhh,0,1,1
awhhhs,0,1,1
awhhk,1,0,1
awhhz,1,0,1
awhile,502,439,941
awhilee,1,0,1
awhille,0,1,1
awhillee,1,0,1
awhilw,1,0,1
awhing,0,1,1
awhman,1,0,1
awhno,1,0,1
awhoa,0,1,1
awhogetsimpregnatedbyevilcult,1,0,1
awhole,0,1,1
awholenother,1,0,1
awholes,1,0,1
awhr,1,0,1
awhs,0,2,2
awhz,1,0,1
awhzz,0,1,1
awi,2,1,3
awicher,1,0,1
awie,0,2,2
awight,0,1,1
awile,3,0,3
awips,0,1,1
awish,2,0,2
awito,1,0,1
awj,2,0,2
awk,40,20,60
awkard,5,1,6
awkardly,1,0,1
awkay,0,1,1
awkays,1,0,1
awkd,0,1,1
awke,2,1,3
awkif,0,1,1
awkk,3,0,3
awkkk,0,1,1
awkkkkkk,1,0,1
awks,1,0,1
awkuya,1,0,1
awkwaaaard,1,0,1
awkwaaard,1,0,1
awkwake,1,0,1
awkward,224,203,427
awkwardcupcakes,1,0,1
awkwardd,1,0,1
awkwarddd,0,1,1
awkwarddddd,0,1,1
awkwardddddd,0,1,1
awkwardest,3,0,3
awkwardfamilyphotos,0,1,1
awkwardish,1,0,1
awkwardly,10,5,15
awkwardness,11,6,17
awkwardsalad,1,0,1
awkwarrrdd,0,1,1
awl,4,7,11
awlak,0,1,1
awlays,0,1,1
awlful,3,0,3
awlh,1,0,1
awll,3,1,4
awlll,3,0,3
awlllll,2,0,2
awlready,1,0,1
awlryt,0,1,1
awlways,0,1,1
awm,1,0,1
awman,4,0,4
awmann,1,0,1
awmen,1,0,1
awmiley,0,1,1
awn,8,4,12
awnest,1,0,1
awning,1,3,4
awnnn,1,0,1
awnnnn,1,0,1
awnnnnnnnnnnnnnn,1,0,1
awnser,4,3,7
awnsered,0,1,1
awo,1,0,1
awockeez,0,1,1
awod,0,1,1
awoh,0,1,1
awoke,34,20,54
awoken,24,9,33
awol,24,6,30
awone,1,0,1
awoooga,0,1,1
awooomes,1,0,1
awoooo,1,0,1
awoooogahhhhh,0,1,1
awoooogahhhhhh,0,1,1
awoopwooppp,0,1,1
awoowe,1,0,1
awop,0,1,1
aword,0,1,1
aworking,1,0,1
awosome,1,1,2
awp,2,1,3
awqw,1,0,1
awr,4,1,5
awrards,0,1,1
awrds,2,3,5
awready,4,3,7
awrecklessdivine,0,1,1
awreddy,0,1,1
awredy,0,1,1
awrelllll,0,1,1
awrgh,1,0,1
awright,3,5,8
awrighty,0,1,1
awrite,3,2,5
awrr,1,1,2
awrrrrrrr,1,0,1
awrrsome,0,1,1
awry,4,2,6
aws,5,12,17
awsdlksdljasd,1,0,1
awse,0,1,1
awseome,0,1,1
awser,1,0,1
awseumest,1,0,1
awsh,2,1,3
awshies,2,0,2
awshit,1,0,1
awshum,0,2,2
awsm,2,9,11
awsmazing,0,1,1
awsme,0,2,2
awsmee,0,1,1
awso,1,0,1
awsom,1,5,6
awsomage,0,1,1
awsomazingg,0,1,1
awsome,130,438,568
awsomee,1,10,11
awsomeee,1,4,5
awsomeeee,2,4,6
awsomefreind,0,1,1
awsomeist,1,0,1
awsomely,0,2,2
awsomeness,4,8,12
awsomenessssssss,0,1,1
awsomeo,0,1,1
awsomest,1,1,2
awsomm,0,1,1
awsomness,0,1,1
awsoms,1,0,1
awsoommmee,1,0,1
awssoomme,0,1,1
awssssome,0,1,1
awsum,6,18,24
awsume,0,2,2
awsumee,0,1,1
awsumm,0,1,1
awsummm,0,1,1
awsuum,0,1,1
awswer,1,0,1
awt,2,0,2
awtch,1,0,1
awthe,1,0,1
awts,9,1,10
awtz,2,0,2
awu,4,1,5
awufl,0,1,1
awuh,1,1,2
awuhhhh,1,0,1
awul,1,2,3
awurudu,0,1,1
awuuu,2,0,2
aww,5269,3131,8400
awwa,1,0,1
awwaaaayyyyyy,0,1,1
awwaay,0,1,1
awwahhh,1,0,1
awwaited,0,1,1
awwards,1,0,1
awwe,37,20,57
awwee,16,7,23
awweee,4,1,5
awweeee,1,1,2
awweh,3,2,5
awwell,0,1,1
awwelllll,1,0,1
awwers,1,0,1
awwes,1,0,1
awwesome,0,1,1
awwesomee,0,1,1
awwft,2,0,2
awwfull,1,0,1
awwg,0,1,1
awwgh,3,0,3
awwghhhhh,0,1,1
awwh,86,46,132
awwhh,12,6,18
awwhhh,7,2,9
awwhhhh,1,0,1
awwhs,0,1,1
awwie,4,4,8
awwiee,0,1,1
awwies,0,2,2
awwim,1,0,1
awwing,0,1,1
awwk,3,0,3
awwkayy,0,1,1
awwkk,1,0,1
awwl,1,3,4
awwlwwlllriitteee,1,0,1
awwman,1,0,1
awwn,1,0,1
awwno,1,0,1
awwooooo,0,1,1
awwr,4,1,5
awwrgh,1,0,1
awwright,0,1,1
awwrightttt,1,0,1
awwrr,0,1,1
awwrrite,0,2,2
awws,9,6,15
awwsh,1,0,1
awwsome,0,2,2
awwss,1,0,1
awwsum,0,2,2
awww,1304,678,1982
awwwe,12,8,20
awwweeesoome,0,1,1
awwwh,29,30,59
awwwi,1,0,1
awwwk,3,0,3
awwwman,0,1,1
awwwq,1,0,1
awwwr,1,0,1
awwwsome,0,1,1
awwww,217,82,299
awwwweesome,0,1,1
awwwwh,1,1,2
awwwww,8,10,18
awwwwwkwaaaard,1,0,1
awwwwww,3,7,10
awwwwwwe,0,1,1
awwwwwwful,1,0,1
awwwwwws,1,1,2
awwwwwww,3,3,6
awwwwwwww,0,3,3
awwwwwwwww,2,2,4
awwwwwwwwww,2,1,3
awwwwwwwwwww,1,2,3
awwwwwwwwwwwwwwwww,2,0,2
awwwwwwwwwwwwwwwwwwwwwwww,1,0,1
awwwwwwwwwwwwwwwwwwwwwwwwwwww,1,0,1
awwwz,0,1,1
awwy,0,1,1
awwyahhhh,0,1,1
awwyeeah,0,1,1
awwyeshhh,1,1,2
awwz,9,1,10
awy,2,0,2
awyays,0,1,1
awyeeee,1,0,1
awyl,0,1,1
awyr,1,0,1
awzm,1,0,1
ax,17,10,27
axa,1,1,2
axam,1,0,1
axams,1,0,1
axar,1,1,2
axayi,0,1,1
axcited,0,1,1
axe,30,31,61
axed,29,4,33
axefx,0,1,1
axel,13,5,18
axelle,0,1,1
axelrod,2,0,2
axelwinter,1,0,1
axeminster,0,1,1
axer,0,1,1
axert,1,0,1
axes,7,2,9
axi,0,1,1
axial,2,0,2
axid,0,1,1
axiell,0,1,1
axies,1,0,1
axillary,0,1,1
axin,1,0,1
axing,1,0,1
axiom,0,1,1
axioo,0,3,3
axis,14,12,26
axkit,1,0,1
axl,0,9,9
axle,7,1,8
axled,1,0,1
axles,2,0,2
axlewoman,0,1,1
axn,8,2,10
axo,2,4,6
axolotl,4,1,5
axolotls,1,0,1
axomiya,0,2,2
axons,2,0,2
axpros,1,0,1
axsyn,1,0,1
axtion,0,1,1
axtkx,0,1,1
axu,1,0,1
axure,2,0,2
axw,0,1,1
axwy,0,1,1
axx,2,0,2
ay,132,131,263
aya,13,10,23
ayaaaa,0,1,1
ayaaammmmm,2,0,2
ayaaati,1,0,1
ayaan,0,2,2
ayad,1,0,1
ayah,3,2,5
ayahku,0,1,1
ayahuasca,1,1,2
ayal,1,0,1
ayala,6,2,8
ayam,14,11,25
ayame,0,1,1
ayan,2,7,9
ayang,1,0,1
ayank,0,1,1
ayanna,0,2,2
ayanne,0,1,1
ayaotd,1,1,2
ayas,1,0,1
ayase,1,0,1
ayasin,0,1,1
ayat,1,1,2
ayati,1,0,1
ayatolla,1,0,1
ayatollah,14,0,14
ayaw,15,6,21
ayaya,0,1,1
ayayay,1,1,2
ayayayaayy,1,0,1
ayayayy,1,0,1
ayayayyy,1,0,1
ayaz,0,1,1
ayb,1,0,1
aybaybay,0,1,1
aybe,1,0,1
aybeh,0,1,1
aybuuuetomorrow,1,0,1
aybygw,0,1,1
ayc,1,0,1
aycastillo,0,1,1
ayce,0,3,3
aydada,0,1,1
ayden,0,4,4
aydens,1,0,1
aydia,1,0,1
aye,164,269,433
ayeaaah,0,1,1
ayeah,0,1,1
ayear,1,0,1
ayech,1,0,1
ayee,14,16,30
ayeee,6,6,12
ayeeee,1,4,5
ayeeeee,0,4,4
ayeeeeee,0,1,1
ayeeeeeeee,0,1,1
ayeeeeeeeee,1,0,1
ayeeeeeeeeeee,0,1,1
ayeeq,1,0,1
ayeface,0,1,1
ayegi,0,1,1
ayem,1,0,1
ayenda,0,1,1
ayende,0,1,1
ayent,0,1,1
ayephylo,0,2,2
ayer,6,6,12
ayerad,1,0,1
ayers,0,3,3
ayes,1,1,2
ayesh,0,1,1
ayesha,0,2,2
ayesshaa,1,0,1
ayeyobeatrice,0,1,1
ayg,4,1,5
aygaz,0,2,2
ayght,0,1,1
aygst,1,0,1
ayh,0,1,1
ayhah,1,0,1
ayhan,1,0,1
ayhe,1,1,2
ayhsia,0,1,1
ayi,1,0,1
ayia,2,1,3
ayie,1,2,3
ayiee,1,0,1
ayiii,0,1,1
aying,2,0,2
aykal,1,0,1
aykroid,0,1,1
aykroyd,0,1,1
ayku,0,1,1
ayla,2,7,9
aylaaar,0,1,1
aylas,1,0,1
aylesbury,3,1,4
aylexxx,1,0,1
aylot,1,0,1
aylssa,0,1,1
aym,0,1,1
aymie,1,0,1
aymish,1,0,1
aymisyu,1,0,1
aymore,0,1,1
ayn,2,2,4
ayna,0,1,1
aynako,1,0,1
aynaku,0,1,1
aynarahs,0,1,1
aynil,0,2,2
aynka,1,0,1
aynsley,1,0,1
aynslie,0,1,1
aynt,0,1,1
ayo,12,20,32
ayodance,0,1,1
ayoe,1,0,1
ayoko,9,2,11
ayone,1,0,1
ayonna,1,0,1
ayoo,3,5,8
ayooo,0,3,3
ayoooo,0,3,3
ayoooooo,1,0,1
ayos,4,4,8
ayosha,0,1,1
ayoyo,1,0,1
ayr,6,9,15
ayria,0,2,2
ayrilic,1,0,1
ayrshire,1,2,3
ayrton,1,0,1
aysel,0,1,1
ayshea,0,2,2
ayshiakiayana,2,3,5
ayshuns,0,1,1
aysia,1,0,1
ayssss,1,0,1
aysu,0,1,1
ayt,6,16,22
ayte,0,1,1
ayth,1,0,1
aything,3,0,3
ayton,2,0,2
aytt,1,1,2
ayu,2,7,9
ayubi,0,1,1
ayudaa,0,1,1
ayudame,1,0,1
ayudameee,2,0,2
ayudhya,1,0,1
ayuko,1,0,1
ayum,1,0,1
ayumi,1,2,3
ayun,1,2,3
ayunan,1,1,2
ayunda,0,2,2
ayunni,0,1,1
ayup,0,3,3
ayurveda,1,0,1
ayurvedic,0,3,3
ayush,0,2,2
ayuun,0,1,1
ayuz,1,0,1
ayval,0,1,1
ayvii,1,0,1
ayw,2,0,2
aywhere,0,1,1
ayy,16,6,22
ayya,0,1,1
ayyavoo,0,1,1
ayye,1,2,3
ayyeee,1,0,1
ayyeeee,0,2,2
ayyeeeee,1,0,1
ayyiya,1,0,1
ayyo,0,1,1
ayyoo,1,0,1
ayyooo,0,1,1
ayytoomuchenergy,0,1,1
ayyup,0,1,1
ayyy,7,7,14
ayyye,2,1,3
ayyys,1,0,1
ayyyy,2,5,7
ayyyyy,7,2,9
ayyyyye,1,2,3
ayyyyyy,1,2,3
ayyyyyyeee,1,0,1
ayyyyyyy,0,1,1
ayyyyyyyeeeee,1,0,1
ayyyyyyyy,0,1,1
ayyyyyyyyyyyyyyyyyyyyye,0,1,1
ayzah,1,0,1
az,188,131,319
aza,0,1,1
azaa,1,0,1
azab,0,1,1
azad,1,1,2
azadi,7,0,7
azadvir,0,1,1
azaelive,0,1,1
azai,1,0,1
azakranky,1,0,1
azalea,3,1,4
azaleya,0,1,1
azam,1,0,1
azamatta,0,1,1
azan,1,0,1
azarenka,1,1,2
azaria,3,4,7
azawise,0,1,1
azcaban,1,0,1
azdailysun,0,1,1
aze,1,1,2
azeemshah,1,0,1
azelauskas,1,0,1
azelea,1,0,1
azelf,1,0,1
azerbaijan,3,6,9
azerbajan,0,1,1
azerbeidzjan,0,1,1
azeri,1,0,1
azeroth,2,1,3
azerty,1,0,1
azfixed,0,1,1
azhar,2,1,3
azhosa,1,0,1
azi,4,7,11
azia,2,0,2
aziagos,1,0,1
azian,0,1,1
azima,1,1,2
azimuth,0,1,1
azindex,1,0,1
azing,0,5,5
azingg,0,1,1
aziran,1,0,1
aziretimes,0,1,1
azis,0,1,1
azit,1,0,1
azithromycin,1,1,2
azits,1,0,1
aziz,1,4,5
azizam,1,0,1
azizi,0,1,1
azkaban,5,5,10
azkaband,1,0,1
azkatraz,1,3,4
azlan,2,0,2
azle,0,1,1
azlie,0,1,1
azm,0,1,1
azman,1,1,2
azmat,1,0,1
azmen,1,0,1
azmi,1,0,1
azmyl,0,1,1
azn,4,13,17
azns,2,0,2
azoff,0,1,1
azola,0,1,1
azongo,1,0,1
azor,0,1,1
azorean,0,1,1
azores,0,1,1
azotea,0,1,1
azra,0,1,1
azrief,1,0,1
azriel,1,0,1
azrinder,1,0,1
azslcvfd,1,0,1
aztec,0,3,3
azteca,1,1,2
aztecprincess,1,0,1
aztecs,2,0,2
aztek,1,0,1
aztex,1,1,2
aztmondja,0,1,1
azucar,0,2,2
azukar,0,1,1
azul,6,2,8
azulas,1,0,1
azumanga,1,1,2
azur,0,3,3
azure,3,7,10
azureus,1,1,2
azurewave,1,0,1
azurite,1,0,1
azurus,1,0,1
azusa,1,1,2
azz,40,23,63
azza,1,1,2
azzactly,0,1,1
azzes,0,1,1
azzhole,0,1,1
azzin,1,0,1
azzuri,0,1,1
azzuros,1,0,1
azzurri,4,1,5
azzzzhole,1,0,1
azzzzz,0,1,1
azzzzzzzzzzzz,1,0,1
ba,138,179,317
baa,11,9,20
baaa,1,2,3
baaaa,1,1,2
baaaaa,1,0,1
baaaaaa,0,2,2
baaaaaaaaaaaaaaaaaaaaaaa,1,0,1
baaaaaaaaaaaaaaaaaaaaaaaaaaaaaaaaaaaaaaaaaaaaaaaaaaaaaaaaaaaaaaaaaaaaaaaaaaaaaaaaaaaaaaaaaaaaaaaaaaaaaaaaaaaaaack,0,1,1
baaaaaaaaaaaaaaaaaaaaaaaaaad,1,0,1
baaaaaaaaaaaaaaaaaaaaby,0,1,1
baaaaaaaaaaaaaaaaaassssss,1,0,1
baaaaaaaaaaaaaaaack,1,0,1
baaaaaaaaaaaaaaack,0,1,1
baaaaaaaaaaaaaack,0,1,1
baaaaaaaaaaaaaai,1,0,1
baaaaaaaaaaaaack,1,1,2
baaaaaaaaaaaaah,1,0,1
baaaaaaaaaaaad,4,0,4
baaaaaaaaaaack,0,1,1
baaaaaaaaaaackkkkkkkk,1,0,1
baaaaaaaaaaad,1,0,1
baaaaaaaaaaccccckkkkk,0,1,1
baaaaaaaaaack,1,1,2
baaaaaaaaaad,1,0,1
baaaaaaaaaah,2,0,2
baaaaaaaaaccccccccckkkkkkkkkkk,0,1,1
baaaaaaaaack,0,1,1
baaaaaaaaad,2,0,2
baaaaaaaack,2,5,7
baaaaaaaad,5,1,6
baaaaaaaah,1,0,1
baaaaaaaass,1,0,1
baaaaaaabe,1,0,1
baaaaaaack,4,1,5
baaaaaaad,5,1,6
baaaaaaadddd,1,0,1
baaaaaaath,1,0,1
baaaaaaawr,1,0,1
baaaaaabe,1,0,1
baaaaaaby,0,1,1
baaaaaack,2,9,11
baaaaaad,11,0,11
baaaaaags,0,1,1
baaaaaah,2,0,2
baaaaaasssss,0,1,1
baaaaabbyyyyy,0,1,1
baaaaabe,1,1,2
baaaaabeee,1,0,1
baaaaabygiiirl,0,1,1
baaaaacccccckk,1,0,1
baaaaack,8,9,17
baaaaackache,1,0,1
baaaaad,9,4,13
baaaaadddd,1,0,1
baaaaadlyyyy,1,0,1
baaaaageeel,0,1,1
baaaaah,1,0,1
baaaaasssssssss,1,0,1
baaaaaw,1,0,1
baaaabaaa,0,1,1
baaaabbbbyyyyy,1,0,1
baaaabby,0,1,1
baaaabe,3,1,4
baaaabee,0,1,1
baaaaby,4,4,8
baaaabyy,0,1,1
baaaaccccckkkkkk,1,0,1
baaaaccccckkkkkkkkkk,0,1,1
baaaacckkk,0,1,1
baaaack,19,13,32
baaaackkkkk,1,1,2
baaaad,28,6,34
baaaadd,1,1,2
baaaaddd,4,0,4
baaaadddd,1,0,1
baaaaddddd,1,0,1
baaaadddddd,1,0,1
baaaadly,2,0,2
baaaah,4,1,5
baaaahaaaaaa,1,0,1
baaaahhh,1,0,1
baaaahhhh,1,0,1
baaaaiiiii,0,1,1
baaaalin,1,0,1
baaaam,0,1,1
baaaand,0,2,2
baaaank,1,0,1
baaaare,1,0,1
baaaarrrrilllliant,1,0,1
baaaarrrrrrs,0,1,1
baaabbbbyy,0,1,1
baaabbbyy,0,1,1
baaabe,1,0,1
baaaby,8,4,12
baaabyboy,1,0,1
baaaccckkkk,0,1,1
baaacck,1,0,1
baaacckk,0,1,1
baaacckkk,0,1,1
baaack,12,14,26
baaad,54,9,63
baaadd,2,0,2
baaaddd,3,1,4
baaadddd,2,0,2
baaaddddd,1,0,1
baaag,0,1,1
baaah,11,3,14
baaahaha,1,0,1
baaahahaahaaaawww,1,0,1
baaahh,3,0,3
baaahhh,1,0,1
baaahhhbby,0,1,1
baaahhhh,1,0,1
baaahhhhhh,1,0,1
baaald,0,2,2
baaalllsss,1,0,1
baaallroom,0,1,1
baaallssss,0,1,1
baaam,1,1,2
baaangs,0,1,1
baaarf,0,4,4
baaath,0,1,1
baaaw,3,0,3
baaawaaaaa,1,0,1
baaawlin,0,1,1
baaaww,1,0,1
baaawwww,1,0,1
baaay,1,0,1
baaaybeh,0,1,1
baab,0,1,1
baaba,1,1,2
baabaas,2,0,2
baabay,0,1,1
baaby,0,3,3
baabyyy,0,1,1
baac,1,1,2
baacck,0,2,2
baacckk,0,2,2
baack,10,7,17
baad,30,5,35
baadd,1,0,1
baadddlllyyyyyyy,1,0,1
baadly,1,0,1
baah,6,2,8
baaha,0,3,3
baahah,0,1,1
baahahaaa,0,1,1
baahahah,1,0,1
baahar,1,0,1
baahh,1,0,1
baahhh,4,1,5
baahhhh,2,0,2
baahhhhh,1,0,1
baahumbuugg,1,0,1
baak,0,1,1
baaki,0,2,2
baalachi,1,0,1
baalika,1,0,1
baalu,0,1,1
baap,0,1,1
baapu,0,1,1
baar,1,6,7
baardsen,0,1,1
baarish,1,2,3
baarle,1,0,1
baarroke,1,0,1
baas,5,2,7
baashed,1,0,1
baat,2,5,7
baatain,1,0,1
baatch,0,1,1
baatne,1,0,1
baawwnggggg,0,1,1
bab,12,7,19
baba,20,38,58
babaa,2,0,2
babaaa,0,1,1
babaaaay,1,0,1
babaaaayyy,0,1,1
babaay,0,2,2
bababa,0,1,1
babababa,0,1,1
bababababababa,1,0,1
babababababababababba,0,1,1
bababay,1,0,1
babae,2,2,4
babaganoug,1,0,1
babah,2,0,2
babaji,0,1,1
babak,0,1,1
babal,0,1,1
babalik,1,0,1
babalu,0,1,1
babaly,0,1,1
babar,0,1,1
babarians,1,0,1
babaritas,0,1,1
babas,0,2,2
babat,0,1,1
babaw,1,1,2
babawi,0,1,1
babay,7,12,19
babayy,1,3,4
babayyy,2,1,3
babb,2,0,2
babba,2,4,6
babbaaaayyyyyy,0,1,1
babbage,1,0,1
babbbbbbbby,0,1,1
babbbbbbbbyy,0,1,1
babbbbbbby,1,0,1
babbbbbbbyyyyyy,0,1,1
babbbbbby,1,0,1
babbbbbe,0,1,1
babbbbby,1,0,1
babbbbbyyyy,0,1,1
babbbbs,1,0,1
babbbby,1,1,2
babbbbyyy,0,3,3
babbbbyyyy,0,1,1
babbbeeeh,0,1,1
babbby,2,4,6
babbbyy,1,2,3
babbbyyy,3,3,6
babbbyyyy,1,1,2
babbe,1,0,1
babbeess,1,0,1
babbel,1,0,1
babbes,0,1,1
babbessss,0,1,1
babbiee,0,1,1
babbiess,0,1,1
babbiiess,0,1,1
babbilard,1,0,1
babble,4,5,9
babbled,0,1,1
babbles,1,1,2
babblin,0,1,1
babbling,4,8,12
babblings,0,1,1
babbo,0,1,1
babbs,1,0,1
babbu,0,1,1
babby,10,14,24
babbyboyy,0,1,1
babbysitting,1,0,1
babbyy,2,4,6
babbyyy,3,3,6
babbyyyy,0,2,2
babbyyyyy,2,1,3
babcia,0,1,1
babd,0,1,1
babdly,1,0,1
babe,952,1187,2139
babealert,0,12,12
babealertceo,2,3,5
babealerts,0,3,3
babeboo,1,0,1
babee,12,16,28
babeee,11,11,22
babeeee,2,4,6
babeeeee,2,2,4
babeeeeee,1,0,1
babeeeeeee,0,1,1
babeeeeeeeee,0,1,1
babeeeeeeeeeee,1,0,1
babeeeeeey,1,0,1
babeeey,0,1,1
babeeiij,2,0,2
babeessss,1,0,1
babeey,1,0,1
babeeyyyyy,1,0,1
babeh,3,2,5
babehh,0,1,1
babehhhh,0,1,1
babel,4,5,9
babelaert,1,0,1
babeland,0,1,1
babelas,0,1,1
babelet,1,0,1
babelfish,2,4,6
babelpop,0,1,1
babeque,0,1,1
babers,0,1,1
baberss,1,0,1
baberz,1,0,1
babes,172,236,408
babesicle,0,1,1
babess,3,3,6
babesss,1,0,1
babessss,1,0,1
babesssss,0,1,1
babessssssssssssssssss,1,0,1
babesy,0,1,1
babeszz,1,0,1
babeth,0,1,1
babette,0,1,1
babey,2,3,5
babeys,1,0,1
babeyy,0,1,1
babeyyy,0,3,3
babez,8,11,19
babezzz,1,1,2
babi,18,9,27
babie,6,2,8
babied,2,0,2
babiee,1,1,2
babieee,0,1,1
babies,501,489,990
babiess,1,1,2
babiesss,1,4,5
babiest,0,1,1
babiez,0,1,1
babigurl,1,0,1
babii,15,10,25
babiie,1,0,1
babiieeess,0,1,1
babiieshow,1,0,1
babiiesss,0,1,1
babiii,1,0,1
babiiiee,1,0,1
babiiieee,1,0,1
babiiiiiii,0,1,1
babiiluv,1,0,1
babiis,1,0,1
babillard,1,0,1
babin,0,2,2
babineaux,0,1,1
babis,0,1,1
babishhhh,1,0,1
babka,0,1,1
bablak,1,0,1
bable,1,0,1
bablefish,0,1,1
babli,1,0,1
bablyon,0,1,1
babo,1,2,3
babolgang,0,1,1
babon,3,0,3
babongo,0,1,1
baboo,0,3,3
babooms,1,0,1
baboon,4,4,8
baboons,3,1,4
babosos,1,0,1
baboushkas,0,1,1
baboy,1,2,3
babrain,0,1,1
babri,0,2,2
babs,12,14,26
babse,0,1,1
babsi,1,0,1
babsitting,0,1,1
babson,1,0,1
babsy,0,1,1
babt,0,1,1
babtizm,1,0,1
babu,2,6,8
babush,0,2,2
babushka,0,1,1
babuy,1,0,1
babw,1,0,1
baby,5532,4855,10387
babyall,0,1,1
babybaby,0,1,1
babybabybaby,0,1,1
babybabyyy,1,0,1
babybaileys,0,1,1
babybash,0,1,1
babybear,2,3,5
babybel,1,2,3
babybird,0,1,1
babybirds,0,1,1
babyblu,0,1,1
babyblue,2,0,2
babyboi,1,0,1
babyboii,1,0,1
babybomb,0,1,1
babyboo,3,3,6
babyboomer,0,1,1
babybooo,1,0,1
babyboy,8,12,20
babyboychik,0,1,1
babyboyy,1,0,1
babybrewing,0,1,1
babybummie,0,1,1
babybump,1,0,1
babybun,1,0,1
babybutt,0,1,1
babycaekz,0,1,1
babycake,1,1,2
babycakes,13,19,32
babycakessss,1,0,1
babycat,1,1,2
babycenter,0,1,1
babycham,0,2,2
babychams,0,1,1
babycousin,0,1,1
babycuz,1,0,1
babycuzzzin,0,1,1
babydaddy,1,4,5
babydog,0,1,1
babydoll,10,10,20
babydollll,0,1,1
babydwebs,1,0,1
babydyke,0,1,1
babye,0,2,2
babyed,0,1,1
babyee,1,1,2
babyface,7,2,9
babyfart,0,1,1
babyfather,2,0,2
babyfeet,1,0,1
babyfood,1,1,2
babyfrost,0,2,2
babygate,1,1,2
babygirl,44,43,87
babygirllll,0,2,2
babygirlllll,1,0,1
babygirllllll,0,1,1
babygirlparis,0,3,3
babygirls,1,1,2
babygirlsss,0,1,1
babygrl,1,1,2
babygurl,4,3,7
babygurll,1,0,1
babygurlz,1,0,1
babyian,1,0,1
babying,5,1,6
babyish,2,2,4
babyistting,1,0,1
babyjane,1,0,1
babyjayyy,1,0,1
babyjun,0,1,1
babykins,3,1,4
babykinss,1,0,1
babykitty,0,1,1
babyknightowl,0,1,1
babylegs,0,1,1
babylock,1,0,1
babylon,12,10,22
babylonian,0,1,1
babylooove,0,1,1
babylove,8,5,13
babyloves,0,1,1
babymaker,1,1,2
babymama,2,0,2
babymamadrama,1,0,1
babymamas,2,0,2
babymans,0,1,1
babymomma,1,0,1
babymommaaa,1,0,1
babymoon,0,1,1
babynate,1,0,1
babynes,1,0,1
babyness,0,1,1
babyproofing,1,1,2
babypunch,1,0,1
babypuppy,0,1,1
babyputera,1,0,1
babyqirl,0,1,1
babyreeree,0,1,1
babyrox,1,0,1
babys,49,35,84
babysat,9,4,13
babyseat,1,0,1
babyshambles,0,1,1
babyshower,9,20,29
babyshowergamestoplay,0,1,1
babyshowerington,1,0,1
babysigning,0,1,1
babysiitiing,0,1,1
babysis,1,1,2
babysisss,0,1,1
babysistaah,0,1,1
babysister,1,0,1
babysit,139,86,225
babysiteing,1,0,1
babysitin,1,0,1
babysiting,1,1,2
babysitini,1,0,1
babysits,1,0,1
babysitt,1,2,3
babysitted,0,1,1
babysittee,0,1,1
babysitten,1,1,2
babysitter,62,22,84
babysitterdirectory,0,1,1
babysitterless,1,0,1
babysitters,15,1,16
babysittg,1,0,1
babysittig,1,0,1
babysittiing,1,0,1
babysittin,22,13,35
babysitting,326,249,575
babysittingg,1,0,1
babysittn,2,0,2
babysitttinggg,1,0,1
babysittttingggg,0,1,1
babyslicers,1,0,1
babysoap,0,1,1
babysongsongisallilknownow,1,0,1
babysteps,0,2,2
babystitting,0,2,2
babystr,1,0,1
babytalk,1,2,3
babytweeter,1,0,1
babytweeters,0,1,1
babyupdate,0,1,1
babyv,1,3,4
babywearing,4,2,6
babywedge,0,1,1
babywelt,0,1,1
babywipes,0,1,1
babywiping,0,1,1
babywoman,0,1,1
babyy,28,54,82
babyyboyy,1,0,1
babyyeah,1,0,1
babyygirl,1,0,1
babyygirrrrrrrrrl,0,1,1
babyys,0,1,1
babyyy,19,26,45
babyyys,1,0,1
babyyysittting,1,0,1
babyyyy,10,22,32
babyyyyy,6,13,19
babyyyyyy,4,4,8
babyyyyyyy,1,2,3
babyyyyyyyy,0,1,1
babyyyyyyyyy,1,1,2
babyyyyyyyyyy,1,1,2
babyyyyyyyyyyy,2,1,3
babyyyyyyyyyyyyy,0,1,1
babyz,0,2,2
babz,1,3,4
bac,91,55,146
baca,7,10,17
bacaaaaa,0,1,1
bacak,0,1,1
bacalaito,1,0,1
bacalaureate,2,0,2
bacalhau,0,2,2
bacall,0,2,2
bacame,0,1,1
bacan,1,0,1
bacana,0,2,2
bacang,1,0,1
bacardi,18,14,32
bacardy,1,0,1
bacause,2,1,3
bacc,18,13,31
baccalao,0,1,1
baccalareate,0,1,1
baccalau,0,1,1
baccalaurate,0,2,2
baccalaureat,1,0,1
baccalaureate,8,11,19
baccalaurette,0,2,2
baccalaurretedjiegtreertyuigfd,1,0,1
baccaleaureate,0,1,1
baccara,0,2,2
baccarat,1,0,1
baccarin,1,1,2
baccay,1,0,1
baccc,0,1,1
baccccccccccccccccccccccccccccccccck,0,1,1
bacccccccckkkkkk,1,0,1
bacccccck,1,0,1
bacccccckkk,1,0,1
bacccck,1,0,1
baccck,5,1,6
baccckkk,2,1,3
baccckkkkk,1,0,1
baccha,1,0,1
bacchus,3,1,4
bacci,0,1,1
bacck,7,2,9
bacckk,2,1,3
bacckkk,2,3,5
bacckkkk,2,0,2
baccon,1,3,4
baccount,0,1,1
baccy,2,0,2
bace,1,0,1
bacelona,0,1,1
bacelorette,0,1,1
bach,14,24,38
bacha,1,0,1
bachaaaaaao,1,0,1
bachalo,0,1,1
bachalorette,1,0,1
bachan,1,1,2
bachar,1,0,1
bachata,1,1,2
bachataso,1,0,1
bachchan,0,4,4
bache,0,1,1
bachelor,34,48,82
bachelorette,87,127,214
bacheloretteeeeeeee,1,0,1
bacheloroppgaven,0,1,1
bachelors,5,8,13
bachelorthesis,0,1,1
bacheye,0,1,1
bachground,0,1,1
bachha,0,1,1
bachillerato,0,1,1
bachilleres,1,0,1
baching,0,1,1
bachleors,0,1,1
bachlor,3,0,3
bachlorette,3,13,16
bachlorthesis,1,0,1
bachman,0,2,2
bachmann,2,1,3
bachorlette,1,0,1
bachr,1,0,1
bachus,0,1,1
baci,0,3,3
baciiii,0,1,1
back,33090,23869,56959
backache,37,1,38
backaches,4,0,4
backage,1,0,1
backat,1,0,1
backatcha,1,6,7
backatme,0,1,1
backattcha,0,1,1
backaus,1,0,1
backbars,0,1,1
backbay,0,1,1
backbeat,0,1,1
backbend,0,2,2
backblaze,1,0,1
backboard,2,0,2
backbone,7,4,11
backbones,0,1,1
backbooooth,0,1,1
backbooth,2,2,4
backbreaker,1,1,2
backburned,1,0,1
backburner,7,0,7
backcatalogue,1,0,1
backchannel,4,1,5
backcheck,0,1,1
backcomb,0,1,1
backcombing,0,1,1
backcountry,1,0,1
backcove,1,0,1
backdate,0,1,1
backdoor,6,7,13
backdoored,1,0,1
backdrive,1,0,1
backdrop,6,6,12
backdrops,0,1,1
backe,1,3,4
backed,121,35,156
backems,0,1,1
backen,0,1,1
backend,7,9,16
backends,1,0,1
backer,1,2,3
backers,1,0,1
backersjoy,0,1,1
backfield,1,0,1
backfilp,1,0,1
backfin,0,1,1
backfire,5,1,6
backfired,17,1,18
backfireing,1,0,1
backfires,2,1,3
backfiring,4,0,4
backflip,21,3,24
backflipping,0,1,1
backflips,2,2,4
backfrom,1,0,1
backgammon,1,3,4
backgarden,0,2,2
backgorund,1,1,2
backgound,0,1,1
backgrd,0,1,1
backgrnd,0,2,2
backgroud,6,3,9
backgrouder,1,0,1
backgroun,2,1,3
backgrounc,0,1,1
background,531,964,1495
backgroundd,1,1,2
backgrounddd,0,1,1
backgroundddd,0,1,1
backgrounddddd,0,1,1
backgroundddddd,0,1,1
backgrounder,5,0,5
backgroundimage,1,0,1
backgrounds,23,45,68
backgroundy,0,1,1
backgroune,0,1,1
backgrounf,1,0,1
backgroung,3,1,4
backgrund,1,0,1
backhand,0,2,2
backhanded,3,2,5
backhander,0,1,1
backhands,1,0,1
backhandsprings,1,0,1
backhaul,1,0,1
backhoe,1,2,3
backhollywood,0,1,1
backhome,0,1,1
backiback,0,1,1
backies,0,1,1
backin,4,1,5
backing,84,57,141
backingup,0,1,1
backintheday,0,1,1
backish,0,1,1
backk,59,55,114
backkk,25,19,44
backkkk,12,17,29
backkkkk,4,5,9
backkkkkk,2,1,3
backkkkkkk,2,3,5
backkkkkkkkkk,1,0,1
backkkkkkkkkkkkk,1,0,1
backkkkkkkkkkkkkkkkkkk,1,0,1
backl,0,2,2
backlash,9,2,11
backlashes,0,1,1
backlass,0,1,1
backlight,12,1,13
backline,1,1,2
backlink,0,3,3
backlinkho,0,1,1
backlinking,0,1,1
backlinks,1,4,5
backlist,0,1,1
backlit,2,1,3
backlog,26,12,38
backlogged,2,2,4
backloggers,0,1,1
backlogs,1,2,3
backlon,4,0,4
backlot,3,0,3
backmail,0,1,1
backnoise,0,1,1
backo,1,0,1
backofen,0,1,1
backontrack,0,2,2
backorder,10,0,10
backordered,14,1,15
backoun,1,0,1
backout,3,0,3
backpack,42,56,98
backpacker,0,2,2
backpackerdom,1,0,1
backpackers,1,0,1
backpacking,5,11,16
backpackis,1,0,1
backpackng,1,0,1
backpacks,3,3,6
backpain,5,1,6
backpains,2,0,2
backpedal,1,0,1
backplate,1,0,1
backpocket,0,1,1
backporch,1,0,1
backqround,0,1,1
backread,1,1,2
backreading,1,0,1
backriding,0,1,1
backright,1,0,1
backroads,0,2,2
backrond,0,1,1
backroom,5,5,10
backround,17,31,48
backrounds,2,0,2
backroundsinger,0,1,1
backrub,6,2,8
backrubs,0,2,2
backs,72,61,133
backscreen,0,1,1
backscrub,0,1,1
backseat,16,22,38
backshall,0,1,1
backshift,3,0,3
backshots,0,1,1
backside,12,5,17
backsides,1,2,3
backsights,0,1,1
backslidden,0,1,1
backslide,1,0,1
backslidedness,1,0,1
backsliding,1,0,1
backspace,4,0,4
backspaced,1,1,2
backspave,2,0,2
backspin,0,1,1
backspins,1,0,1
backsplash,1,1,2
backstab,1,0,1
backstabbed,2,1,3
backstabber,5,3,8
backstabbers,4,2,6
backstabbing,6,5,11
backstage,64,67,131
backstagepazz,0,1,1
backstard,0,1,1
backstop,0,1,1
backstory,4,9,13
backstreeets,0,1,1
backstreet,18,47,65
backstreetboys,0,3,3
backstreets,1,1,2
backstret,1,0,1
backstroke,3,0,3
backstrom,1,0,1
backtalk,0,1,1
backtell,1,0,1
backtest,1,0,1
backtire,1,0,1
backto,2,1,3
backtonormal,0,1,1
backtoreality,1,0,1
backtosleep,1,0,1
backtothefeature,3,0,3
backtrack,5,4,9
backtracked,1,0,1
backtrax,1,0,1
backtraxx,0,1,1
backup,219,123,342
backuped,1,0,1
backupexec,1,0,1
backuping,1,1,2
backupmytweets,1,0,1
backuppies,1,0,1
backups,29,22,51
backuptime,0,1,1
backward,7,4,11
backwards,85,68,153
backwater,2,0,2
backwell,1,0,1
backwoods,2,2,4
backwords,0,1,1
backwrds,0,1,1
backy,1,0,1
backyard,150,172,322
backyarddd,0,2,2
backyardigains,0,1,1
backyardigans,2,7,9
backyards,0,2,2
backyodomy,1,0,1
backz,0,2,2
bacl,4,4,8
baclava,0,1,1
bacm,1,0,1
bacn,0,4,4
bacne,0,1,1
bacofoil,0,1,1
bacok,1,0,1
bacolod,9,3,12
bacon,340,449,789
baconaise,1,0,1
baconator,3,3,6
baconators,0,1,1
baconbot,0,1,1
baconcascade,1,0,1
baconfest,0,1,1
baconish,1,0,1
baconlover,0,1,1
baconlube,1,0,1
baconnaise,2,0,2
baconnn,0,1,1
baconnnn,1,0,1
baconpops,1,0,1
bacons,1,1,2
bacontaco,0,1,1
bacontastic,0,1,1
bacontherapy,0,1,1
baconztaken,1,0,1
bacoon,0,1,1
bacoor,2,1,3
bacs,1,0,1
bacsigiadinh,1,0,1
bact,0,1,1
bacteria,12,10,22
bacterial,7,1,8
bacterin,1,0,1
bacterium,1,0,1
bacy,0,1,1
bad,21737,5609,27346
bada,4,1,5
badaaasss,0,1,1
badabing,0,1,1
badaboum,0,1,1
badaette,1,0,1
badal,1,0,1
badalamenti,1,0,1
badam,1,1,2
badan,4,2,6
badannya,1,0,1
badass,59,127,186
badassbbq,0,2,2
badassery,2,2,4
badasses,0,3,3
badassess,0,1,1
badassss,0,1,1
badasssssssssssssssssss,0,1,1
badawi,0,1,1
badbad,2,0,2
badbadbaaad,1,0,1
badbadbad,3,0,3
badbitch,1,0,1
badbooks,1,0,1
badboy,0,2,2
badboys,1,0,1
badboyy,1,0,1
badbreakfast,0,1,1
badbum,1,0,1
badbury,0,1,1
badcamp,1,1,2
badchoice,1,0,1
badcoffeeday,1,0,1
badd,76,20,96
badda,0,1,1
baddabeam,1,0,1
baddd,44,9,53
badddbitch,0,1,1
badddd,28,3,31
baddddd,8,3,11
badddddd,7,1,8
baddddddd,1,0,1
badddddddd,5,1,6
baddddddddd,1,0,1
baddddddddddd,1,0,1
badddddddddddddddddddddd,1,0,1
badddddump,0,1,1
baddddly,2,0,2
badddly,2,0,2
badder,1,1,2
badders,2,0,2
baddest,1,14,15
baddie,3,6,9
baddies,3,3,6
baddings,1,0,1
baddly,1,0,1
baddog,1,0,1
baddy,3,1,4
bade,2,5,7
badease,0,1,1
baded,0,1,1
badelaide,0,1,1
badelia,0,1,1
baden,0,1,1
badenoch,0,1,1
baderman,1,0,1
badet,0,1,1
badette,0,1,1
badfish,0,2,2
badfucks,1,0,1
badge,65,63,128
badgel,1,0,1
badger,16,20,36
badgerbadgerbadger,0,1,1
badgers,7,13,20
badges,9,34,43
badgirlfriend,1,0,1
badgirls,0,1,1
badgley,1,0,1
badgurl,0,1,1
badguy,0,1,1
badhaava,0,1,1
badhairday,3,1,4
badhige,0,1,1
badiday,1,0,1
badinage,1,0,1
badings,0,2,2
badinkadink,0,1,1
baditz,0,2,2
badjao,1,0,1
badjas,0,1,1
badla,0,1,1
badlands,1,4,5
badley,1,1,2
badlier,0,1,1
badloads,0,1,1
badluck,5,1,6
badly,1251,201,1452
badlyy,7,2,9
badlyyy,5,0,5
badlyyyy,2,0,2
badlyyyyy,1,0,1
badlyyyyyy,1,0,1
badlyyyyyyyyyy,1,1,2
badman,0,2,2
badmash,1,0,1
badmeeting,1,0,1
badmicrosoft,2,0,2
badmin,0,1,1
badmington,1,1,2
badminton,59,74,133
badmition,1,0,1
badmitton,2,1,3
badmood,3,1,4
badmouth,0,3,3
badmouthed,0,1,1
badmouthing,0,1,1
badn,1,1,2
badness,14,9,23
badnews,1,0,1
badnight,1,0,1
bado,5,2,7
badonkadonk,1,1,2
badoo,0,1,1
badoptus,2,1,3
badow,0,1,1
badoy,1,0,1
badri,0,1,1
badroom,0,1,1
badrss,3,0,3
bads,6,0,6
badself,0,1,1
badserver,0,1,1
badsex,8,0,8
badsh,1,0,1
badterp,1,0,1
badthought,1,0,1
badtimeess,1,0,1
badtimes,20,1,21
badtimesindeed,1,0,1
badtimesss,1,0,1
badtimezz,1,0,1
badtiming,1,0,1
badtreep,1,0,1
badtrip,7,1,8
badu,9,16,25
badugi,0,1,1
badum,0,1,1
baduy,0,2,2
badwagon,0,2,2
badweather,1,0,1
badweathersucks,1,0,1
badx,1,0,1
bady,5,0,5
badz,0,1,1
badzio,1,0,1
bae,31,23,54
baebaes,1,0,1
baebe,1,0,1
baebes,1,1,2
baebiii,0,1,1
baed,1,0,1
baee,1,2,3
baeee,0,1,1
baeeee,1,1,2
baeeeeeeeeee,1,0,1
baek,0,2,2
baekan,0,1,1
baekkk,0,1,1
baelee,1,0,1
baer,1,1,2
baerklahgjdk,0,1,1
baeu,0,1,1
baez,1,2,3
baf,2,2,4
bafana,8,1,9
bafck,1,0,1
bafd,1,0,1
baff,0,4,4
baffalicious,0,1,1
baffins,0,1,1
baffle,1,4,5
baffled,10,10,20
baffler,0,1,1
baffles,4,2,6
baffling,1,4,5
baffoonery,1,0,1
bafled,0,1,1
bafoon,2,0,2
bafta,4,5,9
baftaaaaaa,0,1,1
baftas,1,1,2
baftime,0,1,1
bag,874,729,1603
baga,1,2,3
bagage,1,0,1
bagagge,3,0,3
bagai,1,1,2
bagain,0,1,1
bagal,11,2,13
bagangalloos,1,0,1
bagat,0,1,1
bagatelle,1,0,1
bagay,1,13,14
bagcat,0,1,1
bagdad,0,1,1
bagde,1,0,1
bage,1,1,2
baged,1,0,1
bageeezus,1,0,1
bagehot,0,1,1
bagel,127,120,247
bagelchip,0,1,1
bagelled,1,0,1
bagelmakers,0,1,1
bagelry,1,0,1
bagels,50,68,118
bagely,0,1,1
bages,1,0,1
bagette,2,0,2
bagfull,1,0,1
bagfulls,0,1,1
bagg,1,2,3
baggaaa,1,0,1
baggae,0,1,1
baggage,21,16,37
baggages,1,0,1
bagged,12,19,31
bagger,3,0,3
baggered,1,0,1
baggers,0,1,1
baggg,0,2,2
baggggg,1,0,1
bagggggg,0,1,1
baggie,2,5,7
baggies,5,2,7
baggin,0,3,3
bagginf,1,0,1
bagging,7,5,12
baggins,2,1,3
baggles,0,1,1
baggot,1,1,2
baggy,12,7,19
bagh,0,2,2
baghali,1,0,1
baghdad,7,4,11
bagheera,0,2,2
baghel,1,0,1
baghera,0,1,1
baghhh,2,0,2
bagi,4,3,7
bagian,1,1,2
bagillion,1,2,3
bagina,0,1,1
bagiuo,0,1,1
bagladim,0,1,1
baglady,0,1,1
baglamas,0,1,1
bagle,1,3,4
bagles,0,1,1
bagley,0,1,1
bagmane,1,0,1
bagnet,0,1,1
bago,2,8,10
bagolamentofotosculture,0,1,1
bagon,0,1,1
bagong,1,7,8
bagoolohom,1,0,1
bagoong,1,6,7
bagpack,0,1,1
bagpacking,3,0,3
bagpipe,1,2,3
bagpipes,4,3,7
bagpuss,2,2,4
bagrot,0,1,1
bagruiut,0,1,1
bagrut,1,3,4
bags,295,262,557
bagsak,2,0,2
bagsie,0,1,1
bagsm,0,1,1
bagsss,1,0,1
baguette,13,10,23
baguettes,6,2,8
baguio,16,17,33
bagus,9,9,18
bagusan,1,0,1
baguslah,0,1,1
bagusss,0,1,1
bagussssss,0,1,1
baguusss,0,1,1
bagwaa,0,1,1
bagwan,0,1,1
bagworms,1,0,1
bagy,1,0,1
bagyo,1,1,2
bah,536,115,651
baha,32,48,80
bahaa,1,6,7
bahaaa,0,3,3
bahaah,1,0,1
bahaahah,1,0,1
bahaahaha,0,1,1
bahaahh,1,0,1
bahaaon,0,1,1
bahadtothebone,0,1,1
bahagia,0,1,1
bahah,16,27,43
bahaha,51,152,203
bahahaa,0,4,4
bahahaaa,0,1,1
bahahaaaa,0,1,1
bahahaaaaa,0,1,1
bahahaaah,1,0,1
bahahaah,0,1,1
bahahah,4,26,30
bahahaha,26,78,104
bahahahaa,0,1,1
bahahahah,2,3,5
bahahahaha,7,24,31
bahahahahaa,0,1,1
bahahahahah,2,2,4
bahahahahaha,5,13,18
bahahahahahaaha,0,1,1
bahahahahahah,0,1,1
bahahahahahaha,0,2,2
bahahahahahahaa,0,1,1
bahahahahahahaha,1,1,2
bahahahahahahahaha,0,1,1
bahahahahahahahahaaaahahah,0,1,1
bahahahahahahahhahahahahhah,0,1,1
bahahahahahahahhahahhhaahhaha,0,1,1
bahahahahas,1,0,1
bahahahahha,1,0,1
bahahahahhaha,1,1,2
bahahahha,1,0,1
bahahahhaa,0,1,1
bahahahhaha,1,1,2
bahahahhahaha,0,1,1
bahahahhhhaa,0,1,1
bahahahumbug,0,1,1
bahahha,2,6,8
bahahhaa,0,1,1
bahahhaaaa,0,1,1
bahahhaha,1,3,4
bahahhahah,1,1,2
bahahhahaha,0,1,1
bahai,2,0,2
bahais,0,2,2
bahala,1,3,4
bahalag,0,1,1
bahama,3,16,19
bahamaaas,1,0,1
bahamas,61,65,126
bahamavention,1,0,1
bahamian,0,3,3
bahammahsss,0,1,1
bahammas,0,2,2
bahan,0,1,1
bahannya,0,1,1
bahar,0,2,2
bahas,0,2,2
bahasa,4,6,10
bahaus,0,1,1
bahay,14,5,19
bahaya,1,0,1
bahbaganoosh,1,0,1
bahbah,2,0,2
bahfren,0,1,1
bahgross,1,0,1
bahh,23,5,28
bahha,0,5,5
bahhaa,0,1,1
bahhaaa,0,1,1
bahhaha,0,1,1
bahhahah,0,1,1
bahhh,26,2,28
bahhhbeques,0,1,1
bahhhh,10,1,11
bahhhhh,5,0,5
bahhhhhh,1,0,1
bahhhhhhhhhh,2,0,2
bahhhhhmb,0,1,1
bahhhtonez,0,1,1
bahhhumbug,1,0,1
bahhston,0,1,1
bahi,1,0,1
bahia,0,2,2
bahira,0,1,1
bahk,0,3,3
bahleeted,1,0,1
bahlo,0,1,1
bahm,0,1,1
bahn,2,2,4
bahnhof,1,0,1
bahnhofstreet,0,1,1
bahookie,1,0,1
bahooooyaallloooooo,1,0,1
bahooth,1,0,1
bahr,0,1,1
bahraaain,1,0,1
bahrain,6,14,20
bahroom,1,0,1
bahru,3,2,5
bahruu,0,1,1
bahstan,0,1,1
bahstard,1,0,1
bahstin,1,0,1
baht,3,2,5
bahthi,0,1,1
bahts,1,0,1
bahu,0,1,1
bahumbug,1,0,1
bahureksa,1,0,1
bahut,2,0,2
bai,21,16,37
baia,1,1,2
baiandaly,1,0,1
baibai,0,1,1
baichung,0,1,1
baiden,0,6,6
baidens,0,2,2
baie,1,1,2
baifornow,0,1,1
baii,0,3,3
baiii,0,1,1
baijiu,0,1,1
baik,4,11,15
baikaan,0,1,1
baikie,0,1,1
baiklah,0,1,1
baikonour,0,1,1
bail,57,18,75
baila,0,2,2
bailababe,0,1,1
bailado,0,1,1
bailando,0,2,2
bailar,2,2,4
baildon,0,1,1
baile,1,1,2
bailecillo,1,0,1
bailed,95,14,109
bailee,2,1,3
baileeeee,0,1,1
bailen,0,1,1
bailer,1,0,1
bailey,66,99,165
baileys,8,17,25
baileyyk,0,1,1
bailing,27,6,33
baillieu,1,0,1
bailon,1,0,1
bailout,4,10,14
bailouts,1,1,2
bailrigg,0,1,1
bails,4,2,6
bailskap,1,0,1
baily,1,3,4
bailz,1,1,2
bailzzz,0,1,1
baim,0,2,2
baimomo,0,1,1
bain,5,7,12
bainbridge,1,4,5
baine,0,1,1
bainmercer,1,0,1
baint,0,1,1
baio,0,2,2
bair,0,1,1
baird,0,2,2
bairn,1,0,1
bairns,1,3,4
bairro,0,1,1
bais,1,1,2
baisden,1,0,1
baiser,1,0,1
baises,1,0,1
baisically,1,0,1
bait,26,17,43
baitbook,0,1,1
baited,4,5,9
baiten,0,1,1
baiters,0,2,2
baitersss,0,1,1
baith,0,1,1
baithing,0,2,2
baiting,3,6,9
baits,1,0,1
baixa,0,1,1
baixando,2,9,11
baixar,2,1,3
baixei,0,1,1
baixista,1,0,1
baixo,1,0,1
baiz,0,1,1
baj,1,2,3
baja,10,13,23
bajaaaaa,0,1,1
bajaata,0,1,1
bajaj,1,0,1
bajan,1,3,4
bajando,2,1,3
bajar,1,1,2
bajdaina,0,1,1
bajeebes,1,0,1
bajeezzieesss,1,0,1
bajengjerks,1,0,1
bajic,0,1,1
bajigur,1,0,1
bajillion,12,9,21
bajillionth,0,1,1
bajio,1,0,1
bajji,1,0,1
bajo,2,2,4
bajorans,1,0,1
bajs,2,0,2
baju,12,5,17
bak,266,158,424
baka,11,25,36
bakal,8,5,13
bakalan,0,1,1
bakalarce,0,1,1
bakall,0,1,1
bakanosas,0,1,1
bakar,3,7,10
bakari,1,0,1
bakasyon,1,1,2
bakatcha,0,1,1
bakc,4,2,6
bakchodi,0,1,1
bakdoor,0,1,1
bake,136,209,345
bakeable,0,1,1
baked,144,241,385
bakedbean,1,0,1
bakee,0,1,1
bakeee,1,0,1
bakeeee,1,0,1
bakeey,0,1,1
bakelite,1,0,1
bakeoff,2,0,2
baker,39,46,85
bakeries,3,3,6
bakers,16,10,26
bakersfield,20,8,28
bakery,38,68,106
bakerzin,2,2,4
bakes,7,9,16
bakesale,0,1,1
bakeshop,1,1,2
bakeside,1,0,1
bakespace,0,1,1
bakesterr,0,1,1
baket,2,0,2
bakewall,1,0,1
bakewell,3,5,8
bakey,6,4,10
bakgat,0,1,1
bakground,3,1,4
bakhtiyar,0,1,1
baki,0,2,2
bakie,0,1,1
bakin,2,5,7
baking,179,314,493
bakingg,0,1,1
bakini,0,1,1
bakir,0,1,1
bakit,30,3,33
bakk,12,6,18
bakker,3,0,3
bakkk,0,1,1
bakkkk,1,0,1
bakkkkk,1,0,1
bakkkkkkk,1,0,1
bakku,1,0,1
bakkutteh,0,1,1
bakla,0,1,1
baklang,0,1,1
baklasia,0,1,1
baklasias,0,1,1
baklava,1,5,6
baklavas,0,1,1
bako,1,4,5
bakonvodka,0,1,1
bakpao,0,1,1
bakra,1,0,1
baks,0,1,1
baksale,0,1,1
bakso,1,2,3
bakstage,1,0,1
baktiar,1,0,1
baku,1,1,2
bakugan,1,1,2
bakula,0,1,1
bakuman,1,2,3
bakuna,0,1,1
bakusui,1,0,1
bakut,0,1,1
bakwaas,0,4,4
bakwan,1,1,2
bakwds,1,0,1
bakya,1,0,1
bakyard,0,1,1
bakzhang,1,0,1
bal,9,12,21
bala,3,4,7
balaam,0,1,1
balack,0,1,1
balaclava,2,1,3
balaclavas,0,1,1
balad,1,1,2
balada,0,1,1
balady,1,0,1
balai,1,3,4
balais,0,1,1
balak,1,2,3
balakrishna,1,0,1
balalaika,0,1,1
balamory,1,3,4
balamurugan,1,0,1
balan,1,0,1
balana,0,1,1
balanbe,1,0,1
balance,127,147,274
balanced,15,40,55
balancee,1,0,1
balanceonline,0,1,1
balancer,1,1,2
balances,5,12,17
balancing,24,19,43
balanga,1,1,2
balanna,1,0,1
balas,0,1,1
balat,0,1,1
balato,1,0,1
balaton,1,1,2
balatore,0,1,1
balay,1,0,1
balbo,0,1,1
balboa,7,14,21
balboas,0,1,1
balbon,0,2,2
balcanii,0,1,1
balcany,0,1,1
balcatta,1,0,1
balch,0,1,1
balck,0,3,3
balckberry,1,1,2
balckcurrant,0,1,1
balcogny,0,1,1
balcom,1,0,1
balcon,0,2,2
balconey,2,0,2
balconeys,0,1,1
balconies,1,2,3
balcony,114,171,285
balconytv,0,1,1
balconywauu,1,0,1
bald,65,70,135
baldacci,0,1,1
baldecito,1,0,1
balded,1,1,2
baldfannyville,0,1,1
baldheaded,0,1,1
baldie,0,1,1
balding,5,8,13
baldknobber,0,1,1
baldness,3,2,5
baldo,3,0,3
baldoza,0,1,1
baldrich,0,1,1
baldrige,2,0,2
baldur,0,1,1
balduwa,0,1,1
baldwin,11,18,29
baldy,3,6,9
baldys,0,1,1
bale,23,40,63
balearic,1,1,2
baled,0,1,1
baleful,0,1,1
baleiando,1,0,1
baleigh,0,1,1
balek,0,1,1
balenciaga,2,3,5
balenfestival,0,1,1
balenthia,1,0,1
balerina,1,0,1
bales,5,5,10
balesnya,0,1,1
balestier,1,0,1
baleted,0,1,1
baley,0,1,1
balfour,3,0,3
balgojevich,1,0,1
balh,1,0,1
balham,1,0,1
bali,81,74,155
baliang,1,0,1
balibelly,1,0,1
balie,0,1,1
baliey,1,0,1
balihoo,0,1,1
baliii,3,1,4
baliiiii,0,1,1
baliiiiii,2,0,2
baliiiiiiiiii,0,1,1
balik,23,22,45
balikan,2,2,4
balikbayan,1,0,1
balikbayans,1,1,2
balikin,1,0,1
balikpapan,1,0,1
balinease,0,1,1
balinese,3,3,6
baling,1,2,3
balintawak,1,0,1
balir,1,0,1
balisage,1,0,1
balistic,0,1,1
balita,4,0,4
baliw,0,3,3
baliwag,1,0,1
balizza,0,1,1
balk,2,2,4
balkain,0,1,1
balkanfile,0,1,1
balkanictweetup,0,1,1
balkans,0,1,1
balkbrug,1,0,1
balklands,1,0,1
balkoony,1,0,1
balky,1,0,1
ball,741,667,1408
balla,0,1,1
ballache,1,1,2
ballack,1,5,6
ballacks,1,0,1
ballad,10,20,30
ballade,0,1,1
ballads,4,17,21
ballantyne,1,0,1
ballarat,4,4,8
ballard,31,8,39
ballarina,1,0,1
ballas,1,3,4
ballashoughband,0,2,2
ballast,0,2,2
ballater,1,0,1
ballaz,0,1,1
ballbreaker,0,1,1
ballbusting,1,0,1
ballcap,1,1,2
ballcock,1,0,1
balldate,1,0,1
balldozers,1,0,1
balled,14,2,16
baller,12,19,31
ballerina,4,13,17
ballerinas,2,4,6
ballers,2,3,5
ballet,94,103,197
balletboy,1,0,1
balleting,0,1,1
balley,0,1,1
balleyhooed,1,0,1
ballfield,3,3,6
ballfields,0,2,2
ballgame,7,7,14
ballgames,1,0,1
ballgirling,1,0,1
ballin,18,29,47
ballina,1,2,3
ballinforlife,0,1,1
balling,22,3,25
ballinger,0,1,1
ballingggggg,0,1,1
ballinn,0,1,1
ballinnnn,0,1,1
ballinnnnnnn,0,1,1
ballinrobe,1,0,1
ballintemple,0,1,1
ballistic,4,4,8
ballix,1,0,1
balll,2,0,2
balllin,0,1,1
ballling,1,0,1
balllinnn,0,1,1
ballll,0,1,1
balllliiiiiiiiiin,0,1,1
ballllin,0,1,1
balllllll,1,0,1
balllllllllz,1,0,1
ballllllls,1,0,1
balllllzzzzzzzzz,1,0,1
ballloch,0,1,1
ballloono,0,1,1
ballloooon,1,0,1
ballmer,2,4,6
balloch,1,4,5
balloin,1,0,1
ballon,4,6,10
ballons,2,14,16
balloochhhhhhhhhhh,0,1,1
balloon,89,100,189
balloonatic,0,1,1
balloonavista,2,0,2
ballooned,3,1,4
ballooning,3,1,4
balloono,2,5,7
balloons,55,63,118
balloony,0,1,1
ballooonn,0,1,1
balloooon,1,0,1
ballooooooon,1,0,1
ballot,11,10,21
ballots,10,3,13
ballou,2,0,2
ballox,1,0,1
ballpark,17,15,32
ballparkfood,1,0,1
ballpen,1,0,1
ballpens,1,0,1
ballplayer,0,1,1
ballplayers,0,1,1
ballpoint,2,2,4
ballpool,1,0,1
ballracer,2,1,3
ballroom,25,22,47
balls,396,248,644
ballsack,1,0,1
ballsacks,1,1,2
ballsax,1,0,1
ballsed,6,0,6
ballsille,0,1,1
ballsness,1,0,1
ballssss,1,0,1
ballston,1,0,1
ballsy,1,1,2
bally,6,7,13
ballybunion,1,0,1
ballycastle,0,2,2
ballydoyle,0,1,1
ballyfermott,0,1,1
ballyh,1,0,1
ballyhoo,0,2,2
ballymena,2,1,3
ballys,2,1,3
ballz,10,4,14
balm,19,19,38
balmain,3,3,6
balme,1,2,3
balmer,2,2,4
balmont,0,1,1
balmoral,3,0,3
balmorhea,1,0,1
balms,1,1,2
balmy,4,7,11
balnace,0,1,1
balnkyy,1,0,1
baloe,0,1,1
balogna,0,2,2
baloney,1,2,3
balonul,1,0,1
balony,0,1,1
baloo,0,2,2
baloon,3,3,6
baloons,2,3,5
baloos,1,0,1
balot,2,1,3
balotelli,1,0,1
balranald,1,0,1
balrog,1,0,1
bals,0,1,1
balsa,0,1,1
balsac,0,1,1
balsam,1,0,1
balsamic,6,14,20
balsamspray,0,1,1
balsas,0,1,1
balsillie,5,1,6
balso,0,1,1
balsting,0,1,1
balt,1,1,2
baltacha,2,0,2
baltar,1,2,3
baltazar,1,0,1
baltic,6,5,11
balticon,3,5,8
baltics,1,0,1
balticward,0,1,1
baltimore,80,79,159
baltimorons,0,1,1
balto,2,2,4
baltraffic,0,1,1
baluga,0,1,1
balugaaa,0,1,1
baluka,1,0,1
balum,0,1,1
balunbalunan,1,0,1
balusc,0,1,1
balut,0,7,7
balv,0,1,1
balvennie,0,1,1
balybeen,0,1,1
balzac,0,3,3
bam,70,111,181
bama,28,27,55
bamaloo,0,1,1
bamalovesoul,0,1,1
baman,2,0,2
bamb,1,3,4
bamba,1,3,4
bambam,4,1,5
bambambambaaaaam,0,1,1
bambang,0,2,2
bamber,2,1,3
bamberg,1,2,3
bambi,19,16,35
bambie,1,0,1
bambiland,1,0,1
bambina,0,2,2
bambino,1,4,5
bambis,2,0,2
bambo,1,1,2
bamboo,28,35,63
bamboooooozleeee,1,0,1
bambooooozle,1,0,1
bamboooozle,0,2,2
bamboooozleeee,1,0,1
bambooozle,0,1,1
bamboozel,2,0,2
bamboozle,177,80,257
bamboozled,10,2,12
bamboozlee,0,2,2
bamboozleee,2,0,2
bamboozleeeeeee,0,1,1
bamboozling,0,1,1
bamboozzle,1,0,1
bambozzllleeeeee,1,0,1
bamburgh,0,1,1
bamburi,0,1,1
bambuse,1,0,1
bamcinemafest,2,0,2
bamf,4,10,14
bamfin,0,1,1
bamfoozled,1,0,1
bamford,1,1,2
bamfs,1,0,1
bamfy,0,1,1
bamiesoep,0,1,1
bamk,1,0,1
bamm,2,5,7
bamma,1,1,2
bammit,0,1,1
bammm,0,1,1
bammmmbbb,0,1,1
bamms,1,0,1
bamoo,0,1,1
bampa,1,0,1
bams,1,4,5
ban,92,66,158
bana,7,4,11
banaag,1,0,1
banaags,1,0,1
banagas,0,1,1
banahan,1,0,1
banahaw,0,1,1
banal,1,3,4
banality,1,0,1
banan,0,2,2
banana,249,412,661
bananabay,0,1,1
bananabrain,1,0,1
bananacue,0,1,1
bananad,0,1,1
bananagrams,0,4,4
bananameatloaf,1,0,1
bananana,1,1,2
banananana,1,0,1
banananas,0,1,1
banananeil,0,1,1
bananarama,3,1,4
bananarchy,1,0,1
bananas,90,97,187
bananashoes,1,1,2
bananasss,1,0,1
bananerz,0,1,1
bananey,0,1,1
bananna,3,3,6
bananrama,0,1,1
banany,0,1,1
bananzai,0,1,1
banao,0,1,1
banaoon,0,1,1
banapple,0,1,1
banar,1,0,1
banarambar,0,1,1
banarooo,1,0,1
banarrr,1,0,1
banas,3,0,3
banashankari,0,1,1
banaswadi,0,1,1
banat,1,0,1
banawe,0,1,1
banban,0,1,1
banbang,0,1,1
banbury,3,5,8
banc,0,1,1
banca,1,0,1
banchang,0,1,1
banchory,0,1,1
banckrupt,1,0,1
banco,0,1,1
bancomext,0,1,1
bancroft,1,1,2
bancrote,0,1,1
bancrupcy,1,0,1
bancrupt,2,0,2
bancruptcy,2,0,2
band,1025,1658,2683
banda,0,15,15
bandage,28,8,36
bandaged,8,3,11
bandagedfoot,1,0,1
bandages,13,0,13
bandaging,2,0,2
bandaid,26,7,33
bandaides,0,1,1
bandaids,10,8,18
bandana,6,5,11
bandanas,1,5,6
bandani,0,1,1
bandanna,2,0,2
bandannanana,0,1,1
bandar,2,2,4
bandas,0,1,1
bandau,0,1,1
bandawal,0,1,1
bandcalllll,0,1,1
bandcamp,0,2,2
bandddd,0,1,1
banddddd,1,0,1
bandddddddddddd,1,0,1
bande,1,2,3
banded,3,1,4
bandel,1,1,2
bandera,0,2,2
banderas,0,5,5
bandfromtv,0,1,1
bandfromtwitter,0,1,1
bandgeek,0,1,1
bandh,2,1,3
bandi,0,1,1
bandicoot,1,2,3
bandido,1,0,1
bandinage,0,1,1
banding,4,1,5
bandit,15,39,54
banditleeway,0,13,13
bandito,1,1,2
banditos,0,1,1
bandits,5,5,10
bandiwdth,1,0,1
bandler,0,2,2
bandmate,1,2,3
bandmates,6,3,9
bandmember,1,0,1
bandmemers,0,1,1
bandname,0,1,1
bando,0,1,1
bandocha,0,1,1
bandofhorses,1,0,1
bandolino,1,0,1
bandom,3,2,5
bandon,0,3,3
bandong,0,1,1
bandpass,0,1,1
bandpractice,2,0,2
bandprobe,0,1,1
bandra,4,3,7
bandrek,1,0,1
bands,247,325,572
bandscapers,0,1,1
bandsession,0,1,1
bandshell,0,4,4
bandsidemandtocometomanila,0,2,2
bandslam,0,6,6
bandsoff,0,1,1
bandssss,1,0,1
bandstand,1,1,2
bandstnd,1,0,1
bandung,25,18,43
bandungggggggg,1,0,1
banduuuuuuuuuuuung,1,0,1
bandwaggon,1,0,1
bandwaggoner,1,0,1
bandwagon,19,43,62
bandwagoneers,0,1,1
bandwagoners,2,0,2
bandwagons,1,2,3
bandwangon,0,1,1
bandwidth,68,29,97
bandwith,5,1,6
bandy,1,2,3
bandyaids,1,0,1
bandyk,0,1,1
bane,27,6,33
baned,2,1,3
baner,2,0,2
banery,0,1,1
banes,0,1,1
banff,6,10,16
banfield,0,2,2
bang,196,224,420
banga,4,3,7
bangadesh,1,0,1
bangag,1,1,2
bangah,0,1,1
bangaldesh,0,1,1
bangalore,58,61,119
bangalorean,0,1,1
bangaloreee,0,1,1
bangaloretweetup,1,0,1
bangalow,0,1,1
bangao,0,1,1
bangas,0,2,2
bangbang,2,0,2
bangbros,1,1,2
banged,52,12,64
bangedd,1,0,1
bangeeeeeeeeet,0,1,1
bangeeeeet,1,0,1
bangeeet,1,1,2
bangeeettt,1,0,1
bangel,1,0,1
bangels,0,2,2
banger,7,8,15
bangers,6,9,15
bangerter,1,0,1
banget,28,17,45
bangface,0,1,1
banggaan,1,0,1
banggg,1,0,1
banggggg,0,1,1
banggggggggggssss,0,1,1
bangin,35,30,65
banging,107,41,148
bangingg,1,0,1
banginggggg,0,1,1
banginnn,1,0,1
bangiz,0,1,1
bangka,1,1,2
bangkeee,1,0,1
bangkok,62,42,104
bangkrut,2,0,2
bangla,2,7,9
bangladesh,9,10,19
bangladeshdstchange,1,0,1
banglas,0,1,1
bangle,5,2,7
bangles,7,3,10
banglore,2,0,2
bangn,0,1,1
bangon,2,0,2
bangonacan,1,0,1
bangor,6,7,13
bangra,0,1,1
bangs,106,96,202
bangsa,1,0,1
bangsar,7,7,14
bangun,5,4,9
bangunan,0,1,1
bangungot,1,0,1
bangus,0,1,1
bangy,0,1,1
bangz,0,1,1
banh,5,4,9
banhammah,1,0,1
banhart,0,3,3
banho,0,2,2
banhot,0,1,1
banians,0,1,1
banias,1,0,1
banica,1,0,1
banii,0,1,1
banilduh,1,0,1
baninarazzi,0,1,1
banish,2,6,8
banished,12,5,17
banishing,1,2,3
banishment,1,0,1
banit,0,1,1
banitza,0,1,1
banj,1,0,1
banjacksed,1,0,1
banjara,1,0,1
banjarmasin,1,0,1
banjaxed,3,1,4
banjir,1,0,1
banjo,16,28,44
banjoed,0,1,1
banjos,0,1,1
bank,855,570,1425
bankaccount,2,1,3
bankboo,0,1,1
banke,0,1,1
banked,0,6,6
banken,1,0,1
banker,9,5,14
bankers,6,3,9
bankfoot,1,1,2
bankhead,0,1,1
bankholiday,1,2,3
bankholidays,0,1,1
bankin,0,2,2
banking,44,32,76
bankk,0,1,1
bankkk,0,1,1
bankkkk,1,1,2
banknorth,1,0,1
banknotes,2,0,2
bankovnictv,1,0,1
bankrescue,0,1,1
bankroll,4,2,6
bankrotom,1,0,1
bankrupcy,2,0,2
bankrupt,44,11,55
bankruptacy,1,0,1
bankruptcy,59,18,77
bankrupting,1,0,1
bankruptsy,1,0,1
banks,67,61,128
banksia,2,1,3
bankside,0,1,1
banksters,0,1,1
bankstown,0,1,1
banksville,0,1,1
banksy,8,8,16
banky,1,2,3
banlat,0,1,1
banlaw,0,1,1
banlieu,0,1,1
banlieue,0,1,1
banmondays,0,2,2
bann,1,0,1
banna,1,2,3
bannable,1,0,1
bannana,5,6,11
bannanas,0,1,1
bannanny,0,1,1
bannas,1,0,1
bannatynes,2,0,2
bannddd,0,1,1
banne,0,1,1
banned,213,57,270
banner,59,105,164
bannerbomb,0,1,1
bannere,1,0,1
bannered,0,1,1
bannerghatta,1,0,1
banners,17,26,43
bannersnack,0,1,1
banning,15,11,26
bannished,1,0,1
bannishment,1,0,1
bannister,3,0,3
bannockburn,0,1,1
bannoffee,0,1,1
bano,4,1,5
banofee,1,0,1
banoffe,0,1,1
banoffee,1,3,4
banoffi,0,1,1
banoffie,0,1,1
banooshka,1,0,1
banos,2,2,4
banpei,0,2,2
banqin,1,0,1
banqinq,0,1,1
banque,1,0,1
banquet,47,82,129
banquetrecords,0,1,1
banquets,2,0,2
banquette,0,1,1
banrock,1,0,1
bans,20,25,45
bansal,1,1,2
banshee,6,3,9
banshees,3,3,6
bansss,0,1,1
banssss,1,0,1
bansssss,0,1,1
bant,1,2,3
banta,0,1,1
bantam,1,3,4
bantams,1,0,1
bantay,2,2,4
bantayan,0,2,2
bantdeck,1,0,1
banteay,1,0,1
banten,1,0,1
banter,30,39,69
banterless,1,0,1
banterous,2,0,2
banters,0,1,1
banties,0,1,1
banton,0,4,4
bantry,1,0,1
bants,1,0,1
bantu,2,1,3
bantuin,2,0,2
banty,1,1,2
bantz,0,1,1
banu,0,2,2
banuiesc,1,0,1
banus,1,0,1
banyak,12,21,33
banyakkkkkk,1,0,1
banyaknyer,0,1,1
banyan,0,1,1
banyo,2,0,2
banyon,0,1,1
banz,0,1,1
banzai,5,1,6
banzer,0,1,1
bao,16,17,33
baomoi,0,2,2
baon,1,1,2
baotian,1,0,1
baout,2,1,3
baow,1,1,2
baozi,0,1,1
bap,4,5,9
bapa,1,0,1
bapak,2,2,4
bapang,1,0,1
bapao,1,0,1
bape,5,1,6
bapes,0,1,1
baphemetis,0,1,1
baphomet,1,0,1
bappi,1,2,3
bapps,0,1,1
baps,6,1,7
baptised,1,6,7
baptisim,1,1,2
baptism,23,34,57
baptismal,1,1,2
baptisms,3,10,13
baptist,4,20,24
baptiste,3,0,3
baptisted,1,0,1
baptistry,0,1,1
baptists,1,2,3
baptize,0,2,2
baptized,2,26,28
baptizing,0,1,1
bapva,0,2,2
baq,18,13,31
baqarah,0,1,1
baqck,0,1,1
baqelll,0,1,1
baqi,1,0,1
baqk,1,2,3
baqkon,1,0,1
baqks,0,1,1
baqqqqq,1,0,1
bar,843,941,1784
bara,1,3,4
barable,0,1,1
baraboo,1,1,2
barabra,1,1,2
barac,0,1,1
baracades,1,0,1
barach,0,1,1
barack,12,33,45
barackberry,0,1,1
barackociroc,0,1,1
baracks,0,1,1
barackstar,1,0,1
baracky,1,1,2
barada,0,1,1
baradene,0,1,1
barag,1,0,1
barah,0,1,1
barak,1,1,2
baraka,0,1,1
barakat,6,8,14
barakatday,39,0,39
barakath,1,0,1
barakel,1,0,1
baraki,0,2,2
barakitten,0,2,2
baralo,1,0,1
baran,0,1,1
barang,3,0,3
barangan,0,1,1
barangay,1,1,2
baranski,0,1,1
bararkat,1,0,1
barat,0,6,6
baratinho,0,1,1
barats,1,0,1
baraza,1,0,1
barb,8,21,29
barbacha,0,1,1
barbacoa,1,2,3
barbacue,0,3,3
barbad,1,0,1
barbadoes,0,1,1
barbados,11,13,24
barbaque,3,1,4
barbar,1,1,2
barbara,37,55,92
barbarella,0,1,1
barbarexx,0,1,1
barbarian,4,5,9
barbarians,4,4,8
barbaric,4,2,6
barbaritas,0,1,1
barbaro,1,0,1
barbarshop,0,1,1
barbary,1,0,1
barbbs,1,0,1
barbe,0,1,1
barbeacue,0,1,1
barbeceu,0,1,1
barbecue,39,58,97
barbecued,3,3,6
barbecues,5,0,5
barbecuing,1,3,4
barbecurial,0,1,1
barbecuuue,1,0,1
barbed,6,2,8
barbell,4,2,6
barbeq,0,2,2
barbeque,27,76,103
barbequed,0,1,1
barbequee,0,1,1
barbequeeee,0,1,1
barbequeing,3,0,3
barbeques,3,2,5
barbequeueing,0,1,1
barbequing,0,2,2
barber,23,22,45
barbera,0,1,1
barbergue,0,1,1
barbering,1,1,2
barbers,10,6,16
barbershop,7,7,14
barbershops,1,0,1
barbery,1,0,1
barbi,0,1,1
barbican,1,2,3
barbie,48,72,120
barbiecontractkiller,1,0,1
barbiedoll,1,0,1
barbiee,0,1,1
barbiegirls,0,1,1
barbies,10,7,17
barbiessss,0,1,1
barbiie,1,0,1
barbique,1,0,1
barboletta,0,1,1
barbon,0,1,1
barbosa,0,1,1
barboursville,1,0,1
barboza,0,1,1
barbq,5,2,7
barbqlossal,1,0,1
barbque,1,1,2
barbqued,1,0,1
barbra,1,2,3
barbri,6,3,9
barbrix,0,1,1
barbs,2,4,6
barbucue,0,1,1
barby,1,2,3
barc,0,1,1
barca,24,33,57
barcaaaa,0,1,1
barcade,0,5,5
barcalona,2,1,3
barcamoleeds,0,1,1
barcamp,17,20,37
barcampbelfast,0,2,2
barcampbham,2,1,3
barcampbkk,2,3,5
barcampca,0,1,1
barcampers,0,2,2
barcampevn,1,2,3
barcamphanoi,3,4,7
barcampkerala,1,0,1
barcampla,1,3,4
barcampleeds,1,0,1
barcamplondon,0,1,1
barcampnyc,4,7,11
barcamporlando,1,2,3
barcamppenang,0,1,1
barcamppp,0,1,1
barcamps,0,3,3
barcampsd,2,4,6
barcampuae,1,0,1
barcanpnyc,0,1,1
barcardi,1,2,3
barce,0,1,1
barcelets,1,0,1
barcelona,97,105,202
barcelonaaa,0,1,1
barcelonaaaaa,0,1,1
barceloneta,1,0,1
barcelos,0,1,1
barces,1,0,1
barchetta,1,0,1
barchived,1,0,1
barckley,0,1,1
barclay,2,0,2
barclaycard,2,0,2
barclays,7,1,8
barclaysmuppets,0,1,1
barco,0,1,1
barcode,4,5,9
barcodes,2,1,3
bard,5,9,14
barda,2,0,2
bardasht,1,0,1
bardavon,0,1,1
bardie,2,0,2
bardo,0,1,1
bardot,3,6,9
bards,1,1,2
bardstown,1,2,3
bare,109,74,183
bareable,0,1,1
bareback,0,1,1
barechested,1,0,1
baree,1,0,1
barefaced,1,2,3
barefeet,2,2,4
barefoot,29,28,57
barefooted,2,0,2
barefootedly,1,0,1
barehanded,0,1,1
bareilles,2,10,12
barelilles,0,1,1
barelly,1,0,1
barely,835,265,1100
barelyeven,1,0,1
barelyy,2,1,3
barelyyy,1,0,1
barenaked,3,8,11
barenboim,0,1,1
bareng,4,3,7
barenonore,0,1,1
bares,1,2,3
barets,0,1,1
barf,45,8,53
barfday,0,1,1
barfed,14,3,17
barffed,2,0,2
barfield,1,3,4
barfight,0,1,1
barfin,2,0,2
barfiness,2,0,2
barfing,15,6,21
barflies,1,0,1
barflight,0,1,1
barfly,0,1,1
barfo,1,0,1
barfs,3,0,3
barful,1,0,1
barfy,5,0,5
barg,1,0,1
bargain,27,61,88
bargained,0,2,2
bargaining,3,4,7
bargainless,1,0,1
bargainous,1,1,2
bargains,12,15,27
barganing,1,0,1
barge,7,7,14
barged,4,1,5
barges,0,2,2
bargetuesday,0,1,1
bargh,1,0,1
bargian,0,1,1
bargin,1,3,4
bargined,1,0,1
barging,1,2,3
bargins,1,0,1
bargrooves,0,1,1
bargue,0,1,1
bargurion,0,1,1
barham,0,2,2
barharbor,1,0,1
barhopping,1,2,3
bari,3,1,4
bariatric,1,2,3
barichello,2,0,2
barichs,0,1,1
bariloche,1,0,1
barily,1,0,1
barina,1,0,1
baring,3,2,5
barings,1,0,1
bario,1,0,1
baris,1,0,1
barisan,1,0,1
barista,14,17,31
baristas,4,3,7
baristawannabe,1,0,1
baristopher,1,0,1
baritone,5,3,8
barium,4,0,4
bariuom,1,0,1
barjohnnys,1,0,1
bark,31,31,62
barka,1,0,1
barkaby,0,1,1
barkada,5,6,11
barkadas,0,1,1
barkadots,1,0,1
barkaloungers,0,1,1
barkarby,1,0,1
barkdust,0,1,1
barked,11,1,12
barkeep,1,0,1
barker,9,15,24
barkerday,2,4,6
barkerish,0,1,1
barkerrrrrrrrrrrrrrrrrrrrrrrrrrrrrrrrrrrrrrrrrrrrrrrrrrrrrrrrrrrrrrrrr,0,1,1
barkers,2,0,2
barkhanator,0,1,1
barkhunt,4,2,6
barkhuntfail,1,0,1
barkin,7,2,9
barking,66,38,104
barkley,6,8,14
barks,9,6,15
barksalot,0,1,1
barky,3,0,3
barkydogz,1,0,1
barkzilla,1,1,2
barlely,1,0,1
barley,32,20,52
barleycove,0,1,1
barleys,0,1,1
barlow,6,7,13
barlowgirl,1,1,2
barly,6,2,8
barm,1,1,2
barmaid,0,1,1
barman,1,2,3
barmejli,0,1,1
barmen,0,2,2
barmens,0,1,1
barmitzvah,2,0,2
barmooda,0,1,1
barmouth,1,0,1
barmy,2,1,3
barn,52,62,114
barnabas,0,2,2
barnabasss,0,1,1
barnaby,0,4,4
barnacle,1,0,1
barnacles,1,0,1
barnala,0,1,1
barname,1,0,1
barnard,1,1,2
barnardos,0,1,1
barnaroo,1,0,1
barncroft,0,1,1
barnd,0,1,1
barndancing,0,1,1
barnegg,1,0,1
barnes,40,51,91
barnet,2,7,9
barneveld,0,1,1
barney,28,46,74
barneya,0,1,1
barneys,4,3,7
barneyy,1,0,1
barnhart,0,1,1
barnicles,1,1,2
barnivore,0,1,1
barnowl,1,0,1
barns,4,5,9
barnsdall,0,1,1
barnsey,1,1,2
barnsley,4,4,8
barnstaple,1,2,3
barnster,1,0,1
barnstorm,1,0,1
barnstormers,0,1,1
barnstorming,1,0,1
barnum,0,1,1
barny,1,1,2
barnyard,1,2,3
baroda,1,2,3
baroe,0,1,1
barofolo,0,1,1
barom,0,1,1
barometer,4,1,5
barometric,5,0,5
baron,8,20,28
barona,4,1,5
baronavideocontest,0,1,1
baroners,1,0,1
baroness,0,1,1
barong,1,4,5
barons,1,2,3
baroo,0,1,1
baroq,0,1,1
baroque,2,2,4
barossa,1,2,3
baroud,0,3,3
barphing,0,1,1
barq,1,4,5
barqs,1,0,1
barquisimeto,1,0,1
barquote,0,1,1
barqy,0,1,1
barr,3,5,8
barra,0,2,2
barrabas,0,1,1
barracade,0,1,1
barrack,2,1,3
barracks,7,1,8
barracuda,1,5,6
barracudas,1,0,1
barrafina,0,1,1
barrage,8,16,24
barramundi,1,0,1
barranca,1,0,1
barranquilla,1,0,1
barratt,0,2,2
barraza,0,1,1
barre,6,5,11
barred,10,3,13
barreiro,1,0,1
barrel,47,60,107
barreling,0,2,2
barrell,3,6,9
barrels,4,7,11
barren,6,3,9
barrera,0,4,4
barres,1,1,2
barret,0,2,2
barreta,1,0,1
barretstown,0,1,1
barrett,6,13,19
barrette,1,0,1
barrhaven,1,0,1
barrhead,2,0,2
barri,0,1,1
barricade,1,1,2
barricaded,2,0,2
barricades,1,0,1
barrichello,16,3,19
barricuda,1,0,1
barrie,13,8,21
barrieee,0,1,1
barriel,1,0,1
barrier,19,26,45
barriere,1,0,1
barriers,6,4,10
barries,1,0,1
barriii,1,0,1
barrimore,1,0,1
barring,2,3,5
barrington,1,3,4
barrio,4,2,6
barrios,2,0,2
barris,0,1,1
barrista,0,3,3
barroca,0,1,1
barroga,0,1,1
barron,5,4,9
barroni,2,0,2
barrow,4,5,9
barrowed,1,0,1
barrowlands,2,1,3
barrowman,16,19,35
barrows,0,2,2
barrr,0,2,2
barrrr,0,1,1
barrrrr,0,1,1
barrrrrh,1,0,1
barrus,0,1,1
barry,59,74,133
barrymore,4,11,15
barrys,0,1,1
bars,163,182,345
barsaat,0,1,1
barse,1,0,1
barseando,0,1,1
barsexual,0,2,2
barsexuals,0,2,2
barshuuuu,1,0,1
barsluts,1,0,1
barsoda,0,1,1
barsoma,0,1,1
barsonic,0,1,1
barssss,1,0,1
barstar,0,1,1
barstool,2,1,3
barstools,1,1,2
barstow,4,2,6
bart,24,25,49
bartape,0,1,1
bartek,1,0,1
bartell,1,0,1
bartelme,0,1,1
bartels,1,0,1
bartelsville,0,1,1
bartend,1,2,3
bartender,28,31,59
bartenders,4,3,7
bartendin,0,1,1
bartending,19,21,40
barter,2,2,4
bartercard,1,0,1
barterer,1,0,1
bartering,1,5,6
barth,0,3,3
bartha,0,4,4
barthelona,1,0,1
bartimaeus,0,1,1
bartime,0,1,1
bartini,0,1,1
bartinis,2,0,2
bartista,1,0,1
bartjes,0,1,1
bartledoo,1,0,1
bartlesville,1,0,1
bartlet,0,1,1
bartlett,3,10,13
bartley,1,2,3
bartmitzvah,1,0,1
barton,10,11,21
bartos,0,1,1
bartow,0,1,1
bartram,1,0,1
barts,1,2,3
barty,0,1,1
bartz,0,1,1
baru,24,46,70
baruch,4,2,6
barudaks,0,1,1
baruffaldi,0,1,1
barusan,2,2,4
baruu,1,1,2
barvi,0,1,1
barwww,1,1,2
barz,1,1,2
barzilian,1,0,1
bas,18,16,34
basa,0,1,1
basag,0,1,1
basah,3,1,4
basal,2,1,3
basalt,0,1,1
basam,0,1,1
basang,1,0,1
basanthi,0,1,1
basanti,2,0,2
basara,1,1,2
basavanagudi,0,1,1
basball,0,3,3
basbeball,1,0,1
bascially,4,2,6
basco,1,1,2
bascom,0,1,1
basd,0,1,1
base,129,149,278
baseba,1,0,1
basebal,1,2,3
baseball,414,460,874
baseballers,0,1,1
baseballhof,1,0,1
baseballl,1,2,3
baseballs,3,4,7
baseband,4,0,4
basebar,0,1,1
baseboard,0,1,1
baseboards,0,1,1
basecamp,1,1,2
basecamped,0,1,1
basecap,1,0,1
based,278,373,651
basedmagazine,0,1,1
baseemah,0,1,1
baseggio,1,0,1
basehead,1,0,1
baseically,1,0,1
baseing,1,0,1
basejumper,0,1,1
baseketball,1,2,3
basel,4,5,9
baselessly,0,1,1
baseline,1,1,2
baseman,1,2,3
basement,199,107,306
basements,3,0,3
basemnt,1,0,1
basenji,1,0,1
basenjis,0,1,1
basenotes,0,1,1
basera,0,1,1
baserunner,1,0,1
bases,16,26,42
baseship,0,2,2
basestation,0,1,1
basetball,0,1,1
baseunit,1,0,1
basew,0,1,1
basewall,1,0,1
bash,128,109,237
basha,0,2,2
bashable,0,1,1
basham,1,0,1
basharat,0,1,1
bashcast,1,0,1
bashed,32,15,47
basheddd,1,0,1
bashenhow,0,1,1
basher,5,3,8
bashers,3,2,5
bashes,4,2,6
bashful,2,4,6
bashfulness,0,1,1
bashh,0,3,3
bashhyy,0,1,1
bashin,1,0,1
bashing,35,29,64
bashings,2,0,2
bashir,0,1,1
bashj,1,0,1
bashlayir,0,1,1
bashmash,1,0,1
bashment,2,1,3
basho,0,1,1
bashpodder,1,0,1
bashrc,0,1,1
bashy,5,7,12
bashys,0,1,1
basi,0,3,3
basia,2,2,4
basially,1,0,1
basian,0,1,1
basic,115,107,222
basicallly,0,1,1
basically,344,319,663
basicallyy,1,0,1
basicaly,4,1,5
basicially,0,1,1
basiclly,3,0,3
basicly,7,5,12
basicon,0,1,1
basics,19,36,55
basicsynth,0,1,1
basienga,0,1,1
basij,23,0,23
basiji,4,0,4
basijiha,1,0,1
basijis,1,1,2
basikal,1,0,1
basil,26,50,76
basildon,2,0,2
basilica,1,1,2
basilicata,0,1,1
basilico,0,1,1
basilicum,0,1,1
basilio,1,0,1
basilisk,1,0,1
basille,1,0,1
basilly,1,0,1
basilosaurus,0,1,1
basin,8,7,15
basing,1,3,4
basingstoke,2,3,5
basingthwaighte,1,0,1
basion,1,0,1
basis,41,61,102
bask,6,22,28
baskerville,0,1,1
basket,61,77,138
basketball,335,236,571
basketballer,0,1,1
basketballgirl,0,1,1
basketballl,2,1,3
basketballs,3,1,4
basketband,0,1,1
basketbll,1,0,1
basketbol,0,1,1
basketcase,0,1,1
basketful,2,0,2
baskets,9,21,30
basketvall,1,0,1
baskie,0,1,1
baskin,14,23,37
basking,18,39,57
basknrobbins,1,0,1
basktball,3,0,3
basletball,0,1,1
basmati,3,1,4
basment,1,1,2
basmis,0,1,1
basoneet,1,0,1
basquash,0,1,1
basque,4,6,10
basques,1,0,1
basquiat,0,1,1
bass,155,238,393
bassa,1,0,1
bassell,1,0,1
basses,1,5,6
basset,5,13,18
bassets,0,3,3
bassett,2,2,4
bassetto,0,1,1
bassey,0,1,1
bassface,2,0,2
bassh,1,0,1
basshunter,2,6,8
basshuntr,1,0,1
bassically,1,0,1
bassicly,1,0,1
bassie,0,1,1
bassignthebrfererb,0,1,1
bassik,1,0,1
bassil,1,0,1
bassille,0,1,1
bassinet,1,3,4
bassinette,0,1,1
bassing,0,1,1
bassingthwaighte,1,4,5
bassingthwaite,0,1,1
bassist,7,18,25
bassists,1,0,1
bassline,2,4,6
basslines,0,1,1
bassman,0,1,1
bassment,0,1,1
bassnectar,1,1,2
bassnector,0,1,1
basso,2,2,4
bassomatic,0,1,1
bassoon,1,2,3
bassoonist,0,1,1
bassotti,0,1,1
basspro,1,0,1
basssheesch,0,1,1
bassshhh,1,0,1
bassss,1,1,2
bassssssssssssssssssss,0,1,1
basstip,0,4,4
bassweight,0,1,1
bassy,1,1,2
bast,2,4,6
basta,3,13,16
bastaaa,1,0,1
bastaaaaaaards,0,1,1
bastante,1,2,3
bastantes,0,2,2
bastard,189,89,278
bastarda,1,0,1
bastarde,1,0,1
bastarding,2,0,2
bastardize,1,0,1
bastardized,1,1,2
bastardizing,1,1,2
bastardo,2,0,2
bastardos,2,0,2
bastards,126,37,163
bastardss,1,0,1
bastars,1,0,1
bastat,0,1,1
bastatd,0,1,1
baste,2,2,4
basted,0,2,2
basteln,0,1,1
basten,2,0,2
baster,1,3,4
basterd,1,1,2
basterdized,0,1,1
basterds,2,2,4
bastered,1,0,1
bastet,1,0,1
basti,1,3,4
bastian,1,2,3
bastid,2,1,3
bastids,2,0,2
bastien,1,1,2
bastige,1,0,1
bastila,0,1,1
bastille,1,1,2
bastion,1,1,2
bastions,1,1,2
bastis,0,1,1
baston,1,0,1
bastone,0,1,1
bastos,1,4,5
basturd,1,0,1
basucks,1,0,1
basuki,0,1,1
basyo,0,1,1
bat,113,133,246
bata,3,2,5
bataa,0,1,1
bataan,4,3,7
batagor,2,0,2
batak,2,0,2
bataknese,1,0,1
batal,3,0,3
batala,0,1,1
batali,0,2,2
batalkan,1,0,1
batalvi,0,1,1
batam,6,5,11
batang,1,0,1
batangas,10,6,16
batas,0,1,1
batasan,0,1,1
batasha,1,0,1
batatas,1,1,2
batate,1,0,1
bataya,1,0,1
batbat,1,0,1
batcave,4,4,8
batch,96,105,201
batchbook,0,1,1
batchelorette,0,1,1
batches,11,8,19
batchi,0,1,1
batchlor,1,1,2
batchlorette,1,0,1
batchmates,7,3,10
batchorlette,0,1,1
batcontrolsacramento,0,1,1
bate,4,2,6
bateau,1,1,2
batec,0,1,1
bated,0,5,5
batedbreath,0,1,1
bateee,1,0,1
bateeeeeeeeeeeu,1,0,1
batelco,0,1,1
bateman,5,0,5
batemans,1,0,1
baten,0,1,1
bater,1,0,1
baterai,1,0,1
batere,0,1,1
bateria,2,0,2
bateries,1,0,1
baterrry,2,0,2
baterry,1,0,1
baters,0,1,1
batery,5,1,6
bates,6,5,11
batesan,1,0,1
bateu,1,0,1
batfishsolutions,0,1,1
batg,1,0,1
batgirl,0,1,1
bath,482,721,1203
bathcamp,0,2,2
bathchair,1,0,1
bathday,0,1,1
bathe,23,22,45
batheaston,3,0,3
bathed,15,24,39
batheing,1,0,1
batheroom,1,0,1
bathes,3,1,4
bathford,1,0,1
bathgate,3,1,4
bathh,0,1,1
bathhh,0,1,1
bathhhh,0,2,2
bathhouse,3,1,4
bathhrooooommmm,0,1,1
bathhttiimmmeee,1,0,1
bathin,5,2,7
bathinda,0,1,1
bathing,85,95,180
bathinggg,0,1,1
bathingsuit,5,0,5
bathoil,0,1,1
bathproject,0,1,1
bathrm,1,0,1
bathrobe,0,7,7
bathrobes,0,2,2
bathroom,440,257,697
bathrooms,30,26,56
bathroon,1,0,1
bathroooom,1,0,1
baths,21,32,53
bathsalts,0,1,1
bathtime,2,2,4
bathtub,28,17,45
bathtube,0,1,1
bathtubpiracy,0,1,1
bathtubs,0,3,3
bathurst,4,3,7
bathwater,3,4,7
bathway,1,0,1
bathwick,0,1,1
bati,0,4,4
batian,0,1,1
batiin,0,1,1
batik,1,3,4
batiks,0,1,1
batin,1,0,1
bating,0,1,1
batista,11,4,15
batizado,1,1,2
batkovic,1,0,1
batman,89,125,214
batmans,2,0,2
batmat,0,1,1
batmate,0,1,1
batmen,1,0,1
batmitten,0,1,1
batmitza,1,0,1
batmobeel,1,0,1
batmobile,5,4,9
batmond,0,1,1
batna,0,1,1
batok,1,1,2
baton,15,18,33
batone,1,0,1
batonrouge,1,0,1
batons,1,1,2
batphone,0,1,1
batra,0,1,1
batre,1,2,3
batroom,0,1,1
batry,1,1,2
bats,41,30,71
batschkapp,1,0,1
batsday,1,0,1
batshit,1,2,3
batsman,0,1,1
batsmen,3,0,3
batt,41,18,59
battalion,1,1,2
battallion,0,1,1
battarai,0,1,1
battaramulla,0,1,1
battary,1,0,1
batte,0,1,1
batted,1,1,2
batteis,1,0,1
battelfeild,0,1,1
batteling,0,1,1
battement,1,0,1
batten,1,2,3
battenberg,2,0,2
batter,32,32,64
battere,1,0,1
battered,21,13,34
batterie,3,0,3
batteries,119,67,186
battering,4,3,7
batters,0,2,2
battersea,4,4,8
batteru,1,0,1
battery,972,169,1141
batteryfail,1,0,1
batterys,8,2,10
batthroom,0,1,1
batti,1,0,1
battier,1,1,2
batties,1,0,1
batting,26,23,49
battingg,0,1,1
battista,1,0,1
battistelli,0,1,1
battle,254,217,471
battleball,0,1,1
battlecat,0,1,1
battlecreek,0,1,1
battled,5,0,5
battledecks,0,1,1
battleee,0,1,1
battlefeild,0,1,1
battlefied,1,0,1
battlefield,26,92,118
battlefielddrums,0,1,1
battlefields,1,1,2
battlefleet,0,1,1
battleforge,0,1,1
battlefront,4,6,10
battlefunds,1,0,1
battlegerbils,1,0,1
battleground,13,13,26
battlegrounds,2,1,3
battlegroup,1,0,1
battlenet,2,0,2
battlenick,1,0,1
battles,20,23,43
battleship,0,6,6
battlestar,19,19,38
battlestation,0,1,1
battlestations,2,0,2
battletech,0,1,1
battletoads,1,0,1
battlez,0,1,1
battlezone,0,2,2
battling,58,13,71
batton,0,1,1
battrey,2,0,2
battry,2,0,2
batts,6,1,7
batttle,1,0,1
battttle,0,1,1
battty,1,0,1
batty,10,6,16
batu,2,3,5
batuhan,1,1,2
batuk,2,0,2
batukan,1,0,1
batuknya,2,0,2
batum,0,1,1
batut,4,0,4
batuuuk,0,1,1
batwing,1,0,1
batwoman,0,1,1
batz,0,1,1
bau,3,2,5
baubles,0,1,1
baud,1,2,3
baudcast,0,1,1
baudelaire,2,0,2
bauder,0,1,1
baudrate,0,1,1
baudrillard,2,0,2
bauer,15,22,37
bauerctu,1,0,1
baugh,0,1,1
baught,3,3,6
bauhaus,0,1,1
bauk,0,1,1
baulkham,1,0,1
baulko,0,2,2
baum,3,0,3
baumann,0,1,1
baumarkt,0,2,2
baumbach,1,0,1
baumer,0,1,1
baumholder,1,0,1
bauru,0,2,2
bausch,1,0,1
bautiful,1,2,3
bautista,1,5,6
bav,0,1,1
bavaria,4,7,11
bavarian,2,8,10
bavi,0,1,1
baw,7,3,10
bawa,5,7,12
bawaannya,1,0,1
bawadi,0,1,1
bawah,1,2,3
bawahhhh,0,1,1
bawain,0,2,2
bawal,2,3,5
bawang,1,4,5
bawarchi,1,0,1
bawas,0,1,1
bawasan,0,1,1
bawbag,0,1,1
bawdy,1,1,2
bawi,3,1,4
bawiin,1,0,1
bawkmarked,0,1,1
bawl,26,2,28
bawldguy,0,1,1
bawled,37,6,43
bawledd,1,0,1
bawlin,3,0,3
bawling,51,2,53
bawlingg,1,0,1
bawlinggg,1,0,1
bawll,1,0,1
bawlllll,1,0,1
bawls,7,3,10
bawlz,2,0,2
bawmb,0,1,1
bawrd,0,1,1
bawrie,1,0,1
baws,4,2,6
bawse,0,3,3
bawsing,0,1,1
bawston,0,1,1
bawtry,0,1,1
baww,8,1,9
bawww,6,0,6
bax,2,2,4
baxingggg,0,1,1
baxk,1,2,3
baxley,1,1,2
baxtale,0,1,1
baxter,9,7,16
baxx,1,0,1
bay,343,424,767
baya,0,2,2
bayad,1,0,1
bayamon,1,0,1
bayan,1,2,3
bayangkanlah,0,1,1
bayani,0,3,3
bayantel,1,1,2
bayar,3,3,6
bayaran,0,1,1
bayarea,1,0,1
baybaayy,0,1,1
baybay,8,19,27
baybaybay,0,1,1
baybayin,1,0,1
baybayy,0,1,1
baybayyy,0,1,1
baybe,0,2,2
baybears,0,1,1
baybeats,2,2,4
baybee,4,14,18
baybeee,2,5,7
baybeeee,1,4,5
baybeeeee,0,1,1
baybeeh,2,1,3
baybees,1,0,1
baybeez,0,1,1
baybeh,6,5,11
baybehhh,2,1,3
baybehs,0,1,1
baybey,1,0,1
baybieeee,0,1,1
baybsitting,1,0,1
baybuah,1,0,1
baybucs,0,1,1
baybuhh,0,1,1
baybyyyyyyyyyyyyyyyyy,1,0,1
baycorp,1,0,1
baydestrian,0,1,1
bayem,1,0,1
bayer,0,2,2
bayerischen,0,1,1
bayern,4,4,8
bayers,0,1,1
bayes,0,2,2
bayesian,1,0,1
bayfair,0,1,1
bayfest,0,2,2
bayfield,1,1,2
bayhawks,1,0,1
bayhey,0,1,1
baying,0,1,1
bayla,2,3,5
baylaaar,0,1,1
bayle,0,1,1
baylea,0,1,1
bayleaf,0,1,1
baylee,8,13,21
bayleigh,0,1,1
bayles,0,1,1
bayless,2,2,4
bayley,2,1,3
bayli,0,1,1
baylie,2,1,3
baylink,0,1,1
baylon,0,1,1
baylor,2,7,9
baymeadows,0,1,1
bayn,1,0,1
baynanza,1,0,1
bayne,0,1,1
baynes,0,1,1
baynews,1,0,1
bayon,1,0,1
bayonetta,1,1,2
bayonne,1,1,2
bayonneta,1,0,1
bayou,9,7,16
bayridge,1,0,1
bayross,1,0,1
bays,3,4,7
bayshore,2,2,4
baysics,0,1,1
bayside,14,12,26
baysidebaysidebaysidebayside,1,0,1
baysitting,1,0,1
bayski,0,1,1
baytee,0,1,1
baytown,5,1,6
bayview,0,1,1
baywalk,2,0,2
baywatch,4,4,8
bayybeee,1,1,2
bayyybaaah,0,1,1
bayyybayyys,0,1,1
bayyybehhh,1,0,1
bayyyy,1,1,2
bayyyyum,0,1,1
bayyyyy,1,1,2
bayyyyyybe,0,1,1
baz,7,6,13
baza,1,0,1
bazaar,9,18,27
bazaars,0,1,1
bazaarvoice,0,1,1
bazar,2,0,2
bazbiz,0,1,1
bazi,0,1,1
bazilah,0,1,1
bazilian,0,1,1
bazillion,14,13,27
bazillions,1,0,1
bazillionth,0,1,1
bazillionz,1,0,1
bazinga,2,0,2
bazmee,0,1,1
bazooka,0,3,3
bazyli,0,1,1
bazz,0,1,1
bazzas,1,0,1
bazzinga,0,1,1
bazzy,2,1,3
bb,1162,697,1859
bba,0,7,7
bbabe,1,0,1
bbaby,1,0,1
bbabyyyy,1,0,1
bback,1,0,1
bbak,0,1,1
bbal,0,1,1
bball,115,65,180
bban,0,1,1
bband,2,1,3
bbandaged,0,1,1
bbash,0,2,2
bbass,1,0,1
bbay,1,3,4
bbb,17,9,26
bbbaaaaaadddddd,0,1,1
bbbbaaaaaadddd,1,0,1
bbbbaaaaabbbbbyyyyy,0,1,1
bbbbaaaaaddd,1,0,1
bbbbaaaadddd,0,1,1
bbbbaaaaddddd,1,0,1
bbbbbb,0,1,1
bbbbbbbbooooooooooooooooooooooooooooooorrrrrrrrrrrrrrrrrrrrrrrrrrrrreeeeeeeeeeeeeeeeeddddddddddddddddddddddd,1,0,1
bbbbbboooored,1,0,1
bbbbblahhhgggg,1,0,1
bbbbbooooo,1,0,1
bbbbboooooorrrrrrrrrriiiiiiinnnnnnnnnngngggggggggggggg,1,0,1
bbbbbuuurrrrnnn,0,1,1
bbbbhhhhahahahahahah,0,1,1
bbbboooooo,1,0,1
bbbboooorrrriiinnnggg,1,0,1
bbbbq,1,0,1
bbbbrrrrrrrrr,1,0,1
bbbby,0,1,1
bbbbysit,1,0,1
bbbdddaaayyy,0,1,1
bbbeeeauuutiiiffulll,0,1,1
bbbm,1,0,1
bbbold,1,0,1
bbbooo,1,0,1
bbboooo,1,0,1
bbbooooooo,0,1,1
bbbored,0,1,1
bbbrrr,1,0,1
bbbrrrbbb,1,0,1
bbbrrrrr,1,2,3
bbbrrrrrr,0,1,1
bbbs,1,1,2
bbbuuttt,1,0,1
bbbuuummmsss,0,1,1
bbbuuuzzzzttt,0,1,1
bbby,1,4,5
bbbyy,1,0,1
bbc,267,258,525
bbca,1,0,1
bbcakes,0,1,1
bbcamerica,1,0,1
bbcb,1,0,1
bbcc,0,2,2
bbchick,1,0,1
bbci,2,1,3
bbciplayer,1,0,1
bbcnews,1,0,1
bbcode,0,1,1
bbconnect,0,1,1
bbcqt,1,1,2
bbcradio,0,1,1
bbcs,1,0,1
bbcseries,0,1,1
bbd,3,2,5
bbdc,1,0,1
bbdinger,2,0,2
bbdishers,0,1,1
bbdo,0,2,2
bbdoll,1,0,1
bbe,7,7,14
bbeat,1,1,2
bbedit,0,1,1
bbeen,0,1,1
bbelated,0,1,1
bbelive,1,0,1
bbem,0,1,1
bber,1,0,1
bberapa,1,0,1
bberrrry,0,1,1
bberry,52,24,76
bbery,1,0,1
bbes,2,0,2
bbetelgeuse,0,1,1
bbeths,0,1,1
bbey,1,0,1
bbf,11,25,36
bbfe,0,1,1
bbff,2,2,4
bbg,0,3,3
bbgirl,0,1,1
bbgood,1,0,1
bbgun,1,0,1
bbh,2,1,3
bbhc,0,1,1
bbhurplolz,1,0,1
bbiab,1,5,6
bbies,2,0,2
bbing,1,0,1
bbird,0,1,1
bbj,1,1,2
bbjave,0,1,1
bbjt,1,0,1
bbk,1,2,3
bbkcrew,0,1,1
bbkings,0,2,2
bbl,49,100,149
bblaaaarrrrrggghhhhh,1,0,1
bblahh,1,0,1
bblb,6,6,12
bbless,1,0,1
bblo,0,1,1
bblover,0,1,1
bbltwts,1,0,1
bbm,131,62,193
bbmak,0,3,3
bbmed,3,0,3
bbmer,1,0,1
bbming,1,0,1
bbml,0,1,1
bbms,8,0,8
bbmwednesday,0,1,1
bbn,0,1,1
bbone,1,0,1
bbooo,4,1,5
bboooonnkers,1,0,1
bboooorriinnggg,1,0,1
bboorreedd,1,0,1
bboozle,1,0,1
bboredr,0,1,1
bboring,1,0,1
bboy,1,1,2
bboyce,0,1,1
bbp,0,2,2
bbpbea,0,2,2
bbplan,1,0,1
bbpmeet,1,0,1
bbpress,1,3,4
bbq,871,1526,2397
bbqd,1,1,2
bbqed,1,2,3
bbqin,2,1,3
bbqing,12,23,35
bbqs,13,32,45
bbqx,1,0,1
bbqy,0,1,1
bbqz,1,1,2
bbr,5,0,5
bbra,0,1,1
bbrash,0,1,1
bbrin,0,1,1
bbring,0,1,1
bbroke,1,0,1
bbrother,0,1,1
bbrr,1,0,1
bbrriiitch,0,1,1
bbrrpp,1,0,1
bbrs,0,1,1
bbruh,0,1,1
bbrush,1,0,1
bbs,41,26,67
bbsa,1,0,1
bbsing,1,0,1
bbsipodtouchhelps,0,1,1
bbsit,1,0,1
bbstorm,0,1,1
bbt,5,12,17
bbtheme,0,1,1
bbtiin,0,1,1
bbtrans,0,1,1
bbu,0,1,1
bbuck,1,0,1
bbuk,0,3,3
bbules,0,1,1
bbumppy,0,1,1
bburg,2,0,2
bbut,5,1,6
bbutton,3,0,3
bbuutt,1,0,1
bbuuutttt,1,0,1
bbv,2,1,3
bbvag,1,0,1
bbw,0,7,7
bbwahaha,1,0,1
bbwl,4,0,4
bbworld,0,1,1
bbxxx,0,2,2
bby,105,125,230
bbyboo,0,2,2
bbyboy,2,0,2
bbyboyyyy,0,1,1
bbycakes,0,3,3
bbycakezzzz,0,1,1
bbycks,2,2,4
bbycuz,0,1,1
bbydolls,0,1,1
bbye,5,12,17
bbygirl,1,4,5
bbygirlllll,0,1,1
bbygrl,3,2,5
bbygurl,1,1,2
bbyhank,1,0,1
bbym,2,0,2
bbys,4,5,9
bbyshower,0,3,3
bbysit,1,1,2
bbysittin,1,0,1
bbysitting,0,1,1
bbysittr,1,0,1
bbyxvivian,1,0,1
bbyy,0,2,2
bbyyyy,0,1,1
bbyyyyyy,0,1,1
bbz,10,17,27
bc,814,292,1106
bca,1,1,2
bcak,1,0,1
bcame,1,0,1
bcanda,0,1,1
bcard,0,1,1
bcareful,0,1,1
bcause,28,11,39
bcb,0,1,1
bcbg,4,5,9
bcbmore,1,0,1
bcbst,1,0,1
bcc,3,14,17
bccc,1,0,1
bccg,1,0,1
bcci,1,0,1
bcd,5,2,7
bce,0,3,3
bcf,1,0,1
bcfjrepwlsxjfru,1,0,1
bcfm,1,0,1
bcg,1,0,1
bcgirl,0,1,1
bch,2,6,8
bchase,1,0,1
bchill,1,0,1
bchs,2,0,2
bchyw,0,1,1
bci,2,1,3
bcis,1,0,1
bcit,3,1,4
bcitw,0,1,1
bck,102,53,155
bckgrnd,2,1,3
bckgrnt,0,1,1
bckground,2,1,3
bcking,0,1,1
bckkk,1,0,1
bcks,1,0,1
bckup,1,0,1
bckwrds,0,1,1
bcl,0,2,2
bcla,0,1,1
bcleed,0,1,1
bcleeds,11,12,23
bclove,0,1,1
bclub,5,4,9
bclubday,0,1,1
bclubonline,0,1,1
bcm,4,4,8
bcmctzzttbsb,0,1,1
bcme,0,1,1
bcmt,0,1,1
bcn,20,9,29
bcnh,0,1,1
bcome,4,5,9
bcoming,1,0,1
bcoms,1,0,1
bcon,1,1,2
bcont,0,1,1
bcooper,0,1,1
bcos,24,20,44
bcoz,44,26,70
bcp,7,2,9
bcpid,1,0,1
bcq,1,0,1
bcr,1,2,3
bcrearmed,1,0,1
bcreative,1,0,1
bcs,8,8,16
bcsd,1,4,5
bcse,1,1,2
bcspca,0,1,1
bcstv,0,1,1
bct,4,0,4
bctid,1,0,1
bcto,2,2,4
bcu,1,1,2
bcuhz,1,0,1
bcum,1,3,4
bcus,12,3,15
bcuz,151,57,208
bcv,2,0,2
bcw,0,1,1
bcyl,0,1,1
bcz,19,10,29
bd,39,50,89
bda,1,2,3
bdaaaaaaaaaaaaaay,0,1,1
bdaaaaaay,0,1,1
bdaaaaay,0,1,1
bdaaayy,0,1,1
bdae,1,7,8
bdaee,0,1,1
bdah,1,0,1
bdai,0,1,1
bdaii,0,1,1
bdat,0,1,1
bday,1081,1636,2717
bdaybash,1,0,1
bdays,15,24,39
bdaysex,0,1,1
bdaytweetup,0,1,1
bdayy,1,8,9
bdayyy,1,3,4
bdayyyy,1,2,3
bdayyyyyy,1,0,1
bdb,0,2,2
bdba,1,0,1
bdc,2,2,4
bdd,1,3,4
bden,1,3,4
bdenich,0,1,1
bdens,1,0,1
bdf,3,2,5
bdg,3,2,5
bdge,1,1,2
bdgs,2,0,2
bdguishd,1,0,1
bdhaving,1,0,1
bdi,1,0,1
bdii,0,1,1
bdin,1,0,1
bdix,0,1,1
bdizzle,0,1,1
bdk,0,1,1
bdn,1,0,1
bdnnya,0,1,1
bdo,2,1,3
bdooey,1,0,1
bdothers,0,1,1
bdoyl,1,0,1
bdp,0,1,1
bdq,0,1,1
bdr,0,1,1
bdrm,4,6,10
bdrooms,0,1,1
bds,2,0,2
bdsm,6,3,9
bdubs,8,5,13
bdule,3,0,3
bdupis,0,1,1
bdw,4,4,8
bdy,1,1,2
be,58616,54480,113096
bea,82,74,156
beaaa,0,1,1
beaaaa,1,0,1
beaaaaaach,2,0,2
beaaaaast,0,1,1
beaaaaccchhhhh,1,0,1
beaaaacchhhh,1,0,1
beaaaach,0,1,1
beaaaanssss,0,1,1
beaaaautiful,0,2,2
beaaachhhh,0,1,1
beaaarrr,1,0,1
beaaarrrr,1,0,1
beaaat,1,1,2
beaaauuutiful,0,1,1
beaaauuuutiful,0,1,1
beaach,1,1,2
beaat,1,1,2
beababy,1,0,1
beable,9,2,11
beacause,7,6,13
beacccch,0,2,2
beacccchhh,0,1,1
beaccch,1,1,2
beaccchhhhh,0,1,1
beaccchhhhhhh,0,1,1
beacchhh,1,0,1
beace,0,1,1
beach,2745,3097,5842
beacham,0,1,1
beachams,1,0,1
beachball,4,3,7
beachballed,2,0,2
beachballing,1,0,1
beachbar,0,2,2
beachbarcamp,0,1,1
beachbeachbeachbeach,1,0,1
beachberries,1,0,1
beachbody,0,17,17
beachboys,1,0,1
beachbreak,0,1,1
beachbum,0,1,1
beachbums,0,1,1
beachburnbob,0,1,1
beachcomber,1,0,1
beachday,1,1,2
beache,0,2,2
beached,30,4,34
beacher,1,0,1
beachers,1,0,1
beaches,70,61,131
beachface,0,1,1
beachfest,1,0,1
beachfront,0,3,3
beachgirls,0,1,1
beachgrl,1,1,2
beachh,7,21,28
beachhh,6,12,18
beachhhh,5,9,14
beachhhhh,1,3,4
beachhhhhhhhhhhhhhhhhhhhh,0,1,1
beachhouse,0,1,1
beachhouseee,1,0,1
beachie,1,0,1
beachies,1,0,1
beachin,2,13,15
beaching,2,10,12
beachinggg,0,1,1
beachlands,1,0,1
beachlover,0,1,1
beachparty,1,1,2
beachs,1,2,3
beachshag,0,1,1
beachside,2,4,6
beachum,0,1,1
beachview,0,1,1
beachvolley,1,4,5
beachvolleyball,0,1,1
beachweek,0,1,1
beachwood,1,2,3
beachy,7,6,13
beack,2,1,3
beacon,16,26,42
beaconhotel,1,0,1
beacons,0,1,1
beacose,1,0,1
beacoup,0,1,1
beacoups,0,1,1
beacuesa,1,0,1
beacuse,15,9,24
bead,18,20,38
beadazzle,1,1,2
beadbury,0,1,1
beaded,3,6,9
beaders,1,0,1
beadfest,0,1,1
beadiful,0,1,1
beading,4,9,13
beadle,1,0,1
beadmaker,1,0,1
beadn,1,1,2
beado,0,1,1
beads,26,50,76
beadshaped,0,1,1
beadwork,0,1,1
beadworks,0,1,1
beady,2,1,3
beaf,1,0,1
beaff,1,0,1
beagie,1,0,1
beagle,28,19,47
beagleboard,0,1,1
beagles,0,4,4
beagly,0,1,1
beah,0,2,2
beahtuful,0,1,1
beaing,2,0,2
beaitiful,0,1,1
beak,16,13,29
beaker,3,1,4
beakes,1,0,1
beakfast,0,1,1
beaking,1,0,1
beakmans,0,1,1
beaks,1,1,2
beal,1,0,1
beale,1,8,9
beales,1,0,1
bealive,1,0,1
beall,1,1,2
beals,1,0,1
bealtes,0,1,1
beam,19,41,60
beamed,4,8,12
beamer,3,7,10
beamiest,0,1,1
beamin,2,1,3
beaming,8,22,30
beamish,1,0,1
beammmin,0,1,1
beamon,1,0,1
beams,4,11,15
beamseeyy,0,1,1
beamz,0,1,1
bean,137,173,310
beana,1,2,3
beanbag,1,5,6
beanbags,4,0,4
beanball,1,0,1
beancurd,1,0,1
beaned,1,0,1
beanee,0,1,1
beaner,1,2,3
beanery,3,0,3
beanhaus,1,0,1
beani,0,1,1
beanie,26,31,57
beanies,2,9,11
beanith,0,1,1
beanless,1,0,1
beann,0,1,1
beannie,1,0,1
beano,2,5,7
beans,169,242,411
beansie,0,1,1
beansnig,0,1,1
beansprout,1,0,1
beanss,1,0,1
beanstalk,1,2,3
beantown,14,20,34
beantownbulldogs,0,1,1
beantownian,1,0,1
beantownland,1,0,1
beantownn,0,1,1
beanut,0,1,1
beany,0,1,1
beanyehesfriggenhot,0,1,1
beanz,1,2,3
bear,461,421,882
beara,0,1,1
bearable,19,29,48
bearah,1,0,1
bearbats,0,1,1
bearbrand,1,0,1
bearbrick,0,2,2
bearbucks,1,0,1
bearclaw,0,1,1
beard,125,89,214
beardage,1,0,1
beardathon,0,1,1
beardburk,0,1,1
bearded,11,16,27
beardesly,1,0,1
beardface,1,1,2
beardfish,1,0,1
beardie,1,0,1
beardies,1,0,1
beardless,1,1,2
beardlsee,1,0,1
beardoctor,0,1,1
beards,7,16,23
beardsley,1,0,1
beardtongue,0,1,1
beardy,0,1,1
beardyman,2,0,2
bearears,0,1,1
bearenhiemer,0,1,1
bearer,11,3,14
bearers,2,0,2
bearface,1,0,1
bearfoot,1,0,1
beargryllsmyhero,0,1,1
bearhug,1,0,1
bearhugs,0,1,1
bearing,13,8,21
bearingpoint,0,1,1
bearings,8,5,13
bearish,0,2,2
beark,2,0,2
bearly,10,4,14
bearnos,1,0,1
bearonicas,0,1,1
bearpaw,1,0,1
bearpride,0,1,1
bearr,0,1,1
bearrings,1,0,1
bearrr,1,1,2
bearry,1,0,1
bears,132,142,274
bearshare,1,1,2
bearskin,2,0,2
bearsss,0,1,1
bearsssss,1,0,1
beartai,0,3,3
bearth,0,1,1
bearworld,0,1,1
beary,1,7,8
bearyness,0,1,1
beasides,1,0,1
beasley,4,1,5
beast,105,170,275
beastah,0,1,1
beasted,3,5,8
beastenders,0,1,1
beastiality,1,0,1
beastie,9,16,25
beastieboys,0,1,1
beastier,0,1,1
beasties,2,7,9
beastiiiiin,0,1,1
beastin,5,3,8
beasting,2,3,5
beastingggggg,1,0,1
beastings,1,0,1
beastly,6,15,21
beastmaster,0,1,1
beasts,6,15,21
beastt,0,2,2
beasttracker,1,0,1
beastttt,0,2,2
beasty,4,4,8
beastypops,1,0,1
beasy,0,1,1
beat,992,1241,2233
beata,1,1,2
beatards,0,1,1
beatbox,2,8,10
beatboxing,1,3,4
beatboxn,1,0,1
beatbutcha,2,0,2
beatch,0,1,1
beatches,1,0,1
beatdown,4,1,5
beate,1,4,5
beated,0,1,1
beaten,98,41,139
beater,8,15,23
beaters,5,5,10
beatery,1,0,1
beatfreaks,4,2,6
beatfreakz,1,0,1
beath,0,1,1
beathe,1,0,1
beathing,1,0,1
beathroom,1,0,1
beati,0,1,1
beatiful,19,42,61
beatifull,1,4,5
beatign,1,0,1
beatin,11,10,21
beating,154,128,282
beatings,5,2,7
beatitudes,0,1,1
beatksking,1,0,1
beatla,1,3,4
beatle,5,8,13
beatlemaina,0,1,1
beatlemania,1,0,1
beatlemaniac,0,1,1
beatles,81,213,294
beatlesforeva,0,1,1
beatlesradio,1,0,1
beatlesrockband,0,1,1
beatmagic,0,1,1
beatmania,2,1,3
beatminerz,0,1,1
beatnation,1,0,1
beatnik,0,1,1
beatpatrol,0,1,1
beatport,3,10,13
beatrice,4,2,6
beatrix,2,3,5
beatriz,0,1,1
beats,143,280,423
beatsdigital,0,2,2
beatsss,1,0,1
beatt,0,1,1
beatthesun,0,2,2
beattie,1,2,3
beattle,0,1,1
beattrix,1,0,1
beatty,1,0,1
beatuful,0,1,1
beatuiful,0,2,2
beatup,1,1,2
beatweetup,3,3,6
beatwittyparty,10,12,22
beaty,3,1,4
beatyful,2,0,2
beatz,2,4,6
beatzboyproductionsllc,0,2,2
beatzz,1,0,1
beau,31,40,71
beaubourg,0,1,1
beaucause,1,0,1
beauchamp,1,0,1
beaucoup,5,5,10
beaucoups,1,0,1
beaufort,3,2,5
beauiful,0,1,1
beauitful,8,5,13
beauitiful,1,0,1
beaultiful,1,0,1
beaumaris,1,0,1
beaumont,10,5,15
beaunae,0,1,1
beaune,1,0,1
beaurocracy,1,0,1
beaus,1,1,2
beause,2,2,4
beausejour,1,0,1
beaut,7,13,20
beaute,1,0,1
beauteeeful,0,1,1
beauteous,0,2,2
beautey,0,1,1
beautfiful,1,0,1
beautfiul,2,0,2
beautful,2,8,10
beautfull,0,1,1
beauti,0,1,1
beautibul,0,1,1
beautician,4,2,6
beauticontrol,0,1,1
beauties,4,16,20
beautifaul,0,1,1
beautifful,0,1,1
beautiffull,0,1,1
beautification,0,4,4
beautified,1,3,4
beautifil,0,2,2
beautifl,0,1,1
beautiflul,0,1,1
beautifoul,1,0,1
beautifu,0,1,1
beautiful,2239,6249,8488
beautifulcha,0,1,1
beautifulday,1,2,3
beautifuleyes,0,2,2
beautifull,14,43,57
beautifulll,2,3,5
beautifullll,1,1,2
beautifulllll,1,2,3
beautifulllllll,0,1,1
beautifullllllll,0,1,1
beautifullllllllll,0,2,2
beautifullllllllllllllllllllll,0,1,1
beautifullllllly,1,0,1
beautifully,25,78,103
beautifulness,1,4,5
beautifuls,0,3,3
beautifulsoup,0,1,1
beautifulsunny,0,1,1
beautifuly,0,3,3
beautifulylost,3,4,7
beautifuul,1,0,1
beautifuuuull,1,0,1
beautifuuuullllll,0,1,1
beautifuuuuuul,0,1,1
beautify,1,2,3
beautifying,0,4,4
beautifyl,1,1,2
beautigul,0,1,1
beautiiful,0,1,1
beautiifullyy,0,1,1
beautiiifuuul,1,0,1
beautika,0,1,1
beautilful,1,0,1
beautimous,1,0,1
beautiness,0,1,1
beautique,0,1,1
beautiufl,0,1,1
beautiul,0,3,3
beauts,0,1,1
beauttifuls,1,0,1
beautuful,0,1,1
beautufull,0,1,1
beautull,0,1,1
beauty,166,466,632
beautyblog,0,1,1
beautybybrooke,0,1,1
beautyful,4,6,10
beautyfulbriit,1,0,1
beautyfull,2,2,4
beautygirls,0,1,1
beautyinwonderland,1,0,1
beautyland,0,1,1
beautys,0,2,2
beautysleep,0,1,1
beautystat,0,1,1
beautyween,0,1,1
beautyy,0,1,1
beauutiful,1,1,2
beauutifull,0,1,1
beauutifuuul,0,1,1
beauuutiful,1,3,4
beauuutiiifullll,0,1,1
beauuuutiful,1,3,4
beauuuutiiifulll,0,1,1
beauuuuutiful,0,3,3
beauuuuuuuuutiful,0,1,1
beauvais,0,1,1
beaux,0,1,1
beav,3,0,3
beaver,18,15,33
beavercreek,0,1,1
beavering,0,1,1
beaverrrr,0,1,1
beavers,4,9,13
beaverton,3,0,3
beavis,8,3,11
beavon,0,1,1
beavs,2,0,2
beavz,1,0,1
beaw,2,0,2
beaytiful,1,1,2
beaytyful,0,1,1
beaz,1,0,1
beazleys,0,1,1
beb,14,17,31
beba,1,1,2
bebackl,0,1,1
bebacklater,0,1,1
beban,1,1,2
bebas,0,4,4
bebasss,0,1,1
bebauchery,1,0,1
bebbb,0,1,1
bebbi,1,0,1
bebby,1,0,1
bebe,65,35,100
bebedawl,1,0,1
bebee,0,1,1
bebeeek,1,0,1
bebeees,1,0,1
bebeh,4,0,4
bebehhhh,1,0,1
bebeisis,0,1,1
bebek,3,3,6
bebeko,0,1,1
bebel,3,0,3
bebem,2,0,2
bebeo,0,1,1
bebep,1,0,1
beber,0,1,1
bebersih,1,0,1
bebes,3,6,9
bebeto,0,2,2
bebetooo,0,1,1
bebez,1,0,1
bebi,1,2,3
bebih,1,0,1
bebii,1,0,1
bebinam,1,0,1
beblessed,0,1,1
bebo,108,120,228
beboers,1,0,1
beboing,0,4,4
beboo,1,0,1
bebook,1,0,1
beboonggg,1,0,1
beboooo,1,0,1
bebop,6,9,15
bebos,1,2,3
bebot,1,2,3
bebothered,1,0,1
bebots,1,0,1
bebox,0,1,1
bebrands,1,0,1
bebs,0,1,1
bebsi,0,1,1
bebte,0,1,1
beby,3,0,3
bebzo,0,1,1
bebzz,1,0,1
bec,46,54,100
beca,5,1,6
becaa,0,1,1
becaaaaaaaause,0,1,1
becaaause,0,1,1
becaase,0,1,1
becaause,1,2,3
becac,0,1,1
becafeful,0,1,1
becafest,1,0,1
becaise,1,0,1
became,169,188,357
becaouse,1,0,1
becard,1,0,1
becareful,2,7,9
becas,1,0,1
becase,5,2,7
becasue,18,5,23
becasuehe,0,1,1
becasuse,0,2,2
becauae,0,1,1
becauase,1,0,1
becauce,1,0,1
becaue,3,3,6
becaues,4,0,4
becaure,0,1,1
becaus,4,2,6
because,8635,4995,13630
becausec,0,1,1
becauseeeee,0,1,1
becauseeeeeeeeee,1,0,1
becauseeeeeeeeeeeeeee,1,0,1
becausei,3,1,4
becauseifound,0,1,1
becauseimtaylor,0,2,2
becauseiowe,0,2,2
becauseit,1,0,1
becauseitsgreen,1,0,1
becauses,1,0,1
becausethen,1,0,1
becausetheycanband,0,2,2
becausew,1,0,1
becauseyou,1,0,1
becausr,0,1,1
becausue,1,0,1
becauuuse,1,0,1
becauuuuuuuuuuuse,1,0,1
becbec,1,2,3
becc,0,2,2
becca,75,90,165
beccaaaaaa,1,0,1
beccabobhop,0,1,1
beccabomhouer,1,0,1
beccaboov,0,1,1
beccaface,1,0,1
beccah,1,0,1
beccas,3,5,8
beccccaaaa,1,0,1
becci,3,2,5
beccy,3,2,5
beccys,1,0,1
becdizzle,0,1,1
becel,3,0,3
beceremem,1,0,1
bech,0,2,2
becha,1,0,1
bechechi,1,0,1
becher,1,0,1
becherovka,1,0,1
beches,0,1,1
beck,27,45,72
becka,2,9,11
beckah,0,1,1
beckenham,0,1,1
beckenlehner,0,1,1
beckens,2,0,2
becker,5,9,14
becket,1,0,1
beckett,17,16,33
beckette,0,1,1
becketts,1,0,1
beckey,2,0,2
beckford,2,1,3
beckham,6,10,16
beckhams,1,0,1
becki,1,4,5
beckie,4,6,10
beckiebobs,0,1,1
beckieee,1,0,1
beckies,0,1,1
beckii,1,1,2
beckinsale,3,4,7
beckkkyy,0,1,1
beckky,1,0,1
beckkyy,0,1,1
beckles,1,0,1
beckley,3,1,4
beckman,1,0,1
beckmann,2,0,2
beckon,8,3,11
beckonage,1,0,1
beckoned,0,1,1
beckoning,2,2,4
beckons,31,19,50
becks,11,9,20
beckwith,0,1,1
becky,66,79,145
beckybaldness,0,1,1
beckymilan,0,2,2
beckynator,0,1,1
beckys,4,3,7
beckyyy,1,2,3
beckyyyy,0,1,1
beckz,2,0,2
becme,0,1,1
beco,1,0,1
becok,1,0,1
becom,2,0,2
become,612,702,1314
becomed,1,0,1
becomee,1,0,1
becomes,88,98,186
becomin,4,4,8
becoming,288,282,570
becomming,4,2,6
becoms,1,0,1
beconase,2,0,2
becontree,0,1,1
becos,14,6,20
becose,1,0,1
becouse,9,4,13
becox,1,0,1
becoz,21,18,39
becreative,0,1,1
becs,3,3,6
becsuse,1,0,1
becta,2,1,3
bectoo,0,1,1
becu,1,0,1
becuase,68,31,99
becucci,0,1,1
becue,1,0,1
becum,1,3,4
becus,5,3,8
becuse,8,0,8
becusss,1,0,1
becusz,1,0,1
becuz,94,47,141
becuzz,0,1,1
becy,0,1,1
becz,0,1,1
bed,12391,9870,22261
beda,9,13,22
bedah,0,1,1
bedain,1,0,1
bedalii,0,1,1
bedan,1,1,2
bedankt,0,1,1
bedanya,0,1,1
bedard,0,1,1
beday,0,1,1
bedazzle,2,1,3
bedazzled,1,4,5
bedazzler,1,0,1
bedazzlers,0,1,1
bedb,1,0,1
bedbed,1,0,1
bedbound,1,0,1
bedbuddie,0,1,1
bedbugs,5,14,19
bedbugson,1,0,1
bedbury,1,0,1
bedchamber,0,1,1
bedclothes,1,0,1
bedcover,0,1,1
bedcovers,0,1,1
bedd,24,59,83
bedda,1,1,2
beddah,1,0,1
beddd,21,27,48
bedddd,17,17,34
beddddd,7,3,10
bedddddd,4,3,7
beddddddd,0,1,1
beddddddddd,0,1,1
bedddddddddd,0,1,1
bedddddddddddd,0,1,1
beddddddddddddddddddddddddddddddddddd,1,0,1
bedddtimee,0,1,1
bedddy,1,1,2
bedded,0,1,1
bedder,1,2,3
beddie,1,5,6
beddiebye,0,1,1
beddies,2,2,4
bedding,24,21,45
beddingfield,1,0,1
beddings,0,2,2
beddingtons,1,0,1
beddy,18,39,57
beddybaws,1,0,1
beddyby,0,1,1
beddybye,0,2,2
beddybyes,1,1,2
bedelia,0,3,3
bedes,0,1,1
bedevil,0,1,1
bedevrything,1,0,1
bedfail,1,0,1
bedfidsha,1,0,1
bedfightt,0,1,1
bedfont,1,1,2
bedford,8,14,22
bedfords,0,1,1
bedfordshire,2,5,7
bedforshire,1,0,1
bedhair,1,1,2
bedhead,1,6,7
bedheady,0,1,1
bedi,0,1,1
bedibyes,0,1,1
bedilia,0,2,2
bedingfield,5,6,11
bedingfields,0,1,1
bedl,0,1,1
bedlam,0,2,2
bedlight,0,1,1
bedlington,0,1,1
bedlinnen,0,1,1
bedm,0,1,1
bedmate,1,0,1
bedminster,1,0,1
bedodododoo,0,1,1
bedok,4,5,9
bedol,0,1,1
bedoodoodoo,0,1,1
bedouin,3,2,5
bedpartner,1,0,1
bedpost,2,0,2
bedraggled,2,1,3
bedrest,10,4,14
bedridden,6,1,7
bedrm,2,0,2
bedrocc,1,0,1
bedrock,1,3,4
bedrom,1,0,1
bedroom,283,209,492
bedrooms,10,14,24
bedrooooom,0,1,1
bedros,0,1,1
bedrrom,0,1,1
beds,62,61,123
bedscenes,1,0,1
bedset,1,1,2
bedsheet,2,0,2
bedsheets,3,7,10
bedside,10,4,14
bedski,1,0,1
bedsores,1,0,1
bedspread,1,2,3
bedss,1,0,1
bedstead,1,0,1
bedstefars,0,1,1
bedstuy,0,1,1
bedtime,324,405,729
bedtimee,1,0,1
bedtimeee,1,4,5
bedtimeeee,2,1,3
bedtimeeeee,1,0,1
bedtimeeeeee,0,1,1
bedtimeish,0,1,1
bedtimes,6,12,18
bedtimmme,0,1,1
bedtiome,1,0,1
beduaan,0,1,1
bedussey,1,0,1
bedwaiting,1,0,1
bedward,0,1,1
bedwetters,0,1,1
bedwritten,1,0,1
bedx,0,1,1
bedy,0,2,2
bedybye,1,0,1
bedz,0,1,1
bee,274,278,552
beeaaaches,0,1,1
beeaaachhh,0,1,1
beeaamm,0,1,1
beeaassttt,0,1,1
beeach,2,2,4
beeads,1,0,1
beeakfast,1,0,1
beeast,0,1,1
beeasy,3,0,3
beeatch,0,3,3
beeautiful,0,2,2
beeauttifuull,0,1,1
beeb,13,16,29
beebbeebbeebbeebbeebbeeb,0,1,1
beebe,1,1,2
beebee,2,2,4
beebi,0,1,1
beebisss,1,0,1
beebo,0,1,1
beeboo,1,0,1
beebop,1,0,1
beebs,1,2,3
beebz,2,1,3
beebzlekin,0,1,1
beeca,1,0,1
beecake,0,2,2
beecause,1,0,1
beech,2,3,5
beechams,6,0,6
beecher,0,1,1
beeches,0,3,3
beeching,0,1,1
beecullen,0,1,1
beed,7,7,14
beeda,0,1,1
beeday,1,0,1
beedd,2,0,2
beedddddd,1,1,2
beeden,0,1,1
beedhi,0,1,1
beedle,0,1,1
beedoodles,0,1,1
beedyo,1,0,1
beee,6,8,14
beeeaaaaaauuuuutttifulllllllllll,0,1,1
beeeaaach,1,0,1
beeeaaautiful,0,1,1
beeeaacchh,0,1,1
beeeach,1,2,3
beeeat,0,1,1
beeeautiful,1,2,3
beeeautifuul,0,1,1
beeeches,0,1,1
beeed,2,1,3
beeeday,1,0,1
beeedd,0,1,1
beeedddd,0,1,1
beeedooodooodooo,0,1,1
beeee,7,6,13
beeeeaaaaatooooo,1,0,1
beeeeaaacch,0,1,1
beeeeaaat,0,1,1
beeeeach,1,1,2
beeeeast,0,1,1
beeeeautiful,0,5,5
beeeeby,1,0,1
beeeed,2,3,5
beeeeddddd,0,1,1
beeeee,5,5,10
beeeeeaaach,0,1,1
beeeeeaautiful,0,1,1
beeeeeautiful,0,3,3
beeeeed,2,1,3
beeeeeddd,1,0,1
beeeeedddddd,0,1,1
beeeeeddddddd,1,0,1
beeeeee,1,1,2
beeeeeeaaassstteddd,1,0,1
beeeeeeach,0,1,1
beeeeeeatles,0,1,1
beeeeeed,2,0,2
beeeeeee,1,1,2
beeeeeeeach,1,0,1
beeeeeeed,0,1,1
beeeeeeeed,0,1,1
beeeeeeeeeach,1,0,1
beeeeeeeeeeaaaaach,0,1,1
beeeeeeeeeeach,1,0,1
beeeeeeeeeee,1,0,1
beeeeeeeeeeeeee,1,0,1
beeeeeeeeeeeeeeast,0,1,1
beeeeeeeeeeeeeejos,0,1,1
beeeeeeeeeeeeeest,0,1,1
beeeeeeeeeeeer,0,1,1
beeeeeeeeel,0,1,1
beeeeeeeeettttttthhhhhhhh,0,1,1
beeeeeeees,0,1,1
beeeeeeen,1,0,1
beeeeeeennnn,1,0,1
beeeeeeento,0,1,1
beeeeeeep,1,0,1
beeeeeeestest,0,1,1
beeeeeeeyatch,0,1,1
beeeeeeezzzzz,1,0,1
beeeeeef,0,1,1
beeeeeen,2,0,2
beeeeeest,0,1,1
beeeeehh,1,0,1
beeeeelieveeeee,1,0,1
beeeeelive,0,1,1
beeeeem,0,1,1
beeeeen,5,1,6
beeeeep,0,1,1
beeeeer,0,2,2
beeeeest,0,1,1
beeeeeste,0,1,1
beeeeetttttchhhhhh,0,1,1
beeeeeyotch,0,1,1
beeeefs,0,1,1
beeeehhh,0,1,1
beeeeijos,0,1,1
beeeem,0,3,3
beeeen,2,5,7
beeeennn,0,1,1
beeeep,1,0,1
beeeerrrrr,1,0,1
beeeerryyyyy,1,0,1
beeeessst,0,1,1
beeeesssttt,0,1,1
beeeest,0,4,4
beeeeyotcch,0,1,1
beeeeyotch,1,0,1
beeehave,0,1,1
beeeijo,1,0,1
beeeijos,1,0,1
beeelev,1,0,1
beeelll,1,0,1
beeem,1,0,1
beeen,20,16,36
beeenn,1,0,1
beeennnn,1,0,1
beeeotch,0,1,1
beeep,0,1,1
beeerrrayyyy,0,1,1
beeerrrryyy,1,0,1
beeesh,0,1,1
beeest,0,3,3
beeesy,1,0,1
beeetch,3,1,4
beeets,1,0,1
beeetzz,1,0,1
beeeyotch,0,1,1
beeeyyaaatch,1,0,1
beef,128,196,324
beefacon,1,1,2
beefam,1,0,1
beefaroni,2,0,2
beefball,1,0,1
beefcake,2,2,4
beefcakes,0,1,1
beefeater,0,1,1
beefeaters,0,1,1
beefed,4,0,4
beefee,0,1,1
beefie,1,0,1
beefin,12,0,12
beefing,2,1,3
beefjerky,0,1,1
beefn,2,2,4
beefs,4,0,4
beefsteak,0,2,2
beefsteakrice,0,1,1
beefy,9,5,14
beeg,1,0,1
beegames,0,1,1
beegees,1,3,4
beegin,0,1,1
beeh,0,1,1
beehem,1,0,1
beehive,4,14,18
beehoon,4,1,5
beehtoven,0,1,1
beeijo,0,2,2
beeijocas,0,1,1
beein,3,2,5
beeing,29,8,37
beej,1,0,1
beejays,0,1,1
beejeezuz,1,0,1
beejive,31,2,33
beejiveim,1,2,3
beek,2,1,3
beekeeper,0,2,2
beekeepers,0,1,1
beekeeping,3,0,3
beeker,0,1,1
beekman,0,1,1
beeks,1,0,1
beekse,0,1,1
beeline,0,1,1
beellly,1,0,1
beelox,1,0,1
beelu,1,0,1
beelzenef,1,0,1
beem,1,6,7
beeman,1,1,2
beemas,0,1,1
beemason,0,1,1
beemer,0,3,3
beemers,1,0,1
beeming,0,1,1
beemp,0,1,1
been,20247,13400,33647
beena,2,0,2
beendet,1,2,3
beene,0,1,1
beeng,1,0,1
beenie,0,4,4
beening,4,1,5
beenlistening,0,1,1
beenlonger,1,0,1
beenmydream,1,0,1
beenn,1,1,2
beenpaid,0,1,1
beenraining,1,0,1
beens,1,0,1
beenseeig,0,1,1
beensweating,0,1,1
beento,1,0,1
beentown,0,1,1
beeny,1,1,2
beenz,1,0,1
beeoch,0,1,1
beeotch,1,2,3
beeotches,0,1,1
beep,39,33,72
beeped,7,1,8
beeper,0,1,1
beephead,1,0,1
beepin,2,0,2
beeping,17,5,22
beepmybeep,0,1,1
beeps,8,6,14
beepsthesleepsinmyfeaps,0,1,1
beeptest,1,0,1
beepy,1,0,1
beer,962,1547,2509
beeradvocate,0,1,1
beerage,1,1,2
beerandblog,1,1,2
beerbadbrewday,1,0,1
beerball,1,0,1
beerbar,0,1,1
beerbq,0,1,1
beercamp,0,2,2
beercoasters,0,1,1
beeree,1,0,1
beerfest,5,9,14
beerfriday,2,0,2
beering,0,2,2
beerio,0,2,2
beeriokart,1,0,1
beerless,1,0,1
beermat,1,0,1
beermodel,0,1,1
beeros,0,1,1
beerpong,5,3,8
beerr,0,1,1
beerrayyy,1,0,1
beerrly,2,0,2
beers,130,198,328
beerthday,0,2,2
beerthirty,1,0,1
beertweetup,1,0,1
beerup,0,1,1
beerwalk,0,1,1
beery,0,2,2
beeryani,1,0,1
beerz,0,1,1
bees,95,152,247
beese,0,1,1
beeser,0,1,1
beeskneeeeeeees,0,1,1
beesknees,0,1,1
beesley,0,1,1
beespace,0,1,1
beest,0,4,4
beesting,1,0,1
beeston,1,2,3
beestroh,0,1,1
beeswax,3,1,4
beesy,0,1,1
beet,7,12,19
beeta,1,0,1
beetch,0,1,1
beetches,0,1,1
beeteedubs,1,1,2
beeter,0,2,2
beethoven,17,24,41
beethovens,0,1,1
beetje,1,3,4
beetle,26,20,46
beetlejuice,7,22,29
beetles,7,5,12
beetnik,0,1,1
beetohven,0,1,1
beeton,0,2,2
beetroot,4,7,11
beetroots,4,2,6
beets,10,5,15
beettaah,1,0,1
beettcchh,0,1,1
beetttttteeeeerrrrrrrr,1,0,1
beetween,1,0,1
beetwen,0,1,1
beeville,1,1,2
beeyatch,2,2,4
beeyooteeful,0,1,1
beeyotch,1,0,1
beeyoutiful,0,2,2
beez,2,4,6
beezarresuspects,1,0,1
beezeey,0,1,1
beezie,1,0,1
beezies,1,2,3
beezletons,1,0,1
beezneez,1,1,2
beezo,1,0,1
beezs,0,1,1
beezus,0,4,4
beezy,15,4,19
beezys,1,2,3
beezzbeez,1,0,1
beezzyyy,0,1,1
bef,1,1,2
befah,0,1,1
befall,0,1,1
befast,0,1,1
beffels,0,1,1
befff,1,0,1
beffie,1,0,1
beffnii,0,1,1
beffy,0,1,1
befi,1,0,1
befii,0,1,1
befiore,1,0,1
befit,0,1,1
befitting,2,1,3
befittingly,1,0,1
befo,2,2,4
befoe,1,0,1
befoethestorm,0,2,2
befoooore,0,1,1
befoore,1,1,2
befor,17,19,36
before,7223,5811,13034
beforebed,1,0,1
beforee,2,1,3
beforeee,1,1,2
beforeeee,1,0,1
beforehand,27,25,52
beforeheading,1,0,1
beforei,0,1,1
befores,1,0,1
beforethen,0,1,1
beforethestorm,3,1,4
beforeya,0,1,1
beforre,1,1,2
befouled,1,0,1
befour,2,0,2
befr,1,0,1
befren,0,1,1
befriend,4,9,13
befriended,1,3,4
befriender,0,1,1
befriending,0,4,4
befroe,1,0,1
befronka,1,0,1
befrore,1,0,1
befuddle,1,0,1
befuddled,3,0,3
befuddlement,0,1,1
befunky,0,2,2
beg,130,62,192
bega,2,0,2
begad,0,2,2
begadang,0,1,1
begal,0,2,2
begals,1,0,1
begam,1,0,1
began,67,63,130
begans,0,1,1
begas,0,1,1
bege,2,0,2
begee,1,0,1
begeistert,0,1,1
begets,1,1,2
begfriend,1,0,1
begg,1,2,3
begga,1,0,1
beggar,1,4,5
beggars,4,4,8
begged,24,11,35
begger,0,1,1
beggerd,0,1,1
beggers,1,2,3
begggg,3,0,3
beggggging,1,0,1
beggig,1,0,1
beggin,10,7,17
begginer,0,1,1
begginers,0,1,1
begging,124,65,189
begginig,0,1,1
beggining,16,4,20
begginnig,1,0,1
begiiiiiiiiiiiiiiiin,0,1,1
begiining,1,0,1
begin,291,410,701
begineth,0,1,1
beging,2,1,3
beginging,0,1,1
beginin,2,1,3
begining,52,38,90
beginingless,0,1,1
beginings,1,3,4
beginn,1,0,1
beginneng,0,1,1
beginner,10,12,22
beginners,6,17,23
beginngs,0,1,1
beginnig,1,1,2
beginnin,5,2,7
beginning,473,403,876
beginnings,17,25,42
beginns,0,1,1
begins,236,291,527
beginss,0,1,1
begitu,1,2,3
begitulaaaaaah,0,1,1
begitulah,2,0,2
begituu,0,1,1
begloriousnonsenseere,1,0,1
begn,1,0,1
begning,0,1,1
bego,1,0,1
begon,0,1,1
begond,1,0,1
begone,3,3,6
begonia,1,3,4
begonias,0,2,2
begrudge,1,0,1
begrudgingly,0,3,3
begs,7,2,9
beguile,1,1,2
beguiled,0,2,2
beguming,1,0,1
begun,97,91,188
beguns,1,0,1
beh,8,3,11
behaiving,1,0,1
behaivor,1,0,1
behalf,37,63,100
behalve,1,0,1
behance,0,3,3
behar,0,1,1
behav,1,0,1
behave,36,75,111
behaved,13,27,40
behaves,5,9,14
behavin,4,2,6
behaving,38,34,72
behavior,39,44,83
behavioral,2,4,6
behaviors,0,2,2
behaviour,33,30,63
behavioural,1,0,1
behavoir,1,0,1
behavoural,1,0,1
behaze,0,1,1
behbee,1,2,3
behbeh,1,3,4
behead,2,0,2
beheaded,5,3,8
beheadeddddd,1,0,1
beheind,1,0,1
beheld,0,2,2
behemoth,7,7,14
behest,1,0,1
behh,1,0,1
behi,1,0,1
behihd,1,0,1
behiind,1,0,1
behimith,1,0,1
behind,1198,839,2037
behindd,1,0,1
behindddddd,0,1,1
behindhand,1,0,1
behindme,1,0,1
behinds,0,3,3
behindthescenes,0,1,1
behinf,0,1,1
behing,5,3,8
behinhd,1,0,1
behinny,0,1,1
behive,0,1,1
behl,0,1,1
behm,1,0,1
behn,0,3,3
behnd,1,0,1
behnke,1,0,1
behold,14,18,32
beholden,0,1,1
beholder,0,9,9
beholding,0,1,1
behr,0,1,1
behringer,1,1,2
behtarin,0,1,1
behving,1,0,1
bei,8,27,35
beib,0,3,3
beibeb,1,0,1
beibeee,0,1,1
beibeh,0,1,1
beibg,1,0,1
beibi,1,0,1
beic,1,0,1
beid,1,0,1
beidem,0,1,1
beiderbecks,0,1,1
beides,0,1,1
beidz,1,0,1
beidzot,0,2,2
beieren,0,1,1
beig,2,0,2
beige,5,8,13
beign,5,3,8
beignet,0,2,2
beignets,3,6,9
beiing,1,2,3
beiingg,1,0,1
beijing,38,63,101
beijingbeer,0,1,1
beijingfairmont,0,1,1
beijingology,0,1,1
beijinho,0,2,2
beijinhos,0,4,4
beijo,1,5,6
beijom,1,0,1
beijoooos,0,1,1
beijoos,0,1,1
beijoquitas,0,1,1
beijos,3,11,14
beijosnemligaqueeut,1,0,1
beileid,2,0,2
beileive,0,1,1
beileve,3,0,3
beilieve,1,0,1
beilve,1,0,1
beim,3,3,6
beimaan,0,1,1
bein,309,155,464
beinazir,12,2,14
beind,1,0,1
beinf,2,0,2
being,10048,5938,15986
beingadad,0,1,1
beingg,1,3,4
beinging,0,1,1
beinglazyatthemoment,0,1,1
beingng,1,0,1
beings,9,18,27
beingsicksucks,1,0,1
beingvable,1,0,1
beingvery,1,0,1
beinlove,1,0,1
beinn,1,1,2
beinnale,1,0,1
beinq,3,3,6
beinqq,0,1,1
beintg,0,1,1
beinvindo,0,1,1
beinzair,1,0,1
beir,0,1,1
beirne,0,1,1
beirut,15,11,26
beiruth,1,0,1
beit,2,1,3
beitches,0,1,1
beito,0,1,1
beitrag,0,1,1
bej,1,1,2
beja,1,0,1
bejamin,1,3,4
bejayzus,1,0,1
bejebus,0,1,1
bejeesus,1,0,1
bejeezus,0,2,2
bejelentkezem,0,1,1
bejesus,4,0,4
bejeweled,32,13,45
bejewelled,3,2,5
bejewled,3,2,5
bejewwled,1,0,1
bejing,2,0,2
bek,2,3,5
beka,1,1,2
bekaa,1,0,1
bekaar,1,1,2
bekaface,1,0,1
bekah,9,8,17
bekahhhhhh,0,1,1
bekahs,0,1,1
bekal,1,0,1
bekannt,1,0,1
bekas,0,1,1
bekasi,0,1,1
bekauze,1,0,1
bekeeny,1,0,1
bekend,0,1,1
bekhonam,2,0,2
beki,2,2,4
bekieness,0,1,1
bekka,1,3,4
bekkaa,0,1,1
bekkah,0,1,1
bekkajones,0,1,1
bekkens,0,1,1
bekki,2,2,4
bekky,1,1,2
beklemek,0,1,1
bekommen,0,1,1
beks,1,2,3
bekuz,2,0,2
beky,0,1,1
bekz,0,1,1
bel,23,31,54
bela,1,6,7
belaated,0,1,1
beladed,1,0,1
belafonte,0,2,2
belair,2,2,4
belairr,0,1,1
belajaaar,1,0,1
belajar,10,6,16
belakang,0,1,1
belalang,0,1,1
belanja,0,5,5
belanjaan,1,0,1
belanje,0,1,1
belantis,0,1,1
belarus,6,5,11
belaruss,1,0,1
belate,0,1,1
belated,54,178,232
belatedly,2,5,7
belay,2,3,5
belayar,1,0,1
belayed,0,1,1
belch,1,0,1
belcher,0,1,1
belching,1,1,2
belcourt,0,1,1
belden,1,0,1
beldon,0,1,1
beleave,3,3,6
beleaves,1,0,1
beleeeedat,1,0,1
beleev,1,0,1
belegen,0,1,1
beleivable,1,0,1
beleive,68,30,98
beleived,0,1,1
beleivee,1,0,1
beleives,2,1,3
beleiving,1,0,1
belel,0,1,1
belem,0,1,1
belen,1,4,5
belesa,0,1,1
beless,0,1,1
beleve,2,3,5
beleza,1,1,2
belf,1,1,2
belfast,87,74,161
belfore,1,0,1
belfry,1,0,1
belga,0,1,1
belgacom,2,1,3
belgain,0,1,1
belgarath,1,0,1
belgariad,5,0,5
belge,0,3,3
belgggg,1,0,1
belgi,1,1,2
belgian,22,53,75
belgianliquerchoc,0,1,1
belgians,2,2,4
belgica,1,0,1
belgien,0,1,1
belgin,0,1,1
belgioioso,0,1,1
belgische,1,0,1
belgium,84,93,177
belgiummmmm,0,1,1
belgrade,5,11,16
belgrave,2,2,4
belgravia,0,1,1
belguim,1,0,1
belgum,1,0,1
belhar,1,0,1
belhaven,1,1,2
belhblehbleh,0,1,1
beli,21,24,45
beliau,1,1,2
beliave,1,0,1
belibelz,0,1,1
belie,1,0,1
beliebe,0,1,1
beliee,1,0,1
belieeeeve,1,2,3
belieeeveee,0,1,1
belieeve,1,0,1
belief,36,38,74
beliefe,0,1,1
beliefs,8,21,29
believ,10,3,13
believable,1,9,10
believe,4691,2634,7325
believeable,1,0,1
believeably,1,0,1
believebly,0,1,1
believed,46,36,82
believee,2,1,3
believeee,3,0,3
believeeeeee,0,2,2
believeeeeeeeeeee,0,1,1
believeeeeeeeeeeeeee,0,1,1
believeland,1,1,2
believer,6,27,33
believeres,0,1,1
believers,15,21,36
believes,39,37,76
believethat,1,0,1
believin,2,17,19
believing,37,77,114
believinnnnnnnn,0,1,1
believs,1,0,1
belif,0,1,1
beligan,1,0,1
beligerance,1,0,1
beligerent,0,1,1
belightful,1,0,1
beligium,1,0,1
beliiiieve,0,1,1
beliin,3,2,5
belilah,0,1,1
belin,1,0,1
belinda,5,16,21
beling,0,1,1
belittle,0,2,2
belittled,1,1,2
belittling,1,0,1
belitung,1,0,1
belive,162,82,244
belived,2,2,4
belivee,2,1,3
belives,3,1,4
belivev,1,0,1
beliveve,2,0,2
belivie,1,1,2
belivin,0,1,1
beliving,3,0,3
belize,7,4,11
belizean,1,1,2
beljo,0,1,1
belk,0,1,1
belkie,0,1,1
belkin,4,6,10
belky,1,0,1
bell,267,327,594
bella,210,226,436
bellaaa,1,1,2
bellaaaa,0,1,1
bellaaaaa,1,1,2
bellababa,0,1,1
bellaboo,1,1,2
bellacullen,0,1,1
belladonna,1,2,3
belladrum,0,1,1
bellaforma,1,0,1
bellagio,8,13,21
bellagip,1,0,1
bellaire,1,2,3
bellaitalia,1,0,1
bellamy,1,4,5
bellamys,1,0,1
bellarinaa,0,1,1
bellarlly,1,0,1
bellarmine,1,0,1
bellarocca,0,1,1
bellas,4,6,10
bellathys,2,0,2
bellator,0,1,1
bellatoscana,1,0,1
bellatrix,3,2,5
bellavision,1,0,1
bellaxangoola,0,1,1
belle,64,65,129
belled,0,1,1
bellee,1,0,1
bellefontaine,0,1,1
bellefonte,1,0,1
belleh,0,4,4
belles,4,1,5
belleville,8,7,15
bellevue,6,16,22
belleza,0,1,1
bellflower,1,0,1
bellfluer,0,1,1
bellfur,1,0,1
bellfurs,1,0,1
bellhaven,0,1,1
bellhop,1,0,1
belli,1,1,2
belliagio,1,0,1
bellick,1,0,1
bellie,1,4,5
bellied,1,1,2
bellies,4,5,9
belligerance,1,0,1
belligerent,1,1,2
bellin,2,0,2
bellingham,6,6,12
bellini,1,6,7
bellinis,0,2,2
bellion,0,1,1
bellis,1,0,1
bellisimo,0,1,1
bellisland,1,0,1
bellisoma,0,1,1
bellissimo,0,1,1
belllakins,1,0,1
belllleenndddd,0,1,1
belllly,1,0,1
bellllyyy,1,1,2
bellmorons,1,0,1
bello,2,9,11
bellona,0,1,1
bellow,1,2,3
bellowheads,0,1,1
bellowing,1,2,3
bellows,1,1,2
bells,42,74,116
bellshill,1,1,2
bellson,1,0,1
bellsouth,2,0,2
bellsprouts,0,1,1
bellss,0,1,1
bellters,0,1,1
belltower,0,1,1
belltown,4,2,6
bellucci,0,1,1
belluci,0,1,1
bellucis,0,1,1
bellum,0,1,1
bellview,0,1,1
bellville,1,0,1
bellvue,1,0,1
bellware,1,0,1
bellwoods,0,1,1
belly,421,235,656
bellyache,20,2,22
bellyavunnylisa,0,1,1
bellybar,1,0,1
bellybellybelly,1,0,1
bellybutton,6,3,9
bellybuttons,1,9,10
bellydance,3,7,10
bellydancer,0,1,1
bellydancers,0,1,1
bellydancing,0,2,2
bellydents,1,0,1
bellyfurs,1,0,1
bellym,0,1,1
bellyring,1,0,1
bellyrubs,1,0,1
bellys,7,3,10
bellyyache,1,0,1
bellz,2,3,5
belmar,1,2,3
belmktba,0,1,1
belmont,35,31,66
belmontstakes,2,1,3
belnd,0,1,1
belng,0,1,1
belo,9,5,14
beloeil,0,1,1
beloeve,0,1,1
belofsouthie,0,1,1
beloit,1,2,3
belom,18,6,24
belomm,1,0,1
belon,2,1,3
belong,107,202,309
belonged,7,5,12
belongggggs,1,0,1
belonging,3,3,6
belongings,20,3,23
belongong,1,0,1
belongs,32,56,88
beloo,1,0,1
beloud,1,0,1
beloved,173,105,278
belovedmcfriends,1,0,1
beloveds,0,2,2
below,120,96,216
belowed,0,1,1
belper,0,1,1
belpre,0,1,1
bels,1,0,1
belsdey,0,1,1
belshaft,1,0,1
belsie,1,0,1
belsize,0,2,2
belsonic,1,0,1
belt,92,102,194
beltain,0,2,2
beltaine,0,2,2
beltane,1,5,6
beltawfeeeeeeeeeeeej,0,1,1
belted,2,1,3
belter,3,4,7
beltin,0,1,1
belting,5,8,13
beltline,1,1,2
beltloop,0,1,1
belton,1,2,3
beltram,0,1,1
beltrami,1,0,1
beltran,3,0,3
beltre,0,1,1
belts,22,16,38
beltway,4,2,6
belu,0,2,2
beluga,4,3,7
belugas,0,1,1
belugh,1,0,1
belum,19,8,27
belun,0,2,2
belv,1,0,1
belveder,1,0,1
belvedere,1,2,3
belvenie,0,1,1
belvie,1,1,2
belvoir,2,1,3
bely,0,1,1
belz,0,1,1
belzer,0,1,1
bem,12,45,57
bembe,0,1,1
bembridge,1,1,2
beme,1,0,1
bement,1,0,1
bemis,1,0,1
bemjamin,0,1,1
bemma,0,1,1
bemoaning,3,0,3
bemuse,0,1,1
bemused,2,2,4
bemytweep,0,1,1
ben,358,462,820
bena,0,1,1
benaaa,0,1,1
benacey,0,1,1
benadicto,0,1,1
benadler,0,1,1
benadril,1,0,1
benadrly,1,0,1
benadryl,52,17,69
benadryll,2,0,2
benadryls,0,1,1
benadyrl,1,0,1
benajmin,1,0,1
benang,0,1,1
benar,5,0,5
benard,0,1,1
benares,0,1,1
benasi,0,1,1
benassi,2,1,3
benasty,0,1,1
benatar,1,7,8
benayoun,1,0,1
benazir,1,0,1
benbutton,1,0,1
bence,0,2,2
bench,61,50,111
benchball,0,1,1
benchboxing,1,0,1
benched,3,4,7
benches,7,6,13
benchies,1,0,1
benching,3,4,7
benchmark,5,10,15
benchmarked,0,1,1
benchmarking,4,2,6
benchmarks,2,1,3
benchmate,0,1,1
benchpress,0,1,1
benchwarmers,0,1,1
benci,4,0,4
bend,61,54,115
benda,2,3,5
bendable,1,1,2
bendaroos,1,0,1
bendaryl,1,0,1
bendcon,0,1,1
bendeac,0,1,1
bended,1,1,2
bendel,1,0,1
bendels,1,1,2
benden,0,1,1
bendeniz,0,1,1
bender,17,10,27
bendering,0,1,1
benderrrrrrrrrrrrrrrrrrrrr,1,0,1
benders,1,1,2
bendhill,0,1,1
bendi,1,2,3
bendido,1,0,1
bendiga,1,3,4
bendigaa,0,1,1
bendigo,0,7,7
bendii,1,0,1
bendin,2,0,2
bending,10,5,15
bendingly,1,0,1
bendis,1,0,1
bendito,4,1,5
bendmeover,1,0,1
bendover,0,1,1
bendoverable,0,1,1
bendoverbrenda,0,1,1
bendrix,2,0,2
bends,8,6,14
bendtner,1,1,2
bendtosquares,0,1,1
bendungan,0,1,1
bendy,5,7,12
bene,2,7,9
beneath,16,21,37
benedetti,1,0,1
benedict,3,9,12
benedictine,0,3,3
benediction,1,1,2
benedicts,0,1,1
benedikt,0,1,1
benedryl,14,3,17
beneficial,2,15,17
beneficiary,0,1,1
benefield,0,1,1
benefit,68,107,175
benefited,0,2,2
benefiting,2,4,6
benefits,52,95,147
benefitsaftergoodsex,0,1,1
benefitted,1,3,4
benefitting,0,2,2
benegan,0,1,1
benekisses,0,1,1
benelux,0,2,2
benelyn,1,0,1
bener,3,10,13
beneran,1,1,2
benere,0,1,1
benerin,1,2,3
benes,1,0,1
beneshtaghal,0,1,1
benet,4,3,7
benetar,1,0,1
benetint,1,0,1
benetton,0,3,3
benevisam,1,0,1
benevolent,2,2,4
benezir,1,0,1
benface,0,1,1
benfit,2,1,3
benfoldswhyareyousoexpensive,1,0,1
beng,5,3,8
benga,1,0,1
bengal,3,9,12
bengalcat,0,1,1
bengali,4,5,9
bengalis,1,1,2
bengaloored,0,1,1
bengalooru,0,1,1
bengals,3,3,6
bengalureans,0,1,1
bengaluru,2,1,3
bengamin,1,0,1
bengawan,1,0,1
bengay,3,2,5
bengbeng,1,0,1
bengee,0,1,1
benggel,1,0,1
bengie,1,0,1
bengies,1,0,1
bengkak,1,0,1
bengkel,1,1,2
bengoa,1,0,1
bengs,1,0,1
bengtezn,0,1,1
benhi,0,1,1
benhihannas,0,1,1
benhil,0,2,2
beni,5,2,7
benicassim,3,1,4
benicia,2,0,2
benicio,0,3,3
benicks,0,1,1
benidiorm,1,0,1
benidorm,9,9,18
benieuwd,0,1,1
benifit,4,2,6
benifits,2,1,3
benign,6,5,11
benigni,0,1,1
benih,0,1,1
benihana,4,7,11
benihanas,1,3,4
benihanna,0,1,1
beniiiiiiii,0,1,1
beniitaaaaa,0,1,1
benilda,0,1,1
benilde,1,1,2
benim,1,0,1
benimki,0,1,1
benin,1,0,1
benioff,0,1,1
benissimo,0,1,1
benita,0,4,4
benitez,2,2,4
benito,1,1,2
benj,2,3,5
benjai,0,1,1
benjamen,2,1,3
benjamin,64,94,158
benjaminnn,1,0,1
benjamins,3,0,3
benjarrrrrrr,1,0,1
benji,15,17,32
benjii,1,0,1
benjiman,1,2,3
benjy,2,0,2
benko,1,0,1
benllech,1,0,1
benmont,0,1,1
benn,11,7,18
benneh,2,1,3
bennet,2,0,2
benneteau,2,0,2
bennett,13,5,18
benni,1,2,3
bennie,3,1,4
bennies,2,0,2
bennifits,1,0,1
bennigans,2,0,2
bennihanas,1,0,1
benning,1,1,2
benningfield,1,0,1
bennington,1,3,4
bennn,0,1,1
benny,41,45,86
bennynoon,1,0,1
bennyperez,0,1,1
bennys,0,8,8
beno,0,1,1
benoit,3,1,4
benriach,0,1,1
benry,1,0,1
bens,9,15,24
bensen,1,1,2
benshoemate,0,1,1
benski,0,1,1
bensoir,0,1,1
benson,12,10,22
bensonhurst,0,1,1
bensons,1,0,1
benstiller,0,1,1
bent,71,27,98
bentaaaa,0,1,1
bentang,0,1,1
bentar,3,4,7
bentarbentar,1,0,1
bente,0,1,1
bentham,0,1,1
benti,0,2,2
bentini,0,1,1
bentleigh,2,0,2
bentley,19,19,38
bentleymom,2,0,2
bentleys,2,0,2
bentliegh,0,1,1
bently,0,4,4
bento,14,14,28
bentobox,1,0,1
benton,4,7,11
bentonville,1,3,4
bentos,2,1,3
bentron,0,1,1
bentuk,0,1,1
benu,1,0,1
benuelos,0,1,1
benumbed,0,1,1
benven,0,1,1
benvhv,1,0,1
benvinda,0,1,1
benvolio,0,1,1
benwaa,0,1,1
benward,1,0,1
benwell,1,0,1
benya,1,0,1
benyamin,1,0,1
benydrel,1,0,1
benz,14,18,32
benzedrine,0,1,1
benzema,1,0,1
benzene,2,1,3
benzie,2,0,2
benzino,1,0,1
benzoate,1,1,2
benzyl,1,0,1
beo,0,1,1
beoar,0,1,1
beofre,2,4,6
beograd,0,1,1
beolg,1,0,1
beomce,1,0,1
beomin,0,1,1
beon,1,0,1
beonase,1,0,1
beonce,0,1,1
beong,1,0,1
beoryeo,0,1,1
beos,1,1,2
beotch,2,3,5
beover,1,0,1
beowoof,0,1,1
beowulf,4,5,9
beox,0,1,1
bep,12,23,35
bepenthan,0,1,1
beppe,1,1,2
bepper,1,0,1
bepping,1,0,1
beppu,1,0,1
bepretty,0,1,1
beps,0,1,1
beqinninq,0,1,1
bequeath,1,2,3
ber,21,38,59
beraaaat,1,0,1
beraattss,1,0,1
beraber,0,1,1
berabis,0,1,1
berada,3,1,4
berair,2,0,2
berakas,1,1,2
berall,0,1,1
berangkat,1,1,2
berani,0,1,1
berantem,1,1,2
berapa,0,2,2
berarti,1,1,2
beras,1,0,1
berasa,1,1,2
berat,4,2,6
berate,1,1,2
berated,2,1,3
berater,0,1,1
berath,0,1,1
berating,3,1,4
berba,2,0,2
berbaik,2,0,2
berbaloi,0,1,1
berbanding,0,1,1
berbasis,0,2,2
berbati,1,0,1
berbatis,1,0,1
berbatov,6,2,8
berbequeing,1,0,1
berber,0,2,2
berbick,0,2,2
berbunyi,1,0,1
berburu,0,1,1
bercerita,1,0,1
berch,0,1,1
berchem,0,1,1
berchuti,0,1,1
bercita,0,1,1
bercow,3,0,3
bercue,0,1,1
bercy,0,1,1
berda,1,0,1
berdarahh,0,1,1
berdayyyyy,0,1,1
berdedikasi,0,1,1
berdey,0,2,2
berdiri,1,0,1
berdoo,0,1,1
berdua,0,1,1
bere,0,3,3
berea,3,1,4
beready,0,1,1
berean,0,1,1
bereavement,1,2,3
berec,0,1,1
beree,0,1,1
bereft,9,1,10
beregel,0,1,1
beremese,1,0,1
berenang,1,0,1
berencana,1,0,1
berendam,1,0,1
berenstein,0,1,1
berenstraat,0,1,1
beres,3,2,5
beresin,1,1,2
beret,2,4,6
beretania,0,1,1
berets,1,0,1
berfday,7,4,11
berffff,0,1,1
berflieger,1,0,1
berfore,0,1,1
berg,8,11,19
bergamot,0,2,2
bergan,0,2,2
bergdorf,1,3,4
berge,1,2,3
bergements,1,0,1
bergen,4,19,23
bergenfield,1,0,1
bergenline,1,0,1
bergens,0,1,1
berger,0,3,3
bergerac,1,3,4
bergeron,0,1,1
bergers,0,1,1
berghagen,1,0,1
berghgrrfv,1,0,1
berghslive,0,1,1
bergita,0,1,1
bergkamp,0,1,1
bergman,3,1,4
bergmann,0,1,1
bergstrom,1,0,1
bergstroms,1,0,1
bergues,1,0,1
bergumul,1,0,1
berharap,1,2,3
berhasil,1,0,1
berhaupt,0,2,2
berhinger,0,1,1
berhubung,1,0,1
beribboned,0,1,1
bericicicuit,1,0,1
berightback,0,1,1
berikutnya,0,1,1
bering,0,1,1
beringer,1,1,2
berisiiiikk,0,1,1
berita,0,1,1
beritanya,1,0,1
beritolam,0,1,1
berium,1,0,1
berjalan,0,1,1
berjam,1,0,1
berjaya,0,1,1
berjuang,0,2,2
berjumpa,0,1,1
berk,4,2,6
berkans,0,1,1
berkat,0,2,2
berkata,2,1,3
berkatnya,0,1,1
berked,0,1,1
berkeley,33,34,67
berkeleyy,0,1,1
berkelicious,0,1,1
berkely,1,0,1
berklee,2,4,6
berkleemusic,0,1,1
berkley,2,6,8
berkman,1,0,1
berkmuz,0,1,1
berko,2,0,2
berks,1,2,3
berkshire,0,7,7
berkshires,0,1,1
berkswell,0,1,1
berkurang,0,2,2
berl,1,1,2
berlabuh,1,0,1
berlaku,1,0,1
berlarilah,0,1,1
berlawanan,0,1,1
berlaymont,1,0,1
berle,1,1,2
berlesen,1,0,1
berley,0,1,1
berlibur,1,0,1
berliin,1,0,1
berlin,131,177,308
berlindung,0,1,1
berlusconi,5,5,10
berm,1,0,1
bermain,1,2,3
bermales,1,0,1
berman,1,1,2
bermo,1,0,1
bermondsey,3,0,3
berms,0,1,1
bermuda,18,13,31
bermudaaaaa,0,1,1
bermudas,1,0,1
bermuta,1,0,1
bermy,2,0,2
bern,15,8,23
bernabeu,1,0,1
bernadette,2,2,4
bernadetteyld,0,1,1
bernadino,0,1,1
bernadottes,2,0,2
bernaise,1,0,1
bernal,5,3,8
bernalillo,1,0,1
bernalyn,0,1,1
bernang,0,1,1
bernanke,2,1,3
bernard,9,9,18
bernardenga,1,0,1
bernardino,2,1,3
bernardo,2,2,4
bernards,1,0,1
bernardus,0,1,1
bernbern,1,0,1
bernd,0,1,1
berne,2,1,3
berner,0,1,1
bernermommy,0,1,1
bernese,3,2,5
bernessa,0,1,1
berney,0,1,1
bernhard,0,2,2
berni,1,0,1
bernice,1,5,6
bernie,41,8,49
bernier,0,1,1
bernies,0,1,1
bernoulli,1,1,2
bernrad,0,1,1
berns,1,1,2
bernstein,1,3,4
bernz,0,1,1
bero,1,0,1
beroca,0,1,1
berocca,5,7,12
beroepsproef,1,0,1
berolucci,0,1,1
beroshima,0,1,1
beroteh,1,0,1
berpc,0,1,1
berpikir,1,0,1
berpisah,2,0,2
berpolyvore,1,0,1
berr,0,2,2
berra,1,0,1
berrangs,1,0,1
berrday,0,1,1
berrets,0,1,1
berrett,0,1,1
berrics,1,1,2
berrie,2,1,3
berries,26,48,74
berrin,0,1,1
berroca,0,1,1
berrocca,0,1,1
berrrrr,1,0,1
berrry,1,1,2
berry,162,128,290
berryblast,0,1,1
berrybliss,1,0,1
berrygirls,0,1,1
berrygood,0,1,1
berrygurl,0,1,1
berryhill,0,1,1
berrylicious,2,0,2
berryline,1,1,2
berryman,1,1,2
berrymore,1,1,2
berrys,0,4,4
berrystar,1,0,1
berrytastic,0,3,3
berrytasty,1,0,1
berrytwits,0,1,1
berryweiss,0,1,1
berrywell,1,0,1
berryyyyy,1,0,1
berryyyyyy,0,1,1
berryyyyyyyyyyyyyyyyyyyy,0,1,1
bers,1,1,2
bersahabat,0,2,2
bersakit,1,0,1
bersalah,2,0,2
bersama,1,2,3
bersedia,0,1,1
bersedih,1,0,1
bersenang,1,0,1
berserk,2,2,4
berserker,0,4,4
bersetzen,1,0,1
bershires,1,0,1
bershka,1,1,2
bershopping,0,1,1
bersih,0,1,1
bersihhh,0,1,1
bersin,2,0,2
berst,1,0,1
bersusu,0,1,1
bersyukuuuuuur,1,0,1
bert,7,18,25
berta,0,4,4
bertahan,1,1,2
bertahun,0,1,1
bertambah,0,2,2
bertanya,1,0,1
bertasbih,0,1,1
bertaux,0,1,1
bertebaran,0,1,1
bertechnician,0,1,1
bertell,0,2,2
bertemu,0,2,2
bertepuk,1,0,1
berth,1,1,2
bertha,2,2,4
berthas,1,0,1
berthita,0,1,1
bertie,12,7,19
bertinelli,1,0,1
bertinet,0,1,1
berto,4,8,12
bertolucci,0,1,1
berton,1,0,1
bertradisi,0,1,1
bertram,0,1,1
bertran,0,1,1
bertrand,1,3,4
berts,0,1,1
bertter,1,0,1
bertuah,1,0,1
bertuan,0,1,1
bertucci,1,0,1
bertuccis,0,2,2
berturut,1,0,1
bertuzzi,0,1,1
bertweety,0,1,1
bertwitter,2,10,12
berty,1,0,1
beru,1,0,1
beruit,1,0,1
berumda,1,0,1
berusaha,1,0,1
berusahaaa,1,0,1
berverages,0,1,1
berwick,3,3,6
berwin,0,1,1
berwyn,2,0,2
bery,3,2,5
beryl,2,1,3
berzepark,0,1,1
berzerk,0,1,1
bes,15,13,28
besafe,0,2,2
besah,0,1,1
besame,0,1,1
besan,1,0,1
besar,1,3,4
besch,2,0,2
bescht,0,1,1
besday,0,1,1
besdfran,1,0,1
besdies,3,0,3
beserk,3,0,3
beserko,1,0,1
besfrans,0,1,1
besfren,1,0,1
besfriend,1,1,2
besh,2,2,4
beshaaaan,0,1,1
beshia,0,1,1
beshie,2,2,4
beshinam,1,0,1
beshowered,1,0,1
beshtie,0,1,1
beshyylove,1,0,1
besi,2,0,2
beside,128,115,243
besided,1,0,1
besides,301,423,724
besideus,0,1,1
besidez,1,1,2
besids,1,0,1
besiegen,0,1,1
besiiiide,1,0,1
besite,2,1,3
besito,0,1,1
besitos,2,5,7
besitussss,0,1,1
beskyttes,0,1,1
besler,0,1,1
beslubbering,0,1,1
besmirched,1,0,1
besmirching,0,1,1
besn,1,0,1
besna,0,1,1
beso,2,6,8
besobeso,0,1,1
besodes,1,0,1
besoffski,0,1,1
besoin,1,3,4
besok,17,13,30
besokk,1,0,1
besomm,0,1,1
besonders,0,1,1
besoooo,0,1,1
besooook,1,0,1
besorgen,1,0,1
besos,21,28,49
besoss,0,1,1
besote,0,1,1
bespecially,1,0,1
bespeckled,0,1,1
bespectacled,0,1,1
bespin,2,0,2
bespoke,3,5,8
bespren,1,0,1
besr,0,1,1
bess,1,8,9
besscartotalled,1,0,1
bessee,0,1,1
bessel,1,0,1
besser,0,4,4
bessey,0,1,1
bessfran,0,1,1
bessfren,1,0,1
bessie,4,2,6
bessiee,1,0,1
bessies,1,1,2
besson,1,0,1
bessss,0,1,1
besssss,0,1,1
bessssssstttttttt,0,1,1
besssssst,0,1,1
bessssssttttt,0,1,1
bessssst,0,5,5
besssst,0,2,2
besssstttt,0,1,1
bessst,0,9,9
bessstfriend,1,0,1
bessstfrienddd,0,1,1
bessstt,1,0,1
besssttt,0,1,1
bessstttt,0,1,1
besst,2,4,6
besstfraand,0,1,1
bessttiee,0,1,1
bessttii,0,1,1
bessttiieeeee,0,1,1
bessttiiiiieeee,1,0,1
bessttt,0,3,3
besstttt,1,0,1
bessy,1,0,1
best,5199,11276,16475
besta,3,2,5
bestafrizzle,0,1,1
bestah,1,0,1
bestbeatingheart,1,0,1
bestbefore,1,0,1
bestbestest,1,0,1
bestbestfriends,0,1,1
bestbrunch,0,1,1
bestbud,0,1,1
bestbuddies,0,1,1
bestbuds,1,0,1
bestbuy,18,7,25
bestbuys,1,0,1
bestcoffee,0,1,1
bestcovers,0,1,1
bestdayofmylife,0,1,1
bestdudes,1,0,1
beste,0,5,5
bestedt,0,1,1
bestee,1,0,1
besteezy,0,1,1
bestellt,0,3,3
bestens,0,1,1
bester,0,1,1
besterest,0,2,2
besters,0,1,1
besterz,0,3,3
besterzz,1,2,3
bestes,2,1,3
bestess,1,0,1
bestesses,0,1,1
bestest,68,210,278
bestester,0,1,1
bestestest,1,2,3
bestestestest,0,1,1
bestestestestest,0,1,1
bestestfrannnds,0,1,1
bestestfriend,1,1,2
bestestfriends,1,0,1
bestestie,1,0,1
bestestness,1,0,1
bestests,1,0,1
bestestt,0,1,1
bestesttt,0,1,1
bestestttt,0,1,1
bestesttttt,0,1,1
besteveryou,0,1,1
bestey,1,0,1
bestf,0,2,2
bestfamoustweets,1,0,1
bestff,0,1,1
bestfirend,0,1,1
bestfirends,1,0,1
bestfr,1,0,1
bestfraaan,1,0,1
bestfraaannn,0,1,1
bestfrahnn,0,1,1
bestfran,2,1,3
bestfrand,1,3,4
bestfrandsss,0,1,1
bestfrann,1,3,4
bestfrannnnnnnn,1,0,1
bestfrannsss,0,1,1
bestfranss,0,1,1
bestfraynds,0,1,1
bestfreind,3,1,4
bestfren,1,0,1
bestfrend,1,0,1
bestfrends,1,0,1
bestfriebd,1,0,1
bestfrieends,0,1,1
bestfriend,174,148,322
bestfriendd,1,4,5
bestfrienddayy,0,1,1
bestfrienddd,1,1,2
bestfriendddd,0,1,1
bestfriendly,0,1,1
bestfriends,42,46,88
bestfriendsss,0,1,1
bestfriennnd,0,1,1
bestfriens,0,1,1
bestfriiend,1,0,1
bestfrnd,0,1,1
bestfrrriieeennnddddd,0,1,1
bestftiend,0,1,1
bestfuwend,1,0,1
bestgoalie,0,1,1
besth,1,0,1
bestheda,1,0,1
besthotelever,1,0,1
besti,1,2,3
bestiality,2,0,2
bestiary,2,0,2
bestie,275,337,612
bestieboo,0,1,1
bestiebytch,1,0,1
bestiee,2,9,11
bestieee,3,8,11
bestieeee,4,0,4
bestieeeee,0,2,2
bestieeeeee,1,1,2
bestieeeeeee,1,0,1
bestieeehsz,1,0,1
bestieessss,0,1,1
besties,144,172,316
bestiess,0,5,5
bestiesss,0,2,2
bestiessss,0,1,1
bestiessssss,1,1,2
bestiesssssss,0,1,1
bestiessssssss,0,1,1
bestiest,2,0,2
bestiesz,1,0,1
bestiez,1,1,2
bestii,0,1,1
bestiie,3,1,4
bestiiee,0,1,1
bestiiees,1,1,2
bestiies,1,2,3
bestiiesss,0,1,1
bestiiiiie,0,1,1
bestill,0,1,1
bestime,0,1,1
bestimmtes,1,0,1
bestival,3,3,6
bestivehad,1,0,1
bestkeep,1,0,1
bestland,1,0,1
bestlocal,1,0,1
bestmate,1,0,1
bestmates,1,0,1
bestnye,1,0,1
bestnyee,1,0,1
besto,1,3,4
bestoo,1,0,1
bestop,1,0,1
bestow,0,2,2
bestowed,0,2,2
bestp,0,1,1
bestpet,0,1,1
bestreikt,1,0,1
bests,6,23,29
bestseller,0,1,1
bestsellers,0,1,1
bestselling,0,1,1
bestside,0,1,1
bestsongever,0,1,1
bestst,0,1,1
bestt,4,21,25
besttest,0,1,1
besttieee,0,1,1
bestties,1,0,1
besttt,4,12,16
bestttt,0,5,5
besttttt,1,3,4
bestttttest,0,1,1
bestttttt,0,1,1
besttttttt,0,1,1
bestttttttt,0,2,2
bestttttttttt,0,1,1
besttttttttttt,0,1,1
bestttttttttttttttttttt,0,1,1
bestus,1,0,1
bestust,1,0,1
bestweets,1,0,1
besty,12,13,25
bestyest,0,1,1
bestys,1,0,1
bestyyyyy,0,1,1
besutiful,0,1,1
beswt,0,1,1
besz,1,0,1
bet,1132,1603,2735
beta,380,364,744
betaa,0,1,1
betaaaaaa,0,1,1
betabi,0,1,1
betablockers,1,0,1
betacam,1,0,1
betadine,1,0,1
betaforum,1,0,1
betah,2,1,3
betahaus,0,1,1
betakey,0,1,1
betakeys,1,0,1
betalevel,1,0,1
betamax,1,1,2
betancourt,1,1,2
betapa,0,1,1
betareader,0,1,1
betas,5,12,17
betaster,0,1,1
betatest,0,2,2
betatester,1,0,1
betatesting,0,2,2
betavine,0,1,1
betawi,0,1,1
betboz,1,0,1
betc,0,1,1
betch,24,22,46
betcha,9,38,47
betches,0,2,2
betchfaceee,0,1,1
betchhh,1,1,2
betchhhh,1,0,1
betchhhhhh,1,0,1
betchs,2,1,3
betchu,1,1,2
betchya,1,1,2
betdaq,1,0,1
bete,7,1,8
beteavon,0,1,1
beteayed,0,1,1
betee,1,0,1
beteee,2,0,2
beter,8,13,21
beterschap,0,1,1
betert,1,0,1
betetr,0,1,1
beteween,1,0,1
betfair,2,10,12
betfaraj,0,1,1
beth,76,158,234
betha,2,1,3
bethaaaaaany,0,1,1
bethaany,0,1,1
bethaknee,1,0,1
bethan,6,6,12
bethanie,1,0,1
bethaniel,0,1,1
bethann,1,1,2
bethany,22,49,71
bethanydeines,0,1,1
bethanyjo,1,0,1
bethanylodge,1,0,1
bethanylynng,1,0,1
bethanys,1,0,1
bethanyy,0,1,1
bethanyyyy,0,1,1
bethe,0,1,1
bethea,0,1,1
bethecause,0,2,2
bethel,5,5,10
bethelem,1,0,1
bethels,1,1,2
bethenny,0,3,3
bethere,4,0,4
bethesda,3,9,12
bethh,0,3,3
bethhh,0,1,1
bethhhhanyyy,1,0,1
bethie,0,1,1
bethind,1,0,1
bethke,0,1,1
bethlehem,1,3,4
bethlehemian,0,1,1
bethlene,1,0,1
bethnal,4,1,5
bethpage,11,3,14
bethroot,1,0,1
beths,6,5,11
bethseda,1,0,1
bethy,4,7,11
bethyy,0,1,1
bethyyyyyyyyy,0,1,1
beti,0,2,2
beticos,1,0,1
betide,3,0,3
betie,0,1,1
betigasele,0,1,1
betika,0,1,1
betime,0,1,1
betina,1,1,2
betis,5,2,7
betisfan,1,0,1
betj,1,0,1
betke,0,1,1
betn,0,3,3
beto,1,4,5
betoane,1,0,1
beton,1,1,2
betos,1,1,2
betr,5,6,11
betray,6,7,13
betrayal,6,2,8
betrayaled,1,0,1
betrayallll,1,0,1
betrayed,46,11,57
betrayer,1,0,1
betraying,5,3,8
betrays,1,0,1
betrothed,0,1,1
betryal,1,0,1
bets,31,56,87
betsey,12,4,16
betseyjohnson,1,0,1
betseys,0,1,1
betsie,1,0,1
betsy,12,15,27
betsys,1,0,1
bett,1,1,2
betta,103,103,206
bettaa,0,1,1
bettaaa,1,0,1
bettaaaa,0,1,1
bettah,3,10,13
bettahhhhh,0,1,1
bettany,3,1,4
bettar,0,1,1
bettas,3,1,4
bettcchhes,0,1,1
bette,7,12,19
betted,1,1,2
betteeerrr,1,0,1
betteman,1,0,1
betten,0,1,1
bettencourrttsss,1,0,1
bettencourt,1,0,1
better,10771,12475,23246
betterbody,0,1,1
betterbthan,0,1,1
betterbut,0,1,1
betterdays,1,0,1
bettered,1,0,1
betterer,0,4,4
bettererer,0,1,1
betterererer,0,1,1
bettergarden,0,1,1
betterget,1,0,1
betterhalf,0,1,1
bettering,1,1,2
betterish,2,0,2
betterm,0,1,1
betterment,0,1,1
betterness,1,0,1
betternow,0,1,1
betterplanetnow,0,1,1
betterr,3,6,9
betterrr,10,5,15
betterrrr,0,2,2
betterrrrr,4,0,4
betterrrrrrrr,0,1,1
betters,3,5,8
bettersooon,1,0,1
bettes,2,0,2
bettet,1,0,1
bettie,5,5,10
betties,2,0,2
bettin,2,1,3
bettina,5,3,8
betting,25,45,70
bettis,0,1,1
bettiye,0,1,1
bettlejuice,0,1,1
bettles,1,0,1
bettmans,1,0,1
bettnie,1,0,1
bettoss,1,0,1
bettr,6,3,9
bettrer,0,1,1
bettrpic,1,0,1
bettry,0,1,1
betts,0,3,3
bettta,0,2,2
betttchhhh,0,1,1
bettter,10,16,26
bettterrr,0,2,2
bettterrrrr,2,0,2
bettterrrrrr,1,0,1
betttt,0,1,1
betttter,0,1,1
betttth,1,0,1
bettttter,2,1,3
betttttter,1,1,2
betttttttt,1,0,1
betttttttter,0,1,1
bettuh,2,0,2
bettur,1,0,1
bettwe,0,1,1
bettwen,0,1,1
betty,98,117,215
bettydraper,0,1,1
bettys,1,6,7
bettywood,1,0,1
bettyyyyy,0,1,1
betul,5,7,12
betulin,0,1,1
betull,1,0,1
betutu,1,0,1
betv,1,1,2
betw,1,1,2
betwe,0,1,1
betweeb,0,1,1
betweeeeen,0,1,1
betweeen,0,1,1
between,919,864,1783
betweenpic,1,0,1
betwees,1,0,1
betwen,0,2,2
betwitter,0,1,1
betwittered,3,0,3
betwittering,0,1,1
betwn,0,1,1
betws,0,1,1
betwsy,1,0,1
betwwen,1,0,1
bety,0,1,1
betzdorf,0,1,1
betzgold,0,1,1
beu,1,0,1
beuatiful,1,6,7
beuaty,0,2,2
beueller,0,1,1
beuh,1,1,2
beuhh,0,1,1
beulah,0,2,2
beuller,0,1,1
beuno,3,2,5
beunos,1,0,1
beup,3,0,3
beupdating,1,0,1
beurit,1,0,1
beurre,0,1,1
beurs,0,1,1
beut,1,0,1
beuties,1,0,1
beutiful,10,15,25
beutifull,1,3,4
beuts,1,0,1
beuty,0,3,3
beuwirth,1,0,1
beuys,0,1,1
bev,19,38,57
bevan,1,0,1
bevarage,0,1,1
bevcenter,1,0,1
bevel,1,0,1
bever,1,0,1
beverage,24,51,75
beverages,15,20,35
bevere,0,2,2
beverely,1,0,1
beverino,0,1,1
beverley,6,5,11
beverly,33,52,85
beverlyy,0,1,1
beverwil,0,1,1
beveryhills,1,0,1
bevie,1,0,1
bevis,0,1,1
bevj,0,1,1
bevmo,2,4,6
bevo,1,0,1
bevor,1,1,2
bevored,1,1,2
bevrages,0,1,1
bevrely,1,0,1
bevries,1,0,1
bevs,0,2,2
bevtown,1,0,1
bevvie,0,1,1
bevvies,1,2,3
bevvvy,0,1,1
bevvy,1,0,1
bevy,2,7,9
bevysmith,0,1,1
bew,5,3,8
bewafaa,2,0,2
beware,50,68,118
bewaree,0,1,1
bewb,0,1,1
bewbew,1,0,1
bewbie,1,0,1
bewbies,1,0,1
bewbs,3,4,7
beween,2,0,2
bewers,1,0,1
bewildered,4,2,6
bewildering,0,1,1
bewilderment,0,1,1
bewilldered,1,0,1
bewitched,2,0,2
bewitching,2,2,4
bewley,1,4,5
bewn,1,0,1
bewonderment,0,1,1
bewrong,1,0,1
bewski,1,1,2
bewteen,3,0,3
bewty,0,1,1
bewuste,0,1,1
beww,1,0,1
bex,12,17,29
bexhill,0,2,2
bexi,0,1,1
bexley,1,1,2
bexleyheath,1,2,3
bexs,1,1,2
bext,1,2,3
bexter,0,2,2
bextor,4,1,5
bexttt,0,1,1
bexx,0,3,3
bexxi,0,1,1
bexxx,1,0,1
bexxyyyy,2,0,2
bexy,0,1,1
bey,15,21,36
beya,0,1,1
beyade,0,1,1
beyaz,0,1,1
beyb,2,1,3
beybe,1,1,2
beybeh,1,3,4
beybey,1,1,2
beybi,0,2,2
beybii,1,0,1
beybiiii,1,0,1
beyd,1,0,1
beydey,0,1,1
beydoun,0,1,1
beye,0,2,2
beyeblessed,0,1,1
beyer,1,0,1
beyers,2,0,2
beymer,1,0,1
beynd,1,0,1
beyo,0,2,2
beyom,0,1,1
beyonc,5,20,25
beyonce,142,186,328
beyonceee,1,1,2
beyonceeee,0,1,1
beyonceeeee,1,0,1
beyonceknowz,0,1,1
beyonces,2,3,5
beyoncesweaveisbiggerthanmycouch,0,1,1
beyond,337,298,635
beyondbasscamp,1,0,1
beyondd,1,0,1
beyondddd,0,1,1
beyondo,1,0,1
beyondtv,1,0,1
beyondz,0,1,1
beyone,1,1,2
beyong,2,0,2
beyoooond,0,1,1
beyotch,2,7,9
beyound,0,1,1
beyrouth,1,0,1
beys,1,0,1
beysht,0,1,1
beysus,2,0,2
beyy,3,1,4
beyyonddd,0,1,1
beyyy,1,1,2
bez,3,3,6
bezeichnend,0,1,1
bezel,5,1,6
bezerk,1,0,1
bezos,0,2,2
bezow,1,0,1
bezz,1,0,1
bezzfran,0,1,1
bezzie,6,1,7
bezzies,0,1,1
bezziez,0,1,1
bezzinnn,0,1,1
bezzy,1,3,4
bezzzieeees,0,1,1
bf,834,533,1367
bfa,0,3,3
bfap,1,0,1
bfast,34,45,79
bfatt,1,0,1
bfb,0,1,1
bfbc,1,0,1
bfbs,1,1,2
bfc,3,1,4
bfd,31,20,51
bfdbfdbfdbfdbfdbfd,0,1,1
bfe,7,7,14
bfeeding,3,1,4
bfeg,0,1,1
bfeldt,1,0,1
bferji,1,0,1
bff,607,531,1138
bffaa,1,0,1
bffabby,1,0,1
bffae,0,1,1
bffaeae,0,2,2
bffaeaeaeaeaeae,0,1,1
bffbrother,1,0,1
bffc,1,0,1
bffe,2,2,4
bffeeee,1,0,1
bfff,9,12,21
bfffe,0,1,1
bffff,1,3,4
bfffff,2,2,4
bffffff,1,0,1
bfffffff,0,1,1
bffffffff,1,0,1
bffffffffffff,0,1,1
bfffffffffffffffffffff,1,0,1
bfffffffffffffffffl,1,0,1
bffffffl,1,0,1
bffffl,1,1,2
bffffllll,0,1,1
bffffls,0,1,1
bffffs,0,1,1
bfffs,0,1,1
bfffyf,0,1,1
bffizzle,0,1,1
bffjordisimo,1,0,1
bffl,21,31,52
bfflafa,0,1,1
bfflbwash,0,1,1
bffls,5,4,9
bfflz,2,1,3
bffmfl,0,1,1
bffmj,1,0,1
bffn,0,1,1
bffr,1,0,1
bffrach,1,0,1
bffs,51,76,127
bfft,0,1,1
bffwiamc,1,0,1
bffy,0,1,1
bffz,1,0,1
bfg,3,3,6
bfgurelgbsr,0,1,1
bfh,7,4,11
bfheroes,1,2,3
bfhf,0,1,1
bfield,0,2,2
bfif,1,0,1
bfing,2,1,3
bfit,0,1,1
bfjejbgrtbgrbgkjhrtgk,1,0,1
bfk,0,1,1
bfl,3,4,7
bflelflefleflfeleflefl,1,0,1
bflight,0,1,1
bflo,4,0,4
bfls,1,0,1
bfly,0,1,1
bfm,1,0,1
bfmv,3,2,5
bfn,4,2,6
bfo,0,1,1
bfor,1,0,1
bford,1,0,1
bfore,6,10,16
bfoyf,1,0,1
bfp,1,0,1
bfr,1,1,2
bfrans,1,0,1
bfriend,1,3,4
bfrizz,1,0,1
bfs,26,16,42
bfsf,1,0,1
bfss,0,1,1
bfst,1,1,2
bfsthat,1,0,1
bft,0,3,3
bfts,2,0,2
bftv,1,0,1
bfu,0,1,1
bful,0,1,1
bfunny,0,1,1
bfv,0,2,2
bg,92,127,219
bgame,0,1,1
bgan,0,1,1
bgates,0,1,1
bgb,1,0,1
bgc,3,1,4
bgckc,0,1,1
bgcolor,0,1,1
bgd,1,2,3
bgdd,1,0,1
bge,0,1,1
bgeezy,0,1,1
bget,0,1,1
bgf,2,1,3
bgff,1,0,1
bgfs,0,1,1
bgg,1,0,1
bggeting,0,1,1
bght,1,1,2
bgirl,1,0,1
bgittu,0,1,1
bglr,1,0,1
bgluxurybandb,0,1,1
bgly,0,1,1
bgm,0,1,1
bgmn,0,1,1
bgmt,3,7,10
bgn,3,0,3
bgnnya,1,0,1
bgoder,1,0,1
bgoing,1,0,1
bgp,1,3,4
bgr,2,0,2
bground,1,2,3
bgs,8,10,18
bgsmc,1,0,1
bgsu,1,0,1
bgt,479,575,1054
bgtalent,2,0,2
bgtd,1,0,1
bgting,0,1,1
bgts,1,0,1
bgttt,2,0,2
bgtttttt,1,0,1
bgukm,1,0,1
bgun,0,1,1
bgus,0,1,1
bgvhif,1,0,1
bh,27,25,52
bha,1,2,3
bhaa,0,1,1
bhaad,1,0,1
bhaaji,0,1,1
bhaat,0,1,1
bhaba,0,1,1
bhabexie,0,2,2
bhabexiee,0,1,1
bhabhi,0,4,4
bhad,0,1,1
bhadhs,2,0,2
bhaf,1,0,1
bhaga,0,2,2
bhagavad,2,0,2
bhagavan,1,0,1
bhagwaan,0,1,1
bhagwan,0,1,1
bhagyadevatha,0,1,1
bhah,1,0,1
bhaha,3,6,9
bhahaaha,1,0,1
bhahaha,1,1,2
bhahahah,1,1,2
bhahahaha,1,2,3
bhahahahah,0,1,1
bhahahahahahahaha,1,0,1
bhahahahahahha,0,1,1
bhahbhahbhahhbahbhhbhbhbbbbbllllaaaahhhh,0,1,1
bhahhaha,0,1,1
bhai,6,10,16
bhainji,0,1,1
bhaio,1,0,1
bhaisaab,0,1,1
bhaiya,1,1,2
bhaji,1,3,4
bhajis,0,1,1
bhajji,1,1,2
bhakarvadi,0,1,1
bhakti,0,1,1
bhala,1,0,1
bhalo,1,3,4
bham,19,13,32
bhammonds,1,0,1
bhan,0,1,1
bhander,1,0,1
bhane,0,2,2
bhangra,2,5,7
bhappi,0,1,1
bhar,0,1,1
bharatidasan,1,0,1
bhard,0,1,1
bhari,0,1,1
bharia,0,1,1
bhasad,1,0,1
bhateja,0,1,1
bhaths,1,0,1
bhati,0,1,1
bhatkoin,0,1,1
bhatt,1,2,3
bhattaraibaburam,0,1,1
bhau,0,1,1
bhav,0,1,1
bhavan,1,1,2
bhavika,0,1,1
bhavy,1,0,1
bhawan,0,1,1
bhawani,1,0,1
bhawna,1,0,1
bhayangara,1,0,1
bhaye,0,1,1
bhayo,0,2,2
bhayyas,1,0,1
bhayyia,0,1,1
bhb,4,4,8
bhcc,0,1,1
bhcosmetics,0,1,1
bhe,0,3,3
bheedu,0,1,1
bheege,0,1,1
bheemas,1,0,1
bheer,0,1,1
bhej,1,1,2
bhejo,0,3,3
bhejtee,1,1,2
bhel,0,3,3
bhestfriend,0,1,1
bhex,0,1,1
bhexiee,0,1,1
bhf,1,0,1
bhhf,1,0,1
bhhs,1,0,1
bhi,13,20,33
bhick,0,1,1
bhie,0,1,1
bhihihih,0,1,1
bhikaari,0,1,1
bhikras,0,1,1
bhilk,0,1,1
bhind,3,1,4
bhindis,1,0,1
bhitchesss,1,0,1
bhk,2,1,3
bhkan,1,0,1
bhkj,0,1,1
bhliain,0,1,1
bhms,0,1,1
bho,4,1,5
bhogle,0,1,1
bholi,1,1,2
bhoomi,1,0,1
bhopal,2,0,2
bhos,0,1,1
bhours,0,1,1
bhoy,2,3,5
bhoys,0,1,1
bhp,3,1,4
bhr,2,1,3
bhramaputra,0,1,1
bhrusda,1,0,1
bhs,6,10,16
bhsg,0,1,1
bht,0,1,1
bhu,1,0,1
bhua,0,2,2
bhugatna,1,0,1
bhuhuhuhuhuhuhuh,1,0,1
bhuja,1,0,1
bhujiya,1,0,1
bhuki,0,1,1
bhula,1,0,1
bhulneka,0,1,1
bhuna,1,0,1
bhunny,1,0,1
bhupathi,1,0,1
bhusseino,1,0,1
bhusseinobamawanda,0,1,1
bhut,3,0,3
bhutan,1,3,4
bhutanese,0,1,1
bhutia,0,1,1
bhutta,1,1,2
bhutwholemagik,1,0,1
bhw,0,1,1
bi,68,84,152
bia,10,16,26
biaaaaaathhh,1,0,1
biaaatch,2,1,3
biab,0,1,1
biach,1,1,2
biachang,0,1,1
biafra,1,1,2
bial,1,0,1
bialetti,0,1,1
biall,3,0,3
bialystok,0,1,1
biam,1,0,1
bian,2,1,3
bianc,1,0,1
bianca,18,41,59
biancaaaa,0,1,1
biancas,1,1,2
bianchi,1,1,2
bianco,2,2,4
bianconero,0,1,1
biancs,0,2,2
bianka,0,2,2
biannual,1,1,2
bianquaisha,0,1,1
bianx,1,2,3
bianxx,0,1,1
biao,0,1,1
biap,1,0,1
biar,3,5,8
biarch,1,0,1
biarin,1,0,1
biarkan,0,1,1
biarritz,1,0,1
bias,14,32,46
biasa,3,3,6
biasanya,2,5,7
biasanyaa,0,1,1
biase,0,2,2
biased,21,62,83
biases,1,0,1
biast,0,1,1
biata,0,1,1
biatcchhhhhhh,0,1,1
biatch,40,39,79
biatches,5,13,18
biatchh,2,0,2
biatchhh,0,1,1
biatchhhh,0,1,1
biatchhhhhhhh,0,1,1
biathes,0,1,1
biatttchhh,1,0,1
biazo,0,1,1
bib,9,16,25
biba,1,1,2
bibah,1,1,2
bibbik,1,0,1
bibbledee,0,1,1
bibbles,0,1,1
bibby,1,1,2
bibd,1,0,1
bibeh,0,1,1
bibi,7,8,15
bibiana,0,1,1
bibies,0,1,1
bibigyan,0,1,1
bibiki,0,1,1
bibil,0,1,1
bibili,1,1,2
bibingka,0,1,1
bibis,1,0,1
bibisita,1,0,1
bibiy,1,2,3
bible,105,200,305
biblegateway,3,1,4
bibleleague,1,0,1
bibles,3,6,9
bibleschool,0,1,1
biblestudy,0,1,1
biblethumping,0,1,1
bibleworks,1,0,1
biblical,5,9,14
biblicaled,1,0,1
biblically,0,2,2
biblio,1,0,1
bibliografick,0,1,1
bibliography,5,2,7
bibliopet,0,1,1
biblioteca,1,1,2
biblioth,0,1,1
bibliothek,0,1,1
biblography,1,0,1
bibo,1,2,3
bibs,2,2,4
bibu,1,0,1
biby,1,0,1
bibzee,0,1,1
bic,4,2,6
bicalho,0,1,1
bicarain,1,1,2
bicasso,0,1,1
bicause,1,0,1
biccie,1,1,2
biccies,3,0,3
biccy,0,1,1
bicentenial,0,1,1
bicentennial,1,2,3
bicep,9,2,11
biceps,5,5,10
bicept,1,0,1
bicester,0,3,3
bich,1,1,2
bichar,1,0,1
bichara,0,1,1
biches,0,1,1
bichin,0,1,1
bichito,0,1,1
bichner,0,1,1
bichon,0,4,4
bichons,0,2,2
bichoooooooooo,0,1,1
bichota,1,0,1
bichy,2,0,2
bicicle,0,2,2
bicicleta,1,2,3
bicicletaaa,0,1,1
bicicletele,0,1,1
bicikel,1,0,1
bick,1,1,2
bicker,1,5,6
bickered,1,0,1
bickering,3,13,16
bickies,1,2,3
bickmore,1,0,1
bicmac,0,1,1
bicoastal,1,1,2
bicol,4,1,5
bicostal,1,0,1
bics,0,3,3
bictch,0,1,1
bicton,1,0,1
bicurious,0,1,1
bicuspid,1,0,1
bicycle,45,78,123
bicycles,8,12,20
bicycling,1,5,6
bicyclist,4,0,4
bicyclists,1,0,1
bid,103,73,176
bidai,0,1,1
bidbo,0,1,1
bidded,1,1,2
bidden,1,1,2
bidder,7,3,10
bidders,3,2,5
biddieeeeee,0,1,1
biddies,4,1,5
bidding,29,30,59
biddle,1,1,2
biddulphs,0,1,1
biddy,5,3,8
biddys,0,2,2
bide,2,2,4
bideawee,1,0,1
biden,3,10,13
bidet,1,3,4
bidi,1,0,1
biding,1,2,3
bidirectional,1,0,1
bidlesstravel,0,1,1
bidness,3,5,8
bidnesz,0,1,1
bidor,0,1,1
bidorbuy,0,1,1
bids,22,12,34
bidu,1,0,1
bidule,1,0,1
bidvertiser,1,0,1
bidwell,5,7,12
bidwellll,0,1,1
bidwells,0,1,1
bidy,2,0,2
bie,6,7,13
biebel,0,2,2
bieber,3,10,13
biebie,1,0,1
biebob,1,0,1
biecth,1,0,1
biedermann,0,1,1
bieeeeeeeeeeeen,1,0,1
bieeen,0,1,1
biege,1,0,1
biehn,0,1,1
bieksa,0,1,1
biel,2,6,8
bielany,0,1,1
bielefeld,1,2,3
bieler,0,1,1
bielive,1,0,1
bien,13,28,41
bienazir,1,0,1
bienenstich,0,1,1
bieng,7,0,7
bienn,0,1,1
biennale,1,2,3
bient,2,6,8
bientot,0,5,5
bienvenido,0,2,2
bienvenidos,1,1,2
bienvenue,1,4,5
bienvu,1,0,1
bier,3,5,8
bierce,0,1,1
biergarten,3,1,4
bierkeller,1,0,1
biersch,1,0,1
bierstube,0,1,1
bierwurst,0,1,1
bies,1,0,1
biet,4,1,5
bieurk,0,1,1
bievenido,0,1,1
biew,0,1,1
bif,5,3,8
bifday,0,2,2
biff,10,14,24
biffday,0,1,1
biffed,1,0,1
biffel,0,4,4
biffels,1,0,1
biffer,1,0,1
bifff,0,2,2
biffffel,1,0,1
biffi,1,0,1
biffies,0,1,1
biffle,14,13,27
biffles,5,5,10
bifflesss,1,0,1
biffo,1,0,1
biffs,0,3,3
biffy,6,4,10
biffyyyy,1,0,1
bifida,0,1,1
bifidobacterium,0,1,1
bifnaked,1,0,1
bifocals,3,2,5
bifrost,1,0,1
bifs,1,0,1
big,5241,5936,11177
biga,2,0,2
bigal,0,1,1
bigall,1,0,1
bigalow,1,0,1
bigambition,0,1,1
bigant,1,0,1
bigart,0,1,1
bigass,3,2,5
bigat,1,0,1
bigbadaboom,0,1,1
bigband,0,1,1
bigbang,2,2,4
bigbangs,1,0,1
bigbby,1,0,1
bigbear,1,0,1
bigben,0,1,1
bigbig,1,1,2
bigbigbig,0,1,1
bigbigbighug,1,0,1
bigbird,2,2,4
bigbootyjudy,0,1,1
bigboy,0,1,1
bigbro,1,0,1
bigbrother,8,25,33
bigbury,1,0,1
bigcartel,0,1,1
bigced,0,1,1
bigchip,4,0,4
bigchips,1,0,1
bigcity,0,1,1
bigcitydiner,0,1,1
bigcitydreams,0,1,1
bigcry,1,0,1
bigd,2,7,9
bigdealmoms,1,0,1
bigdesign,0,1,1
bigdownload,0,1,1
bigeast,0,1,1
bigee,0,1,1
bigego,0,2,2
bigelf,0,1,1
bigelow,1,1,2
biger,2,0,2
bigest,1,4,5
bigeye,0,1,1
bigeyes,2,0,2
bigfan,1,2,3
bigfanfriday,1,6,7
bigfishgame,0,1,1
bigfoot,2,3,5
bigfun,0,1,1
bigg,10,11,21
bigga,0,3,3
biggar,1,1,2
biggby,3,2,5
biggdink,0,1,1
bigge,1,0,1
bigged,1,0,1
bigger,350,386,736
biggerhead,1,0,1
biggerpockets,1,0,1
biggerstaff,0,1,1
biggerstrongerfaster,0,1,1
biggerthanelvis,1,0,1
biggest,469,445,914
biggestloser,1,0,1
biggestsquezziestbearhug,0,1,1
biggestt,0,1,1
biggets,1,0,1
biggg,8,6,14
biggger,0,1,1
bigggest,3,1,4
bigggg,3,5,8
biggggg,2,0,2
bigggggg,0,1,1
biggggggg,2,0,2
bigggggggggggggggggggg,0,1,1
biggi,0,1,1
biggie,34,61,95
biggies,0,2,2
biggin,0,3,3
bigging,0,1,1
biggins,3,0,3
biggleswade,0,1,1
bigglesworth,0,1,1
biggovhealth,1,0,1
biggs,3,1,4
biggums,1,0,1
biggun,1,1,2
biggup,1,0,1
biggups,0,1,1
biggy,1,10,11
biggz,1,0,1
biggzy,1,1,2
biggzyxo,0,1,1
bighead,2,7,9
bigheaded,1,0,1
bighearted,0,1,1
bighouse,1,0,1
bight,3,0,3
bightside,0,1,1
bighuge,0,1,1
bighugs,2,1,3
bigi,0,2,2
bigillion,1,0,1
bigint,1,0,1
bigios,0,1,1
bigiphone,0,1,1
bigish,0,2,2
bigjstl,1,0,1
bigkiss,0,1,1
bigl,2,0,2
bigla,3,0,3
biglang,2,0,2
biglil,1,0,1
bigloss,1,0,1
biglots,1,2,3
bigm,0,1,1
bigmac,1,3,4
bigmed,1,0,1
bigmikeclemons,0,1,1
bigmouth,1,1,2
bigmouths,0,1,1
bigness,0,1,1
bigo,2,0,2
bigoldgator,0,1,1
bigomaha,0,2,2
bigonce,0,2,2
bigos,0,1,1
bigot,0,2,2
bigoted,1,1,2
bigotous,1,0,1
bigotry,6,2,8
bigots,1,3,4
bigotted,1,0,1
bigpamadvice,0,1,1
bigpharm,1,0,1
bigpond,7,1,8
bigpoppa,0,1,1
bigpurpledreams,0,1,1
bigpurpleheart,0,1,1
bigram,0,1,1
bigred,1,0,1
bigreddog,1,0,1
bigreen,0,1,1
bigrig,1,0,1
bigrigtravels,0,1,1
bigrun,0,1,1
bigs,1,3,4
bigscreen,1,2,3
bigshort,1,0,1
bigshorty,0,1,1
bigshot,2,0,2
bigshouts,0,1,1
bigshow,0,1,1
bigsis,1,1,2
bigsky,0,1,1
bigsmileeee,1,0,1
bigsoulcuddles,0,1,1
bigspaceship,0,1,1
bigst,0,1,1
bigstuf,2,0,2
bigtable,0,1,1
bigteisha,1,0,1
bigtime,38,15,53
bigtimemarket,0,1,1
bigtoach,1,0,1
bigtop,1,0,1
bigtweet,1,0,1
bigums,1,0,1
bigup,1,3,4
bigups,0,3,3
bigupsfriday,0,1,1
bigupz,0,1,1
bigw,2,0,2
bigwavedude,0,1,1
bigweekend,1,1,2
bigwetkissous,0,1,1
bigwhiskey,1,0,1
bigwig,0,1,1
bigwigs,1,0,1
bigwood,0,1,1
bigworm,1,0,1
bigyan,0,1,1
bigz,1,1,2
bigzxo,0,2,2
bigzy,1,1,2
bih,2,1,3
bihar,4,0,4
bihhhhhh,1,0,1
bihtwt,2,0,2
bii,2,1,3
biiatch,1,0,1
biig,2,5,7
biigest,1,0,1
biigg,1,0,1
biiggg,0,1,1
biii,0,1,1
biiiatch,0,1,1
biiig,12,7,19
biiigg,1,1,2
biiiggg,0,1,1
biiigggest,1,0,1
biiigtime,1,0,1
biiiig,8,3,11
biiiiig,0,4,4
biiiiiggggg,0,1,1
biiiiii,0,1,1
biiiiiig,3,1,4
biiiiiiig,1,1,2
biiiiiiiggerrrrr,1,0,1
biiiiiiiggggg,0,1,1
biiiiiiiig,0,1,1
biiiiiiiiig,0,1,1
biiiiiiiiiiig,2,0,2
biiiiiiiiiiiiiig,1,0,1
biiiiiiiiiiitch,0,1,1
biiiiiiiirthday,0,1,1
biiiiiiiitch,1,1,2
biiiiiiirchhh,1,0,1
biiiiiiirthdaaaay,0,1,1
biiiiiiirthday,0,1,1
biiiiiiit,0,1,1
biiiiiiitch,2,0,2
biiiiiing,0,1,1
biiiiiitch,1,0,1
biiiiitch,2,1,3
biiiiitches,0,1,1
biiiiitttttch,1,0,1
biiiike,0,1,1
biiiio,1,0,1
biiiip,1,0,1
biiiirfday,0,1,1
biiiirrrttthhddaayy,0,1,1
biiiirthday,1,1,2
biiiitch,3,4,7
biiiitches,1,0,1
biiiitchh,0,1,1
biiip,0,1,1
biiirffdayy,0,1,1
biiirrthday,0,1,1
biiirthdaaay,0,1,1
biiirthday,0,1,1
biiit,1,1,2
biiitch,2,4,6
biiitches,1,0,1
biill,0,1,1
biily,0,1,1
biim,1,0,1
biiootch,1,0,1
biiotch,1,0,1
biiq,0,1,1
biirthd,0,1,1
biirthday,3,1,4
biis,0,1,1
biish,1,0,1
biit,1,1,2
biitch,1,3,4
biitches,1,0,1
biites,1,0,1
bij,1,4,5
bijan,0,1,1
bijebus,0,1,1
biji,0,2,2
bijillion,1,1,2
bijluh,0,1,1
bijou,4,2,6
bijoy,1,0,1
biju,0,3,3
bijuterii,0,1,1
bik,0,2,2
bikanerwala,1,0,1
bikarma,1,0,1
bike,1236,1010,2246
bikeathon,3,0,3
biked,16,15,31
bikedo,1,0,1
bikee,1,0,1
bikefest,1,0,1
bikeing,1,1,2
bikeless,2,0,2
bikemap,0,1,1
bikepure,0,1,1
biker,8,21,29
bikeradar,1,0,1
bikerboyd,0,1,1
bikeride,5,11,16
bikerides,0,1,1
bikeriding,0,1,1
bikers,10,13,23
bikes,94,97,191
bikeshed,1,0,1
biketastic,0,1,1
biketo,1,0,1
biketour,1,0,1
biketowork,0,1,1
biketrader,1,0,1
bikewalk,0,1,1
bikeway,0,1,1
bikeweek,1,0,1
bikey,1,0,1
bikeys,0,1,1
bikhchandani,0,1,1
biki,0,2,2
bikie,1,0,1
bikin,16,24,40
bikindalingual,0,1,1
biking,96,111,207
bikingnut,1,0,1
bikini,90,150,240
bikinians,0,1,1
bikinii,0,1,1
bikiniiiii,1,0,1
bikinis,14,18,32
bikinitiiiiiiiiiiime,0,1,1
bikinni,3,0,3
bikki,1,1,2
bikkies,1,2,3
bikkit,0,1,1
bikni,1,0,1
biknightual,1,1,2
biko,0,1,1
bikram,16,14,30
bikrkin,0,1,1
bikrum,1,0,1
biky,0,1,1
bil,12,11,23
bila,3,1,4
bilal,5,2,7
bilan,0,1,1
bilang,15,10,25
bilangin,1,1,2
bilantul,0,1,1
bilar,1,0,1
bilaro,0,1,1
bilateral,0,1,1
bilawa,1,0,1
bilayers,1,0,1
bilbao,0,7,7
bilbo,1,0,1
bilboards,0,1,1
bilby,1,0,1
bild,0,3,3
bilder,0,1,1
bilderberg,1,0,1
bildspr,0,1,1
bildungsstreik,1,0,1
bile,7,7,14
bilecik,1,0,1
biletnikoff,0,1,1
biletul,0,1,1
bileve,1,0,1
bilg,1,0,1
bilgi,0,1,1
bilhetes,0,1,1
bili,1,0,1
bilib,1,0,1
biligual,0,1,1
bilihin,1,0,1
bilik,1,1,2
bilingual,4,8,12
bilingualism,1,0,1
bilingually,0,1,1
bilinked,1,0,1
bilions,0,1,1
bilirubin,0,1,1
bilis,3,4,7
biliv,1,0,1
biljack,1,0,1
biljana,0,1,1
biljetterna,0,1,1
bilko,0,1,1
bilky,1,0,1
bill,665,424,1089
billa,2,0,2
billable,4,1,5
billabong,2,6,8
billam,0,1,1
billards,1,2,3
billardtournament,0,1,1
billboard,7,20,27
billboarded,1,0,1
billboarding,0,1,1
billboards,5,8,13
billbob,1,0,1
billcammack,0,1,1
billecart,0,1,1
billed,3,2,5
billeeeeer,0,1,1
billericay,1,0,1
billet,1,0,1
billeting,1,1,2
billetproof,1,0,1
billets,1,0,1
billflo,0,1,1
billfold,1,0,1
billg,1,1,2
billhartzer,1,0,1
billi,3,1,4
billiard,1,2,3
billiards,4,3,7
billibub,1,0,1
billick,0,1,1
billie,21,38,59
billied,1,0,1
billiegoat,0,1,1
billies,1,2,3
billiger,0,1,1
billin,0,1,1
billindetroit,1,0,1
billing,28,39,67
billingham,0,1,1
billings,5,5,10
billion,76,78,154
billionair,0,1,1
billionaire,6,6,12
billionaires,1,1,2
billionith,0,1,1
billionn,0,1,1
billions,14,11,25
billionth,5,5,10
billiontrilliongazillion,1,0,1
billl,2,1,3
billllie,0,1,1
billlllliiieee,0,1,1
billls,1,1,2
billof,0,1,1
billog,0,1,1
billon,0,1,1
billowing,2,1,3
billows,0,1,1
billpay,1,0,1
bills,380,136,516
billshare,1,0,1
billshrink,0,1,1
billsies,1,0,1
billster,0,1,1
billtornade,0,1,1
billtown,0,1,1
billu,0,2,2
billubhai,1,0,1
billund,1,0,1
billups,2,1,3
billy,172,280,452
billybragsters,0,1,1
billyburg,2,0,2
billycyrus,1,0,1
billyidol,0,2,2
billyjoel,0,1,1
billymccookieface,0,1,1
billyray,0,1,1
billyraycyrus,0,1,1
billys,4,0,4
billyy,0,1,1
billyyyy,1,0,1
billyyyyy,0,2,2
billyyyyyyyyyyyyyy,0,1,1
billz,2,0,2
billzzz,1,0,1
bilo,2,3,5
biloba,0,1,1
bilogy,1,2,3
bilology,1,1,2
biloxi,3,4,7
bilp,0,1,1
bils,2,0,2
bilson,1,1,2
biltmore,4,5,9
biltong,2,5,7
bilu,1,1,2
bily,1,0,1
bim,3,0,3
bimbel,0,1,1
bimble,0,1,1
bimbo,9,4,13
bimbos,1,0,1
bimbotic,1,0,1
bimbs,0,1,1
bimini,2,1,3
bimm,1,0,1
bimma,0,1,1
bimme,1,0,1
bimmer,3,2,5
bimmerfest,0,1,1
bimo,0,1,1
bimonthly,0,1,1
bimouw,0,1,1
bims,0,1,1
bin,190,98,288
bina,0,3,3
binaba,1,0,1
binaculars,0,1,1
binago,0,1,1
binalot,0,1,1
binaries,0,1,1
binary,15,17,32
binarycake,0,2,2
binas,1,1,2
binati,1,0,1
binaural,0,3,3
binawi,0,1,1
binbrook,0,1,1
binc,0,1,1
binchassness,1,0,1
binchey,1,0,1
bind,8,7,15
binder,13,7,20
bindering,1,0,1
binders,3,3,6
bindery,0,1,1
bindii,1,1,2
binding,14,8,22
bindings,4,1,5
bindippers,1,0,1
binds,1,1,2
bindys,1,0,1
bindz,1,0,1
bine,4,4,8
binfamily,0,1,1
binformation,1,0,1
bing,155,400,555
binga,1,0,1
bingah,0,2,2
bingcast,0,1,1
bingd,0,1,1
binge,29,28,57
binged,5,4,9
bingeing,1,0,1
bingemans,1,0,1
bingen,0,1,1
binges,1,0,1
bingexperiment,0,1,1
bingfail,1,0,1
bingfu,0,1,1
bingham,0,1,1
binghamton,2,2,4
binging,4,11,15
bingits,0,1,1
bingle,0,1,1
bingled,1,0,1
bingley,0,2,2
bingo,58,64,122
bingobase,1,0,1
bingofaces,1,0,1
bingoforum,0,1,1
bingooooo,0,1,1
bingos,1,0,1
bings,0,3,3
bingsucks,0,1,1
bingtone,0,1,1
bingum,0,1,1
bingung,6,1,7
bingungggg,1,0,1
bingy,1,0,1
binh,3,1,4
binhi,3,0,3
binhnt,1,0,1
bini,2,1,3
binigay,0,1,1
binions,1,0,1
bink,4,0,4
binka,0,2,2
binkerrrr,0,1,1
binkers,1,0,1
binki,0,1,1
binkie,2,4,6
binkies,0,2,2
binkis,0,1,1
binkle,1,0,1
binks,3,2,5
binky,4,3,7
binladen,1,0,1
binmen,1,0,1
binn,1,0,1
binnage,1,0,1
binnall,0,1,1
binne,1,0,1
binned,6,2,8
binnenkort,0,1,1
binnews,0,1,1
binning,1,1,2
binny,0,1,1
binnys,1,0,1
bino,0,2,2
binocs,0,1,1
binocular,0,1,1
binoculars,5,5,10
binondo,2,2,4
binoy,0,1,1
binques,0,1,1
bins,15,2,17
binstruct,1,0,1
binsville,1,0,1
bint,6,4,10
bintan,4,2,6
bintang,0,4,4
bintaro,0,2,2
bintarotu,0,2,2
binthia,1,0,1
bintulu,2,0,2
binu,1,0,1
binus,2,1,3
binusians,1,0,1
binwei,0,1,1
binwin,0,1,1
binx,2,5,7
bio,299,319,618
bioavailability,1,0,1
biobay,2,0,2
biobeers,0,1,1
bioblock,1,0,1
biocch,0,1,1
biocera,0,1,1
biochem,14,3,17
biochemical,1,0,1
biochemistry,8,3,11
biocon,1,0,1
biocutter,0,1,1
biodad,1,0,1
biodegradable,0,3,3
biodegrdble,1,0,1
biodiesel,0,1,1
biodynamic,0,1,1
bioengineering,0,1,1
bioestatistics,1,0,1
bioethics,1,0,1
biof,1,0,1
biofeedback,0,1,1
bioflick,1,0,1
bioflu,0,1,1
biofreeze,1,0,1
biofuel,1,0,1
biog,2,4,6
biogesic,1,1,2
biographies,0,1,1
biography,12,11,23
biohazard,2,0,2
biohell,1,0,1
bioinformatics,0,1,1
biokul,1,0,1
biol,5,2,7
biola,1,1,2
biolgy,1,0,1
biolife,1,0,1
bioligy,1,0,1
bioljo,0,1,1
biologi,1,1,2
biologic,1,0,1
biological,17,9,26
biologie,1,0,1
biologist,1,2,3
biologists,0,1,1
biology,302,139,441
biologyyy,0,1,1
biologyyyy,0,1,1
biologyyyyy,1,0,1
bioluminescent,0,1,1
biomass,0,2,2
biomaster,1,0,1
biomat,0,1,1
biomechanics,1,0,1
biomed,0,1,1
biomedical,0,3,3
biomekkanik,1,1,2
biometric,2,2,4
biometricks,0,1,1
bionator,1,0,1
bionda,0,1,1
biongo,1,0,1
bioni,0,1,1
bionic,10,11,21
bioniccommando,1,0,1
bionicle,0,1,1
bionik,0,1,1
bionomial,1,0,1
biooo,1,0,1
bioootcchh,1,0,1
bioottcchhh,0,1,1
biop,1,0,1
bioperl,0,1,1
biopharmaceutical,2,1,3
biopic,1,2,3
biopsies,2,0,2
biopsy,13,7,20
biorama,1,0,1
biorapher,0,1,1
biore,1,2,3
bioremediation,0,1,1
biorna,0,1,1
bios,21,8,29
bioshick,0,1,1
bioshock,18,18,36
biosphere,1,1,2
biostatistics,2,0,2
biostats,1,0,1
biotch,15,14,29
biotches,2,2,4
biotchy,0,1,1
biotec,1,0,1
biotech,2,3,5
biotechnology,1,2,3
biotic,1,1,2
biotics,11,4,15
biotin,1,1,2
biotweeps,0,1,1
bioware,7,3,10
bioy,0,1,1
bip,2,1,3
bipap,0,1,1
bipe,1,0,1
biped,0,1,1
bipedal,1,0,1
biphobia,0,1,1
bipolar,40,23,63
bipolarbear,1,0,1
bipolarity,0,1,1
bippy,0,1,1
biq,4,6,10
biqqer,0,1,1
biqqest,0,1,1
bir,1,1,2
biram,0,1,1
birangi,0,1,1
biraz,1,0,1
birbigs,0,1,1
birbirine,0,1,1
birch,9,6,15
birchard,1,0,1
birchel,0,1,1
birches,1,0,1
birchwood,0,1,1
bird,607,440,1047
birday,0,1,1
birdbath,1,1,2
birdboot,1,0,1
birdcage,0,4,4
birder,0,1,1
birders,0,1,1
birdfeeder,2,1,3
birdfeeders,1,0,1
birdfood,1,0,1
birdfree,0,1,1
birdgang,0,2,2
birdhotel,1,0,1
birdhouse,5,9,14
birdhouses,1,1,2
birdie,46,28,74
birdied,2,0,2
birdies,27,25,52
birding,2,3,5
birdlife,1,0,1
birdman,5,4,9
birdmaniac,0,1,1
birdmen,1,0,1
birdnoises,1,0,1
birdo,0,1,1
birdpoop,1,0,1
birds,337,442,779
birdseed,3,0,3
birdshit,1,0,1
birdsong,8,11,19
birdsongs,1,0,1
birdspotter,0,1,1
birdsssss,0,1,1
birdstone,0,1,1
birdwatchers,1,0,1
birdwatching,1,1,2
birdworld,0,1,1
birdy,23,24,47
birdybird,0,1,1
birdz,1,0,1
birede,0,1,1
bireln,0,1,1
birf,0,2,2
birfdaaay,0,1,1
birfdai,0,1,1
birfday,11,30,41
birfdayy,1,0,1
birfdayyy,1,1,2
birffday,0,11,11
birffdayy,0,1,1
birffdayyy,0,1,1
birfffday,0,3,3
birffffday,0,1,1
birger,1,0,1
birght,0,2,2
birgit,0,1,1
birhday,2,3,5
birhdaypartyyyyy,0,1,1
birhtday,2,4,6
birimgham,0,1,1
biring,1,0,1
birite,1,0,1
birithday,0,1,1
biriyaani,0,1,1
biriyani,2,4,6
birk,0,1,1
birkan,0,1,1
birkelunden,0,1,1
birken,1,0,1
birkenhead,1,1,2
birkenstocks,4,1,5
birkin,0,1,1
birkirkara,0,1,1
birks,0,1,1
birla,0,1,1
birleanu,1,0,1
birley,0,1,1
birling,0,1,1
birm,3,0,3
birman,1,1,2
birming,0,1,1
birmingham,109,88,197
birminghamcarnival,1,0,1
birminghams,1,1,2
birminham,1,0,1
birmo,1,0,1
birmy,1,0,1
birmz,2,0,2
birnbaum,0,1,1
birned,1,0,1
birng,0,1,1
biro,2,1,3
biros,1,0,1
birou,0,1,1
biroul,0,1,1
birra,0,3,3
birralee,0,1,1
birrffffdayyyy,0,1,1
birrov,0,1,1
birrova,1,0,1
birrrfdayyyy,0,1,1
birrrrthday,1,0,1
birrthday,0,2,2
birrthdayyy,1,0,1
birrthhdaayyy,0,1,1
birsday,0,1,1
birstall,1,0,1
birt,0,1,1
birtday,3,9,12
birtdayyyy,0,1,1
birth,97,142,239
birthay,5,4,9
birthboy,0,1,1
birthd,0,1,1
birthdaaaaaaaaaay,0,1,1
birthdaaaaaaaay,0,1,1
birthdaaaaaaay,0,1,1
birthdaaaaaay,0,3,3
birthdaaaaay,1,2,3
birthdaaaay,0,6,6
birthdaaaayyy,0,1,1
birthdaaaayyyy,0,1,1
birthdaaay,3,6,9
birthdaaayyyyy,0,1,1
birthdaay,1,6,7
birthdaayyy,0,1,1
birthdaiz,0,1,1
birthdasy,0,1,1
birthdate,1,7,8
birthdates,1,0,1
birthdaty,0,1,1
birthdauy,0,1,1
birthday,2704,7701,10405
birthdaygift,1,0,1
birthdaying,0,2,2
birthdayparty,0,9,9
birthdaypresent,0,5,5
birthdays,61,121,182
birthdayto,0,1,1
birthdayu,0,1,1
birthdaywish,1,0,1
birthdayy,5,32,37
birthdayyy,2,28,30
birthdayyyy,4,9,13
birthdayyyyy,0,3,3
birthdayyyyyy,0,9,9
birthdayyyyyyy,0,3,3
birthdayyyyyyyy,0,1,1
birthdayyyyyyyyy,0,3,3
birthdayyyyyyyyyyy,0,2,2
birthdayyyyyyyyyyyy,0,1,1
birthdayyyyyyyyyyyyyyyyyyyyyyyyyyyyyyyyy,0,1,1
birthddayyyyyy,1,1,2
birthdizzle,0,1,1
birthdy,0,2,2
birthdya,0,1,1
birtheater,1,0,1
birthed,0,5,5
birtheday,0,1,1
birther,2,0,2
birthgany,1,0,1
birthhdayyy,0,1,1
birthhhdaayyyyyyy,0,1,1
birthhhday,0,1,1
birthhhdayyyy,0,1,1
birthhhhday,0,1,1
birthhhhdddaayyyy,0,1,1
birthhotel,0,1,1
birthing,2,3,5
birthjetlagday,0,1,1
birthmark,1,2,3
birthmarks,1,0,1
birthmonth,1,3,4
birthnight,0,1,1
birthnite,0,1,1
birthplace,3,2,5
birthquake,0,1,1
birthright,2,2,4
births,2,2,4
birthsday,0,1,1
birthstone,1,0,1
birthweek,0,4,4
birtney,1,1,2
birtthday,0,1,1
birttthhhddaaayyy,1,0,1
biru,2,0,2
biryani,5,7,12
bis,16,13,29
bisa,30,21,51
bisaa,1,0,1
bisaaaaa,0,1,1
bisaaaaaaaaaa,1,0,1
bisai,1,0,1
bisante,1,1,2
bisbee,1,0,1
bisbilhotando,0,1,1
bisc,1,0,1
biscaje,1,0,1
biscayne,0,4,4
bisch,1,0,1
bischoff,1,0,1
biscle,1,0,1
bisco,0,1,1
biscotti,2,6,8
biscottis,0,1,1
biscuit,56,63,119
biscuithead,1,0,1
biscuits,94,128,222
biscuittmfs,0,1,1
biscuity,1,0,1
biscum,0,1,1
biscut,0,2,2
biscutes,1,0,1
biscutis,1,0,1
biscuts,4,3,7
bisect,1,0,1
bisecting,1,0,1
bisen,1,0,1
biseps,0,1,1
bises,0,2,2
bisexual,8,5,13
bisexuality,0,1,1
bisexuallllll,0,1,1
bish,16,15,31
bisha,0,1,1
bishan,3,4,7
bishes,4,4,8
bishh,1,1,2
bishhh,0,1,1
bishonen,1,1,2
bishop,18,18,36
bishops,1,5,6
bishopsgate,0,1,1
bishopstorford,0,1,1
bishounen,0,1,1
bishy,3,0,3
bising,1,0,1
bisk,0,1,1
biskit,1,1,2
biskitts,1,0,1
biskup,0,1,1
biskwits,0,1,1
bisley,0,1,1
bismal,2,0,2
bismanonline,1,0,1
bismarck,1,2,3
bismikaallahumaahya,0,1,1
bismillah,1,3,4
bismo,1,0,1
bismol,4,1,5
bismonte,0,1,1
bisnis,2,2,4
bison,1,12,13
bisou,0,1,1
bisounours,1,0,1
bisous,2,3,5
bisouuus,0,1,1
bisque,3,1,4
bisquet,0,1,1
bisquick,0,2,2
bisquit,1,0,1
bisquits,1,2,3
biss,0,1,1
bisse,1,0,1
bissel,0,2,2
bissell,2,0,2
bissen,0,1,1
bisset,0,1,1
bissett,0,1,1
bissh,0,1,1
bissl,0,1,1
bissli,0,1,1
bissonette,1,0,1
bissy,0,1,1
bist,3,2,5
bistate,1,0,1
biste,1,0,1
bistec,0,1,1
bisted,1,0,1
bistek,0,1,1
bister,0,1,1
bisto,1,0,1
bistra,0,1,1
bistro,11,23,34
bistrotheque,0,1,1
bisuit,0,1,1
bisuits,2,0,2
bisy,1,0,1
bisya,1,0,1
biszcuit,0,1,1
biszd,0,1,1
bit,5580,5530,11110
bita,1,0,1
bitandbridle,0,1,1
bitanga,0,1,1
bitao,1,0,1
bitaw,2,4,6
bitawan,1,0,1
bitbetter,0,1,1
bitbim,1,0,1
bitbybit,1,0,1
bitca,1,0,1
bitcache,1,0,1
bitcccch,1,0,1
bitcchhhhhh,1,0,1
bitch,1098,732,1830
bitchans,1,0,1
bitchasawrus,1,0,1
bitchass,3,7,10
bitchassedness,1,0,1
bitchasses,1,0,1
bitchassness,6,5,11
bitchboobye,0,1,1
bitchboy,0,1,1
bitchd,1,0,1
bitche,1,0,1
bitched,9,9,18
bitcheees,0,1,1
bitcheess,1,0,1
bitchen,0,1,1
bitchers,1,0,1
bitches,182,272,454
bitchess,2,6,8
bitchesss,3,7,10
bitchessss,1,2,3
bitchesssss,0,4,4
bitchessssss,0,1,1
bitchest,0,1,1
bitchesz,0,1,1
bitchez,1,2,3
bitchezzz,0,2,2
bitchezzzz,0,1,1
bitchface,3,2,5
bitchfight,1,0,1
bitchfighttt,0,1,1
bitchfucks,1,0,1
bitchh,3,3,6
bitchhh,1,3,4
bitchhhh,3,3,6
bitchhhhhh,0,3,3
bitchhhhhhhhh,0,1,1
bitchhhhhhhhhhh,0,1,1
bitchi,1,0,1
bitchie,1,1,2
bitchier,1,0,1
bitchies,0,1,1
bitchiest,1,1,2
bitchin,14,21,35
bitchincamero,0,1,1
bitchiness,5,1,6
bitching,31,39,70
bitchinkitchen,0,1,1
bitchinn,0,1,1
bitchinnnn,0,1,1
bitchinnnnn,0,2,2
bitchmode,1,0,1
bitcho,0,1,1
bitchs,1,0,1
bitchshitmotherfucker,0,1,1
bitchslap,0,2,2
bitchslaps,0,1,1
bitchtits,1,1,2
bitchtown,1,0,1
bitchuz,0,1,1
bitchville,0,2,2
bitchy,50,39,89
bitchyliek,1,0,1
bitchys,1,0,1
bitchyy,0,1,1
bitcomet,1,0,1
bitd,0,1,1
bite,392,302,694
bited,3,0,3
biteeee,1,1,2
biteing,1,0,1
bitemarks,1,0,1
bitems,1,0,1
biten,3,1,4
biteoftwilight,1,0,1
biter,5,6,11
biterr,1,0,1
biters,0,2,2
bitersweet,1,0,1
bites,374,80,454
bitesize,6,3,9
bitesizee,1,0,1
bitesizing,1,0,1
bitess,1,0,1
bitesze,0,1,1
bitey,3,1,4
bitgravity,1,0,1
bith,1,1,2
bithday,3,10,13
bithehe,0,1,1
bithikotsis,0,1,1
biti,0,1,1
bitin,9,2,11
biting,104,43,147
bitink,0,1,1
bitis,1,0,1
bitkahuna,0,1,1
bitless,0,2,2
bitlocker,1,0,1
bitly,0,3,3
bitmap,1,3,4
bitmapdata,1,0,1
bitmore,0,1,1
bitng,1,0,1
bito,1,0,1
bitoy,0,1,1
bitoys,0,1,1
bitr,1,0,1
bitrate,2,0,2
bitreach,0,2,2
bitrhday,1,0,1
bitrot,0,1,1
bits,198,222,420
bitsaa,0,1,1
bitses,1,0,1
bitsian,0,2,2
bitss,0,1,1
bitstreams,0,1,1
bitsy,4,5,9
bitt,6,6,12
bitta,2,4,6
bitte,0,5,5
bitted,1,0,1
bitteh,0,1,1
bitten,88,21,109
bitter,147,91,238
bittercreek,1,0,1
bittered,1,0,1
bitterflies,0,1,1
bitterish,1,0,1
bitterly,8,0,8
bittermelon,0,1,1
bitterness,10,3,13
bitters,2,2,4
bittersweer,1,0,1
bittersweet,115,25,140
bittersweetness,2,0,2
bitthday,0,1,1
bitthief,1,0,1
bittie,0,1,1
bitties,0,3,3
bittiiiiiin,2,0,2
bitting,4,1,5
bittmanreceipes,0,1,1
bittorrent,3,6,9
bittr,0,1,1
bittt,0,3,3
bitttt,1,1,2
bittttch,0,1,1
bitttttt,0,1,1
bittttttttches,0,1,1
bitttttttttt,0,1,1
bitty,17,16,33
bittyboo,0,1,1
bittys,1,0,1
bitumen,1,2,3
bitv,0,1,1
bitvise,1,0,1
bitxh,1,0,1
bitz,2,2,4
bitzy,0,1,1
biu,0,1,1
biulding,0,1,1
bius,1,0,1
biusy,1,0,1
biut,2,1,3
biv,2,1,3
bivariate,0,1,1
bivisin,1,1,2
bivouac,0,1,1
bivy,0,1,1
biwa,0,1,1
biwandi,1,0,1
biweekly,2,0,2
biweeky,0,1,1
biwi,1,0,1
bix,5,3,8
bixado,1,0,1
bixi,2,0,2
bixler,1,0,1
biy,1,0,1
biyaaatch,0,1,1
biyan,0,1,1
biyatch,1,1,2
biyatches,0,1,1
biyotch,0,1,1
biyotches,0,1,1
biyu,0,1,1
biz,117,201,318
biza,1,0,1
bizaaaack,1,0,1
bizaare,0,1,1
bizal,1,0,1
bizare,1,0,1
bizarre,48,67,115
bizarrely,1,4,5
bizarres,0,1,1
bizarrest,0,1,1
bizarro,4,7,11
bizarroland,1,0,1
bizarrres,1,0,1
bizatch,2,0,2
bizbookclub,0,1,1
bizcase,1,0,1
bizcha,1,0,1
bizcodex,0,1,1
bizee,0,1,1
bizi,0,1,1
bizket,0,1,1
bizkit,9,19,28
bizkits,0,1,1
bizlaw,0,1,1
bizlogic,0,1,1
bizmanforgets,1,0,1
biznactt,0,1,1
biznatch,2,4,6
biznatches,0,2,2
biznes,0,1,1
bizness,9,11,20
biznesssss,1,0,1
biznez,0,1,1
biznis,3,0,3
biznitch,0,1,1
bizniz,0,2,2
bizns,1,0,1
biznz,1,0,1
bizoink,1,0,1
bizorg,1,0,1
bizou,0,1,1
bizpack,0,1,1
bizspark,1,3,4
biztalk,1,1,2
biztechday,0,5,5
biztips,1,0,1
biztrip,1,0,1
bizy,0,1,1
bizz,9,8,17
bizza,1,0,1
bizzaaaatch,0,1,1
bizzack,0,1,1
bizzar,0,1,1
bizzare,9,8,17
bizzareholidays,0,1,1
bizzarely,0,1,1
bizzarley,1,0,1
bizzaro,0,1,1
bizzarre,0,2,2
bizzatch,0,1,1
bizzil,0,1,1
bizzin,0,1,1
bizzle,8,5,13
bizznatch,0,1,1
bizznitch,0,1,1
bizzo,0,1,1
bizzomb,0,2,2
bizzy,8,8,16
bizzybee,0,1,1
bizzykit,1,0,1
bizzz,1,1,2
bizzzack,1,0,1
bizzzz,0,1,1
bizzzzzomb,1,1,2
bj,36,63,99
bja,0,1,1
bjaday,0,1,1
bjarnum,1,0,1
bjay,0,1,1
bjaybus,0,1,1
bjb,1,1,2
bjd,1,1,2
bjeblak,0,1,1
bjf,0,1,1
bjinhos,1,0,1
bjinhuss,0,1,1
bjitw,0,1,1
bjj,6,8,14
bjjjjj,0,1,1
bjk,0,2,2
bjm,1,0,1
bjo,0,1,1
bjoerne,1,0,1
bjork,10,16,26
bjorli,1,0,1
bjorn,4,3,7
bjornberg,0,1,1
bjp,6,14,20
bjs,12,14,26
bjsbjs,0,1,1
bjtweetup,0,3,3
bju,0,1,1
bjus,0,1,1
bjw,0,1,1
bk,340,190,530
bka,5,1,6
bkas,0,4,4
bkat,0,1,1
bkb,0,1,1
bkc,2,0,2
bked,1,0,1
bket,2,0,2
bkethan,1,0,1
bkf,0,1,1
bkfast,2,3,5
bkfest,0,1,1
bkfst,3,3,6
bkg,0,3,3
bkgd,1,5,6
bkgnd,1,0,1
bkgrd,4,0,4
bkgrnd,3,4,7
bkgrond,1,0,1
bkground,0,4,4
bkhh,1,0,1
bkhhf,1,0,1
bkin,1,0,1
bking,1,0,1
bkinin,0,1,1
bkit,1,1,2
bkite,1,3,4
bkk,17,15,32
bkkingfish,1,0,1
bkl,0,1,1
bkln,2,1,3
bklyn,15,7,22
bkn,2,2,4
bkng,1,0,1
bko,0,10,10
bkos,0,1,1
bkpk,0,1,1
bkpm,0,1,1
bks,12,8,20
bkshelf,1,0,1
bkstage,2,0,2
bkt,3,0,3
bkumin,1,0,1
bkup,1,1,2
bkuz,3,1,4
bkwards,1,1,2
bkwd,1,0,1
bkyrd,1,0,1
bkyrdigans,0,1,1
bl,32,18,50
bla,51,31,82
blaa,1,0,1
blaaa,1,1,2
blaaaa,1,3,4
blaaaaaaaa,1,0,1
blaaaaaaaaaaaaaaa,1,0,1
blaaaaaaaaaaaaaaaaaaaaaaaaaaaaaaaaaaaaaaaaaaaah,1,0,1
blaaaaaaaaaaaaaaaaablaaaaaaablaaaaaaaaaaaaaaaaaaaaaaaaaaaaaaaaaaaaaaaaaa,1,0,1
blaaaaaaaack,1,0,1
blaaaaaaah,0,1,1
blaaaaaaahhhhhhhhhhhhhhh,1,0,1
blaaaaaah,3,1,4
blaaaaaahh,1,0,1
blaaaaaawaah,1,0,1
blaaaaack,0,1,1
blaaaaah,4,1,5
blaaaaahhh,1,0,1
blaaaaahhhhhh,1,0,1
blaaaaarg,1,0,1
blaaaaaze,0,1,1
blaaaah,16,6,22
blaaaahh,2,0,2
blaaaahhh,1,0,1
blaaaahhhh,1,0,1
blaaaahhhhhh,0,1,1
blaaaam,1,0,1
blaaaand,1,0,1
blaaaarhg,1,0,1
blaaaastinn,0,1,1
blaaady,1,0,1
blaaaggghhh,0,1,1
blaaagh,1,0,1
blaaah,21,6,27
blaaahh,3,1,4
blaaahhh,5,1,6
blaaahhhh,1,0,1
blaaaqhhh,1,0,1
blaaargghh,1,0,1
blaaargh,1,1,2
blaaasssstt,0,1,1
blaagers,0,1,1
blaah,7,4,11
blaahh,5,2,7
blaahhh,3,1,4
blaahhhh,1,1,2
blaahhhhh,2,0,2
blaardy,0,1,1
blaargh,1,0,1
blaargher,1,1,2
blab,1,2,3
blabbed,0,1,1
blabber,1,2,3
blabbering,1,0,1
blabberings,0,1,1
blabbermouth,0,1,1
blabbin,1,0,1
blabbing,1,3,4
blabla,1,4,5
blablabla,6,2,8
blablablah,1,0,1
blabs,1,0,1
blac,0,1,1
blacberry,3,1,4
blaccberry,1,0,1
blaccck,1,0,1
blacckberrry,0,1,1
blach,2,0,2
black,1420,1607,3027
blackadder,5,5,10
blackaricanma,1,0,1
blackarmor,1,0,1
blackb,1,1,2
blackbaby,3,0,3
blackbbery,1,0,1
blackbean,1,1,2
blackbear,0,1,1
blackbeard,0,3,3
blackbeerd,0,1,1
blackbeerrry,1,0,1
blackbelt,0,2,2
blackberries,17,18,35
blackberriess,0,1,1
blackberrry,2,0,2
blackberry,1021,543,1564
blackberryless,1,0,1
blackberrymessenger,1,0,1
blackberryos,1,2,3
blackberrypearl,1,0,1
blackberrypro,0,1,1
blackberrys,18,9,27
blackberrystorm,2,0,2
blackberryy,2,0,2
blackberryyyy,0,1,1
blackbery,2,0,2
blackberyy,2,1,3
blackberyyy,1,0,1
blackberyyyy,0,1,1
blackbird,13,14,27
blackbirds,6,2,8
blackbizzle,1,0,1
blackbloodben,1,0,1
blackboard,9,6,15
blackbook,1,0,1
blackborder,1,0,1
blackbrry,0,1,1
blackbuck,0,1,1
blackburn,4,9,13
blackburry,1,0,1
blackbuster,1,0,1
blackbuuurry,1,0,1
blackbuuuuurry,0,1,1
blackcat,0,1,1
blackcomb,0,1,1
blackcurrant,5,3,8
blackcurrent,3,3,6
blackd,0,1,1
blackdiamond,0,1,1
blackdog,1,0,1
blacke,0,1,1
blackeberry,0,1,1
blacked,23,5,28
blackend,0,1,1
blackened,6,3,9
blacker,4,3,7
blackerry,2,0,2
blackers,1,0,1
blackest,1,0,1
blacket,0,1,1
blackets,1,0,1
blackey,1,0,1
blackeyed,0,1,1
blackeyedpeas,0,1,1
blackfella,0,1,1
blackfield,2,1,3
blackflies,0,1,1
blackfly,1,0,1
blackfoot,1,0,1
blackforest,2,1,3
blackforestrian,0,2,2
blackforrest,0,1,1
blackfriars,1,2,3
blackgold,0,1,1
blackguys,0,1,1
blackhair,0,1,1
blackhairmedia,1,1,2
blackhat,3,0,3
blackhawk,1,0,1
blackhawks,6,15,21
blackhead,2,0,2
blackheads,2,2,4
blackheath,1,3,4
blackhole,5,4,9
blackhoodie,0,1,1
blackhouse,1,0,1
blackhuey,1,0,1
blackie,6,2,8
blacking,4,1,5
blackish,0,2,2
blackjack,20,17,37
blackjacks,2,0,2
blackjackvt,0,1,1
blackjak,1,0,1
blackjewelsseries,1,0,1
blackk,3,0,3
blackkent,0,1,1
blackkeys,1,7,8
blacklabel,1,1,2
blackle,1,3,4
blacklicious,1,0,1
blacklight,2,1,3
blacklights,2,3,5
blacklist,2,4,6
blacklisted,5,1,6
blacklisting,0,1,1
blacklists,1,1,2
blackmail,7,12,19
blackmailed,2,1,3
blackmailer,2,0,2
blackmailing,5,2,7
blackmamba,0,1,1
blackman,3,4,7
blackmarket,1,0,1
blackmobb,0,1,1
blackmoocow,1,0,1
blackmore,0,1,1
blackmores,1,0,1
blackness,4,1,5
blacknessss,0,1,1
blackout,60,40,100
blackouts,4,4,8
blackpeople,1,0,1
blackplanet,1,1,2
blackpool,37,28,65
blackpools,1,0,1
blackradio,0,7,7
blackradioisback,0,4,4
blackridge,1,0,1
blackrock,2,6,8
blackrosedying,2,4,6
blacks,22,12,34
blacksburg,3,2,5
blacksharkelite,0,1,1
blackshaw,0,1,1
blackshear,0,1,1
blacksheep,1,0,1
blackshot,0,1,1
blacksmith,0,1,1
blacksmithing,2,0,2
blacksquadron,1,1,2
blackstar,4,3,7
blackstone,2,3,5
blackstrap,0,1,1
blackstreet,0,2,2
blacksummer,0,1,1
blacksunslj,1,0,1
blacksuperman,0,1,1
blacktail,0,1,1
blacktea,0,1,1
blacktied,0,1,1
blacktop,1,1,2
blacktown,2,2,4
blackwawks,0,1,1
blackwednesday,1,1,2
blackwell,0,2,2
blackwood,2,1,3
blacky,2,3,5
blackytl,0,1,1
blacnket,1,0,1
blacpoll,1,0,1
blacurrent,0,1,1
blad,0,4,4
bladd,0,1,1
bladder,57,14,71
bladdy,3,1,4
blade,32,29,61
bladecenter,0,1,1
bladenboro,0,1,1
bladeradio,0,1,1
bladerunner,2,2,4
blades,33,21,54
blading,2,7,9
bladium,0,1,1
bladness,0,1,1
blads,0,1,1
blady,1,0,1
blae,0,2,2
blafollette,1,0,1
blaft,1,0,1
blag,3,7,10
blagden,0,1,1
blagged,1,2,3
blaggh,0,1,1
blagghhhhhh,0,1,1
blagging,4,1,5
blagh,7,1,8
blaghh,1,0,1
blaghhh,1,0,1
blago,2,1,3
blagojevich,2,1,3
blagophiles,0,1,1
blah,1268,398,1666
blahah,1,0,1
blahahahahaha,1,0,1
blahahahhhahha,0,1,1
blahblah,2,6,8
blahblahblah,6,2,8
blahggggg,0,1,1
blahgiddyrar,1,0,1
blahgirls,0,1,1
blahh,102,30,132
blahhaa,0,1,1
blahhh,84,18,102
blahhhh,45,11,56
blahhhhh,10,1,11
blahhhhhh,12,1,13
blahhhhhhh,3,1,4
blahhhhhhhh,5,0,5
blahhhhhhhhh,6,0,6
blahhhhhhhhhh,1,0,1
blahhhhhhhhhhh,1,0,1
blahhhhhhhhhhhh,0,1,1
blahhhhhhhhhhhhhh,2,0,2
blahing,1,1,2
blahish,1,0,1
blahness,1,0,1
blahnik,1,0,1
blahs,3,1,4
blahtastic,1,0,1
blaiirrrrr,1,0,1
blaiming,1,0,1
blain,0,1,1
blaine,5,13,18
blaing,0,1,1
blair,55,73,128
blaire,3,1,4
blairing,0,1,1
blairr,1,1,2
blairs,1,1,2
blairsville,0,1,1
blaisdell,0,4,4
blaise,4,3,7
blaiseyyyy,1,0,1
blaisos,0,1,1
blaits,1,0,1
blaja,1,0,1
blajar,0,1,1
blak,3,0,3
blakang,1,0,1
blakcs,1,0,1
blake,56,76,132
blakeee,0,2,2
blakeman,0,1,1
blakemore,1,0,1
blakeney,1,1,2
blakes,3,6,9
blakesley,0,1,1
blakets,0,1,1
blakey,3,2,5
blakfish,0,1,1
blakk,1,2,3
blakkkk,1,0,1
blaks,0,1,1
blalalala,1,0,1
blalock,1,1,2
blamange,0,1,1
blamauge,0,1,1
blame,482,456,938
blamed,25,10,35
blamedawno,0,1,1
blamedrewscancer,15,2,17
blamedrewschemo,1,0,1
blameitonmaf,1,0,1
blameless,1,1,2
blameneolib,1,0,1
blamer,0,1,1
blames,17,7,24
blamesdrewscancer,1,0,1
blameson,0,1,1
blametrev,0,1,1
blamezatkoff,1,0,1
blamin,2,2,4
blaming,46,28,74
blamire,0,1,1
blammin,0,1,1
blamming,1,2,3
blanc,9,12,21
blanca,5,4,9
blancas,1,0,1
blance,0,1,1
blanch,0,1,1
blanche,3,2,5
blancheflower,1,0,1
blanchett,0,2,2
blanchir,0,1,1
blancmange,1,0,1
blanco,6,8,14
blancooo,1,0,1
blancos,0,3,3
blancs,0,1,1
bland,39,11,50
blandford,1,0,1
blanding,1,1,2
blandings,1,1,2
blando,1,1,2
blane,0,2,2
blangblang,0,1,1
blanik,1,0,1
blanja,1,1,2
blank,193,81,274
blanka,1,2,3
blankday,0,1,1
blanke,0,1,1
blanked,10,2,12
blankeeet,0,1,1
blanket,152,141,293
blanketbed,0,1,1
blanketed,1,1,2
blanketing,1,0,1
blankets,53,42,95
blanketssss,0,1,1
blankety,2,1,3
blankey,2,3,5
blankeys,2,0,2
blankie,16,17,33
blankies,6,2,8
blanking,4,4,8
blankis,0,1,1
blankly,1,5,6
blankness,1,1,2
blankoat,0,1,1
blanks,9,3,12
blankstare,0,1,1
blankt,0,1,1
blanky,9,9,18
blankys,0,1,1
blanquita,0,2,2
blanton,0,1,1
blanx,0,1,1
blap,0,2,2
blaqk,0,2,2
blaqkout,0,2,2
blaque,0,2,2
blarck,1,0,1
blardy,2,0,2
blare,1,0,1
blarg,18,5,23
blargal,0,1,1
blargggggggggggggg,1,0,1
blarggghhh,1,0,1
blarggh,1,0,1
blargh,34,2,36
blarghhh,2,0,2
blarghuberhudsf,0,1,1
blargity,2,0,2
blargy,1,0,1
blaricum,0,1,1
blarin,0,2,2
blaring,18,31,49
blarney,1,1,2
blarrgh,1,0,1
blarrrg,0,1,1
blarrrggghhh,1,0,1
blarry,1,0,1
blart,8,17,25
blartt,0,1,1
blas,1,0,1
blase,1,0,1
blash,2,0,2
blashpemise,0,1,1
blashphemous,0,1,1
blasianp,1,0,1
blasphamey,1,0,1
blaspheme,0,1,1
blasphemer,0,1,1
blaspheming,1,0,1
blasphemous,1,2,3
blasphemy,10,12,22
blasphemygivesmewood,1,0,1
blass,0,2,2
blassssst,0,1,1
blasssst,0,1,1
blast,408,912,1320
blastbeat,1,2,3
blasted,40,33,73
blastedly,1,0,1
blaster,4,3,7
blasterman,0,1,1
blasters,2,1,3
blastin,3,15,18
blasting,60,115,175
blastinggg,0,1,1
blastings,1,0,1
blastinqq,0,1,1
blastn,0,1,1
blastoff,1,0,1
blasts,5,7,12
blastt,0,3,3
blasttt,0,1,1
blastttt,0,1,1
blasttttt,0,2,2
blastttttt,0,1,1
blasty,3,7,10
blasy,0,1,1
blatant,7,8,15
blatantly,4,8,12
blatent,1,1,2
blatently,4,6,10
blates,5,6,11
blatesss,0,1,1
blather,1,3,4
blathnaid,0,1,1
blatt,0,1,1
blattbash,0,1,1
blatter,0,2,2
blatz,0,3,3
blaugh,1,1,2
blauw,0,1,1
blava,0,1,1
blawg,0,1,1
blawgfather,0,1,1
blaxploitation,1,0,1
blay,1,0,1
blaydon,0,1,1
blaylock,0,1,1
blayne,1,0,1
blaynes,1,0,1
blayr,0,1,1
blayze,1,0,1
blaz,1,0,1
blazac,1,0,1
blazblue,2,0,2
blaze,16,10,26
blazed,4,14,18
blazedconfused,0,1,1
blazee,0,1,1
blazer,33,22,55
blazers,22,11,33
blazes,0,2,2
blazier,1,0,1
blazin,11,15,26
blazing,35,24,59
blazingly,0,2,2
blazinnn,0,1,1
blazinsquad,0,1,1
blazors,1,0,1
blazze,0,1,1
blazzer,0,1,1
blazzers,0,1,1
blazzin,0,1,1
blb,0,1,1
blc,1,2,3
blck,3,1,4
blckberry,2,0,2
blckbrry,0,1,1
blcked,2,0,2
blckhwks,1,0,1
blcks,1,0,1
blcok,1,0,1
blcony,0,1,1
blcs,2,0,2
bld,0,3,3
blda,2,0,2
bldg,30,17,47
bldgs,1,1,2
bldy,2,0,2
ble,3,5,8
blea,2,0,2
bleaaah,1,0,1
bleaagghhhh,1,0,1
bleach,80,64,144
bleached,17,5,22
bleacher,1,1,2
bleachers,7,4,11
bleaches,2,2,4
bleachin,1,0,1
bleaching,8,15,23
bleachportal,1,0,1
bleading,1,0,1
bleadon,1,0,1
bleah,19,3,22
bleahh,1,0,1
bleahhh,3,0,3
bleak,38,10,48
bleakaliciousness,1,0,1
bleaker,2,1,3
bleakiosity,1,0,1
bleakkkk,1,0,1
bleakness,0,1,1
bleargh,4,0,4
blears,5,8,13
bleary,4,4,8
bleasdell,0,1,1
bleat,0,1,1
bleatchers,1,0,1
bleating,1,0,1
bleau,0,2,2
bleaugh,1,0,1
bleave,1,0,1
blebster,0,1,1
blec,0,1,1
bleccchhhhh,1,0,1
blecch,1,0,1
blech,64,18,82
blechh,3,0,3
blechhh,3,0,3
blechhhh,1,0,1
bleck,14,4,18
blecker,0,1,1
bled,36,12,48
bleddy,1,1,2
bleddyn,0,1,1
bledel,1,1,2
bledoo,1,0,1
bledsoe,0,1,1
blee,2,2,4
bleeaak,1,0,1
bleeargh,1,0,1
bleebly,0,2,2
bleech,2,0,2
bleeching,1,0,1
bleecker,1,0,1
bleed,106,28,134
bleeded,5,0,5
bleeder,1,1,2
bleedin,15,3,18
bleeding,324,37,361
bleedingcool,0,1,1
bleedings,2,0,2
bleeds,20,2,22
bleedy,3,0,3
bleee,2,0,2
bleeech,2,1,3
bleeeding,1,0,1
bleeee,1,0,1
bleeeeah,3,0,3
bleeeech,2,0,2
bleeeediiiiiiiiing,1,0,1
bleeeedin,1,0,1
bleeeeeding,1,0,1
bleeeeeeeeeeeeeeding,1,0,1
bleeeeeeeeeeeh,1,0,1
bleeeeeeehhhhh,0,1,1
bleeeeeeerrrrrrg,1,0,1
bleeeeeekkhhhh,0,1,1
bleeeeeh,0,1,1
bleeeeehhhh,1,0,1
bleeeeep,0,1,1
bleeeegh,1,0,1
bleeeeh,2,0,2
bleeeehhhh,1,0,1
bleeeeugh,1,0,1
bleeegh,2,0,2
bleeeh,8,1,9
bleeehhh,1,0,1
bleeeping,1,0,1
bleeeuurrrrghhh,0,1,1
bleeeuuughhh,1,0,1
bleeh,0,1,1
bleehh,3,1,4
bleehhh,1,1,2
bleehhhh,1,0,1
bleek,3,1,4
bleeker,1,1,2
bleending,1,0,1
bleep,4,11,15
bleeped,3,1,4
bleeper,1,0,1
bleepers,0,1,1
bleepin,1,0,1
bleeping,1,2,3
bleepity,0,1,1
bleeps,2,1,3
blees,0,1,1
bleethe,1,0,1
bleeuugh,0,1,1
bleez,0,1,1
bleezer,1,0,1
bleezy,3,5,8
bleezys,0,1,1
blefast,0,1,1
bleft,1,0,1
blegaldajdkfddduugggghhphhff,1,0,1
blegghhhh,1,0,1
blegh,47,7,54
bleghh,1,0,1
bleghhh,2,0,2
bleghhhh,1,0,1
bleghsticks,1,0,1
bleh,412,80,492
blehblehbleh,2,0,2
blehblehblehbleh,1,0,1
blehck,1,0,1
blehckk,1,0,1
blehg,1,0,1
blehh,47,10,57
blehhh,35,6,41
blehhhbxjckshs,1,0,1
blehhhh,10,1,11
blehhhhh,5,0,5
blehhhhhh,1,0,1
blehhhhhhh,2,0,2
blehhhhhhhh,1,0,1
blehhhhhhhhh,2,0,2
blehn,1,0,1
blei,0,1,1
bleibe,0,1,1
blek,3,0,3
blekko,0,1,1
blellow,0,3,3
blemish,1,0,1
blemished,0,1,1
blemishes,2,0,2
blemishing,1,0,1
blemmm,1,0,1
blemont,0,1,1
blen,0,1,1
blend,38,39,77
blended,15,21,36
blender,35,33,68
blenderful,1,0,1
blenders,1,3,4
blending,2,9,11
blends,7,10,17
blendtec,1,1,2
blenevan,0,1,1
blenheim,0,2,2
blenhiem,1,0,1
blenkinsop,1,0,1
blennnd,1,0,1
blenver,0,1,1
blenz,0,1,1
blepharitis,1,0,1
blepharospasm,1,0,1
blerdy,1,0,1
blerg,16,1,17
blerggggg,1,0,1
blergh,27,6,33
blerghh,3,0,3
blerghhhhh,1,0,1
blerk,1,0,1
blerp,0,1,1
blerrghh,1,0,1
blerrghhhh,1,0,1
blerrie,1,0,1
blerrrghhhh,1,0,1
blerrrrrrrrrrgh,1,0,1
blerry,1,1,2
blers,1,0,1
bles,1,4,5
blesh,2,1,3
blesk,0,2,2
blesnya,1,0,1
bless,380,1132,1512
blessd,0,1,1
blessed,94,834,928
blessedc,0,1,1
blessedly,0,1,1
blesses,2,9,11
blessett,0,1,1
blessin,1,4,5
blessing,34,181,215
blessings,27,286,313
blessingz,1,0,1
blessinq,0,1,1
blesss,2,3,5
blesssed,1,0,1
blesssedd,0,1,1
blesssings,0,1,1
blessss,1,0,1
blesssss,1,0,1
blesssssssssssss,0,1,1
blessthefall,1,0,1
blessu,0,2,2
blesz,0,1,1
bleszt,0,2,2
bletchley,4,4,8
blether,0,2,2
blethering,0,1,1
bleu,8,14,22
bleubaja,0,1,1
bleuch,1,1,2
bleugh,15,4,19
bleughh,1,0,1
bleughhh,3,0,3
bleughhhh,1,0,1
bleughhhhh,1,0,1
bleuh,1,0,1
bleuken,0,2,2
bleumenthal,0,1,1
bleumoon,1,0,1
bleurg,1,0,1
bleurgh,25,8,33
bleurghh,1,0,1
bleurghhh,1,0,1
bleurghhhh,1,0,1
bleurk,1,0,1
bleurrghhhh,1,0,1
bleus,1,0,1
bleusoleildesign,0,1,1
bleuugh,1,0,1
bleuurrrggghhh,0,1,1
bleuuuughhh,0,1,1
blev,0,1,1
bleve,2,0,2
blew,255,83,338
blews,0,1,1
bleww,0,1,1
blewz,0,3,3
bley,0,1,1
blezinski,0,1,1
blfc,1,0,1
blfdaskf,1,0,1
blg,12,4,16
blgg,0,1,1
blgin,0,1,1
blgtv,1,0,1
blh,3,1,4
bli,1,2,3
blib,0,3,3
blick,0,1,1
blicky,1,0,1
bliddy,1,0,1
blidge,1,2,3
blieeeeve,0,1,1
blieve,3,2,5
bliezy,0,1,1
blige,3,4,7
bligh,1,0,1
blight,6,1,7
blighters,2,0,2
blighty,19,13,32
bliiiimey,1,0,1
bliiiind,1,1,2
bliiple,1,0,1
blijkbaar,1,0,1
blijkt,0,1,1
blijven,1,1,2
blik,0,2,2
bliliup,0,2,2
blimey,28,52,80
blimin,1,0,1
blimmen,1,0,1
blimmin,5,0,5
blimming,2,1,3
blimmm,1,0,1
blimp,2,4,6
blimps,1,1,2
blimy,0,1,1
blin,2,0,2
blinch,0,1,1
blind,184,176,360
blinded,17,11,28
blinder,4,1,5
blindfold,1,2,3
blindfolded,2,1,3
blindfolds,1,0,1
blindie,0,1,1
blindin,1,2,3
blinding,18,13,31
blindinglights,1,0,1
blindingly,1,1,2
blindingness,0,1,1
blindly,4,3,7
blindmango,1,0,1
blindmelon,0,1,1
blindness,3,1,4
blinds,50,29,79
blindsearch,2,0,2
blindside,1,2,3
blindsided,2,0,2
blindsighted,1,0,1
blindtarm,0,1,1
blindy,0,1,1
bliney,0,1,1
bling,16,48,64
blinged,1,1,2
blingee,0,1,1
blingg,0,1,1
blingin,1,1,2
blinging,1,0,1
blingradioshow,0,1,1
blings,0,1,1
blingtrade,1,0,1
blingy,3,4,7
blink,251,327,578
blinkblinkstare,0,1,1
blinkbox,0,2,2
blinkday,0,1,1
blinked,10,6,16
blinken,1,0,1
blinkenlights,0,1,1
blinker,3,1,4
blinkers,1,0,1
blinkexists,0,1,1
blinkies,0,2,2
blinkin,1,3,4
blinking,27,11,38
blinkk,0,1,1
blinks,5,5,10
blinksale,1,0,1
blinktwice,0,1,1
blinky,5,5,10
blinn,1,0,1
blintzes,0,1,1
bliotches,0,1,1
blip,158,267,425
blipdaddy,2,0,2
blipdayfriday,0,1,1
blipers,0,1,1
blipfm,4,0,4
blipfmkicksass,0,1,1
blipin,2,0,2
bliping,2,1,3
blipp,1,0,1
blipped,6,16,22
blippedpic,0,1,1
blippers,2,5,7
blippin,1,3,4
blipping,9,33,42
blippr,1,1,2
blipprtweetdigg,0,1,1
blippy,0,1,1
blips,18,49,67
blipstars,0,1,1
blipster,1,1,2
blir,3,1,4
blisfully,0,1,1
bliss,69,227,296
blissage,0,1,1
blisscuits,0,1,1
blissdom,0,2,2
blissed,0,3,3
blissfeilds,1,0,1
blissful,12,39,51
blissfull,0,1,1
blissfully,7,12,19
blisspop,0,1,1
blisss,1,0,1
blisssss,0,1,1
blissssss,0,1,1
blisster,1,0,1
blisstwits,0,7,7
blissy,1,0,1
blist,2,0,2
blister,159,17,176
blisterd,1,0,1
blistered,15,0,15
blistering,13,4,17
blisteringly,0,2,2
blisters,175,28,203
blistery,2,0,2
blithe,1,1,2
blithely,0,1,1
blither,0,1,1
blitherin,1,0,1
blitted,0,1,1
blitz,24,25,49
blitzed,4,1,5
blitzen,1,6,7
blitzer,0,1,1
blitzing,5,1,6
blitzkrieg,1,0,1
blitzkriegm,1,0,1
blitzmegaplex,0,1,1
blitzscream,0,2,2
blitztime,0,1,1
blitzwing,1,0,1
blitzy,0,2,2
bliv,1,0,1
blive,2,1,3
blizard,0,1,1
blizbleeeeeezayyys,1,0,1
blizcon,1,0,1
blizge,1,0,1
blizi,0,1,1
blizz,3,1,4
blizzard,42,44,86
blizzarding,2,0,2
blizzards,7,6,13
blizzcon,26,8,34
blizzconfail,1,0,1
blizzered,1,0,1
blizzfm,0,1,1
blj,2,0,2
bljr,1,2,3
blk,25,16,41
blkbarbie,0,1,1
blkberry,4,0,4
blkbrry,1,1,2
blkbry,6,4,10
blkbuster,0,1,1
blked,1,0,1
blkg,0,1,1
blks,1,1,2
bll,0,1,1
bllaaahhh,0,1,1
bllaah,1,0,1
bllaahh,1,0,1
bllah,1,0,1
bllahhhh,1,0,1
bllatch,1,0,1
blleding,1,0,1
blleeegghh,1,0,1
blleeehhh,1,0,1
blleeehhhhh,1,0,1
blleeeuuurrrggghhh,1,0,1
bllehh,1,0,1
blllaaaaaahhhhh,1,0,1
blllaaaah,1,0,1
blllaaahhh,1,0,1
blllah,0,1,1
bllllaaaaaaahhhhh,1,0,1
bllllaaaahhhh,1,0,1
bllllllllllllaaaaaaaaaaaaaaahhh,1,0,1
blllooooo,0,1,1
bllod,2,0,2
bllody,1,1,2
bllue,0,1,1
bllush,0,1,1
bllywood,0,1,1
blm,16,9,25
bln,2,0,2
blnd,1,0,1
blnt,1,0,1
blo,4,4,8
bloat,6,0,6
bloated,69,16,85
bloatednessz,0,1,1
bloater,0,1,1
bloating,5,3,8
bloatware,2,1,3
bloaty,2,2,4
blob,24,9,33
blobbly,0,1,1
blobby,3,0,3
blobfish,1,0,1
blobs,5,2,7
bloc,16,13,29
blocc,1,1,2
bloced,0,1,1
bloch,0,1,1
blocheads,1,0,1
bloching,1,0,1
block,632,431,1063
blocka,1,0,1
blockade,1,0,1
blockage,7,1,8
blockages,1,0,1
blockbeergirl,1,0,1
blockbfv,0,2,2
blockbuster,41,45,86
blockbusterbook,0,1,1
blockbusterr,0,1,1
blockbusters,8,2,10
blockbustery,0,1,1
blockbustr,1,0,1
blockdreamer,3,1,4
blockdreamers,0,8,8
blocked,751,184,935
blockedd,0,1,1
blockees,1,0,1
blocker,9,6,15
blockers,7,5,12
blockes,0,1,1
blockh,0,1,1
blockhead,9,13,22
blockheads,11,38,49
blockhearts,0,1,1
blockhh,0,1,1
blockhornykitty,0,1,1
blockhouse,0,1,1
blocki,1,0,1
blockin,5,1,6
blocking,144,78,222
blockk,1,1,2
blockkkkk,1,0,1
blockles,8,4,12
blockmate,4,2,6
blockmates,8,3,11
blockopedia,1,0,1
blockout,2,0,2
blockparty,9,2,11
blocks,144,85,229
blocksicle,0,1,1
blocksme,1,0,1
blockstock,0,1,1
blocktime,1,0,1
blockup,1,0,1
blockus,0,1,1
blocky,1,1,2
blodd,1,0,1
bloddied,1,0,1
bloddy,6,3,9
blodgee,0,1,1
blodgett,1,0,1
blody,3,0,3
bloe,1,0,1
bloem,3,1,4
bloemendaal,0,1,1
bloemingdale,1,0,1
blog,1445,3636,5081
blogalicious,1,0,1
blogasty,0,1,1
blogathon,1,0,1
blogbackupr,0,1,1
blogbank,1,0,1
blogbque,0,1,1
blogcamp,2,1,3
blogcast,2,1,3
blogcatalog,7,1,8
blogchat,1,20,21
blogcritics,0,2,2
blogcrush,1,1,2
blogd,1,0,1
blogdesk,1,0,1
blogdom,0,1,1
blogengine,1,0,1
bloger,0,1,1
blogeri,0,1,1
blogertizeworld,1,0,1
blogflat,1,0,1
blogfrog,0,1,1
blogg,2,6,8
bloggable,1,0,1
bloggage,0,1,1
bloggah,0,1,1
bloggamy,1,0,1
blogged,29,80,109
blogger,120,124,244
bloggerbuster,0,1,1
bloggerfail,1,0,1
bloggernongratta,1,0,1
bloggerprom,0,1,1
bloggers,36,80,116
bloggersblock,1,0,1
bloggety,0,1,1
bloggfest,0,1,1
bloggg,0,1,1
bloggged,1,0,1
blogggggg,0,1,1
bloggi,0,1,1
bloggies,1,1,2
bloggiesta,6,0,6
bloggin,3,10,13
blogging,125,283,408
blogginggg,0,1,1
bloggingtips,0,1,1
bloggirls,1,0,1
bloggish,1,0,1
bloggity,0,4,4
bloggiversary,0,1,1
bloggmeistress,0,1,1
bloggy,5,9,14
bloghed,1,0,1
blogher,28,23,51
bloghop,1,1,2
bloghopping,0,2,2
bloghud,0,1,1
bloghunter,0,1,1
blogi,0,1,1
blogilicious,0,1,1
blogindiana,2,0,2
bloging,0,2,2
blogiversaries,0,1,1
blogiversary,0,2,2
blogkut,0,1,1
bloglines,2,2,4
blogluxe,0,1,1
blogmarks,2,1,3
blogmates,0,1,1
blogml,1,0,1
blogmonday,0,1,1
blognya,1,1,2
blogo,0,1,1
blogofinnocence,0,1,1
blogopinion,0,1,1
blogoree,0,2,2
blogoshperes,1,0,1
blogosphere,3,6,9
blogote,1,0,1
blogotheque,0,2,2
blogout,0,2,2
blogoversary,0,1,1
blogphenomenon,0,1,1
blogpop,0,1,1
blogpost,7,23,30
blogposts,1,1,2
blogpot,0,1,1
blogpotomac,0,1,1
blogradio,0,1,1
blogratings,5,0,5
blogreading,1,0,1
blogroll,2,15,17
blogrolled,1,0,1
blogrolling,0,1,1
blogs,153,278,431
blogscape,1,0,1
blogsdna,0,1,1
blogsessive,0,1,1
blogshop,2,0,2
blogshopping,0,1,1
blogshops,2,0,2
blogsite,0,3,3
blogskin,7,11,18
blogsome,0,1,1
blogsph,0,1,1
blogsphere,1,1,2
blogspot,47,90,137
blogspots,1,0,1
blogsssssss,0,1,1
blogster,1,0,1
blogstop,0,1,1
blogstyle,0,1,1
blogsvertise,1,0,1
blogtagline,1,0,1
blogtalk,4,3,7
blogtalkradio,4,5,9
blogthings,0,3,3
blogthis,1,0,1
blogto,0,1,1
blogtoplist,2,1,3
blogtopsites,9,1,10
blogtv,111,92,203
blogu,0,1,1
blogul,2,3,5
blogula,0,1,1
bloguri,0,1,1
blogway,0,1,1
blogwell,1,0,1
blogworld,2,6,8
blogy,0,1,1
blogz,0,1,1
blohheeee,1,0,1
blois,0,1,1
blok,0,2,2
bloke,43,55,98
bloked,1,0,1
blokefest,0,1,1
blokeish,0,1,1
blokes,15,17,32
blokeslib,0,1,1
blokey,1,2,3
blokia,1,0,1
blokk,1,0,1
bloks,0,1,1
blokus,0,2,2
blom,3,3,6
blomidon,0,1,1
blommes,0,1,1
blond,33,64,97
blonda,1,0,1
blondd,0,1,1
blonde,190,277,467
blonded,0,1,1
blondediggity,0,1,1
blondee,0,3,3
blondeeee,1,1,2
blondele,0,1,1
blondeness,1,1,2
blonder,2,11,13
blondes,5,26,31
blondeyy,0,2,2
blondheim,0,1,1
blondie,20,21,41
blondiee,1,0,1
blondieee,2,0,2
blondies,2,6,8
blonding,2,0,2
blondish,2,2,4
blondle,1,0,1
blondness,0,2,2
blonds,1,0,1
blondsugababe,1,0,1
blondy,0,1,1
blone,2,0,2
blono,2,1,3
blonx,1,0,1
bloo,2,4,6
blooberry,2,0,2
bloobs,1,0,1
bloock,0,1,1
blood,1044,673,1717
bloodahh,1,0,1
bloodaxe,0,1,1
bloodbath,6,0,6
bloodbubble,1,0,1
bloodclat,1,0,1
bloodclot,0,1,1
bloodd,1,0,1
blooddd,2,0,2
bloodddy,0,1,1
blooded,6,10,16
bloodgood,0,2,2
bloodhorse,1,0,1
bloodhound,2,5,7
bloodhounds,2,1,3
bloodied,1,1,2
blooding,1,0,1
bloodless,1,1,2
bloodletting,0,1,1
bloodline,0,1,1
bloodlines,0,3,3
bloodloss,1,1,2
bloodlust,0,1,1
bloodly,1,1,2
bloodmeal,0,1,1
bloodmobile,1,0,1
bloodmoney,1,0,1
bloodpaste,1,0,1
bloodpit,1,0,1
bloodpressure,0,1,1
bloodrage,0,1,1
bloodrayne,1,1,2
bloods,6,7,13
bloodsgr,1,0,1
bloodshed,5,0,5
bloodshot,10,1,11
bloodshugar,1,0,1
bloodsport,0,2,2
bloodstain,0,1,1
bloodstock,1,0,1
bloodstream,1,2,3
bloodsuckers,1,0,1
bloodsucking,1,1,2
bloodsugar,4,0,4
bloodt,1,0,1
bloodtest,3,0,3
bloodtests,1,0,1
bloodthirsty,0,1,1
bloodwoork,1,0,1
bloodwork,19,7,26
bloody,1311,457,1768
bloodyell,1,0,1
bloodyhell,2,0,2
bloodymary,1,0,1
bloodymarytime,1,1,2
bloodyrain,1,0,1
bloodytextiles,1,0,1
bloofy,1,0,1
blooin,1,0,1
bloom,30,42,72
bloomberg,4,1,5
bloombury,0,1,1
bloomed,3,2,5
bloomer,2,3,5
bloomers,4,1,5
bloomfield,1,2,3
bloomfields,1,1,2
bloomie,1,0,1
bloomies,1,1,2
bloomin,25,9,34
blooming,26,28,54
bloomingdale,0,2,2
bloomingdales,2,5,7
bloomings,1,0,1
bloomington,8,8,16
blooms,6,4,10
bloomsbury,3,3,6
bloomsday,5,9,14
bloomseer,1,0,1
bloon,0,2,2
bloones,0,1,1
bloons,5,0,5
bloonses,1,0,1
blooo,1,0,1
bloood,0,1,1
blooody,1,1,2
blooood,1,2,3
bloooodclot,1,0,1
bloooooc,0,1,1
blooooody,0,1,1
bloooooooody,1,0,1
blooooooooooood,1,0,1
bloooooows,1,0,1
blooooows,1,0,1
blooose,1,0,1
bloop,0,2,2
blooper,0,9,9
bloopers,4,24,28
bloops,1,0,1
bloor,2,2,4
blootooth,0,1,1
blooy,1,0,1
blooylou,0,1,1
bloppers,0,1,1
bloq,0,1,1
bloqu,1,0,1
bloquear,1,0,1
bloquearam,1,0,1
bloqueo,1,0,1
bloras,0,1,1
blore,12,8,20
blos,1,0,1
bloss,0,2,2
blossom,17,32,49
blossomed,1,1,2
blossoming,0,4,4
blossomppg,1,0,1
blossoms,14,12,26
blossomy,1,0,1
blosssoms,0,1,1
blossum,1,0,1
blost,0,1,1
blostock,0,1,1
blot,3,2,5
blotch,1,0,1
blotches,2,1,3
blotchey,1,0,1
blotchy,8,2,10
bloted,1,0,1
blotted,1,0,1
blouch,0,1,1
bloudy,2,0,2
blough,0,1,1
blouse,13,16,29
blouses,7,3,10
bloved,0,1,1
blovesu,1,0,1
blovkheads,1,0,1
blow,316,259,575
blowa,1,0,1
blowback,1,0,1
blowd,1,0,1
blowdartchatuplines,0,1,1
blowdried,0,2,2
blowdry,2,3,5
blowdryer,1,2,3
blowdrying,3,3,6
blowed,3,2,5
blower,11,5,16
blowers,1,5,6
blowfish,8,3,11
blowgun,1,0,1
blowhard,0,1,1
blowhards,1,1,2
blowin,23,18,41
blowing,150,116,266
blowjob,5,7,12
blowjobs,1,3,4
blowmenow,0,1,1
blown,175,111,286
blowng,0,1,1
blowoff,1,0,1
blowout,19,9,28
blowouts,2,1,3
blowpop,2,1,3
blowpops,0,2,2
blows,328,67,395
blowss,2,0,2
blowsss,3,1,4
blowssss,1,1,2
blowted,1,0,1
blowtorch,0,1,1
blowup,1,4,5
blowupbabies,0,1,1
bloww,1,1,2
blowwww,1,0,1
blowy,0,3,3
blox,5,6,11
bloxes,0,1,1
bloxorz,1,0,1
bloxx,1,0,1
bloxxx,0,1,1
blpffftgrr,1,0,1
blr,3,10,13
bls,3,1,4
blsat,0,1,1
blsckberry,1,0,1
blsdjlabskhfdkfsbdslfndsf,1,0,1
blskes,1,1,2
blsms,0,2,2
blss,0,1,1
blt,11,10,21
blta,1,0,1
blts,0,1,1
blu,87,73,160
bluair,1,0,1
blub,10,2,12
blubb,0,1,1
blubba,1,0,1
blubber,2,3,5
blubbered,1,1,2
blubbering,9,3,12
blubbery,1,0,1
blubbing,1,0,1
blubbling,0,1,1
blubee,0,1,1
bluberries,1,1,2
bluberry,0,4,4
blubi,1,0,1
blublockers,1,0,1
bluck,1,0,1
bluckbusters,0,1,1
blud,3,0,3
bludd,0,1,1
bluddy,8,1,9
bludge,1,7,8
bludgeon,2,0,2
bludgeoned,1,0,1
bludger,3,0,3
bludgers,0,1,1
bludget,0,3,3
bludging,2,2,4
bludgy,0,1,1
bludi,1,0,1
bludomain,1,0,1
bludoor,0,1,1
bludot,1,0,1
bludy,2,0,2
blue,979,1290,2269
blueant,1,0,1
bluebear,1,0,1
bluebeard,0,1,1
bluebell,0,2,2
bluebells,1,2,3
blueberries,26,36,62
blueberry,53,112,165
blueberrys,2,0,2
bluebird,7,9,16
bluebirdapp,0,1,1
bluebirds,2,5,7
bluebizzle,1,0,1
bluebonnets,0,1,1
bluebottles,1,0,1
bluebox,13,8,21
blueboys,1,0,1
blueburger,1,0,1
bluebury,0,1,1
bluecat,1,1,2
bluecross,1,0,1
blued,1,1,2
bluedart,2,2,4
bluee,1,2,3
blueeee,0,1,1
blueees,1,0,1
blueeyzgirl,1,0,1
bluefin,1,0,1
bluefly,0,1,1
bluegggh,1,0,1
bluegh,0,1,1
bluegrass,4,9,13
bluehawk,0,1,1
bluehost,3,2,5
blueinkagency,0,1,1
blueish,3,2,5
bluejay,2,0,2
bluejays,3,4,7
bluejeans,0,1,1
bluelight,1,1,2
bluelillys,0,1,1
blueman,0,1,1
bluemangroup,0,1,1
bluemarls,1,0,1
bluemars,1,0,1
bluemonarch,1,0,1
bluemoon,2,0,2
bluen,0,1,1
blueness,1,0,1
bluenight,1,0,1
bluenoses,1,1,2
bluenotes,0,1,1
bluepeter,1,0,1
bluepirate,4,2,6
bluepoles,0,1,1
blueprint,5,7,12
blueprints,1,2,3
bluer,2,0,2
bluerasp,1,0,1
blueraspberry,0,1,1
blueray,3,5,8
bluerays,0,1,1
bluergh,1,0,1
blueroom,1,0,1
blues,321,239,560
bluescontrol,2,0,2
bluescreen,6,0,6
bluescreened,1,0,1
bluescreening,1,0,1
bluescreens,0,1,1
bluesday,1,0,1
bluese,0,1,1
bluesfest,1,0,1
bluesgrassy,0,1,1
blueshield,1,0,1
bluesky,0,3,3
bluesman,0,1,1
bluess,1,2,3
bluesss,1,1,2
bluesssss,0,1,1
bluesssssss,0,1,1
bluest,1,2,3
bluestars,0,1,1
bluestone,0,1,1
bluesuede,1,0,1
bluesy,2,2,4
bluetack,1,0,1
bluetech,0,1,1
bluethooth,1,0,1
blueticket,1,0,1
bluetit,1,1,2
bluetones,1,1,2
bluetooth,83,32,115
bluetoothed,1,0,1
bluevelvet,0,1,1
bluevoda,0,1,1
bluewater,3,4,7
bluewaters,1,0,1
bluey,3,5,8
blueyonder,1,0,1
bluez,0,1,1
bluezzzzzzzzzzzzz,1,0,1
bluff,13,9,22
bluffed,0,1,1
bluffin,0,3,3
bluffing,3,5,8
bluffington,1,0,1
bluffs,2,2,4
bluffton,1,0,1
bluffware,1,0,1
blufish,0,1,1
bluford,1,0,1
bluge,1,0,1
blugging,0,1,1
blugh,4,0,4
blughhhhhhh,1,0,1
blugii,0,1,1
bluh,2,1,3
bluhh,2,0,2
bluhhh,1,0,1
bluhm,0,1,1
bluietooth,0,1,1
bluishpurple,0,1,1
blulight,0,1,1
blulululu,0,1,1
blum,4,2,6
blumau,0,1,1
blumchen,0,1,1
blume,0,3,3
blumen,1,0,1
blumenthal,0,2,2
blumming,1,1,2
blumvale,0,1,1
blundel,0,1,1
blundell,1,1,2
blunder,5,2,7
blunders,1,1,2
blung,0,1,1
blunke,0,1,1
blunket,1,0,1
blunstone,1,0,1
blunt,41,73,114
blunted,1,1,2
bluntivity,1,0,1
bluntly,1,3,4
bluntness,1,1,2
blunts,7,11,18
blunttt,1,0,1
bluntttt,0,1,1
bluntvillee,0,1,1
blupping,0,1,1
blur,58,47,105
bluray,17,16,33
blurays,0,1,1
blurb,4,11,15
blurbing,0,1,1
blurbootleg,1,0,1
blurbs,0,4,4
blured,1,0,1
blureed,0,1,1
blurg,3,0,3
blurgh,5,3,8
blurp,0,1,1
blurr,3,1,4
blurred,8,6,14
blurrgghh,1,0,1
blurrgh,2,0,2
blurri,1,0,1
blurrier,1,0,1
blurring,2,2,4
blurrr,0,1,1
blurrrrr,1,0,1
blurrrry,1,0,1
blurry,91,37,128
blurryness,1,0,1
blurs,2,0,2
blurt,4,2,6
blurted,2,1,3
blurting,1,0,1
blurts,1,0,1
blurty,1,0,1
blury,7,1,8
blush,29,143,172
blushcremes,1,0,1
blushed,2,6,8
blusher,2,1,3
blushes,12,46,58
blushhhh,0,1,1
blushhhhh,0,1,1
blushie,0,1,1
blushin,1,2,3
blushing,8,79,87
blushings,0,1,1
blushy,0,1,1
blustery,5,5,10
blustier,0,1,1
blutac,0,1,1
blutack,4,0,4
bluth,0,1,1
bluths,1,0,1
blutiful,0,1,1
blutooth,1,0,1
blutoothing,0,1,1
blutritt,1,0,1
blutsvende,0,1,1
bluttritt,1,0,1
bluub,1,0,1
bluueee,0,1,1
bluuh,1,0,1
bluurrgh,0,1,1
bluuue,0,1,1
bluuuee,0,1,1
bluuues,0,1,1
bluuuh,1,0,1
bluuuhhdd,1,0,1
bluuunt,0,1,1
bluuurrrrghh,1,0,1
bluuuueberry,0,1,1
bluuuuee,1,0,1
bluuuunnt,0,1,1
bluwater,1,0,1
blv,3,2,5
blvck,1,0,1
blvd,27,24,51
blve,4,0,4
blw,0,1,1
blwe,1,0,1
blweah,0,1,1
bly,1,1,2
blyech,0,1,1
blymp,1,0,1
blyth,0,1,1
blythe,2,11,13
blythers,1,0,1
blythes,2,0,2
blythevile,1,0,1
blyton,0,2,2
blz,0,2,2
blzinha,0,1,1
bm,26,11,37
bma,1,0,1
bmabridge,0,1,1
bman,0,1,1
bmanley,0,1,1
bmann,1,0,1
bmar,1,0,1
bmarv,0,1,1
bmarz,0,1,1
bmas,1,0,1
bmates,0,1,1
bmax,1,0,1
bmb,2,0,2
bmc,0,3,3
bme,2,1,3
bmesh,0,1,1
bmf,1,2,3
bmfing,0,1,1
bmfl,0,1,1
bmflaykib,1,0,1
bmfls,1,0,1
bmg,1,2,3
bmgf,0,2,2
bmgt,0,1,1
bmi,10,4,14
bmilkers,1,0,1
bminca,1,0,1
bml,0,1,1
bmm,1,0,1
bmmessing,1,0,1
bmnt,1,0,1
bmo,1,1,2
bmod,0,3,3
bmof,3,0,3
bmoran,1,0,1
bmore,42,12,54
bmoretweetup,1,0,1
bmotd,0,1,1
bmovieman,0,1,1
bmp,1,0,1
bmpm,1,0,1
bms,2,1,3
bmshee,1,0,1
bmt,3,4,7
bmtc,3,1,4
bmth,26,26,52
bmthtraffic,0,1,1
bmv,2,1,3
bmw,43,59,102
bmwland,1,0,1
bmws,1,0,1
bmwsauber,1,2,3
bmx,14,13,27
bmxers,0,2,2
bmy,0,1,1
bmycharity,0,2,2
bmz,1,0,1
bn,68,40,108
bna,3,0,3
bnaaaaaaaaaaaaaam,1,0,1
bnack,1,0,1
bnayti,1,0,1
bnazip,1,0,1
bnb,2,0,2
bnblv,1,2,3
bnc,1,0,1
bnch,0,1,1
bnchmarks,0,1,1
bnci,1,0,1
bnd,14,7,21
bnde,1,0,1
bndpd,1,0,1
bndung,1,0,1
bndyearbooks,0,1,1
bne,3,2,5
bneeded,0,1,1
bnefesh,0,1,1
bnei,1,0,1
bner,1,2,3
bneran,1,0,1
bnet,2,4,6
bnetraffic,3,0,3
bnever,1,0,1
bnew,1,0,1
bnf,0,3,3
bng,2,0,2
bnget,0,2,2
bnging,1,0,1
bngt,1,1,2
bngun,1,0,1
bngung,0,1,1
bnhs,0,1,1
bni,9,8,17
bnib,2,0,2
bnj,1,0,1
bnl,1,5,6
bnn,1,0,1
bnned,1,0,1
bnnnn,0,1,1
bno,2,2,4
bnois,0,1,1
bnoom,0,1,1
bnot,0,1,1
bnotmessing,0,1,1
bnp,217,35,252
bnparetwats,1,1,2
bnpbastards,1,0,1
bnpositive,0,7,7
bnr,3,2,5
bnrn,1,0,1
bnt,2,0,2
bntar,0,1,1
bntm,5,1,6
bntr,1,1,2
bnty,0,1,1
bnup,1,0,1
bnut,0,1,1
bnw,0,1,1
bnx,1,0,1
bny,0,1,1
bnyakan,0,1,1
bnyk,1,1,2
bo,101,109,210
boa,22,91,113
boaa,0,1,1
boaaaat,0,2,2
boaders,0,1,1
boads,1,0,1
boag,0,2,2
boags,0,1,1
boagsie,0,1,1
boah,4,0,4
boahhhhhh,0,1,1
boak,1,0,1
boakin,1,0,1
boal,2,0,2
boanerges,0,1,1
boar,2,1,3
board,624,510,1134
boardddd,0,1,1
boardddddddddddd,1,0,1
boarded,24,19,43
boardedvafter,1,0,1
boarder,7,5,12
boarderline,1,0,1
boarders,3,4,7
boardgame,3,6,9
boardgames,0,3,3
boardie,2,2,4
boardies,2,4,6
boardiessss,1,0,1
boardin,2,1,3
boarding,114,92,206
boardingschool,0,1,1
boardingtickets,0,1,1
boardless,1,0,1
boardman,1,3,4
boardmans,0,1,1
boardmasters,2,1,3
boardmates,0,1,1
boardroom,2,4,6
boards,74,79,153
boardshorts,0,7,7
boardum,2,0,2
boardwalk,12,27,39
boardwalkk,0,1,1
boardwear,0,1,1
boardwork,0,1,1
boardy,1,0,1
boared,7,1,8
boaring,14,4,18
boas,3,9,12
boast,5,6,11
boasted,1,0,1
boastful,2,0,2
boasting,4,4,8
boasts,0,2,2
boasty,0,1,1
boat,496,563,1059
boatday,0,1,1
boater,1,0,1
boaters,1,2,3
boathouse,2,2,4
boatin,3,1,4
boating,34,50,84
boatload,5,4,9
boatloads,2,4,6
boatparty,1,1,2
boatride,1,0,1
boatrides,1,0,1
boats,35,44,79
boattt,0,2,2
boattttt,0,1,1
boaty,0,1,1
boatyard,0,1,1
boaurd,1,0,1
boaz,0,1,1
bob,188,347,535
boba,27,27,54
bobaexpress,0,1,1
bobalicious,0,1,1
boban,0,1,1
bobanna,0,1,1
bobb,1,1,2
bobba,3,0,3
bobbahappens,1,0,1
bobbbblleeeeyyyy,0,1,1
bobbed,1,0,1
bobbehhhhh,0,1,1
bobbers,0,1,1
bobbert,0,1,1
bobberz,0,1,1
bobbey,1,0,1
bobbi,8,21,29
bobbie,4,10,14
bobbieb,1,0,1
bobbiegir,1,0,1
bobbii,0,1,1
bobbiiiee,0,1,1
bobbiiiiiiiiiiiiiiiii,0,1,1
bobbin,5,2,7
bobbing,3,10,13
bobbins,1,2,3
bobbit,1,1,2
bobble,7,9,16
bobblehead,5,2,7
bobbleheads,1,1,2
bobbles,2,0,2
bobbly,0,1,1
bobbt,1,0,1
bobby,105,150,255
bobbycar,0,1,1
bobbylong,0,2,2
bobbypins,1,0,1
bobbys,4,0,4
bobbysocks,0,1,1
bobbyv,1,0,1
bobbywithdrawls,1,0,1
bobbyyy,0,1,1
bobbyyyy,1,1,2
bobcafe,0,1,1
bobcat,6,1,7
bobcats,0,1,1
bobdylan,0,1,1
boberg,1,0,1
bobert,1,1,2
boberts,0,1,1
bobfail,1,0,1
bobjenz,0,1,1
boblingem,0,1,1
boblinson,0,1,1
bobo,16,16,32
bobobyebye,0,1,1
bobogohan,0,1,1
bobos,0,1,1
bobotie,0,4,4
bobrick,0,1,1
bobs,17,17,34
bobsaay,0,1,1
bobsleds,1,0,1
bobsleigh,0,1,1
bobsterrrrrrrrrrrrr,0,1,1
bobw,0,4,4
bobweiser,1,0,1
boby,3,1,4
boc,2,4,6
boca,16,15,31
bocage,0,1,1
bocairent,0,1,1
bocanegra,1,1,2
bocas,1,0,1
bocca,1,1,2
bocce,1,7,8
boccu,2,0,2
boceli,0,1,1
bocelli,1,9,10
boces,1,0,1
boch,0,1,1
bocha,0,1,1
bochinchando,0,1,1
bochinche,0,2,2
bochum,8,3,11
bochy,2,0,2
bocinas,1,0,1
bock,3,3,6
bockle,0,1,1
bocks,0,1,1
bockwurst,0,1,1
boco,1,0,1
bocor,1,0,1
bocoran,0,1,1
bocs,0,1,1
bocum,1,0,1
bod,14,25,39
bodacious,0,4,4
boday,0,1,1
boddi,1,2,3
boddies,1,0,1
boddingtons,0,2,2
boddy,2,1,3
bode,30,6,36
bodean,1,0,1
bodeans,0,1,1
bodega,2,7,9
bodeguta,0,1,1
bodens,1,0,1
bodensee,1,1,2
boderline,1,0,1
bodes,3,4,7
bodey,1,1,2
bodges,0,1,1
bodgy,1,0,1
bodhi,2,1,3
bodhisattva,0,3,3
bodi,1,0,1
bodice,0,1,1
bodie,1,5,6
bodied,1,5,6
bodies,79,42,121
bodily,7,5,12
bodit,0,1,1
bodo,2,2,4
bodoh,1,1,2
bodom,0,3,3
bodos,1,0,1
bodrum,3,1,4
bodrw,0,1,1
bods,5,4,9
bodstr,0,1,1
bodu,0,1,1
bodum,0,1,1
body,1717,902,2619
bodyache,3,0,3
bodyaches,2,0,2
bodyaching,0,1,1
bodyattack,1,0,1
bodybalance,0,1,1
bodyboarding,0,1,1
bodyboards,0,1,1
bodybugg,2,2,4
bodybuilder,1,1,2
bodybuilding,3,3,6
bodybychocolates,0,1,1
bodyclock,5,1,6
bodycombat,0,7,7
bodycon,0,1,1
bodycount,1,0,1
bodyenglish,1,0,1
bodyfat,0,1,1
bodyflow,0,1,1
bodyglitter,0,1,1
bodyguard,8,10,18
bodyguards,10,1,11
bodyjam,2,1,3
bodyless,0,1,1
bodylines,0,1,1
bodyloose,0,1,1
bodymassage,0,1,1
bodyp,0,1,1
bodypaint,0,1,1
bodypainting,0,2,2
bodyparts,0,2,2
bodypiercer,0,1,1
bodyplex,0,1,1
bodypoppin,0,1,1
bodypump,1,7,8
bodyroll,1,0,1
bodyrolls,1,0,1
bodys,8,1,9
bodyshop,5,2,7
bodyslammed,0,1,1
bodyslamming,0,1,1
bodysnatchers,0,1,1
bodysnatching,0,1,1
bodysplash,1,0,1
bodystep,1,3,4
bodysuit,1,2,3
bodysuits,0,1,1
bodywarmer,1,0,1
bodyweight,0,1,1
bodyworks,0,2,2
bodyworlds,0,1,1
bodyy,2,2,4
bodyyy,1,0,1
bodyyyyy,1,0,1
bodyyyyyy,1,0,1
bodyz,1,0,1
boe,2,3,5
boeckman,1,0,1
boed,1,1,2
boediono,0,1,1
boehoe,1,0,1
boehoee,1,0,1
boehoeee,1,0,1
boeing,7,3,10
boek,1,0,1
boekenclub,0,1,1
boel,0,1,1
boelter,0,1,1
boem,1,0,1
boeng,1,0,1
boer,1,0,1
boerd,1,0,1
boerdomm,2,0,2
boeremusik,0,1,1
boererate,0,1,1
boerne,2,0,2
boers,1,0,1
boertjie,2,0,2
boes,1,0,1
boet,0,2,2
boettcher,1,0,1
boey,0,1,1
bof,21,52,73
bofa,2,1,3
bofe,1,0,1
boffer,1,1,2
boffert,0,1,1
boffh,0,1,1
boffins,0,2,2
bofh,0,2,2
bofill,0,1,1
bofire,0,1,1
boflexin,0,1,1
bofors,1,1,2
bofriend,1,0,1
bofs,1,0,1
bofufyas,1,0,1
bog,11,11,22
bogaczyk,0,3,3
bogalooshrimp,0,1,1
bogan,6,8,14
bogans,6,2,8
bogart,2,3,5
bogarts,1,1,2
bogas,1,1,2
bogawooogiewoo,0,1,1
bogdan,0,1,1
bogdanovic,0,1,1
boge,1,1,2
bogerling,1,0,1
bogers,0,1,1
bogert,0,1,1
bogey,16,3,19
bogeyed,1,0,1
bogeys,3,1,4
boggan,0,1,1
bogged,14,0,14
boggess,1,0,1
boggie,1,0,1
boggiling,1,0,1
bogginess,1,0,1
boggish,1,0,1
boggle,0,4,4
boggled,1,0,1
boggler,1,1,2
boggles,3,6,9
boggling,1,4,5
bogglingly,1,0,1
boggs,0,1,1
boggy,0,2,2
boght,0,2,2
bogie,0,3,3
bogied,1,0,1
bogies,1,1,2
bogle,7,1,8
boglen,0,2,2
bognor,1,3,4
bogo,0,4,4
bogodibosh,1,0,1
bogof,0,4,4
bogoh,1,0,1
bogoorrr,0,1,1
bogor,6,4,10
bogoshipooo,1,0,1
bogot,0,1,1
bogota,1,2,3
bogs,1,2,3
bogtrotter,0,1,1
bogue,1,0,1
bogus,31,11,42
bogusss,1,0,1
boh,3,3,6
bohanan,0,1,1
bohannon,1,0,1
bohat,1,0,1
bohay,1,0,1
bohdi,0,2,2
boheme,1,4,5
bohemea,0,1,1
bohemia,1,3,4
bohemian,3,16,19
bohemians,1,0,1
bohemic,0,1,1
bohemin,0,1,1
bohemina,0,1,1
bohica,1,1,2
bohinj,0,1,1
bohlke,1,0,1
bohnanza,0,1,1
boho,2,3,5
bohol,11,8,19
bohong,1,0,1
bohoo,3,1,4
bohr,0,1,1
bohra,0,1,1
bohs,1,0,1
boht,1,0,1
bohu,1,0,1
bohusl,0,1,1
bohuuhuu,1,0,1
bohuzel,2,0,2
boi,64,72,136
boicot,0,1,1
boies,1,0,1
boif,2,2,4
boifriend,1,0,1
boight,0,1,1
boii,1,14,15
boiii,2,2,4
boiiii,2,3,5
boiiiii,0,1,1
boiiiiiiiiiiiiiiiii,0,1,1
boiirthdayyy,0,1,1
boiis,0,1,1
boijen,0,1,1
boikotmalaysia,0,1,1
boil,35,44,79
boiled,37,33,70
boiler,23,8,31
boilermaker,1,1,2
boilerplate,0,1,1
boilers,0,1,1
boilin,5,2,7
boiling,125,68,193
boilinggg,0,3,3
boilingggg,1,0,1
boilodgy,1,0,1
boilogy,1,0,1
boils,7,10,17
boinc,0,3,3
boing,1,9,10
boinga,1,0,1
boingboing,3,1,4
boingo,2,1,3
boink,3,0,3
boinked,0,1,1
boinking,1,0,1
boinx,0,1,1
boio,0,1,1
boioh,1,0,1
bois,7,9,16
boise,16,14,30
boiss,0,1,1
boissierer,1,0,1
boisss,1,0,1
boist,0,1,1
boisterous,2,0,2
boistown,0,1,1
boitches,0,1,1
boite,1,0,1
boiut,1,0,1
boiz,0,3,3
boizzz,0,1,1
boj,1,1,2
bojan,0,2,2
bojana,0,1,1
bojangle,1,0,1
bojangles,8,8,16
bojars,0,1,1
bojo,0,1,1
bojos,2,0,2
bok,12,10,22
bokapnya,0,1,1
boke,5,0,5
bokeh,1,3,4
boken,1,1,2
boker,0,5,5
bokhari,0,1,1
bokhore,0,1,1
bokken,0,1,1
bokkie,1,0,1
boks,11,1,12
bokumbop,1,0,1
bol,29,42,71
bola,3,9,12
bolacha,0,1,1
bolagnse,1,0,1
bolanaise,0,1,1
boland,1,1,2
bolas,0,1,1
bolc,1,0,1
bolcher,0,1,1
bolchho,0,1,1
bolcked,1,0,1
bold,117,116,233
bolded,1,0,1
bolder,2,3,5
bolderberg,1,0,1
bolderboulder,0,1,1
boldest,1,0,1
boldface,1,0,1
boldie,2,0,2
boldly,0,8,8
boldness,0,1,1
bolds,1,3,4
boldy,0,3,3
bole,1,5,6
bolebroke,0,1,1
boleeee,1,0,1
boleh,12,16,28
bolehin,1,0,1
bolero,3,3,6
boleto,0,1,1
boletos,1,0,1
boley,0,1,1
boleyn,2,10,12
bolg,0,1,1
bolha,0,2,2
boli,1,1,2
bolid,1,0,1
bolied,1,0,1
bolier,2,2,4
bolin,0,2,2
bolinas,0,1,1
boling,1,2,3
bolis,1,0,1
bolivar,0,4,4
bolivia,9,9,18
bolj,1,0,1
boll,4,1,5
bolla,0,1,1
bollah,1,0,1
bollard,1,1,2
bolle,0,2,2
bollea,0,1,1
bolles,0,1,1
bolling,0,2,2
bollinger,1,0,1
bollitos,0,1,1
bollix,3,1,4
bolllllll,1,0,1
bolllllllllllllllll,1,0,1
bollman,0,1,1
bollo,3,3,6
bollock,1,2,3
bollocked,4,0,4
bollocking,5,0,5
bollocks,72,23,95
bollocksed,1,0,1
bollocksing,0,1,1
bollocksss,1,0,1
bollox,10,3,13
bolloxed,0,1,1
bolls,0,1,1
bollucks,1,0,1
bolly,1,1,2
bollywood,7,28,35
bollywoodvision,0,1,1
bolnanza,1,0,1
bolnav,3,0,3
bolney,1,0,1
bolo,4,5,9
boloco,1,3,4
bologna,4,5,9
bolognaise,1,1,2
bologne,0,1,1
bologneise,1,0,1
bolognese,6,10,16
bology,1,0,1
bolooksies,0,1,1
bolox,0,1,1
boloxi,0,1,1
bolsa,1,1,2
bolsheviks,1,0,1
bolshoi,1,0,1
bolster,2,1,3
bolt,51,72,123
boltamore,1,0,1
boltbus,1,0,1
bolte,0,1,1
bolted,4,5,9
bolthole,1,0,1
bolthouse,0,1,1
bolting,3,3,6
bolton,17,11,28
boltonerrrr,1,0,1
bolts,7,11,18
boltvanderhuge,1,0,1
boltzmann,0,1,1
bolude,0,1,1
bolufeeee,0,1,1
bolus,1,1,2
bolvin,0,1,1
bolwana,0,1,1
boly,0,1,1
bolyin,0,1,1
bolyn,0,1,1
bom,24,196,220
boma,0,2,2
bomar,0,1,1
bomard,0,1,1
bomarr,0,1,1
bomb,196,376,572
bomba,1,1,2
bombaclot,1,0,1
bombadil,0,1,1
bombanera,0,1,1
bombard,5,6,11
bombarded,15,5,20
bombardier,0,1,1
bombarding,1,4,5
bombardment,2,4,6
bombass,1,5,6
bombay,17,23,40
bombaylightweightclub,1,0,1
bombays,0,1,1
bombaywallas,0,1,1
bombb,0,1,1
bombbaby,0,1,1
bombbb,1,5,6
bombbbb,0,2,2
bombbbbbb,1,0,1
bombbbbbbbbb,1,0,1
bombblasts,0,1,1
bombby,0,1,1
bombcast,1,0,1
bombcasts,0,1,1
bombdig,0,1,1
bombdiggidy,0,1,1
bombdiggity,0,1,1
bombe,0,1,1
bombed,46,14,60
bombeitor,0,1,1
bomber,8,5,13
bomberman,3,1,4
bombers,18,10,28
bomberz,0,1,1
bombest,0,5,5
bombeye,0,1,1
bombing,13,5,18
bombings,2,0,2
bombis,0,1,1
bombjack,0,1,1
bombomcar,0,1,1
bombs,35,34,69
bombshell,7,3,10
bombshells,2,2,4
bombshellzine,1,0,1
bombshizzznizle,1,0,1
bombsite,2,0,2
bombskeez,0,1,1
bombski,0,1,1
bombss,0,1,1
bombtastic,0,1,1
bombus,1,0,1
bombwar,0,1,1
bomby,0,1,1
bombyness,0,1,1
bombz,1,1,2
bomdiggity,0,1,1
bomdilla,0,1,1
bomel,1,0,1
bomfunk,1,1,2
bomgar,0,1,1
bomi,0,1,1
bomkerz,0,1,1
bommmbbbb,0,1,1
bommmmmmm,0,1,1
bomn,1,0,1
bomo,0,1,1
bompas,0,1,1
bomshel,1,0,1
bomwollen,1,0,1
bon,73,207,280
bona,1,9,10
bonafide,1,3,4
bonaire,3,0,3
bonamassa,0,1,1
bonana,0,3,3
bonanza,3,6,9
bonanzle,0,11,11
bonanzler,0,1,1
bonanzlers,0,1,1
bonaroo,8,1,9
bonas,0,1,1
bonaventure,1,0,1
bonbon,0,1,1
bonbonbonbon,1,0,1
bonbonmileypooff,0,1,1
bonbons,0,1,1
bonce,2,0,2
bonchet,0,1,1
bonco,0,1,1
bond,72,102,174
bonda,1,1,2
bondage,5,6,11
bondarenko,1,0,1
bonddiiiieeee,1,0,1
bondding,0,1,1
bonde,1,0,1
bonded,4,10,14
bondesque,0,1,1
bondfire,1,0,1
bondham,1,0,1
bondhur,0,1,1
bondi,15,19,34
bondia,0,1,1
bondie,0,2,2
bondies,0,2,2
bonding,41,106,147
bondinggggg,0,1,1
bondinng,0,1,1
bondno,0,1,1
bondo,0,1,1
bondoc,2,6,8
bondolo,0,1,1
bonds,12,15,27
bondsman,0,1,1
bondst,0,1,1
bondzio,0,1,1
bone,179,98,277
boneable,2,0,2
boned,8,6,14
boneee,1,0,1
boneeeeeeee,1,0,1
bonefire,1,0,1
bonefish,1,5,6
bonehead,3,1,4
boneheads,0,1,1
bonejour,0,1,1
boneka,1,0,1
boneless,5,9,14
bonelick,1,0,1
boneman,0,1,1
boner,5,5,10
bonerrr,1,0,1
boners,1,2,3
bones,222,227,449
bonesday,0,2,2
bonessss,0,1,1
bonethugs,0,1,1
boneventure,0,1,1
boney,4,1,5
boneyards,1,0,1
bonez,0,1,1
bonfiraaaa,0,1,1
bonfire,82,159,241
bonfiree,0,2,2
bonfireee,0,1,1
bonfires,14,24,38
bonfiring,0,2,2
bonfiyaaaa,0,1,1
bonfore,0,1,1
bong,20,23,43
bonga,0,1,1
bongda,0,1,1
bonged,2,1,3
bongela,1,0,1
bongga,0,3,3
bonggang,0,1,1
bongie,0,1,1
bonging,0,1,1
bongkar,1,1,2
bongo,5,5,10
bongodibosh,0,6,6
bongos,1,6,7
bongs,1,6,7
bongzworth,1,0,1
bonham,1,1,2
bonheur,0,1,1
boni,2,3,5
boniface,1,0,1
bonifacio,2,2,4
bonified,0,1,1
bonihigh,1,0,1
boning,1,2,3
bonis,0,1,1
bonita,9,18,27
bonitas,0,2,2
bonitinho,0,2,2
bonito,4,10,14
bonitss,1,0,1
boniver,0,1,1
bonjela,7,0,7
bonjella,3,0,3
bonji,1,0,1
bonjo,1,0,1
bonjou,1,0,1
bonjour,14,73,87
bonjourno,0,1,1
bonjourr,0,1,1
bonjourrrr,0,1,1
bonjout,0,1,1
bonjovi,1,3,4
bonk,1,5,6
bonked,2,2,4
bonkers,19,31,50
bonkerssssss,0,1,1
bonkerzz,0,1,1
bonking,2,1,3
bonks,0,1,1
bonksy,0,1,1
bonktown,1,0,1
bonky,0,1,1
bonless,0,2,2
bonn,6,5,11
bonna,0,1,1
bonnar,1,0,1
bonnaroo,64,20,84
bonnarooing,0,1,1
bonnarooooo,1,0,1
bonnarooooooo,1,0,1
bonnarroo,1,0,1
bonnaza,0,1,1
bonne,5,29,34
bonnee,0,1,1
bonner,2,1,3
bonnet,6,7,13
bonneville,0,2,2
bonni,0,1,1
bonnie,26,49,75
bonnies,0,1,1
bonnin,0,1,1
bonnn,1,0,1
bonnnaroooooo,0,1,1
bonny,2,10,12
bonnybridge,0,1,1
bonnytoun,0,1,1
bono,10,24,34
bonobo,3,2,5
bonobos,1,1,2
bonoite,0,1,1
bonono,0,1,1
bonoooo,0,1,1
bonor,0,1,1
bons,1,0,1
bonsai,10,6,16
bonsall,1,0,1
bonsia,0,1,1
bonsoir,0,4,4
bonty,0,1,1
bonus,96,208,304
bonuscode,0,1,1
bonuses,3,8,11
bonusez,0,1,1
bonusy,1,0,1
bonville,0,1,1
bony,4,3,7
bonyok,2,0,2
bonyy,1,0,1
bonz,0,1,1
bonza,1,2,3
bonzi,1,0,1
bonzo,3,3,6
bonzos,1,0,1
boo,4336,885,5221
booa,0,1,1
booah,1,0,1
booats,1,0,1
boob,57,45,102
booba,1,1,2
boobadlosers,1,0,1
boobage,6,1,7
boobah,2,0,2
boobear,7,2,9
boobed,3,1,4
boobee,2,1,3
booberry,0,1,1
boobey,1,0,1
boobface,1,0,1
boobfeed,1,0,1
boobie,17,18,35
boobier,1,0,1
boobies,29,29,58
boobietraps,0,1,1
boobiez,1,1,2
boobiie,1,1,2
booboo,46,16,62
booboocakes,1,0,1
boobookittyfcuk,0,1,1
booboon,1,1,2
booboos,2,1,3
boobos,1,0,1
boobpound,0,1,1
boobrry,1,0,1
boobs,142,99,241
boobsftw,0,1,1
boobssss,1,0,1
boobster,0,1,1
boobsz,1,0,1
boobtoob,0,1,1
boobtube,0,1,1
booby,7,7,14
boobyqui,0,1,1
boobz,1,2,3
boocakes,1,0,1
booch,1,1,2
boochini,0,1,1
bood,1,2,3
booda,1,1,2
boodamaaaa,1,0,1
boodee,1,0,1
boodizzle,2,0,2
boodle,0,1,1
boodles,0,1,1
boodom,0,1,1
boody,0,1,1
booed,16,7,23
booee,1,0,1
booer,1,0,1
booerns,3,0,3
booers,1,0,1
booey,0,1,1
boof,1,2,3
booface,5,2,7
booffffff,1,0,1
boofren,1,0,1
boofriend,1,0,1
boofriends,0,1,1
boofs,1,0,1
boofuckery,1,0,1
boofull,1,0,1
boofy,1,1,2
boog,1,2,3
booga,5,4,9
boogaboo,1,0,1
boogah,1,1,2
boogaloo,0,3,3
boogaly,0,1,1
boogan,1,0,1
boogars,1,0,1
boogedy,3,0,3
booger,18,13,31
boogeroo,0,1,1
boogers,7,5,12
boogery,2,1,3
boogeying,0,2,2
boogeyman,1,2,3
boogi,1,0,1
boogie,18,34,52
boogiebording,0,1,1
boogieing,0,1,1
boogieman,1,0,1
boogies,5,1,6
boogity,5,3,8
booglyboo,1,0,1
boognish,1,0,1
boogoonie,1,0,1
boogs,1,1,2
boogy,2,1,3
boogyman,0,2,2
boogz,1,0,1
booh,13,3,16
boohaa,1,0,1
boohissboo,1,0,1
boohoo,197,6,203
boohooers,0,1,1
boohoohoo,10,0,10
boohoohoohoohoo,1,0,1
boohoohooo,1,0,1
boohoohoozx,1,0,1
boohooing,1,0,1
boohooo,13,0,13
boohoooo,4,0,4
boohooooo,3,0,3
boohoooooooo,1,0,1
boohooooooooooo,1,0,1
boohooop,1,0,1
boohoow,1,0,1
boohu,1,0,1
booie,1,0,1
booieo,1,0,1
booii,0,1,1
booiii,0,1,1
booiiinnggg,0,1,1
booin,0,1,1
booing,8,3,11
booish,1,1,2
boojee,1,0,1
book,2151,3411,5562
booka,0,1,1
bookable,1,0,1
bookaholic,0,2,2
bookbag,4,5,9
bookbank,1,0,1
bookbinding,1,0,1
bookblockade,2,1,3
bookblog,0,1,1
bookbuzzr,0,5,5
bookcamp,1,1,2
bookcase,12,7,19
bookcases,5,4,9
bookchase,1,0,1
bookcloseouts,0,1,1
bookclub,4,2,6
bookcover,1,1,2
bookcrossers,0,1,1
bookcrossing,0,2,2
bookd,1,0,1
bookdrive,0,1,1
booke,2,0,2
booked,328,312,640
bookedto,0,1,1
bookeeper,1,1,2
bookending,0,1,1
bookends,0,2,2
booker,5,4,9
bookers,0,1,1
bookexpo,3,0,3
bookey,1,0,1
bookface,2,6,8
bookfair,0,2,2
bookfest,4,0,4
bookglutton,0,1,1
bookheatherwilliams,0,1,1
bookhi,1,0,1
bookie,9,4,13
bookieb,14,0,14
bookieboo,1,0,1
bookies,3,2,5
bookin,1,5,6
booking,76,96,172
bookings,11,12,23
bookingsss,1,0,1
bookisbetter,1,0,1
bookish,0,2,2
bookkeeper,0,1,1
bookkeeping,2,3,5
bookkkss,2,0,2
booklet,19,23,42
booklets,2,3,5
booklight,1,0,1
booklovers,1,0,1
bookmaker,0,1,1
bookmaking,0,1,1
bookman,1,0,1
bookmans,0,3,3
bookmark,17,41,58
bookmarked,12,29,41
bookmarker,0,1,1
bookmarking,1,17,18
bookmarklet,4,6,10
bookmarklets,1,2,3
bookmarks,35,34,69
bookmooch,1,1,2
bookmyshow,1,1,2
bookoff,0,1,1
bookoo,0,1,1
bookout,1,0,1
bookparty,3,1,4
bookpeddler,0,1,1
bookpeople,2,0,2
bookplate,0,1,1
bookport,1,0,1
bookpurge,1,0,1
bookrack,0,1,1
bookreading,0,1,1
bookrelease,1,0,1
bookreport,2,1,3
books,982,1207,2189
booksactually,0,1,1
booksale,1,6,7
bookseller,3,1,4
booksellers,1,0,1
bookselling,0,1,1
bookshare,1,1,2
bookshelf,18,23,41
bookshelves,5,5,10
bookshop,12,8,20
bookshops,3,3,6
booksigning,1,2,3
bookslog,0,1,1
booksreviewer,0,1,1
booksss,1,0,1
bookssss,0,1,1
bookstock,0,1,1
bookstore,66,68,134
bookstoreing,0,1,1
bookstores,4,7,11
bookstr,1,0,1
bookstudy,0,1,1
booktagger,1,0,1
booktime,0,1,1
booktweet,0,3,3
bookwise,0,1,1
bookwork,3,0,3
bookworm,4,4,8
bookworms,0,3,3
booky,5,2,7
bookystore,0,1,1
bookz,3,1,4
bool,5,4,9
boola,0,1,1
boolackaashaa,0,1,1
boolean,1,3,4
booleans,1,0,1
booleed,1,0,1
boollll,1,0,1
boolprop,1,1,2
bools,1,0,1
boom,175,474,649
boomage,2,3,5
boomarang,0,1,1
boomarks,0,1,1
boomb,1,0,1
boomba,0,1,1
boombbb,1,0,1
boomblox,0,2,2
boombolze,0,1,1
boomboom,0,1,1
boomboomboomboom,0,1,1
boomboompow,1,2,3
boombooomboomboom,0,1,1
boombox,0,5,5
boombozz,1,1,2
boomchikaboomboomboomboom,0,1,1
boomdocks,2,0,2
boomer,10,5,15
boomerang,8,13,21
boomers,5,3,8
boomershine,1,0,1
boomerzz,1,0,1
boomhower,1,0,1
boomin,0,3,3
booming,5,9,14
boomj,2,0,2
boomkack,0,1,1
boomkat,0,1,1
boomkin,1,1,2
boomktdance,0,1,1
boomn,0,1,1
boomnightclub,1,0,1
boomoo,1,0,1
boomr,1,0,1
booms,5,2,7
boomstone,0,1,1
boomtown,1,1,2
boon,6,6,12
boondak,0,1,1
boondoccs,0,1,1
boondock,3,6,9
boondocks,6,9,15
boondoggle,1,0,1
boone,21,10,31
boonen,3,0,3
booneoakley,0,1,1
boones,0,1,1
booness,0,1,1
boongin,1,0,1
boongu,1,0,1
boonie,1,2,3
boonies,8,10,18
boonopolis,0,1,1
boons,0,2,2
boonville,0,1,1
boony,0,1,1
booo,681,75,756
boooat,0,1,1
booob,0,1,1
booobie,1,0,1
booobies,0,1,1
booobooo,1,0,1
booobs,0,1,1
booody,1,0,1
boooh,1,0,1
booohisss,1,0,1
booohoo,3,0,3
booohoohoo,1,0,1
booohooo,9,0,9
booohooohooo,1,0,1
booohoooo,3,0,3
booohooooo,1,0,1
booohoooooo,1,0,1
booohoooooooo,1,0,1
boooi,0,1,1
boook,8,5,13
boooking,1,0,1
boookk,0,1,1
boookkksss,1,0,1
booom,2,6,8
booomb,1,3,4
boooo,492,41,533
booooaaat,1,0,1
boooobs,0,1,1
boooodddyy,0,1,1
boooogggerr,1,0,1
booooh,1,0,1
boooohoo,1,0,1
booooks,1,0,1
boooom,2,5,7
boooommmbbb,0,1,1
boooommmmmmb,0,1,1
booooo,271,16,287
booooobs,0,1,1
boooooger,1,0,1
boooooh,1,2,3
booooohooo,1,0,1
booooohoooo,0,1,1
boooook,2,1,3
boooookkkk,0,1,1
booooom,0,2,2
booooon,0,1,1
boooooo,146,12,158
booooooiiii,0,1,1
booooooo,74,6,80
booooooohooooo,1,0,1
booooooom,0,1,1
booooooonies,1,0,1
boooooooo,51,5,56
booooooooo,30,3,33
booooooooom,1,1,2
boooooooooo,21,0,21
booooooooooo,9,0,9
boooooooooooo,8,0,8
booooooooooooo,4,3,7
boooooooooooooo,3,0,3
booooooooooooooo,5,0,5
boooooooooooooooo,6,0,6
boooooooooooooooobs,0,1,1
booooooooooooooooo,4,0,4
boooooooooooooooooo,2,0,2
booooooooooooooooooo,3,0,3
boooooooooooooooooooo,3,0,3
booooooooooooooooooooo,2,0,2
booooooooooooooooooooooohissssssssssssssssssssss,1,0,1
boooooooooooooooooooooooo,1,0,1
booooooooooooooooooooooooooo,1,0,1
booooooooooooooooooooooooooooooooo,2,0,2
boooooooooooooooooooooooooooooooooooooooooooooooo,1,0,1
booooooooooooooooooooooooooooooooooooooooooooooooooooooo,1,0,1
boooooooooooooooooooooooooooooooooooooooooooooooooooooooooooooooooooooooooooooooooooooooooo,0,1,1
boooooooooooooooooooooooooooooooooooooooooooooooooooooooooooring,0,1,1
booooooooooooooooooooooooooooy,0,1,1
boooooooooooooooooooooooted,0,1,1
boooooooooooooooooooored,2,0,2
booooooooooooooooooorrrrrrrrrrrrred,1,0,1
boooooooooooooooored,1,0,1
boooooooooooooora,0,1,1
booooooooooooooring,1,0,1
booooooooooooored,1,0,1
boooooooooooored,1,0,1
booooooooooooreddd,1,0,1
booooooooooooring,2,0,2
boooooooooooring,2,0,2
boooooooooored,5,1,6
booooooooored,2,0,2
booooooooorin,1,0,1
boooooooooring,1,1,2
booooooooorriiiiiiiiiiiiiiiing,1,0,1
booooooooorrred,1,0,1
booooooooorrrrrrrrriiiiiiiiiiiinnnnnnnnnnngggggg,1,0,1
boooooooored,3,1,4
booooooooring,2,0,2
booooooooringgggggg,0,1,1
boooooooorrrrreeeeddddddd,1,0,1
boooooooorrrrrrrrrreeeeeeeeeeedddddddddd,1,0,1
booooooored,2,0,2
boooooooring,1,2,3
booooooorrrrreeeddd,1,0,1
boooooootay,0,1,1
boooooored,8,2,10
booooooring,3,0,3
boooooorinnnnnnngggg,1,0,1
boooooorririiinnngggg,1,0,1
boooooorrriiingggg,1,0,1
boooooorrrrring,1,0,1
boooooorrrrrrrrreeeeeeeeddddddddd,1,0,1
boooooosh,0,1,1
boooooourns,1,0,1
booooord,1,0,1
booooored,13,5,18
boooooring,9,3,12
booooorred,1,0,1
booooorrreeeeeedddddd,1,0,1
booooorrrriiiiiiinnnnnnggggggg,1,0,1
booooorrrrreeeddd,1,0,1
booooorrrrrring,1,0,1
boooootiful,0,2,2
booooowhooo,1,0,1
boooooy,1,2,3
boooooyah,1,0,1
boooored,18,5,23
booooree,1,0,1
booooring,18,2,20
boooorring,0,1,1
boooorrriiinnngggg,1,0,1
boooorrringgg,1,0,1
boooorrrinngg,1,0,1
boooorrrreeeddd,1,0,1
boooorrrreeeedddddd,1,0,1
booooss,1,0,1
boooots,0,1,1
booooty,1,0,1
boooourns,1,0,1
boooowl,1,0,1
booooy,3,1,4
booooya,0,1,1
booooyaaah,0,1,1
booooyah,0,1,1
booooys,1,0,1
booooyyy,1,0,1
booooze,1,2,3
boooozle,0,1,1
booored,17,9,26
boooredddd,1,0,1
boooreeed,0,1,1
boooreeedd,1,0,1
boooreeedddd,1,0,1
boooreeeed,1,0,1
boooriing,1,0,1
boooring,15,3,18
boooringggg,0,1,1
booorreedd,0,1,1
booorreeeeddd,0,1,1
booorring,1,0,1
booorrreeddd,2,0,2
booorrreeedd,3,0,3
booorrriiinnnggg,2,0,2
booorrrringggg,1,0,1
booorrrrring,0,1,1
booosh,1,0,1
boooskies,1,0,1
booosss,0,1,1
booot,0,1,1
boootay,1,0,1
booothang,0,1,1
boootiess,0,1,1
boootiful,0,1,1
boooting,1,0,1
booots,0,1,1
boooty,1,2,3
booouh,1,0,1
booourns,3,0,3
booourrrrnnns,1,0,1
booowseeeck,0,1,1
boooy,0,3,3
boooyaaah,0,1,1
boooyaaakaaa,0,1,1
boooyaah,0,1,1
boooyah,2,0,2
boooyeah,0,1,1
boooyfriend,0,2,2
boooys,1,1,2
boooyy,0,1,1
boooza,1,0,1
booozing,1,0,1
booozle,1,0,1
boop,5,7,12
boopboopboop,0,1,1
boopma,1,0,1
boopsie,2,0,2
boopsy,1,0,1
boopty,1,0,1
booptys,1,0,1
booqa,0,1,1
boored,16,8,24
booredd,1,0,1
booreed,2,0,2
booreedd,1,0,1
booreeed,1,0,1
booreeedd,1,0,1
booreeeedddd,1,0,1
booreeeeeeeed,1,0,1
booriend,1,0,1
booriiing,0,1,1
booring,21,5,26
boorman,0,2,2
boorreeddd,1,0,1
boorriinngg,1,0,1
boorriinnggg,1,0,1
boorrrdddd,1,0,1
boorrred,1,0,1
boorrring,1,0,1
boorrrreedddd,1,0,1
boos,23,22,45
boosauce,1,0,1
boose,1,2,3
boosh,21,31,52
booshelf,1,0,1
booshette,0,1,1
booshii,1,0,1
booshitt,1,0,1
boosie,3,1,4
boosies,0,1,1
boosin,0,1,1
booskee,1,0,1
booski,2,4,6
booskie,3,1,4
booskini,0,1,1
boost,58,106,164
boosted,2,5,7
booster,26,16,42
boosters,3,2,5
boosting,5,10,15
boosts,1,7,8
booszhi,1,0,1
boot,262,159,421
bootable,3,1,4
bootanner,1,0,1
bootay,1,7,8
bootays,0,1,1
bootayyy,1,0,1
bootcamp,48,33,81
bootcamping,0,1,1
booted,55,14,69
bootey,1,0,1
booth,103,182,285
boothaaang,0,1,1
boothang,0,2,2
boothanqs,0,1,1
boothe,1,0,1
boothed,1,0,1
boothies,1,0,1
boothinggg,0,1,1
boothroyd,1,0,1
booths,8,10,18
bootie,9,9,18
booties,11,7,18
bootiful,5,10,15
bootin,2,0,2
booting,17,7,24
bootishcall,1,0,1
bootle,2,0,2
bootleg,31,32,63
bootlege,1,0,1
bootlegged,3,1,4
bootlegger,2,1,3
bootleggers,1,1,2
bootlegging,1,0,1
bootlegs,8,5,13
bootloader,2,1,3
bootloop,1,0,1
bootmen,0,2,2
bootmgr,1,0,1
bootmii,0,1,1
bootneuter,2,0,2
bootnya,1,0,1
boots,218,238,456
bootsale,4,0,4
bootscreen,0,1,1
bootshaus,1,0,1
bootsie,4,1,5
bootsnall,0,2,2
bootsnya,1,0,1
bootstrap,0,1,1
bootstraplogo,0,2,2
bootstrapmd,0,1,1
bootstrapping,0,3,3
bootsy,0,2,2
bootup,3,0,3
booty,82,102,184
bootycall,0,1,1
bootycamp,1,0,1
bootycon,2,0,2
bootyhole,1,0,1
bootykins,0,1,1
bootylicious,2,2,4
bootyshorts,1,1,2
bootz,1,0,1
boound,0,1,1
boourns,8,0,8
boowho,1,0,1
booy,2,0,2
booya,4,4,8
booyaa,0,1,1
booyaaaaaa,0,1,1
booyaaahsaahkaa,0,1,1
booyah,3,29,32
booyahh,1,0,1
booyahkahshah,0,1,1
booyfriend,0,1,1
booyyaaa,1,0,1
booz,2,2,4
booze,126,119,245
boozeburg,0,1,1
boozed,2,0,2
boozeday,1,0,1
boozeeeeeeeeee,0,1,1
boozer,2,3,5
boozers,1,0,1
boozes,1,1,2
boozey,0,1,1
boozhoo,0,1,1
booziest,0,1,1
boozin,2,4,6
boozing,10,6,16
boozle,9,4,13
boozlers,0,1,1
boozosnob,0,1,1
boozy,4,6,10
bop,13,22,35
bopcasts,1,0,1
bopepper,1,0,1
bopit,0,1,1
boplaks,0,2,2
boplo,0,2,2
bopp,0,1,1
bopper,4,4,8
boppers,4,1,5
boppin,2,5,7
bopping,2,11,13
bops,2,0,2
bopsyxz,1,0,1
boput,1,0,1
boqueria,1,0,1
boquet,1,1,2
boquets,0,1,1
bor,9,4,13
bora,9,23,32
boracay,8,15,23
borack,0,1,1
borad,2,1,3
boradband,1,0,1
borage,0,1,1
boral,0,1,1
boramey,0,1,1
borat,22,33,55
borax,1,0,1
borbe,1,0,1
borbon,0,1,1
bord,71,18,89
bordam,1,0,1
bordatella,0,1,1
bordd,1,2,3
borde,8,0,8
bordeau,0,1,1
bordeaux,3,10,13
borded,3,2,5
bordeirlne,1,0,1
bordel,1,2,3
bordeline,1,0,1
bordello,3,2,5
bordem,13,6,19
bordemhas,1,0,1
borden,0,1,1
border,70,62,132
bordered,1,0,1
bordering,7,4,11
borderitas,1,0,1
borderlands,1,1,2
borderless,1,0,1
borderline,19,14,33
borderliner,1,0,1
borders,75,76,151
bordest,2,0,2
bordine,0,1,1
bording,4,0,4
bordm,1,0,1
bordogni,1,0,1
bordom,4,3,7
bordsen,0,1,1
bordum,0,1,1
bore,76,53,129
borealis,0,1,1
borealisiso,0,1,1
borealnz,0,1,1
boreanaz,3,4,7
bored,8293,2347,10640
boredashell,1,0,1
boredation,0,1,1
boreday,0,1,1
boredboots,1,0,1
boredboredbored,1,1,2
boredd,103,48,151
boreddd,70,29,99
boredddd,35,11,46
boreddddd,24,9,33
boredddddd,10,3,13
boreddddddd,5,1,6
boredddddddd,2,2,4
boreddddddddd,5,0,5
boredddddddddd,1,1,2
boreddddddddddd,0,1,1
boredddddddddddd,4,0,4
boreddddddddddddd,0,1,1
boredddddddddddddd,1,0,1
boreddddddddddddddd,2,0,2
boreddddddddddddddddddd,2,0,2
boreddddddddddddddddddddddd,0,1,1
boredddddddddddddddddddddddd,1,0,1
boreddddddddddddddddddddddddd,0,1,1
boredddddddddddddddddddddddddddddddddddddddddddddd,1,0,1
boreded,1,1,2
borededed,2,0,2
boredem,7,1,8
boredeom,0,1,1
boreder,2,0,2
boreders,1,0,1
boredness,8,2,10
boredom,204,125,329
boredome,2,0,2
boredomitis,0,1,1
boredomm,4,0,4
boredommm,1,0,1
boredoms,1,0,1
boredomxxx,0,1,1
boredoom,1,0,1
boredroom,1,0,1
boredum,8,2,10
boredums,1,0,1
boree,1,0,1
boreed,23,6,29
boreedd,8,1,9
boreeddd,3,2,5
boreedddd,2,2,4
boreeddddd,1,0,1
boreedz,1,0,1
boreeed,15,8,23
boreeedd,4,0,4
boreeeddd,0,1,1
boreeedddddd,2,0,2
boreeeed,8,4,12
boreeeeddd,0,1,1
boreeeedddd,1,0,1
boreeeeed,5,1,6
boreeeeeddddd,1,0,1
boreeeeeed,5,1,6
boreeeeeedd,1,0,1
boreeeeeeddddd,1,0,1
boreeeeeee,1,0,1
boreeeeeeed,3,2,5
boreeeeeeeeed,5,0,5
boreeeeeeeeeee,1,0,1
boreeeeeeeeeeed,2,0,2
boreeeeeeeeeeeed,2,0,2
boreeeeeeeeeeeeed,1,0,1
boreeeeeeeeeeeeeeedd,1,0,1
boreeeeeeeeeeeeeeeed,1,0,1
boreeeeeeeeeeeeeeeeeeeng,0,1,1
borehamwood,0,1,1
boreing,9,3,12
boreingg,1,0,1
borel,2,0,2
boreland,1,0,1
borem,1,0,1
boreme,0,1,1
boreness,1,0,1
borerd,1,0,1
borers,2,0,2
borerson,1,0,1
bores,21,6,27
borewell,1,0,1
borey,1,0,1
borez,2,0,2
borg,5,5,10
borgata,4,3,7
borgellaj,0,1,1
borges,1,2,3
borgia,0,1,1
borgie,0,1,1
borgiee,1,0,1
borgo,0,2,2
borgonia,0,1,1
borgos,0,1,1
borgota,2,0,2
borgs,0,1,1
bori,0,2,2
boric,1,0,1
boricha,0,1,1
boricua,1,4,5
borig,1,0,1
boriiiiing,0,1,1
boriiiing,1,0,1
boriiing,3,0,3
boriing,7,1,8
boriingg,1,0,1
boriinngggg,1,0,1
borin,70,12,82
borind,1,0,1
boring,3450,1017,4467
boringbutreal,1,0,1
boringest,2,2,4
boringg,23,3,26
boringgg,15,3,18
boringggg,13,1,14
boringgggg,5,0,5
boringggggg,1,1,2
boringgggggg,0,1,1
boringgggggggggg,1,0,1
boringgggggggggggg,0,1,1
boringh,1,0,1
boringist,1,0,1
boringly,5,0,5
boringmouth,1,0,1
boringness,7,3,10
boringo,1,0,1
boringoldfart,1,0,1
borings,1,0,1
borinng,0,1,1
borinnggg,2,0,2
borinnggggggggg,1,0,1
borinnnnng,1,0,1
borinq,3,1,4
borinquen,1,0,1
boriqua,0,1,1
boriquas,0,1,1
boris,10,8,18
borise,0,1,1
borispol,1,1,2
borja,0,1,1
bork,2,4,6
borked,50,5,55
borken,2,0,2
borking,2,0,2
borknagar,1,0,1
borks,1,0,1
borl,0,2,2
borland,0,1,1
borld,2,0,2
borling,2,0,2
borly,0,1,1
born,297,434,731
bornday,0,4,4
borne,1,2,3
bornean,0,1,1
borned,3,2,5
borneo,2,5,7
bornholm,0,1,1
bornig,1,0,1
borning,2,3,5
bornmouth,1,0,1
bornrecycling,0,1,1
borns,0,1,1
borny,0,1,1
boro,27,19,46
borobodur,2,0,2
borobudur,2,0,2
boros,1,0,1
borothers,0,1,1
borough,7,8,15
boroughs,3,4,7
borought,0,1,1
borow,0,1,1
borowen,0,1,1
borracha,0,1,1
borracho,0,1,1
borrd,0,2,2
borred,13,6,19
borredd,1,0,1
borreddd,2,0,2
borredddd,1,0,1
borreed,5,0,5
borreedd,0,2,2
borreeddd,1,0,1
borreeed,2,0,2
borreeeddd,2,0,2
borreeedddd,0,1,1
borreeeed,1,0,1
borrego,1,1,2
borrels,0,1,1
borres,0,1,1
borriiiiiiiiing,2,0,2
borriiiing,0,1,1
borriing,1,1,2
borrin,1,1,2
borring,16,7,23
borrinn,1,0,1
borrinnn,1,0,1
borris,1,0,1
borrod,1,0,1
borrow,161,190,351
borrowd,1,0,1
borrowed,51,54,105
borroweddd,1,0,1
borrower,0,1,1
borrowers,0,4,4
borrowing,19,26,45
borrows,2,0,2
borrr,1,0,1
borrred,6,1,7
borrreddddd,1,0,1
borrreed,0,1,1
borrreedddd,1,0,1
borrreeedddd,1,0,1
borrriinng,1,0,1
borrring,1,0,1
borrrinnggg,1,0,1
borrrinnngg,1,0,1
borrrnnn,0,1,1
borrrrd,1,0,1
borrrred,4,2,6
borrrredom,0,1,1
borrrreed,1,0,1
borrrreeed,1,0,1
borrrriiiinnnnggg,1,0,1
borrrringggg,1,0,1
borrrrredddddddd,1,0,1
borrrrring,2,1,3
borrrrrred,1,0,1
borrrrrreeeeedd,1,0,1
borrrrrreeeeeeeeeeeed,1,0,1
borrrrrrredddddd,1,0,1
borrrrrrrrring,1,0,1
borrrrrrrrrrrringggg,1,0,1
borrrrrrrrrrrrrrrreeeeeeeeeeedddddd,1,0,1
borrwd,1,0,1
borrwg,1,0,1
borsalino,1,0,1
borsch,0,1,1
borscht,1,3,4
borsetshire,0,1,1
bort,0,1,1
borther,1,3,4
borthering,0,1,1
borthers,1,0,1
borthwick,0,1,1
bortz,0,1,1
borusan,1,0,1
borwnies,0,1,1
boryspil,1,0,1
bos,14,12,26
bosa,0,2,2
bosaa,0,1,1
bosaaaaannnn,1,0,1
bosadi,1,0,1
bosan,4,0,4
bosbad,1,0,1
bosc,0,1,1
boscaiola,0,1,1
bosch,7,4,11
boschfail,1,0,1
boscioli,0,1,1
bosco,6,3,9
boscoe,2,0,2
boscombe,0,2,2
bose,16,12,28
boseeeeeeeeeeeeeen,1,0,1
boseeeeeeeen,1,0,1
boseeeeeeen,1,0,1
boseeeeen,1,0,1
boseeeenn,1,0,1
boseeen,3,1,4
boseeenss,1,0,1
bosely,1,0,1
bosen,9,6,15
bosenn,0,1,1
boses,1,0,1
bosess,1,0,1
bosh,0,4,4
bosherz,1,0,1
boshman,0,1,1
boshor,0,1,1
bosingwa,1,0,1
bosker,1,0,1
boski,1,0,1
bosley,0,3,3
bosnia,4,3,7
bosnian,2,1,3
bosom,2,4,6
bosomly,0,1,1
bosoms,0,1,1
bosomy,0,1,1
boson,0,1,1
bosotn,1,0,1
bosox,4,5,9
bosphorus,1,0,1
bosque,2,0,2
boss,623,579,1202
bossa,3,5,8
bossanova,0,1,1
bossard,1,0,1
bossbitch,0,1,1
bossbot,1,0,1
bosscow,0,1,1
bossed,1,0,1
bossen,1,0,1
bosser,0,1,1
bosses,40,35,75
bosshairstyles,1,0,1
bossing,3,2,5
bossip,1,0,1
bossisout,0,1,1
bossman,4,5,9
bossnapping,0,1,1
bossoms,0,1,1
bossprefs,2,0,2
bosss,1,0,1
bossseeeennn,1,0,1
bosssssess,1,0,1
bosssssss,1,0,1
bossy,13,12,25
bossyprincess,0,1,1
bossys,0,1,1
bost,0,1,1
boster,1,0,1
bosties,0,1,1
bostihuahua,0,1,1
bostik,0,1,1
bostin,1,3,4
bostingly,0,1,1
bostjan,0,1,1
boston,526,464,990
bostonglobe,0,1,1
bostonian,0,4,4
bostonians,0,1,1
bostonjobs,0,1,1
bostonlegal,0,1,1
bostonmarathon,1,0,1
bostonnnnnnn,1,0,1
bostons,4,3,7
bosuns,1,0,1
boswell,0,1,1
boswells,1,0,1
bosworth,0,2,2
boszi,0,1,1
bot,96,100,196
botak,2,4,6
botan,0,1,1
botani,1,0,1
botanic,3,7,10
botanica,1,2,3
botanical,10,15,25
botanics,3,0,3
botanique,0,1,1
botannic,0,1,1
botany,2,0,2
botar,0,1,1
botb,0,2,2
botch,3,1,4
botcha,1,0,1
botched,9,6,15
botchie,0,1,1
botchin,1,0,1
botching,1,0,1
botchmen,0,1,1
botcon,6,12,18
botconer,0,1,1
botd,0,1,1
botdf,0,1,1
botega,1,0,1
botehr,0,1,1
botejyu,0,1,1
botell,1,0,1
boteros,0,1,1
botev,0,1,1
botfishing,0,2,2
botfriend,0,1,1
both,2474,3262,5736
bothanical,0,1,1
bothed,1,0,1
botheed,1,0,1
bothell,1,3,4
bother,308,240,548
botheration,1,0,1
botherations,1,0,1
botherd,20,3,23
botherdddddd,1,0,1
bothered,419,136,555
botheredddd,1,0,1
botherin,6,2,8
bothering,148,55,203
bothers,58,25,83
bothersome,7,3,10
bothersomes,1,0,1
bothh,1,1,2
bothhh,1,2,3
bothhhhh,0,1,1
bothma,0,1,1
bothneeda,0,1,1
bothof,1,0,1
bothom,0,1,1
bothr,2,0,2
bothred,1,0,1
boths,0,1,1
bothwell,3,1,4
bothy,0,2,2
boti,0,1,1
boticide,1,0,1
botique,0,1,1
botiques,0,1,1
botish,1,0,1
botle,1,0,1
botnet,2,0,2
botnets,0,1,1
boto,1,1,2
botol,1,1,2
botom,1,0,1
botong,1,0,1
botoom,1,0,1
botox,13,9,22
botrytis,1,1,2
bots,67,61,128
botson,0,1,1
botswana,2,1,3
botswanan,0,1,1
botsy,0,1,1
bott,3,0,3
bottanical,0,1,1
bottega,0,5,5
bottel,2,0,2
bottem,0,1,1
bottertwit,0,1,1
botteshop,1,0,1
botth,0,1,1
botti,3,2,5
botticelli,1,0,1
bottle,492,513,1005
bottleblow,0,1,1
bottlecaps,1,0,1
bottled,29,16,45
bottleneck,2,1,3
bottlenecks,1,0,1
bottlepopppp,1,0,1
bottlerocket,1,0,1
bottlerockets,1,0,1
bottles,114,125,239
bottlesss,0,2,2
bottlesz,0,1,1
bottling,2,4,6
bottlingmachine,1,0,1
bottlles,1,0,1
bottlo,1,0,1
botto,1,0,1
bottom,405,271,676
bottomed,4,2,6
bottomless,11,3,14
bottoms,18,22,40
botton,3,1,4
bottrop,0,1,1
botts,5,0,5
botttles,0,1,1
bottttsss,0,1,1
botttttle,0,1,1
bottwood,1,0,1
botty,1,0,1
botw,1,0,1
botwana,0,1,1
botwin,1,2,3
boty,1,0,1
bou,7,8,15
boubi,1,0,1
boubon,1,0,1
boubounieres,1,0,1
boubous,0,1,1
bouch,0,1,1
bouchard,0,1,1
bouche,0,1,1
boucher,2,2,4
bouchie,1,0,1
bouchon,0,1,1
bouchonfor,1,0,1
bouchons,2,0,2
bouchra,0,1,1
boucingg,0,1,1
boucle,0,1,1
boucner,1,0,1
boucy,0,1,1
boud,1,0,1
bouda,1,0,1
boudaries,0,1,1
boude,1,0,1
boudecia,0,1,1
boudin,2,3,5
boudoir,2,9,11
boudon,0,1,1
boudreauxs,1,0,1
boudros,1,0,1
boue,0,2,2
bouemi,1,0,1
bouff,0,1,1
bouffant,1,1,2
bouffe,1,0,1
bouganvilliea,0,1,1
bouge,0,1,1
bougeouise,0,1,1
bough,4,3,7
boughs,0,1,1
bought,1769,2594,4363
bougie,0,1,1
bougt,0,1,1
bougth,1,0,1
bouh,2,0,2
bouhh,1,0,1
bouhou,2,0,2
bouhouuuuuuuuuuu,1,0,1
boulan,2,0,2
boulange,0,1,1
boulder,33,38,71
bouldering,2,1,3
boulders,0,1,1
boules,1,1,2
boulette,0,1,1
boulevard,4,8,12
boulevards,0,1,1
boulmer,0,1,1
boulogne,0,1,1
bouloooot,0,1,1
boulot,7,4,11
boulousopoulos,0,1,1
boulter,0,1,1
boulto,0,1,1
boulton,1,1,2
bouma,1,0,1
bouna,0,1,1
bounce,82,92,174
bounceback,0,1,1
bounced,32,15,47
bouncer,7,12,19
bouncers,9,4,13
bounces,9,12,21
bouncewithme,0,1,1
bouncey,1,0,1
bounchy,0,1,1
bouncin,4,6,10
bouncing,39,56,95
bouncingly,0,1,1
bouncy,35,41,76
bouncyness,0,1,1
bouncyy,0,1,1
bound,179,221,400
boundarieeeeeeeees,0,1,1
boundaries,13,53,66
boundary,4,2,6
boundcon,1,0,1
bounded,2,0,2
bounder,0,1,1
bounders,1,0,1
boundgods,1,0,1
bounding,0,2,2
boundless,0,3,3
boundmuse,1,0,1
boundries,2,0,2
boundry,2,0,2
bounds,9,9,18
bounmy,1,0,1
bounson,0,1,1
bount,1,2,3
bountiful,0,4,4
bounty,14,17,31
bouny,0,1,1
bounz,2,0,2
bouqet,1,1,2
bouque,0,1,1
bouquet,11,27,38
bouquets,2,5,7
bourbo,1,0,1
bourbon,22,50,72
bourbonish,0,1,1
bourbonnais,0,1,1
bourbons,2,3,5
bourd,3,0,3
bourdain,6,4,10
bourdais,1,0,1
bourdieu,0,1,1
bourdon,2,0,2
bourg,0,1,1
bourgeois,0,2,2
bourgeoisie,0,1,1
bourgeousie,0,1,1
bourget,1,0,1
bourgie,1,0,1
bourgignon,1,0,1
bourgouri,1,0,1
bourine,1,0,1
bouring,1,0,1
bouringg,1,0,1
bourjel,0,1,1
bourke,4,3,7
bourne,5,19,24
bournemout,0,1,1
bournemouth,25,36,61
bournemouths,0,1,1
bournes,2,0,2
bournivita,2,0,2
bournmeth,0,1,1
bournmouth,0,1,1
bournville,1,2,3
bournvita,2,1,3
bourse,1,0,1
boursin,0,1,1
bourton,1,1,2
bous,1,0,1
bouse,1,1,2
boushi,1,0,1
bouss,1,0,1
bout,1980,1972,3952
bouta,27,25,52
boutch,0,1,1
boutcha,0,1,1
boutcher,0,1,1
boutiful,0,1,1
boutique,17,22,39
boutiques,2,1,3
boutler,0,1,1
boutr,0,1,1
bouts,15,14,29
boutsz,0,1,1
boutt,3,7,10
boutta,6,10,16
boutto,2,1,3
bouttt,1,0,1
bouttttt,0,1,1
bouu,1,0,1
bouugghhtt,0,1,1
bouut,2,0,2
bouuu,1,0,1
bouvet,0,1,1
bouvier,2,2,4
bouvierb,4,1,5
bouvierre,0,1,1
bouy,0,1,1
bouyant,0,1,1
bouygues,2,0,2
bouys,0,1,1
bov,1,0,1
bovalixia,0,1,1
boverd,5,0,5
bovered,0,1,1
bovey,1,0,1
bovine,3,5,8
bovising,0,1,1
bovril,2,1,3
bovverd,1,0,1
bovvered,2,4,6
bow,89,175,264
bowbow,1,0,1
bowchickawowow,0,1,1
bowd,0,1,1
bowden,2,2,4
bowdoin,0,3,3
bowe,0,1,1
bowed,1,2,3
boweeeezy,1,0,1
bowel,14,2,16
bowell,1,0,1
bowels,5,5,10
bowen,12,6,18
bowenthebeard,1,0,1
bower,2,1,3
bowering,1,0,1
bowers,1,1,2
bowery,4,3,7
bowes,1,1,2
bowfishing,0,1,1
bowflex,2,1,3
bowgen,1,0,1
bowhead,1,0,1
bowhunter,0,1,1
bowie,32,44,76
bowierocks,0,1,1
bowies,0,1,1
bowing,4,8,12
bowl,298,301,599
bowla,0,1,1
bowldro,0,1,1
bowleaze,0,4,4
bowled,8,13,21
bowlegged,0,1,1
bowlegs,3,1,4
bowler,6,6,12
bowlerama,0,1,1
bowlers,3,4,7
bowles,0,1,1
bowlful,1,3,4
bowlfuls,0,1,1
bowliing,0,1,1
bowlin,10,6,16
bowling,259,340,599
bowlingggg,0,1,1
bowlingtweetup,0,1,1
bowllllllinggg,0,1,1
bowls,37,33,70
bowman,2,4,6
bowmans,0,1,1
bowmanville,0,1,1
bowmore,0,1,1
bown,1,2,3
bowness,0,1,1
bowo,0,1,1
bowow,1,0,1
bowral,0,1,1
bowring,1,0,1
bows,5,29,34
bowser,8,2,10
bowt,1,2,3
bowth,0,1,1
bowtie,5,2,7
bowties,2,0,2
boww,0,1,1
bowwow,2,8,10
bowyer,0,1,1
bowz,0,1,1
box,1039,888,1927
boxbe,0,1,1
boxborough,1,0,1
boxcar,1,2,3
boxcars,1,0,1
boxcuttahz,1,0,1
boxden,1,0,1
boxe,0,1,1
boxed,23,12,35
boxee,17,9,26
boxeetv,1,0,1
boxeight,0,1,1
boxely,0,1,1
boxen,1,0,1
boxer,25,33,58
boxers,29,46,75
boxershorts,0,1,1
boxes,232,182,414
boxesssss,0,1,1
boxeur,0,1,1
boxflat,0,1,1
boxfresh,0,1,1
boxhill,0,1,1
boxies,1,0,1
boxin,0,1,1
boxing,79,70,149
boxings,0,1,1
boxman,0,1,1
boxmates,1,0,1
boxmen,1,0,1
boxmodel,1,0,1
boxng,0,1,1
boxo,1,0,1
boxoffice,0,1,1
boxofmess,0,3,3
boxplots,1,0,1
boxseats,0,1,1
boxset,19,12,31
boxsets,4,0,4
boxstr,1,0,1
boxter,0,1,1
boxtops,1,0,1
boxx,1,3,4
boxxx,1,0,1
boxxxx,1,1,2
boxxxybabeee,0,1,1
boxxy,0,1,1
boxxybabee,1,0,1
boxy,2,4,6
boy,2260,2500,4760
boya,0,2,2
boyal,1,1,2
boyale,0,1,1
boyan,0,1,1
boyancy,0,1,1
boyanizer,1,0,1
boyardee,4,1,5
boyband,6,10,16
boybander,0,1,1
boybanders,1,0,1
boybands,4,6,10
boyboi,0,1,1
boyboy,1,0,1
boyce,0,6,6
boychild,0,1,1
boycie,0,1,1
boycotdelifrance,1,0,1
boycott,24,11,35
boycotted,0,1,1
boycottin,1,0,1
boycotting,12,3,15
boycottlove,0,1,1
boycottnick,1,0,1
boycottnovell,1,0,1
boycottpb,0,1,1
boycotts,1,1,2
boycrush,0,1,1
boyd,8,13,21
boyder,1,1,2
boydfriend,1,0,1
boyds,1,1,2
boyeee,0,2,2
boyeeeed,1,0,1
boyeefriend,0,1,1
boyeeh,0,2,2
boyees,1,0,1
boyer,0,2,2
boyerz,0,1,1
boyesss,1,0,1
boyet,0,1,1
boyette,0,1,1
boyf,45,26,71
boyfff,1,1,2
boyfie,4,3,7
boyfiee,0,2,2
boyfiend,1,2,3
boyfirend,0,1,1
boyfr,0,1,1
boyfraaaaand,1,0,1
boyfraaanddd,0,1,1
boyfraand,1,0,1
boyfran,7,4,11
boyfrand,2,1,3
boyfranddd,2,0,2
boyfranddddd,1,0,1
boyfrann,4,3,7
boyfrannd,0,1,1
boyfrannn,1,2,3
boyfrannnnn,1,0,1
boyfrannns,0,1,1
boyfreind,4,3,7
boyfren,1,1,2
boyfrennn,0,1,1
boyfrie,0,1,1
boyfried,0,1,1
boyfrieeeeeeeeeeeend,0,1,1
boyfrieeennd,0,1,1
boyfrieend,0,1,1
boyfrien,1,0,1
boyfriend,1353,1019,2372
boyfriendd,1,8,9
boyfrienddd,3,3,6
boyfriendddd,2,1,3
boyfriendless,2,0,2
boyfriends,75,76,151
boyfrienn,1,0,1
boyfriennd,0,1,1
boyfrienndd,1,1,2
boyfriennnnnnnnnnnn,1,0,1
boyfriens,0,1,1
boyfriiiiend,1,0,1
boyfrnd,3,0,3
boyfroend,1,0,1
boyfs,3,1,4
boyfwend,3,1,4
boyfwends,1,0,1
boyfy,1,1,2
boygirl,0,1,1
boygirlparty,0,1,1
boyhood,1,1,2
boyinthestripedpyjamas,1,0,1
boyish,5,6,11
boykies,0,1,1
boykins,2,0,2
boyl,0,1,1
boyladies,0,1,1
boylan,0,1,1
boyle,326,325,651
boyled,0,1,1
boylehead,1,0,1
boylepoker,0,1,1
boyleroll,0,1,1
boyles,3,4,7
boyless,1,0,1
boyleston,0,1,1
boylet,1,0,1
boyley,0,2,2
boylove,1,0,1
boylston,0,1,1
boyman,1,0,1
boyne,1,0,1
boynton,2,1,3
boynum,1,0,1
boyo,2,3,5
boyond,0,1,1
boyos,1,0,1
boypals,1,0,1
boypren,1,0,1
boyprend,1,0,1
boyr,0,1,1
boyreetsee,0,1,1
boys,1485,2125,3610
boysandclothes,0,1,1
boysandclubbing,1,0,1
boyscout,3,2,5
boysenberries,1,0,1
boysex,0,1,1
boyshorts,0,2,2
boysieesss,0,1,1
boysiimen,0,1,1
boyslikegirls,0,1,1
boyslost,1,0,1
boysover,0,1,1
boysoverflowers,0,1,1
boyss,3,6,9
boysss,3,5,8
boyssss,2,4,6
boysssss,1,1,2
boyssssss,1,1,2
boysssssss,0,1,1
boyssssssss,0,1,1
boysssssssss,0,1,1
boyssssssssssss,1,0,1
boystalkingg,1,0,1
boystown,3,8,11
boystuff,0,1,1
boysummer,32,26,58
boysz,1,1,2
boyte,1,0,1
boything,0,1,1
boytoy,4,6,10
boyufriend,1,0,1
boyy,14,17,31
boyyardee,0,1,1
boyyeee,0,1,1
boyys,1,0,1
boyyss,0,1,1
boyyy,4,19,23
boyyyfriiieeennnnd,1,0,1
boyyyssss,1,0,1
boyyyy,3,4,7
boyyyyfrieeenddd,1,0,1
boyyyyy,1,5,6
boyyyyyeeee,0,1,1
boyyyyyfriendd,0,1,1
boyyyyyy,0,2,2
boyyyyyys,0,1,1
boyyyyyyy,1,0,1
boyyyyyyyy,1,0,1
boyyyyyyyyyyy,0,1,1
boyyyyyyyyyyyyyyyyyyy,1,0,1
boyyyyyyyyyyyyyyyyyyyyyyyyyyy,0,1,1
boyyyyz,1,0,1
boyz,44,37,81
boyziimen,0,2,2
boyzne,0,1,1
boyzo,1,0,1
boyzone,21,33,54
boyzz,0,2,2
boyzzz,0,2,2
boyzzzz,0,1,1
boyzzzzz,0,1,1
boz,2,5,7
boze,1,0,1
bozeman,2,4,6
bozes,1,0,1
bozhanov,0,2,2
bozle,1,0,1
bozo,3,2,5
bozoids,0,1,1
bozooka,0,2,2
bozu,0,2,2
bozuk,1,0,1
bozz,2,0,2
bozza,0,1,1
bozzini,0,1,1
bp,45,23,68
bpa,3,0,3
bpal,1,2,3
bpalites,0,1,1
bpark,2,3,5
bpas,1,0,1
bpb,1,0,1
bpc,1,2,3
bpd,12,13,25
bpencil,1,0,1
bpeng,1,0,1
bperea,0,1,1
bpfurniture,2,0,2
bpgcm,1,0,1
bphone,0,1,1
bphotography,0,1,1
bphph,1,0,1
bphs,0,1,1
bpi,2,2,4
bpiexpressonline,0,1,1
bpjz,0,1,1
bpk,1,0,1
bpl,2,2,4
bplf,1,0,1
bplus,1,0,1
bpm,3,20,23
bpms,1,0,1
bpn,1,0,1
bpo,0,5,5
bpom,1,1,2
bpool,2,0,2
bpos,1,1,2
bpp,2,5,7
bpppp,0,1,1
bpps,0,1,1
bpqfynest,0,1,1
bpqirs,0,1,1
bpr,0,2,2
bpring,0,1,1
bprohibiting,1,0,1
bprt,1,0,1
bps,2,1,3
bpsq,0,1,1
bpt,2,0,2
bq,2,7,9
bqcrew,1,0,1
bqe,2,0,2
bqn,0,1,1
bqq,1,0,1
bque,0,1,1
br,74,66,140
bra,100,72,172
braaaaaaaaaaaaaaaaaadie,0,1,1
braaaaaaaaaaaaaaaaazil,0,1,1
braaaaaaaaaaaaaaaad,0,1,1
braaaaaaaaaaain,1,0,1
braaaaaaaaap,0,1,1
braaaaaaiiiiiinnnnzzzzz,1,0,1
braaaaazil,1,1,2
braaah,0,1,1
braaahh,0,1,1
braaainz,0,1,1
braaandon,0,1,1
braaann,0,1,1
braaat,1,0,1
braaavo,1,0,1
braaces,0,1,1
braad,1,0,1
braai,3,9,12
braamhaar,0,1,1
braavleis,0,1,1
braazil,1,0,1
brabant,1,0,1
brabazon,0,1,1
brac,0,1,1
bracalet,0,1,1
brace,69,28,97
bracebridge,1,0,1
braced,3,0,3
braceeeees,0,1,1
braceees,1,0,1
braceface,3,2,5
braceleeeetssss,1,0,1
braceless,1,1,2
bracelet,135,149,284
braceletes,0,1,1
braceletny,0,1,1
bracelets,22,57,79
bracelette,1,1,2
braceletts,0,1,1
bracers,1,0,1
braces,265,75,340
bracess,1,1,2
braceyface,0,1,1
brach,0,2,2
braci,0,1,1
bracing,10,3,13
bracken,1,1,2
brackenridge,1,0,1
brackenwood,0,1,1
bracket,20,15,35
bracketed,2,0,2
bracketing,0,2,2
brackets,6,6,12
brackett,0,1,1
brackin,0,1,1
brackla,1,0,1
brackley,2,0,2
bracknel,0,1,1
bracknell,5,3,8
brackokitty,0,1,1
braclet,7,6,13
braclets,2,5,7
braclette,0,1,1
bracy,1,0,1
brad,107,176,283
bradam,1,0,1
bradas,1,0,1
bradbull,1,0,1
bradbury,1,15,16
bradby,2,0,2
bradcasting,1,0,1
bradd,2,0,2
bradda,1,0,1
braddah,0,6,6
bradddd,2,0,2
braddddddddd,1,0,1
braddders,1,0,1
bradders,0,2,2
braddock,2,1,3
braded,0,1,1
braden,3,8,11
bradenf,0,1,1
bradenton,1,4,5
brader,0,1,1
bradey,1,1,2
bradfield,1,1,2
bradford,12,12,24
bradfordtweets,2,0,2
bradie,57,121,178
bradiee,0,3,3
bradieeee,1,0,1
bradieeeeee,1,0,1
bradieitis,0,1,1
bradiekins,1,0,1
bradies,6,7,13
bradiewebb,38,69,107
bradiewebbst,0,1,1
bradiewebbstack,1,7,8
bradiie,1,1,2
bradin,0,1,1
bradlee,2,0,2
bradley,52,62,114
bradleys,1,0,1
bradly,3,1,4
bradman,1,0,1
bradocracy,0,1,1
bradpitt,0,1,1
bradr,1,0,1
brads,3,3,6
bradshaw,3,2,5
bradshaws,1,0,1
bradstreet,0,1,1
bradu,0,1,1
brady,28,35,63
bradyn,0,1,1
braeanne,0,1,1
braeburns,0,1,1
braehead,0,3,3
braelyn,1,0,1
braemore,1,0,1
braf,1,0,1
braff,3,9,12
braffy,1,0,1
brag,14,33,47
braga,0,1,1
bragg,7,5,12
braggage,0,1,1
braggart,0,1,1
bragged,3,4,7
bragger,1,0,1
braggers,1,1,2
braggin,5,1,6
bragging,19,27,46
braggish,1,0,1
braging,0,2,2
brags,1,4,5
bragster,1,0,1
brah,18,13,31
braha,0,1,1
brahbrah,1,0,1
brahdas,1,0,1
brahh,0,4,4
brahhh,0,1,1
brahhhhh,0,1,1
brahma,0,3,3
brahman,1,0,1
brahmaputra,1,0,1
brahms,2,0,2
brahmy,0,1,1
braid,16,17,33
braide,1,2,3
braided,9,6,15
braidin,0,1,1
braiding,7,2,9
braids,23,21,44
braidy,1,0,1
braiiidddsss,0,1,1
brail,1,0,1
braile,1,0,1
braille,3,3,6
brain,862,612,1474
brainard,0,1,1
brainbench,0,1,1
brainbite,1,0,1
brainbone,25,16,41
braincast,0,1,1
braincells,4,4,8
brainchild,0,2,2
braindead,5,2,7
braindrain,0,1,1
brained,1,6,7
brainer,3,14,17
brainfade,1,0,1
brainfail,1,1,2
brainfart,2,0,2
brainfarts,0,1,1
brainfeeder,3,0,3
brainfood,0,1,1
brainfreeze,3,1,4
brainful,0,1,1
brainhead,1,0,1
brainhurt,1,0,1
brainiac,1,5,6
brainier,0,1,1
brainless,6,2,8
brainmachine,0,1,1
brainnn,2,0,2
brainnnnsssss,0,1,1
brainns,1,0,1
brainpower,1,0,1
brains,97,78,175
brainsonfire,0,1,1
brainstem,0,1,1
brainstorm,6,25,31
brainstormed,0,3,3
brainstormg,0,1,1
brainstorming,10,38,48
brainstorrming,0,1,1
brainsurgerysaywhatnow,1,0,1
braintalk,0,1,1
brainteaser,0,1,1
brainthrob,1,0,1
braintree,3,1,4
brainwash,1,3,4
brainwashed,6,10,16
brainwashing,2,2,4
brainwave,1,5,6
brainwaves,1,1,2
brainy,1,5,6
brainyday,0,1,1
brainz,1,1,2
brais,1,1,2
braised,0,4,4
braising,0,2,2
braison,4,1,5
braisons,0,1,1
braithwate,1,0,1
brak,2,1,3
brakcets,1,0,1
brake,57,30,87
braked,1,0,1
brakedown,1,0,1
brakefast,0,1,1
brakeing,1,0,1
brakelight,1,0,1
brakelines,1,0,1
braken,1,0,1
braker,1,1,2
brakers,0,1,1
brakes,52,26,78
braketes,1,0,1
brakfast,0,1,1
brakie,0,1,1
braking,7,3,10
brakkediebrakbrak,1,0,1
brakpan,0,1,1
brakspear,1,0,1
braless,1,0,1
bram,3,10,13
bramaged,0,1,1
bramasole,0,1,1
bramble,0,4,4
brambleberry,0,1,1
brambles,3,2,5
bramblesfightback,1,0,1
brambory,0,1,1
bramladesh,1,0,1
bramley,0,1,1
brammo,1,0,1
brampton,4,1,5
bran,26,33,59
branae,1,0,1
branagh,0,3,3
brancaster,1,0,1
brancati,1,0,1
branch,64,42,106
branched,0,2,2
branches,15,19,34
branching,1,2,3
branchy,1,0,1
brancy,0,1,1
brand,279,505,784
branda,0,1,1
brandcenter,1,0,1
brandchat,1,1,2
brandd,0,1,1
brande,2,1,3
branded,3,12,15
brandee,1,2,3
brandeis,2,0,2
branden,6,3,9
brandenburg,0,1,1
brandenburger,0,1,1
brandens,0,2,2
brander,1,0,1
branderz,1,0,1
brandest,0,1,1
brandface,1,0,1
brandhackers,0,1,1
brandi,21,51,72
brandian,0,1,1
brandians,0,2,2
brandibelle,0,1,1
brandice,0,2,2
brandicyrus,0,1,1
brandie,1,2,3
brandii,0,1,1
brandiii,0,1,1
branding,22,55,77
brandio,0,1,1
brandis,2,7,9
brandish,0,1,1
brandishes,0,1,1
branditos,1,0,1
brandminus,2,0,2
brandnew,1,5,6
brando,5,5,10
brandon,131,156,287
brandonflowers,0,1,1
brandonlee,1,0,1
brandonn,1,0,1
brandons,3,4,7
brandonu,0,1,1
brandpeek,0,1,1
brandplus,1,0,1
brandriff,0,1,1
brands,25,51,76
brandsoftheworld,1,0,1
brandt,3,4,7
brandtley,1,0,1
branduri,0,1,1
brandwkshop,1,0,1
brandworks,1,0,1
brandy,50,59,109
brandye,0,1,1
brandylicious,0,1,1
brandyn,0,1,1
brandys,0,1,1
brandystrippers,0,2,2
brandywine,0,1,1
brandz,0,2,2
brane,0,1,1
branflakes,0,1,1
branford,1,0,1
brang,2,0,2
brangelina,3,1,4
branhaven,0,1,1
branko,0,3,3
branksome,1,0,1
branle,0,1,1
brann,0,2,2
brannaman,0,1,1
brannan,1,3,4
brannen,0,1,1
brannigan,1,0,1
branning,0,1,1
brannnnn,1,0,1
brannon,1,0,1
branquinho,1,1,2
bransby,1,0,1
branson,10,16,26
bransons,0,1,1
bransson,1,0,1
branston,2,2,4
brant,0,5,5
brantanamo,1,0,1
brantem,1,0,1
brantford,5,5,10
brantley,3,2,5
brantly,0,2,2
brantwood,1,0,1
braodcasted,0,1,1
braodcasts,1,0,1
brap,3,10,13
brapa,1,0,1
braps,1,0,1
brarti,0,1,1
brary,1,0,1
bras,21,34,55
brasa,0,2,2
brasal,0,1,1
braselton,1,0,1
brasfield,0,1,1
brash,2,1,3
brashear,0,1,1
brasi,0,3,3
brasil,45,48,93
brasileira,2,1,3
brasileiro,1,0,1
brasileiros,1,0,1
brasilia,16,12,28
brasilian,2,2,4
brasiliansnya,1,0,1
brasiliashittown,1,0,1
brasillia,1,0,1
brasillian,1,1,2
brasilll,1,0,1
brasils,0,1,1
brasion,0,1,1
brasmyn,1,0,1
braso,1,0,1
brasov,0,1,1
brass,10,21,31
brasserie,0,2,2
brassicas,0,1,1
brassier,1,0,1
brassiere,0,1,1
brassyteenager,0,1,1
brastagi,2,0,2
brat,38,43,81
bratdays,1,0,1
brate,1,0,1
bratfest,1,2,3
bratgirl,0,1,1
brath,0,2,2
bration,0,1,1
bratislava,3,4,7
bratpack,0,1,1
brats,19,24,43
bratsitting,0,1,1
bratt,0,1,1
brattleboro,0,1,1
bratty,4,5,9
bratwurscht,0,1,1
bratwurst,3,3,6
braty,1,0,1
bratz,6,6,12
brauch,1,0,1
brauhaus,1,0,1
braum,1,0,1
braums,3,2,5
braun,5,3,8
braunfels,3,3,6
braunig,0,1,1
braunschweig,3,3,6
braunsfels,0,1,1
braunsfuls,1,0,1
brauny,1,1,2
brav,0,3,3
brava,2,2,4
bravaauthors,0,1,1
bravado,0,1,1
bravas,0,1,1
brave,112,132,244
braved,4,3,7
bravee,0,1,1
braveheart,2,1,3
bravehost,0,1,1
bravely,0,2,2
braveness,0,1,1
bravenet,1,0,1
braver,3,8,11
bravery,7,6,13
braves,35,19,54
bravest,2,2,4
bravi,0,1,1
bravia,3,5,8
braving,6,10,16
bravisimo,0,1,1
bravissimo,1,0,1
bravner,1,0,1
bravo,23,71,94
bravooo,0,1,1
bravos,1,5,6
bravotopchef,1,0,1
bravotv,1,0,1
braw,2,7,9
brawer,0,1,1
brawijaya,1,0,1
brawl,11,22,33
brawlers,0,1,1
brawley,2,0,2
brawling,1,0,1
brawls,0,3,3
brawn,23,18,41
brawndo,0,1,1
brawngp,4,3,7
brawns,0,3,3
brawnstin,1,0,1
braws,4,0,4
brawzz,0,1,1
brax,2,0,2
braxe,0,1,1
braxton,6,8,14
braxtons,0,1,1
bray,4,2,6
brayden,4,2,6
braydennnn,0,1,1
braydon,1,2,3
brayed,0,1,1
brayford,0,1,1
braylee,0,1,1
braylees,0,1,1
braylon,1,0,1
brayn,0,1,1
brayne,0,1,1
braz,0,1,1
brazee,0,1,1
brazen,1,0,1
brazeness,0,1,1
brazenhead,0,1,1
brazenly,0,1,1
brazi,2,3,5
brazier,1,1,2
braziiiiiiiiiiiiil,1,0,1
braziiiiiiiiiil,0,2,2
braziiiiiiiiil,2,0,2
braziiiiiiil,1,0,1
braziiiiil,0,1,1
braziiiil,0,2,2
braziiil,1,0,1
braziil,0,2,2
brazil,607,632,1239
brazilian,92,127,219
brazilians,18,24,42
braziling,0,1,1
brazill,1,1,2
brazillian,11,10,21
brazillians,2,0,2
brazillion,1,0,1
brazilll,1,0,1
brazillovesmcfly,4,13,17
brazils,0,2,2
brazilwillmissmcfly,6,0,6
brazl,1,0,1
brazli,1,0,1
brazlian,1,1,2
brazo,0,1,1
brazos,0,1,1
brazucas,0,1,1
brazy,1,2,3
brazzaz,0,1,1
brazzers,4,4,8
brb,105,201,306
brbibg,1,0,1
brbing,1,1,2
brbrbrbrbrbrbrbrb,1,0,1
brbz,1,0,1
brbzitboop,0,1,1
brc,2,3,5
brcanda,0,1,1
brck,1,0,1
brcm,1,1,2
brd,3,2,5
brdededeed,1,0,1
brdgameinfo,1,0,1
brdjade,0,1,1
bre,22,25,47
brea,7,8,15
breaaaaathe,0,1,1
breaaaad,0,1,1
breaaak,0,1,1
breaaathe,1,0,1
breaak,1,0,1
breaburn,0,1,1
breacelets,0,1,1
breach,7,3,10
breached,1,2,3
breacheth,0,1,1
breaching,1,0,1
breackdown,0,1,1
breackfast,1,2,3
breacking,1,0,1
bread,398,573,971
breadbags,0,1,1
breadboard,1,2,3
breadbowl,2,0,2
breadbox,0,4,4
breadcrumb,0,1,1
breadcrumbs,2,5,7
breaddd,1,0,1
breaded,2,4,6
breadfruit,0,1,1
breadgather,0,1,1
breadhorn,1,0,1
breading,2,1,3
breadkfast,0,1,1
breadknife,1,0,1
breadline,0,1,1
breadmachine,0,1,1
breadmaker,0,3,3
breadou,1,0,1
breadroll,1,0,1
breadrolls,0,1,1
breads,4,9,13
breadsall,0,1,1
breadstick,1,1,2
breadsticks,12,7,19
breadtalk,1,4,5
breadth,1,2,3
breadtop,1,2,3
breadwinner,1,1,2
bready,1,1,2
breadz,0,1,1
breafast,2,2,4
breaffast,0,1,1
breaghs,0,1,1
breah,1,1,2
breahead,0,1,1
break,2632,1990,4622
breakable,3,1,4
breakage,5,3,8
breakak,1,0,1
breakast,1,0,1
breakaway,12,0,12
breakaways,0,1,1
breakback,0,1,1
breakbeat,2,4,6
breakbot,1,0,1
breakcore,1,1,2
breakdance,6,5,11
breakdancer,0,2,2
breakdancers,0,1,1
breakdancing,4,5,9
breakdast,1,0,1
breakdinner,0,1,1
breakdow,1,0,1
breakdown,87,65,152
breakdownn,0,1,1
breakdowns,9,7,16
breakdwn,1,0,1
breakdwon,1,0,1
breake,1,2,3
breaker,43,22,65
breakers,23,15,38
breakeven,2,7,9
breakey,1,0,1
breakfa,0,1,1
breakfaaaaast,0,3,3
breakfaaaasssttttt,0,1,1
breakfaaaast,0,1,1
breakfaaaastttt,0,1,1
breakfaast,0,2,2
breakfas,1,2,3
breakfasr,0,1,1
breakfasssstt,0,1,1
breakfast,1640,2914,4554
breakfastclub,0,1,1
breakfasted,2,2,4
breakfasting,2,2,4
breakfastofchampions,0,2,2
breakfastpizza,0,1,1
breakfasts,6,13,19
breakfastservice,0,1,1
breakfastt,1,1,2
breakfasttt,0,2,2
breakfasty,1,0,1
breakfasy,1,0,1
breakfats,0,1,1
breakfazt,0,1,1
breakfeast,4,9,13
breakfest,3,20,23
breakfestt,1,0,1
breakfirst,0,1,1
breakfst,0,2,2
breakfust,0,2,2
breakie,17,21,38
breakieee,0,1,1
breakies,1,0,1
breakin,35,26,61
breaking,745,321,1066
breakingbad,4,0,4
breakingg,2,0,2
breakinggg,1,0,1
breakingggg,1,0,1
breakinng,0,1,1
breakins,1,0,1
breakk,5,4,9
breakkie,3,1,4
breakkiiee,0,1,1
breakkk,1,3,4
breakkkfastttttt,1,0,1
breakkkk,0,1,1
breakkkkk,0,1,1
breakkkkkk,1,0,1
breakkkkkkkkkkkkk,1,0,1
breakmas,0,1,1
breakmyheaqrt,1,0,1
breakn,2,0,2
breaknight,1,0,1
breaknner,0,1,1
breakout,26,11,37
breakouts,4,0,4
breakpast,1,0,1
breakpoint,1,0,1
breakpoints,0,1,1
breakroom,5,5,10
breaks,419,131,550
breaksdown,1,0,1
breaksfast,0,2,2
breakslow,0,1,1
breakthough,0,1,1
breakthrew,0,1,1
breakthro,0,1,1
breakthrough,15,37,52
breakthroughmagazine,0,1,1
breakthroughs,0,4,4
breakthru,1,5,6
breaktime,0,4,4
breaktrough,2,0,2
breakup,50,12,62
breakups,9,2,11
breakupwords,3,5,8
breakwater,1,1,2
breakwaters,0,1,1
breakwaway,0,1,1
breakway,1,0,1
breaky,16,32,48
breakz,0,1,1
breal,2,1,3
breally,1,0,1
brean,0,2,2
breana,2,2,4
breanda,1,0,1
breann,1,0,1
breanna,7,8,15
breantly,1,0,1
breaqkfast,1,0,1
breast,70,75,145
breasted,0,2,2
breastesess,0,1,1
breastfed,2,3,5
breastfeed,1,1,2
breastfeeding,13,13,26
breasticles,0,2,2
breastmilk,1,0,1
breastroke,0,1,1
breasts,25,19,44
breaststroke,3,0,3
breat,2,0,2
breath,286,275,561
breathable,1,0,1
breathalizer,0,2,2
breathalysers,0,1,1
breathalyzer,1,2,3
breatharianism,0,2,2
breathe,378,228,606
breathed,4,5,9
breathee,1,0,1
breatheee,1,0,1
breatheeee,1,1,2
breatheheavy,0,1,1
breather,9,14,23
breatherrr,1,0,1
breathers,1,0,1
breathes,7,2,9
breathg,2,0,2
breathhhhh,0,1,1
breathign,1,0,1
breathin,5,4,9
breathing,150,108,258
breathinglybeing,0,1,1
breathingvioletfog,0,1,1
breathink,0,1,1
breathless,4,3,7
breathlessly,0,1,1
breathn,1,0,1
breatholiser,1,0,1
breathplay,0,1,1
breaths,21,26,47
breathsavers,0,1,1
breathtaking,10,26,36
breathtakingly,0,6,6
breauna,1,0,1
breautiful,0,1,1
breave,1,1,2
breayd,0,1,1
brebaby,1,0,1
brebq,0,1,1
brebre,0,1,1
brecca,0,1,1
breck,4,1,5
brecken,1,0,1
breckenridge,2,1,3
breckenridgeq,0,1,1
brecker,0,1,1
breckfast,1,2,3
breckfest,0,1,1
breckin,1,1,2
brecky,2,1,3
brecon,2,1,3
bred,9,12,21
breda,5,6,11
brede,0,1,1
bredez,0,1,1
bredrin,2,0,2
breds,1,0,1
bree,31,33,64
breea,1,2,3
breeak,1,1,2
breeanna,0,1,1
breech,6,0,6
breechers,0,1,1
breeches,1,1,2
breed,21,57,78
breeder,4,7,11
breeders,5,5,10
breeding,12,11,23
breedr,1,0,1
breeds,4,9,13
breee,0,1,1
breeeath,0,2,2
breeeee,0,1,1
breeeeeeilliant,0,1,1
breeeeeeze,0,1,1
breeeeeze,0,1,1
breeeze,0,1,1
breekyo,0,2,2
breempls,1,0,1
breen,0,1,1
breenickels,0,1,1
breenn,1,0,1
brees,0,1,1
breesaholic,0,1,1
breese,1,3,4
breesey,0,1,1
breester,1,0,1
breethe,0,1,1
breeve,1,0,1
breez,0,1,1
breeze,84,177,261
breezed,0,2,2
breezeless,1,0,1
breezer,0,5,5
breezers,2,0,2
breezes,2,11,13
breezi,0,1,1
breezin,1,0,1
breezing,0,1,1
breezless,1,0,1
breezn,0,1,1
breezy,29,57,86
breezys,0,1,1
breezyy,0,1,1
breezyyyy,0,1,1
breff,1,0,1
breffast,0,1,1
breffies,0,1,1
breffus,1,0,1
brefkist,1,0,1
bregfust,0,1,1
bregovic,1,0,1
breh,2,3,5
brei,0,1,1
breiavannet,0,1,1
breif,1,0,1
breifing,1,0,1
breifly,0,1,1
breitholz,0,1,1
breitling,1,0,1
breivik,0,1,1
brek,2,4,6
breka,0,1,1
brekafast,0,1,1
brekdist,1,0,1
brekfast,2,2,4
brekhter,0,1,1
breki,1,0,1
brekkers,0,2,2
brekki,2,0,2
brekkie,30,48,78
brekkies,1,4,5
brekkkie,1,0,1
brekky,9,12,21
brel,0,1,1
brelines,0,1,1
brella,1,0,1
brelta,0,1,1
brelubener,0,1,1
bremen,4,5,9
bremerhaven,0,1,1
bremerton,1,3,4
bremner,2,3,5
bremst,1,0,1
bren,10,7,17
brenda,30,44,74
brendaa,0,1,1
brendaaa,0,1,1
brendabryan,0,1,1
brendan,16,26,42
brendans,1,0,1
brendas,0,2,2
brenden,4,3,7
brendi,1,0,1
brendita,0,1,1
brendo,2,0,2
brendon,16,18,34
brendons,1,0,1
brends,0,3,3
brendyn,1,0,1
brene,0,1,1
brenflakes,0,1,1
brenham,1,1,2
brenig,1,0,1
brenizer,1,0,1
brenna,5,7,12
brennaghday,0,1,1
brennan,5,22,27
brennans,0,2,2
brenner,4,5,9
brennerrr,0,1,1
brenners,0,2,2
brennert,0,1,1
brennon,1,0,1
brennt,0,1,1
brenny,0,1,1
brent,25,42,67
brentbarger,1,0,1
brentford,2,1,3
brenton,2,2,4
brentozar,1,0,1
brents,0,2,2
brentwood,4,12,16
brenty,1,0,1
breonah,1,0,1
brera,1,0,1
brereton,0,1,1
bres,0,1,1
breslin,2,2,4
bressay,1,0,1
brest,2,1,3
brestfeeding,0,1,1
bret,12,12,24
breth,1,1,2
bretheren,1,1,2
brethren,1,2,3
bretmoor,0,1,1
breton,4,12,16
brets,0,1,1
brett,46,55,101
brettday,0,1,1
brettevan,0,1,1
brettislame,1,0,1
bretts,1,1,2
brettski,0,1,1
bretttttttttt,0,1,1
bretty,2,0,2
breuer,0,1,1
breukelen,1,0,1
brevard,1,2,3
breve,0,3,3
breverb,0,1,1
brevet,1,2,3
breviary,1,0,1
breville,1,0,1
brevins,1,0,1
brevis,1,1,2
brevity,1,5,6
brew,54,79,133
brewcast,1,0,1
brewday,0,1,1
brewdebaker,0,1,1
brewed,6,24,30
brewer,6,13,19
breweries,0,5,5
brewerkz,0,1,1
brewers,25,31,56
brewery,17,23,40
breweys,0,1,1
brewfest,1,1,2
brewguy,0,1,1
brewhaus,1,0,1
brewhouse,3,3,6
brewin,3,2,5
brewing,40,62,102
brewpub,1,3,4
brewrat,1,0,1
brewrats,1,1,2
brewrey,1,0,1
brews,4,9,13
brewsco,0,1,1
brewski,1,3,4
brewskie,1,0,1
brewskies,1,0,1
brewskis,1,1,2
brewster,1,5,6
brewvies,0,1,1
brewz,0,1,1
brex,0,1,1
brexei,1,0,1
breyer,0,4,4
breyers,1,1,2
brezzy,1,0,1
brf,1,1,2
brfast,0,1,1
brfst,0,1,1
brg,4,1,5
brght,0,1,1
brh,0,1,1
bri,50,45,95
bria,2,5,7
briaaaanna,0,1,1
briadband,0,1,1
briain,0,2,2
briam,0,1,1
brian,227,270,497
briana,9,19,28
brianaaaa,1,0,1
brianadrian,1,0,1
brianaeviganonline,0,1,1
brianas,1,2,3
brianathomas,0,1,1
briandead,1,0,1
brianism,0,1,1
brianmcfadden,0,1,1
brianmhite,1,0,1
briann,0,3,3
brianna,12,24,36
briannaaa,0,1,1
briannas,1,2,3
brianne,4,5,9
briannes,1,1,2
briannn,1,0,1
briannnn,0,1,1
brians,7,11,18
briar,2,9,11
briars,0,1,1
briarwood,1,0,1
bribe,16,18,34
bribear,0,1,1
bribed,3,5,8
bribery,3,10,13
bribes,2,6,8
bribing,3,5,8
bribri,1,1,2
bribris,1,0,1
bricabyl,0,1,1
brice,1,0,1
briches,0,1,1
bricheta,0,1,1
brichitis,1,0,1
brick,94,74,168
brickbreake,1,0,1
brickbreaker,8,3,11
bricked,36,5,41
brickell,3,2,5
bricker,1,0,1
brickfilming,1,0,1
brickhouse,2,1,3
brickin,1,0,1
bricking,14,3,17
brickland,0,1,1
bricklane,0,1,1
bricklayer,1,0,1
brickle,1,0,1
brickley,0,1,1
brickman,0,1,1
brickmans,1,0,1
bricks,22,20,42
bricktop,1,0,1
bricktown,1,0,1
brickworks,0,1,1
brickworld,1,0,1
brickyard,0,1,1
brid,0,2,2
brida,0,1,1
bridal,48,87,135
bridals,0,2,2
bridaltweet,0,1,1
bride,101,278,379
bridemaid,0,2,2
brides,3,19,22
brideshead,1,4,5
bridesmaid,25,32,57
bridesmaides,1,0,1
bridesmaids,3,8,11
bridesmaidy,0,1,1
bridesman,0,1,1
bridewars,2,1,3
brideway,0,1,1
bridezilla,5,7,12
bridezillas,6,13,19
bridg,2,0,2
bridge,216,196,412
bridgeat,0,1,1
bridged,0,1,1
bridgeee,1,0,1
bridgefessst,1,0,1
bridgefest,1,0,1
bridgehead,1,0,1
bridgehouse,0,1,1
bridgeline,0,1,1
bridgelost,1,0,1
bridgend,0,3,3
bridgenorth,0,1,1
bridgeport,1,3,4
bridges,19,19,38
bridgestone,1,0,1
bridgestreet,0,1,1
bridget,33,54,87
bridgeton,1,0,1
bridgetoterabithia,1,0,1
bridgets,1,3,4
bridgett,0,1,1
bridgette,5,5,10
bridgettes,1,0,1
bridgeview,1,0,1
bridgewater,3,2,5
bridgeway,2,0,2
bridgford,0,1,1
bridght,0,1,1
bridging,2,1,3
bridgit,0,1,1
bridgnorth,1,1,2
bridgwater,0,1,1
bridie,0,1,1
bridle,0,3,3
bridles,0,2,2
bridlington,1,0,1
bridport,0,1,1
bridsmaid,1,0,1
bridzillas,0,1,1
brie,15,23,38
brieana,1,0,1
brieanne,0,1,1
briee,0,1,1
brief,62,75,137
briefcase,8,2,10
briefcases,1,0,1
briefed,1,3,4
briefest,1,0,1
briefff,1,0,1
briefing,17,18,35
briefingnya,0,1,1
briefings,3,3,6
briefly,49,22,71
briefs,10,4,14
brielle,3,2,5
brien,27,83,110
brienne,1,0,1
briennnn,0,1,1
briens,3,2,5
brier,0,2,2
briere,0,1,1
bries,0,1,1
brifacts,0,1,1
brig,1,8,9
brigada,0,2,2
brigadaa,0,1,1
brigade,6,12,18
brigadeiro,2,5,7
brigadeiros,0,1,1
brigadu,0,1,1
brigantine,0,1,1
brigatine,0,1,1
brigdon,1,0,1
brigens,0,2,2
briget,1,0,1
brigette,1,1,2
briggs,6,8,14
briggy,1,0,1
brighams,1,0,1
brighi,0,1,1
bright,468,710,1178
brightcolors,0,1,1
brightcove,1,1,2
brighted,1,0,1
brighten,29,88,117
brightened,5,32,37
brightener,0,1,1
brightening,0,16,16
brightens,5,35,40
brighter,56,103,159
brighterbrightest,0,1,1
brighterside,1,0,1
brightest,10,12,22
brightesttt,1,0,1
brightfull,0,1,1
brightfutures,1,0,1
brighthous,0,1,1
brighthouse,2,2,4
brightin,1,0,1
brighting,0,1,1
brightkit,0,1,1
brightkite,7,4,11
brightkited,0,1,1
brightlogix,1,0,1
brightlove,2,0,2
brightly,7,21,28
brightness,10,4,14
brightning,0,1,1
brighton,99,106,205
brightonians,0,1,1
brightonnnn,0,1,1
brightonpissup,1,2,3
brights,0,6,6
brightside,20,37,57
brightwood,1,0,1
brighty,1,0,1
brigi,0,1,1
brigid,1,1,2
brigids,1,0,1
briging,1,0,1
brigit,0,1,1
brigitta,1,0,1
brigitte,1,7,8
brigo,1,0,1
brigs,0,1,1
brigstock,1,1,2
brigstocke,0,1,1
brigstowe,0,1,1
brigther,0,2,2
brigthon,1,1,2
briht,1,0,1
brii,3,3,6
briii,0,1,1
briiiaan,0,1,1
briiight,0,1,1
briiii,0,1,1
briiiight,0,1,1
briiiiiieeeeeeeen,1,0,1
briiing,0,1,1
briiis,1,0,1
briiliant,0,1,1
briinq,0,1,1
briit,0,1,1
briitney,0,1,1
briittiania,1,0,1
brij,1,0,1
brijap,1,0,1
brikk,0,2,2
bril,2,4,6
brilhante,1,0,1
briliancy,0,1,1
briliant,3,5,8
briljant,0,1,1
brill,42,107,149
brillaint,1,5,6
brillance,2,0,2
brillant,4,17,21
brillante,0,2,2
brillen,1,0,1
brillian,0,3,3
brilliance,6,26,32
brilliancy,0,1,1
brillianntt,0,1,1
brilliant,262,814,1076
brilliantest,0,1,1
brilliantly,7,22,29
brilliantness,0,1,1
brilliantt,0,2,2
brillient,1,1,2
brillinat,0,1,1
brillliant,0,1,1
brillo,2,0,2
brillobox,1,0,1
brillopads,0,1,1
brim,7,6,13
brimer,0,1,1
brimful,2,3,5
brimingham,1,0,1
brimks,0,1,1
brimley,2,0,2
brimmed,0,2,2
brimmin,0,1,1
brimming,0,2,2
brims,0,1,1
brimstone,1,0,1
brin,7,2,9
brina,1,3,4
brinas,0,1,1
brincadeira,0,1,1
brincess,0,1,1
brind,1,0,1
brindavan,0,1,1
brinde,0,1,1
brindemos,0,1,1
brindisa,1,0,1
brindle,1,2,3
brindles,0,1,1
brindogg,0,1,1
brine,1,1,2
briney,1,0,1
bring,1842,2332,4174
bringback,3,0,3
bringbackbig,1,0,1
bringbackfattom,0,2,2
bringbacklife,5,4,9
bringbackprimeval,1,0,1
bringbackredeyeforstefan,1,0,1
bringbackthemonkey,1,1,2
bringen,1,0,1
bringer,0,3,3
bringg,1,0,1
bringgg,2,3,5
bringggg,0,1,1
bringging,1,0,1
bringhe,0,1,1
bringin,22,33,55
bringing,257,350,607
bringingsexyback,0,1,1
bringit,0,1,1
bringiton,0,1,1
bringjbyoutubeback,1,0,1
bringjobs,1,0,1
bringn,1,1,2
brings,193,426,619
bringsabrinaback,0,1,1
bringsalltheboystotheyard,0,1,1
bringt,1,0,1
bringtaraback,2,1,3
bringthemhomeinc,1,0,1
bringup,0,1,1
bringz,1,0,1
brini,1,0,1
brining,3,4,7
brinjal,1,1,2
brinjals,1,0,1
brink,16,10,26
brinkley,1,0,1
brinks,5,2,7
brinn,0,1,1
brinna,1,0,1
brinner,2,1,3
brinney,1,0,1
brinnyckz,0,1,1
brinq,0,2,2
brinqq,1,0,1
brinqs,0,1,1
brinton,0,1,1
briny,0,1,1
brio,2,4,6
brioche,4,8,12
brion,0,1,1
briones,0,1,1
briony,1,2,3
brios,1,0,1
briosa,1,0,1
brioso,0,1,1
briq,0,1,1
bris,14,9,23
brisbane,111,99,210
brisbaneairportissoboring,0,1,1
brisbanebroncos,0,1,1
brisbanee,1,0,1
brisbaneeeeeeeee,0,1,1
brisbanetweetup,0,1,1
brisbaneweather,0,1,1
brisbaqneeee,0,1,1
brisbon,1,0,1
brisbsane,0,1,1
brisco,1,0,1
briscoe,1,0,1
brise,1,0,1
brisee,1,0,1
brisenos,0,1,1
brisi,0,1,1
brisik,1,0,1
brisinger,1,0,1
brisingr,1,1,2
brisk,10,15,25
brisket,2,11,13
briskit,1,0,1
brislans,0,1,1
brislington,1,1,2
brisneyland,0,1,1
briso,0,1,1
briss,0,2,2
brissa,0,1,1
brissi,1,0,1
brissie,2,3,5
brissle,1,0,1
brissola,0,1,1
brisssie,1,0,1
brissy,16,15,31
brissyland,0,1,1
brista,1,0,1
brister,0,1,1
bristi,1,0,1
bristish,2,0,2
bristlehead,0,1,1
bristlenose,1,0,1
bristoal,0,1,1
bristol,76,73,149
bristolian,3,0,3
bristolveganfayre,0,1,1
briston,1,0,1
bristow,2,6,8
brisvagas,1,0,1
brisvegas,4,3,7
brisweather,1,0,1
brit,105,97,202
brita,0,4,4
britaains,0,1,1
britain,130,146,276
britains,95,186,281
britainsgottalent,2,0,2
britaisn,0,1,1
britan,2,1,3
britani,0,2,2
britannia,2,5,7
britannica,0,3,3
britans,7,5,12
britany,6,2,8
britasia,0,1,1
britax,0,1,1
britbrat,0,1,1
britbrit,2,2,4
britcham,0,1,1
britches,0,4,4
britcom,1,0,1
brite,7,9,16
britens,0,1,1
briteny,0,1,1
briterland,0,1,1
britfood,0,1,1
britfreak,0,1,1
britguy,0,1,1
brith,0,2,2
brithania,0,1,1
brithday,12,20,32
brithdayy,0,1,1
brithigh,0,1,1
brithish,0,2,2
britiains,1,0,1
britian,8,2,10
britians,5,16,21
britih,1,0,1
britins,0,1,1
britions,1,1,2
british,239,274,513
britishgp,1,0,1
britishseapower,1,0,1
britisms,0,1,1
britlee,4,7,11
britlees,1,0,1
britleys,0,1,1
britn,0,1,1
britnaaaaay,0,1,1
britnay,0,2,2
britneh,0,1,1
britney,339,421,760
britneycockblock,0,1,1
britneyfuckvids,1,0,1
britneys,6,7,13
britneysextape,0,1,1
britneyspears,0,4,4
britneysticks,0,1,1
britneytickets,1,0,1
britneyy,0,1,1
britneyyyy,1,1,2
britni,0,2,2
britnie,1,0,1
britnis,0,1,1
britny,0,1,1
brito,0,1,1
briton,2,0,2
britons,1,0,1
britpop,1,2,3
britrick,1,0,1
brits,36,52,88
britsh,0,2,2
britsongreen,1,0,1
britster,0,1,1
britt,42,64,106
britta,4,3,7
brittain,1,1,2
brittainie,0,2,2
brittan,1,0,1
brittaney,0,2,2
brittani,2,3,5
brittania,1,1,2
brittanied,0,1,1
brittanilousietaylor,0,1,1
brittannie,1,0,1
brittans,0,1,1
brittany,64,104,168
brittanya,0,4,4
brittanyotter,0,1,1
brittanys,2,2,4
brittanyyy,0,2,2
brittas,2,3,5
brittbrittani,0,1,1
brittbut,0,1,1
brittdock,0,1,1
britten,0,1,1
britteny,1,0,1
britters,4,2,6
britterz,1,0,1
brittinys,1,0,1
brittish,0,4,4
brittknee,0,1,1
brittland,1,0,1
brittle,12,4,16
brittnay,1,0,1
brittne,1,0,1
brittnee,1,2,3
brittneeeey,0,1,1
brittney,14,24,38
brittneysss,0,1,1
brittneyy,0,1,1
brittni,2,3,5
brittny,0,1,1
brittony,0,1,1
britts,3,3,6
britttany,0,1,1
brittten,0,1,1
britttt,1,0,1
britty,4,4,8
brittyboohoo,0,1,1
britvic,0,1,1
britvid,1,0,1
brity,1,1,2
britz,0,1,1
briward,0,1,1
brix,4,1,5
brixton,19,14,33
briyani,3,4,7
briz,0,1,1
brizvegas,1,0,1
brizy,0,2,2
brizzie,0,1,1
brizzle,4,2,6
brizzoes,0,1,1
brizzy,1,1,2
brk,7,4,11
brkda,0,1,1
brkebun,0,1,1
brken,1,0,1
brkfast,5,3,8
brkfst,7,7,14
brklyn,3,0,3
brkng,0,1,1
brkst,1,0,1
brkt,2,0,2
brlliant,0,2,2
brm,0,8,8
brmc,0,1,1
brms,1,0,1
brn,1,0,1
brne,1,0,1
brng,3,1,4
brngs,1,0,1
brnswck,1,0,1
brnt,1,0,1
bro,937,1182,2119
broach,3,1,4
broaches,1,0,1
broad,28,39,67
broadband,144,72,216
broadbanded,1,0,1
broadbands,0,1,1
broadbeach,2,3,5
broadbnd,1,0,1
broadcast,95,96,191
broadcastasia,0,2,2
broadcasted,3,1,4
broadcaster,4,4,8
broadcasters,2,0,2
broadcastin,1,0,1
broadcasting,52,44,96
broadcasts,7,2,9
broadcite,0,1,1
broadcom,2,2,4
broaddus,0,2,2
broaden,1,5,6
broadened,0,1,1
broadening,1,3,4
broadens,0,1,1
broader,1,6,7
broadest,0,1,1
broadford,1,0,1
broadhollow,1,0,1
broadhurst,1,0,1
broadie,0,1,1
broading,0,1,1
broadlands,0,1,1
broadly,1,1,2
broadmand,1,0,1
broadmead,0,1,1
broadmeadow,0,2,2
broadmeadows,1,0,1
broadminded,0,1,1
broadoak,0,1,1
broadripple,2,0,2
broads,4,11,15
broadside,2,1,3
broadstairs,1,0,1
broadstripe,1,0,1
broadstuff,1,0,1
broadswords,0,1,1
broadview,1,0,1
broadwalk,1,0,1
broadwater,1,1,2
broadway,62,91,153
broadwaybaby,1,0,1
broadwaymarket,0,1,1
broadways,0,1,1
broadwayy,0,1,1
broadwayyy,1,0,1
broady,1,0,1
broas,0,1,1
broaska,0,2,2
broast,0,1,1
broawband,0,1,1
broback,0,1,1
brobee,0,4,4
broblems,0,1,1
brobro,1,1,2
brobster,0,1,1
broc,4,6,10
brocade,0,2,2
brocante,1,0,1
brocantes,1,0,1
brocc,1,0,1
broccolator,1,0,1
broccoli,32,51,83
broccolis,0,1,1
broccolli,1,2,3
brochitis,1,0,1
brochure,19,20,39
brochures,4,16,20
brock,18,11,29
brocka,1,2,3
brockaaa,1,0,1
brocken,2,1,3
brockenhurst,0,2,2
brockett,1,0,1
brockhoff,0,1,1
brockie,0,1,1
brockovich,0,1,1
brocktn,0,1,1
brockton,1,0,1
brockvill,0,1,1
brockville,1,0,1
brockway,1,0,1
brockwell,2,1,3
brocli,0,1,1
brocode,0,1,1
brocoli,1,1,2
brocolli,6,6,12
brod,1,3,4
broda,1,2,3
brodas,0,1,1
brodcast,1,1,2
brodcasted,3,0,3
brodcasting,2,0,2
broddddddddddy,0,1,1
brodder,1,0,1
broddur,1,0,1
brodeo,1,0,1
broder,2,4,6
broderbund,0,1,1
broderick,1,3,4
broderie,1,0,1
brodeur,0,1,1
brodhead,0,1,1
brodi,0,1,1
brodie,10,4,14
brodiee,0,1,1
brodies,1,1,2
brodietavares,1,0,1
brodinho,0,1,1
brodown,1,0,1
brods,1,1,2
brodster,1,0,1
brodudes,1,0,1
brodway,0,1,1
brody,19,46,65
brodys,0,1,1
brodyy,1,0,1
broed,2,0,2
broekn,2,0,2
broen,1,0,1
brofest,2,0,2
broforce,1,0,1
brog,0,1,1
brogan,4,5,9
broganblox,0,1,1
brogans,0,2,2
brogen,0,1,1
broght,0,1,1
brogue,1,2,3
brogues,1,2,3
broguth,0,1,1
broguyly,0,1,1
broha,1,2,3
broham,4,3,7
brohers,1,1,2
broho,0,2,2
brohood,1,0,1
brohter,1,0,1
brohters,1,2,3
broike,1,0,1
broil,2,1,3
broiled,2,5,7
broiler,3,1,4
broiling,1,0,1
broing,5,3,8
broinlaw,1,0,1
brojangles,0,1,1
brojob,1,0,1
brok,3,4,7
brokaw,1,0,1
brokd,1,0,1
broke,3825,520,4345
brokeagain,1,0,1
brokeage,2,0,2
brokeass,1,0,1
brokeback,5,6,11
brokebakc,1,0,1
broked,42,2,44
brokeded,8,0,8
brokededede,1,0,1
brokedown,3,0,3
brokee,3,0,3
brokeee,4,0,4
brokeen,2,0,2
brokeenn,0,1,1
brokeennn,1,0,1
broken,2763,373,3136
brokenanvil,0,1,1
brokenapples,1,0,1
brokencyde,7,11,18
brokencydes,0,1,1
brokeness,3,2,5
brokenfiles,1,0,1
brokenheart,9,2,11
brokenhearted,15,0,15
brokenish,2,0,2
brokenn,2,0,2
brokenness,1,1,2
brokennn,4,0,4
brokennnn,1,0,1
brokeno,1,0,1
brokenpromises,1,0,1
brokenreplies,1,0,1
brokens,1,0,1
brokenshit,1,0,1
brokenstrings,0,1,1
brokensword,1,0,1
brokenville,0,1,1
brokenwood,0,1,1
brokenyellowline,1,0,1
brokenz,1,0,1
broker,9,13,22
brokered,1,1,2
brokern,1,0,1
brokers,3,2,5
brokes,6,0,6
broketed,1,0,1
broketeded,1,0,1
brokeup,2,0,2
brokey,1,0,1
brokez,1,0,1
brokie,1,0,1
brokies,1,0,1
brokin,1,0,1
brokkenpiloot,0,1,1
brokn,3,0,3
brokoli,0,2,2
brokop,0,1,1
broks,1,0,1
broksys,0,1,1
brokt,1,0,1
brokun,1,0,1
broky,1,0,1
brol,0,1,1
brole,1,0,1
brolic,1,1,2
brolin,0,1,1
broll,1,0,1
brolleyyyyyyy,1,0,1
brollies,1,1,2
brolly,9,9,18
brollyless,1,0,1
brolypics,0,1,1
brom,9,5,14
bromance,7,12,19
bromances,0,1,1
bromarv,1,0,1
bromberg,0,1,1
bromby,0,1,1
bromeliad,1,0,1
bromfield,1,0,1
bromley,6,4,10
bromo,1,0,1
bromosexual,0,1,1
brompton,2,1,3
bromsgrove,3,0,3
bron,38,18,56
bronagh,0,4,4
bronbron,1,0,1
bronca,1,0,1
bronchial,5,0,5
bronchioles,1,0,1
bronchiolitis,5,0,5
bronchitis,96,7,103
bronchits,1,0,1
bronchitus,2,0,2
bronchodilator,0,1,1
bronciolitis,1,0,1
broncitis,1,0,1
broncittis,1,0,1
broncitus,2,0,2
bronco,2,3,5
broncos,15,11,26
broncs,0,1,1
brondby,1,0,1
bronelly,1,0,1
bronglais,1,0,1
broni,1,0,1
bronisha,0,1,1
bronkit,1,0,1
bronkopneumonie,1,0,1
bronks,0,1,1
bronner,0,2,2
bronnie,1,0,1
bronnis,1,0,1
bronny,1,0,1
brons,3,0,3
bronson,3,2,5
bronsville,0,1,1
bront,0,2,2
bronte,2,2,4
brontes,0,1,1
bronw,1,0,1
bronwen,0,2,2
bronwyn,2,0,2
bronwyns,1,0,1
bronx,32,24,56
bronz,0,2,2
bronzage,1,0,1
bronze,15,22,37
bronzed,4,9,13
bronzer,2,6,8
bronzers,1,0,1
bronzes,1,0,1
bronzey,0,2,2
bronzin,0,1,1
bronzing,2,0,2
bronzwaer,0,1,1
bronzy,1,0,1
broo,2,4,6
broobil,0,1,1
brooch,0,4,4
brooches,3,0,3
broocklyn,1,0,1
brood,1,6,7
brooding,6,2,8
broodje,1,2,3
broods,0,1,1
broodwar,1,0,1
broody,10,9,19
brook,11,13,24
brookdale,1,1,2
brooke,75,138,213
brookekidd,2,0,2
brookelle,1,0,1
brookelynn,1,0,1
brooken,1,0,1
brooker,3,1,4
brookes,4,5,9
brookesy,1,0,1
brookey,0,1,1
brookeypoo,0,1,1
brookfield,1,2,3
brookhaven,0,2,2
brookie,4,5,9
brookieb,0,2,2
brookies,1,0,1
brooking,0,1,1
brookings,1,0,1
brookland,0,1,1
brooklands,1,0,1
brooklane,0,1,1
brooklin,1,1,2
brookline,1,2,3
brookliners,0,1,1
brooklyin,0,1,1
brooklyn,130,129,259
brooklynatttiiiiiiiiiii,0,1,1
brooklynbased,0,1,1
brooklynite,0,1,1
brooklynn,0,3,3
brooklyns,0,1,1
brooklynvegan,2,0,2
brooks,12,33,45
brookside,1,1,2
brookstone,2,1,3
brooksville,1,0,1
brookwood,1,0,1
brooky,1,0,1
brookyln,0,1,1
broolyn,0,1,1
broom,11,15,26
broomball,0,1,1
broomballin,1,0,1
broome,2,0,2
broomhead,1,0,1
broompark,0,1,1
brooms,0,3,3
broomsticks,2,0,2
broons,0,1,1
broonz,0,1,1
brooo,2,2,4
broooke,3,1,4
broooken,0,1,1
broookes,0,1,1
broookkeeeeee,0,1,1
broooklyn,1,0,1
broooo,1,2,3
brooooke,0,1,1
broooooooken,1,0,1
broooooooo,0,1,1
broooooooother,1,0,1
broooosefff,0,1,1
brooque,0,1,1
brooskii,0,1,1
brootal,0,1,1
brootz,0,1,1
broown,0,1,1
broox,1,0,1
brored,1,0,1
brorosn,1,0,1
brorsan,0,1,1
bros,165,173,338
broschure,0,1,1
brosef,0,3,3
broseley,0,1,1
broseph,2,5,7
broser,1,0,1
broshure,0,1,1
brosif,0,1,1
broski,6,5,11
broskie,0,1,1
broskis,1,1,2
brosnan,0,2,2
brostrophedon,0,1,1
broswer,1,0,1
brot,0,2,2
broters,1,0,1
broth,23,8,31
brotha,25,64,89
brothaa,1,0,1
brothaaa,2,4,6
brothaaaa,1,1,2
brothaaaaaaa,1,0,1
brothas,1,7,8
brothass,0,1,1
brothatime,0,1,1
brothe,3,1,4
brothel,1,4,5
brothels,2,1,3
brother,2043,1847,3890
brotherblues,1,0,1
brotherettes,0,1,1
brotherhood,9,15,24
brotherly,6,7,13
brotherr,1,6,7
brotherrr,2,2,4
brotherrrr,1,4,5
brothers,887,1332,2219
brotherscider,1,0,1
brothershighschool,0,1,1
brotherss,1,4,5
brothersss,1,1,2
brotherssss,2,0,2
brothersssssssss,0,1,1
brothes,2,3,5
brothha,1,0,1
brothhers,1,0,1
brothuh,1,1,2
brothuz,0,1,1
broto,0,2,2
brotocol,0,1,1
brototype,1,0,1
brottah,1,0,1
brotther,1,0,1
brotwr,1,0,1
brouges,0,1,1
brough,4,2,6
brought,594,632,1226
broughton,1,0,1
broughty,0,1,1
brougt,1,0,1
brougth,0,1,1
brouhaha,1,1,2
broussard,1,1,2
brouwnie,0,1,1
brov,0,1,1
brova,0,3,3
brovas,0,1,1
brover,2,1,3
brow,10,10,20
broward,1,2,3
browbands,1,0,1
browbeaten,1,0,1
browder,0,1,1
browed,0,1,1
browen,1,0,1
browers,1,0,1
browine,0,1,1
browing,1,0,1
brown,455,576,1031
brownberry,1,0,1
brownbook,0,1,1
browncoat,1,4,5
browncoats,2,0,2
browne,1,2,3
browned,1,2,3
browner,3,1,4
brownesssss,0,1,1
browngirl,0,1,1
brownheads,1,0,1
brownhoney,0,1,1
brownie,81,107,188
browniebatter,0,1,1
brownies,165,212,377
browniess,1,0,1
browniesss,0,2,2
browniessss,0,1,1
browniesz,0,2,2
browning,3,3,6
brownish,4,3,7
brownlee,1,1,2
brownlow,1,1,2
brownn,1,0,1
brownngirl,0,1,1
brownnn,0,1,1
brownnnn,0,1,1
brownnnnn,0,1,1
brownnosers,1,0,1
brownout,9,3,12
brownouts,0,1,1
browns,22,24,46
brownsea,0,1,1
brownskin,0,1,1
brownstone,1,1,2
brownstown,1,0,1
brownsugar,0,1,1
brownsugaradio,0,1,1
brownsville,4,0,4
browntown,2,0,2
browny,1,1,2
brownzy,1,0,1
brows,16,11,27
browse,33,44,77
browsed,1,6,7
browser,239,153,392
browserheroes,1,0,1
browserlab,7,4,11
browsers,46,26,72
browsershots,1,2,3
browserwhich,1,0,1
browsin,2,6,8
browsing,64,104,168
browsn,0,1,1
browss,1,0,1
browz,4,0,4
broxante,1,0,1
broxei,1,0,1
broz,4,13,17
brp,2,4,6
brr,22,13,35
brraaapppppps,0,1,1
brrdd,1,0,1
brreak,1,0,1
brrhh,1,0,1
brriiiiickkk,1,0,1
brrr,34,24,58
brrraappppppppp,0,1,1
brrrb,1,0,1
brrriilliiiaannt,0,1,1
brrrr,32,16,48
brrrright,0,1,1
brrrroookkkkeeee,1,0,1
brrrrr,13,4,17
brrrrraaaa,0,1,1
brrrrrb,0,1,1
brrrrrenda,0,1,1
brrrrring,0,1,1
brrrrrr,12,3,15
brrrrrring,0,2,2
brrrrrrr,5,2,7
brrrrrrrr,2,3,5
brrrrrrrrr,1,0,1
brrrrrrrrrr,2,0,2
brrrrrrrrrrr,2,0,2
brrrrrrrrrrrr,0,1,1
brrrrrrrrrrrrrr,1,0,1
brrrrrrrrrrrrrrrr,0,1,1
brrrrrrrrrrrrruah,0,1,1
brrruuuuuuce,1,0,1
brrudutrasomene,1,0,1
brryab,0,1,1
brs,2,1,3
brshaa,0,1,1
brt,0,2,2
brthday,1,4,5
brthers,1,1,2
brthrs,1,0,1
brtiney,0,1,1
bru,29,27,56
bruahhh,0,1,1
brubahubah,1,0,1
brubaker,1,0,1
brubeck,0,2,2
brucas,3,0,3
bruce,83,114,197
brucecamp,0,1,1
brucecampbell,1,0,1
brucee,0,1,1
brucelee,1,0,1
brucester,0,1,1
brucetenci,0,2,2
brucey,1,4,5
bruch,0,1,1
bruchetta,1,0,1
brucie,3,3,6
bruckheimer,0,1,1
bruckner,0,1,1
brucon,0,3,3
bruda,1,1,2
brudah,1,0,1
brudas,0,1,1
brudda,1,2,3
bruddah,1,3,4
bruddahs,1,0,1
brudddder,0,1,1
bruddder,0,1,1
brudder,6,17,23
brudderr,1,0,1
brudderrr,0,1,1
brudders,2,1,3
brudenell,1,0,1
bruder,1,1,2
brudo,1,0,1
brudooskie,1,0,1
brue,1,0,1
bruecks,0,1,1
brueggers,1,0,1
brufen,0,2,2
brug,1,0,1
brugal,0,1,1
bruge,1,0,1
brugers,1,0,1
bruges,5,5,10
brugge,0,4,4
brugger,0,1,1
bruggerss,1,0,1
brugs,0,1,1
bruh,17,18,35
bruhaaaaahahahaha,0,1,1
bruhat,0,1,1
bruhh,1,0,1
bruhhh,0,1,1
bruhs,5,2,7
bruhz,0,1,1
brui,1,0,1
bruice,1,0,1
bruin,1,2,3
bruinbakken,0,1,1
bruingeek,0,2,2
bruins,29,26,55
bruinsma,0,1,1
bruise,177,23,200
bruised,200,38,238
bruisedd,1,0,1
bruisee,1,0,1
bruiseeeee,1,0,1
bruiser,3,2,5
bruises,99,29,128
bruisey,2,0,2
bruising,19,4,23
bruized,1,0,1
bruizes,2,0,2
bruja,1,0,1
bruk,1,1,2
bruke,0,2,2
brule,1,1,2
brulee,7,11,18
brulees,0,2,2
brulian,1,0,1
brulle,1,0,1
brullet,1,0,1
brum,34,27,61
brumbees,1,0,1
brumbies,1,1,2
brumby,0,1,1
brumbys,0,1,1
brumm,0,2,2
brummie,5,4,9
brummies,1,3,4
brummusicmonth,0,2,2
brummy,0,2,2
brummyland,1,0,1
brumtings,1,0,1
brumtwestival,0,1,1
brumvsbelfast,0,1,1
brun,2,0,2
bruna,4,1,5
brunai,1,0,1
brunch,183,363,546
brunchbox,0,1,1
brunchen,0,1,1
bruncheon,1,0,1
brunchery,1,0,1
brunches,3,3,6
brunchh,0,1,1
brunchhh,1,0,1
brunchin,0,1,1
brunching,1,8,9
brunchrules,0,1,1
brunchtomorrow,1,0,1
brundell,0,1,1
brundle,1,3,4
brundles,0,1,1
brune,2,0,2
brunei,13,11,24
bruneians,0,1,1
brunel,3,1,4
brunello,1,0,1
bruner,0,1,1
brunette,9,21,30
brunettes,2,4,6
brunettte,0,1,1
brung,0,3,3
brunhilde,1,0,1
bruni,1,1,2
bruning,1,0,1
brunjal,0,1,1
brunk,0,1,1
brunn,1,0,1
brunner,0,1,1
bruno,55,81,136
brunonia,1,0,1
brunos,1,1,2
brunoswell,0,1,1
brunq,0,1,1
bruns,0,2,2
brunstetter,1,0,1
brunswick,12,15,27
brunt,9,3,12
brunzz,0,1,1
bruon,0,1,1
brusc,0,1,1
bruschetta,0,4,4
bruse,1,0,1
bruselas,0,1,1
brusells,0,1,1
brusels,1,0,1
bruses,1,0,1
brush,123,111,234
brusha,0,3,3
brushd,1,0,1
brushed,24,28,52
brushes,27,35,62
brushhh,0,1,1
brushin,1,4,5
brushing,36,57,93
brusied,1,0,1
brusies,1,0,1
brusin,0,1,1
brusing,0,1,1
bruskie,1,0,1
brusno,0,1,1
brusque,0,1,1
brussel,3,8,11
brussels,25,29,54
brusselsprouts,0,1,1
brussle,1,0,1
bruster,1,0,1
brusters,2,2,4
brustix,1,0,1
brut,2,3,5
bruta,1,0,1
brutal,117,51,168
brutality,9,1,10
brutaliy,1,0,1
brutalization,0,1,1
brutalized,1,0,1
brutallegend,0,1,1
brutally,9,5,14
brute,6,14,20
bruteforce,1,1,2
brutes,1,4,5
brutha,1,4,5
bruthas,3,0,3
brutherr,1,0,1
bruthers,1,0,1
bruthhaaa,0,1,1
bruthman,0,1,1
bruting,0,1,1
brutterrimo,1,0,1
brutus,4,4,8
bruu,1,0,1
bruuder,1,0,1
bruuuuce,0,1,1
bruuuuuuuuuuuuce,1,0,1
bruuuuuuuuuuuuuuuuuuuuuuuuuuuce,1,0,1
bruuuvm,0,1,1
bruuvm,0,1,1
bruv,12,15,27
bruva,1,3,4
bruvaa,0,2,2
bruvaaa,0,1,1
bruvaaaaa,0,1,1
bruvas,1,0,1
bruvaz,1,0,1
bruvva,0,1,1
bruvver,0,1,1
bruvvers,1,0,1
bruvvv,0,1,1
brux,1,0,1
bruxelles,5,5,10
bruxeloise,0,1,1
bruxels,0,1,1
bruxism,1,0,1
bruxy,0,1,1
bruz,1,1,2
bruzzo,1,0,1
brv,1,0,1
brvooommm,0,1,1
brw,1,3,4
brwaahh,1,0,1
brwn,1,2,3
brwndrby,0,1,1
brwns,0,1,1
brwon,0,1,1
brwony,1,0,1
brwser,0,1,1
brxwursts,0,1,1
bry,8,16,24
bryan,62,90,152
bryana,1,0,1
bryanboy,0,1,1
bryancheunglife,0,1,1
bryand,0,1,1
bryannn,0,1,1
bryannnn,0,1,1
bryans,1,4,5
bryant,24,39,63
bryantpark,1,0,1
bryants,1,1,2
bryanwashere,1,0,1
bryar,2,3,5
bryce,22,11,33
brycehebert,1,0,1
brycey,1,0,1
bryd,1,1,2
brydie,0,3,3
brydon,1,3,4
bryen,0,1,1
bryers,0,4,4
brygeeriskovlyst,0,1,1
brygida,1,0,1
bryle,0,2,2
brylee,1,1,2
bryley,1,0,1
brylie,1,0,1
bryn,3,2,5
bryna,0,1,1
bryne,0,1,1
brynlee,1,0,1
brynn,6,2,8
brynna,1,0,1
brynne,1,2,3
brynner,1,1,2
brynnie,1,0,1
bryns,1,1,2
bryon,0,1,1
bryony,3,2,5
bryorg,0,1,1
brys,1,3,4
bryson,2,2,4
brysonlopez,0,1,1
brysons,1,0,1
bryte,0,1,1
brytt,0,2,2
bryttne,1,0,1
brytty,1,0,1
bryyy,1,0,1
brzdy,0,1,1
bs,172,130,302
bsa,4,4,8
bsac,2,0,2
bsacks,1,0,1
bsad,0,1,1
bsafe,0,1,1
bsame,1,0,1
bsapphire,0,1,1
bsas,4,0,4
bsb,212,196,408
bsbtby,0,1,1
bsc,9,3,12
bsce,0,1,1
bschools,0,1,1
bsck,2,2,4
bscott,1,0,1
bsd,3,5,8
bsdcan,0,1,1
bse,2,4,6
bseepu,0,1,1
bset,1,0,1
bsetc,0,1,1
bsfan,0,1,1
bsg,43,35,78
bsgrewind,1,0,1
bsh,0,1,1
bshay,1,0,1
bshop,0,1,1
bshq,0,1,1
bsi,1,1,2
bside,2,2,4
bsides,3,2,5
bsidez,0,1,1
bsiing,0,1,1
bsimone,1,0,1
bsing,2,0,2
bsit,1,0,1
bsitting,0,2,2
bsja,0,1,1
bsk,14,8,22
bsket,1,0,1
bsksgxuirvnydlb,0,1,1
bsktball,0,1,1
bsktweetup,1,1,2
bsl,2,0,2
bsm,0,1,1
bsmart,0,1,1
bsmc,0,2,2
bsmedberg,0,1,1
bsmnt,1,0,1
bsn,4,1,5
bsnl,19,7,26
bsnon,0,1,1
bsns,1,2,3
bsnz,1,0,1
bso,0,1,1
bsod,23,8,31
bsoded,0,1,1
bsods,2,1,3
bsok,2,2,4
bsokk,0,1,1
bsopd,1,0,1
bsource,1,0,1
bsp,0,1,1
bspears,2,3,5
bsq,0,1,1
bsr,2,0,2
bss,2,1,3
bssc,1,0,1
bssoss,0,1,1
bsssssss,1,0,1
bssug,0,1,1
bst,18,15,33
bsta,1,2,3
bstard,0,1,1
bstat,1,0,1
bsu,0,1,1
bsw,1,0,1
bsy,3,1,4
bt,390,168,558
bta,1,0,1
btard,1,0,1
btards,1,0,1
btat,0,1,1
btb,3,2,5
btbam,1,1,2
btbams,0,1,1
btbf,0,1,1
btbm,0,1,1
btbtb,0,1,1
btc,3,0,3
btcc,6,3,9
btch,2,0,2
btches,0,2,2
btchh,1,0,1
btcl,1,0,1
btcla,0,1,1
btd,1,0,1
btdgoszcz,0,1,1
btdt,1,1,2
btdub,0,2,2
btdubs,0,1,1
btdubz,0,1,1
bte,3,2,5
btec,5,1,6
bteman,1,0,1
btet,1,0,1
bteter,0,1,1
btf,3,4,7
btfail,1,0,1
btff,2,0,2
btfkrny,1,0,1
btfl,0,1,1
btfo,0,1,1
btfs,1,0,1
btgs,1,0,1
bth,2,0,2
bthe,0,1,1
bthequeen,0,1,1
bthred,1,0,1
bthrm,1,0,1
bthrms,1,0,1
bthroom,0,1,1
bti,0,1,1
btic,1,0,1
btich,0,1,1
btiching,1,0,1
btis,2,0,2
btl,4,0,4
btls,0,2,2
btm,6,12,18
btmc,0,1,1
btmchristian,0,1,1
btmi,0,1,1
btmm,1,0,1
btmnah,0,1,1
btmusic,0,1,1
btn,9,10,19
btnamee,1,0,1
btng,1,0,1
btnreply,0,1,1
bto,1,0,1
btol,2,0,2
bton,2,0,2
btooth,1,0,1
btopenworld,1,0,1
btown,9,9,18
btownn,1,0,1
btowns,1,0,1
btp,1,0,1
btr,12,16,28
btree,1,0,1
btreksmxcnthureis,1,0,1
btrendie,2,0,2
bts,100,3,103
btserver,0,1,1
btsg,1,0,1
btt,2,2,4
btta,1,0,1
bttb,0,1,1
btter,0,5,5
bttf,4,6,10
bttl,0,1,1
bttle,1,0,1
bttms,0,1,1
bttn,1,0,1
bttr,2,5,7
btttw,0,1,1
bttw,1,3,4
btu,6,2,8
btub,8,12,20
btv,11,8,19
btvision,0,1,1
btvs,4,8,12
btvsmb,1,5,6
btw,1516,3498,5014
btwayyyyyyy,0,1,1
btwd,0,1,1
btween,4,6,10
btwi,0,1,1
btwn,23,21,44
btws,2,2,4
btww,2,0,2
btwww,1,3,4
btwz,2,0,2
btwzzz,1,0,1
bty,0,1,1
bu,92,53,145
bua,4,1,5
buaa,2,0,2
buaaa,4,1,5
buaaaa,1,0,1
buaaaaa,1,0,1
buaaaaaa,1,0,1
buaaaaaaaaaaaaaaaaa,1,0,1
buaaaaaaaaaaaaaaaaaaaaaaaaaaa,1,0,1
buaaaaaaaaaahhhh,1,0,1
buaaaaaahhhhhh,1,0,1
buaaah,1,0,1
buaahhahaah,0,1,1
buaahhahahah,0,1,1
buad,1,0,1
buah,2,2,4
buaha,1,0,1
buahaha,2,5,7
buahahaha,0,2,2
buahahahah,0,1,1
buahahahaha,0,1,1
buahahb,0,1,1
buahahha,0,1,1
buahahhahahaha,1,0,1
buahahhha,0,1,1
buahbatu,2,0,2
buahh,1,0,1
buahhaha,0,1,1
buahhhh,0,1,1
buahhhhhh,1,0,1
buahhhhhhhhh,1,0,1
buahuahu,0,1,1
buahuahuahuahauhau,0,1,1
buajaja,1,0,1
buang,1,2,3
buat,49,52,101
buatan,0,1,1
buatin,0,1,1
buatkan,1,0,1
buatnya,1,0,1
bub,42,34,76
buba,5,4,9
bubahh,0,1,1
bubb,0,3,3
bubba,70,51,121
bubbaaa,0,1,1
bubbaaaa,0,1,1
bubbaiye,1,0,1
bubbaliciousss,0,1,1
bubbaloo,1,0,1
bubbas,3,2,5
bubbb,1,0,1
bubbbb,1,0,1
bubbbbbb,0,1,1
bubbble,1,0,1
bubbbs,1,0,1
bubbels,0,1,1
bubbi,1,1,2
bubbie,0,1,1
bubbies,5,4,9
bubbilinggg,1,0,1
bubbily,1,0,1
bubbl,1,1,2
bubble,184,238,422
bubblea,0,1,1
bubbleant,0,1,1
bubblebath,1,4,5
bubblebaths,0,1,1
bubblebathtweet,0,3,3
bubblebeard,1,0,1
bubblebee,0,1,1
bubbleberry,0,1,1
bubblebobble,0,1,1
bubblebut,1,0,1
bubblebutt,1,0,1
bubbled,7,0,7
bubblefun,0,2,2
bubblegate,1,1,2
bubblegum,12,16,28
bubblegumboom,1,0,1
bubbleguts,1,0,1
bubblemint,0,1,1
bubbler,1,2,3
bubbles,74,91,165
bubblesforkids,0,1,1
bubblesfriday,0,1,1
bubbleshooter,0,1,1
bubblesm,0,1,1
bubblessss,0,1,1
bubbletea,1,3,4
bubbletown,0,1,1
bubblets,1,0,1
bubbletweet,5,12,17
bubbletweeting,0,1,1
bubbletweets,1,0,1
bubbleweed,0,1,1
bubblewrap,4,8,12
bubbli,1,0,1
bubblie,0,1,1
bubblies,2,1,3
bubblin,2,0,2
bubbling,4,3,7
bubblingo,1,0,1
bubbly,19,36,55
bubbs,2,0,2
bubbus,1,0,1
bubby,16,13,29
bubbye,3,1,4
bubbys,0,1,1
bubee,1,0,1
bubelach,0,1,1
bubhye,0,1,1
bubi,0,1,1
bubiee,0,1,1
bubl,1,2,3
buble,1,24,25
bublee,1,0,1
bublegum,0,2,2
bublewrap,0,1,1
bublle,1,0,1
bubly,1,0,1
bubnly,1,0,1
bubo,0,1,1
bubonic,3,0,3
bubs,21,13,34
bubsch,1,0,1
bubscriber,1,0,1
bubsie,0,1,1
bubss,0,1,1
bubsy,0,2,2
bubu,10,11,21
bubuawards,0,1,1
bububebe,0,1,1
bububu,1,0,1
bubububu,1,0,1
bububububbad,0,1,1
bubuksan,0,1,1
bubur,6,2,8
bubus,0,1,1
bubuty,0,1,1
buby,1,0,1
bubye,3,4,7
bubz,1,2,3
buc,0,2,2
buca,4,3,7
bucaccia,0,1,1
bucaneers,0,1,1
bucatini,0,1,1
bucause,0,1,1
bucc,2,0,2
bucca,1,1,2
buccaneer,1,0,1
bucccneesss,0,1,1
buccilli,0,1,1
buccis,1,0,1
buccnessss,0,1,1
buccos,0,2,2
buccz,0,1,1
bucedi,1,0,1
bucee,1,0,1
bucephalus,1,0,1
buch,3,3,6
buchan,0,1,1
buchanan,2,1,3
bucharest,4,13,17
bucher,1,1,2
buchholz,1,0,1
buchi,1,0,1
buchman,0,1,1
buchstaben,0,1,1
buchtu,0,1,1
buck,57,80,137
buckaroo,2,1,3
buckaroos,0,1,1
buckbeak,0,1,1
buckcherry,3,5,8
bucked,1,2,3
buckee,1,0,1
bucker,1,0,1
buckeroos,1,0,1
bucket,94,66,160
bucketful,2,1,3
bucketfuls,0,1,1
bucketing,11,4,15
bucketlist,0,1,1
buckets,25,21,46
bucketting,1,0,1
bucketwise,1,0,1
buckeye,2,3,5
buckeyes,1,7,8
buckeys,0,1,1
buckfast,1,0,1
buckhead,4,6,10
buckie,1,0,1
buckiieeeessss,0,1,1
bucking,0,4,4
buckingham,2,10,12
buckinghamshire,1,1,2
buckland,2,0,2
buckle,24,19,43
bucklebury,0,1,1
buckled,8,5,13
buckleing,1,0,1
buckles,1,2,3
buckley,21,16,37
buckling,2,2,4
buckly,1,0,1
buckmaster,0,1,1
buckminsterfullerene,1,0,1
bucknationstrong,0,1,1
bucknell,1,0,1
buckner,1,0,1
bucknor,1,0,1
bucko,1,0,1
buckonellen,0,1,1
bucks,295,249,544
buckweet,0,1,1
buckwheat,2,7,9
buckwild,2,3,5
bucky,5,7,12
buckycap,1,0,1
buckykentucky,0,1,1
buckyweat,1,0,1
buco,0,1,1
bucopandan,0,1,1
bucs,3,1,4
bucu,0,1,1
bucuresti,1,3,4
bucuros,0,1,1
bucz,1,0,1
bud,173,184,357
buda,1,4,5
budabing,1,0,1
budai,0,1,1
budak,1,1,2
budapest,15,31,46
budaya,1,0,1
budbro,0,1,1
budbrothers,0,1,1
budbud,0,1,1
budd,4,3,7
budda,0,1,1
buddacup,0,1,1
buddah,6,26,32
buddakan,0,1,1
buddar,0,1,1
budday,3,3,6
buddd,0,1,1
buddday,1,0,1
budddd,0,1,1
buddddddy,1,0,1
budddddy,1,1,2
buddddieeessssss,1,0,1
buddddy,1,2,3
budddy,0,1,1
budddyy,0,1,1
budden,3,3,6
buddens,1,1,2
buddha,12,30,42
buddhahood,0,1,1
buddhaian,1,0,1
buddhas,0,1,1
buddhism,1,15,16
buddhist,5,21,26
buddhists,1,0,1
buddhu,0,1,1
buddi,1,2,3
buddie,10,10,20
buddied,0,1,1
buddiee,1,0,1
buddieeee,1,0,1
buddies,161,226,387
buddiessss,2,0,2
buddiez,1,0,1
buddikins,1,0,1
budding,2,15,17
buddleia,0,1,1
buddon,1,0,1
budds,3,1,4
budducks,0,1,1
buddy,651,754,1405
buddyaches,1,0,1
buddyandtina,0,1,1
buddyboyyy,0,1,1
buddyfeed,0,1,1
buddying,0,1,1
buddyjesus,0,1,1
buddylist,1,0,1
buddyo,1,0,1
buddyol,0,1,1
buddypress,1,1,2
buddys,10,10,20
buddysz,0,1,1
buddythepuggy,0,1,1
buddyy,0,2,2
buddyyy,1,1,2
buddyyyy,1,1,2
buddyyyyyyy,0,1,1
buddyyyyyyyyyy,1,0,1
buddz,1,2,3
bude,3,9,12
budehaven,0,1,1
budejovice,0,1,1
budem,0,1,1
budge,15,2,17
budged,4,0,4
budget,251,134,385
budgetary,1,1,2
budgeted,1,1,2
budgeter,0,1,1
budgeting,10,6,16
budgetmeeting,1,0,1
budgetnista,0,1,1
budgetravel,0,1,1
budgets,14,6,20
budgetting,2,0,2
budgie,8,6,14
budgies,0,1,1
budgiewowjnfalsm,0,1,1
budging,5,2,7
budhai,0,1,1
budhha,1,0,1
budi,0,1,1
budiess,0,1,1
budige,1,0,1
budii,0,1,1
budiies,1,0,1
budiya,0,1,1
budlight,2,4,6
budo,0,1,1
budokai,2,0,2
budro,1,0,1
buds,70,81,151
budssss,0,1,1
budthespud,1,0,1
budtrap,0,1,1
budu,4,3,7
budur,0,1,1
budva,0,1,1
budvar,0,2,2
budweiser,4,5,9
budweisers,0,1,1
budwiser,1,0,1
budy,2,3,5
budyyyyy,1,0,1
budz,1,1,2
bue,3,3,6
bueatiful,0,1,1
buee,1,0,1
bueeee,1,0,1
bueeen,0,1,1
bueh,0,1,1
buela,1,0,1
buelers,1,0,1
buell,2,2,4
bueller,6,5,11
buellers,0,3,3
buellton,1,0,1
buemi,0,4,4
buen,4,12,16
buena,10,17,27
buenapark,1,0,1
buenas,8,42,50
buenavista,0,1,1
bueno,235,60,295
buenooo,1,0,1
buenoooo,0,1,1
buenos,25,75,100
buenosss,0,1,1
bueos,0,1,1
buess,1,0,1
buf,2,1,3
bufala,0,3,3
bufalo,0,1,1
bufanda,0,1,1
bufandas,0,1,1
bufday,0,1,1
bufest,0,1,1
buff,25,43,68
buffala,0,1,1
buffallo,0,1,1
buffalo,104,99,203
buffaloed,0,1,1
buffaloes,1,0,1
buffalofail,1,0,1
buffalos,1,0,1
buffalove,0,1,1
buffday,2,3,5
buffed,2,1,3
buffel,0,1,1
buffer,17,9,26
buffered,2,0,2
buffereing,1,0,1
buffering,24,4,28
buffers,0,3,3
buffert,1,0,1
buffet,83,88,171
buffeted,1,0,1
buffets,6,5,11
buffett,8,13,21
buffetts,1,0,1
buffetzeit,0,1,1
bufffff,1,0,1
bufffy,0,1,1
bufffyyy,1,0,1
buffie,2,1,3
buffing,3,1,4
buffkin,0,1,1
buffoire,1,0,1
buffolow,0,1,1
buffoon,2,0,2
buffoonery,1,0,1
buffs,3,3,6
bufftingz,0,1,1
buffy,79,91,170
buffyfest,0,1,1
buffys,0,1,1
buffython,1,0,1
buffyverse,1,1,2
bufo,2,0,2
buford,3,0,3
bug,762,355,1117
bugaboo,4,0,4
bugabundo,2,0,2
bugagaga,0,1,1
bugaloos,0,2,2
bugatti,3,0,3
bugbear,0,1,1
bugbite,2,0,2
bugbites,3,0,3
bugchecked,1,0,1
buger,0,3,3
bugerr,1,0,1
bugers,0,1,1
buget,2,0,2
bugfix,1,0,1
bugfixes,0,1,1
bugg,6,8,14
bugga,4,3,7
buggah,0,1,1
buggar,8,1,9
buggay,0,1,1
bugge,0,1,1
bugged,37,16,53
buggeing,1,0,1
bugger,317,73,390
buggeration,0,1,1
buggerd,0,2,2
buggered,60,12,72
buggerfuck,1,0,1
buggering,4,4,8
buggerit,1,0,1
buggers,37,15,52
buggery,7,2,9
buggerz,0,1,1
buggie,2,3,5
buggier,2,0,2
buggies,2,5,7
buggiest,1,0,1
buggin,29,11,40
bugginabouteverything,0,1,1
bugginess,2,0,2
bugging,71,38,109
bugginggggg,0,1,1
buggles,0,2,2
buggling,0,1,1
buggn,1,0,1
buggrd,1,0,1
buggs,1,2,3
buggssss,0,1,1
buggy,88,30,118
buggyboard,1,0,1
buggys,3,0,3
bugh,1,0,1
bugheart,0,1,1
bught,2,0,2
bugik,0,1,1
bugil,0,1,1
bugis,6,9,15
bugle,2,2,4
bugles,3,2,5
bugmail,1,0,1
bugmum,0,1,1
bugreport,1,0,1
bugs,376,256,632
bugspray,2,0,2
bugss,0,1,1
bugssss,1,0,1
bugsssss,0,1,1
bugsy,2,7,9
bugtaw,0,1,1
bugue,1,0,1
bugui,0,1,1
bugunl,0,1,1
bugy,1,0,1
bugz,1,2,3
bugzilla,0,2,2
bugzy,1,0,1
bugzz,0,1,1
buh,93,55,148
buhaha,0,3,3
buhahah,1,0,1
buhahaha,0,3,3
buhahahah,1,1,2
buhat,1,1,2
buhay,1,3,4
buhbie,1,0,1
buhbye,4,9,13
buhbyeee,0,1,1
buhbyes,1,1,2
buhd,0,2,2
buhdie,2,0,2
buhh,10,10,20
buhhbye,0,1,1
buhhdist,0,1,1
buhhh,5,2,7
buhhhh,2,1,3
buhhhhh,1,0,1
buhhyeah,1,0,1
buhjaysus,0,1,1
buhlaaast,0,1,1
buhler,0,1,1
buhnana,0,1,1
buhnen,0,1,1
buhok,1,1,2
buhooo,1,0,1
buhos,0,1,1
buhrandee,1,0,1
buht,8,7,15
buhu,17,0,17
buhuhu,5,0,5
buhuhuuu,1,0,1
buhuu,4,0,4
buhuuu,1,1,2
buhwhahaha,0,1,1
bui,1,1,2
buibi,1,0,1
buick,5,1,6
buid,2,0,2
buididip,0,1,1
buiding,2,1,3
buidling,0,2,2
buihtd,0,1,1
buiiding,0,1,1
build,284,344,628
buildabear,1,0,1
buildbot,0,1,1
buildchain,1,0,1
builddata,1,0,1
builder,39,29,68
builders,51,20,71
builderx,1,0,1
builderz,0,1,1
buildg,1,0,1
buildin,3,4,7
building,407,442,849
buildinggggg,1,0,1
buildingness,0,1,1
buildings,25,32,57
buildingworkers,0,1,1
buildinq,1,0,1
buildong,1,0,1
buildout,1,1,2
buildouts,1,0,1
builds,19,23,42
buildup,2,1,3
buildyourbrand,1,0,1
builer,0,1,1
builiding,0,1,1
builing,1,0,1
buillion,1,0,1
built,148,180,328
builtin,1,0,1
buin,1,0,1
buiness,0,2,2
buinne,1,0,1
buiscits,0,1,1
buiscuits,0,1,1
buiscuts,1,0,1
buisines,0,1,1
buisiness,3,2,5
buisitess,0,1,1
buisness,24,12,36
buisnesses,2,0,2
buisnesss,0,1,1
buissnes,1,0,1
buissness,3,1,4
buisson,0,1,1
buisy,1,0,1
buit,3,1,4
buiten,0,1,1
buitenkant,0,1,1
buitful,0,1,1
buizness,0,1,1
bujhegi,1,0,1
buji,1,0,1
bujina,0,1,1
bujlam,1,0,1
buju,1,3,4
buk,0,2,2
buka,5,4,9
bukaaas,0,1,1
bukak,2,0,2
bukan,7,7,14
bukann,0,1,1
bukannn,0,1,1
bukannya,1,4,5
bukas,28,29,57
bukaz,0,1,1
buke,0,2,2
bukekt,1,0,1
bukem,0,1,1
buket,0,1,1
bukhari,0,1,1
bukisa,3,0,3
bukit,7,13,20
bukkake,1,4,5
bukkers,0,1,1
bukkit,1,0,1
buko,3,2,5
bukol,1,0,1
bukom,1,0,1
bukowski,3,2,5
buks,3,0,3
bukti,1,0,1
buku,0,2,2
bul,0,2,2
bula,1,0,1
bulaaya,1,0,1
bulacaaaan,0,1,1
bulacan,2,4,6
bulag,1,0,1
bulaga,9,31,40
bulagaan,0,1,1
bulalo,0,1,1
bulamad,0,1,1
bulan,8,4,12
bulanan,2,0,2
bulance,0,1,1
bulas,1,0,1
bulat,0,1,1
bulawayo,1,0,1
bulb,31,26,57
bulbasaur,0,2,2
bulbs,13,11,24
bulca,1,0,1
buldge,0,1,1
bulding,3,0,3
buldosed,0,1,1
buldozers,0,1,1
bulduk,0,2,2
buldum,0,2,2
buldummmmmmm,0,1,1
bule,3,0,3
bulecks,0,1,1
bulemia,0,1,1
buler,1,0,1
bulgaia,0,1,1
bulgaria,13,23,36
bulgariaaaa,0,1,1
bulgariaday,0,1,1
bulgarian,5,5,10
bulgariangreens,0,1,1
bulgarians,0,1,1
bulgarie,0,1,1
bulge,5,3,8
bulging,9,3,12
bulgogi,4,2,6
buli,1,0,1
bulid,1,0,1
buliding,1,1,2
bulies,1,0,1
bulilit,0,5,5
bulima,0,1,1
bulimia,7,1,8
bulimic,2,0,2
bulire,1,0,1
bulit,0,1,1
bulk,18,33,51
bulked,0,1,1
bulkhead,4,2,6
bulking,2,1,3
bulko,1,0,1
bulky,9,8,17
bull,230,222,452
bullard,1,0,1
bullbar,0,1,1
bullbuckers,0,1,1
bullcraap,1,0,1
bullcrap,5,1,6
bullcrapperrrrs,1,0,1
bullcraps,1,0,1
bulldog,15,25,40
bulldogs,9,12,21
bulldoze,0,1,1
bulldozed,1,1,2
bulldozer,3,2,5
bulldozing,2,0,2
bulldyke,1,0,1
bulle,3,2,5
bulleen,0,1,1
bullen,0,1,1
buller,1,0,1
bullet,55,60,115
bulletboys,0,1,1
bulleted,2,0,2
bulletin,18,34,52
bulletins,2,3,5
bulleto,0,1,1
bulletproof,1,10,11
bullets,15,24,39
bullett,1,0,1
bullettrain,0,1,1
bulletttprooffff,0,1,1
bullfeathers,1,0,1
bullfight,1,0,1
bullfighting,1,0,1
bullfights,1,0,1
bullfrog,5,1,6
bullfrogs,0,1,1
bullfuck,1,0,1
bullhead,1,0,1
bullheadedness,0,1,1
bullhorn,0,2,2
bullie,1,0,1
bullied,42,5,47
bullieded,1,0,1
bullies,18,8,26
bulling,1,1,2
bullion,0,1,1
bullions,1,0,1
bullis,1,0,1
bullish,2,2,4
bullishh,1,0,1
bullit,1,1,2
bulliten,1,2,3
bulll,2,0,2
bulllllll,0,1,1
bulllllllshit,1,0,1
bullllllltwit,1,0,1
bulllllls,0,1,1
bulllllshiiiitt,1,0,1
bullllshit,0,1,1
bullmanx,1,0,1
bullminic,1,0,1
bullmoose,0,1,1
bullock,5,10,15
bullocks,4,2,6
bullox,0,1,1
bullpen,12,1,13
bullpin,1,0,1
bullpity,0,1,1
bullpoo,1,0,1
bullpuckey,1,1,2
bullring,5,1,6
bullrunners,1,0,1
bullrush,1,0,1
bulls,86,55,141
bullschitt,1,0,1
bullseye,2,4,6
bullsh,8,4,12
bullshery,1,0,1
bullshiet,1,0,1
bullshit,173,102,275
bullshite,1,0,1
bullshiting,0,1,1
bullshitt,1,1,2
bullshitted,1,3,4
bullshitters,3,0,3
bullshittery,0,1,1
bullshittin,3,0,3
bullshitting,3,8,11
bullshitttt,1,0,1
bullshittttttttttttt,1,0,1
bullshity,1,0,1
bullshxt,0,1,1
bullshyt,1,0,1
bullucks,1,0,1
bullwhip,0,1,1
bullwinkl,0,1,1
bullwinkle,3,3,6
bully,51,34,85
bullyin,1,1,2
bullying,29,10,39
bullyion,1,0,1
bullyish,1,0,1
bullys,0,1,1
bullywug,0,1,1
bullz,1,0,1
bulma,0,1,1
bulmers,4,6,10
bulo,1,0,1
buloh,1,1,2
bulok,1,0,1
bulous,1,0,1
bulpin,0,1,1
bulsa,0,1,1
bulshit,1,1,2
bulshiter,1,0,1
bult,1,0,1
bults,0,1,1
bulu,0,1,1
bulv,0,1,1
bulying,1,0,1
bum,324,212,536
buma,0,1,1
bumaba,2,0,2
bumabawi,2,1,3
bumalik,3,1,4
bumanglang,1,0,1
bumass,1,0,1
bumati,0,2,2
bumb,3,0,3
bumbaclot,1,0,1
bumbafuck,1,0,1
bumbed,22,0,22
bumbee,1,0,1
bumber,4,0,4
bumberr,1,0,1
bumbershoot,1,2,3
bumble,22,22,44
bumblebee,25,17,42
bumblebeeee,1,0,1
bumblebeeeeee,1,0,1
bumblebees,2,2,4
bumblee,1,0,1
bumblefuck,1,0,1
bumblesquirrel,1,0,1
bumblin,0,1,1
bumbling,0,2,2
bumbo,2,1,3
bumbpy,1,0,1
bumbs,1,1,2
bumbum,1,1,2
bumbumbumeeer,1,0,1
bumbumbumjbum,1,0,1
bumbums,0,1,1
bumby,1,0,1
bumcakes,2,0,2
bumcheeks,1,0,1
bumchum,1,0,1
bumday,0,1,1
bumed,15,3,18
bumer,8,0,8
bumerr,0,1,1
bumf,0,1,1
bumface,3,0,3
bumfondle,1,0,1
bumfuck,1,0,1
bumgenius,2,0,2
bumhat,0,1,1
bumhead,1,0,1
bumhole,2,1,3
bumi,2,0,2
bumil,0,1,1
bumili,2,1,3
bumilis,0,2,2
bumloads,0,1,1
bumm,2,1,3
bumma,2,0,2
bummage,2,0,2
bummbed,1,0,1
bummd,2,0,2
bumme,3,0,3
bummed,1745,94,1839
bummedm,1,0,1
bummeeer,1,0,1
bummeerrrrrrrrr,1,0,1
bummer,1419,134,1553
bummercity,2,0,2
bummered,1,0,1
bummeriffic,1,0,1
bummerino,1,0,1
bummerr,4,0,4
bummerrr,7,1,8
bummerrrr,2,0,2
bummerrrrrr,2,0,2
bummerrrrrrr,2,0,2
bummerrrrrrrrrrrr,1,0,1
bummers,13,1,14
bummertime,1,0,1
bummertown,1,0,1
bummerz,1,0,1
bummest,0,1,1
bummin,20,3,23
bumming,47,20,67
bummington,1,0,1
bummis,1,0,1
bummish,0,1,1
bummm,2,2,4
bummma,1,0,1
bummmeeed,1,0,1
bummmer,4,0,4
bummmerr,1,0,1
bummmerrr,1,0,1
bummmerrrrrrrrrrrrrrrrrrr,1,0,1
bummmm,2,0,2
bummmmed,1,0,1
bummmmeeeerrrrrrrr,1,0,1
bummmmer,5,1,6
bummmmmed,1,0,1
bummmmmer,1,0,1
bummmmmmm,1,0,1
bummmmmmmer,1,0,1
bummmmmmmmer,1,0,1
bummmmmmmmm,0,1,1
bumms,2,2,4
bummsville,1,0,1
bummy,5,0,5
bumny,0,1,1
bumoto,0,1,1
bumout,2,0,2
bump,141,119,260
bumpa,1,0,1
bumpand,1,0,1
bumpants,0,1,1
bumpday,1,0,1
bumped,81,66,147
bumper,52,42,94
bumperless,0,1,1
bumpers,2,3,5
bumperz,1,0,1
bumphrey,0,1,1
bumpies,1,0,1
bumpin,10,24,34
bumping,27,30,57
bumpinq,0,1,1
bumpit,1,1,2
bumpits,0,1,1
bumpkin,1,0,1
bumpkins,0,1,1
bumps,34,38,72
bumpss,1,0,1
bumptop,2,7,9
bumpy,25,11,36
bums,55,22,77
bumslide,0,1,1
bumsticks,1,0,1
bumsville,1,0,1
bumthang,0,1,1
bumting,1,1,2
bumubwelo,0,1,1
bumukas,1,0,1
bumz,1,0,1
bun,74,67,141
buna,4,4,8
bunac,2,0,2
bunad,0,1,1
bunag,1,0,1
bunbun,0,1,1
bunbunbun,0,1,1
bunbury,0,1,1
bunccchhhh,0,1,1
bunch,555,720,1275
buncha,7,8,15
bunche,0,1,1
bunched,0,1,1
bunches,45,40,85
bunchess,0,1,1
bunchessss,0,1,1
bunchez,0,1,1
bunchh,3,0,3
bunchhh,0,2,2
bunchhhh,0,1,1
buncho,0,1,1
bunchy,0,1,1
buncit,2,0,2
buncle,0,1,1
buncles,0,1,1
bunco,4,2,6
bund,1,0,1
bunda,4,0,4
bundaberg,2,2,4
bundamba,1,0,1
bundaran,1,0,1
bunday,0,1,1
bunderan,0,2,2
bunderberg,1,0,1
bundesliga,3,1,4
bundestag,1,2,3
bundeswettbewer,0,1,1
bundinha,0,1,1
bundisse,1,0,1
bundle,27,49,76
bundled,8,6,14
bundles,5,3,8
bundling,3,1,4
bundoora,0,1,1
bunds,1,0,1
bundt,3,0,3
bundy,3,7,10
buneary,1,0,1
buneee,1,0,1
bung,9,14,23
bunga,0,2,2
bungaaaaaaaaa,1,0,1
bungalow,6,6,12
bungalowed,0,1,1
bunged,18,1,19
bungee,6,12,18
bungeee,0,1,1
bungees,1,0,1
bungie,6,8,14
bungkus,0,1,1
bungle,3,4,7
bungled,2,0,2
bungo,1,0,1
bungol,0,1,1
bungsu,0,1,1
bungy,3,3,6
bunhead,0,1,1
buni,1,0,1
bunie,1,0,1
bunies,1,0,1
bunjee,1,2,3
bunk,26,21,47
bunka,1,0,1
bunkasai,1,1,2
bunkbeds,0,2,2
bunked,1,2,3
bunkee,1,0,1
bunker,6,8,14
bunkers,0,1,1
bunkin,0,1,1
bunking,2,7,9
bunkmates,1,0,1
bunko,1,0,1
bunks,1,0,1
bunless,0,1,1
bunmi,1,0,1
bunn,0,1,1
bunnahabhain,0,1,1
bunnay,0,1,1
bunneh,1,1,2
bunnery,1,0,1
bunni,1,0,1
bunnicks,0,1,1
bunnicula,1,1,2
bunnie,2,1,3
bunnies,66,58,124
bunniez,1,0,1
bunnik,0,1,1
bunning,2,0,2
bunnings,2,1,3
bunnnny,0,1,1
bunno,1,0,1
bunns,0,1,1
bunny,371,273,644
bunnybell,0,1,1
bunnyduck,1,0,1
bunnyhugs,1,0,1
bunnyhutch,1,0,1
bunnylicks,1,0,1
bunnymen,1,2,3
bunnypuffs,0,1,1
bunnys,2,2,4
bunnywithfangs,1,0,1
bunnyyy,1,0,1
buns,32,37,69
bunsen,1,0,1
bunso,1,5,6
bunt,2,6,8
bunting,3,4,7
bunton,1,0,1
bunty,3,0,3
bunuelos,1,0,1
bunuh,1,0,1
bunut,0,1,1
bunyi,1,1,2
bunyiin,0,2,2
bunyip,1,0,1
bunyips,1,0,1
bunz,2,1,3
buo,1,2,3
buon,8,15,23
buona,0,8,8
buonanotte,0,2,2
buond,0,2,2
buong,6,1,7
buongiorno,1,5,6
buono,0,1,1
buoy,0,1,1
buoyancy,0,1,1
buoyant,0,1,1
buoyes,0,1,1
buoys,0,2,2
bup,0,3,3
bupa,4,1,5
bupkis,1,0,1
buppo,1,0,1
buppy,0,1,1
bur,7,7,14
bura,1,1,2
burado,1,0,1
buralardayim,0,2,2
buran,0,1,1
burana,1,0,1
burano,0,1,1
buraya,0,1,1
burb,0,2,2
burbage,1,0,1
burbank,15,20,35
burbanks,1,0,1
burbans,0,1,1
burberry,14,13,27
burbs,19,12,31
burbujas,2,0,2
burch,3,4,7
burchill,1,0,1
burcin,0,1,1
burcu,0,1,1
burd,2,1,3
burdah,0,1,1
burde,0,1,1
burden,22,20,42
burdened,3,0,3
burdenofmisery,1,0,1
burdens,1,1,2
burdey,0,1,1
burdine,0,1,1
burdock,0,1,1
burdon,1,0,1
burds,0,1,1
burdubai,0,1,1
burdz,0,1,1
burdzy,0,1,1
bureacracies,1,0,1
bureacratic,1,0,1
bureau,13,5,18
bureaucracy,5,3,8
bureaucracyday,1,0,1
bureaucrash,0,1,1
bureaucrat,1,0,1
bureaucratic,4,0,4
bureaucrats,0,1,1
burell,0,1,1
buren,3,2,5
bureucratic,1,0,1
burf,1,0,1
burfdae,1,1,2
burfday,4,12,16
burfdayy,0,1,1
burfed,0,1,1
burffday,0,1,1
burfoo,1,0,1
burg,14,10,24
burgain,0,1,1
burgalers,0,1,1
burgandy,2,5,7
burgarrr,0,1,1
burgars,0,1,1
burgas,0,2,2
burgeer,0,1,1
burgeers,1,0,1
burgen,1,6,7
burger,261,277,538
burgerking,3,3,6
burgermaster,1,0,1
burgermeester,0,1,1
burgerrrrrrrrs,0,1,1
burgers,125,151,276
burgershotbeer,1,0,1
burgerssss,0,1,1
burgersssss,0,1,1
burgertub,1,0,1
burgerville,1,1,2
burgerz,0,1,1
burgess,5,2,7
burgettstown,2,0,2
burgfest,1,0,1
burgh,10,15,25
burglar,6,3,9
burglared,1,0,1
burglaries,1,1,2
burglarised,0,1,1
burglarized,1,0,1
burglarizing,0,1,1
burglars,3,1,4
burglary,2,1,3
burgle,1,1,2
burgled,9,0,9
burgler,0,1,1
burgoo,1,1,2
burgoon,0,1,1
burgos,1,0,1
burgrer,0,1,1
burgs,0,2,2
burguer,2,0,2
burguled,1,0,1
burgundy,9,14,23
burham,0,1,1
burhan,1,0,1
burhh,1,0,1
buri,2,0,2
burial,10,2,12
burials,1,0,1
burian,1,0,1
burie,1,0,1
buried,74,25,99
buriel,1,0,1
burien,1,0,1
buries,3,1,4
burievement,1,0,1
burin,1,0,1
buring,4,3,7
burining,0,1,1
burises,1,0,1
burish,1,0,1
burito,1,2,3
buritos,2,0,2
burj,1,0,1
burjman,1,0,1
burjon,0,1,1
burke,13,13,26
burkenstock,0,1,1
burkes,1,0,1
burkeville,1,0,1
burkhalter,0,1,1
burkhardt,1,0,1
burkharts,0,1,1
burkina,0,1,1
burkle,1,0,1
burkum,1,0,1
burl,1,0,1
burla,0,1,1
burland,0,1,1
burlap,2,1,3
burlartee,1,0,1
burle,0,1,1
burleigh,2,0,2
burleighs,1,0,1
burles,1,0,1
burlesk,0,2,2
burleson,0,2,2
burlesque,8,20,28
burley,0,2,2
burlingame,2,2,4
burlington,10,10,20
burlsworth,0,1,1
burly,3,11,14
burm,1,2,3
burma,6,1,7
burmese,1,1,2
burmt,1,0,1
burn,692,422,1114
burnable,1,0,1
burnables,0,1,1
burnaby,1,1,2
burnash,0,1,1
burnball,0,2,2
burnd,4,1,5
burndown,1,0,1
burndwn,1,0,1
burne,1,0,1
burned,567,120,687
burnedddd,1,0,1
burneded,2,0,2
burnedness,1,0,1
burnell,0,2,2
burner,24,16,40
burners,2,2,4
burnet,1,0,1
burnett,1,2,3
burney,1,1,2
burnham,4,10,14
burnheart,0,1,1
burnie,0,2,2
burnies,1,0,1
burnin,27,32,59
burning,415,210,625
burningg,2,0,2
burningggg,2,0,2
burninggggg,1,0,1
burningggggg,1,0,1
burningman,1,0,1
burnings,1,0,1
burniture,1,0,1
burnl,1,0,1
burnley,9,4,13
burnn,1,0,1
burnnn,1,1,2
burnnnnn,0,1,1
burnnnns,1,0,1
burnnotice,1,1,2
burnnsss,1,0,1
burno,0,1,1
burnout,21,10,31
burnouts,2,1,3
burns,161,66,227
burnsall,1,0,1
burnside,2,4,6
burnss,1,0,1
burnsss,1,0,1
burnsssss,1,0,1
burnssssss,4,0,4
burnsssssssss,1,0,1
burnsville,0,1,1
burnsy,0,4,4
burnt,1207,253,1460
burntcoffee,1,0,1
burnteded,1,0,1
burntees,1,0,1
burntfinger,1,0,1
burntness,1,1,2
burntt,2,0,2
burnttt,1,0,1
burnttttt,1,0,1
burnttttttt,1,0,1
burnttttttttttt,1,0,1
burntwell,0,1,1
burntwood,0,2,2
burnung,1,0,1
burny,5,2,7
burnz,0,1,1
burobudor,0,1,1
burocracia,1,0,1
burocracy,0,1,1
burp,13,24,37
burpday,0,1,1
burped,5,5,10
burpee,1,0,1
burpin,1,0,1
burping,7,8,15
burple,0,1,1
burpo,1,0,1
burppp,1,0,1
burps,6,8,14
burqer,0,1,1
burque,0,1,1
burr,7,6,13
burrard,0,2,2
burrata,0,1,1
burred,1,0,1
burrell,1,0,1
burried,9,2,11
burrier,1,0,1
burris,1,0,1
burriss,3,0,3
burrito,105,86,191
burritojustice,0,1,1
burritos,25,42,67
burritto,1,2,3
burrnnn,0,1,1
burrnnnn,1,0,1
burro,0,1,1
burrough,1,0,1
burroughs,1,2,3
burrow,1,1,2
burrowed,1,1,2
burrowing,1,0,1
burrowish,1,0,1
burrows,1,2,3
burrr,1,3,4
burrrday,0,2,2
burrriiittttooooo,1,0,1
burrrn,0,2,2
burrrnin,0,1,1
burrrning,1,0,1
burrrnnns,1,0,1
burrrr,4,0,4
burrrrning,1,0,1
burrrrnnnn,1,0,1
burrrrnt,1,0,1
burrrrrr,1,0,1
burrrrrrrn,1,0,1
burrrrrrrrr,1,0,1
burrrrrrrrrrning,1,0,1
burrrrsting,1,0,1
burrs,2,1,3
burrt,0,1,1
burrthday,1,0,1
burry,5,3,8
bursa,0,1,1
bursar,1,0,1
bursaries,1,0,1
bursary,2,0,2
burscheid,0,1,1
bursery,1,0,1
bursik,0,1,1
burslem,2,1,3
burson,0,1,1
burst,119,61,180
bursted,2,1,3
burster,1,0,1
burstin,0,1,1
bursting,17,18,35
burstmedia,0,1,1
bursts,13,10,23
bursty,0,1,1
bursuries,1,0,1
burswood,3,4,7
burt,18,9,27
burtan,0,1,1
burtha,1,0,1
burthday,0,1,1
burthdaying,0,1,1
burtology,1,0,1
burtom,0,1,1
burton,21,14,35
burtons,1,1,2
burtonsville,1,0,1
burts,4,5,9
buru,0,2,2
buruan,0,1,1
buruk,0,3,3
burwood,2,0,2
bury,67,15,82
burying,12,2,14
burymestanding,0,1,1
bus,1671,881,2552
busaba,0,1,1
busabout,1,0,1
busabusss,0,1,1
busan,2,0,2
busao,0,1,1
busay,1,0,1
busays,1,0,1
busboys,3,3,6
busbuddie,0,1,1
busby,2,2,4
busbys,0,1,1
buscando,0,3,3
buscap,1,0,1
buscar,1,0,1
buscard,1,0,1
buscarme,1,0,1
buscas,1,0,1
buscemi,4,1,5
busch,24,27,51
buschgardens,1,0,1
busco,1,0,1
buscopan,1,0,1
buscuit,0,2,2
buscuits,0,1,1
busdriver,3,1,4
busdrivers,0,1,1
bused,1,1,2
buses,116,56,172
buset,5,1,6
busfairs,2,0,2
bush,92,116,208
busha,0,1,1
bushaaa,0,1,1
bushal,0,1,1
bushed,2,2,4
bushel,2,4,6
bushes,27,20,47
bushey,1,0,1
bushfire,2,0,2
bushfires,4,0,4
bushh,0,1,1
bushido,1,2,3
bushidokan,1,0,1
bushing,2,0,2
bushisms,1,0,1
bushmaster,0,1,1
bushmeat,2,0,2
bushmills,1,2,3
bushnell,1,0,1
bushra,0,1,1
bushwacka,1,0,1
bushwacked,0,1,1
bushwalking,1,0,1
bushwhacking,1,0,1
bushwick,3,2,5
bushy,4,11,15
bushys,0,1,1
busiek,0,1,1
busier,20,18,38
busiest,30,14,44
busily,2,2,4
businedd,0,1,1
businees,1,0,1
businer,0,1,1
busines,0,3,3
business,895,1159,2054
businesscards,0,1,1
businesses,32,40,72
businesslunchclub,1,0,1
businessman,2,5,7
businessmen,0,1,1
businesspartner,0,1,1
businessplan,0,1,1
businessrules,1,0,1
businesss,0,1,1
businessselect,0,1,1
businessss,0,1,1
businesssss,0,1,1
businesstrip,1,0,1
businessweek,8,5,13
businesswoman,1,0,1
businessy,0,3,3
busing,4,1,5
businss,1,0,1
busk,0,3,3
busker,0,2,2
buskers,1,1,2
buskin,0,1,1
busking,2,10,12
busload,0,1,1
busm,0,1,1
busman,2,1,3
busmans,1,0,1
busmates,1,1,2
busmire,0,1,1
busmums,1,0,1
busn,0,1,1
busness,1,2,3
busniness,1,0,1
busog,0,6,6
busooogggg,1,0,1
busoy,1,0,1
buspass,1,0,1
buspath,1,0,1
busques,1,0,1
busrage,0,1,1
busride,2,1,3
busroute,0,1,1
buss,14,10,24
bussaaayyy,0,1,1
busse,0,2,2
bussed,3,1,4
busselton,0,1,1
busser,0,1,1
bussers,0,1,1
busses,14,9,23
bussey,1,0,1
bussi,1,0,1
bussin,2,4,6
bussines,0,2,2
bussiness,6,7,13
bussinessy,1,0,1
bussing,6,0,6
bussle,0,2,2
busso,0,1,1
bussrseor,1,0,1
busss,0,3,3
bussss,0,1,1
bussssing,0,1,1
busssssss,0,1,1
busssssy,1,1,2
bussst,1,0,1
bussstt,1,0,1
bussstteeerrrr,0,1,1
busssy,1,0,1
busssysyyyy,1,0,1
busssyyyyyyyyyyyyyyyyyyyyyyyyyyyyy,1,0,1
busstop,2,1,3
bussy,7,6,13
bussyness,1,0,1
bussyy,1,0,1
bussyyy,1,0,1
bust,214,100,314
busta,6,10,16
bustard,1,0,1
bustbuy,0,1,1
busted,314,100,414
busteddddd,1,0,1
bustelo,0,2,2
buster,30,32,62
busterrrrrrrrrr,0,1,1
busters,13,18,31
bustier,2,0,2
bustin,13,11,24
busting,22,29,51
bustle,2,4,6
bustleton,1,0,1
bustling,3,7,10
busto,2,2,4
bustop,3,0,3
bustos,0,2,2
bustout,2,0,2
bustra,0,1,1
bustracker,1,0,1
busts,3,6,9
busty,8,0,8
bustyy,1,0,1
busulet,1,0,1
busulis,0,1,1
busway,3,0,3
busx,0,1,1
busy,3284,3023,6307
busybee,1,0,1
busybody,1,2,3
busybusy,1,1,2
busybusybusy,3,2,5
busybusybusyy,0,1,1
busyed,0,1,1
busyet,0,1,1
busying,0,1,1
busyish,2,1,3
busymitts,0,1,1
busyness,0,4,4
busysync,1,0,1
busytweeting,1,0,1
busyy,10,5,15
busyyy,2,6,8
busyyyy,6,2,8
busyyyyy,1,0,1
busyyyyyy,1,0,1
busyyyyyyy,1,0,1
busyyyyyyyy,0,1,1
busyyyyyyyyy,0,1,1
busz,1,0,1
buszy,0,1,1
but,84896,48597,133493
buta,3,1,4
butabi,1,0,1
butal,1,0,1
butan,0,1,1
butane,1,4,5
butbi,2,1,3
butbut,4,2,6
butbutbut,7,1,8
butbutbutbut,2,0,2
butbutbutbutbut,0,1,1
butbutbuttt,1,0,1
butcan,1,0,1
butch,19,20,39
butchano,0,1,1
butchdixon,0,1,1
butcher,8,20,28
butchered,15,1,16
butcheries,1,1,2
butchering,2,0,2
butchers,5,8,13
butches,0,2,2
butchesss,1,0,1
butchie,1,0,1
butchu,1,0,1
butchy,1,1,2
butcking,0,1,1
butcombe,0,1,1
bute,3,2,5
buteeeet,1,0,1
butek,1,0,1
buter,1,0,1
butera,1,0,1
buterfly,1,0,1
butete,0,1,1
butetr,1,0,1
butfinally,0,1,1
buthave,1,0,1
buthaya,0,1,1
buthdayyy,0,1,1
buthedidn,1,0,1
buti,18,22,40
butidntknohow,1,0,1
butifyouremakingpplwatchthebluesbrothersyourereallyusingyourpowersforgood,0,1,1
butihavetoworktomorrow,2,0,2
butikken,1,0,1
butilovesum,1,0,1
butimmarried,0,1,1
butin,0,1,1
butineed,0,1,1
butineedhelp,2,0,2
butireallywanttogoaswellandihateitwhenalltheydoistalkabouthowmuchfuntheyllhave,1,0,1
butistillloveyoumoar,1,0,1
butit,1,0,1
butits,1,0,1
butitwasstilllikeyouthankgod,0,1,1
butkis,0,1,1
butler,13,20,33
butlers,2,2,4
butless,0,1,1
butlin,1,0,1
butlins,5,7,12
butlinsss,0,1,1
butlinssss,1,0,1
butload,0,1,1
butmy,3,0,3
butn,1,0,1
butno,1,0,1
butnow,1,0,1
butoane,0,1,1
butoh,0,1,1
buton,2,1,3
butonly,1,0,1
butons,0,1,1
butros,2,0,2
buts,19,16,35
butscratching,1,0,1
butt,585,495,1080
butta,6,3,9
buttacupoflove,1,0,1
buttah,1,0,1
buttbuttbutt,1,0,1
buttcake,1,0,1
buttcheek,2,1,3
buttchex,0,1,1
buttchin,1,0,1
buttcrack,3,3,6
buttday,0,1,1
butte,8,3,11
butted,2,2,4
butteflies,0,1,1
butteflys,1,0,1
butteloads,1,0,1
butten,2,0,2
butter,265,439,704
butterball,2,0,2
butterbeanbee,1,1,2
butterbeans,1,0,1
butterbeer,0,2,2
butterboobs,1,0,1
butterboy,0,1,1
butterbuns,1,0,1
butterbur,0,1,1
buttercookies,1,0,1
buttercream,6,7,13
buttercreme,0,2,2
buttercup,22,28,50
buttercups,1,3,4
buttercupshere,1,0,1
butterdome,0,1,1
buttered,7,16,23
butterface,0,2,2
butterfactory,1,1,2
butterfield,2,0,2
butterfies,1,0,1
butterfinger,9,4,13
butterfingers,1,2,3
butterfish,1,0,1
butterflieesss,0,1,1
butterflies,53,89,142
butterfliesss,1,1,2
butterfliezzz,0,1,1
butterfly,68,117,185
butterflyish,0,1,1
butterflymind,0,1,1
butterflys,3,4,7
butterflyshoes,1,0,1
butterhams,1,0,1
buttericing,0,1,1
buttering,1,3,4
butterkist,1,0,1
butterknife,1,0,1
butterless,0,1,1
butterlies,1,0,1
butterly,0,2,2
buttermilk,9,6,15
butternsugar,0,1,1
butternut,1,5,6
butterrrrr,0,1,1
butters,5,3,8
butterscotch,8,12,20
butterscoth,0,1,1
buttersheets,1,0,1
buttershots,1,0,1
butterskotch,1,0,1
buttersworth,0,1,1
buttertoast,1,1,2
buttervup,0,1,1
butterworth,1,1,2
buttery,8,15,23
buttface,4,2,6
buttfloss,0,1,1
buttfuck,0,2,2
buttfuk,0,1,1
butthat,0,1,1
butthe,0,1,1
butthead,15,11,26
buttheads,3,0,3
buttheywontsharebunksanymore,1,0,1
butthole,12,7,19
buttholes,0,1,1
butthurt,5,1,6
buttie,4,5,9
butties,5,7,12
buttimer,0,1,1
butting,5,6,11
buttinski,0,1,1
buttknuckle,0,1,1
buttload,6,3,9
buttloads,1,0,1
buttmonkey,1,0,1
buttmonkeys,1,0,1
buttmunch,2,1,3
buttmunchhh,0,1,1
buttnaked,0,1,1
buttock,2,1,3
buttocks,8,1,9
buttom,1,3,4
buttomed,1,0,1
button,605,523,1128
buttoned,2,1,3
buttoners,0,1,1
buttonholes,1,0,1
buttoning,1,0,1
buttons,128,114,242
buttonwood,2,0,2
buttoxxxxxx,1,0,1
buttplug,3,0,3
buttresses,0,1,1
buttrflies,1,0,1
buttrich,0,1,1
buttrick,1,0,1
butts,26,38,64
buttsbury,1,0,1
buttsecks,0,1,1
buttsekz,0,1,1
buttski,0,2,2
buttslammed,1,0,1
buttsmack,0,1,1
buttt,28,16,44
buttterfly,0,1,1
buttton,0,1,1
butttt,20,10,30
buttttt,6,3,9
butttttt,7,5,12
buttttttt,1,0,1
buttttttttt,0,2,2
butttttttttt,0,1,1
butttttttttttt,0,1,1
buttttttttttttttt,1,0,1
butttttttttttttttttttttttttttttttt,1,0,1
buttwer,0,1,1
butty,9,10,19
buttys,0,1,1
buttz,1,0,1
butudonthear,1,0,1
butughhhhh,1,0,1
butuh,10,3,13
butuhkan,0,1,1
butuhmm,1,0,1
butumightactuallyleaveacommentonthere,1,0,1
bututut,0,1,1
butvthe,1,0,1
butwhat,1,0,1
butwill,0,1,1
butwillmakeupforittonight,1,0,1
buty,1,1,2
butz,1,0,1
buu,25,3,28
buuaaaa,2,0,2
buuahahahahahaha,0,1,1
buudy,0,1,1
buuggg,0,1,1
buugy,1,0,1
buuh,5,0,5
buuhbye,1,0,1
buuhh,1,1,2
buuhhh,1,0,1
buuhoo,1,0,1
buuhu,1,0,1
buuhuuu,1,0,1
buukies,1,0,1
buumer,1,0,1
buunies,1,0,1
buuren,3,4,7
buurfdaay,0,1,1
buurman,0,1,1
buurnt,1,0,1
buurrtknee,0,1,1
buusshhaaa,0,1,1
buusy,0,2,2
buut,26,16,42
buutifullz,0,1,1
buutt,1,1,2
buutttt,0,1,1
buuttttooon,0,1,1
buuu,10,1,11
buuub,0,1,1
buuudays,0,1,1
buuuh,4,0,4
buuuhhh,0,1,1
buuummmmeerrrrr,1,0,1
buuurn,1,0,1
buuurning,1,0,1
buuurrrpp,0,1,1
buuurrrrr,1,0,1
buuust,1,0,1
buuusy,0,1,1
buuut,38,16,54
buuutt,1,1,2
buuuttt,1,0,1
buuutttt,1,0,1
buuutttttt,0,1,1
buuuu,10,2,12
buuuuh,2,0,2
buuuullly,1,0,1
buuuuritos,1,0,1
buuuurn,0,3,3
buuuurned,1,0,1
buuuurning,1,0,1
buuuurrito,0,1,1
buuuut,28,13,41
buuuuttt,1,0,1
buuuutttt,1,0,1
buuuuu,9,0,9
buuuuuh,0,1,1
buuuuurn,1,0,1
buuuuurns,1,0,1
buuuuut,8,5,13
buuuuutiful,0,1,1
buuuuutttt,0,1,1
buuuuuu,2,0,2
buuuuuuh,1,0,1
buuuuuurned,1,0,1
buuuuuurns,1,0,1
buuuuuurnt,1,0,1
buuuuuut,2,0,2
buuuuuuu,3,0,3
buuuuuuurning,1,0,1
buuuuuuut,2,4,6
buuuuuuuu,1,0,1
buuuuuuuuh,1,0,1
buuuuuuuullllllllll,1,0,1
buuuuuuuurrrrrrrrrrrrpppppppp,0,1,1
buuuuuuuut,1,0,1
buuuuuuuuuu,2,0,2
buuuuuuuuuut,1,0,1
buuuuuuuuuuut,1,0,1
buuuuuuuuuuuu,1,0,1
buuuuuuuuuuuuuu,1,0,1
buuuuuuuuuuuuuuuuullshit,0,1,1
buuuuuuuuuuuuuuuuuu,1,0,1
buuuuuuuzzzzzzzzeeeeeeeddddd,1,0,1
buuuuuzzzed,0,1,1
buuuuy,0,1,1
buuwhoo,1,0,1
buuyyyy,1,0,1
buuzzz,1,0,1
buwahahaha,0,1,1
buwan,1,1,2
buwas,1,0,1
buwe,1,0,1
buwhahaha,1,0,1
buwhahahah,0,1,1
buwieser,0,1,1
bux,16,7,23
buxbaum,0,1,1
buxie,1,0,1
buxom,1,0,1
buxton,3,4,7
buy,3577,3214,6791
buyacredit,0,1,1
buyah,0,1,1
buyback,1,0,1
buybanks,1,1,2
buyblue,1,0,1
buybut,1,0,1
buybuybuy,1,0,1
buye,0,1,1
buyed,0,2,2
buyer,33,24,57
buyers,22,26,48
buyin,12,17,29
buying,577,739,1316
buyingg,0,1,1
buyingggg,0,1,1
buyinh,0,1,1
buyins,2,0,2
buyitdirect,0,1,1
buylah,1,0,1
buymy,0,1,1
buyng,1,0,1
buyology,1,0,1
buyout,2,1,3
buys,48,46,94
buysellads,0,2,2
buythechange,1,0,1
buytter,0,2,2
buytwitter,1,0,1
buyuer,1,0,1
buyvip,0,1,1
buyy,1,2,3
buyyy,2,0,2
buyyyy,0,1,1
buyyyyy,0,1,1
buz,2,3,5
buzan,0,1,1
buzaul,0,1,1
buzer,0,1,1
buzi,2,0,2
buzin,1,1,2
buzo,1,0,1
buzy,7,5,12
buzz,121,173,294
buzzard,0,3,3
buzzards,1,2,3
buzzca,1,0,1
buzzcocks,9,2,11
buzzd,2,0,2
buzzding,0,1,1
buzzed,30,34,64
buzzen,3,0,3
buzzer,7,12,19
buzzerd,0,1,1
buzzers,3,6,9
buzzes,1,3,4
buzzfeed,6,0,6
buzzie,0,1,1
buzzier,0,1,1
buzzin,11,18,29
buzziness,0,1,1
buzzing,37,46,83
buzzkill,12,3,15
buzzlightyear,0,1,1
buzzling,1,0,1
buzzmob,1,0,1
buzzn,1,0,1
buzznet,7,8,15
buzznumbers,0,1,1
buzzom,0,1,1
buzzoutloud,0,1,1
buzzr,0,1,1
buzzradio,0,2,2
buzzsaw,0,1,1
buzztime,0,1,1
buzzup,0,1,1
buzzvn,0,2,2
buzzword,6,3,9
buzzwords,2,1,3
buzzy,5,4,9
buzzz,2,1,3
buzzzes,0,1,1
buzzzin,0,1,1
buzzzing,0,1,1
buzzzt,1,0,1
buzzzz,2,1,3
buzzzzed,1,0,1
buzzzzin,0,2,2
buzzzztime,1,0,1
buzzzzz,0,1,1
buzzzzzing,0,1,1
buzzzzzzz,0,1,1
buzzzzzzzin,1,0,1
buzzzzzzzzzzzzzz,1,0,1
bv,9,7,16
bva,0,1,1
bvbdp,1,0,1
bvc,1,0,1
bveach,1,0,1
bvf,0,1,1
bvfgtyuiolmnbvcftyu,1,0,1
bvg,1,0,1
bvgers,0,1,1
bville,1,0,1
bvio,1,0,1
bvlgari,0,2,2
bvm,0,1,1
bvmites,0,1,1
bvs,0,1,1
bvt,0,1,1
bvvv,0,1,1
bvvvvv,0,1,1
bw,17,17,34
bwa,4,3,7
bwaaaa,1,1,2
bwaaaaaaaaaa,0,1,1
bwaaaaaaaaaaah,1,0,1
bwaaaah,1,1,2
bwaaaahahaha,0,1,1
bwaaaahahahaha,1,0,1
bwaaaahahahahahaaaaa,0,1,1
bwaaaahhh,1,0,1
bwaaah,1,0,1
bwaaahaha,1,1,2
bwaaahahaha,0,1,1
bwaah,1,0,1
bwaahahahah,0,1,1
bwaahahahaha,0,1,1
bwaakk,0,1,1
bwah,9,2,11
bwaha,3,5,8
bwahaahah,0,1,1
bwahah,1,3,4
bwahaha,11,21,32
bwahahaa,1,0,1
bwahahaahaha,0,1,1
bwahahah,0,4,4
bwahahaha,8,16,24
bwahahahaaha,0,1,1
bwahahahah,0,1,1
bwahahahaha,3,8,11
bwahahahahaa,1,1,2
bwahahahahaha,3,7,10
bwahahahahahah,1,0,1
bwahahahahahaha,0,2,2
bwahahahahahahah,0,1,1
bwahahahahahahaha,2,0,2
bwahahahahhahahahahahahahaha,0,1,1
bwahahe,1,0,1
bwahahha,0,1,1
bwahahhaa,1,0,1
bwahahhahah,0,1,1
bwahehehe,0,1,1
bwahh,1,0,1
bwahhaaha,1,0,1
bwahhaha,0,1,1
bwahhahahahah,0,1,1
bwahhahahahaha,0,1,1
bwahhh,0,1,1
bwahhhh,3,0,3
bwahshahahaha,1,0,1
bwaj,1,0,1
bwana,0,1,1
bwarf,1,0,1
bwarg,1,0,1
bwas,1,2,3
bwat,0,1,1
bway,1,2,3
bwb,3,2,5
bwbl,1,0,1
bwe,4,3,7
bwearnmerfsslll,1,0,1
bwears,0,1,1
bwee,0,1,1
bweeeeoooo,1,0,1
bwehehehe,0,1,1
bwest,0,1,1
bwet,0,1,1
bweuh,1,0,1
bwfcon,1,0,1
bwh,1,0,1
bwhaaha,0,1,1
bwhaahahhaahah,1,0,1
bwhaha,2,1,3
bwhahaaaa,0,1,1
bwhahaha,0,4,4
bwhahahaa,0,1,1
bwhahahah,0,1,1
bwhahahaha,0,3,3
bwhahahahahahahaha,0,1,1
bwhahahahahhaa,0,1,1
bwhite,0,1,1
bwhored,1,0,1
bwi,5,6,11
bwian,1,0,1
bwinleeey,1,0,1
bwiset,1,0,1
bwister,1,0,1
bwittanypoo,0,1,1
bwitter,0,1,1
bwk,1,0,1
bwl,2,0,2
bwlieve,1,0,1
bwm,1,0,1
bwmb,0,1,1
bwn,2,0,2
bwo,0,1,1
bwoah,1,0,1
bwoi,0,2,2
bwoii,1,0,1
bwoke,1,0,1
bwoken,2,0,2
bwood,1,0,1
bwoy,0,2,2
bwr,4,1,5
bwrc,1,1,2
bwring,0,1,1
bwrw,0,1,1
bws,2,3,5
bwt,5,7,12
bwteen,0,1,1
bwtn,1,0,1
bwuaahhgh,1,0,1
bwuahahaha,0,1,1
bwuahahahaha,0,1,1
bwudder,0,1,1
bwugh,1,0,1
bwurk,1,0,1
bwusy,0,1,1
bww,6,7,13
bwweeekk,0,1,1
bwwwwwhahahahaahha,0,1,1
bwy,0,1,1
bwym,0,1,1
bx,27,23,50
bxe,0,1,1
bxhsos,0,1,1
bxl,3,4,7
bxtch,1,3,4
bxtches,0,1,1
bxtchs,0,1,1
bxxxxx,1,0,1
by,12796,12660,25456
bya,1,0,1
byaa,0,1,1
byaaahhhhhh,0,1,1
byaah,0,1,1
byahilo,1,0,1
byakuya,0,1,1
byanca,1,0,1
byang,0,1,1
byar,0,1,1
byasa,0,1,1
byatch,0,1,1
byatt,2,0,2
byb,2,0,2
byby,1,0,1
bybye,1,0,1
bych,1,9,10
bychance,1,0,1
bychkova,0,1,1
bycicle,0,4,4
bycuriousgreg,0,1,1
bycycle,1,0,1
bycycled,1,0,1
byddypress,0,1,1
bydget,1,0,1
bydgoszcz,0,1,1
bye,2320,1737,4057
byeall,1,0,1
byebye,85,40,125
byebyebye,0,1,1
byebyee,0,1,1
byebyees,0,1,1
byebyeq,0,1,1
byebyes,2,0,2
byee,56,113,169
byeebyeess,0,1,1
byeee,42,61,103
byeeebyeee,0,1,1
byeeee,24,25,49
byeeeee,6,15,21
byeeeeee,5,11,16
byeeeeeee,4,4,8
byeeeeeeee,0,2,2
byeeeeeeeee,2,3,5
byeeeeeeeeee,3,3,6
byeeeeeeeeeee,1,2,3
byeeeeeeeeeeee,1,0,1
byeeeeeeeeeeeeee,1,1,2
byeeeeeeeeeeeeeee,1,1,2
byeeeeeeeeeeeeeeee,0,1,1
byeeeeeeeeeeeeeeeee,0,1,1
byeeeeeeeeeeeeeeeeeeeeeee,1,1,2
byeeeeeeeeeeeeeeeeeeeeeeeeeeeeeeeeee,1,0,1
byeeeh,0,1,1
byeeexxx,1,0,1
byees,1,1,2
byeesssss,0,1,1
byeith,1,0,1
byen,0,2,2
byer,0,1,1
byers,1,4,5
byerssss,0,1,1
byerz,0,1,1
byerzzz,0,1,1
byes,31,18,49
byesee,0,1,1
byesie,1,0,1
byess,1,2,3
byet,1,0,1
byetta,1,0,1
byex,1,0,1
byexx,0,1,1
byez,3,4,7
byezz,1,1,2
byezzzzzzz,0,1,1
byfuglien,0,1,1
bygone,1,1,2
byhyhyy,0,1,1
byiee,0,1,1
bying,0,2,2
byk,6,7,13
byke,1,0,1
bykergrove,0,1,1
bykitchten,0,1,1
byl,3,5,8
byla,1,0,1
bylaurenluke,0,1,1
bylaw,1,0,1
bylaws,2,0,2
byle,1,0,1
byline,4,2,6
bylo,2,3,5
bylon,0,2,2
bylsn,1,0,1
byly,0,1,1
bymelissa,1,0,1
bymeselff,1,0,1
bymyself,8,2,10
bynes,1,4,5
bynfg,1,0,1
byng,1,0,1
bynum,3,0,3
byo,0,1,1
byob,2,9,11
byole,0,1,1
byom,0,1,1
byomkesh,0,1,1
byoootiful,0,1,1
byotch,1,1,2
byotp,0,1,1
bypass,22,10,32
bypassed,3,2,5
bypasses,0,1,1
bypassing,3,1,4
byproduct,0,1,1
byr,0,1,1
byramen,0,1,1
byranflurry,0,1,1
byrannya,0,1,1
byrce,0,1,1
byrchall,1,0,1
byrd,3,6,9
byrde,0,1,1
byrdie,1,1,2
byrds,0,2,2
byrdy,0,1,1
byrdz,1,0,1
byres,1,1,2
byrjun,0,1,1
byrne,15,22,37
byrnes,0,2,2
byron,25,15,40
byronhasproblems,1,0,1
byronic,1,1,2
bys,2,4,6
bysee,0,1,1
bysons,1,0,1
bysshe,0,1,1
bystander,2,1,3
bystanders,1,4,5
byt,6,3,9
bytch,2,2,4
bytches,1,1,2
byte,5,2,7
bytecode,1,1,2
bytemark,2,0,2
bytes,6,9,15
bytesize,1,0,1
bythe,1,0,1
bythen,1,0,1
bytheway,3,7,10
bytowne,0,1,1
bytw,1,1,2
byu,5,1,6
byue,1,0,1
byw,1,1,2
byways,0,1,1
byy,3,4,7
byye,2,2,4
byyee,2,2,4
byyeee,4,4,8
byyeeee,1,2,3
byyy,4,3,7
byyye,0,3,3
byyyee,0,3,3
byyyeeee,1,1,2
byyyy,2,2,4
byyyye,1,0,1
byyyyeeee,0,1,1
byyyyeeeee,1,0,1
byyyyy,1,0,1
byyyyye,0,1,1
byyyyyeeeee,0,1,1
byyyyyeeeeee,1,0,1
byyyyyy,0,1,1
byyyyyyye,0,1,1
byyyyyyyye,1,1,2
byyyyyyyyyyeeeeeeeeeeee,0,1,1
byz,0,2,2
byzantine,1,0,1
bz,23,21,44
bzb,1,0,1
bzbzbz,0,1,1
bzlr,1,0,1
bzness,0,1,1
bzns,1,0,1
bznz,0,1,1
bzowy,0,1,1
bzp,0,1,1
bzr,2,1,3
bzt,0,1,1
bzw,2,2,4
bzws,0,1,1
bzy,3,3,6
bzz,2,3,5
bzzagent,0,2,2
bzzreports,0,1,1
bzzt,1,0,1
bzzzz,0,3,3
bzzzzz,0,2,2
bzzzzzz,0,1,1
bzzzzzzzzzz,0,1,1
ca,391,337,728
caa,3,1,4
caaa,0,1,1
caaaa,0,1,1
caaaaaa,0,1,1
caaaaaaaaaaaaaaaaaaaaaaa,0,1,1
caaaaaaaaaaaaaaaaaaaaaaaaan,1,0,1
caaaaaaaaaaaaaaaaan,0,1,1
caaaaaaaaaan,1,0,1
caaaaaaaandy,0,1,1
caaaaaaamp,0,1,1
caaaaaaant,0,1,1
caaaaaannn,1,0,1
caaaaaant,2,1,3
caaaaaash,1,0,1
caaaaamping,0,1,1
caaaaan,2,1,3
caaaaannnooonnn,0,1,1
caaaaar,1,1,2
caaaaass,0,1,1
caaaaats,0,1,1
caaaaause,0,1,1
caaaade,0,1,1
caaaake,1,0,1
caaaall,1,0,1
caaaallateeee,0,1,1
caaaamping,0,1,1
caaaan,2,2,4
caaaannooonnn,0,1,1
caaaant,2,1,3
caaaar,1,0,1
caaaare,0,1,1
caaaareful,1,0,1
caaaarrrvery,0,1,1
caaaash,1,0,1
caaaat,0,1,1
caaaats,1,0,1
caaaause,2,0,2
caaab,0,2,2
caaake,1,1,2
caaall,1,1,2
caaalm,1,0,1
caaan,3,2,5
caaannntt,1,0,1
caaant,1,1,2
caaar,0,1,1
caaareee,0,1,1
caag,1,0,1
caalie,0,1,1
caall,1,0,1
caam,1,0,1
caamaaaa,0,1,1
caame,1,0,1
caan,2,3,5
caann,1,0,1
caannn,1,0,1
caanot,0,1,1
caant,6,4,10
caar,1,1,2
caarn,0,1,1
caattyyyy,1,0,1
caause,3,0,3
caaute,0,1,1
caax,1,0,1
cab,299,175,474
caba,1,0,1
cabacungan,1,0,1
cabage,0,1,1
cabal,1,1,2
caban,0,2,2
cabana,11,14,25
cabanaaaaaa,1,0,1
cabanas,1,1,2
cabanatuan,0,1,1
cabane,0,1,1
cabapps,0,1,1
cabaret,9,18,27
cabarete,1,0,1
cabasa,0,2,2
cabazon,1,2,3
cabbabies,1,0,1
cabbage,20,22,42
cabbaged,1,0,1
cabbageing,0,1,1
cabbagepatchkissing,1,0,1
cabbages,1,2,3
cabbagetown,0,1,1
cabbbb,0,1,1
cabbed,1,0,1
cabbie,5,5,10
cabbies,0,2,2
cabbin,1,0,1
cabbing,4,1,5
cabbins,1,0,1
cabby,2,0,2
cabdriver,1,0,1
cabe,2,0,2
cabel,2,1,3
cabelas,1,1,2
cabellas,1,1,2
cabello,0,1,1
cabelodealgod,1,0,1
caber,0,2,2
cabera,0,1,1
caberet,1,1,2
cabernet,7,10,17
cabesa,1,0,1
cabeza,4,1,5
cabfranc,0,1,1
cabi,0,1,1
cabibbo,0,1,1
cabiling,1,0,1
cabin,67,67,134
cabina,1,0,1
cabinet,49,35,84
cabinets,12,13,25
cabinn,0,1,1
cabins,2,8,10
cabisadas,1,0,1
cabisodes,1,0,1
cabl,0,1,1
cable,667,191,858
cablecom,1,0,1
cabled,2,1,3
cables,44,18,62
cabletangle,1,0,1
cabletv,1,1,2
cablevision,7,3,10
cabling,1,1,2
cabn,0,1,1
cabnet,3,0,3
cabnets,1,0,1
cabo,21,15,36
cabochons,1,0,1
cabonara,1,0,1
caboodle,2,0,2
caboolture,0,2,2
caboom,0,1,1
caboose,1,1,2
cabooze,1,0,1
caborca,1,0,1
cabos,2,1,3
cabosanlucas,1,0,1
cabot,2,6,8
cabou,1,0,1
cabra,1,1,2
cabrales,0,1,1
cabrera,4,11,15
cabrewering,0,1,1
cabrillo,0,1,1
cabrini,0,1,1
cabrio,0,6,6
cabriolet,1,1,2
cabriolets,0,1,1
cabroes,0,1,1
cabron,1,2,3
cabrona,0,1,1
cabrones,1,0,1
cabs,17,6,23
cabt,1,0,1
cabury,1,0,1
cabut,3,3,6
cabutan,1,0,1
cabuyao,1,0,1
cac,3,2,5
caca,7,7,14
cacaas,1,0,1
cacahou,0,1,1
cacahuates,1,0,1
cacampaign,0,1,1
cacao,1,5,6
cacar,0,1,1
cacarock,0,1,1
cacas,0,2,2
cacass,0,1,1
cacassi,0,1,1
cacat,2,0,2
cacciatore,0,1,1
caccini,0,1,1
cacee,0,1,1
cacelius,0,1,1
caceta,1,1,2
cacey,1,0,1
cacha,1,1,2
cachapples,1,0,1
cacharel,0,1,1
cache,46,43,89
cached,8,2,10
cacheee,1,0,1
cachelle,0,1,1
cachemate,1,0,1
cachemobile,0,1,1
caches,18,12,30
cachetes,1,0,1
cachetic,1,0,1
cachiato,0,1,1
cachiks,0,1,1
caching,15,12,27
cachis,2,0,2
cachito,0,1,1
cachoeria,0,1,1
caci,0,1,1
cacie,0,1,1
cacingan,0,1,1
cacio,1,0,1
cack,2,8,10
cacked,2,1,3
cackin,1,0,1
cacking,2,0,2
cackkboxasss,1,0,1
cackle,2,1,3
cackled,1,0,1
cackles,0,1,1
cackling,3,8,11
cacks,0,1,1
cacky,0,1,1
cacoon,1,0,1
cacophony,0,1,1
cacos,0,1,1
cacs,0,3,3
cact,1,0,1
cactaur,1,0,1
cacth,1,0,1
cacthes,1,0,1
cacti,6,4,10
cactuar,0,1,1
cactus,18,15,33
cactuses,0,1,1
cactwites,0,1,1
cacuts,0,1,1
cad,19,13,32
cada,1,0,1
cadaverous,2,0,2
cadavers,1,1,2
cadbury,29,24,53
cadburys,3,10,13
caddie,2,0,2
caddies,1,1,2
cadding,0,1,1
caddis,1,0,1
caddo,1,2,3
caddy,5,14,19
caddying,0,1,1
caddys,0,1,1
caddyshack,0,3,3
cade,7,4,11
cadeee,1,0,1
cadegoestocollege,1,0,1
cadel,1,0,1
cadellsss,0,1,1
caden,3,9,12
cadena,1,0,1
cadence,5,3,8
cadenet,1,1,2
caderno,1,0,1
cadet,5,6,11
cadetes,1,0,1
cadets,0,4,4
cadette,0,1,1
cadge,0,1,1
cadi,2,0,2
cadigan,1,0,1
cadilac,1,0,1
cadillac,16,18,34
cadillacs,0,1,1
cadistra,0,1,1
cadiz,0,2,2
cadogan,0,1,1
cadou,0,1,1
cadre,1,1,2
cadshjgkjgfbfsadryeuyjngb,0,1,1
caduceus,0,1,1
cadwell,1,0,1
cady,2,1,3
cae,4,5,9
caedmon,0,1,1
caeds,1,0,1
caek,3,3,6
cael,0,1,1
caelen,0,1,1
caelie,0,1,1
caely,1,0,1
caelyn,1,0,1
caemo,0,1,1
caen,0,1,1
caenarfon,0,1,1
caephilly,0,1,1
caer,2,1,3
caerdydd,1,1,2
caernarfon,0,2,2
caeron,1,0,1
caerphilly,1,3,4
caes,1,1,2
caesar,13,24,37
caesaran,1,0,1
caesarr,1,0,1
caesars,8,2,10
caeser,0,1,1
caesers,1,2,3
caf,18,56,74
cafarelli,0,1,1
cafe,256,385,641
cafea,1,0,1
cafecito,0,1,1
cafee,1,0,1
cafehandmade,1,0,1
cafeine,0,4,4
cafemom,0,1,1
cafepress,4,10,14
cafepressfail,1,0,1
cafes,4,11,15
cafetaria,2,2,4
cafeteria,33,24,57
cafeterias,1,0,1
cafetiere,0,1,1
cafezinho,1,0,1
cafezique,0,1,1
caff,2,1,3
caffaine,0,2,2
caffe,5,6,11
caffee,0,4,4
caffeeine,0,1,1
caffein,0,1,1
caffeinate,1,0,1
caffeinated,9,17,26
caffeinating,1,1,2
caffeination,0,1,1
caffeine,198,169,367
caffeinehit,1,0,1
caffeinejunky,0,1,1
caffenated,0,1,1
caffene,1,1,2
caffery,0,2,2
caffieene,1,0,1
caffien,1,0,1
caffienated,1,0,1
caffiend,2,0,2
caffiene,20,16,36
caffinated,3,1,4
caffine,18,20,38
caffino,0,1,1
caffuffle,1,0,1
cafine,0,1,1
cafitiere,1,0,1
cafs,4,1,5
caft,1,0,1
cag,3,3,6
caga,1,0,1
cagada,1,0,1
cagalawan,1,0,1
cagar,1,0,1
cagayan,2,5,7
cagcast,1,2,3
cage,122,93,215
cageandringmagazine,0,1,1
cageball,0,1,1
caged,6,4,10
cagefighting,1,1,2
cagematch,1,1,2
cagerattle,1,0,1
cages,27,15,42
cagey,0,2,2
caging,0,2,2
cagliari,2,3,5
cago,1,0,1
cagora,0,1,1
cague,1,0,1
cagurangan,1,0,1
cah,4,6,10
cahaba,1,0,1
cahalan,0,1,1
cahey,0,1,1
cahful,0,1,1
cahgne,1,0,1
cahill,3,8,11
cahins,1,0,1
cahir,0,1,1
cahla,0,2,2
cahm,1,0,1
cahmpionships,0,1,1
cahnge,2,0,2
cahnged,1,0,1
cahntilli,1,0,1
cahoots,0,1,1
cahr,0,1,1
cahrity,1,0,1
cahrlie,0,1,1
cahs,1,0,1
cahsee,0,1,1
cahsier,1,0,1
cahuenga,1,1,2
cahy,0,1,1
cai,7,4,11
caibbean,1,0,1
caicilius,0,1,1
caicos,2,2,4
caiden,1,1,2
caido,1,1,2
caie,1,0,1
caifornia,0,1,1
caight,1,0,1
caigo,1,0,1
cailah,1,0,1
cailin,4,2,6
cailinnn,1,0,1
caillat,2,9,11
caillou,1,1,2
cailtin,0,1,1
cailyn,2,0,2
caimbridge,1,0,1
cain,9,5,14
caindo,0,1,1
caine,10,2,12
caining,0,1,1
caint,4,4,8
cainta,2,1,3
cainwasable,1,0,1
caio,3,1,4
caipirinha,3,2,5
caipirinhas,2,1,3
caipirovka,0,1,1
caipis,1,0,1
cair,0,1,1
cairdeas,1,0,1
cairn,2,1,3
cairnes,0,1,1
cairngorm,2,1,3
cairns,7,13,20
cairo,18,20,38
cairon,42,5,47
cairons,2,0,2
cairos,0,1,1
cairospeech,2,1,3
cairun,1,0,1
caisse,1,1,2
cait,11,19,30
caite,2,0,2
caitering,1,0,1
caiters,0,2,2
caithness,2,2,4
caithya,1,0,1
caitie,3,3,6
caitios,0,1,1
caititastic,0,2,2
caitlen,0,1,1
caitlin,37,64,101
caitline,0,1,1
caitlins,2,2,4
caitlinxoxoxo,0,2,2
caitly,1,0,1
caitlyn,13,16,29
caitlynns,0,1,1
caitlyns,0,1,1
caitrin,1,0,1
caitriona,1,0,1
caits,1,1,2
caity,8,5,13
caitylin,1,0,1
caityy,1,0,1
caiu,5,0,5
caius,0,1,1
cajal,0,1,1
cajipe,0,1,1
cajmere,0,1,1
cajole,0,2,2
cajoled,0,1,1
cajon,8,8,16
cajones,0,1,1
cajons,0,1,1
cajouling,0,1,1
cajuan,0,1,1
cajun,9,16,25
cajuns,0,1,1
cajuzinho,0,1,1
cak,4,0,4
cakage,1,0,1
cakalak,1,0,1
cakap,2,1,3
cake,965,1490,2455
cakebread,0,1,1
caked,6,2,8
cakeday,1,0,1
cakee,1,7,8
cakeeaters,1,0,1
cakeee,0,1,1
cakeeee,0,2,2
cakeeeee,1,1,2
cakefest,2,0,2
cakeinamug,0,1,1
cakelicious,0,1,1
cakelyts,0,1,1
cakenya,1,0,1
cakep,1,1,2
cakephp,6,9,15
cakeporn,1,0,1
cakerooms,1,0,1
cakers,1,0,1
cakery,0,1,1
cakes,155,235,390
cakespam,0,1,1
cakespy,1,0,1
cakestand,1,0,1
cakesx,1,0,1
cakewalk,0,2,2
cakey,5,2,7
cakin,6,2,8
caking,1,1,2
cakit,1,0,1
cakkeee,0,1,1
cakkidi,0,1,1
cakkie,0,1,1
cakkkkeeee,1,0,1
caklar,1,0,1
cakss,0,1,1
cakwe,0,1,1
cal,92,98,190
cala,1,1,2
calab,0,1,1
calabasas,1,0,1
calabash,0,1,1
calabassas,1,0,1
calabaza,1,0,1
calabrese,0,1,1
calabria,0,2,2
calacanis,0,1,1
caladesi,0,1,1
caladiums,1,0,1
caladryl,1,0,1
calafia,0,1,1
calaforinia,0,1,1
calahan,1,0,1
calais,1,1,2
calallen,1,0,1
calaloo,0,2,2
calamansi,2,0,2
calamari,3,13,16
calamaris,0,1,1
calamba,0,1,1
calamine,6,3,9
calamiteit,0,1,1
calamities,0,1,1
calamitous,1,0,1
calamity,5,4,9
calan,1,0,1
calander,2,5,7
calandro,0,1,1
calanques,0,1,1
calar,1,0,1
calarese,0,1,1
calaveras,1,1,2
calaycay,0,1,1
calbee,0,1,1
calc,36,14,50
calcarcover,1,0,1
calcarrie,0,1,1
calcifar,0,1,1
calcified,1,0,1
calcio,1,2,3
calciotweet,0,1,1
calcium,11,7,18
calcot,1,0,1
calcpacouncil,1,0,1
calcs,1,0,1
calcu,0,1,1
calcualtor,1,1,2
calculate,5,14,19
calculated,15,9,24
calculater,1,0,1
calculates,0,1,1
calculating,8,16,24
calculation,2,3,5
calculations,16,11,27
calculator,45,28,73
calculators,7,4,11
calculatorsville,1,0,1
calcule,0,1,1
calculus,41,24,65
calcutta,9,2,11
cald,1,0,1
calda,2,0,2
caldari,1,0,1
caldav,5,1,6
caldecott,1,0,1
calder,5,2,7
caldera,1,0,1
caldereta,0,2,2
calderon,3,1,4
caldo,0,2,2
caldr,0,1,1
caldrons,0,2,2
caldwell,2,1,3
cale,1,9,10
calea,1,0,1
caleaner,0,1,1
caleb,39,64,103
calebar,0,1,1
calebbbbb,0,1,1
calebftsk,1,0,1
calebs,4,2,6
caled,0,1,1
caledonia,2,7,9
caledonian,2,0,2
calee,0,1,1
caleg,0,1,1
caleigh,0,1,1
caleighs,0,1,1
calen,0,1,1
calendar,128,134,262
calendario,0,1,1
calendars,16,13,29
calender,19,28,47
calenders,2,2,4
calendimaggio,0,1,1
calendula,0,2,2
calener,0,1,1
calentamiento,0,1,1
caler,1,0,1
cales,0,1,1
calesses,0,1,1
calexico,2,0,2
caley,4,4,8
caleyland,1,0,1
calf,68,14,82
calfed,1,0,1
calfiornia,0,1,1
calfornia,2,0,2
calfornians,1,0,1
calfs,1,3,4
calgarian,0,2,2
calgarians,0,1,1
calgary,63,43,106
calgel,1,0,1
calgon,8,2,10
calhar,0,1,1
calhoun,4,2,6
calhouns,0,1,1
cali,503,417,920
calibe,1,0,1
caliber,1,3,4
caliberry,0,1,1
calibers,1,0,1
calibrate,3,1,4
calibrated,1,3,4
calibration,8,4,12
calibrations,1,0,1
calibrator,1,0,1
calibre,3,1,4
calibs,1,0,1
calibur,4,1,5
caliburn,1,0,1
caliburns,0,1,1
caliburrito,0,1,1
calice,1,0,1
caliche,1,0,1
caliches,0,1,1
calico,2,7,9
calicon,2,0,2
calicut,1,3,4
calidornia,3,11,14
calidornians,0,1,1
calie,0,2,2
caliente,3,5,8
calientita,1,0,1
calientr,0,1,1
calif,8,13,21
califer,0,1,1
califlour,0,1,1
califlower,1,0,1
califonia,2,1,3
califorina,2,1,3
california,467,381,848
californiaa,1,0,1
californiaaa,1,3,4
californiaaaa,0,2,2
californiaaaaa,0,2,2
californiaaaaaaaaaa,0,1,1
californian,5,11,16
californians,3,1,4
californication,3,7,10
californina,1,0,1
californis,1,0,1
califorrrrrnia,0,1,1
califronia,1,1,2
califroniaaa,0,1,1
califs,1,0,1
califur,1,0,1
caligirl,0,1,1
caligirls,0,1,1
caligner,1,0,1
caligraphy,1,0,1
calii,0,2,2
caliiforniia,2,0,2
caliii,1,0,1
caliiii,1,0,1
caliiiiifornia,1,0,1
caliiiiiforniaaaa,0,1,1
caliiiiiii,1,0,1
calilewis,0,1,1
calilive,0,1,1
calim,0,1,1
calimari,1,0,1
calimesa,1,0,1
calin,0,1,1
calinetics,0,1,1
caling,2,3,5
calipari,0,2,2
caliper,3,0,3
calipers,1,0,1
calipo,0,1,1
calippo,1,2,3
calippos,1,0,1
caliraya,1,1,2
calirayaaa,1,0,1
calis,1,2,3
calishfornia,0,1,1
calisse,1,0,1
calista,1,0,1
calister,0,1,1
calisthenics,0,1,1
calistoga,1,0,1
calistyle,0,2,2
calitate,0,1,1
calithings,1,0,1
caliwas,1,0,1
calixto,1,0,1
calk,0,1,1
calke,0,1,1
calkins,0,1,1
call,4415,4091,8506
calla,4,4,8
callabasses,0,1,1
callabo,0,1,1
callaboration,1,0,1
callaghan,0,6,6
callahan,4,6,10
callahansclevelanddiary,0,1,1
callait,1,1,2
callalily,1,0,1
callam,0,1,1
callan,1,4,5
callander,2,1,3
callanta,0,1,1
callantsoog,0,1,1
callapse,0,1,1
callard,1,0,1
callased,0,1,1
callate,1,0,1
callaway,0,1,1
callay,0,1,1
callback,9,8,17
callbacks,6,7,13
callbook,1,0,1
callcenters,1,0,1
calld,9,1,10
calle,3,7,10
called,2334,1958,4292
calledly,1,0,1
calleds,0,1,1
calleen,1,0,1
calleigh,0,1,1
callen,0,3,3
callendar,1,0,1
callender,2,2,4
callenders,1,0,1
callendra,0,1,1
callenge,0,1,1
caller,35,18,53
callers,11,7,18
callertext,1,0,1
callery,0,1,1
calles,0,2,2
calleth,1,1,2
callfm,0,1,1
callgirl,1,0,1
calli,1,3,4
callica,1,0,1
callie,7,12,19
callies,0,1,1
callig,1,1,2
callign,1,0,1
calligraphy,1,1,2
calliii,1,0,1
calliiii,0,1,1
callin,94,72,166
callinb,0,1,1
callind,1,0,1
callinf,1,0,1
calling,816,700,1516
callinggg,1,0,1
callinnggg,0,1,1
callinq,0,2,2
calliou,0,1,1
callipo,1,1,2
callister,1,0,1
callisto,0,1,1
calll,9,6,15
calllin,0,1,1
callling,0,1,1
callll,2,4,6
calllling,0,1,1
calllll,2,1,3
calllllll,1,1,2
calllllmeeee,1,0,1
callls,1,0,1
callme,1,1,2
callmee,0,1,1
calln,6,3,9
callng,1,0,1
callnow,1,0,1
callo,1,0,1
callofduty,1,0,1
callooh,0,1,1
callors,1,0,1
callos,0,1,1
callosping,1,0,1
callous,1,0,1
calloused,0,1,1
callouses,3,2,5
callout,4,2,6
calloway,1,1,2
callows,1,0,1
calls,769,526,1295
callsheet,0,1,1
callsign,0,1,1
calltime,1,1,2
callugod,1,0,1
callum,16,8,24
callun,1,0,1
callung,1,0,1
callused,1,1,2
calluses,6,1,7
cally,4,4,8
callz,0,1,1
calm,169,293,462
calmac,1,0,1
calmd,0,1,1
calmed,12,29,41
calmer,3,10,13
calmin,2,1,3
calming,12,58,70
calmish,0,1,1
calmly,1,4,5
calmm,1,2,3
calmmm,0,1,1
calmmy,1,0,1
calmn,1,0,1
calmness,0,5,5
calmo,0,1,1
calms,4,12,16
calmund,0,1,1
calo,2,0,2
calob,0,1,1
calom,0,1,1
calombaris,0,1,1
calon,3,1,4
calonita,0,1,1
caloocan,0,2,2
caloooor,1,0,1
calor,2,3,5
caloric,2,1,3
calorie,36,18,54
calories,123,114,237
calorific,1,1,2
caloundra,0,1,1
caloy,1,2,3
calp,0,1,1
calpico,0,1,1
calpis,1,0,1
calpol,8,2,10
calrg,1,0,1
calrissian,0,1,1
cals,18,12,30
calshakes,1,0,1
calso,0,1,1
calss,2,1,3
calssification,0,1,1
calstate,0,1,1
caltex,0,1,1
caltrain,8,4,12
caltrains,1,0,1
caltrans,1,0,1
calubayan,0,1,1
caludine,0,1,1
calum,3,6,9
caluma,0,1,1
calumet,2,0,2
calumetphoto,0,1,1
calums,0,1,1
calv,1,0,1
calvaliers,1,0,1
calvanism,0,1,1
calvary,4,7,11
calve,2,2,4
calvert,1,1,2
calves,34,11,45
calvin,41,62,103
calvinandpaul,1,0,1
calvine,0,1,1
calving,1,0,1
calvinism,1,1,2
calvinnnnn,1,0,1
calvins,1,1,2
calvn,0,1,1
calvy,1,0,1
calworks,1,0,1
calyn,0,1,1
calypso,4,2,6
calysta,0,1,1
calyx,0,1,1
calzaghe,1,0,1
calzedonia,0,1,1
calzone,6,8,14
calzones,1,1,2
calzonne,0,1,1
cam,243,261,504
cama,0,4,4
camacho,0,1,1
camalot,1,0,1
camambert,2,0,2
camamilla,0,1,1
camana,1,1,2
camano,1,0,1
camar,0,1,1
camara,10,7,17
camaraa,1,0,1
camaraderie,0,3,3
camarcus,1,0,1
camarillo,4,1,5
camaro,21,13,34
camaros,0,1,1
camay,0,1,1
camb,0,1,1
cambada,0,1,1
cambam,0,1,1
cambel,1,0,1
cambell,0,4,4
cambeltown,1,0,1
camber,2,1,3
camberley,3,0,3
cambers,1,0,1
camberwell,1,3,4
cambff,0,1,1
cambi,0,1,1
cambiar,0,1,1
cambie,2,2,4
cambio,0,1,1
camble,0,1,1
cambo,2,1,3
cambodately,0,1,1
cambodia,3,11,14
cambodian,6,3,9
camboulay,1,0,1
cambre,0,1,1
cambria,9,6,15
cambrian,0,1,1
cambridge,67,54,121
cambridgeshire,2,4,6
cambridgetechdemonight,0,1,1
cambrient,0,1,1
cambrills,1,0,1
cambros,1,0,1
cambs,3,2,5
camc,1,0,1
camcord,1,0,1
camcorder,29,18,47
camcorders,1,0,1
camd,0,1,1
camden,51,57,108
camdenton,2,1,3
camdyn,1,0,1
came,3203,2790,5993
cameback,1,0,1
camed,0,2,2
camee,2,3,5
cameec,0,1,1
cameee,1,1,2
cameeee,0,1,1
cameeeeeeeeee,1,0,1
cameemee,1,0,1
camehome,0,1,1
camel,19,24,43
camelback,1,5,6
camelbak,1,1,2
camelbeach,0,1,1
cameleon,1,1,2
camelia,1,3,4
camelias,0,1,1
camellia,0,1,1
camelot,3,3,6
camels,2,8,10
camembert,2,1,3
cameo,16,35,51
cameon,1,0,1
cameos,4,5,9
cameout,0,1,1
camer,1,0,1
camera,1478,879,2357
cameraa,3,2,5
cameraaa,1,3,4
cameraaaa,1,3,4
camerabag,1,2,3
camerabatterij,0,1,1
cameracrew,0,1,1
camerafail,1,0,1
camerakit,1,0,1
cameraless,1,0,1
cameraman,6,4,10
cameramuteapp,1,0,1
cameran,1,0,1
cameraphone,2,3,5
cameraphones,0,1,1
cameras,92,90,182
cameraslingers,0,1,1
camerata,0,1,1
cameren,0,2,2
camerlango,0,1,1
camero,3,1,4
camerom,1,0,1
cameron,53,75,128
cameronernst,0,1,1
camerons,1,1,2
cameroon,3,3,6
cameros,1,0,1
cames,2,3,5
cameup,0,1,1
camfrog,0,1,1
camgirl,1,0,1
camground,0,1,1
cami,16,11,27
camian,0,1,1
camic,0,1,1
camie,0,1,1
camigo,1,0,1
camiguin,4,1,5
camii,0,1,1
camiiiii,0,1,1
camiiiiille,1,0,1
camiiille,0,1,1
camil,0,1,1
camila,9,2,11
camilla,34,26,60
camille,5,27,32
camilles,2,0,2
camillia,1,1,2
camillieri,0,1,1
camillle,0,1,1
camilllee,1,0,1
camillo,0,1,1
camillus,0,1,1
camilly,1,0,1
camilo,1,1,2
camin,0,1,1
caming,0,1,1
caminker,1,0,1
camino,4,10,14
caminos,1,1,2
camior,0,1,1
camiping,1,0,1
camisado,0,2,2
camiseta,0,1,1
camisetas,0,1,1
camisole,0,1,1
camita,2,0,2
camlo,0,1,1
cammed,1,2,3
cammee,1,0,1
cammeray,0,1,1
cammi,1,0,1
cammie,1,6,7
camming,1,2,3
cammit,1,0,1
cammmp,1,0,1
cammo,1,0,1
cammomile,0,1,1
cammon,0,1,1
cammppaa,1,0,1
cammy,2,5,7
cammykins,0,1,1
camnapped,1,0,1
camne,0,1,1
camnryn,0,1,1
camo,5,6,11
camoflauges,0,1,1
camogie,1,0,1
camomile,6,5,11
camon,0,1,1
camona,0,1,1
camool,0,1,1
camordsildevmisspennper,0,1,1
camotez,1,0,1
camouflage,2,3,5
camown,0,1,1
camp,1009,766,1775
campagina,1,0,1
campaholic,1,0,1
campaign,65,149,214
campaigned,1,1,2
campaigners,2,0,2
campaigning,10,9,19
campaigns,5,13,18
campain,2,1,3
campaining,0,2,2
campaknya,1,0,1
campanelli,0,1,1
campanha,0,1,1
campania,0,1,1
campaniile,0,1,1
campanile,1,0,1
campare,1,0,1
campari,0,2,2
campbell,29,32,61
campbells,3,5,8
campbellton,0,1,1
campbelltown,2,0,2
campbellwil,0,1,1
campcourage,1,0,1
camped,12,12,24
campello,2,0,2
campening,1,0,1
campeonato,0,1,1
campeones,0,1,1
camper,93,66,159
campero,0,2,2
campers,21,33,54
campervan,1,1,2
campesinos,2,3,5
campfest,1,0,1
campfire,18,34,52
campfires,3,1,4
campground,9,3,12
campgrounds,2,3,5
campie,0,1,1
campier,1,0,1
campies,2,0,2
campin,6,10,16
campinas,1,0,1
camping,338,361,699
campinggggggg,0,1,1
campingtrip,0,1,1
campinng,1,0,1
campinnggg,1,0,1
campionship,1,0,1
campirinha,0,1,1
campisi,0,2,2
campjitterbug,1,0,1
campleting,0,1,1
campmeeting,3,1,4
campmor,1,0,1
campo,0,7,7
campofiorin,0,1,1
campona,0,1,1
camporee,0,1,1
campos,1,6,7
campout,7,9,16
campouts,1,0,1
campp,1,2,3
campping,0,1,1
camppingg,0,1,1
campr,1,0,1
camprock,1,1,2
camps,34,19,53
campsie,0,1,1
campsite,12,10,22
campsites,3,2,5
campton,0,1,1
campulung,0,1,1
campur,0,3,3
campus,191,133,324
campusbeef,0,1,1
campuse,1,0,1
campuses,2,2,4
campusrock,0,1,1
campussss,0,1,1
campusssss,0,1,1
campustown,0,1,1
campuswidgets,2,0,2
campy,3,3,6
camra,3,2,5
camrea,1,0,1
camrin,0,1,1
camron,2,0,2
camrose,0,2,2
camry,6,3,9
camryn,2,0,2
camryy,1,0,1
cams,15,18,33
camshift,1,0,1
camsis,1,0,1
camstreams,0,1,1
camsur,2,4,6
camt,0,1,1
camtasia,2,3,5
camua,0,1,1
camus,1,2,3
camwaaaaaah,1,0,1
camwhore,0,2,2
camwhoring,1,2,3
camy,0,3,3
camz,2,3,5
camzi,0,1,1
can,52311,41462,93773
cana,10,6,16
canaan,0,1,1
canad,1,1,2
canada,672,449,1121
canadaaaa,0,3,3
canadaaaaa,0,1,1
canadaaaaaaaaaaaaa,1,0,1
canadain,0,1,1
canadaland,1,1,2
canadamigos,0,1,1
canadas,2,5,7
canadia,2,3,5
canadialand,1,0,1
canadian,137,146,283
canadiancountrymusic,0,1,1
canadiangir,3,1,4
canadianna,0,1,1
canadians,32,32,64
canadien,1,1,2
canadiens,3,2,5
canai,1,3,4
canal,111,57,168
canale,1,1,2
canaletto,0,1,1
canalgasms,0,1,1
canalmail,0,1,1
canalphones,1,1,2
canals,9,9,18
canalsrun,0,1,1
canalway,0,1,1
canandaigua,0,1,1
canapes,0,2,2
canara,0,1,1
canard,0,2,2
canaria,4,8,12
canariaaaaaaaaaa,0,1,1
canarias,0,1,1
canaries,1,4,5
canario,1,0,1
canaro,1,0,1
canarsie,2,3,5
canarvin,0,1,1
canary,13,19,32
canarywharf,0,1,1
canas,0,1,1
canasta,0,5,5
canaveral,1,4,5
canavral,1,0,1
canazarro,0,1,1
canberra,43,42,85
canbget,1,0,1
canboring,0,1,1
canbrah,0,1,1
canbu,1,0,1
canby,2,0,2
canc,1,0,1
cancadians,0,1,1
cancald,1,0,1
cancan,2,0,2
canccel,1,0,1
cance,2,0,2
cancel,428,58,486
cancelado,1,0,1
cancelaram,1,0,1
cancelation,4,1,5
cancelations,1,0,1
canceld,3,1,4
cancele,1,0,1
canceled,524,49,573
cancelin,1,0,1
canceling,38,3,41
cancell,5,1,6
cancellation,41,9,50
cancellations,5,4,9
cancelld,2,0,2
cancelled,1291,112,1403
cancelledd,1,1,2
cancelling,57,10,67
cancellled,2,0,2
cancels,18,2,20
cancer,595,189,784
cancercoffee,1,0,1
cancerfree,1,0,1
cancerian,0,1,1
cancerous,3,0,3
cancerrrrrrr,0,1,1
cancers,2,6,8
cancersucks,1,0,1
cancertown,0,3,3
canci,4,1,5
cancion,3,4,7
cancld,1,0,1
cancle,3,0,3
cancled,16,1,17
cancledd,0,1,1
canclled,2,0,2
cancom,0,1,1
cancon,0,1,1
cancuks,1,1,2
cancun,36,21,57
cand,7,14,21
candaa,0,1,1
candabear,1,0,1
candace,9,19,28
candaceparker,1,0,1
candaceqc,0,1,1
candamir,1,0,1
candel,1,0,1
candela,0,2,2
candelabra,0,1,1
candellight,0,1,1
candelpower,0,1,1
candem,0,2,2
candenza,0,1,1
candeo,1,0,1
cander,1,0,1
candi,2,9,11
candian,1,1,2
candians,1,0,1
candice,26,24,50
candices,0,1,1
candid,5,15,20
candida,1,0,1
candidacy,0,1,1
candidas,1,0,1
candidate,28,31,59
candidates,10,16,26
candidature,2,0,2
candidcamer,0,1,1
candidpaul,1,0,1
candids,1,1,2
candie,1,0,1
candied,3,1,4
candien,0,1,1
candies,25,27,52
candiiiiiii,0,1,1
candipye,0,1,1
candis,0,4,4
candle,45,55,100
candlebox,1,0,1
candlecake,0,1,1
candlelight,6,11,17
candlelit,1,2,3
candlemaking,0,1,1
candles,42,113,155
candlestick,2,0,2
candlewick,0,1,1
candling,2,0,2
cando,1,0,1
candomble,0,1,1
candon,2,0,2
candor,1,3,4
candra,1,0,1
candrea,1,0,1
candrika,1,0,1
cands,0,1,1
candy,306,424,730
candyaddicted,0,1,1
candyasses,0,1,1
candybar,5,6,11
candybars,2,2,4
candycane,0,2,2
candycoated,1,0,1
candycraver,2,0,2
candyfloss,3,1,4
candyforever,0,1,1
candygirls,1,0,1
candykay,0,1,1
candyland,2,4,6
candyless,2,1,3
candymag,0,2,2
candyman,2,3,5
candymannn,0,1,1
candyo,0,1,1
candyrain,0,1,1
candyrat,0,1,1
candys,1,1,2
candyshell,1,3,4
candyshop,1,2,3
candyskin,0,1,1
candystand,1,0,1
candytech,0,1,1
candytron,1,0,1
candyvision,1,0,1
candyy,1,4,5
candyyy,0,3,3
cane,34,35,69
canea,1,0,1
canecel,3,0,3
caned,0,1,1
caneiros,0,2,2
canel,0,1,1
canela,0,1,1
canele,0,1,1
canelita,0,1,1
canell,0,1,1
canepa,0,1,1
caner,0,1,1
canes,15,8,23
canespace,0,1,1
canetoads,0,1,1
caneuon,0,1,1
canfield,0,2,2
canfields,0,1,1
cangames,1,0,1
canged,0,2,2
canges,1,0,1
canggeeh,0,1,1
canggih,0,1,1
canggung,0,1,1
cangkulan,1,0,1
cango,1,0,1
canh,0,3,3
canhave,0,1,1
canhelpu,0,1,1
cani,3,2,5
canibals,0,1,1
canidate,0,1,1
canie,0,1,1
canine,8,7,15
canines,1,0,1
caning,3,1,4
canisius,1,0,1
canister,1,0,1
canisters,0,1,1
canits,1,0,1
canjam,0,1,1
canjeero,0,1,1
canjet,1,0,1
cankar,1,0,1
canker,11,0,11
cankle,5,0,5
cankles,4,1,5
canley,1,0,1
canlit,1,0,1
canlt,2,1,3
canm,1,0,1
canmore,1,2,3
cann,10,13,23
canna,5,1,6
cannabilism,1,0,1
cannabis,2,8,10
cannablessings,0,1,1
cannae,19,4,23
cannavaro,0,1,1
cannay,1,0,1
canne,2,1,3
cannea,1,0,1
canned,38,15,53
cannel,0,2,2
cannelloni,1,1,2
canneloni,1,1,2
cannelonni,0,1,1
canner,1,0,1
cannery,1,2,3
cannes,29,39,68
canneslions,2,0,2
cannettes,0,1,1
cannewing,0,1,1
canni,2,0,2
cannibal,5,4,9
cannibalism,1,1,2
cannibalize,0,1,1
cannibalizing,1,0,1
cannibals,0,2,2
cannibalspin,1,0,1
cannie,2,0,2
canning,7,9,16
cannington,1,0,1
cannit,5,0,5
cannn,4,3,7
cannnn,3,2,5
cannnnnn,1,0,1
cannnnnnn,1,1,2
cannnnnnooooot,0,1,1
cannnnnot,2,0,2
cannnnnt,0,1,1
cannnnoottt,0,1,1
cannnnot,0,1,1
cannnnt,0,1,1
cannnntttt,1,1,2
cannnot,5,2,7
cannnt,1,2,3
cannny,1,0,1
canno,2,2,4
cannock,1,0,1
cannoeing,1,0,1
cannoli,2,2,4
cannolis,1,1,2
cannon,21,19,40
cannonball,2,3,5
cannonballerz,0,1,1
cannonballs,0,1,1
cannonbeach,0,1,1
cannondale,1,1,2
cannons,4,3,7
cannont,2,0,2
cannot,1863,876,2739
cannott,2,0,2
cannotttt,2,0,2
cannoy,1,0,1
cannt,8,5,13
canntt,1,0,1
cannucks,0,1,1
canny,19,8,27
cannyy,2,0,2
cano,5,0,5
canobie,2,3,5
canoe,16,21,37
canoed,1,2,3
canoeing,15,24,39
canoer,1,0,1
canoes,1,3,4
canoga,0,1,1
canoing,1,2,3
canola,0,1,1
canoli,1,0,1
canolis,0,1,1
canolli,1,1,2
canon,93,103,196
canonball,1,1,2
canonfail,1,0,1
canonical,1,2,3
canons,2,2,4
canoodled,1,0,1
canoodling,1,0,1
canooing,0,1,1
canooks,0,1,1
canopies,0,1,1
canopy,2,3,5
canot,2,2,4
canoti,0,1,1
canoy,0,1,1
canpakes,1,0,1
canpost,1,0,1
canq,0,1,1
canr,3,1,4
cans,52,45,97
cansa,0,1,1
cansada,3,3,6
cansadinha,0,1,1
cansado,2,0,2
canseco,1,0,1
canso,1,1,2
cant,12424,5253,17677
canta,0,2,2
cantab,0,1,1
cantaba,0,1,1
cantabile,0,3,3
cantabria,1,0,1
cantada,1,0,1
cantado,0,1,1
cantafford,1,0,1
cantalope,1,5,6
cantaloupe,5,6,11
cantam,0,1,1
cantando,3,3,6
cantankerous,1,0,1
cantante,1,1,2
cantar,1,3,4
cantare,0,1,1
cantava,0,1,1
cantazaro,0,1,1
cantbdeal,1,0,1
cantberra,0,1,1
cante,1,0,1
cantecel,0,1,1
canteen,36,23,59
canteeneer,0,1,1
cantelope,1,4,5
cantelopes,0,1,1
canter,3,2,5
cantera,4,2,6
canterbury,11,10,21
cantering,0,1,1
cantero,0,1,1
canters,1,0,1
canteven,0,1,1
canteverwinwhenitmatter,1,0,1
cantfind,2,0,2
canthan,0,1,1
canticle,0,1,1
cantigny,0,1,1
cantiiikk,0,1,1
cantik,2,6,8
cantina,3,4,7
cantine,2,0,2
cantis,1,0,1
canto,5,3,8
canton,10,11,21
cantona,1,6,7
cantonese,4,7,11
cantonfirstfri,2,0,2
cantor,0,2,2
cantore,0,1,1
cantouti,0,1,1
cantr,1,0,1
cantrell,0,2,2
cantrol,1,0,1
cantrollwithitobia,0,1,1
cants,5,0,5
cantsleep,1,0,1
cantt,18,9,27
canttt,4,2,6
cantttt,6,2,8
canttttt,0,2,2
cantttttt,1,0,1
canttttttt,1,0,1
canttttttttt,1,0,1
cantu,14,1,15
cantus,0,1,1
cantwait,1,2,3
canty,1,1,2
cantz,1,0,1
canu,1,0,1
canubelieveit,0,1,1
canuck,2,3,5
canuckland,1,0,1
canucks,71,46,117
canuckss,0,1,1
canular,1,0,1
canulas,1,0,1
canus,1,0,1
canut,1,0,1
canvas,30,60,90
canvases,4,3,7
canvasing,0,1,1
canvass,1,1,2
canvasser,0,1,1
canvassers,0,1,1
canvassing,4,3,7
canvi,1,0,1
canvis,0,1,1
canwoz,1,0,1
canx,4,0,4
cany,2,1,3
canyon,37,57,94
canyoning,1,0,1
canyons,1,1,2
canyou,0,1,1
canyt,0,1,1
canz,1,0,1
canzada,0,2,2
canzona,1,0,1
canzorz,1,0,1
cao,12,6,18
caobz,1,0,1
caoching,0,1,1
caoe,0,1,1
caoimhe,2,0,2
caoimhes,1,0,1
caol,0,2,2
caope,0,1,1
caos,1,0,1
caovin,0,1,1
caoxi,0,1,1
cap,146,176,322
capa,1,2,3
capaaaaaaarica,0,1,1
capabilities,16,15,31
capability,10,2,12
capable,44,49,93
capablities,1,0,1
capacchino,1,0,1
capacious,1,0,1
capacitati,0,1,1
capacities,1,0,1
capacitive,0,1,1
capacitors,0,1,1
capacity,57,42,99
capagiro,1,0,1
capalaba,0,1,1
caparison,1,0,1
capatals,1,0,1
capati,1,1,2
capaz,1,0,1
capcai,0,1,1
capcha,1,1,2
capcom,3,9,12
capdepera,0,1,1
cape,119,124,243
caped,1,2,3
capee,2,1,3
capeee,1,0,1
capeeee,0,1,1
capeeeeee,3,0,3
capeeeeeeeeeee,1,0,1
capeeeeeeeeek,1,0,1
capeeeek,1,0,1
capeeek,1,0,1
capeesh,0,1,1
capek,4,0,4
capel,1,0,1
capella,2,6,8
capelle,0,1,1
capelli,0,2,2
capello,0,1,1
caper,0,2,2
capernaum,1,0,1
capernicus,0,1,1
capers,1,6,7
capes,3,11,14
capeside,0,1,1
capesnbabes,0,1,1
capestowners,0,1,1
capetonians,1,1,2
capetown,4,1,5
capgemini,1,6,7
capgemininl,0,1,1
capi,0,1,1
capilano,1,0,1
capilaries,1,0,1
capillaries,0,1,1
capiltol,0,1,1
capinding,1,0,1
caping,1,0,1
capirossi,1,0,1
capische,0,1,1
capistrano,3,0,3
capita,1,0,1
capitain,0,1,1
capital,69,81,150
capitalise,2,0,2
capitalism,10,5,15
capitalist,1,3,4
capitalistic,0,1,1
capitalists,1,2,3
capitalization,2,2,4
capitalizations,0,1,1
capitalize,3,3,6
capitalized,2,5,7
capitalizing,0,3,3
capitalone,1,0,1
capitals,10,9,19
capitalseafood,1,0,1
capitan,2,3,5
capitanes,3,0,3
capitano,0,1,1
capitilize,0,1,1
capitol,20,20,40
capitola,0,1,1
capitolhill,0,1,1
capitolul,0,1,1
capitulation,1,0,1
capitulo,0,1,1
capiz,2,0,2
caplat,0,1,1
caple,2,0,2
capless,1,0,1
caplet,1,0,1
capleton,0,1,1
caplocks,0,1,1
capn,3,2,5
capnaps,1,0,1
capo,9,6,15
capoeira,8,8,16
capogiro,1,0,1
capoiera,1,0,1
caponata,0,1,1
capone,3,3,6
caponers,0,1,1
capones,1,2,3
capos,1,0,1
capote,3,0,3
capout,0,1,1
capp,2,5,7
cappaccino,1,1,2
cappachino,0,2,2
cappacino,0,2,2
cappacinocafe,0,2,2
cappacinos,0,1,1
cappadocia,1,1,2
cappadocians,0,1,1
cappadonna,0,2,2
cappage,0,1,1
cappccino,0,1,1
cappe,1,0,1
capped,42,6,48
cappella,1,4,5
cappicino,0,1,1
cappie,11,4,15
cappies,0,2,2
cappin,0,1,1
cappiness,1,0,1
capping,2,4,6
capples,0,1,1
cappo,1,1,2
cappocino,0,1,1
cappos,0,1,1
capps,1,2,3
cappster,0,1,1
cappu,0,2,2
cappucchino,0,1,1
cappuccino,20,30,50
cappuchino,0,1,1
cappuchinos,0,1,1
cappucino,7,12,19
cappucinos,0,2,2
cappy,5,6,11
capra,1,2,3
caprera,0,1,1
capres,3,2,5
caprese,4,0,4
capresso,0,1,1
capri,15,19,34
caprica,5,4,9
capricarius,0,1,1
capricciosa,0,1,1
caprice,3,2,5
caprices,0,1,1
capricorn,4,11,15
capricorns,0,2,2
caprio,1,0,1
capriotti,0,1,1
capris,8,5,13
caprisun,0,2,2
caprisuns,0,1,1
caps,118,219,337
capsa,1,0,1
capschat,3,0,3
capsicum,2,1,3
capsicums,2,2,4
capsize,1,1,2
capsized,3,0,3
capslock,3,4,7
capsquare,1,0,1
capstick,1,0,1
capstone,3,2,5
capstwackle,1,0,1
capsule,8,12,20
capsulerebel,1,0,1
capsules,4,6,10
capt,12,12,24
captain,94,158,252
captainkirk,0,1,1
captainn,1,0,1
captains,5,4,9
captainsandcruiseships,0,1,1
captainwhoo,0,1,1
captainzac,0,1,1
captal,0,1,1
captan,1,0,1
captcha,8,4,12
captchas,4,2,6
capter,1,1,2
capterra,0,1,1
captial,0,1,1
captialise,1,0,1
captian,3,3,6
captians,0,1,1
captilst,1,0,1
captin,0,6,6
caption,14,28,42
captioned,12,1,13
captioning,10,1,11
captions,9,19,28
captiva,0,2,2
captivate,2,2,4
captivated,4,2,6
captivates,0,2,2
captivating,2,10,12
captive,10,9,19
captiveculture,0,1,1
captivity,3,1,4
captn,0,2,2
captor,1,0,1
captors,1,0,1
capture,38,50,88
captured,21,27,48
captures,3,12,15
capturing,9,12,21
capucchino,1,0,1
capuccino,1,8,9
capuccinos,1,0,1
capucha,0,1,1
capuchino,1,0,1
capul,2,0,2
capulet,1,0,1
capulets,1,0,1
caput,3,0,3
capybara,0,2,2
caqn,0,1,1
car,6178,2770,8948
cara,48,62,110
caraa,0,1,1
caraballo,1,0,1
carabana,1,0,1
carabbas,0,1,1
carabiner,1,1,2
caracal,1,1,2
caracas,6,3,9
caracasssss,0,1,1
caract,0,1,1
caracter,1,0,1
caracterizeaza,0,1,1
caracters,1,2,3
caradine,4,0,4
carafe,4,2,6
carage,0,1,1
carah,0,1,1
caraleo,0,1,1
caralho,1,0,1
caralines,0,1,1
caralisa,1,0,1
caramac,1,0,1
caramalized,0,1,1
caramba,1,1,2
carameized,0,1,1
caramel,105,127,232
caramelise,1,0,1
caramelised,2,5,7
caramelized,0,3,3
caramell,0,1,1
caramello,3,0,3
caramellos,0,1,1
caramellow,0,1,1
caramels,2,4,6
caramilk,1,1,2
caran,3,0,3
carandang,0,1,1
carandiru,1,0,1
caranya,3,2,5
carappy,0,1,1
caras,1,1,2
carat,1,1,2
carater,0,1,1
carats,0,1,1
carattere,1,0,1
caravaaaaan,0,1,1
caravaggio,0,3,3
caravan,26,21,47
caravaning,1,0,1
caravanning,0,1,1
caravans,3,3,6
caravanserai,1,0,1
caray,0,1,1
carazaaay,0,1,1
carb,37,21,58
carbamazapine,0,1,1
carbanara,1,0,1
carbia,0,1,1
carbide,1,0,1
carbie,0,1,1
carbine,0,1,1
carbless,1,0,1
carbo,4,2,6
carboard,1,0,1
carbohydrate,1,1,2
carbohydrates,0,3,3
carboloading,0,1,1
carbomb,0,2,2
carbon,23,39,62
carbonara,4,5,9
carbonate,0,1,1
carbonated,4,8,12
carbonation,0,1,1
carbondale,3,2,5
carbone,2,0,2
carbonemissions,0,1,1
carboni,1,0,1
carbonite,2,2,4
carbonmade,1,5,6
carbonnet,1,0,1
carboo,0,1,1
carboot,4,5,9
carbooting,1,0,1
carboy,0,1,1
carbs,67,39,106
carbssss,0,1,1
carburetor,1,1,2
carburetors,0,1,1
carburrator,0,1,1
carc,1,0,1
carcar,1,0,1
carcasess,0,1,1
carcasonne,1,0,1
carcass,3,4,7
carcassone,0,1,1
carcassonne,0,3,3
carcavelos,1,0,1
carchat,2,1,3
carching,1,0,1
carcinogen,1,1,2
carcinogens,0,2,2
carcinoma,1,1,2
carcrash,1,0,1
carcus,1,1,2
card,1302,865,2167
cardamom,0,1,1
cardamon,0,1,1
cardasains,0,1,1
cardbboard,0,1,1
cardboard,41,30,71
cardcaptor,0,1,1
carde,0,1,1
carded,13,8,21
cardeeeeee,1,0,1
carden,0,2,2
carder,0,1,1
carders,0,1,1
cardetailed,1,0,1
cardette,0,1,1
cardfronts,1,0,1
cardholder,1,0,1
cardholders,0,1,1
cardi,10,6,16
cardiac,11,3,14
cardiacs,0,1,1
cardie,2,1,3
cardiee,1,0,1
cardies,0,1,1
cardif,1,1,2
cardiff,86,63,149
cardifffff,1,1,2
cardigan,34,27,61
cardigans,5,9,14
cardiland,1,0,1
cardinal,8,9,17
cardinale,0,1,1
cardinalllsss,0,1,1
cardinals,24,21,45
carding,3,3,6
cardinology,1,0,1
cardio,70,79,149
cardiodance,0,1,1
cardiogram,1,0,1
cardioid,0,1,1
cardiologist,9,1,10
cardiology,1,1,2
cardiovascular,3,2,5
cardis,1,1,2
cardistry,1,0,1
carditoo,0,1,1
cardkaptors,1,0,1
cardmaking,0,2,2
cardmember,0,1,1
cardmembers,0,1,1
cardnials,1,0,1
cardo,1,0,1
cardona,2,1,3
cardonald,1,0,1
cardoor,1,0,1
cardoso,1,0,1
cardozo,1,0,1
cardridges,0,1,1
cards,385,452,837
cardstock,0,1,1
cardy,1,1,2
care,1984,2342,4326
carears,0,1,1
carebear,5,3,8
carebears,0,1,1
careber,1,1,2
careca,1,0,1
carecas,0,1,1
carece,0,2,2
cared,51,35,86
caree,4,5,9
careee,0,1,1
careeee,0,2,2
careeeee,1,0,1
careeeeeee,1,0,1
careeeeeeee,0,1,1
careeeeeeeee,1,0,1
careeer,1,0,1
career,172,211,383
careerbuilder,1,0,1
careerday,0,1,1
careerkiller,1,0,1
careermakers,0,1,1
careers,12,27,39
carefree,8,22,30
careful,215,300,515
carefull,3,13,16
carefullest,1,0,1
carefullness,1,0,1
carefully,28,34,62
carefur,1,0,1
carefuul,1,0,1
caregiver,2,3,5
caregivers,1,0,1
caregroup,1,0,1
careifthebandislikedbypitchfork,0,1,1
careing,1,0,1
careless,34,19,53
carelessly,2,4,6
carelessmistakei,1,0,1
carelessness,5,1,6
carell,1,3,4
caren,2,0,2
carenow,0,1,1
carens,0,1,1
careoke,0,1,1
carepages,1,0,1
careplans,0,1,1
carer,6,2,8
carera,0,1,1
carers,1,1,2
cares,213,319,532
caresbear,1,0,1
caress,3,2,5
caresse,0,1,1
caressed,1,0,1
caresses,0,1,1
caresss,0,2,2
caressssss,1,2,3
caretaker,3,1,4
caretuesday,0,1,1
carey,33,67,100
careyrobinson,0,1,1
careys,3,0,3
carez,1,0,1
carful,2,0,2
carfull,0,2,2
carfully,0,1,1
carg,0,1,1
cargamovil,1,0,1
cargar,1,0,1
cargi,0,1,1
carglass,1,0,1
cargo,17,11,28
cargos,1,0,1
carhatts,1,0,1
cari,14,10,24
cariad,0,1,1
cariages,1,0,1
cariah,1,0,1
carianna,0,1,1
carianne,1,0,1
carib,1,0,1
caribana,1,2,3
caribanna,1,0,1
caribbean,24,47,71
caribean,1,1,2
caribeaner,0,1,1
caribeast,1,0,1
caribian,2,0,2
caribiliam,0,1,1
caribou,13,12,25
caribouuuu,0,1,1
caricatura,0,1,1
caricature,1,5,6
caricatured,1,0,1
caricaturist,0,1,1
carice,1,0,1
carico,1,0,1
carie,1,2,3
carier,0,1,1
caries,0,1,1
carik,1,0,1
carillo,1,0,1
carin,1,3,4
carina,8,14,22
carinas,0,1,1
carindale,3,0,3
carine,1,1,2
caring,71,133,204
caringbridge,1,0,1
carinho,0,1,1
carino,3,0,3
carinos,1,7,8
carins,1,0,1
carinthia,2,1,3
carinyo,0,1,1
cario,0,1,1
carioca,0,1,1
carion,2,0,2
caris,2,0,2
carisa,1,0,1
carisbrook,0,1,1
carisma,0,1,1
carissa,3,12,15
carissaaa,0,1,1
carissima,1,0,1
carita,2,1,3
caritas,1,1,2
carjacked,0,2,2
carjean,0,1,1
carked,2,0,2
carks,0,1,1
carl,59,80,139
carla,27,35,62
carlagged,0,1,1
carlalalababy,1,0,1
carlas,0,1,1
carlberg,0,1,1
carldine,0,1,1
carle,2,0,2
carlee,1,0,1
carlei,1,0,1
carleigh,2,4,6
carlene,0,1,1
carlenn,1,0,1
carlers,1,0,1
carles,0,1,1
carless,17,2,19
carlessness,1,0,1
carleton,2,4,6
carlette,1,0,1
carletto,1,1,2
carley,7,6,13
carleys,0,2,2
carli,1,6,7
carlie,6,2,8
carlieeee,1,0,1
carlies,2,0,2
carlii,1,0,1
carlijn,0,1,1
carlile,1,4,5
carlilse,0,3,3
carlin,15,11,26
carlina,0,1,1
carlincomm,0,1,1
carling,4,4,8
carlingford,1,0,1
carlinll,0,2,2
carliona,1,0,1
carlise,2,2,4
carlisle,32,57,89
carlissa,0,1,1
carlita,1,2,3
carlitchus,0,1,1
carlito,2,1,3
carlitos,0,3,3
carlitosway,0,1,1
carlizzle,0,1,1
carlmans,0,1,1
carlo,20,15,35
carload,0,2,2
carloads,0,1,1
carloina,1,0,1
carlonia,0,1,1
carlos,68,59,127
carlosbby,1,0,1
carlosim,1,0,1
carlosss,0,1,1
carlota,0,1,1
carloving,1,0,1
carlow,1,3,4
carlrogers,1,0,1
carls,14,15,29
carlsbad,8,3,11
carlsberg,2,2,4
carlsbergs,0,1,1
carlsjr,1,0,1
carlsjunior,1,0,1
carlson,0,4,4
carlsson,0,2,2
carlton,21,33,54
carly,26,44,70
carlye,1,1,2
carlyle,0,1,1
carlyn,0,1,1
carlynn,1,0,1
carlys,1,3,4
carlzberg,0,1,1
carm,5,7,12
carma,2,0,2
carmachinno,0,1,1
carmack,1,1,2
carmageddon,0,1,1
carmal,0,1,1
carmallows,0,1,1
carman,0,1,1
carmarthenshire,0,1,1
carmax,2,1,3
carmeen,1,0,1
carmel,21,29,50
carmela,1,0,1
carmelengo,1,0,1
carmelize,1,0,1
carmelizing,1,0,1
carmella,0,1,1
carmellini,1,0,1
carmello,3,3,6
carmelo,10,4,14
carmelos,0,1,1
carmelsvideosblogs,0,1,1
carmen,28,44,72
carmenere,0,2,2
carmens,0,3,3
carmensita,0,1,1
carmera,1,0,1
carmex,9,3,12
carmi,3,0,3
carmichael,1,3,4
carmike,1,1,2
carmile,1,0,1
carmin,0,1,1
carmina,1,2,3
carmine,3,3,6
carmines,3,1,4
carmingnano,0,1,1
carmit,2,1,3
carmona,0,1,1
carms,0,2,2
carmy,0,1,1
carmyn,0,1,1
carmz,1,0,1
carn,6,9,15
carna,0,1,1
carnabeats,0,1,1
carnaby,4,2,6
carnacki,0,1,1
carnage,14,18,32
carnagie,1,0,1
carnahan,0,2,2
carnap,1,0,1
carnardo,0,1,1
carnaroli,0,1,1
carnarvon,1,0,1
carnatic,2,0,2
carnation,0,4,4
carnations,0,1,1
carnaval,2,2,4
carnavilistic,0,1,1
carne,18,34,52
carneasada,1,1,2
carnege,0,1,1
carnegie,9,6,15
carnell,0,3,3
carnesecca,0,1,1
carnet,0,1,1
carneval,0,3,3
carney,1,0,1
carneys,0,1,1
carni,2,0,2
carnie,1,1,2
carnies,2,3,5
carniesss,0,1,1
carnifex,1,0,1
carnige,0,1,1
carnigey,0,1,1
carnisada,0,1,1
carnitas,3,4,7
carnivaal,1,0,1
carnival,87,118,205
carnivale,2,2,4
carnivals,1,2,3
carnivalsofparis,1,0,1
carnivla,0,1,1
carnivlel,1,0,1
carnivore,2,3,5
carnivores,2,1,3
carnivorous,1,1,2
carnosaur,0,1,1
carnote,1,0,1
carnoustie,0,1,1
carnt,29,15,44
carnuaba,1,0,1
carnuntum,0,2,2
carnutz,1,0,1
carnval,0,1,1
carny,0,1,1
carnys,0,1,1
caro,17,18,35
carob,0,2,2
caroin,1,0,1
carol,61,56,117
carolann,1,0,1
carolbby,1,0,1
carole,7,7,14
carolee,1,0,1
caroler,0,1,1
carolina,120,122,242
carolinaa,1,1,2
carolinaaaa,1,1,2
carolinas,2,4,6
caroline,50,55,105
carolinecreates,1,0,1
carolines,3,4,7
caroling,0,2,2
carolinnne,0,1,1
carolkerfoot,2,0,2
carolla,2,0,2
carolle,0,1,1
carollyne,0,1,1
carols,2,4,6
carolyn,11,18,29
carolyne,2,2,4
carolynnnnnnnnnnnnnnnnnnnn,1,0,1
carolyns,0,2,2
carona,0,3,3
caronnn,1,0,1
caroo,1,1,2
caroolliineeeeeeee,0,1,1
carooo,0,1,1
caroooo,0,1,1
caroooolineeee,1,0,1
carors,0,1,1
carosel,0,1,1
carouna,0,1,1
carousel,13,13,26
carousels,0,1,1
carousing,0,1,1
carowinds,5,7,12
caroza,0,1,1
carp,10,4,14
carpaccio,1,3,4
carpal,20,4,24
carpark,14,10,24
carparked,0,1,1
carparks,1,1,2
carpathia,0,1,1
carpathian,1,0,1
carpathians,1,0,1
carpc,1,0,1
carpe,7,15,22
carped,0,1,1
carpeing,0,1,1
carpel,8,1,9
carpelz,1,0,1
carpenter,7,19,26
carpenters,6,7,13
carpentry,2,2,4
carper,1,2,3
carpet,235,152,387
carpetbaggers,1,0,1
carpeted,3,0,3
carpeting,1,0,1
carpets,18,9,27
carpetus,0,1,1
carphone,9,2,11
carpool,13,27,40
carpoolee,1,0,1
carpooling,1,6,7
carpools,1,0,1
carpooltunnel,1,0,1
carpopling,0,1,1
carport,3,2,5
carports,1,0,1
carpted,1,0,1
carr,27,53,80
carra,2,1,3
carraba,0,1,1
carrabas,0,3,3
carrabbals,1,0,1
carrabbas,1,0,1
carradine,223,9,232
carradineee,1,0,1
carradines,1,0,1
carragher,1,1,2
carraig,1,0,1
carrasco,1,0,1
carrasquillo,1,0,1
carrboro,1,1,2
carrdine,1,0,1
carreeeers,0,1,1
carreer,2,1,3
carreers,0,1,1
carrefour,5,7,12
carrel,0,1,1
carrell,0,1,1
carrer,0,3,3
carrera,2,2,4
carreta,1,0,1
carretas,0,1,1
carrey,4,18,22
carreys,0,1,1
carreyteristics,0,1,1
carri,2,0,2
carriage,16,12,28
carriages,3,0,3
carriageway,3,1,4
carribays,0,1,1
carribbean,2,5,7
carribean,14,11,25
carribeangodess,1,0,1
carrick,4,0,4
carride,2,0,2
carrides,1,0,1
carridine,1,0,1
carridines,1,0,1
carrie,73,105,178
carriebear,0,1,1
carried,49,39,88
carrier,47,25,72
carriers,19,6,25
carries,20,23,43
carrigans,0,1,1
carrimon,0,1,1
carrina,1,0,1
carring,1,1,2
carrington,1,2,3
carringtons,0,1,1
carrino,1,0,1
carrion,0,1,1
carrito,1,0,1
carro,1,2,3
carrol,1,0,1
carroll,10,13,23
carrollton,4,2,6
carrom,0,2,2
carrot,55,83,138
carrotattache,0,1,1
carrotine,1,0,1
carrotmob,0,1,1
carrots,49,68,117
carrotts,0,1,1
carrousel,0,1,1
carrow,0,2,2
carrowinds,0,1,1
carrows,3,0,3
carrr,2,3,5
carrre,0,1,1
carrrne,0,1,1
carrrr,8,1,9
carrrrie,0,1,1
carrrrr,2,0,2
carrrrre,1,0,1
carrrrrr,1,0,1
carrrrrramba,0,1,1
carrrrrrne,0,1,1
carrrrrrrrddddiii,0,1,1
carrrrrrrrrrrr,0,1,1
carrs,1,5,6
carruthers,0,1,1
carrutherss,0,1,1
carry,222,234,456
carryduff,1,0,1
carryied,1,0,1
carryin,3,2,5
carrying,105,71,176
carryon,4,2,6
carryout,0,3,3
carryover,0,1,1
cars,411,307,718
carsassonne,0,1,1
carsea,1,0,1
carseat,6,2,8
carseats,5,1,6
carsen,0,2,2
carsguide,1,0,1
carshoot,0,1,1
carshow,2,2,4
carshows,0,1,1
carsick,12,0,12
carside,1,0,1
carsiiiiiiccccckkkkk,1,0,1
carson,41,37,78
carsonjdaly,0,1,1
carsonn,1,1,2
carsons,1,0,1
carstea,2,0,2
carsten,3,1,4
carstens,0,1,1
carswani,0,1,1
cart,58,50,108
cartalige,1,2,3
carte,2,4,6
cartea,0,1,1
carted,3,2,5
cartel,2,12,14
cartelllll,0,1,1
carter,45,60,105
carteret,1,0,1
carterpillar,0,1,1
carters,7,4,11
cartersville,1,0,1
cartertwins,0,1,1
cartertwinsphotobooth,2,0,2
carthage,2,0,2
carthageland,1,0,1
carthorse,0,1,1
carthweels,0,1,1
carti,0,1,1
cartier,0,2,2
cartii,0,1,1
cartilage,13,6,19
cartile,0,1,1
cartilidge,0,1,1
cartimar,0,1,1
carting,5,7,12
cartlege,1,0,1
cartlidge,0,1,1
cartman,1,11,12
cartmel,0,1,1
cartmen,1,0,1
cartofii,0,1,1
cartographer,0,1,1
cartographic,0,1,1
cartographie,0,1,1
carton,17,14,31
cartons,1,1,2
cartoon,65,141,206
cartoonavie,1,0,1
cartooned,0,1,1
cartoonish,1,4,5
cartoonist,2,1,3
cartoonists,0,1,1
cartoonized,0,1,1
cartoonmajor,1,0,1
cartoons,73,119,192
cartoony,4,1,5
cartooonie,1,0,1
cartooooooons,0,1,1
cartrage,1,0,1
cartridge,13,4,17
cartridges,3,5,8
cartriges,1,0,1
carts,17,13,30
cartwheel,0,2,2
cartwheels,4,6,10
cartwright,0,2,2
caru,0,1,1
caruaru,0,1,1
carui,0,1,1
carumba,1,0,1
carusi,1,0,1
caruso,0,2,2
carusone,0,1,1
carv,1,1,2
carvalho,0,1,1
carve,1,5,6
carveboard,0,1,1
carved,3,3,6
carvel,3,3,6
carver,2,4,6
carvery,3,6,9
carvey,1,0,1
carville,0,1,1
carving,4,5,9
carvings,1,1,2
carwash,18,19,37
carwashes,0,1,1
carwashing,1,1,2
carwebsites,2,0,2
carwinds,0,1,1
cary,11,14,25
caryales,0,1,1
caryatids,1,0,1
carying,1,0,1
caryl,2,0,2
carymac,1,0,1
caryn,1,3,4
carys,2,2,4
carytown,0,1,1
carz,1,1,2
carzii,1,0,1
carzone,0,1,1
carzy,1,1,2
cas,19,20,39
casa,78,126,204
casaa,1,0,1
casaaa,0,1,1
casablanca,3,12,15
casado,0,2,2
casados,1,0,1
casanova,2,3,5
casar,1,1,2
casara,1,0,1
casatiello,1,0,1
casaulties,0,1,1
casava,0,1,1
casb,1,0,1
casbah,3,2,5
casbahs,0,1,1
cascada,3,7,10
cascade,6,4,10
cascades,0,1,1
cascadian,0,1,1
cascading,1,2,3
cascais,0,1,1
case,1026,1145,2171
casebooks,1,0,1
caseeeee,0,1,1
caseeey,0,1,1
caseface,0,1,1
casefile,1,0,1
casely,0,1,1
caselytv,0,2,2
casement,0,1,1
casemodding,0,2,2
casepres,1,0,1
caser,0,1,1
caserole,0,1,1
cases,144,66,210
caseton,0,1,1
casette,1,0,1
caseworker,1,0,1
casexuals,1,1,2
casey,78,96,174
caseyandhearts,0,1,1
caseycarterradio,0,1,1
caseys,4,4,8
caseyu,0,1,1
caseyyy,0,1,1
cash,459,323,782
cashback,6,40,46
cashbackr,1,0,1
cashbrown,0,1,1
cashcapone,0,1,1
cashcard,1,1,2
cashcash,1,2,3
cashcrate,0,1,1
cashe,1,1,2
cashed,11,7,18
casheir,1,0,1
cashen,1,0,1
cashes,0,1,1
cashew,9,4,13
cashewnuts,0,1,1
cashews,5,7,12
cashflow,5,8,13
cashflowdna,0,1,1
cashflows,1,0,1
cashgame,1,0,1
cashh,1,0,1
cashhh,1,0,1
cashhhh,0,1,1
cashie,1,0,1
cashier,20,18,38
cashiering,2,0,2
cashierrrr,1,0,1
cashiers,5,3,8
cashies,1,0,1
cashin,1,2,3
cashing,4,4,8
cashintheattic,1,0,1
cashis,0,1,1
cashless,4,1,5
cashley,0,1,1
cashmere,2,7,9
cashmoney,1,0,1
cashmonies,1,0,1
cashore,1,0,1
cashout,2,0,2
cashouts,0,2,2
cashton,1,0,1
casi,5,4,9
casie,0,3,3
casiii,0,1,1
casillas,3,0,3
casin,1,0,1
casing,12,6,18
casings,1,0,1
casinha,0,1,1
casino,95,89,184
casinoooooo,0,1,1
casinos,12,2,14
casio,7,3,10
casion,1,0,1
casiotone,0,1,1
casiraghi,0,1,1
casit,0,1,1
casita,2,3,5
casitas,0,1,1
cask,2,2,4
casket,5,2,7
casketing,0,1,1
casks,1,0,1
caslte,1,0,1
casm,0,1,1
casmishfix,1,0,1
casnt,1,0,1
caso,1,1,2
caspar,1,2,3
casper,18,12,30
casperloves,0,1,1
caspers,1,1,2
caspian,3,6,9
caspiyum,0,1,1
cass,30,29,59
cassa,1,0,1
cassaboo,1,0,1
cassadaga,1,0,1
cassaddee,0,1,1
cassade,0,2,2
cassadee,6,15,21
cassadega,0,1,1
cassadine,0,1,1
cassadinkle,0,1,1
cassady,0,1,1
cassan,1,0,1
cassandra,6,7,13
cassanos,0,1,1
cassanova,1,1,2
cassarole,1,0,1
cassat,0,1,1
cassatt,0,2,2
cassatts,1,0,1
cassavetes,0,2,2
casse,3,0,3
casselberry,1,0,1
casserole,11,16,27
casses,0,1,1
casseta,2,3,5
cassette,8,11,19
cassetteboy,0,2,2
cassettes,4,3,7
cassewhat,1,0,1
cassey,0,1,1
cassi,4,5,9
cassia,0,1,1
cassidee,1,1,2
cassidity,0,1,1
cassidy,15,12,27
cassidyblair,0,1,1
cassidylk,0,1,1
cassidys,1,3,4
cassie,81,69,150
cassiedog,0,1,1
cassieee,1,0,1
cassieeee,1,0,1
cassieface,1,0,1
cassienicole,1,0,1
cassiers,1,0,1
cassies,2,3,5
cassii,1,0,1
cassiie,0,8,8
cassikill,1,0,1
cassin,0,1,1
cassini,2,1,3
cassio,0,1,1
cassiopeia,2,0,2
cassiscoke,1,0,1
cassius,2,2,4
cassock,1,0,1
cassocks,0,1,1
cassone,0,1,1
cassorale,1,0,1
cassoulet,0,1,1
cassrole,0,1,1
casssieeee,1,0,1
casssssso,1,0,1
casssssssh,0,1,1
cassual,2,0,2
cassvn,0,1,1
cassy,2,6,8
cast,276,292,568
castaneda,0,1,1
castaner,1,0,1
castanets,1,0,1
castanha,0,1,1
castavet,1,0,1
castaway,4,4,8
castco,1,0,1
caste,2,1,3
casted,6,8,14
castel,1,0,1
castell,0,1,1
castello,2,1,3
castelvania,5,1,6
casterbridge,0,1,1
casters,3,2,5
castes,1,0,1
castiel,9,8,17
castigadaaa,1,0,1
castigat,1,0,1
castigatorul,0,1,1
castige,0,1,1
castiglione,1,0,1
castile,0,1,1
castilla,0,1,1
castilleja,1,0,1
castillo,0,5,5
castin,0,1,1
castine,1,0,1
casting,53,76,129
castings,3,5,8
castle,125,190,315
castlebar,3,1,4
castlebc,1,0,1
castledoor,0,1,1
castleford,0,1,1
castleknock,1,0,1
castlerigg,1,0,1
castlerock,0,1,1
castles,15,26,41
castleshouldt,1,0,1
castleton,2,1,3
castlevania,4,5,9
castlies,1,0,1
castmates,0,1,1
castor,1,0,1
castrated,1,0,1
castration,1,1,2
castrato,1,0,1
castratt,0,1,1
castro,10,24,34
castrocopia,0,1,1
castrophe,1,0,1
casts,6,8,14
casual,46,56,102
casuala,0,1,1
casuality,2,0,2
casually,5,13,18
casualraider,1,0,1
casuals,1,4,5
casualties,19,4,23
casualty,33,11,44
casualy,1,0,1
casue,9,5,14
casulties,1,1,2
casulty,1,1,2
casus,1,0,1
caswell,2,1,3
cat,2105,1248,3353
cata,2,2,4
cataan,0,1,1
catacombs,2,0,2
catagorie,1,0,1
catagories,1,2,3
catagory,1,4,5
catalan,3,3,6
catalans,1,1,2
catalepsy,1,0,1
catalfino,0,1,1
catali,1,0,1
catalina,7,8,15
catalog,22,17,39
catalogat,0,1,1
cataloge,0,1,1
cataloged,1,0,1
cataloger,1,0,1
cataloging,0,1,1
catalogs,1,2,3
catalogue,11,16,27
catalogued,1,0,1
catalogueofideas,0,1,1
catalogues,0,4,4
cataloguing,1,2,3
catalouge,1,1,2
catalunya,1,2,3
catalysis,0,1,1
catalyst,15,18,33
catalytic,1,0,1
catamaran,0,1,1
catamaraning,0,1,1
catamedicines,1,0,1
catamorphism,1,0,1
catan,8,11,19
catanduanes,1,0,1
catania,1,1,2
catapillers,1,0,1
catapult,2,6,8
catapulting,1,0,1
cataract,1,0,1
cataracts,2,1,3
catarata,1,0,1
catarina,0,2,2
catas,0,1,1
catastrofe,0,1,1
catastrophe,16,4,20
catastrophes,1,0,1
catastrophic,10,2,12
catastrphic,1,0,1
catatau,0,1,1
catatonic,1,1,2
catavino,1,0,1
catawba,0,3,3
catawungus,0,1,1
catbird,1,0,1
catbirds,1,0,1
catbox,0,2,2
catbreeder,0,1,1
catburger,1,0,1
catbus,0,1,1
catbutt,0,1,1
catcall,1,0,1
catch,1433,1819,3252
catcha,0,9,9
catchafire,1,0,1
catchall,0,1,1
catche,1,0,1
catched,8,7,15
catcher,13,22,35
catchers,2,6,8
catches,26,34,60
catchflea,0,1,1
catchh,0,1,1
catchhphrase,0,1,1
catchiest,0,1,1
catchign,0,1,1
catchiinq,0,1,1
catchin,27,35,62
catching,457,654,1111
catchingfire,1,0,1
catchingg,0,2,2
catchinn,0,1,1
catchinnn,0,1,1
catchitpromotion,0,1,1
catchme,0,1,1
catchphrase,1,2,3
catchstar,0,1,1
catchup,22,20,42
catchy,28,116,144
catchya,0,11,11
catchyeh,1,0,1
catchyy,0,2,2
catdog,1,3,4
catdoor,3,0,3
cate,7,8,15
catechism,0,1,1
catechist,0,1,1
cated,1,0,1
cateeeer,1,0,1
categoria,1,0,1
categorically,0,1,1
categorie,1,0,1
categories,22,28,50
categorised,0,1,1
categorising,0,1,1
categorization,0,1,1
categorize,1,0,1
categorized,1,3,4
category,47,72,119
catenary,1,0,1
catepillar,2,0,2
cater,12,8,20
catered,5,5,10
caterer,2,2,4
caterers,2,2,4
catergorized,0,1,1
catergory,1,1,2
caterham,2,0,2
caterin,0,1,1
catering,21,25,46
caternity,1,0,1
caterpie,1,0,1
caterpillar,8,13,21
caterpillars,5,4,9
caterpillers,1,0,1
caters,2,0,2
caterwauling,1,1,2
cateva,1,0,1
catexibition,0,1,1
catey,0,2,2
cateye,1,1,2
catface,0,2,2
catfight,3,3,6
catfights,3,1,4
catfish,16,21,37
catflap,0,1,1
catfood,2,1,3
catford,1,0,1
cath,12,17,29
cathal,1,3,4
catharines,2,0,2
catharsis,1,1,2
cathartic,1,9,10
cathat,0,4,4
cathay,9,3,12
cathays,1,0,1
cathch,2,0,2
cathching,0,1,1
cathcing,1,3,4
catheads,0,1,1
cathealth,1,0,1
cathederal,1,0,1
cathedral,8,21,29
cathedrals,1,0,1
cathee,1,0,1
cathegory,0,2,2
cather,0,1,1
catherine,42,52,94
catherinee,1,0,1
catherinem,0,1,1
catherines,1,4,5
catherization,1,0,1
catheter,5,0,5
catheters,1,0,1
cathetine,0,1,1
cathhy,0,1,1
cathi,1,0,1
cathia,1,0,1
cathie,2,1,3
cathiebee,0,1,1
cathieeeee,1,0,1
cathinasmalltown,1,0,1
cathing,1,2,3
cathleen,0,2,2
cathlin,0,1,1
cathlyn,0,1,1
catho,1,0,1
catholic,32,52,84
catholicism,0,2,2
catholics,1,5,6
cathouse,0,2,2
cathrine,1,0,1
cathryn,1,1,2
cathryne,1,0,1
cathrynmarie,0,1,1
cathryns,0,1,1
cathy,30,52,82
cathyandersonandherwhiteteeth,0,1,1
cathylo,0,1,1
cathyy,0,2,2
cathyyyyy,0,1,1
cati,1,1,2
catichin,0,1,1
catie,12,5,17
catilin,0,1,1
catilina,1,0,1
catina,0,1,1
cation,1,2,3
cations,1,0,1
catipilla,0,1,1
catistropicly,1,0,1
catita,0,1,1
catkins,0,1,1
catlaughs,1,1,2
catlayst,0,1,1
catlin,0,1,1
catlogs,0,1,1
catlow,1,1,2
catn,2,1,3
catnamed,1,0,1
catnap,3,6,9
catnapped,0,1,1
catnapping,0,1,1
catnaps,1,0,1
catnip,11,9,20
cato,1,2,3
catoe,1,0,1
catogories,0,1,1
catoneday,0,1,1
catonese,1,0,1
catoosa,0,1,1
catos,1,0,1
catraca,0,1,1
catrescue,0,1,1
catrien,0,1,1
catrin,1,0,1
catrina,0,5,5
catrinaas,1,0,1
catriona,0,2,2
cats,675,494,1169
catscans,0,1,1
catseye,1,0,1
catsftw,0,1,1
catshit,1,0,1
catshitone,0,1,1
catshittt,0,1,1
catsitting,3,0,3
catskills,3,1,4
catslan,0,1,1
catslikefelix,0,1,1
catsoup,1,0,1
catss,0,1,1
catsss,1,0,1
catstronaut,0,1,1
catstropy,1,0,1
catsuit,0,2,2
catsup,3,1,4
catswhotwit,1,0,1
catt,1,1,2
catta,1,0,1
cattaneo,1,1,2
catter,0,2,2
catterick,0,1,1
catterson,1,0,1
cattery,3,0,3
cattewater,0,1,1
cattie,0,1,1
catties,1,0,1
cattiie,0,1,1
cattin,1,0,1
catting,1,0,1
cattle,15,11,26
cattlemarket,0,1,1
cattlemen,2,0,2
cattles,1,0,1
catton,0,1,1
cattt,1,0,1
catty,3,10,13
cattyson,1,0,1
catullus,1,0,1
caturday,7,6,13
caturrrr,0,1,1
catus,0,1,1
catvampees,0,1,1
catwalk,12,7,19
catwoman,4,8,12
catwomans,1,0,1
catwomen,0,1,1
caty,5,5,10
catylitic,1,0,1
catz,3,2,5
catzmiyow,1,0,1
catzzzzzz,0,1,1
cau,4,6,10
caualties,1,0,1
caucasian,0,3,3
caucasians,0,1,1
caucus,2,1,3
caude,1,0,1
caudill,0,1,1
caue,1,0,1
caugh,4,2,6
caughan,1,0,1
caughlin,0,1,1
caught,1018,683,1701
caughting,1,0,1
caughtinthemiddle,1,0,1
caughty,0,1,1
caugran,0,1,1
cauldron,1,2,3
caulfield,2,1,3
cauli,0,3,3
cauliflower,5,8,13
caulifower,1,0,1
caulin,0,6,6
caulk,1,1,2
caulking,3,1,4
caulslaw,1,0,1
caus,16,10,26
causa,4,0,4
causality,0,2,2
causalty,1,0,1
causation,0,1,1
cause,4511,2530,7041
causecause,1,0,1
caused,165,50,215
causee,3,3,6
causeee,2,0,2
causei,1,2,3
causeing,3,0,3
causemy,1,0,1
causes,90,49,139
causeway,5,4,9
causin,2,1,3
causing,152,55,207
causious,0,1,1
causr,1,0,1
causseee,1,0,1
causw,1,0,1
causz,0,1,1
caut,2,2,4
cautare,0,1,1
cautarea,0,1,1
cautat,0,2,2
cautching,0,1,1
cauteee,0,1,1
cauterised,1,0,1
cauterizing,1,0,1
caution,16,17,33
cautionary,2,1,3
cautioning,1,0,1
cautions,0,1,1
cautious,13,12,25
cautiously,1,5,6
cauught,0,1,1
cauuse,1,0,1
cauuute,0,1,1
cauuuutest,0,1,1
cauvery,0,2,2
cauyse,0,1,1
cauz,6,1,7
cauza,1,0,1
cauze,4,0,4
cauzinhoooo,1,0,1
cav,20,9,29
cava,3,9,12
cavalade,1,0,1
cavalari,1,1,2
cavalcade,2,4,6
cavalera,1,0,1
cavalgante,1,0,1
cavalier,8,4,12
cavaliers,38,11,49
cavallari,7,2,9
cavalleri,2,0,2
cavalli,3,0,3
cavallucci,1,0,1
cavalry,3,1,4
cavan,3,4,7
cavanaugh,0,1,1
cavas,0,1,1
cavasea,1,0,1
cavashawn,1,1,2
cavaties,5,0,5
cavaty,1,0,1
cave,60,71,131
caveat,2,1,3
caveats,0,2,2
caved,34,33,67
cavegrabsugar,0,1,1
caveliers,1,0,1
caveman,5,16,21
cavemen,2,5,7
cavenaugh,0,1,1
cavender,1,0,1
cavendish,2,0,2
cavern,2,6,8
caversham,2,1,3
cavery,0,1,1
caverzan,0,1,1
caves,5,8,13
caveties,1,0,1
cavey,0,1,1
caviar,3,10,13
caviarre,1,0,1
caviarrrrr,1,0,1
cavies,0,1,1
cavil,2,0,2
cavill,0,2,2
caville,0,1,1
caving,8,6,14
caviste,0,1,1
cavite,2,7,9
cavitie,1,0,1
cavities,39,9,48
cavitites,1,0,1
cavity,55,3,58
cavitys,1,1,2
cavo,0,2,2
cavoodle,1,0,1
cavorca,0,1,1
cavorting,0,2,2
cavour,1,0,1
cavs,518,239,757
cavss,1,0,1
cavssss,1,0,1
cavsssssss,1,0,1
cavssssssss,1,0,1
cavy,1,1,2
cavz,2,1,3
caw,2,4,6
cawaii,0,1,1
cawapres,0,1,1
cawfeee,0,1,1
cawfeeeeeee,0,1,1
cawing,1,0,1
cawl,0,2,2
cawls,0,1,1
cawthorne,1,0,1
caww,0,1,1
caxarias,0,1,1
caxixi,1,0,1
caxton,1,1,2
cay,7,8,15
caybree,0,1,1
cayce,0,1,1
cayden,3,5,8
caydence,2,1,3
caye,1,0,1
cayee,1,1,2
cayelee,0,1,1
cayenne,7,4,11
cayey,1,1,2
cayla,1,4,5
caylagirl,0,1,1
caylee,8,0,8
cayleigh,1,0,1
caylen,1,0,1
cayley,1,0,1
caylin,2,0,2
caylus,0,1,1
cayman,14,12,26
caymans,1,2,3
caymon,0,1,1
cayne,0,2,2
cayo,1,0,1
cayogial,1,0,1
cays,0,1,1
caysa,1,0,1
cayse,0,1,1
caytee,0,1,1
cayton,1,0,1
cayucos,0,1,1
cayuga,1,0,1
cayuse,0,1,1
cayute,0,1,1
cayuuute,0,1,1
caz,17,17,34
cazacu,0,1,1
caze,0,1,1
cazeliah,0,1,1
cazeres,1,0,1
cazin,1,0,1
cazler,1,0,1
cazling,0,1,1
cazmo,2,0,2
cazuri,0,1,1
cazy,1,0,1
cazz,1,1,2
cazza,0,1,1
cazzie,0,1,1
cazzius,0,1,1
cazzo,1,0,1
cazzy,1,0,1
cazzza,0,1,1
cazzzles,0,1,1
cb,37,47,84
cba,198,71,269
cbaa,4,0,4
cbaaa,2,1,3
cbaaaa,2,0,2
cbaaaaa,1,0,1
cbaaaaaaaaaaa,1,0,1
cbaaaaaaaaaaaaa,0,1,1
cbake,0,1,1
cbb,13,8,21
cbbb,1,0,1
cbbc,5,10,15
cbbd,1,0,1
cbc,26,22,48
cbcnews,1,0,1
cbcradio,1,0,1
cbd,7,3,10
cbe,4,0,4
cbeebies,7,6,13
cbell,0,1,1
cbesta,0,1,1
cbet,1,0,1
cbetta,0,1,1
cbf,37,19,56
cbfd,1,0,1
cbfed,0,1,1
cbff,0,1,1
cbfked,1,0,1
cbgb,0,1,1
cbhs,1,0,1
cbi,3,0,3
cbj,2,1,3
cbk,0,1,1
cbl,0,1,1
cbldf,0,1,1
cblock,0,1,1
cbm,2,0,2
cbn,3,17,20
cbnq,0,4,4
cbox,0,6,6
cbp,2,0,2
cbr,7,2,9
cbration,0,1,1
cbrf,1,0,1
cbroom,0,1,1
cbrs,0,1,1
cbrtn,1,0,1
cbs,34,29,63
cbse,0,1,1
cbt,7,3,10
cbtd,0,2,2
cbtl,2,4,6
cbtm,0,1,1
cbtnuggets,0,1,1
cbtv,1,0,1
cbus,8,6,14
cbwand,0,1,1
cbya,1,0,1
cbz,0,2,2
cc,131,121,252
cca,2,1,3
ccaaaffyyyy,1,0,1
ccac,1,0,1
ccache,1,0,1
ccad,1,0,1
ccafi,0,1,1
ccan,2,0,2
ccant,1,0,1
ccard,0,1,1
ccarmen,0,1,1
ccb,1,0,1
ccbbbaaaa,1,0,1
ccbc,0,1,1
ccbill,1,0,1
ccbiz,0,1,1
ccc,6,9,15
cccccan,0,1,1
ccccccrrrrrraaaaaapppp,1,0,1
cccccoolld,1,0,1
cccccrrrrrrrrrrrrryyyyyyyyy,1,0,1
ccccooold,1,0,1
ccccoooollllldddddd,1,0,1
ccccoooooooooold,1,0,1
cccd,0,1,1
ccckc,0,1,1
ccckkkkk,1,0,1
cccoe,0,1,1
cccoollld,0,1,1
cccraaaazy,0,1,1
ccd,5,6,11
ccda,1,0,1
ccdcoe,1,0,1
ccea,2,0,2
ccf,1,3,4
ccfs,1,0,1
ccg,1,1,2
ccgame,0,1,1
cch,2,1,3
ccheck,1,0,1
cchimppppp,0,1,1
cchip,0,1,1
cchorltonst,1,0,1
cchristiansen,1,0,1
cchs,1,1,2
ccie,1,2,3
cck,1,3,4
cckb,0,1,1
ccky,0,3,3
ccl,0,2,2
ccleaner,0,1,1
ccli,0,1,1
cclip,2,0,2
ccm,0,2,2
ccmer,1,0,1
ccmixter,1,0,1
ccms,1,0,1
ccmulan,1,0,1
ccmusic,1,0,1
ccn,2,3,5
ccna,2,8,10
ccnet,1,0,1
ccnk,0,1,1
ccnp,2,1,3
ccny,1,0,1
cco,4,5,9
ccol,1,0,1
ccomg,1,0,1
ccomin,0,1,1
ccongrats,0,1,1
ccoouussinn,0,1,1
ccopies,1,0,1
ccordination,1,0,1
ccousin,1,0,1
ccoz,1,0,1
ccp,6,2,8
ccpt,1,1,2
ccr,0,3,3
ccrap,1,0,1
ccreunion,0,1,1
ccri,1,0,1
ccrma,0,1,1
ccrying,1,0,1
ccryptkickers,0,1,1
ccs,6,3,9
ccsf,0,1,1
ccsn,0,1,1
ccsu,1,0,1
cct,1,0,1
ccta,1,0,1
cctld,1,1,2
cctlds,0,3,3
cctv,8,3,11
cctvduring,0,1,1
ccu,0,2,2
ccuc,0,1,1
ccunt,1,0,1
ccustomer,0,1,1
ccuz,1,0,1
ccw,2,1,3
ccwebdesign,0,1,1
ccx,0,1,1
ccy,0,1,1
ccyc,1,0,1
cd,895,1335,2230
cda,3,3,6
cdale,1,0,1
cday,0,1,1
cdb,2,1,3
cdbaby,1,1,2
cdc,10,7,17
cdcaves,0,1,1
cdd,0,1,1
cddhs,0,1,1
cdeo,1,0,1
cdep,0,1,1
cdf,1,0,1
cdg,7,4,11
cdia,2,0,2
cdiff,1,0,1
cdiscount,0,1,1
cdj,0,1,1
cdjs,2,1,3
cdk,1,0,1
cdm,1,2,3
cdma,5,3,8
cdn,9,10,19
cdnt,4,0,4
cdnya,1,0,1
cdo,2,3,5
cdon,3,0,3
cdop,0,1,1
cdoublep,2,0,2
cdp,1,2,3
cdpic,1,0,1
cdpresentation,0,1,1
cdr,2,0,2
cdrom,3,2,5
cds,162,152,314
cdss,0,1,1
cdstore,1,0,1
cdt,4,8,12
cdu,1,2,3
cdwm,2,6,8
cdwow,1,0,1
cdwsbarcamp,1,0,1
cdx,0,1,1
ce,61,71,132
cea,0,1,1
ceached,0,1,1
ceader,0,1,1
ceah,0,1,1
ceai,0,1,1
cealing,1,1,2
ceam,0,2,2
cean,2,0,2
ceania,1,0,1
ceannycyclone,0,1,1
ceans,1,0,1
ceapa,0,1,1
ceapadh,1,0,1
cearal,1,0,1
cearense,1,0,1
cearly,1,0,1
ceart,0,1,1
ceasar,9,14,23
ceasars,2,1,3
cease,19,23,42
ceased,18,4,22
ceaser,3,3,6
ceasers,0,4,4
ceases,4,18,22
ceashes,1,0,1
ceasu,0,1,1
ceau,0,1,1
ceausescu,0,1,1
ceaute,0,1,1
ceavagebarrometer,1,0,1
ceazher,0,1,1
ceb,1,0,1
cebelca,0,1,1
cebit,1,4,5
cebola,0,1,1
cebolitas,1,0,1
cebollitas,1,0,1
cebu,24,39,63
cebuana,0,1,1
cebupac,0,1,1
cec,2,3,5
cecconi,1,0,1
ceccy,1,0,1
cece,8,12,20
cecebssss,0,1,1
ceceliafindorff,0,1,1
cecely,0,1,1
cech,1,0,1
cecheese,0,1,1
ceci,55,2,57
cecii,0,1,1
ceciii,1,0,1
cecil,1,9,10
cecile,0,2,2
cecilia,4,9,13
cecilles,1,0,1
cecily,0,3,3
cecilyface,0,2,2
cecilys,0,1,1
cecit,0,1,1
ceck,0,2,2
cecropia,1,0,1
cecs,1,0,1
cecy,0,1,1
ced,4,5,9
cedar,67,64,131
cedarpointtt,0,1,1
cedarr,0,1,1
cedars,1,1,2
cedarville,1,1,2
ceddy,1,0,1
cede,0,1,1
cedeic,1,0,1
cederic,1,0,1
cedes,2,2,4
cedih,2,0,2
cedihhhh,1,0,1
cedille,1,0,1
cedinho,0,1,1
cedoo,1,0,1
cedric,36,11,47
cedrick,1,0,1
cedrics,0,1,1
cedros,0,1,1
cedskis,1,0,1
cedt,1,0,1
cedtheent,0,1,1
ceduli,0,1,1
cee,5,9,14
ceea,0,2,2
ceeb,0,1,1
ceebee,0,1,1
ceebration,0,1,1
ceebs,1,2,3
ceecee,2,2,4
ceedddrrriiiccc,1,0,1
ceedingly,0,1,1
ceee,1,0,1
ceeebbbzznesss,1,0,1
ceeebf,0,1,1
ceeebs,1,0,1
ceeebz,1,0,1
ceeee,2,0,2
ceeeeeceeee,1,0,1
ceeeeee,1,0,1
ceeeer,0,1,1
ceeeertainly,0,1,1
ceeelebration,0,1,1
ceeelyyy,1,0,1
ceefa,1,0,1
ceefor,1,0,1
ceefore,0,1,1
ceeing,1,0,1
ceej,0,2,2
ceejay,1,1,2
ceeje,1,0,1
ceel,0,1,1
ceemoon,0,1,1
ceepee,0,1,1
ceeport,0,1,1
ceeri,1,0,1
cees,0,1,1
ceez,2,1,3
cef,1,0,1
cefalu,1,1,2
cegep,1,0,1
cegov,0,1,1
ceh,1,3,4
ceheg,1,0,1
ceia,0,1,1
ceiba,1,0,1
ceili,0,1,1
ceilidh,5,0,5
ceilin,2,1,3
ceiling,99,64,163
ceilings,3,4,7
ceilling,1,0,1
ceirysjewellery,0,1,1
ceizure,1,0,1
ceji,1,0,1
cek,2,6,8
ceka,1,1,2
cekal,0,1,1
ceker,1,0,1
ceks,0,1,1
cel,16,12,28
celabrate,0,1,1
celan,1,0,1
celane,0,1,1
celb,0,2,2
celbacy,0,1,1
celbel,0,1,1
celberaties,1,0,1
celberty,1,0,1
celbrate,2,0,2
celbrating,0,1,1
celbrities,1,2,3
celbrity,0,1,1
celbs,1,2,3
celc,1,0,1
celci,1,0,1
celcius,9,7,16
celcom,2,2,4
celctics,0,1,1
cele,1,1,2
celeb,122,146,268
celebacy,1,0,1
celebcrush,1,0,1
celebebrity,0,1,1
celeberities,1,1,2
celeberties,1,0,1
celebhood,0,1,1
celebpoker,0,1,1
celebr,0,2,2
celebraate,0,1,1
celebraion,0,1,1
celebrant,1,0,1
celebrants,1,1,2
celebrasian,0,1,1
celebrate,279,635,914
celebrated,42,63,105
celebrateee,1,0,1
celebrates,2,13,15
celebraties,1,1,2
celebratiing,1,0,1
celebratin,7,13,20
celebratind,1,0,1
celebrating,162,452,614
celebration,80,241,321
celebrations,19,67,86
celebratoin,0,1,1
celebratory,7,28,35
celebreality,1,0,1
celebreating,0,1,1
celebremate,0,1,1
celebreties,1,0,1
celebreting,0,1,1
celebretory,0,1,1
celebriteh,0,1,1
celebritie,0,1,1
celebrities,80,102,182
celebritish,1,0,1
celebritweeters,0,1,1
celebrity,183,266,449
celebrityapprentice,1,0,1
celebritycases,0,1,1
celebritys,2,2,4
celebritytweet,1,1,2
celebritytweets,0,1,1
celebrtaing,0,1,1
celebrted,0,1,1
celebrties,1,0,1
celebrting,1,0,1
celebs,133,173,306
celebsdoreply,0,1,1
celebss,1,1,2
celebully,1,0,1
celebxxxvidsyh,0,1,1
celebz,1,1,2
celectrate,0,1,1
celedon,0,1,1
celeds,1,0,1
celee,1,0,1
celena,0,1,1
celeng,0,1,1
celente,1,0,1
celeration,0,1,1
celeron,2,1,3
celerra,0,1,1
celery,20,11,31
celes,1,2,3
celest,0,1,1
celestaaaaaaaaaaaaaaa,1,0,1
celeste,10,11,21
celestey,0,1,1
celestial,3,4,7
celestine,0,1,1
celestino,1,0,1
celestron,2,0,2
celetics,0,1,1
celever,0,1,1
celex,0,1,1
celexa,0,1,1
celi,0,2,2
celia,7,14,21
celiac,16,3,19
celiacs,1,0,1
celiaelise,3,1,4
celias,0,1,1
celibacy,5,2,7
celibate,4,8,12
celiias,0,1,1
celiiiine,0,1,1
celina,6,4,10
celinda,1,0,1
celine,12,24,36
celinee,0,1,1
celing,3,3,6
celito,0,1,1
cell,852,428,1280
cella,1,1,2
cellar,13,10,23
cellars,1,5,6
cellbazaar,0,1,1
cellcast,10,4,14
cellcasts,0,1,1
cellcom,1,2,3
celldweller,0,1,1
celldwellers,0,1,1
celle,0,3,3
celleb,0,1,1
celled,1,0,1
cellent,0,2,2
celler,0,1,1
cellerciser,1,0,1
cellery,1,0,1
cellfactor,1,0,1
cellfone,1,1,2
cellgroup,0,2,2
celli,3,1,4
cellie,4,1,5
cellin,1,0,1
celling,0,1,1
cellist,0,1,1
celll,0,2,2
cellll,0,1,1
cellllephone,0,1,1
celllllll,3,0,3
cellllllphone,0,1,1
cellllly,0,1,1
celllulite,1,0,1
celllullarr,1,0,1
celllyyy,0,1,1
cellmate,1,0,1
cellme,0,1,1
cello,17,17,34
cellone,0,1,1
cellophane,0,2,2
cellophanenoodles,0,1,1
cellos,0,1,1
cellotape,0,1,1
cellphn,1,0,1
cellphon,1,0,1
cellphone,119,58,177
cellphoneless,1,0,1
cellphonepic,0,1,1
cellphones,8,4,12
cells,50,45,95
cellsgood,0,1,1
cellson,0,1,1
cellstorms,0,1,1
celluar,1,1,2
cellucide,1,0,1
cellufun,0,2,2
cellular,18,13,31
cellulite,2,1,3
cellulitis,1,0,1
cellulitus,1,0,1
celly,28,18,46
celmech,1,0,1
celona,0,1,1
celoso,1,0,1
celphone,5,2,7
celpown,1,0,1
cels,1,0,1
celsius,17,15,32
celso,1,0,1
celsuis,1,0,1
celt,0,1,1
celtia,0,1,1
celtic,25,31,56
celtics,119,85,204
celticsssss,0,1,1
celticts,0,1,1
celts,15,9,24
celtx,0,1,1
celu,0,1,1
celular,1,5,6
celulares,1,0,1
celulite,1,0,1
celup,2,0,2
cely,1,1,2
celybee,0,1,1
celynne,1,2,3
cem,0,2,2
cemara,0,1,1
cember,1,0,1
cemberut,1,0,1
cemburuuu,1,0,1
cemeg,1,0,1
cemenar,1,0,1
cement,35,10,45
cementary,1,0,1
cemented,1,0,1
cementery,0,1,1
cements,0,2,2
cemerlang,0,1,1
cemetary,21,5,26
cemeteries,2,1,3
cemetery,27,6,33
cemeterydrive,1,0,1
cemetrey,1,0,1
cemilan,0,2,2
cemo,1,1,2
cempaka,2,2,4
cempakans,0,1,1
cempakens,0,1,1
cemter,1,0,1
cemtery,1,0,1
cen,3,3,6
cena,6,19,25
cenaaa,0,1,1
cenac,0,2,2
cenaclu,0,1,1
cenando,0,1,1
cenar,1,0,1
cenare,0,1,1
cenario,0,1,1
cenarius,1,0,1
cenc,0,1,1
cencel,1,0,1
cencentration,1,0,1
cencored,1,0,1
cencoring,1,0,1
cencorsed,0,1,1
cencorship,1,0,1
cendarahati,0,1,1
cendol,1,1,2
cener,1,0,1
ceng,1,0,1
cengkareng,2,0,2
cenima,2,0,2
cennal,0,1,1
cenote,0,1,1
censative,1,0,1
censor,14,9,23
censorable,0,1,1
censored,18,14,32
censoring,5,7,12
censorland,1,0,1
censors,2,3,5
censorship,26,10,36
censsa,1,0,1
censura,0,1,1
censure,1,0,1
census,3,8,11
cent,30,49,79
centainly,0,1,1
centaur,0,2,2
centauri,0,1,1
cente,0,1,1
centenarian,1,1,2
centenary,3,0,3
centennia,1,0,1
centennial,4,3,7
center,350,418,768
centeral,0,1,1
centerand,1,0,1
centerd,0,1,1
centered,7,27,34
centeres,1,0,1
centerfield,3,0,3
centerfold,2,2,4
centerfuse,1,0,1
centering,0,2,2
centerparcs,0,1,1
centerpiece,1,2,3
centerpieces,0,4,4
centerpoint,2,0,2
centers,12,10,22
centerstage,0,1,1
centerville,0,1,1
centies,0,1,1
centigrade,3,2,5
centimeter,1,1,2
centimeters,1,1,2
centimetre,0,1,1
centimetres,0,1,1
centipede,9,0,9
centipedes,4,1,5
centis,0,2,2
centos,8,8,16
centr,1,1,2
centra,0,2,2
centraal,0,1,1
central,212,267,479
centralcoastnsw,0,3,3
centraldesktop,0,1,1
centralen,0,1,1
centralia,1,1,2
centralised,0,1,1
centralising,1,0,1
centralized,1,2,3
centrally,1,0,1
centralmo,1,1,2
centralwoods,0,1,1
centralworld,1,0,1
centre,179,150,329
centrebet,1,0,1
centred,5,4,9
centrefold,0,1,1
centrefor,0,1,1
centrelink,3,2,5
centreparcs,1,0,1
centrepoint,2,1,3
centres,11,8,19
centresports,1,0,1
centrestage,1,0,1
centrestaging,0,1,1
centreville,0,2,2
centric,4,11,15
centrifuge,1,1,2
centrino,1,0,1
centrist,0,1,1
centro,15,9,24
centroids,1,0,1
centrum,0,2,2
centry,5,0,5
cents,73,58,131
centsworth,0,1,1
centurary,0,1,1
centure,0,1,1
centurians,1,0,1
centuries,4,6,10
centuriess,1,0,1
centurion,1,3,4
centuruyyy,0,1,1
century,77,121,198
centurys,0,1,1
cenury,0,1,1
cenus,1,0,1
cenutry,1,0,1
cenxa,0,1,1
ceo,25,34,59
ceop,1,0,1
ceos,2,5,7
ceosleepout,1,0,1
ceospace,0,1,1
ceossing,1,0,1
cep,4,0,4
cepa,0,1,1
cepat,2,7,9
cepatla,0,1,1
cepatlah,2,0,2
cepelinai,0,1,1
cepers,0,1,1
cepet,11,9,20
cepetaaaaaan,1,0,1
cepetan,1,1,2
cepey,0,2,2
cephalobot,1,0,1
cephalomegaly,0,1,1
cephelapod,0,1,1
cepic,2,0,2
cepsum,0,1,1
cept,108,49,157
cepts,0,1,1
cer,1,2,3
cera,41,20,61
cerah,1,0,1
ceral,3,4,7
ceramic,11,5,16
ceramics,6,5,11
ceramizzle,1,0,1
ceramonies,0,1,1
ceramony,0,1,1
cerb,0,3,3
cerberus,2,0,2
cerby,1,0,1
cercaa,0,1,1
cercle,1,0,1
cere,0,1,1
cereal,279,286,565
cereale,0,1,1
cereales,0,1,1
cereallllllll,0,1,1
cerealllllllllllllllllllllll,0,1,1
cereally,1,0,1
cereals,10,17,27
cerebellum,1,0,1
cerebral,5,4,9
cerebralpalsy,1,0,1
cerebros,1,0,1
cerebrum,0,1,1
cerel,1,1,2
cerelac,0,1,1
ceremoney,1,0,1
ceremonial,0,2,2
ceremonies,9,10,19
ceremont,0,1,1
ceremony,113,133,246
ceremonys,1,0,1
ceremonyy,1,0,1
ceren,2,0,2
ceres,3,0,3
cerf,0,2,2
cerfew,1,1,2
cerfews,1,0,1
cergy,0,1,1
ceri,1,5,6
ceria,0,1,1
cerial,5,2,7
ceribrum,1,0,1
cerimone,0,1,1
cerimonies,1,0,1
cerini,2,0,2
cerione,1,0,1
cerise,1,1,2
cerita,5,1,6
ceritain,0,1,1
ceritanya,1,3,4
cermony,1,0,1
cern,2,3,5
cerne,1,0,1
cerner,0,1,1
cerney,0,1,1
ceroc,0,2,2
ceromony,1,2,3
cerpa,1,0,1
cerr,1,0,1
cerrada,0,1,1
cerrado,0,1,1
cerrell,1,0,1
cerriteno,0,1,1
cerrito,1,1,2
cerritos,12,5,17
cert,46,37,83
certa,0,1,1
certain,416,338,754
certainly,208,531,739
certainlyyy,0,1,1
certains,1,1,2
certainties,1,0,1
certaintly,0,1,1
certainty,1,7,8
certan,0,1,1
certanlly,1,0,1
certanly,2,1,3
certapay,0,1,1
certers,0,1,1
certeza,1,1,2
certficate,1,0,1
certfirfied,1,0,1
certi,1,0,1
certian,5,0,5
certianly,1,0,1
certif,2,0,2
certifiable,1,3,4
certifiably,1,1,2
certificate,32,57,89
certificates,11,5,16
certificatesm,0,1,1
certification,13,18,31
certifications,1,4,5
certified,15,49,64
certifies,0,2,2
certifikat,1,0,1
certify,2,2,4
certigard,1,0,1
certin,2,1,3
certitude,1,0,1
certo,1,3,4
certs,3,4,7
ceru,1,0,1
cerulean,0,2,2
ceruleanechoes,0,1,1
cerv,1,0,1
cervantes,0,2,2
cerveja,0,1,1
cervelo,0,3,3
cerven,0,1,1
cerveza,3,1,4
cervezas,0,1,1
cervical,18,1,19
cervicaldiscsurgery,1,0,1
cervix,4,0,4
cerys,0,1,1
ces,3,5,8
cesaer,0,1,1
cesaers,0,1,1
cesair,0,1,1
cesar,12,19,31
cesare,2,0,2
cesars,1,1,2
cesart,1,0,1
cesc,4,2,6
cesca,1,1,2
ceserves,0,1,1
cesky,0,1,1
ceslie,1,0,1
cesna,0,1,1
cesreves,0,1,1
cess,1,5,6
cessant,0,1,1
cessany,0,2,2
cessie,0,1,1
cessna,3,6,9
cessnas,0,1,1
cessnock,0,1,1
cessories,0,1,1
cesspit,3,0,3
cesspool,2,0,2
cest,5,71,76
cesta,0,1,1
cestos,1,0,1
cestou,1,0,1
cestt,0,1,1
cesy,1,0,1
cet,14,7,21
ceta,0,1,1
cetaceans,1,0,1
cetaphil,2,1,3
ceteam,1,0,1
cetera,2,4,6
cetertification,0,1,1
ceting,1,0,1
cetirizine,2,0,2
cetlic,1,0,1
cetls,1,0,1
ceto,0,1,1
cetra,0,1,1
cetral,0,1,1
cette,0,3,3
cetwit,1,1,2
ceu,1,0,1
ceuceu,1,0,1
ceuceuu,0,1,1
ceutics,1,0,1
ceux,0,1,1
ceva,3,7,10
cevapi,0,1,1
cevaz,1,1,2
ceveljcke,0,1,1
ceviche,3,10,13
ceville,0,1,1
cevin,0,1,1
cevirmek,0,1,1
cevl,0,1,1
cewe,3,1,4
cewebrity,0,1,1
cewek,2,0,2
ceweny,0,1,1
cewinch,1,0,1
cewl,1,1,2
cex,3,3,6
cexcellsaudio,0,1,1
cexp,0,1,1
ceyall,1,0,1
ceylon,0,1,1
cez,1,0,1
cezanne,1,3,4
cezar,0,4,4
cezz,1,0,1
cezza,0,1,1
cf,31,35,66
cfa,9,12,21
cfb,2,0,2
cfbsbitmap,1,0,1
cfc,1,6,7
cfcbs,1,0,1
cfcy,0,1,1
cfd,2,3,5
cfda,1,0,1
cfdot,1,0,1
cfeclipse,1,1,2
cfengine,0,1,1
cfest,1,0,1
cffe,0,1,1
cffee,0,1,1
cfh,0,1,1
cfi,2,0,2
cficl,1,0,1
cfierceee,1,0,1
cfii,0,1,1
cfimap,1,0,1
cfl,5,1,6
cflca,0,1,1
cflo,1,0,1
cflsc,0,1,1
cfm,1,4,5
cfml,0,1,1
cfn,1,2,3
cfni,0,1,1
cfo,3,2,5
cfobjective,1,1,2
cform,0,1,1
cforms,0,2,2
cfoutput,0,1,1
cfp,4,3,7
cfps,0,1,1
cfr,2,1,3
cfrb,0,1,1
cfs,4,5,9
cfsclub,1,0,1
cfscript,0,1,1
cfsiium,0,1,1
cfstudio,0,1,1
cft,0,1,1
cfu,0,1,1
cfunited,1,0,1
cfwoman,1,0,1
cfxrnetradio,1,2,3
cg,25,40,65
cga,1,0,1
cgc,0,1,1
cge,3,4,7
cgevent,0,1,1
cgft,12,42,54
cgh,1,0,1
cgi,16,11,27
cgigandet,0,1,1
cgimagegetalphainfo,1,0,1
cging,1,0,1
cgl,0,1,1
cgm,0,1,1
cgmnight,2,0,2
cgmoh,1,0,1
cgn,0,2,2
cgo,0,1,1
cgoldenstein,0,1,1
cgow,0,1,1
cgpa,1,1,2
cgpme,1,0,1
cgrats,0,1,1
cgru,0,1,1
cgs,0,1,1
cgsrs,1,0,1
cgtextures,0,1,1
cgtuts,0,1,1
cgu,1,0,1
cguk,0,1,1
cguro,0,1,1
cgw,1,1,2
cgy,2,0,2
ch,322,484,806
cha,97,187,284
chaa,3,2,5
chaaa,1,0,1
chaaaa,1,1,2
chaaaaaaange,1,0,1
chaaaaaaarge,0,1,1
chaaaaance,0,1,1
chaaaaao,0,1,1
chaaaarrrllllsiieeeee,1,0,1
chaaahlie,1,0,1
chaaange,1,0,1
chaaat,0,1,1
chaamps,1,0,1
chaandi,0,1,1
chaange,1,0,1
chaap,1,0,1
chaaparron,1,0,1
chaar,0,2,2
chaaracters,1,0,1
chaarie,0,1,1
chaaro,1,0,1
chaaron,1,0,1
chaas,0,1,1
chaat,1,3,4
chaatttt,0,1,1
chaawberry,1,0,1
chaayaa,0,1,1
chab,2,0,2
chabge,1,0,1
chabibi,0,1,1
chablis,1,1,2
chabo,1,0,1
chabon,0,2,2
chaboooo,0,1,1
chabot,2,0,2
chabz,0,1,1
chac,2,1,3
chace,11,18,29
chacee,0,1,1
chaceeeeeee,1,0,1
chacey,0,1,1
chach,0,1,1
chacha,14,18,32
chachain,0,1,1
chachaing,0,1,1
chachas,1,0,1
chachaslide,0,1,1
chachere,0,1,1
chachi,4,1,5
chaching,0,1,1
chachis,1,0,1
chachkas,0,1,1
chachos,0,1,1
chack,0,2,2
chackin,0,1,1
chaco,2,0,2
chacon,2,0,2
chacos,1,1,2
chad,70,82,152
chadburn,1,0,1
chadd,0,2,2
chaddddddddddd,1,0,1
chadddy,1,1,2
chaddi,1,0,1
chaddles,0,1,1
chaddock,0,1,1
chaddy,2,3,5
chade,0,1,1
chadeaux,0,1,1
chadley,1,0,1
chadleys,1,0,1
chadlynn,1,0,1
chado,0,1,1
chadok,1,0,1
chads,1,4,5
chadster,0,1,1
chadstone,0,1,1
chadumbol,0,1,1
chadvader,0,1,1
chadwick,1,0,1
chadwicks,0,1,1
chae,3,1,4
chaela,0,1,1
chaem,0,1,1
chaeys,0,1,1
chafa,1,0,1
chafean,1,0,1
chafed,0,2,2
chaff,0,3,3
chaffeaur,1,0,1
chaffed,0,1,1
chaffedpussy,1,0,1
chaffee,1,0,1
chaffey,1,0,1
chaffie,1,0,1
chaffinches,0,1,1
chaffing,1,1,2
chafford,1,0,1
chafica,0,1,1
chafing,2,1,3
chafowitz,1,0,1
chagaev,2,0,2
chagall,3,2,5
chage,2,2,4
chaged,0,1,1
chager,2,0,2
chagining,1,0,1
chagnge,0,1,1
chago,1,0,1
chagrin,3,0,3
chagrine,1,0,1
chagrined,1,0,1
chagringrid,0,1,1
chagrins,1,0,1
chaha,0,1,1
chahan,0,1,1
chahe,0,1,1
chahiye,1,4,5
chahyi,0,1,1
chai,81,104,185
chaida,0,1,1
chaifetz,1,0,1
chaiichaichai,0,1,1
chaim,1,1,2
chain,147,117,264
chained,20,5,25
chaingang,0,2,2
chainging,1,0,1
chaining,2,3,5
chainlink,1,0,1
chainmail,0,1,1
chainmaille,0,3,3
chainmailling,1,0,1
chainnigh,0,1,1
chainreaction,1,1,2
chainring,1,0,1
chains,19,33,52
chainsaw,21,15,36
chainsaws,8,1,9
chainset,0,1,1
chainsmoking,0,1,1
chair,352,281,633
chairforce,1,0,1
chairing,1,1,2
chairish,0,1,1
chairlift,3,0,3
chairman,3,9,12
chairmanship,0,1,1
chairmate,0,1,1
chairopractor,1,0,1
chairr,0,1,1
chairrr,0,1,1
chairs,54,64,118
chairty,1,1,2
chairz,1,0,1
chais,0,1,1
chaise,3,2,5
chaitu,0,1,1
chaiya,0,1,1
chaiyna,0,1,1
chak,2,2,4
chaka,2,11,13
chakaaa,0,1,1
chakadoll,0,1,1
chakai,0,1,1
chakara,0,1,1
chaki,1,0,1
chakit,1,0,1
chakka,0,2,2
chakkar,1,0,1
chakotay,1,0,1
chakra,3,6,9
chakras,1,1,2
chakvetadze,1,0,1
chal,5,8,13
chalais,0,1,1
chalant,1,2,3
chalantly,0,1,1
chalate,0,1,1
chalayan,1,0,1
chalazia,1,0,1
chalazion,1,0,1
chaldean,0,1,1
chale,2,3,5
chalean,2,5,7
chalega,1,1,2
chalene,1,1,2
chalenge,1,0,1
chales,1,0,1
chalet,17,11,28
chalets,0,1,1
chalice,1,2,3
chalie,2,0,2
chalk,27,30,57
chalka,1,0,1
chalkboard,5,4,9
chalke,1,1,2
chalked,0,2,2
chalkidiki,0,1,1
chalking,1,2,3
chalkpit,1,0,1
chalks,1,1,2
chalky,3,0,3
chall,1,0,1
challah,4,3,7
challange,4,5,9
challanged,0,2,2
challanges,1,1,2
challedge,0,1,1
challege,1,0,1
challeneged,2,0,2
challenge,164,392,556
challenged,37,41,78
challengeing,1,0,1
challenger,6,12,18
challengers,3,7,10
challenges,21,50,71
challenging,36,59,95
challens,0,1,1
challinor,0,1,1
challlenge,0,1,1
challnge,0,1,1
chally,1,0,1
chalmers,2,0,2
chalna,0,1,1
chalo,1,5,6
chalong,0,1,1
chalsi,1,0,1
chalta,0,1,1
chalti,1,0,1
chalu,0,1,1
chalula,1,0,1
chalulo,1,0,1
chalupa,3,2,5
cham,6,4,10
chama,3,1,4
chamagine,0,1,1
chamala,1,0,1
chamar,1,0,1
chamate,0,1,1
chamayukayanu,0,1,1
chambana,4,0,4
chambeando,1,0,1
chambeo,0,1,1
chamber,30,33,63
chambered,1,0,1
chambering,1,1,2
chamberlain,0,1,1
chambermaid,0,1,1
chambers,11,13,24
chambersburg,1,1,2
chambery,0,1,1
chambliss,0,1,1
chambre,0,1,1
chambu,0,1,1
chame,0,1,1
chameleon,9,19,28
chameleons,0,2,2
chamelon,0,1,1
chametz,1,0,1
chamichi,0,1,1
chamillionaire,1,2,3
chaminade,2,2,4
chaminda,1,0,1
chamions,0,1,1
chamios,1,0,1
chamique,1,0,1
chamisul,0,1,1
chamlunch,1,0,1
chammer,0,1,1
chammomile,1,0,1
chamo,0,1,1
chamois,0,1,1
chamomile,10,15,25
chamonix,1,1,2
chamorro,0,1,1
champ,33,79,112
champa,1,0,1
champage,0,1,1
champagne,57,162,219
champagnechronicnightcap,0,1,1
champagnecocktails,0,1,1
champagnes,0,1,1
champaign,18,11,29
champaigne,0,1,1
champaine,0,1,1
champaingn,1,0,1
champane,0,1,1
champange,0,3,3
champas,1,0,1
champayne,1,0,1
champed,0,1,1
champers,2,13,15
champian,0,1,1
champie,0,1,1
champies,0,1,1
champinoship,0,1,1
champion,46,88,134
championed,1,0,1
championeeeees,0,1,1
championing,0,2,2
championnnss,0,1,1
champions,38,137,175
championshil,0,1,1
championship,124,136,260
championships,15,27,42
champiooooons,1,0,1
champlain,0,2,2
champlin,0,1,1
champloo,0,3,3
champorado,1,9,10
champps,0,1,1
champs,28,79,107
champsion,1,0,1
champssss,0,1,1
champuru,0,1,1
champz,0,1,1
chamr,0,1,1
chan,54,72,126
chana,1,0,1
chanace,1,0,1
chanarin,1,0,1
chanc,2,1,3
chance,1531,1320,2851
chanced,1,2,3
chanceee,1,2,3
chanceineed,1,0,1
chancellor,3,6,9
chancellors,0,1,1
chancery,1,0,1
chances,165,100,265
chanceto,0,1,1
chanceux,1,0,1
chancey,2,1,3
chanchin,0,1,1
chancho,1,0,1
chanclas,0,1,1
chancleta,1,0,1
chanclus,0,1,1
chancne,1,0,1
chancy,1,0,1
chanda,5,0,5
chandail,0,1,1
chandalier,0,1,1
chandelier,3,3,6
chandeliers,0,2,2
chanderpaul,2,0,2
chandigarh,1,1,2
chandini,0,1,1
chandler,19,34,53
chandlerrrr,0,1,1
chandlers,0,2,2
chandni,0,1,1
chandon,2,0,2
chandra,2,2,4
chandrasekher,0,1,1
chandrawinata,0,1,1
chandu,1,0,1
chane,0,3,3
chaned,1,2,3
chanel,41,52,93
chaneles,1,0,1
chaneling,0,1,1
chanell,3,0,3
chanelles,0,1,1
chanels,3,1,4
chaney,0,1,1
chang,32,17,49
changa,1,1,2
changas,0,1,1
changchub,0,2,2
changcuters,0,1,1
changd,2,3,5
changdao,1,0,1
changdice,0,1,1
changdive,0,1,1
change,2379,2083,4462
changeable,4,4,8
changecamp,1,0,1
changed,934,850,1784
changedd,0,2,2
changee,2,1,3
changeee,1,3,4
changehate,1,0,1
changeiniran,1,0,1
changeling,18,15,33
changelog,1,1,2
changelogs,1,0,1
changemakers,1,0,1
changeover,3,1,4
changer,3,7,10
changeroom,0,1,1
changerooms,1,0,1
changers,1,1,2
changes,315,291,606
changeupla,0,1,1
changey,0,2,2
changfe,0,1,1
changg,0,1,1
changggggg,0,1,1
changhai,0,1,1
changhua,0,1,1
changi,6,7,13
changin,10,14,24
changing,346,331,677
changingroom,0,1,1
changitasss,1,0,1
changke,1,0,1
changling,1,0,1
changmin,4,1,5
chango,1,4,5
changos,1,0,1
changs,19,28,47
changsha,0,1,1
changshou,0,1,1
changsss,0,1,1
changy,0,1,1
chanh,0,1,1
chani,0,2,2
chanie,0,1,1
chanikat,0,1,1
chaning,0,2,2
chankees,0,2,2
chankeltas,0,1,1
chanklas,0,1,1
chanks,0,1,1
chanle,1,0,1
chanls,0,1,1
chann,2,0,2
channa,0,1,1
channahon,1,0,1
channal,0,1,1
channe,1,0,1
channei,0,1,1
channel,648,701,1349
channeled,0,5,5
channeling,2,9,11
channell,1,1,2
channelle,0,1,1
channelled,0,1,1
channelling,1,0,1
channellive,0,1,1
channellle,0,1,1
channelnek,0,1,1
channels,163,112,275
channelside,2,4,6
channelsurfing,0,1,1
channelvision,0,1,1
channet,1,0,1
channey,1,0,1
channged,0,1,1
channig,0,2,2
channing,10,17,27
channis,1,0,1
channle,3,0,3
channles,1,0,1
channls,1,0,1
channn,0,1,1
channy,2,5,7
chano,1,0,1
chanooooooooo,1,0,1
chanos,2,1,3
chanpagne,0,1,1
chanpter,0,1,1
chanqe,0,1,1
chanqed,0,2,2
chanqes,0,1,1
chans,1,2,3
chanses,0,1,1
chansey,0,1,1
chanson,1,2,3
chansons,0,1,1
chant,11,18,29
chanta,2,1,3
chantae,0,1,1
chantal,3,16,19
chantale,0,1,1
chantalle,2,0,2
chante,1,2,3
chanted,1,0,1
chantel,2,1,3
chantell,1,3,4
chantelle,11,13,24
chantellie,1,1,2
chantelliee,0,1,1
chantelllll,1,0,1
chantelllllleeeee,0,1,1
chantelluvsnick,1,0,1
chantent,0,1,1
chanter,0,3,3
chantes,0,1,1
chanti,0,2,2
chanties,0,1,1
chantika,1,0,1
chantilly,1,0,1
chanting,3,15,18
chantix,2,3,5
chants,4,6,10
chanty,0,1,1
chantyy,1,0,1
chanve,0,1,1
chanybabi,1,0,1
chao,5,13,18
chaof,0,2,2
chaoo,0,1,1
chaos,79,85,164
chaosteil,0,1,1
chaostick,1,0,1
chaot,1,0,1
chaoter,0,1,1
chaotic,17,20,37
chaotix,0,1,1
chap,39,70,109
chapa,1,1,2
chapaghetti,1,0,1
chapal,0,1,1
chapandaz,0,1,1
chaparone,1,0,1
chaparoning,0,1,1
chaparral,1,0,1
chaparros,0,1,1
chapathi,1,0,1
chapathis,0,1,1
chapati,1,1,2
chapatis,1,0,1
chapatti,0,1,1
chapbooks,1,0,1
chapchaps,1,0,1
chapeau,0,2,2
chaped,1,0,1
chapel,24,43,67
chapelle,7,2,9
chapels,0,1,1
chaper,2,1,3
chaperon,1,1,2
chaperone,4,5,9
chaperoned,1,0,1
chaperones,1,0,1
chaperoning,2,8,10
chapers,0,1,1
chapesses,1,0,1
chapin,1,4,5
chaplain,0,1,1
chaplaincy,0,1,1
chaplains,0,1,1
chaplin,3,4,7
chapman,5,11,16
chapmans,3,0,3
chapolin,0,1,1
chapoutier,0,1,1
chappal,1,1,2
chappangborg,0,1,1
chapparal,1,0,1
chapparals,0,1,1
chappatti,0,1,1
chapped,25,0,25
chappele,0,1,1
chappell,3,1,4
chappelle,6,5,11
chappers,1,0,1
chappettes,1,0,1
chappie,4,3,7
chappies,1,1,2
chappy,9,8,17
chaps,15,24,39
chapsick,1,0,1
chapstick,44,18,62
chapsticks,0,2,2
chapstik,1,0,1
chapstique,0,3,3
chapstix,0,1,1
chapt,0,2,2
chapte,1,1,2
chapter,218,319,537
chapterhouse,0,1,1
chapters,102,79,181
chapterssssss,1,0,1
chaptertextbookever,0,2,2
chaptyer,0,1,1
chapysissy,1,0,1
char,50,77,127
chara,6,5,11
character,256,351,607
characteristic,0,2,2
characteristically,0,1,1
characteristics,3,4,7
characterization,2,1,3
characterizations,0,1,1
characterize,0,1,1
characterized,0,1,1
characterizing,0,1,1
charactername,0,1,1
characters,241,353,594
characterstic,0,1,1
charactors,1,0,1
charactres,1,1,2
characture,0,1,1
charade,3,2,5
charades,3,6,9
charah,0,2,2
charamageetham,1,0,1
charan,0,1,1
charas,0,1,1
charasmatic,0,1,1
charater,1,0,1
charaters,2,0,2
charators,1,0,1
charbabes,0,1,1
charbonnneau,0,1,1
charbotgreen,1,0,1
charbroiling,0,1,1
charby,1,0,1
charching,1,0,1
charco,1,0,1
charcoal,12,20,32
charcoaled,0,1,1
charcounter,0,1,1
charcter,0,1,1
charcters,0,1,1
charctr,0,1,1
charctrs,0,1,1
charcuterie,1,1,2
chard,4,6,10
charda,0,2,2
chardae,0,1,1
chardonay,0,2,2
chardonnay,7,20,27
chards,0,3,3
chardy,4,4,8
chardz,1,0,1
charece,1,0,1
charecter,2,2,4
charecters,0,1,1
charee,0,1,1
charees,1,0,1
chareeut,0,1,1
charelitta,0,1,1
charels,1,0,1
charelston,3,1,4
charese,1,0,1
charfail,1,0,1
charge,431,241,672
charged,142,73,215
chargeee,0,1,1
chargeeee,1,0,1
chargeing,0,1,1
chargen,1,0,1
charger,508,87,595
chargerr,2,0,2
chargerrr,2,0,2
chargers,14,15,29
charges,85,21,106
chargi,0,1,1
chargilled,1,0,1
chargin,7,3,10
charging,132,88,220
chargita,1,0,1
chargrilled,0,1,1
charice,13,54,67
charicee,1,0,1
chariceeee,0,1,1
charicemania,0,1,1
charie,0,1,1
charing,2,5,7
charini,0,1,1
chariot,4,6,10
chariots,0,2,2
charis,2,1,3
charise,1,0,1
charished,0,1,1
charisimo,0,1,1
charisma,5,6,11
charismatic,1,5,6
charissa,2,3,5
charissaa,0,1,1
charisse,1,4,5
charitable,4,9,13
charities,7,16,23
charity,69,209,278
charityname,1,0,1
charitytuesday,1,28,29
charitytweetuptour,0,1,1
charityyyy,1,0,1
charizard,2,1,3
charkra,0,3,3
charl,1,2,3
charla,1,0,1
charlady,1,0,1
charlaine,1,4,5
charlamagne,2,0,2
charlap,0,1,1
charlatans,1,1,2
charlcye,0,1,1
charle,2,0,2
charlee,2,1,3
charleen,1,0,1
charleey,0,1,1
charleigh,0,1,1
charlemagne,1,0,1
charlene,9,11,20
charleneee,0,1,1
charlenes,1,0,1
charleness,0,1,1
charleroi,0,1,1
charlers,0,1,1
charles,64,99,163
charlesie,0,1,1
charlesss,1,0,1
charleston,51,33,84
charlestown,1,1,2
charlestrippy,1,1,2
charletta,1,0,1
charleville,1,0,1
charlevoix,0,1,1
charley,16,15,31
charleys,4,3,7
charli,5,10,15
charlie,233,250,483
charlieate,0,1,1
charliec,0,1,1
charliecuntskies,0,13,13
charliedog,1,0,1
charliee,1,1,2
charlieee,0,1,1
charlieeee,0,3,3
charlieeeeee,1,0,1
charlieeeeeee,1,0,1
charlieeeeeeeeeee,0,1,1
charlieeeeeeeeeeeeee,0,1,1
charlieissocoollike,1,2,3
charlieover,0,1,1
charlier,1,0,1
charlies,15,13,28
charlieskies,1,2,3
charliie,0,1,1
charliiii,0,1,1
charline,0,1,1
charlize,2,1,3
charllinho,0,1,1
charllote,0,1,1
charlobo,1,0,1
charloteee,0,1,1
charloteemily,0,1,1
charlott,0,1,1
charlotte,154,152,306
charlottee,1,0,1
charlottenlund,1,1,2
charlottenthon,0,1,1
charlotteone,0,1,1
charlottes,2,5,7
charlottesville,6,7,13
charlottetown,1,1,2
charlottey,0,1,1
charlottle,0,1,1
charls,0,1,1
charlsey,0,1,1
charlster,1,0,1
charlton,6,3,9
charlutz,1,0,1
charly,2,2,4
charlys,0,1,1
charlyy,1,0,1
charm,69,156,225
charma,0,2,2
charmagne,0,1,1
charmaine,4,4,8
charman,0,1,1
charmander,0,4,4
charmbracelet,0,1,1
charme,0,1,1
charmed,29,51,80
charmedmemory,0,1,1
charmer,2,10,12
charmers,0,3,3
charmin,1,1,2
charming,40,95,135
charmingjoe,0,1,1
charmingly,0,1,1
charmings,1,1,2
charmouth,1,0,1
charms,35,55,90
charmzz,0,1,1
charnas,1,0,1
charnel,1,1,2
charnelle,0,2,2
charni,0,1,1
charnock,1,0,1
charo,0,2,2
charolette,2,0,2
charon,1,0,1
charos,0,2,2
charot,0,1,1
charqer,0,1,1
charqui,1,0,1
charred,7,0,7
charrie,0,2,2
charries,3,0,3
charring,4,1,5
charrise,0,1,1
charro,1,0,1
charrrlyyy,1,0,1
charrrrmmeddd,0,1,1
charrrrrrrrlieeeeeeeee,0,1,1
charry,2,0,2
chars,30,51,81
charset,0,1,1
charsiew,1,0,1
chart,41,89,130
charted,0,2,2
charter,24,11,35
chartered,1,0,1
charters,1,1,2
chartier,0,1,1
charting,4,2,6
chartoon,1,0,1
chartres,1,0,1
chartreuse,0,2,2
charts,27,64,91
chartshow,1,3,4
charttechnical,0,1,1
chartwell,0,4,4
charty,1,0,1
charulata,0,1,1
charust,0,1,1
charv,2,0,2
charweee,0,1,1
chary,0,2,2
charysh,1,0,1
chas,4,5,9
chasaaaa,0,1,1
chasatee,0,1,1
chasawy,1,0,1
chase,138,171,309
chased,67,26,93
chaseeeeee,0,1,1
chasen,1,0,1
chaser,16,38,54
chaserfield,0,1,1
chaserrr,1,0,1
chasers,7,20,27
chases,5,10,15
chaseton,1,0,1
chasez,1,1,2
chasgasm,0,1,1
chashm,0,1,1
chasids,0,1,1
chasin,4,5,9
chasing,99,110,209
chasis,1,0,1
chasitys,1,0,1
chaska,1,1,2
chaske,1,0,1
chasm,1,1,2
chason,0,1,1
chass,0,2,2
chassidy,1,1,2
chassie,0,1,1
chassis,2,4,6
chassity,0,1,1
chasssiiinnn,0,1,1
chast,1,0,1
chastain,0,1,1
chaste,0,2,2
chastened,1,0,1
chaster,0,4,4
chasters,1,6,7
chastise,0,1,1
chastised,4,2,6
chastisement,1,0,1
chastity,6,3,9
chasy,0,1,1
chat,1066,1350,2416
chata,4,0,4
chatable,1,0,1
chatango,1,0,1
chatbot,0,1,1
chatbox,2,2,4
chatch,1,1,2
chate,0,2,2
chateada,1,0,1
chateado,2,1,3
chateando,0,1,1
chateau,4,13,17
chateauneuf,0,1,1
chateauvallon,0,1,1
chatelain,1,0,1
chatf,1,0,1
chatfail,1,0,1
chatham,9,2,11
chatheads,0,1,1
chatice,2,1,3
chatiing,0,1,1
chatin,1,3,4
chating,7,11,18
chatinha,1,0,1
chatinho,0,1,1
chatitaa,1,0,1
chatn,0,1,1
chato,15,2,17
chatran,0,2,2
chatroll,5,5,10
chatroom,42,25,67
chatrooms,2,0,2
chats,66,75,141
chatshow,1,0,1
chatsville,1,0,1
chatswongggg,0,1,1
chatswood,2,4,6
chatsworth,1,3,4
chatt,3,9,12
chattable,1,0,1
chattahoochess,1,0,1
chattanon,0,1,1
chattanooga,13,15,28
chattar,0,1,1
chatted,28,55,83
chatten,1,1,2
chatter,20,24,44
chatterbox,3,6,9
chatterboxs,1,0,1
chatterboxy,0,1,1
chatterer,1,0,1
chatterers,0,1,1
chatterfield,0,1,1
chattering,4,4,8
chatters,1,1,2
chattery,1,0,1
chattig,0,1,1
chattign,1,0,1
chattin,17,37,54
chatting,210,487,697
chattisgarh,0,1,1
chattng,0,1,1
chatto,1,0,1
chattsy,1,0,1
chattt,1,0,1
chattting,0,1,1
chatttt,1,0,1
chattttt,1,0,1
chattttttt,1,0,1
chatttyy,1,0,1
chatty,17,45,62
chattyloves,0,1,1
chattyman,1,2,3
chattyy,0,1,1
chatuchak,0,1,1
chatweet,0,1,1
chaty,1,0,1
chatz,1,2,3
chatzy,5,10,15
chatzyy,0,1,1
chatzzzz,1,0,1
chau,3,6,9
chaubran,0,1,1
chaucer,1,4,5
chauck,1,0,1
chaud,0,2,2
chaudhary,0,1,1
chaueffer,1,0,1
chaufer,0,1,1
chaufeur,0,1,1
chauffe,1,0,1
chauffer,3,3,6
chauffered,0,1,1
chauffeur,8,9,17
chauffeuring,1,1,2
chauh,0,1,1
chaui,1,0,1
chaulk,0,1,1
chaunc,0,1,1
chaunce,1,0,1
chauncey,6,2,8
chauncy,1,0,1
chauntelle,0,1,1
chausible,0,1,1
chaussures,0,1,1
chautauqua,1,0,1
chauvinism,1,0,1
chauvinistic,0,2,2
chaux,0,1,1
chav,16,10,26
chavacano,1,0,1
chave,1,0,1
chavela,0,1,1
chavelas,0,1,1
chaves,1,0,1
chavez,7,7,14
chavezisme,0,1,1
chavezpa,1,0,1
chaving,0,1,1
chavira,1,0,1
chavo,0,2,2
chavous,0,1,1
chavruta,0,1,1
chavs,15,10,25
chavsda,1,0,1
chavski,0,1,1
chavtasic,0,1,1
chavtastic,0,1,1
chavtownband,0,1,1
chavvs,1,0,1
chavvy,4,2,6
chavy,2,4,6
chawal,0,4,4
chawla,1,1,2
chawleez,1,0,1
chawlie,1,3,4
chawn,0,1,1
chax,1,1,2
chay,5,3,8
chaya,1,2,3
chayakkada,0,1,1
chaykin,1,0,1
chayla,0,1,1
chayotes,0,1,1
chays,1,1,2
chayss,1,0,1
chaz,9,15,24
chaza,1,0,1
chaze,1,0,1
chazey,0,1,1
chaziboy,0,1,1
chazy,0,1,1
chazz,1,2,3
chazza,1,0,1
chazzo,1,0,1
chbabe,1,0,1
chbosky,1,1,2
chc,2,2,4
chce,0,2,2
chcecck,1,0,1
chcela,0,1,1
chcem,2,0,2
chch,5,5,10
chcholate,0,1,1
chchtweetup,2,1,3
chci,0,1,1
chcis,1,0,1
chck,3,1,4
chckd,1,1,2
chcken,1,0,1
chckin,0,1,1
chckn,2,0,2
chcoclate,1,0,1
chcolate,1,1,2
chcolates,1,0,1
chcolocate,1,0,1
chd,1,1,2
chdk,1,1,2
chdstaffretreat,1,0,1
che,20,35,55
chea,0,12,12
cheaa,1,2,3
cheaaa,1,3,4
cheaaaaa,0,1,1
cheaaaaaaaaaaaaaa,0,1,1
cheaaap,0,1,1
cheaahhh,0,1,1
cheack,0,1,1
cheacking,0,1,1
chead,1,0,1
cheadle,0,1,1
cheah,1,1,2
cheahwen,1,0,1
cheak,1,2,3
cheaking,0,1,1
chealea,1,0,1
chealse,1,1,2
chealsea,0,2,2
chealys,1,0,1
cheap,449,488,937
cheapass,0,2,2
cheapcheapcheap,1,1,2
cheaped,2,0,2
cheapees,1,0,1
cheapens,0,1,1
cheaper,129,169,298
cheaperrr,0,1,1
cheaperrrr,0,1,1
cheapest,42,25,67
cheapflights,0,1,1
cheapie,0,1,1
cheapies,0,2,2
cheapish,1,2,3
cheaply,5,2,7
cheapness,0,2,2
cheapo,7,8,15
cheapos,1,0,1
cheapp,0,1,1
cheapr,1,0,1
cheaps,1,3,4
cheapskate,2,5,7
cheapskates,0,1,1
cheapspeakers,1,0,1
cheaptix,1,0,1
cheaptrick,0,1,1
cheaptweet,0,4,4
cheapvps,1,0,1
cheapy,6,1,7
chear,5,1,6
chearing,2,1,3
chearleaders,1,0,1
chears,0,1,1
cheas,0,1,1
cheascake,1,0,1
chease,1,0,1
cheasy,0,2,2
cheat,90,83,173
cheatah,0,1,1
cheateau,0,1,1
cheated,123,28,151
cheater,20,15,35
cheaterrs,0,1,1
cheaters,14,18,32
cheatin,19,3,22
cheating,131,63,194
cheatingg,0,1,1
cheatingon,1,0,1
cheatlake,0,1,1
cheatmateeee,1,0,1
cheats,19,11,30
cheatsheet,1,0,1
cheavor,0,1,1
cheb,0,1,1
cheba,2,0,2
cheban,1,0,1
chebbiez,0,1,1
cheburashka,0,1,1
chebyshev,1,0,1
chec,0,2,2
checa,0,1,1
checando,0,1,1
checar,0,2,2
checaste,1,0,1
checcin,0,1,1
checck,0,1,1
checcs,0,1,1
chech,0,4,4
checheck,0,1,1
cheched,0,2,2
chechi,0,1,1
cheching,0,1,1
chechnya,1,0,1
chechout,1,0,1
chechov,0,1,1
checjed,1,0,1
check,2351,6428,8779
checkage,1,0,1
checkbook,13,4,17
checkbox,5,1,6
checkcheckaaandcheck,1,0,1
checkd,7,0,7
checkdb,0,1,1
checked,750,529,1279
checken,0,2,2
checkenfoot,0,1,1
checker,12,12,24
checkerboard,0,1,1
checkerd,1,0,1
checkered,3,6,9
checkeredxlies,0,1,1
checkers,15,19,34
checkertail,0,1,1
checket,0,1,1
checki,0,1,1
checkig,0,1,1
checkimg,0,1,1
checkin,67,119,186
checking,496,894,1390
checkit,0,1,1
checkitout,0,1,1
checkity,1,0,1
checkk,0,10,10
checkkiitoutt,0,1,1
checkkk,0,1,1
checkkkk,0,1,1
checkkkkk,1,0,1
checkkkkmmarrrkkkksss,0,1,1
checklane,1,0,1
checklist,3,15,18
checklists,0,2,2
checkmark,1,0,1
checkmarks,1,1,2
checkmate,0,4,4
checkmated,0,1,1
checkn,2,1,3
checkng,0,2,2
checkout,32,49,81
checkouts,2,0,2
checkov,0,1,1
checkplease,0,1,1
checkpoint,9,5,14
checkpoints,1,1,2
checkpropane,1,0,1
checkride,0,1,1
checks,87,52,139
checkside,1,0,1
checkt,1,2,3
checkup,17,21,38
checkups,2,3,5
checkusernames,0,1,1
checky,0,1,1
checkz,0,1,1
checl,0,1,1
checq,1,0,1
checque,0,1,1
ched,1,0,1
chedar,0,1,1
chedda,0,2,2
cheddar,31,32,63
cheddarmancer,1,0,1
cheddars,5,9,14
cheddarwursts,1,0,1
chedder,2,0,2
cheddered,0,1,1
chedders,0,1,1
cheddigton,1,0,1
cheders,0,1,1
chedington,1,0,1
cheds,1,0,1
chedsy,1,0,1
chee,6,9,15
cheea,0,1,1
cheeaaa,0,2,2
cheeaaaaaa,0,1,1
cheeaecake,0,1,1
cheeba,1,2,3
cheeburger,1,2,3
cheech,0,8,8
cheechee,1,0,1
cheeck,0,1,1
cheecks,1,1,2
cheecky,0,1,1
cheeco,2,0,2
cheeder,0,1,1
cheee,2,3,5
cheeeaaa,0,1,1
cheeeck,1,0,1
cheeee,0,1,1
cheeeeap,1,1,2
cheeeeeap,0,1,1
cheeeeeee,1,0,1
cheeeeeeeeer,0,1,1
cheeeeeeer,0,1,1
cheeeeeeese,0,1,1
cheeeeeese,1,0,1
cheeeeeesy,0,1,1
cheeeeek,1,0,1
cheeeeel,1,0,1
cheeeeerleading,0,1,1
cheeeeerrrr,0,1,1
cheeeeers,0,1,1
cheeeeese,0,1,1
cheeeeesecake,0,1,1
cheeeeeze,0,1,1
cheeeer,1,0,1
cheeeers,0,1,1
cheeeese,1,3,4
cheeeesed,1,0,1
cheeeessseee,0,1,1
cheeeks,2,0,2
cheeeky,0,1,1
cheeen,1,0,1
cheeep,0,1,1
cheeer,3,2,5
cheeers,0,3,3
cheeese,1,1,2
cheeeseburgers,0,1,1
cheeesecake,0,1,1
cheeeseeeee,0,1,1
cheeesy,0,2,2
cheeeze,0,1,1
cheeezul,0,1,1
cheeezy,1,0,1
cheehee,0,1,1
cheehoo,0,1,1
cheek,102,73,175
cheekache,1,0,1
cheekage,1,0,1
cheekbone,3,0,3
cheeked,2,0,2
cheekend,1,0,1
cheeki,1,1,2
cheekies,1,1,2
cheekiest,0,1,1
cheekilicious,0,1,1
cheeko,0,1,1
cheeks,61,56,117
cheeksi,1,0,1
cheekskt,1,0,1
cheeky,36,98,134
cheekybitch,0,1,1
cheekychicke,0,2,2
cheekychicken,0,2,2
cheekymonkeys,0,1,1
cheekyness,0,1,1
cheel,0,1,1
cheeling,0,1,1
cheema,0,1,1
cheemaro,0,1,1
cheena,1,0,1
cheenatown,1,0,1
cheep,10,8,18
cheeper,2,2,4
cheeping,1,1,2
cheer,679,569,1248
cheercamp,1,0,1
cheercheercheerin,1,0,1
cheerd,1,0,1
cheerdance,0,2,2
cheered,53,79,132
cheereo,0,1,1
cheereos,1,0,1
cheerful,23,55,78
cheerfull,0,1,1
cheerfully,2,4,6
cheerfulness,1,1,2
cheerie,0,1,1
cheerier,0,2,2
cheerily,0,2,2
cheerin,9,3,12
cheeriness,2,2,4
cheering,160,137,297
cheerinq,1,0,1
cheerio,8,11,19
cheerios,38,56,94
cheerleader,11,33,44
cheerleaderr,0,1,1
cheerleaders,5,13,18
cheerleading,40,27,67
cheerleadinggg,0,1,1
cheerleadings,1,0,1
cheerleadr,1,0,1
cheerless,1,0,1
cheerp,0,1,1
cheerrin,0,1,1
cheerrr,1,0,1
cheerrrryy,0,1,1
cheers,170,1133,1303
cheerss,0,1,1
cheerthebold,0,1,1
cheerup,1,3,4
cheerwine,3,3,6
cheery,17,45,62
cheerybye,0,1,1
cheerybyeee,0,1,1
cheerz,0,2,2
chees,2,2,4
cheesburger,1,5,6
cheescake,4,9,13
cheese,725,1030,1755
cheeseballs,2,0,2
cheesebarn,0,1,1
cheeseboard,0,3,3
cheesebuger,1,0,1
cheeseburger,63,57,120
cheeseburgers,5,22,27
cheeseburglar,1,0,1
cheeseburguer,0,1,1
cheeseburst,1,0,1
cheesecake,127,213,340
cheesecakeee,0,1,1
cheesecakes,2,6,8
cheesecurds,1,0,1
cheesed,11,0,11
cheesee,0,1,1
cheeseeee,0,1,1
cheesegeek,0,1,1
cheesehead,1,0,1
cheeseish,0,1,1
cheesekake,1,0,1
cheeseland,0,1,1
cheeseless,2,0,2
cheeselist,0,1,1
cheeselmao,0,1,1
cheesemakers,0,1,1
cheeseness,0,1,1
cheesepancakes,1,0,1
cheesepie,0,1,1
cheeseplant,0,1,1
cheeseplatter,1,0,1
cheesequake,0,2,2
cheeserat,1,0,1
cheeseravioli,0,1,1
cheeses,8,19,27
cheesessss,0,1,1
cheesesteak,11,6,17
cheesesteaks,1,2,3
cheesesticks,3,1,4
cheesey,9,10,19
cheeseyly,0,1,1
cheeseyone,1,0,1
cheesier,1,1,2
cheesies,0,1,1
cheesiest,0,6,6
cheesin,0,6,6
cheesiness,1,2,3
cheesing,0,3,3
cheesseeeeecake,0,1,1
cheesssy,0,1,1
cheesteak,0,1,1
cheesticks,0,1,1
cheesus,2,1,3
cheesy,70,180,250
cheesyness,0,1,1
cheesywellies,1,0,1
cheet,1,0,1
cheetah,13,30,43
cheetahs,3,4,7
cheetas,2,0,2
cheeters,0,1,1
cheeto,9,7,16
cheetoes,0,2,2
cheetoh,2,1,3
cheetohs,0,2,2
cheetos,36,38,74
cheev,1,0,1
cheevers,1,0,1
cheevo,1,0,1
cheevos,1,1,2
cheey,1,0,1
cheeyy,1,0,1
cheez,14,22,36
cheezay,1,0,1
cheezbox,0,2,2
cheezbu,0,1,1
cheezburger,2,3,5
cheezburgers,0,2,2
cheeze,3,8,11
cheezels,1,2,3
cheezen,0,1,1
cheezie,0,1,1
cheezies,0,1,1
cheezin,0,1,1
cheezit,1,2,3
cheezits,4,4,8
cheezles,0,1,1
cheezy,4,13,17
chef,115,182,297
chefboyardee,0,1,1
chefcking,0,1,1
cheffie,1,0,1
cheffin,0,1,1
cheffing,1,0,1
cheffuer,1,0,1
cheffy,1,3,4
chefs,6,16,22
chefter,0,1,1
chega,2,3,5
chegaaando,1,0,1
chegalogo,0,1,1
chegando,1,1,2
chegar,1,4,5
chegaram,0,2,2
chegay,1,3,4
cheget,0,1,1
cheggars,0,2,2
cheggers,1,4,5
cheghad,2,0,2
cheghadr,2,0,2
chegou,3,4,7
chegs,0,1,1
cheguei,1,0,1
chegwin,0,2,2
chehalis,1,0,1
cheia,1,0,1
cheif,3,4,7
cheifing,1,0,1
cheifs,0,3,3
cheio,0,2,2
cheistiano,1,0,1
cheita,0,1,1
chek,4,15,19
cheka,0,1,1
chekc,0,1,1
cheked,1,1,2
chekele,0,1,1
chekhov,0,4,4
chekie,1,0,1
chekin,3,2,5
cheking,1,9,10
chekk,0,2,2
chekked,1,0,1
chekkn,1,0,1
chekoslovakian,0,1,1
chekov,5,6,11
chekvala,1,0,1
chel,4,4,8
chela,1,1,2
chelada,0,2,2
chelan,1,3,4
chelas,0,1,1
chelasssssssssssss,1,0,1
chelbin,0,1,1
chelbinnnn,0,1,1
chelc,0,1,1
chelcie,0,1,1
chele,1,2,3
chelinos,0,1,1
chelioooooo,1,0,1
chelios,0,1,1
chelk,0,1,1
chelkoon,0,1,1
chelksi,0,1,1
chell,0,2,2
chella,0,1,1
chellappa,0,1,1
chelle,8,11,19
chellegowhee,0,2,2
chellelilbmore,0,1,1
chelles,1,0,1
chelley,0,1,1
chelleysmiles,0,1,1
chellez,1,1,2
chelli,1,0,1
chellie,0,3,3
chellllllllllllllllle,0,1,1
chello,1,2,3
chellooooo,0,1,1
chells,1,1,2
chelly,4,3,7
chellypro,1,0,1
chellz,2,0,2
chelmo,1,1,2
chelmsford,4,2,6
chelo,0,3,3
chelping,1,0,1
chels,16,31,47
chelsay,1,0,1
chelsea,227,352,579
chelseaa,0,3,3
chelseaaa,1,0,1
chelseaaaa,2,0,2
chelseaaaaaa,0,1,1
chelseababy,1,0,1
chelseafc,1,0,1
chelseamarshall,1,0,1
chelsearoseeeadd,0,1,1
chelseas,2,7,9
chelseataan,1,0,1
chelsee,1,1,2
chelseea,0,1,1
chelsey,9,18,27
chelseyyyyyy,1,1,2
chelsi,0,1,1
chelsie,5,4,9
chelski,2,2,4
chelssss,0,1,1
chelsssssea,0,1,1
chelster,0,1,1
chelsy,2,0,2
chelt,0,2,2
cheltenham,3,4,7
cheltscifest,0,1,1
chely,1,0,1
chelyabinsk,1,0,1
chelz,0,3,3
chem,257,118,375
chema,0,1,1
chemaaas,0,1,1
chemas,2,0,2
chembur,1,2,3
chemcal,0,1,1
chemcial,0,1,1
chemda,1,0,1
chemeg,1,0,1
chemestry,8,0,8
chemex,1,0,1
chemi,2,1,3
chemical,32,44,76
chemicalized,0,1,1
chemicalkid,1,2,3
chemically,5,2,7
chemicals,25,21,46
chemicaly,0,1,1
chemicles,0,1,1
chemics,1,2,3
chemie,1,4,5
chemiical,1,0,1
chemirsty,1,0,1
chemis,1,0,1
chemisrty,1,0,1
chemist,20,9,29
chemistrey,1,0,1
chemistry,448,174,622
chemistryhon,1,0,1
chemistryy,0,1,1
chemistryyy,1,0,1
chemistryyyyy,0,1,1
chemists,1,0,1
chemisttry,1,0,1
chemisty,2,1,3
chemitry,0,1,1
chemm,1,1,2
chemnitz,1,0,1
chemo,47,14,61
chemotherapy,2,1,3
chempaka,0,1,1
chemphys,1,0,1
chems,2,3,5
chemsitry,4,1,5
chemtrails,1,0,1
chen,10,9,19
chenae,1,0,1
chendol,0,1,1
chene,0,1,1
cheneaux,1,0,1
chenelle,2,1,3
chenene,1,0,1
cheney,9,23,32
cheng,4,7,11
chengdu,2,1,3
chenge,1,0,1
chengpi,1,0,1
chengs,0,1,1
chenin,0,2,2
chenl,0,1,1
chenna,1,0,1
chennai,45,36,81
chenney,1,0,1
chennnn,0,1,1
cheno,1,1,2
chenoa,0,1,1
chenor,1,0,1
chenoweth,0,9,9
chens,1,1,2
chente,4,0,4
chenteeee,1,0,1
cheo,1,1,2
cheok,1,0,1
cheom,0,1,1
cheong,1,2,3
cheppo,1,0,1
cheppu,1,0,1
chepstow,1,0,1
cheque,22,29,51
chequealo,0,3,3
chequered,0,1,1
cheques,7,8,15
chequing,1,0,1
cher,30,33,63
chera,2,0,2
cherais,0,1,1
cheras,2,2,4
cherating,1,0,1
cherberry,1,0,1
cherbourg,0,1,1
cherch,0,1,1
cherche,0,1,1
cherching,1,0,1
chercies,2,0,2
chereography,1,0,1
cherese,1,0,1
chergo,0,1,1
cherholic,1,0,1
cheri,9,6,15
cheriberi,1,0,1
cherice,1,1,2
cherie,6,20,26
cherieeeeee,0,1,1
cheries,0,1,1
cherifer,1,0,1
cheril,1,0,1
cherine,0,1,1
cherio,0,1,1
cherios,4,1,5
cherise,1,2,3
cherish,27,53,80
cherishable,0,1,1
cherished,4,5,9
cherishes,1,1,2
cherishing,0,3,3
cherisse,0,1,1
cheriton,0,1,1
cherity,0,1,1
cherlene,0,1,1
cherly,1,0,1
chermaine,1,0,1
chermside,3,2,5
chermy,0,1,1
chernobyl,4,1,5
cherokee,3,10,13
cherokeet,0,1,1
cherri,0,3,3
cherrie,1,2,3
cherrier,0,1,1
cherries,50,69,119
cherriespwn,0,1,1
cherrified,1,0,1
cherrios,7,0,7
cherrries,1,0,1
cherry,175,264,439
cherryade,0,2,2
cherrybrook,0,1,1
cherrybumbum,0,1,1
cherrycoke,0,1,1
cherryculture,0,1,1
cherrygirl,0,1,1
cherryh,0,1,1
cherryhead,0,1,1
cherryheads,0,1,1
cherrylicious,0,1,1
cherrylolita,0,1,1
cherrypicking,1,0,1
cherrypiepunk,1,0,1
cherrys,1,4,5
cherryss,0,1,1
cherrystone,1,0,1
cherrytree,2,6,8
cherrytreetv,1,0,1
cherryville,1,0,1
cherryyumyum,1,1,2
chers,1,0,1
cherub,1,6,7
cherubic,0,1,1
cherubs,4,21,25
cherups,0,1,1
cherus,1,0,1
chervil,1,0,1
chery,1,1,2
cherye,0,2,2
cheryl,30,53,83
cheryldine,1,0,1
cheryls,1,2,3
cherylyn,0,1,1
cherynes,0,1,1
ches,2,4,6
chesa,0,1,1
chesak,1,0,1
chesaning,1,0,1
chesapeake,3,5,8
chesapeke,0,1,1
chesca,1,2,3
chese,2,1,3
chesecake,0,1,1
cheseey,0,1,1
chesh,0,1,1
chesham,1,0,1
cheshire,10,10,20
cheshunt,1,0,1
chesire,0,1,1
cheska,0,4,4
cheskalabbyu,0,1,1
chesley,0,1,1
chesmitry,1,0,1
chesney,18,35,53
chesneyyys,0,1,1
chesnut,0,1,1
chesnutt,1,0,1
chess,50,46,96
chessa,1,0,1
chessboard,0,1,1
chessclub,1,0,1
chesscube,1,1,2
chesse,5,1,6
chessecake,5,1,6
chesses,1,1,2
chessica,1,0,1
chessie,0,1,1
chessing,0,1,1
chessington,0,3,3
chessmaster,0,1,1
chesss,2,0,2
chessy,0,4,4
chest,452,144,596
chesta,0,1,1
chestbumped,0,1,1
chested,3,1,4
chestefield,1,0,1
chester,52,59,111
chesterbunny,1,0,1
chesterday,32,68,100
chesterfield,6,6,12
chesterfrench,1,0,1
chesterland,0,1,1
chesterman,1,0,1
chestermere,1,0,1
chesterom,1,0,1
chesterquest,0,1,1
chesters,0,1,1
chesticles,2,1,3
chestii,0,1,1
chestiness,1,0,1
chestnut,2,9,11
chestnuts,0,2,2
cheston,1,0,1
chests,2,1,3
chesty,7,3,10
chet,6,9,15
cheta,1,0,1
chetan,1,0,1
chete,1,0,1
cheter,0,1,1
cheth,0,1,1
chethifysing,1,0,1
chetrishtelledanirasecajakedclinobeacelinetheresesunshinesienna,1,0,1
chettah,0,1,1
chetters,1,0,1
cheung,1,1,2
chevalier,0,1,1
chevasia,1,0,1
chevelle,1,2,3
chevere,0,1,1
chevet,0,1,1
cheveux,2,0,2
chevon,0,1,1
chevoooo,1,0,1
chevre,0,3,3
chevrolet,2,0,2
chevron,3,6,9
chevrons,1,0,1
chevvy,1,2,3
chevy,23,21,44
chevys,1,2,3
chew,80,59,139
chewable,3,1,4
chewables,1,0,1
chewauhah,1,1,2
chewbacc,1,0,1
chewbacca,3,5,8
chewbie,1,0,1
chewed,64,12,76
chewers,0,1,1
chewey,0,1,1
chewgum,0,1,1
chewie,4,4,8
chewier,0,1,1
chewies,2,0,2
chewin,4,3,7
chewiness,0,1,1
chewing,57,37,94
chewinggum,0,1,1
chewinnn,0,1,1
chewits,1,0,1
chews,14,9,23
chewwie,1,0,1
chewwing,0,1,1
chewww,1,0,1
chewy,16,21,37
chewysusanna,0,1,1
chex,9,11,20
chexmix,0,1,1
chey,5,10,15
cheyaaa,0,1,1
cheyanna,1,0,1
cheyanne,0,1,1
cheychey,0,1,1
cheye,1,0,1
cheyeah,1,1,2
cheyenne,14,12,26
cheyennes,1,1,2
cheyennne,1,0,1
cheylo,1,0,1
cheyne,2,1,3
chez,8,26,34
cheza,1,0,1
chezburger,1,0,1
chezy,1,0,1
chezz,1,0,1
chezza,0,1,1
chezzy,0,1,1
chf,7,1,8
chfi,1,1,2
chg,4,3,7
chgd,1,2,3
chgehcfncshvd,0,1,1
chgitem,1,0,1
chgo,2,0,2
chgs,0,1,1
chh,0,3,3
chha,0,1,1
chherr,1,0,1
chhers,0,1,1
chhh,0,1,1
chhheeese,0,1,1
chhhhaaaa,0,1,1
chhhhhhhillllingggg,0,1,1
chhhhr,1,0,1
chhi,0,1,1
chhip,0,1,1
chhod,2,0,2
chhodo,1,0,1
chhoota,1,0,1
chhote,0,1,1
chhs,2,0,2
chhun,0,2,2
chhutti,0,1,1
chi,204,185,389
chia,6,12,18
chiado,0,1,1
chiago,1,1,2
chiaki,2,2,4
chiam,0,1,1
chian,1,1,2
chiana,0,1,1
chiang,3,6,9
chiangmai,0,1,1
chiann,1,0,1
chiant,3,1,4
chianti,3,4,7
chiar,1,5,6
chiara,3,2,5
chiaras,0,1,1
chiarelli,1,0,1
chiarz,0,1,1
chiat,2,0,2
chiavatto,0,1,1
chiba,2,0,2
chibi,8,8,16
chibiwong,0,1,1
chibugan,0,1,1
chibuku,1,0,1
chibuzo,0,1,1
chic,30,81,111
chica,53,114,167
chicaaaaa,0,1,1
chicaaaaaaaaaaaaaaaaaaaaaaaa,1,0,1
chicaaaago,0,1,1
chicaboom,1,0,1
chicagland,1,0,1
chicago,760,622,1382
chicagoan,1,2,3
chicagoans,2,1,3
chicagobluesfestival,2,0,2
chicagoland,2,10,12
chicagolug,1,0,1
chicagoo,0,1,1
chicagooo,0,2,2
chicagoooo,1,0,1
chicagooooooooooooooooooooooooooooooooooooooooo,0,1,1
chicagopersonals,1,1,2
chicagorilla,0,1,1
chicagos,3,2,5
chicagoy,0,1,1
chicags,1,0,1
chicagz,1,0,1
chicahhhh,0,1,1
chicane,1,4,5
chicano,1,0,1
chicaog,1,0,1
chicargin,0,1,1
chicargo,1,0,1
chicaron,0,1,1
chicas,8,15,23
chicbuds,0,1,1
chiccarones,0,1,1
chicccccc,1,0,1
chicceee,0,1,1
chiccen,0,2,2
chicco,2,1,3
chice,0,1,1
chicfila,2,2,4
chicflick,1,0,1
chich,1,0,1
chicha,0,1,1
chichacho,1,0,1
chichacorn,0,1,1
chicharon,1,0,1
chicharones,1,1,2
chicharrito,0,1,1
chicharrone,1,0,1
chicharrones,0,1,1
chichen,1,0,1
chicherya,0,1,1
chichester,2,4,6
chichi,4,1,5
chichirya,0,1,1
chichis,0,1,1
chicho,0,1,1
chicies,1,0,1
chicigo,1,0,1
chicity,0,1,1
chick,326,436,762
chicka,10,32,42
chickababy,1,0,1
chickabiddy,1,0,1
chickaboom,0,1,1
chickadee,3,4,7
chickadees,0,2,2
chickam,0,2,2
chickamina,0,1,1
chickan,0,1,1
chickann,1,0,1
chickas,0,3,3
chickasha,1,0,1
chicke,0,3,3
chicked,0,1,1
chickedy,0,1,1
chickeeeen,0,1,1
chickeeen,0,1,1
chickees,1,0,1
chickem,2,1,3
chicken,1020,1211,2231
chickenburger,1,3,4
chickend,1,0,1
chickened,20,4,24
chickenegg,0,1,1
chickenfoot,5,4,9
chickening,3,0,3
chickenjoy,1,0,1
chickenladas,0,1,1
chickenlegs,1,0,1
chickenn,1,1,2
chickennn,1,0,1
chickenpie,0,1,1
chickenpox,8,1,9
chickens,61,50,111
chickenscratch,2,0,2
chickenshaqboi,0,1,1
chickenshit,1,0,1
chickensoup,0,1,1
chickenvillage,0,1,1
chickenwing,1,0,1
chickeny,1,2,3
chickenzz,1,0,1
chickeroni,0,1,1
chicket,0,1,1
chickey,0,1,1
chickfil,1,0,1
chickfila,8,6,14
chickfillaaaaaa,0,1,1
chickfla,1,0,1
chickflia,0,1,1
chickflick,2,1,3
chickhen,0,1,1
chicki,0,2,2
chickie,10,16,26
chickiee,1,0,1
chickies,1,1,2
chickin,1,2,3
chicking,0,1,1
chickintrain,1,0,1
chickita,0,1,1
chickkeeennn,0,1,1
chicklet,0,5,5
chicklettes,1,0,1
chicklit,2,0,2
chickmovie,0,1,1
chickn,0,6,6
chickpea,4,2,6
chickpeas,2,3,5
chicks,89,164,253
chicky,5,14,19
chickypoo,0,2,2
chickys,0,1,1
chiclesssssssss,1,0,1
chiclets,1,1,2
chiclett,0,1,1
chiclit,0,1,1
chicmillllllin,0,1,1
chico,23,37,60
chicong,0,2,2
chiconomise,1,0,1
chicooooo,0,1,1
chicopee,0,1,1
chicory,2,0,2
chicos,2,5,7
chicosci,1,0,1
chicpeas,1,0,1
chics,3,7,10
chicslacker,1,0,1
chictopia,1,3,4
chictots,0,1,1
chid,1,0,1
chidambaram,4,2,6
chidas,0,1,1
chiddlers,0,1,1
chidester,0,1,1
chidisan,0,1,1
chidiya,0,1,1
chidlom,0,2,2
chido,0,4,4
chidren,0,1,1
chie,0,6,6
chiecarty,0,1,1
chief,36,36,72
chiefdelphi,1,0,1
chiefredbeard,0,1,1
chiefs,12,13,25
chiefsbury,1,0,1
chieftain,1,0,1
chieftains,1,1,2
chiemsee,1,1,2
chien,3,1,4
chienn,0,1,1
chiepping,1,0,1
chiewchiew,0,1,1
chiewyan,0,1,1
chif,1,0,1
chiffon,2,4,6
chifley,1,0,1
chifunii,0,1,1
chiga,0,1,1
chige,0,3,3
chigger,0,1,1
chiggers,2,0,2
chiggity,0,1,1
chignon,0,1,1
chigo,1,0,1
chigothloli,0,1,1
chigs,0,1,1
chihauhau,0,1,1
chihuaha,0,1,1
chihuahas,1,0,1
chihuahua,39,36,75
chihuahuas,4,7,11
chihuhua,2,0,2
chihuly,0,2,2
chii,1,1,2
chiiaaaaaaaaaaaaaaaaaaaaaant,0,1,1
chiic,0,1,1
chiica,1,0,1
chiick,0,3,3
chiicka,0,1,1
chiiefs,1,0,1
chiiia,1,0,1
chiiickaaan,0,1,1
chiiiiiiiiiiiiiiiiillled,0,1,1
chiiiiiiiiiiliiiiiiin,0,1,1
chiiiiiiiilllllllll,1,0,1
chiiiiil,0,1,1
chiiiiiliiiiis,0,1,1
chiiiiilll,0,1,1
chiiiiitown,1,0,1
chiiiilllled,0,1,1
chiiiineeese,0,1,1
chiiiinese,0,1,1
chiiill,0,1,1
chiiilllling,0,1,1
chiiilllll,0,1,1
chiiip,0,1,1
chiil,0,1,1
chiilaxing,0,1,1
chiili,0,2,2
chiilin,3,2,5
chiiling,2,2,4
chiill,0,1,1
chiilleenn,0,1,1
chiilliin,0,1,1
chiilll,0,1,1
chiilllin,1,0,1
chiilout,0,1,1
chiinese,0,1,1
chiiol,1,0,1
chij,0,1,1
chijmes,0,2,2
chijtp,0,1,1
chik,18,19,37
chika,1,12,13
chikadee,0,2,2
chikai,0,1,1
chikara,2,0,2
chikas,0,2,2
chikay,3,0,3
chikdren,1,0,1
chikedi,1,0,1
chiken,5,4,9
chikenfingers,0,1,1
chiki,1,1,2
chikia,0,1,1
chikin,0,3,3
chikis,1,0,1
chikitaa,0,1,1
chikity,0,1,1
chikk,1,1,2
chikka,1,3,4
chikken,0,1,1
chikki,1,1,2
chikkin,0,1,1
chikkk,0,1,1
chikkn,1,0,1
chikn,1,2,3
chiko,2,1,3
chikoo,0,1,1
chikos,1,1,2
chiks,1,0,1
chiksssssssssssssssss,0,1,1
chiku,0,1,1
chikun,2,0,2
chiky,1,0,1
chil,4,4,8
chila,1,0,1
chilaquiles,1,2,3
chilax,3,1,4
chilaxin,0,4,4
chilaxing,1,8,9
chilaxxin,0,1,1
child,535,424,959
childbenefit,1,0,1
childbirth,3,4,7
childcare,15,4,19
childcraft,0,1,1
childd,1,1,2
childe,1,0,1
childen,2,1,3
childern,0,1,1
childers,1,0,1
childfree,0,3,3
childhood,145,156,301
childhoodbuddy,1,0,1
childhoods,1,0,1
childhoodscarsmuch,0,1,1
childhoodtoysbooth,0,1,1
childhook,0,1,1
childish,21,22,43
childishly,2,1,3
childishness,0,2,2
childless,5,3,8
childlike,2,4,6
childline,4,0,4
childlish,0,1,1
childminder,2,1,3
childminders,2,0,2
childminding,1,1,2
childness,1,0,1
childofthe,1,0,1
childrearing,0,1,1
childrem,0,1,1
children,501,523,1024
childrens,25,36,61
childrn,1,0,1
childrun,0,1,1
childs,7,5,12
childstudies,1,0,1
childsupport,1,0,1
chile,120,178,298
chilean,2,12,14
chilee,1,2,3
chileee,0,1,1
chileeee,0,1,1
chileeeeeeee,1,0,1
chileeeeeeeeeee,1,0,1
chileey,1,0,1
chilen,0,1,1
chilenos,0,1,1
chiles,0,3,3
chilhood,1,0,1
chili,98,148,246
chilichocolate,0,1,1
chilid,0,1,1
chilidogged,0,1,1
chilidogs,0,1,1
chilie,3,2,5
chilies,2,3,5
chiliingg,0,1,1
chilin,7,17,24
chiling,1,3,4
chilis,18,32,50
chilish,0,1,1
chiliss,0,1,1
chilisss,0,1,1
chilito,2,4,6
chilitooooo,1,0,1
chilkoot,0,1,1
chill,444,961,1405
chilla,1,1,2
chillage,1,1,2
chillah,0,1,1
chillan,3,2,5
chillando,1,0,1
chillar,0,1,1
chillate,0,1,1
chillax,16,52,68
chillaxation,1,0,1
chillaxe,0,1,1
chillaxed,3,5,8
chillaxen,1,1,2
chillaxiiin,0,1,1
chillaxin,36,76,112
chillaxing,15,44,59
chillaxingg,0,1,1
chillaxinggg,0,1,1
chillaxingggg,0,1,1
chillaxinn,0,1,1
chillaxn,1,1,2
chillbains,1,0,1
chillblains,1,0,1
chilld,0,1,1
chillday,1,1,2
chilled,58,151,209
chillem,0,1,1
chillen,71,150,221
chillening,1,0,1
chillennn,0,1,1
chiller,3,7,10
chillers,1,0,1
chillex,1,0,1
chilli,55,74,129
chillian,0,1,1
chilliar,0,1,1
chilliax,0,1,1
chillicothe,0,3,3
chillidog,1,0,1
chillie,2,0,2
chilliefalls,1,0,1
chillier,3,1,4
chillies,7,3,10
chillifish,1,0,1
chillig,0,3,3
chilliger,0,1,1
chilliiiin,1,0,1
chilliiiingggg,0,1,1
chilliiinnn,0,1,1
chilliin,0,1,1
chillil,1,0,1
chillin,514,1182,1696
chillinat,1,0,1
chillinchillin,0,1,1
chilliness,1,0,1
chilling,264,664,928
chillingg,0,2,2
chillinggg,1,1,2
chillingggg,1,4,5
chillingo,0,1,1
chillingoutnow,0,1,1
chillinn,0,3,3
chillinngg,0,1,1
chillinnn,1,1,2
chillinnnn,0,2,2
chillinnnnnnnn,0,1,1
chillinq,1,4,5
chillinqq,2,0,2
chillinqqq,0,1,1
chillins,2,1,3
chilliong,0,1,1
chillis,7,14,21
chilliwack,1,0,1
chilll,4,5,9
chilllaxing,0,1,1
chilllen,3,5,8
chillliinnnn,0,1,1
chilllin,2,5,7
chillling,3,3,6
chilllinggggg,0,1,1
chilllinngggggggg,1,0,1
chilllinnn,0,1,1
chilllinnnn,0,1,1
chillll,0,5,5
chillllaxxx,1,0,1
chilllleeeeeee,1,0,1
chillllen,0,1,1
chillllin,0,1,1
chilllling,0,1,1
chillllinnn,0,1,1
chilllll,0,3,3
chilllllan,0,1,1
chilllllaxin,0,1,1
chilllllennnnnn,0,1,1
chilllllin,0,1,1
chillllling,0,1,1
chillllll,0,2,2
chillllllen,0,1,1
chillllllin,1,0,1
chillllllinnn,0,1,1
chilllllllllin,0,1,1
chillllllllll,0,1,1
chilllllllllled,1,0,1
chillllllllllin,0,1,1
chilllllllllllax,0,1,1
chillllllllllllling,0,1,1
chillln,0,1,1
chillmaw,1,0,1
chillmode,0,1,1
chilln,23,23,46
chillness,1,1,2
chillng,2,1,3
chillnn,0,1,1
chillnnn,0,1,1
chillona,2,0,2
chillout,3,18,21
chillow,1,0,1
chills,97,35,132
chillssss,0,1,1
chillssssss,0,1,1
chilltimes,0,1,1
chilluns,0,2,2
chilly,181,139,320
chillyyyy,1,0,1
chillz,2,4,6
chilmistry,0,1,1
chiln,0,1,1
chilnualna,0,1,1
chilren,1,0,1
chils,0,1,1
chiltern,1,4,5
chilterns,1,0,1
chilton,0,1,1
chim,2,6,8
chima,0,1,1
chimaira,1,1,2
chimalis,1,0,1
chimay,1,1,2
chimchar,0,1,1
chime,2,11,13
chimed,1,1,2
chimenea,1,0,1
chimera,3,0,3
chimes,7,0,7
chimestry,1,0,1
chimez,0,1,1
chimi,1,0,1
chimichanga,3,1,4
chimichangas,1,2,3
chimichungas,0,1,1
chimie,1,1,2
chimiiiiiii,0,1,1
chimin,0,1,1
chiming,0,5,5
chimis,0,1,1
chimistry,1,0,1
chimmer,0,2,2
chimmers,1,0,1
chimmy,1,1,2
chimney,4,8,12
chimneys,2,0,2
chimojo,0,1,1
chimosas,0,1,1
chimp,4,7,11
chimpanzees,1,1,2
chimpies,1,0,1
chimping,1,0,1
chimples,1,0,1
chimpmunk,0,1,1
chimpoo,0,1,1
chimps,2,7,9
chimy,0,1,1
chin,144,94,238
china,327,234,561
chinafied,0,1,1
chinahearts,1,0,1
chinahouse,0,1,1
chinais,1,0,1
chinalatina,1,0,1
chinaman,0,1,1
chinamann,1,0,1
chinamans,1,0,1
chinas,1,0,1
chinasmack,1,0,1
chinato,0,1,1
chinatown,27,30,57
chinatummy,2,0,2
chinawhite,0,1,1
chinca,0,1,1
chincey,1,0,1
chinchila,0,1,1
chinchilla,6,3,9
chinchillaaaaaaaa,0,1,1
chinchillady,1,0,1
chinchillas,2,3,5
chinchin,0,1,1
chinchon,1,0,1
chincken,1,0,1
chincoteague,1,2,3
chindi,0,1,1
chine,0,1,1
chinease,2,3,5
chined,0,1,1
chinee,1,0,1
chineese,2,8,10
chinelo,1,2,3
chinemelu,3,0,3
chines,1,2,3
chinese,513,559,1072
chineseee,1,1,2
chineseeee,0,1,1
chineseeeeee,0,1,1
chineseeeeeeeeeeeeee,1,0,1
chinesepod,1,0,1
chineses,0,2,2
chinesey,0,1,1
chinesse,1,4,5
chiney,0,2,2
chinezeasca,0,2,2
ching,10,26,36
chinga,0,1,1
chingao,1,0,1
chingas,1,1,2
chingchong,1,0,1
chingdoooooooooooooooo,1,0,1
chingford,0,1,1
chinggggggg,0,1,1
chinggy,0,1,1
chinglish,0,1,1
chingo,1,2,3
chingona,0,1,1
chingos,1,0,1
chingus,0,2,2
chingwen,1,0,1
chingy,3,2,5
chinhands,0,1,1
chini,1,0,1
chinie,1,0,1
chinissa,0,1,1
chinita,1,1,2
chinitaaaaa,1,0,1
chinitos,1,0,1
chink,2,2,4
chinkanise,0,1,1
chinkeese,1,0,1
chinkiest,1,0,1
chinks,0,1,1
chinky,1,3,4
chinmi,1,0,1
chinned,1,0,1
chinnerys,1,0,1
chinnese,0,1,1
chinno,1,0,1
chinny,1,0,1
chinnychinchin,1,0,1
chino,18,14,32
chinois,0,4,4
chinola,0,1,1
chinomi,1,0,1
chinook,3,1,4
chinooks,1,0,1
chinos,1,0,1
chinoxl,0,1,1
chinoy,0,1,1
chinoz,0,1,1
chinqada,0,1,1
chins,4,2,6
chinse,0,1,1
chinta,1,0,1
chintan,0,1,1
chintars,1,0,1
chinternet,1,0,1
chintu,1,0,1
chinua,1,0,1
chinups,0,1,1
chinwag,1,4,5
chinwagging,0,1,1
chinyere,0,1,1
chio,2,1,3
chiobu,1,0,1
chiocago,1,0,1
chioce,1,0,1
chiodos,6,15,21
chiokla,0,1,1
chioma,2,0,2
chiong,2,1,3
chionging,1,0,1
chioo,2,0,2
chior,0,1,1
chiors,0,1,1
chiotos,0,1,1
chiotte,1,0,1
chiou,0,1,1
chip,193,306,499
chipboard,1,1,2
chipc,1,0,1
chiped,2,0,2
chipil,1,0,1
chipin,3,0,3
chiplead,0,1,1
chipleader,2,1,3
chipmink,0,1,1
chipmonk,1,2,3
chipmonks,0,1,1
chipmunck,0,1,1
chipmunk,24,20,44
chipmunks,3,11,14
chipolata,0,1,1
chipolatteeeee,1,0,1
chipolte,1,2,3
chipoltle,1,2,3
chipopitople,1,0,1
chipotle,86,92,178
chipotleeeee,0,1,1
chipotlefan,0,1,1
chipp,1,0,1
chippaz,1,0,1
chipped,75,15,90
chippen,0,1,1
chippendale,2,1,3
chippendales,0,3,3
chippenham,2,1,3
chipper,26,26,52
chippers,1,0,1
chippewa,1,1,2
chippie,3,2,5
chippies,2,8,10
chippin,1,2,3
chippinf,1,0,1
chipping,16,2,18
chipple,0,1,1
chippopotamus,0,1,1
chipps,0,1,1
chippy,16,18,34
chippys,0,1,1
chiprolls,0,1,1
chips,358,411,769
chipsahoy,0,1,1
chipset,6,0,6
chipsets,2,0,2
chipshopawards,0,1,1
chipss,0,2,2
chipsssssss,0,1,1
chipstick,1,0,1
chipsticks,0,2,2
chipsuri,1,1,2
chiptole,2,1,3
chiptune,5,1,6
chiptunes,0,1,1
chipy,0,1,1
chipz,2,1,3
chiq,2,0,2
chiqs,1,0,1
chiquatito,0,1,1
chique,0,2,2
chiqui,0,3,3
chiquis,1,0,1
chiquita,3,3,6
chiquitas,0,1,1
chiquito,1,1,2
chiquitos,0,1,1
chirality,1,0,1
chiranjeevi,1,0,1
chiraptophobic,1,0,1
chirbit,0,1,1
chiripactor,1,0,1
chirizio,0,1,1
chirnside,1,0,1
chiro,24,8,32
chiron,0,2,2
chiropactor,1,0,1
chiropracter,1,2,3
chiropractic,6,0,6
chiropractics,1,0,1
chiropractor,46,18,64
chiropractors,3,2,5
chiroptera,1,0,1
chiros,1,0,1
chirp,13,13,26
chirparama,0,1,1
chirped,2,1,3
chirper,0,1,1
chirpful,0,1,1
chirpin,3,3,6
chirping,31,51,82
chirpractor,1,1,2
chirps,0,5,5
chirpy,6,13,19
chirpyness,0,2,2
chirr,0,1,1
chirren,1,1,2
chirring,0,1,1
chirris,0,1,1
chirs,1,3,4
chirst,0,2,2
chirstieeee,0,1,1
chirstina,1,0,1
chirstopher,0,1,1
chiru,0,2,2
chirunning,0,1,1
chiruzas,1,0,1
chis,1,3,4
chisasibi,2,0,2
chisato,1,0,1
chise,1,0,1
chisec,1,0,1
chisel,3,2,5
chiseled,0,1,1
chiseling,0,1,1
chisels,1,1,2
chishinau,1,0,1
chishington,0,1,1
chisholm,1,2,3
chisinau,0,1,1
chisler,1,0,1
chislett,0,1,1
chisme,0,2,2
chismis,0,3,3
chismosa,1,1,2
chismoso,0,1,1
chispas,0,1,1
chispea,1,0,1
chispeando,0,1,1
chisslets,0,1,1
chissons,0,1,1
chistan,1,0,1
chiste,2,1,3
chistes,1,1,2
chistmas,0,1,1
chiswick,0,7,7
chit,16,45,61
chita,1,0,1
chitar,0,1,1
chitara,0,1,1
chitate,1,0,1
chitato,0,1,1
chitchat,1,1,2
chitchating,0,1,1
chitchatting,0,2,2
chitellmsft,0,3,3
chithi,1,0,1
chitika,0,1,1
chitivas,1,1,2
chitlens,1,0,1
chitlins,2,1,3
chitnis,0,1,1
chito,1,1,2
chitow,1,0,1
chitown,13,24,37
chitoz,0,1,1
chitra,0,1,1
chitrangada,0,1,1
chittenango,1,0,1
chitter,3,1,4
chitties,0,1,1
chittom,0,2,2
chitty,7,5,12
chittybang,1,0,1
chitu,1,0,1
chitucky,1,0,1
chiu,2,5,7
chiuahah,1,0,1
chiuahaha,1,0,1
chiuahua,0,1,1
chiuauaua,0,1,1
chiuowa,1,0,1
chiv,1,0,1
chiva,0,1,1
chivalrous,1,2,3
chivalry,3,11,14
chivas,6,4,10
chive,1,4,5
chivers,1,1,2
chives,3,5,8
chivilcoy,0,1,1
chivo,0,1,1
chivvy,1,1,2
chiwaaaaaa,0,1,1
chiwawa,0,1,1
chiweenie,1,0,1
chix,7,16,23
chixago,1,0,1
chiyas,0,1,1
chiyeeerr,1,0,1
chiyo,0,1,1
chiyoda,1,0,1
chiz,1,1,2
chizeck,0,1,1
chizi,2,1,3
chizmux,1,0,1
chizzy,1,0,1
chjo,1,0,1
chk,23,55,78
chkchk,0,1,1
chkd,1,1,2
chkdisk,1,0,1
chkdsk,1,0,1
chke,1,0,1
chked,2,1,3
chken,0,1,1
chkin,1,0,1
chking,1,0,1
chkknfd,0,1,1
chkn,7,4,11
chkns,1,0,1
chkpea,0,1,1
chks,0,2,2
chl,2,0,2
chlamydia,3,1,4
chlastat,0,1,1
chldren,0,1,1
chleb,0,1,1
chleka,0,1,1
chlesea,0,1,1
chlidren,1,0,1
chliin,0,1,1
chllen,0,1,1
chllin,0,1,1
chlling,0,1,1
chlo,2,6,8
chlobear,0,1,1
chlobug,1,0,1
chloe,84,122,206
chloechloechloechloechloechloechloechloechloechloechloe,0,1,1
chloecs,1,0,1
chloee,3,3,6
chloeee,0,1,1
chloees,0,1,1
chloekins,0,1,1
chloes,2,4,6
chloraseptic,1,0,1
chlorinated,0,1,1
chlorine,30,8,38
chlormint,0,1,1
chloroform,0,1,1
chloroformed,1,0,1
chloschmo,0,1,1
chlostrophobic,1,0,1
chlsea,0,1,1
chlt,1,0,1
chlubit,0,1,1
chm,3,3,6
chmapionship,1,0,1
chmeistry,0,1,1
chmielewska,0,1,1
chmod,0,3,3
chn,2,0,2
chnage,3,1,4
chnaged,1,0,1
chnce,1,2,3
chnel,1,0,1
chng,1,1,2
chnging,1,0,1
chngs,1,1,2
chni,1,0,1
chnl,2,0,2
chnsroy,0,1,1
chntpw,0,1,1
cho,41,51,92
choa,0,1,1
choacnuhkaw,0,1,1
choaisseoyo,0,1,1
choalate,0,1,1
choar,1,0,1
choas,0,1,1
chobits,0,1,1
chobots,2,3,5
choc,116,145,261
choca,1,0,1
chocaaaaann,1,0,1
chocablog,0,1,1
chocaholic,0,1,1
chocalate,1,2,3
chocan,1,0,1
chocate,0,1,1
chocc,1,0,1
chocca,0,1,1
chocchip,1,0,1
chocchips,1,0,1
choccie,7,7,14
choccies,2,4,6
chocco,0,1,1
choccy,6,11,17
chocet,0,1,1
chocha,1,0,1
choche,0,1,1
chocholat,0,1,1
chocholate,2,0,2
choci,0,2,2
chocie,1,1,2
chocies,1,0,1
chocimos,1,0,1
chock,3,5,8
chockablock,1,0,1
chocked,8,1,9
chockers,1,0,1
chockin,1,0,1
chocking,5,0,5
chocklat,0,1,1
chocklit,0,2,2
chocklock,0,1,1
chockstart,1,0,1
chocky,1,3,4
chocl,0,1,1
choclate,14,19,33
choclatebar,0,1,1
choclates,0,1,1
choclatey,1,0,1
choclaty,0,1,1
chocloate,1,1,2
chocmilk,0,1,1
chocnut,1,1,2
choco,38,73,111
chocoalte,0,1,1
chocoaltes,1,0,1
chocoate,0,1,1
chocobanana,1,0,1
chocobo,0,2,2
chococat,1,2,3
chocochip,1,1,2
chococlate,1,0,1
chocodate,0,1,1
chocodile,1,0,1
chocogobble,0,1,1
chocohawas,0,1,1
chocoholic,3,1,4
chocojoe,0,1,1
chocolaaaaaaate,1,0,1
chocolaet,0,1,1
chocolah,0,1,1
chocolait,2,0,2
chocolant,0,1,1
chocolat,4,17,21
chocolate,1264,1873,3137
chocolatecake,0,4,4
chocolatechip,2,2,4
chocolatee,1,3,4
chocolateee,0,1,1
chocolateeee,1,2,3
chocolateeeee,0,1,1
chocolateland,0,1,1
chocolately,1,1,2
chocolatemilkshake,1,0,1
chocolatepudding,0,1,1
chocolates,60,93,153
chocolatesformen,0,1,1
chocolatetwibe,0,1,1
chocolatey,11,8,19
chocolatez,0,1,1
chocolatier,1,1,2
chocolating,0,1,1
chocolats,1,0,1
chocolatte,0,1,1
chocolattte,0,1,1
chocolaty,2,7,9
chocoloholic,1,0,1
chocolope,0,1,1
chocolte,1,0,1
chocomate,0,1,1
chocomel,1,0,1
chocomilk,1,0,1
chocomousse,1,0,1
chocomrp,0,1,1
chocoo,0,1,1
chocopie,1,0,1
chocos,2,3,5
chocoslam,0,1,1
chocosyrup,0,1,1
chocotacos,0,1,1
chocr,0,1,1
chocs,5,11,16
choctal,0,1,1
choctaw,1,0,1
choctop,0,1,1
choctruffle,2,0,2
choctwestival,0,2,2
chocula,3,0,3
chocy,2,0,2
choda,2,0,2
chode,1,2,3
choderlos,0,1,1
chodim,0,1,1
chods,0,1,1
choe,0,1,1
chof,0,1,1
choffer,1,0,1
choi,8,4,12
choiba,1,0,1
choice,583,845,1428
choiceee,1,0,1
choiceless,0,1,1
choices,100,125,225
choicesss,0,1,1
choicest,1,1,2
choich,0,2,2
choicing,0,1,1
choie,1,0,1
choiice,0,1,1
choir,98,95,193
choirboys,0,1,1
choire,1,0,1
choiring,1,0,1
choirprac,4,0,4
choirs,2,2,4
chois,1,0,1
choise,1,5,6
choises,0,1,1
choisir,0,1,1
choix,0,1,1
choize,0,1,1
choizle,0,1,1
chok,1,0,1
choka,1,0,1
choke,53,46,99
choked,72,26,98
chokeeveryyear,1,0,1
chokehold,1,0,1
choker,1,5,6
chokerrrr,0,1,1
chokers,2,0,2
chokes,7,3,10
choki,2,0,2
chokin,2,0,2
choking,36,7,43
choklate,1,0,1
chokolate,0,1,1
chokolatecake,0,1,1
chol,0,1,1
chola,1,3,4
cholaa,1,0,1
cholas,0,2,2
cholay,0,1,1
cholcche,1,0,1
chold,0,1,1
chole,0,3,3
cholecalciferol,1,0,1
choler,0,1,1
cholera,2,2,4
choleric,0,1,1
choles,1,0,1
cholesteral,0,1,1
cholesterol,16,8,24
cholestrol,2,1,3
cholie,1,0,1
cholla,2,1,3
chollo,0,3,3
chollos,0,1,1
cholo,10,2,12
cholocate,1,0,1
cholorine,1,0,1
cholos,0,1,1
cholula,1,0,1
chom,0,1,1
chome,1,0,1
chomein,1,0,1
chomel,0,2,2
chomo,1,0,1
chomondley,0,1,1
chomp,15,9,24
chompchomp,0,1,1
chomped,5,2,7
chomper,0,2,2
chompers,0,1,1
chompin,0,1,1
chomping,4,5,9
chompok,0,1,1
chomps,1,2,3
chomsky,0,2,2
chon,2,6,8
chondrocondritus,1,0,1
chondromalacia,1,0,1
choney,0,1,1
chong,5,10,15
chonga,1,0,1
chongaaaa,0,1,1
chongas,0,1,1
chonging,0,1,1
chongming,0,1,1
chongus,0,1,1
chonie,0,1,1
chonies,1,5,6
chonis,0,1,1
chonita,0,1,1
chonny,2,0,2
chonsa,1,0,1
chontelle,1,1,2
choo,25,24,49
choochooing,0,1,1
choocolate,0,1,1
chooey,1,0,1
chooi,1,0,1
chooing,1,0,1
chooise,0,1,1
chook,3,3,6
chooka,0,1,1
chooken,1,1,2
chooks,7,1,8
chool,1,0,1
choolbal,0,1,1
choolotte,1,0,1
choon,1,4,5
choonage,1,0,1
choones,1,0,1
choong,0,3,3
chooning,0,1,1
choonk,0,1,1
choons,3,4,7
chooo,1,0,1
chooomel,0,1,1
chooon,0,3,3
chooonssss,0,1,1
chooool,0,1,1
chooooo,1,0,1
choooooo,1,0,1
chooooooo,0,2,2
choooooooooooooooooooonnn,0,1,1
chooooow,0,1,1
chooooseeee,1,0,1
choooow,0,1,1
chooose,1,0,1
choos,2,2,4
choose,312,457,769
choosed,3,1,4
choosen,5,3,8
choosers,2,4,6
chooses,13,9,22
choosey,0,1,1
choosin,1,0,1
choosing,51,64,115
choosna,0,1,1
choosy,0,1,1
chootaa,1,0,1
choova,0,1,1
choowders,0,1,1
chop,65,87,152
chopard,1,0,1
chopchop,1,1,2
chopes,1,0,1
chopi,1,0,1
chopin,4,11,15
chopomatic,1,0,1
chopp,1,0,1
chopped,52,55,107
chopper,7,15,22
choppers,5,6,11
choppie,1,0,1
choppier,1,0,1
choppin,4,5,9
choppiness,1,0,1
chopping,19,12,31
choppy,29,8,37
chopra,3,4,7
chops,29,46,75
chopsteak,0,1,1
chopstick,2,1,3
chopstickks,0,1,1
chopsticks,7,21,28
chopstix,0,1,1
chopstixx,0,1,1
choqok,0,2,2
choquettes,1,0,1
chor,1,0,1
chora,1,0,1
choral,6,3,9
chorale,0,2,2
chorando,0,1,1
chorandooo,1,0,1
chorar,3,0,3
chorcha,0,1,1
chord,24,13,37
chords,18,30,48
chordy,0,1,1
chore,37,19,56
choregoraphy,0,1,1
choregrapher,1,0,1
choregraphing,0,1,1
chorei,3,1,4
choreo,3,5,8
choreograph,3,5,8
choreographed,3,4,7
choreographer,3,4,7
choreographers,0,3,3
choreographies,0,1,1
choreographing,3,5,8
choreography,12,18,30
choreopoem,0,1,1
chores,223,168,391
choresss,1,0,1
chori,2,0,2
choriatiki,0,2,2
chorine,1,0,1
choring,1,0,1
chorizo,8,13,21
chorizos,1,0,1
chorley,0,2,2
chorleywood,0,1,1
chorlton,0,1,1
chornes,0,1,1
choro,1,0,1
choronologically,0,1,1
choropractor,1,0,1
chorro,2,0,2
chortle,0,7,7
chortles,0,1,1
chortling,0,1,1
chorus,36,53,89
choruses,1,0,1
chorussss,0,1,1
chorva,0,1,1
chos,1,1,2
chose,128,145,273
chosed,1,0,1
choseit,1,0,1
chosen,57,86,143
chosenfire,0,1,1
chosers,1,0,1
choses,3,4,7
chosing,0,3,3
chostwriter,1,0,1
chota,0,2,2
choti,1,0,1
chotta,0,1,1
chotthe,1,0,1
chottu,0,1,1
chotu,1,2,3
chou,1,4,5
choucroute,0,1,1
choudhray,1,0,1
choueffer,1,0,1
chouette,0,3,3
chould,2,1,3
chouldnt,1,0,1
choupette,0,1,1
chours,1,0,1
choval,1,0,1
chove,0,1,1
chovendo,1,0,1
chow,40,59,99
chowda,0,3,3
chowdaheads,0,1,1
chowder,18,26,44
chowderrrrr,1,0,1
chowders,0,1,1
chowdery,0,1,1
chowdhary,0,1,1
chower,1,0,1
chowhound,0,1,1
chowin,1,0,1
chowing,3,3,6
chowk,0,1,1
chowking,3,2,5
chowmein,1,4,5
chows,1,4,5
chowtime,0,1,1
choww,0,1,1
chox,0,2,2
choxie,1,1,2
choy,3,5,8
choya,0,2,2
choych,0,1,1
chp,6,1,7
chpaters,0,1,1
chpl,1,0,1
chptr,0,1,1
chptrs,2,0,2
chq,2,1,3
chqneci,1,0,1
chqnging,0,1,1
chqrged,1,0,1
chr,1,18,19
chracter,1,0,1
chracters,0,3,3
chrashed,2,0,2
chraving,0,1,1
chrctrs,0,1,1
chrds,0,1,1
chreers,0,1,1
chreese,1,0,1
chrerish,0,1,1
chrg,1,2,3
chrge,1,0,1
chrgng,1,0,1
chrgs,0,1,1
chricksaw,0,1,1
chriiiiiiiiiiiiiiiiiistiaaaaaaaaaaaaaaan,0,1,1
chriiiiiiiiiiiist,0,1,1
chriiis,1,0,1
chriistiina,0,1,1
chriistiinee,0,1,1
chrim,0,1,1
chrimbo,0,1,1
chrinchie,1,0,1
chrio,1,0,1
chriopracter,1,0,1
chris,659,824,1483
chrisam,0,1,1
chrisb,0,1,1
chrisbabiii,0,1,1
chrisbrown,1,0,1
chriscallstheshots,0,1,1
chriscedana,0,1,1
chrischurch,1,0,1
chriscornell,0,1,1
chriscorrigan,0,1,1
chrisd,0,1,1
chrisdcope,0,1,1
chrisdjmoyles,0,1,1
chrises,1,0,1
chrisette,16,18,34
chrisflu,4,2,6
chrisfm,1,0,1
chrishasboobs,1,2,3
chrisie,0,1,1
chrisitan,0,1,1
chrisjp,0,1,1
chriskennedy,1,0,1
chriskoon,0,1,1
chrisl,0,1,1
chrislynn,0,1,1
chrislynseywed,0,1,1
chrisman,0,2,2
chrismas,1,0,1
chrismcguire,1,0,1
chrismou,0,1,1
chriso,0,1,1
chrisonair,1,0,1
chrisonhismac,1,0,1
chrispin,0,1,1
chrisrawlinson,0,2,2
chriss,2,5,7
chrissake,1,0,1
chrissakes,0,1,1
chrissi,1,1,2
chrissie,4,5,9
chrisspurrier,1,0,1
chrissss,0,3,3
chrisssss,2,0,2
chrissssy,1,0,1
chrisssyloveee,0,1,1
chrissy,27,30,57
chrissyboo,1,0,1
christ,99,131,230
christa,8,8,16
christaaaaaa,1,0,1
christabel,0,1,1
christain,1,1,2
christal,0,2,2
christan,2,0,2
christanx,1,0,1
christchirch,1,0,1
christchurch,9,14,23
christchuurch,0,1,1
christeing,1,0,1
christel,2,2,4
christelle,1,3,4
christen,0,2,2
christened,3,2,5
christenin,0,2,2
christening,26,20,46
christenings,1,1,2
christennn,0,1,1
christens,0,2,2
christensen,2,2,4
christer,1,0,1
christfer,1,0,1
christfollower,0,1,1
christi,12,16,28
christian,146,208,354
christiana,0,1,1
christianas,1,0,1
christiancuero,0,1,1
christiane,1,0,1
christiania,0,2,2
christianis,1,0,1
christianity,6,8,14
christiann,0,1,1
christianne,2,0,2
christiannnn,1,0,1
christiano,3,1,4
christianpf,0,1,1
christianrock,1,0,1
christians,23,19,42
christiansen,0,1,1
christianson,0,1,1
christianty,1,0,1
christie,8,17,25
christiegarcia,0,1,1
christies,2,1,3
christiii,0,1,1
christiiiiine,0,1,1
christimas,0,1,1
christin,0,2,2
christina,62,97,159
christinaaaaa,0,1,1
christinabitch,0,1,1
christinas,0,4,4
christinasquared,0,1,1
christinatix,0,1,1
christinawrites,0,1,1
christinbale,0,1,1
christine,38,81,119
christineandkelly,0,1,1
christineee,0,1,1
christines,2,3,5
christinesalazar,1,2,3
christing,0,1,1
christinie,0,1,1
christkindles,0,1,1
christmas,176,287,463
christmasbells,1,0,1
christmases,3,0,3
christmass,0,1,1
christmassy,1,2,3
christmasy,0,1,1
christmaween,1,0,1
christo,1,1,2
christobelle,0,1,1
christodal,1,0,1
christofer,6,14,20
christoff,0,1,1
christog,1,0,1
christoph,2,3,5
christophe,1,3,4
christophebaer,0,1,1
christopher,53,52,105
christopherkennedy,1,0,1
christopherrr,0,1,1
christophers,1,1,2
christophr,1,0,1
christos,0,3,3
christs,1,2,3
christsake,1,0,1
christy,8,31,39
christyland,1,0,1
christymc,0,1,1
christyna,1,0,1
christysims,0,1,1
chrisx,1,0,1
chrisy,2,0,2
chritian,2,0,2
chriz,1,0,1
chrizanne,1,0,1
chrizo,1,0,1
chrocicles,0,1,1
chroder,0,1,1
chroes,1,0,1
chroma,3,2,5
chromacolor,0,1,1
chromaggia,1,0,1
chromaroma,0,1,1
chromatic,1,1,2
chromatotron,0,1,1
chrome,179,131,310
chromeo,1,2,3
chromes,0,1,1
chromesucks,1,0,1
chromified,0,1,1
chromium,6,7,13
chromosomal,0,1,1
chromosome,3,2,5
chromosomes,0,4,4
chromy,1,0,1
chron,0,1,1
chronaa,0,1,1
chronic,44,18,62
chronically,1,4,5
chronicals,1,1,2
chronicle,5,3,8
chronicled,0,2,2
chronicles,55,43,98
chronie,1,0,1
chronkite,1,0,1
chrono,4,7,11
chronofactura,0,1,1
chronological,0,2,2
chronologically,1,0,1
chronologocal,0,1,1
chronology,0,1,1
chronos,0,1,1
chronosync,1,1,2
chronotrigger,2,0,2
chrons,1,1,2
chronus,1,0,1
chrony,0,1,1
chrowing,1,0,1
chrriiist,1,0,1
chrstiania,1,0,1
chruch,5,7,12
chruchill,0,1,1
chrunchie,0,1,1
chrushes,0,1,1
chrys,4,2,6
chrysanthemum,1,0,1
chryselle,1,0,1
chrysler,12,14,26
chryslers,0,1,1
chryslyn,0,1,1
chrystal,1,3,4
chrystie,0,1,1
chrystina,1,1,2
chrystine,0,2,2
chrystynazz,0,1,1
chryyy,1,0,1
chs,4,12,16
chseats,1,0,1
chspe,1,0,1
chst,3,1,4
chste,0,1,1
chstk,1,0,1
cht,3,0,3
chte,0,1,1
chtela,0,1,1
chto,1,0,1
chu,38,64,102
chua,4,5,9
chuackkk,0,1,1
chuah,1,0,1
chuan,1,5,6
chuang,0,1,1
chuay,0,1,1
chub,6,6,12
chubaka,1,0,1
chubb,3,1,4
chubba,2,2,4
chubbby,1,0,1
chubbchubbs,0,1,1
chubbier,1,1,2
chubbiest,1,0,1
chubbiness,0,1,1
chubbing,1,0,1
chubbs,3,2,5
chubbx,0,1,1
chubby,43,41,84
chubbygayman,0,1,1
chubbykins,1,0,1
chubbz,1,0,1
chubers,0,1,1
chubi,1,0,1
chubs,1,2,3
chubster,3,0,3
chubsunite,0,2,2
chuby,2,0,2
chubyer,0,1,1
chuc,1,1,2
chuch,2,6,8
chuches,0,2,2
chuchi,1,0,1
chuchie,0,1,1
chucho,0,1,1
chuchu,1,0,1
chucifrito,0,1,1
chuck,256,430,686
chucka,0,1,1
chuckability,1,0,1
chuckaholics,1,0,1
chuckcommercial,0,1,1
chucked,23,3,26
chuckedofftuesdays,1,0,1
chuckee,1,1,2
chuckeemarques,0,1,1
chucken,1,0,1
chucker,1,0,1
chuckers,1,0,1
chuckeu,2,17,19
chuckie,4,11,15
chuckin,2,2,4
chucking,35,15,50
chuckishere,0,1,1
chuckk,0,1,1
chuckkk,0,1,1
chuckkkk,1,0,1
chucklawrence,0,1,1
chuckle,15,81,96
chuckled,0,3,3
chuckledrop,0,1,1
chucklers,0,1,1
chuckles,5,22,27
chucklesome,0,1,1
chucklin,0,1,1
chuckling,1,12,13
chuckme,0,1,1
chuckmemonday,3,3,6
chuckmemondays,32,81,113
chuckmeweek,0,1,1
chuckness,0,1,1
chucknorris,0,2,2
chucknorrisfacts,0,1,1
chucko,1,0,1
chuckran,1,0,1
chuckreally,1,0,1
chucks,28,23,51
chucksters,0,2,2
chucktv,0,2,2
chuckup,1,0,1
chuckwalla,0,1,1
chucky,6,6,12
chuckyoutuesday,0,2,2
chud,1,0,1
chuddies,0,1,1
chudnovskaya,0,2,2
chueca,1,0,1
chuey,0,2,2
chuf,1,0,1
chuff,1,0,1
chuffed,17,78,95
chuffer,1,1,2
chufffed,0,1,1
chuffin,2,0,2
chuffing,6,3,9
chufft,1,0,1
chuft,0,1,1
chug,13,10,23
chugar,1,0,1
chugboat,1,0,1
chuggar,0,1,1
chugged,3,4,7
chuggin,2,5,7
chugging,10,7,17
chuggy,0,2,2
chugs,2,1,3
chuh,1,0,1
chuhilllin,0,1,1
chuhzsmuasz,0,1,1
chui,2,3,5
chuicide,0,1,1
chuk,1,0,1
chuka,1,1,2
chukaeooo,1,0,1
chukha,0,1,1
chukie,1,0,1
chukmemondays,1,0,1
chul,0,3,3
chula,5,6,11
chulamobile,1,0,1
chulettas,0,1,1
chulo,2,4,6
chulos,1,0,1
chum,10,10,20
chumamba,0,1,1
chumby,1,2,3
chumi,1,0,1
chuminess,0,1,1
chumlees,2,0,2
chumming,1,0,1
chummy,0,2,2
chump,8,5,13
chumpie,1,0,1
chumps,0,2,2
chums,6,12,18
chumscrubber,1,0,1
chun,9,9,18
chunck,1,0,1
chunckerz,1,0,1
chunderella,4,0,4
chune,1,0,1
chunes,1,0,1
chung,29,13,42
chungi,1,0,1
chungking,1,2,3
chungs,2,2,4
chunhee,4,0,4
chunk,62,32,94
chunka,1,1,2
chunked,2,0,2
chunker,0,1,1
chunkers,3,1,4
chunkies,2,0,2
chunking,0,2,2
chunkmeister,0,1,1
chunks,23,10,33
chunky,28,25,53
chunkyyy,1,0,1
chunlai,1,1,2
chunny,0,1,1
chuntarras,1,0,1
chunter,0,1,1
chunti,1,0,1
chunties,1,0,1
chuong,1,0,1
chup,3,7,10
chupa,2,2,4
chupacabra,3,1,4
chupacabras,0,2,2
chupachups,0,1,1
chupate,0,1,1
chupe,0,1,1
chupes,1,0,1
chupke,0,2,2
chuppa,0,4,4
chuppi,1,0,1
chupps,0,1,1
chups,2,8,10
chur,1,9,10
chura,1,0,1
churan,2,0,2
churb,0,1,1
churble,0,1,1
churbs,0,3,3
churccchhhhh,0,1,1
church,1428,2155,3583
churchbluvng,0,1,1
churched,0,2,2
churches,18,24,42
churchfail,1,0,1
churchgate,0,2,2
churchgirl,0,1,1
churchgoer,0,1,1
churchh,0,8,8
churchhh,1,7,8
churchhhhh,0,1,1
churchhhhhh,0,1,1
churchhhhhhh,1,0,1
churchhhhhhhhhh,0,1,1
churchhhhhhhhhhh,0,1,1
churchhill,1,1,2
churchie,0,1,1
churchies,0,1,1
churchill,10,14,24
churchin,0,2,2
churching,0,2,2
churchnow,1,0,1
churchonline,1,1,2
churchs,2,2,4
churchtechhelp,1,0,1
churchwarden,1,0,1
churchy,3,2,5
churchyard,1,3,4
churchyyy,0,1,1
churdled,0,1,1
churh,0,1,1
churidaars,0,1,1
churk,1,0,1
churlisch,1,0,1
churn,4,3,7
churnalism,1,0,1
churned,1,2,3
churnet,0,1,1
churning,15,5,20
churns,1,0,1
churr,0,1,1
churrasco,1,0,1
churrcchh,1,0,1
churren,1,0,1
churrita,0,1,1
churro,2,7,9
churros,9,6,15
churroz,0,1,1
churrr,1,0,1
churrrchhh,0,1,1
churrrrrren,1,0,1
churs,1,0,1
churton,1,1,2
churts,0,1,1
churusco,1,0,1
chute,1,3,4
chutes,1,3,4
chutiya,0,1,1
chutiyaaaa,0,1,1
chutiyapa,0,1,1
chutney,6,13,19
chutniz,1,0,1
chutti,2,1,3
chutzpah,0,3,3
chutzpahtastic,0,1,1
chuu,2,7,9
chuuch,2,0,2
chuur,0,1,1
chuuu,1,2,3
chuuuch,0,1,1
chuuune,0,1,1
chuuunes,0,1,1
chuuurch,1,1,2
chuuuu,1,0,1
chuuuurch,0,1,1
chuuuuuuuu,1,0,1
chuva,1,1,2
chuvaness,1,0,1
chuween,0,1,1
chux,0,1,1
chuy,10,10,20
chuym,0,1,1
chuys,0,2,2
chv,1,1,2
chvh,1,0,1
chvilky,1,0,1
chwarae,1,0,1
chware,0,1,1
chwc,0,1,1
chweek,0,2,2
chweekkkk,0,1,1
chweet,0,2,2
chweeting,1,0,1
chx,2,0,2
chxllenq,0,1,1
chy,7,1,8
chya,1,1,2
chyaaaaaa,0,1,1
chyaya,0,1,1
chyb,0,1,1
chyba,1,0,1
chybi,0,1,1
chybu,0,1,1
chyby,1,0,1
chyea,1,3,4
chyeaa,0,2,2
chyeaaa,1,2,3
chyeaah,0,2,2
chyeah,3,13,16
chyeahboii,0,1,1
chyeahh,1,4,5
chyeahhh,0,1,1
chyeahhhh,1,0,1
chyehhhh,0,1,1
chyehong,0,1,1
chyll,0,1,1
chyllan,0,1,1
chyllen,1,3,4
chyllin,0,2,2
chyllinn,0,1,1
chylln,2,0,2
chyma,0,1,1
chyme,0,1,1
chyna,2,2,4
chynna,0,1,1
chyro,1,0,1
chyrp,1,0,1
chyurrrr,0,1,1
chyyyyneeeeesssss,0,1,1
chz,3,3,6
chzburger,1,0,1
chzcake,0,1,1
chznge,1,0,1
chzy,0,1,1
ci,20,29,49
cia,15,14,29
ciabata,0,1,1
ciabatta,3,3,6
cialis,1,0,1
cialisss,1,0,1
cian,1,3,4
ciana,1,0,1
cianne,0,1,1
cianwood,0,1,1
ciao,24,124,148
ciaoness,0,1,1
ciaoo,0,1,1
ciaooo,0,1,1
ciaoooooooo,0,1,1
ciaos,0,1,1
ciaox,1,0,1
ciaoz,0,1,1
ciap,0,1,1
ciara,40,94,134
ciaraaa,0,1,1
ciaraaaa,1,1,2
ciaraaan,1,0,1
ciarah,0,1,1
ciaran,1,4,5
ciaras,3,0,3
ciaraville,0,1,1
ciaren,0,1,1
ciarenn,0,1,1
ciarie,1,0,1
ciarlo,1,0,1
ciaro,1,0,1
ciaron,8,1,9
ciarra,0,3,3
cias,1,2,3
ciate,0,2,2
ciawi,0,1,1
ciayo,0,1,1
ciayoo,0,1,1
ciayooo,0,1,1
cibai,0,2,2
cibatta,0,1,1
cibber,1,0,1
cibc,1,1,2
cibconf,0,1,1
ciber,1,0,1
cibernetica,0,1,1
cibic,1,0,1
cible,1,0,1
cibo,2,3,5
cibu,2,0,2
cibubur,1,0,1
cibuk,0,1,1
cibulan,0,1,1
cibulkova,2,1,3
cic,3,3,6
cicada,1,3,4
cicadas,0,1,1
ciccarelli,0,1,1
ciccilleju,1,0,1
cicer,1,0,1
cicero,1,3,4
cichaaaaaaa,0,1,1
cichlid,1,1,2
cichlids,1,1,2
cici,30,23,53
cicilan,0,1,1
cicis,3,2,5
cicisite,0,2,2
ciclying,1,0,1
cicm,0,1,1
cicou,0,1,1
cics,0,2,2
cicu,1,0,1
cid,4,0,4
cidad,1,0,1
cidade,0,2,2
cidar,1,0,1
cideo,1,0,1
cider,62,102,164
ciderize,0,1,1
ciders,1,1,2
cidery,1,0,1
cidre,0,1,1
cids,0,1,1
cie,2,5,7
ciee,0,4,4
cieee,0,1,1
ciege,1,0,1
ciel,0,2,2
cieling,4,1,5
cielo,2,3,5
cielos,1,0,1
cien,0,1,1
cience,1,0,1
ciences,1,0,1
cienega,0,1,1
cienma,0,1,1
cienna,2,0,2
cient,1,0,1
cients,1,0,1
ciera,2,1,3
cieran,1,0,1
cierra,1,5,6
cierras,0,1,1
cierto,2,3,5
ciervo,1,0,1
cies,0,1,1
ciesiolka,0,1,1
cieta,1,0,1
cif,2,1,3
cifra,0,1,1
cifs,1,0,1
cifumfrence,0,1,1
cig,31,27,58
cigar,26,27,53
cigaret,0,1,1
cigarette,85,64,149
cigarettee,1,0,1
cigarettes,70,55,125
cigarettesss,1,0,1
cigarillos,1,1,2
cigarrete,0,1,1
cigarrett,1,0,1
cigarrettes,0,1,1
cigars,7,17,24
cigerates,1,0,1
cigerellos,1,0,1
cigerettes,1,1,2
cigg,8,1,9
ciggarete,1,1,2
ciggarets,0,1,1
ciggarette,6,1,7
ciggarettes,2,1,3
ciggerettes,1,0,1
cigggie,1,0,1
ciggi,2,0,2
ciggie,1,4,5
ciggies,5,2,7
cigginz,1,0,1
ciggs,4,3,7
ciggy,8,4,12
ciggys,1,0,1
ciggz,1,1,2
cigma,0,1,1
cigna,3,1,4
cigs,38,28,66
cigstar,1,0,1
cihm,0,1,1
cihuyyy,0,1,1
cii,0,3,3
ciia,0,1,1
ciiaaaaan,1,0,1
ciie,0,1,1
ciihh,0,1,1
ciii,0,1,1
ciiiiee,0,1,1
ciiiiiiiiiiiiiiiiiiiiiisco,0,1,1
ciiiiiiiiiiiiiiity,1,0,1
ciiiine,0,1,1
ciiiinnnn,1,0,1
ciiikkk,1,0,1
ciijay,1,1,2
ciindy,1,1,2
cija,0,1,1
ciji,1,1,2
ciju,0,1,1
cik,3,8,11
cikajang,0,1,1
cikarang,0,1,1
cikd,0,1,1
cikgu,1,1,2
cikini,1,0,1
ciksel,0,1,1
cil,11,3,14
cilaka,1,0,1
cilandak,2,0,2
cilantro,7,9,16
cilantros,0,1,1
cilas,1,0,1
cili,0,1,1
cilic,1,1,2
cilicia,2,0,2
cilik,0,1,1
cilinder,1,0,1
cilip,1,1,2
cilips,1,5,6
cill,0,2,2
cilla,3,1,4
cillas,1,0,1
cillian,3,0,3
cillit,1,2,3
cilly,1,0,1
cilmi,0,2,2
cilv,0,1,1
cilvana,0,1,1
cim,2,3,5
cima,1,1,2
cimaja,1,0,1
cimara,0,1,1
cimarusti,0,1,1
cimb,0,1,1
cimbing,1,0,1
cimmaron,0,1,1
cimmarongirl,0,1,1
cimod,0,1,1
cimory,2,0,2
cimputer,1,0,1
cims,1,1,2
cin,10,10,20
cina,0,4,4
cinaaaaaaaa,0,1,1
cinabon,1,0,1
cinabro,0,1,1
cinabun,0,1,1
cinabuns,0,1,1
cinammon,1,3,4
cinamon,1,1,2
cinanmen,0,1,1
cinatra,1,0,1
cinc,1,0,1
cincakes,0,1,1
cincau,0,1,1
cince,1,0,1
cinch,2,4,6
cinche,1,0,1
cincher,0,1,1
cinci,11,9,20
cincinati,0,1,1
cincinatti,2,1,3
cincinnati,37,21,58
cinco,9,11,20
cincy,37,29,66
cincychurch,0,1,1
cincymag,1,0,1
cinda,0,1,1
cindalalala,1,0,1
cindarellas,1,0,1
cinder,4,2,6
cinderalla,0,1,1
cinderela,0,1,1
cinderella,43,68,111
cinderelliiee,0,1,1
cinderellla,0,1,1
cinderfella,0,1,1
cinderlla,0,1,1
cinders,3,1,4
cindi,0,6,6
cindie,0,1,1
cindies,0,1,1
cindo,0,1,1
cindof,1,1,2
cindy,54,74,128
cindyluwho,0,1,1
cindys,0,2,2
cindysunshyne,0,1,1
cindyyyyyy,0,1,1
cine,9,13,22
cinebarre,0,1,1
cinebistro,0,2,2
cineblast,0,1,1
cinebo,0,1,1
cineemaa,0,1,1
cinefan,1,0,1
cinefex,1,0,1
cineform,1,0,1
cinegear,1,0,1
cineleisure,0,1,1
cinelux,0,1,1
cinema,251,341,592
cinemaa,1,1,2
cinemaaa,0,1,1
cinemabizarre,1,0,1
cinemacity,0,1,1
cinemagic,0,1,1
cinemanemanema,0,1,1
cinemanewsblog,0,1,1
cinemania,1,0,1
cinemaonline,0,1,1
cinemar,0,1,1
cinemark,3,1,4
cinemarks,1,0,1
cinemas,43,30,73
cinemaslave,0,1,1
cinemassacre,0,1,1
cinemasss,0,1,1
cinemasssssssssssssss,0,1,1
cinematheque,1,1,2
cinematic,6,10,16
cinematique,0,1,1
cinematogr,0,1,1
cinematography,2,2,4
cinemaworld,0,1,1
cinemax,2,7,9
cinemaxs,0,1,1
cinemeducation,0,1,1
cinemon,1,1,2
cinepax,1,0,1
cineplex,3,1,4
cinerama,0,1,1
cinere,1,0,1
cinescape,0,1,1
cineskeip,0,1,1
cinespace,3,5,8
cinespia,1,0,1
cinetrip,0,1,1
cineva,1,5,6
cinevegas,2,4,6
cinewomen,0,1,1
cineworld,4,6,10
cing,4,2,6
cingapura,0,1,1
cinggu,0,1,1
cingular,0,2,2
cini,0,2,2
cinic,1,0,1
cinicnnati,1,0,1
cinima,1,0,1
cinispace,0,1,1
cinkeando,0,1,1
cinma,1,1,2
cinn,1,1,2
cinna,0,3,3
cinnabon,6,6,12
cinnabun,1,1,2
cinnabunnnnnnnnnnnnnnnn,1,0,1
cinnabuns,0,1,1
cinnamelts,0,2,2
cinnamin,2,3,5
cinnamint,0,1,1
cinnamom,0,1,1
cinnamon,70,130,200
cinnamony,0,1,1
cinnci,1,0,1
cinncinati,0,1,1
cinncinatti,1,1,2
cinncinnati,0,1,1
cinneleisure,0,1,1
cinni,1,0,1
cinniamon,0,1,1
cinnimon,0,3,3
cinno,1,0,1
cinnomin,1,2,3
cinnomon,1,0,1
cinny,0,4,4
cinputer,0,1,1
cinq,1,0,1
cinqo,0,1,1
cinque,0,1,1
cinrema,1,1,2
cins,1,0,1
cinsay,1,3,4
cinste,0,1,1
cint,1,0,1
cinta,3,6,9
cintalawrah,1,0,1
cintanya,0,1,1
cinthia,0,1,1
cinthya,1,0,1
cintiq,1,3,4
cio,7,7,14
cioccolata,1,0,1
cioiron,1,0,1
ciopinot,0,1,1
ciould,1,0,1
cip,5,3,8
cipa,1,0,1
cipaganti,1,0,1
cipatujah,1,0,1
cipboards,1,0,1
cipes,0,1,1
cipet,1,0,1
cipher,1,2,3
cipient,0,1,1
cipos,0,1,1
cipr,0,1,1
cipri,0,1,1
cipriani,3,0,3
cipriano,0,1,1
ciprlps,1,0,1
cipro,3,0,3
ciprofloxacin,1,0,1
cips,1,0,1
ciptaan,0,1,1
ciput,1,0,1
ciq,0,1,1
cique,1,0,1
cir,0,1,1
circ,20,4,24
circa,18,34,52
circadian,3,3,6
circel,0,1,1
circle,87,160,247
circled,1,1,2
circleeee,0,1,1
circles,57,46,103
circlesquare,1,1,2
circlevoid,1,0,1
circling,11,4,15
circlips,1,0,1
circo,0,3,3
circs,0,1,1
circue,0,1,1
circuis,0,2,2
circuit,36,36,72
circuited,4,0,4
circuitous,0,1,1
circuitry,0,2,2
circuits,11,13,24
circula,0,1,1
circular,12,9,21
circulars,0,1,1
circulate,1,4,5
circulated,0,1,1
circulati,0,1,1
circulatin,0,1,1
circulating,8,2,10
circulation,15,8,23
circulator,1,2,3
circulatory,0,1,1
circum,1,0,1
circumcised,2,1,3
circumcision,1,2,3
circumference,2,1,3
circumnavigate,1,0,1
circumnavigated,1,0,1
circumsicion,1,1,2
circumsized,1,0,1
circumstance,11,10,21
circumstances,58,26,84
circumstansical,1,0,1
circumvent,1,0,1
circus,84,115,199
circuses,1,0,1
circuslife,1,0,1
circusoz,0,1,1
circussss,0,1,1
circustances,0,1,1
circut,0,1,1
circutcity,1,0,1
cirebon,1,1,2
cirencester,0,5,5
cirendeu,1,0,1
cireng,0,1,1
cireselor,0,1,1
ciri,0,3,3
cirilo,1,0,1
cirion,1,0,1
cirlce,0,1,1
cirlces,1,1,2
cirleil,0,1,1
cirmcumstances,0,1,1
cirmefighting,0,1,1
ciro,1,3,4
ciroc,14,19,33
ciroq,1,0,1
cirque,14,21,35
cirquedusoleil,1,0,1
cirrhosis,1,0,1
cirrus,0,1,1
cirrusly,0,1,1
cirstea,3,3,6
cirus,1,1,2
cirvical,2,0,2
cis,4,5,9
cisa,2,3,5
ciscko,0,1,1
cisco,23,19,42
ciscopress,0,1,1
ciscos,0,1,1
cised,0,1,1
cisia,1,0,1
cising,1,0,1
cision,1,0,1
cisionlive,1,0,1
cisko,0,1,1
cislo,1,0,1
cism,2,2,4
cismigiu,0,1,1
cisn,1,0,1
cissbury,1,0,1
cissp,1,0,1
cissy,1,1,2
cist,1,0,1
cistern,1,1,2
cisv,1,1,2
cit,7,5,12
cita,5,6,11
citaaaay,0,1,1
citaaay,1,0,1
citabria,1,0,1
citac,0,1,1
citadel,2,1,3
citadels,0,1,1
cital,0,1,1
citalopram,0,1,1
citalopran,1,0,1
citation,7,6,13
citations,3,2,5
citay,0,1,1
citcon,3,0,3
cite,6,3,9
citech,1,0,1
cited,1,6,7
citeh,1,1,2
citement,1,0,1
cites,1,1,2
citesti,0,1,1
citeulike,1,0,1
citgo,1,0,1
citho,1,0,1
citi,10,9,19
citibank,6,0,6
citicard,0,1,1
cities,74,78,152
citiesxl,5,0,5
citifiate,1,0,1
citifield,7,1,8
citigolf,1,0,1
citigroup,2,0,2
citiies,0,1,1
citimortgage,1,0,1
citin,0,4,4
citing,6,3,9
citipointe,1,3,4
citit,1,0,1
citiwatch,0,1,1
citiy,0,1,1
citiz,1,1,2
citizen,26,27,53
citizens,24,24,48
citizenship,8,11,19
citizenships,1,0,1
citk,0,1,1
citos,3,5,8
citovat,0,1,1
citpj,1,0,1
citra,0,3,3
citraaaa,0,1,1
citraland,1,0,1
citran,0,1,1
citrate,1,0,1
citric,2,4,6
citrine,2,2,4
citrix,2,7,9
citrixcloud,0,1,1
citrixsynergy,0,1,1
citroen,0,2,2
citron,2,5,7
citronella,3,3,6
citrt,1,0,1
citrus,10,19,29
citrusy,1,1,2
cits,1,0,1
citta,1,1,2
cittaaayy,0,1,1
cittaayyy,0,1,1
cittyyy,0,2,2
citv,0,2,2
city,1716,2082,3798
citybank,1,0,1
citybase,0,1,1
citybeat,1,1,2
citycarshare,0,1,1
citycast,0,1,1
citycentre,1,0,1
cityextra,1,0,1
cityfail,1,0,1
cityfest,0,1,1
citygeeklunch,1,0,1
cityhall,2,1,3
cityhumping,0,1,1
citying,0,2,2
citylife,2,1,3
citylink,0,1,1
citymarket,0,2,2
citymoves,0,3,3
citymusic,0,1,1
cityplace,0,1,1
cityrail,3,3,6
citys,1,2,3
citysearchbelle,0,1,1
citystroller,0,1,1
cityterm,0,1,1
citytv,1,0,1
citywalk,5,3,8
citywide,2,1,3
cityy,4,10,14
cityyerss,0,1,1
cityyy,4,3,7
cityyyy,0,1,1
cityyyyy,0,1,1
cityyyyyyyyy,0,1,1
cityzen,0,1,1
ciudad,1,1,2
ciudat,0,1,1
ciufuleala,0,1,1
cium,1,0,1
ciut,0,1,1
civ,12,6,18
civano,1,0,1
civc,1,0,1
civet,0,1,1
civic,30,22,52
civicrm,2,0,2
civics,7,12,19
civicsss,1,0,1
civicsummit,0,1,1
civies,0,1,1
civil,39,26,65
civilian,7,5,12
civilians,6,0,6
civilid,1,0,1
civilisation,8,9,17
civilisations,0,1,1
civilised,1,7,8
civilizati,1,0,1
civilization,25,22,47
civilizations,1,1,2
civilize,1,0,1
civilized,4,9,13
civillage,1,0,1
civilsation,1,0,1
civily,1,0,1
civitan,0,2,2
civpro,1,1,2
civrev,0,1,1
ciw,1,0,1
ciwwaf,2,3,5
ciwyw,1,1,2
cix,0,1,1
ciy,1,1,2
ciyute,0,1,1
cizar,1,0,1
cizzzle,0,1,1
cj,52,52,104
cjaye,0,1,1
cjbaran,6,33,39
cjcj,1,0,1
cjf,1,0,1
cji,0,1,1
cjl,0,1,1
cjr,2,0,2
cjs,1,1,2
cjyc,0,1,1
cjye,0,1,1
cjz,0,2,2
ck,123,117,240
cka,0,1,1
ckaessssssss,1,0,1
ckall,2,0,2
ckan,1,1,2
ckapplication,0,1,1
ckarthick,1,0,1
ckarthik,1,0,1
ckas,1,0,1
ckat,0,1,1
ckaye,0,1,1
ckberry,1,0,1
ckc,1,2,3
ckck,2,0,2
ckckc,0,2,2
ckckck,2,3,5
ckcl,0,1,1
ckd,3,1,4
ckeck,0,1,1
ckecking,1,0,1
cked,31,3,34
ckelly,0,1,1
cken,0,2,2
ckenstich,0,1,1
ckenwind,0,1,1
cker,3,6,9
ckerna,0,1,1
ckers,2,1,3
ckery,1,0,1
ckexk,1,0,1
ckim,0,1,1
ckin,22,13,35
cking,43,22,65
ckk,1,0,1
ckkkk,1,0,1
ckkkkkkkkk,1,0,1
ckm,0,1,1
ckmp,1,0,1
ckn,1,2,3
ckner,0,1,1
cknoedler,1,0,1
ckoi,0,1,1
ckopo,0,1,1
ckos,1,0,1
ckp,5,9,14
ckrg,0,1,1
ckryy,1,0,1
cks,5,8,13
cksc,0,1,1
cksh,0,1,1
ckskind,0,1,1
cksocks,1,0,1
ckt,2,1,3
ckts,1,0,1
ckubwebb,0,1,1
ckue,1,0,1
ckuz,1,0,1
ckv,1,0,1
ckw,0,1,1
ckwunsch,0,1,1
ckx,0,1,1
cky,6,3,9
cl,31,42,73
cla,6,10,16
claa,0,1,1
claaa,0,1,1
claaaaaaaaaaaro,0,1,1
claaaaaaassic,1,0,1
claaaaass,1,0,1
claass,0,1,1
claasssss,1,0,1
clabo,1,0,1
clac,1,0,1
clacivle,1,0,1
clack,1,2,3
clackamas,1,0,1
clackers,1,0,1
clacking,1,0,1
clackline,0,1,1
clacton,2,3,5
clad,3,10,13
cladaw,1,0,1
claddagh,0,1,1
cladding,1,0,1
cladia,0,2,2
claendar,0,2,2
claes,0,1,1
claggy,0,1,1
claghdagh,1,0,1
claim,100,104,204
claimed,29,23,52
claimid,0,1,1
claimin,1,0,1
claiming,22,17,39
claims,52,25,77
clain,1,0,1
claining,1,0,1
clair,5,6,11
clairborne,0,1,1
claire,86,113,199
clairebear,1,2,3
claireee,0,1,1
claireeeee,1,0,1
claires,4,11,15
clairey,2,4,6
clairify,1,1,2
clairmont,1,0,1
clairol,0,1,1
clairs,2,0,2
clairty,0,1,1
clairvoyant,0,6,6
clam,13,21,34
clamatis,0,1,1
clamato,0,1,1
clamav,0,1,1
clambering,0,1,1
clamed,1,0,1
claments,1,0,1
claming,0,1,1
clamming,1,0,1
clammy,6,2,8
clamoring,1,0,1
clamp,7,1,8
clampdown,0,1,1
clamped,4,2,6
clampers,0,1,1
clampet,1,0,1
clamps,2,1,3
clams,6,8,14
clamshell,1,1,2
clan,29,56,85
clana,2,0,2
clancy,4,6,10
clancys,0,1,1
cland,0,1,1
clandestine,8,7,15
clandestineeeeeeeeeeeeee,0,1,1
claned,0,1,1
clanedonua,0,1,1
clang,6,4,10
clangers,0,1,1
clanging,0,2,2
clanin,1,0,1
clank,1,7,8
clanking,1,0,1
clannad,0,2,2
clannies,0,1,1
clans,2,0,2
clap,22,123,145
clapclap,1,0,1
clapham,5,10,15
claphamph,1,0,1
claping,1,0,1
clapotis,0,1,1
clapped,1,7,8
clapper,3,0,3
clappers,0,1,1
clapping,15,21,36
clappity,0,1,1
claps,7,17,24
clapton,3,20,23
claptons,0,1,1
clar,2,0,2
clara,14,29,43
claraa,1,0,1
clarabell,0,1,1
claraitin,0,1,1
claras,1,2,3
clarasdiary,0,1,1
claratian,1,0,1
claratin,1,0,1
claratyne,1,0,1
clarcson,0,1,1
clardia,1,0,1
clare,28,40,68
claree,0,1,1
clareee,0,1,1
clareeeeeeee,0,1,1
claremont,5,3,8
claremorris,0,1,1
claren,1,0,1
clarence,9,10,19
clarendon,5,5,10
clares,0,1,1
claret,0,1,1
clarets,0,1,1
clari,0,3,3
clarice,3,3,6
claridges,0,2,2
clarie,0,1,1
clarieey,1,0,1
clarifi,0,1,1
clarification,12,26,38
clarifications,0,2,2
clarified,2,13,15
clarifies,1,1,2
clarifimication,0,1,1
clarify,18,49,67
clarifying,3,23,26
clarin,0,1,1
clarinet,10,10,20
clarinett,1,1,2
clarinex,0,1,1
clarins,0,2,2
clarinutslb,0,1,1
clariol,1,0,1
clarion,1,2,3
claris,0,2,2
clarissa,3,5,8
clarissawheezy,0,1,1
clarisse,0,2,2
clarisseeee,0,1,1
clarissy,0,1,1
clarisworks,0,1,1
clarita,3,5,8
claritan,1,0,1
claritin,28,8,36
clariton,2,1,3
clarity,5,25,30
claritylive,0,1,1
clarityn,1,0,1
clarivel,0,1,1
clarivue,1,0,1
clarizel,0,1,1
clark,31,49,80
clarke,14,17,31
clarkequay,1,0,1
clarkes,1,1,2
clarkie,1,1,2
clarks,6,3,9
clarksburg,1,2,3
clarkson,32,91,123
clarksons,0,3,3
clarkston,0,2,2
clarksville,2,2,4
clarky,1,1,2
claro,2,8,10
clarr,1,0,1
clarreal,1,0,1
clart,3,0,3
clartitin,1,0,1
clarus,0,1,1
clary,0,1,1
clarytin,0,1,1
clas,7,5,12
clascic,0,1,1
clase,3,2,5
claseee,1,0,1
claseeeeeeeee,1,0,1
clases,5,2,7
clash,53,31,84
clashed,6,1,7
clashes,21,9,30
clashfinder,2,0,2
clashing,9,4,13
clashnacree,0,2,2
clashnacreee,0,1,1
clasic,0,2,2
clasically,0,1,1
clasicazos,0,1,1
clasico,1,1,2
clasm,1,1,2
clasmates,1,0,1
clasmatess,1,0,1
clasp,1,1,2
clasping,0,1,1
class,3724,2296,6020
classbrother,0,1,1
classcard,0,1,1
classe,3,3,6
classed,7,2,9
classen,0,1,1
classes,929,622,1551
classesmates,1,0,1
classess,1,1,2
classesss,2,0,2
classessss,1,1,2
classesv,0,1,1
classez,1,0,1
classfriends,1,0,1
classic,179,542,721
classica,2,0,2
classical,27,51,78
classicality,1,0,1
classicc,0,1,1
classiccccccccccccccccc,0,1,1
classicfm,1,1,2
classicgaming,1,0,1
classicjonas,0,1,1
classico,2,0,2
classics,31,69,100
classier,2,6,8
classification,5,1,6
classifications,0,1,1
classified,3,10,13
classifieds,4,2,6
classifies,0,1,1
classify,1,6,7
classifying,0,1,1
classing,1,1,2
classist,1,0,1
classix,0,1,1
classixx,0,1,1
classless,1,1,2
classlists,1,0,1
classloader,0,1,1
classloaderlocal,0,1,1
classm,0,2,2
classmaaaaaaate,1,0,1
classmate,35,36,71
classmated,1,0,1
classmatees,0,1,1
classmates,87,79,166
classmeeting,1,1,2
classmte,0,1,1
classname,0,1,1
classpath,1,0,1
classpictures,0,1,1
classr,1,0,1
classroo,1,0,1
classroom,81,47,128
classrooms,11,3,14
classs,18,12,30
classses,3,1,4
classsmate,0,1,1
classss,2,0,2
classsss,4,1,5
classssss,3,1,4
classsssssssssssssssssssssss,1,0,1
classsssssssssssssssssssssssssssss,1,0,1
classstudying,1,0,1
classteacher,0,1,1
classtest,2,0,2
classtests,0,1,1
classtets,1,0,1
classtrip,0,6,6
classwork,7,5,12
classy,36,118,154
classyyy,0,1,1
classyyyyyy,0,1,1
classyyyyyyyyyyyy,0,1,1
classz,1,1,2
clastest,1,0,1
clat,1,0,1
clatch,0,1,1
clatita,1,0,1
clatterbridge,2,0,2
clatu,1,0,1
clau,2,2,4
claud,2,3,5
claude,8,17,25
claudette,1,3,4
claudi,1,1,2
claudia,28,36,64
claudiaaaa,0,1,1
claudiaaaaaaaaa,1,0,1
claudialeekehui,0,1,1
claudias,1,0,1
claudie,2,0,2
claudiewadie,1,0,1
claudine,2,1,3
claudio,0,5,5
claudita,1,0,1
claudius,1,1,2
clauds,0,1,1
claudy,2,0,2
claudyraz,0,1,1
claudz,1,0,1
claui,1,0,1
claus,7,15,22
clause,9,9,18
clauses,2,4,6
claussen,1,0,1
clausterphobic,3,0,3
claustraphobic,0,1,1
claustrophobia,2,1,3
claustrophobic,6,2,8
clauudiiiaa,0,1,1
claux,0,1,1
clavadisisisima,1,0,1
clave,1,0,1
claver,0,1,1
claverton,0,1,1
clavicles,2,0,2
claw,33,11,44
clawdaddy,0,1,1
clawdy,0,1,1
clawed,3,4,7
clawing,5,2,7
claws,30,14,44
clawsie,0,1,1
clawson,1,0,1
clawz,1,0,1
clay,51,79,130
claybee,1,0,1
claybon,0,1,1
clayco,0,1,1
claydoll,0,1,1
clayhill,1,0,1
claymaking,1,0,1
claymation,1,5,6
claymore,2,0,2
claymores,0,1,1
claypool,2,2,4
claypot,0,2,2
clays,2,1,3
claysville,0,1,1
claytennis,0,1,1
clayton,11,15,26
claytor,0,1,1
claywerks,0,1,1
clazz,1,0,1
clc,1,4,5
clcapsvc,0,1,1
clcik,1,0,1
clck,0,1,1
cld,52,25,77
cldn,1,1,2
cldnfsdklgnsdklgnsdlgsdl,1,0,1
cldnt,17,4,21
cldve,1,1,2
cle,14,10,24
clea,1,0,1
cleaaaaaaaaaaaaaaaaaaaaaaaaaaaan,0,1,1
cleaaaaaaaaan,1,0,1
cleaaaan,1,0,1
cleaaaaning,0,1,1
cleaaan,1,1,2
cleaaaning,1,0,1
cleaan,0,2,2
cleaaning,0,1,1
cleague,0,1,1
cleaing,1,1,2
cleal,1,0,1
cleall,1,0,1
clean,1857,1396,3253
cleancleanclean,1,1,2
cleancode,0,1,1
cleand,1,1,2
cleane,1,0,1
cleaned,294,316,610
cleanedd,1,0,1
cleaner,75,68,143
cleaners,30,11,41
cleanest,1,3,4
cleanfreak,0,1,1
cleaniest,0,1,1
cleanig,1,0,1
cleaniin,0,1,1
cleanin,37,41,78
cleanind,0,1,1
cleaning,1677,1321,2998
cleaningcleaning,1,0,1
cleaningg,2,0,2
cleaninggg,3,2,5
cleaninggggg,1,1,2
cleanings,1,1,2
cleaningsongs,1,0,1
cleaninmg,1,0,1
cleaninnnnnng,1,0,1
cleaninq,3,0,3
cleaninsg,0,1,1
cleanist,0,1,1
cleanliness,3,8,11
cleanly,1,3,4
cleann,2,3,5
cleanner,0,1,1
cleanning,2,0,2
cleannn,2,1,3
cleannniiinggg,0,1,1
cleannning,0,1,1
cleannnn,1,1,2
cleannnnnnnnn,0,1,1
cleanout,4,2,6
cleanroom,0,1,1
cleans,10,14,24
cleanse,26,18,44
cleansed,1,2,3
cleanseoursouls,1,0,1
cleanser,4,5,9
cleansers,0,1,1
cleanses,0,1,1
cleansing,8,14,22
cleantech,1,0,1
cleantimelines,0,1,1
cleanup,29,19,48
cleanying,1,0,1
cleanz,0,1,1
clear,408,523,931
clearance,18,20,38
clearanced,1,0,1
clearances,1,0,1
clearasil,0,3,3
clearblue,0,1,1
clearbook,1,0,1
clearbooks,1,0,1
clearcase,2,0,2
clearcoat,0,1,1
cleard,1,0,1
cleared,74,87,161
clearence,1,0,1
clearer,19,20,39
clearfield,0,1,1
clearfix,1,1,2
clearforest,0,1,1
clearheaded,1,0,1
clearin,0,3,3
clearing,79,95,174
clearinghouse,6,0,6
clearish,0,1,1
clearlooks,0,1,1
clearly,276,301,577
clearlyiaminsane,0,1,1
clearlyumbrellasarenotmeantforpubcrawls,1,0,1
clearnce,1,0,1
clearout,2,2,4
clearred,1,0,1
clears,60,30,90
cleartrip,0,2,2
clearwater,10,12,22
clearwaterr,0,1,1
clearways,1,0,1
clearwire,2,2,4
cleary,4,3,7
clearz,0,1,1
cleasning,1,0,1
cleat,1,0,1
cleating,0,1,1
cleats,5,4,9
cleavae,0,1,1
cleavage,11,12,23
cleavagebarometer,0,1,1
cleave,1,1,2
cleaved,1,1,2
cleaveland,0,2,2
cleaver,3,5,8
cleaves,1,1,2
cleavland,2,0,2
cleavleand,1,0,1
cleavlend,1,0,1
clebrations,0,1,1
clebs,3,1,4
cleche,1,0,1
cleds,0,1,1
cleeaaannn,1,0,1
cleean,0,1,1
cleeaning,1,0,1
cleeean,1,0,1
cleeeean,0,1,1
cleeeeeean,0,1,1
cleeeeeeanest,1,0,1
cleeeeeeeaning,0,1,1
cleef,0,1,1
cleeki,0,1,1
cleeland,0,1,1
cleening,1,1,2
cleep,1,0,1
cleese,1,5,6
cleethorpes,1,2,3
clef,3,6,9
clefairy,0,1,1
clefhangers,0,1,1
cleft,0,1,1
clegg,2,3,5
cleif,1,0,1
clelbrate,1,0,1
clem,3,7,10
clemance,0,1,1
clemantis,1,0,1
clematis,2,7,9
cleme,0,1,1
clemen,0,1,1
clemency,1,0,1
clemens,3,2,5
clement,5,3,8
clemente,7,3,10
clementi,0,2,2
clementine,2,5,7
clementines,1,1,2
clements,0,2,2
clemmensen,1,6,7
clemmie,1,0,1
clemmy,2,0,2
clemson,9,8,17
clen,1,0,1
clench,7,2,9
clenched,3,1,4
clenches,1,0,1
clenching,6,0,6
cleneay,1,0,1
clened,0,1,1
clenex,1,0,1
clense,1,0,1
cleo,18,18,36
cleopatra,1,3,4
cleos,1,0,1
clep,0,1,1
cleptomanicx,0,1,1
clepy,1,0,1
clerc,1,0,1
clergy,1,2,3
cleric,0,1,1
clerical,0,1,1
clerics,1,0,1
clerk,7,7,14
clerkenwell,0,1,1
clerks,5,5,10
clermont,2,4,6
cles,1,1,2
clesses,0,1,1
cletae,0,1,1
clete,0,1,1
cletus,1,1,2
cleudo,0,1,1
cleva,0,1,1
clevah,0,1,1
cleve,6,1,7
cleveage,1,0,1
clevedon,0,1,1
cleveland,232,108,340
clevelandd,0,1,1
clevelanders,1,0,1
clevelandst,1,0,1
clever,88,246,334
cleverbiznames,0,1,1
clevercss,1,0,1
cleverer,0,3,3
cleverest,0,1,1
cleverly,0,4,4
cleverness,1,1,2
cleves,1,1,2
clevland,4,2,6
clevlando,0,1,1
clevo,1,1,2
clf,1,1,2
clfc,0,1,1
clg,5,0,5
clgd,1,0,1
cli,7,11,18
cliantro,0,1,1
cliare,0,1,1
cliburn,0,1,1
clich,3,11,14
cliche,15,20,35
cliched,0,2,2
clichees,1,0,1
cliches,2,6,8
clichy,1,0,1
click,391,600,991
clickable,14,3,17
clickbank,4,3,7
clickclick,0,1,1
clickdensity,1,0,1
clicked,161,74,235
clicker,8,7,15
clickfive,1,0,1
clickidy,0,1,1
clickies,0,1,1
clickin,2,5,7
clicking,88,51,139
clickipink,1,0,1
clickity,0,2,2
clickly,0,1,1
clickonce,3,0,3
clickpad,1,0,1
clickplay,0,1,1
clicks,24,33,57
clickthru,0,1,1
clicktoflash,1,0,1
clicky,8,4,12
clickz,0,1,1
clicquot,1,0,1
clicted,1,0,1
clidrens,0,1,1
client,428,447,875
clientaccesspolicy,1,0,1
clientale,1,0,1
clientelle,0,1,1
clientii,1,0,1
clientmeeting,1,0,1
clients,171,226,397
clientside,0,1,1
clif,0,3,3
cliff,46,40,86
cliffdawg,0,1,1
cliffffhanger,1,0,1
cliffhanger,21,16,37
cliffhangers,7,2,9
cliffies,0,1,1
clifford,4,5,9
cliffrose,1,0,1
cliffs,7,11,18
clifftop,1,1,2
clifftopher,0,1,1
cliffy,2,1,3
cliffys,1,0,1
clifhangers,1,0,1
clift,1,1,2
clifton,3,5,8
cliftonville,1,0,1
clignotant,1,0,1
cligs,2,0,2
cliiiiiick,1,0,1
cliiiiiiiiiiiiif,0,1,1
cliiiiiiiiiiiiimbbbbb,0,1,1
cliiiiings,1,0,1
cliiimb,0,1,1
cliiitus,0,1,1
clijsters,0,1,1
clik,3,2,5
clikc,1,0,1
cliks,0,1,1
clim,1,0,1
clima,1,0,1
climacteric,1,0,1
climactic,2,2,4
climate,63,48,111
climates,1,1,2
climatic,2,2,4
climatizing,0,1,1
climax,12,5,17
climaxing,1,1,2
climaxx,1,1,2
climb,126,280,406
climbb,0,1,1
climbed,26,32,58
climbedd,0,1,1
climber,2,3,5
climberpickup,1,0,1
climbers,1,2,3
climbin,1,1,2
climbing,117,118,235
climbs,6,7,13
clime,1,0,1
climes,2,5,7
climing,2,0,2
climpse,0,1,1
clinbing,1,0,1
clinch,2,4,6
clinched,0,2,2
clincher,0,2,2
clinches,1,1,2
clinching,1,0,1
cline,3,1,4
clinevines,0,1,1
cling,5,4,9
clingan,1,0,1
clingfilming,0,1,1
clingin,0,1,1
clinging,6,6,12
clings,15,1,16
clingy,14,3,17
clinic,130,40,170
clinical,21,18,39
clinically,2,2,4
clinicals,7,3,10
clinician,0,1,1
cliniclowns,1,0,1
clinics,9,0,9
clinique,4,1,5
clink,3,7,10
clinkers,4,0,4
clinking,1,0,1
clinks,1,1,2
clinky,0,2,2
clint,21,24,45
clinton,27,27,54
clintonia,0,1,1
clintooooon,1,0,1
clints,1,1,2
clio,6,5,11
cliocup,1,0,1
cliod,1,0,1
cliodhna,1,0,1
clip,146,250,396
clipart,2,0,2
cliparts,1,1,2
clipboard,5,7,12
clipcritics,1,1,2
clipe,1,4,5
cliped,1,1,2
clipeeeeee,0,1,1
cliph,1,0,1
cliping,0,1,1
clipnabber,0,1,1
clipped,19,4,23
clippens,0,1,1
clipper,10,5,15
clippers,24,16,40
clipperz,0,1,1
clippies,0,1,1
clipping,7,9,16
clippingimages,0,1,1
clippings,1,3,4
clippppp,1,0,1
clips,83,95,178
clipscos,1,0,1
clipse,1,1,2
clipstart,0,1,1
clique,13,14,27
cliquei,1,0,1
cliqueoftwitter,3,11,14
cliques,1,0,1
cliquey,1,0,1
cliquoet,0,1,1
cliquot,3,1,4
clissify,0,1,1
clit,8,7,15
clithes,0,1,1
clits,0,2,2
clitter,1,0,1
clitty,1,0,1
cliudy,1,0,1
clive,8,11,19
clivey,0,1,1
clix,0,1,1
clixpy,0,1,1
cljw,0,1,1
clk,1,0,1
clkub,0,1,1
cll,2,0,2
cllaiir,0,1,1
clld,2,0,2
cllge,1,0,1
cllinical,0,1,1
cllocation,1,0,1
clloosooossee,0,1,1
cllr,1,0,1
clm,1,0,1
cln,2,0,2
clns,1,0,1
clo,4,3,7
cloaca,0,1,1
cload,1,0,1
cloak,6,8,14
cloaking,2,3,5
cloakro,1,0,1
cloakroom,1,0,1
cloama,1,0,1
clob,1,1,2
clobber,1,4,5
clobberd,1,0,1
clobbered,4,1,5
cloche,0,1,1
cloches,0,1,1
clock,544,384,928
clocked,15,10,25
clockin,1,0,1
clocking,7,7,14
clockins,0,1,1
clockkk,0,1,1
clocks,25,26,51
clockwise,2,3,5
clockwork,8,13,21
clocky,0,1,1
clod,4,2,6
clodagh,0,1,1
clodge,0,1,1
clods,1,0,1
cloe,1,2,3
cloeee,0,2,2
clog,3,7,10
clogau,1,0,1
clogga,0,1,1
clogged,37,9,46
cloggie,1,0,1
cloggin,2,2,4
clogging,12,4,16
cloggs,1,0,1
cloggy,2,0,2
clogherhead,0,1,1
clogs,5,3,8
cloi,0,1,1
cloie,0,1,1
clois,3,1,4
cloisonne,0,1,1
cloisters,1,1,2
clojure,0,2,2
clold,1,0,1
clomplicated,1,0,1
clon,0,1,1
clonazepam,0,2,2
clonazepm,1,0,1
clone,46,50,96
clonecloud,0,1,1
cloned,3,4,7
cloner,0,1,1
cloners,0,1,1
clones,3,12,15
clonezilla,0,1,1
clonie,1,0,1
cloning,7,4,11
clonk,16,0,16
clontarf,1,0,1
clook,1,0,1
clooney,4,15,19
cloony,1,0,1
clooooo,0,1,1
cloooooooose,1,0,1
clooooose,0,1,1
cloooooseeeeeeee,1,0,1
clooooothes,1,0,1
cloooose,1,1,2
clooose,0,1,1
cloooseee,1,0,1
clop,0,1,1
clope,0,1,1
clopen,1,0,1
clopin,1,0,1
clopping,0,1,1
clore,0,1,1
clorettes,0,1,1
clorine,0,1,1
cloris,1,0,1
clorox,8,0,8
clos,2,1,3
closd,0,1,1
close,2009,1360,3369
closeby,0,1,1
closebye,1,0,1
closed,1423,260,1683
closeddown,1,0,1
closedhanded,0,1,1
closedown,2,0,2
closee,2,0,2
closeee,1,0,1
closeeee,4,1,5
closeeeee,1,0,1
closeeeeeee,1,1,2
closeing,0,1,1
closely,24,51,75
closeness,3,0,3
closeout,0,1,1
closer,408,465,873
closerr,1,0,1
closerrr,0,2,2
closers,0,3,3
closes,95,43,138
closest,196,64,260
closests,1,0,1
closet,201,156,357
closeted,0,3,3
closetest,0,1,1
closets,10,10,20
closeup,2,8,10
closeups,0,1,1
closin,4,0,4
closing,442,158,600
closings,2,3,5
closley,0,2,2
closly,0,1,1
closong,1,0,1
closs,1,0,1
clossaaaaaa,0,1,1
clossssssserrr,0,1,1
clost,0,1,1
closterphobic,0,1,1
clostest,1,1,2
clostridium,1,0,1
closu,1,0,1
closure,32,12,44
closures,8,1,9
clot,11,0,11
clotes,0,1,1
cloth,34,33,67
clothdiaper,1,1,2
clothdiapering,0,1,1
clothdiapers,44,62,106
clothe,2,1,3
clothed,10,10,20
clothees,0,1,1
clothepegs,0,1,1
clother,1,0,1
clothers,1,0,1
clothes,1049,945,1994
clothesfor,1,0,1
clothesline,7,3,10
clothesminded,1,0,1
clothespins,1,1,2
clothess,1,3,4
clothesshow,0,1,1
clothesss,2,0,2
clothessssss,1,0,1
clothestho,1,0,1
clothez,0,1,1
clothing,86,127,213
clothinggg,0,1,1
clothings,2,0,2
clothingshop,0,1,1
clothingstore,0,1,1
clothless,0,1,1
cloths,11,18,29
clothse,0,1,1
clothset,0,1,1
clothshanger,0,1,1
clothz,2,0,2
clots,1,1,2
clotted,1,4,5
clottey,0,1,1
clotting,2,0,2
cloud,181,235,416
cloudapp,1,0,1
cloudberry,0,1,1
cloudburst,0,1,1
cloudbuster,0,1,1
cloudcamp,2,2,4
cloudcomputing,0,1,1
cloudcroft,1,0,1
cloudcuckooland,1,0,1
clouddd,1,0,1
clouded,12,3,15
cloudfail,1,0,1
cloudforce,2,5,7
cloudfront,0,2,2
cloudier,0,1,1
cloudiest,0,1,1
cloudiiiieee,0,1,1
cloudiness,2,1,3
clouding,12,6,18
cloudland,2,4,6
cloudless,1,9,10
cloudly,5,0,5
cloudos,0,2,2
cloudpain,1,0,1
clouds,429,224,653
cloudshouldpass,1,0,1
cloudss,1,1,2
cloudsss,2,0,2
cloudviews,0,3,3
cloudwatch,0,2,2
cloudy,605,180,785
cloudyy,1,0,1
clough,2,0,2
clounds,0,1,1
clouseau,0,1,1
clout,2,2,4
cloutttt,0,1,1
clove,5,2,7
clover,17,17,34
cloverfield,2,6,8
cloverland,1,0,1
cloverleaf,1,0,1
clovers,3,2,5
clovertreefilms,1,0,1
cloves,4,5,9
clovieshowercam,0,1,1
clovis,1,3,4
clow,0,2,2
cloward,0,1,1
clowding,1,0,1
clowdy,4,0,4
clowers,1,0,1
clown,55,61,116
clownass,0,1,1
clowne,1,0,1
clowned,4,1,5
clowner,0,1,1
clownface,1,0,1
clownfish,0,2,2
clownin,4,0,4
clowning,2,3,5
clowns,43,30,73
clownshoe,1,0,1
clowny,0,1,1
clownz,0,1,1
clozure,0,1,1
clp,0,4,4
clr,1,2,3
cls,5,5,10
clsd,1,0,1
clse,1,0,1
clsf,0,1,1
clsm,0,1,1
clsoed,1,0,1
clsp,1,0,1
clsrm,0,1,1
clsrms,1,0,1
clss,0,1,1
clsses,1,0,1
clst,0,1,1
clt,11,5,16
clts,1,0,1
cltwin,1,0,1
clu,1,0,1
cluase,0,1,1
club,958,1167,2125
clubabyss,0,1,1
clubanddance,0,1,1
clubb,1,2,3
clubbb,1,3,4
clubbbbb,0,1,1
clubbbiiiin,0,1,1
clubbed,4,0,4
clubben,0,2,2
clubber,0,1,1
clubbers,4,3,7
clubbery,0,1,1
clubbin,20,17,37
clubbing,60,49,109
clubbling,1,0,1
clubbn,0,1,1
clubbox,0,1,1
clubby,1,0,1
clubcall,1,0,1
clubcard,3,0,3
clube,0,3,3
clubhopping,0,1,1
clubhose,1,0,1
clubhouse,15,5,20
clubin,1,0,1
clubing,4,6,10
clubl,0,1,1
clubland,1,2,3
clublines,1,0,1
clublistnow,0,2,2
clubman,1,2,3
clubmaster,0,1,1
clubmasters,1,0,1
clubpenguin,3,1,4
clubpenguins,1,0,1
clubroom,1,0,1
clubrun,0,1,1
clubs,76,88,164
clubsrus,0,1,1
clubswing,0,1,1
clubvaiocongress,1,0,1
clubx,1,0,1
clubxi,1,0,1
clubzone,0,2,2
cluck,0,2,2
clucking,0,1,1
cluckingblossom,1,0,1
cluckkkkkk,1,0,1
clucks,1,0,1
clucky,0,1,1
cluddy,1,0,1
clude,1,0,1
clue,360,263,623
clued,2,3,5
cluedo,3,0,3
cluee,2,4,6
clueeeelesssss,1,0,1
clueing,0,2,2
clueless,72,57,129
cluelessa,0,1,1
clues,29,33,62
clueso,1,1,2
cluesseless,0,1,1
cluetrain,1,0,1
clug,1,0,1
cluh,1,0,1
cluie,1,0,1
cluj,2,5,7
cluless,1,1,2
clumber,1,0,1
clumbia,0,1,1
clumbsy,2,0,2
clump,3,2,5
clumped,2,0,2
clumpies,1,0,1
clumps,1,1,2
clumpsy,0,2,2
clumpy,2,0,2
clumsiest,1,0,1
clumsily,2,0,2
clumsiness,3,2,5
clumsy,68,28,96
clumsyash,1,0,1
clumsyness,1,0,1
clunb,1,0,1
clunes,2,3,5
clung,2,0,2
clunge,2,3,5
clunk,1,0,1
clunked,1,0,1
clunker,1,0,1
clunkers,2,0,2
clunky,4,4,8
clur,1,1,2
cluricaune,1,0,1
clurker,0,1,1
clurrrrrrrrrr,1,0,1
clusaz,1,0,1
cluse,0,1,1
clusmy,1,0,1
cluster,16,17,33
clustered,1,0,1
clusterf,0,1,1
clusterfark,1,0,1
clusterfuck,6,1,7
clusterfucked,1,0,1
clustering,2,0,2
clusterpoint,0,1,1
clusters,12,9,21
clutch,43,27,70
clutches,8,9,17
clutchhh,0,1,1
clutching,8,7,15
clute,0,1,1
cluthing,0,1,1
clutter,15,23,38
cluttered,13,10,23
clutterer,1,0,1
cluttering,4,3,7
clutters,2,0,2
cluttery,1,0,1
clutz,6,2,8
clutze,1,0,1
clutzed,0,1,1
clutzy,4,0,4
cluubing,0,1,1
cluuuue,1,0,1
clv,1,1,2
clver,0,1,1
clw,2,0,2
clwn,1,0,1
clx,0,1,1
cly,0,1,1
clycing,1,0,1
clyde,20,16,36
clydebank,4,2,6
clydee,0,1,1
clydes,0,2,2
clydesdale,0,2,2
clydie,0,1,1
clyne,0,1,1
clynol,0,1,1
clynton,0,1,1
clyro,1,4,5
clywed,1,1,2
clyweled,1,0,1
clz,2,0,2
cm,76,73,149
cma,27,13,40
cmafest,3,1,4
cman,1,0,1
cmanisouk,1,0,1
cmap,0,1,1
cmas,3,0,3
cmaths,0,1,1
cmb,2,0,2
cmc,2,1,3
cmcc,0,1,1
cmconnect,0,1,1
cmd,11,19,30
cmdbanow,1,0,1
cmder,1,0,1
cme,15,15,30
cmea,1,0,1
cmedy,1,0,1
cmen,1,0,1
cmes,2,0,2
cmf,1,2,3
cmg,2,1,3
cmh,1,1,2
cmi,3,1,4
cmib,0,1,1
cmic,1,0,1
cmiiw,0,1,1
cmilk,0,1,1
cmim,2,0,2
cmin,3,3,6
cming,1,0,1
cmis,0,1,1
cmj,0,2,2
cmk,1,1,2
cmkx,0,1,1
cml,1,0,1
cmm,6,3,9
cmma,2,1,3
cmmi,1,1,2
cmmnctions,1,0,1
cmmnt,0,1,1
cmmnts,2,1,3
cmmooooon,0,1,1
cmmt,1,2,3
cmmts,0,1,1
cmn,2,3,5
cmng,0,1,1
cmnt,2,3,5
cmnted,0,1,1
cmnts,1,2,3
cmo,1,2,3
cmobileweb,0,1,1
cmols,1,0,1
cmon,52,59,111
cmonn,1,1,2
cmonnn,1,0,1
cmonnnn,0,2,2
cmooooon,1,0,1
cmos,1,1,2
cmot,1,0,1
cmown,0,1,1
cmoybb,1,0,1
cmpa,0,1,1
cmpany,1,1,2
cmping,0,1,1
cmplaing,1,0,1
cmplete,1,0,1
cmpny,0,2,2
cmpros,0,1,1
cmpta,1,0,1
cmptblty,1,0,1
cmputer,1,0,1
cmputr,0,1,1
cmq,0,1,1
cms,26,40,66
cmsbootcamp,1,0,1
cmsk,1,0,1
cmss,1,1,2
cmsummit,0,3,3
cmt,104,33,137
cmtmusicawards,2,0,2
cmts,4,3,7
cmtv,1,0,1
cmu,0,3,3
cmune,0,1,1
cmwacot,1,0,1
cmwrap,1,0,1
cmyk,0,2,2
cn,51,68,119
cna,11,11,22
cnage,1,0,1
cname,0,1,1
cnat,3,2,5
cnaterbury,0,1,1
cnb,1,0,1
cnbc,6,8,14
cnbi,1,0,1
cnc,3,3,6
cnceled,10,0,10
cncert,0,1,1
cncierto,0,1,1
cncl,1,0,1
cncled,1,0,1
cnd,6,1,7
cnda,1,0,1
cndboy,1,0,1
cndian,1,0,1
cne,1,0,1
cnear,1,0,1
cneh,1,0,1
cneiffon,0,1,1
cnet,6,10,16
cnetents,0,1,1
cnfiar,1,0,1
cnfsd,0,1,1
cngratulations,0,1,1
cnguy,0,1,1
cnh,0,2,2
cnhs,1,0,1
cni,0,2,2
cnk,0,1,1
cnmt,1,0,1
cnn,115,64,179
cnnction,3,1,4
cnnfail,4,3,7
cnnfails,1,0,1
cnni,2,1,3
cnnmobile,1,0,1
cnnmoney,2,0,2
cnnsi,1,0,1
cnnt,1,0,1
cno,1,2,3
cnong,0,1,1
cnot,0,1,1
cnp,1,1,2
cnqueen,1,0,1
cnr,0,4,4
cnrs,1,0,1
cns,1,3,4
cnsbe,1,0,1
cnsc,1,1,2
cnsidering,1,1,2
cnt,385,166,551
cntd,0,1,1
cnthlp,0,1,1
cnting,1,0,1
cntinue,1,0,1
cntkvrrussian,1,0,1
cntm,3,1,4
cntr,2,1,3
cntrl,0,2,2
cntrllr,1,0,1
cntrol,1,0,1
cntry,1,0,1
cntrymomma,1,0,1
cnts,1,2,3
cntt,2,2,4
cnu,2,4,6
cnung,0,1,1
cnutroy,0,1,1
cnuts,1,0,1
cnverter,1,0,1
cnvo,0,1,1
cnvrsation,0,1,1
cnw,0,2,2
cny,2,3,5
co,501,529,1030
coa,4,1,5
coach,194,197,391
coachability,0,1,1
coachable,0,1,1
coached,5,4,9
coachees,0,1,1
coachella,66,30,96
coaches,20,20,40
coachforyou,0,1,1
coachhouse,0,1,1
coachies,1,0,1
coachin,2,2,4
coaching,40,65,105
coachngrow,0,1,1
coachroach,0,1,1
coachsessions,0,1,1
coachwhips,1,0,1
coactive,0,1,1
coady,1,0,1
coagula,0,1,1
coah,0,1,1
coaja,1,0,1
coakley,0,1,1
coal,13,17,30
coalesce,0,1,1
coalface,1,0,1
coaliition,1,0,1
coalition,3,5,8
coalmine,0,1,1
coals,4,5,9
coalville,2,0,2
coan,0,1,1
coanine,0,1,1
coanwood,1,0,1
coarse,6,13,19
coarsework,2,0,2
coas,0,1,1
coase,0,1,1
coast,442,464,906
coastal,7,18,25
coastall,0,1,1
coasted,1,0,1
coasteering,0,1,1
coaster,38,49,87
coastered,0,1,1
coasterin,0,1,1
coastermania,1,0,1
coasters,26,39,65
coastguard,0,1,1
coasties,0,2,2
coastin,1,2,3
coasting,2,4,6
coastline,1,3,4
coastlines,1,0,1
coasts,5,3,8
coat,152,111,263
coatandkay,0,1,1
coatbridge,3,1,4
coated,8,14,22
coates,0,1,1
coathanger,0,1,1
coathangers,2,2,4
coathangr,1,0,1
coaticook,0,1,1
coating,8,5,13
coatise,0,1,1
coatl,0,1,1
coatless,2,0,2
coatley,0,2,2
coatleys,0,1,1
coats,22,22,44
coattails,0,1,1
coausin,0,1,1
coauthor,0,1,1
coauthors,0,1,1
coax,3,0,3
coaxed,0,1,1
coaxin,0,1,1
coaxing,1,2,3
cob,15,19,34
coba,6,7,13
cobain,8,2,10
cobalt,9,5,14
cobardes,1,0,1
cobb,11,7,18
cobbalana,1,0,1
cobber,1,0,1
cobbeticut,1,0,1
cobble,0,2,2
cobbled,2,1,3
cobbler,10,12,22
cobblers,0,2,2
cobbles,0,1,1
cobblestone,2,2,4
cobblestones,1,3,4
cobbleyest,0,1,1
cobden,0,1,1
coben,0,4,4
coberst,1,0,1
cobert,0,1,1
coberta,0,1,1
cobertura,1,0,1
cobey,1,0,1
cobh,1,1,2
cobham,1,1,2
cobi,1,0,1
cobie,0,2,2
coble,0,1,1
cobler,1,3,4
cobleskill,0,1,1
cobogw,0,1,1
cobol,1,1,2
cobourg,0,4,4
cobra,65,111,176
cobraaa,0,1,1
cobraaaa,1,0,1
cobraaaaaaaas,1,0,1
cobracam,2,6,8
cobrahcam,1,0,1
cobras,4,1,5
cobrastarship,0,2,2
cobrcam,0,1,1
cobris,0,1,1
cobs,1,5,6
coburn,0,1,1
cobvered,1,0,1
cobweb,2,1,3
cobwebby,2,0,2
cobwebs,9,8,17
coby,6,2,8
coc,2,3,5
coca,23,45,68
cocacola,3,5,8
cocadas,0,1,1
cocagne,0,1,1
cocain,1,0,1
cocaine,21,18,39
cocainee,1,0,1
cocanut,1,0,1
cocaroach,1,0,1
cocca,0,2,2
coccname,0,1,1
coccoon,1,1,2
coccy,1,0,1
coccyx,6,0,6
coccyz,1,0,1
cocentrate,0,4,4
cocentration,1,0,1
cocert,1,1,2
cochairs,0,1,1
coche,1,0,1
coches,0,1,1
cochilar,0,1,1
cochin,1,8,9
cochina,1,4,5
coching,1,0,1
cochino,1,1,2
cochran,2,1,3
cochrane,1,1,2
cochusa,0,1,1
cocial,1,0,1
cociane,1,0,1
cocina,0,1,1
cocinandole,1,0,1
cocinandote,1,0,1
cocinar,1,0,1
cock,88,72,160
cockadoodledoos,0,1,1
cockapoo,2,1,3
cockaraoch,1,0,1
cockaroach,1,0,1
cockass,0,1,1
cockatiel,6,3,9
cockatiels,3,1,4
cockatill,0,1,1
cockatoo,1,2,3
cockatoos,2,1,3
cockblock,1,2,3
cockblocked,4,0,4
cockblocker,0,1,1
cockblockin,1,0,1
cockblocking,2,1,3
cockblowing,1,0,1
cockburn,1,1,2
cocked,9,2,11
cocker,14,11,25
cockeral,2,0,2
cockerel,1,0,1
cockermouth,1,1,2
cockfosters,0,1,1
cockiest,0,1,1
cockiness,0,3,3
cocking,3,3,6
cockle,0,3,3
cockles,0,3,3
cockmunch,1,0,1
cocknbull,1,0,1
cockney,4,6,10
cocknoberry,0,1,1
cockpit,5,4,9
cockpunch,0,1,1
cockran,0,1,1
cockroach,19,10,29
cockroaches,6,5,11
cocks,11,6,17
cocksix,1,0,1
cockstain,0,1,1
cocksuckas,1,0,1
cocksuckaz,1,0,1
cocksucker,1,4,5
cocksure,0,2,2
cocktail,69,95,164
cocktailes,0,1,1
cocktailing,0,1,1
cocktails,47,106,153
cocktease,2,0,2
cocktouch,1,0,1
cocktup,1,0,1
cockup,1,1,2
cockups,0,1,1
cocky,17,17,34
cockyness,0,1,1
cocltails,0,1,1
cocncert,1,0,1
cocnert,1,2,3
coco,99,93,192
cocoa,53,67,120
cocoabeary,0,1,1
cocoacast,0,1,1
cocoaheads,1,0,1
cocoandbreezy,0,1,1
cocoapedia,0,1,1
cocobay,1,0,1
cocochanel,1,1,2
cocodamal,1,0,1
cocogod,0,1,1
cocok,0,3,3
cocolat,1,0,1
cocoliciousness,0,1,1
cocolon,0,1,1
cocomilk,0,1,1
cocomo,1,1,2
cocomos,0,1,1
cocomut,0,2,2
coconet,0,1,1
coconut,72,99,171
coconutgrove,1,0,1
coconuts,6,10,16
coconuttts,1,0,1
cocoon,4,4,8
cocooning,0,1,1
cocopops,1,0,1
cocopuff,0,1,1
cocopuffs,0,1,1
cocorahs,1,0,1
cocorec,1,0,1
cocoro,0,1,1
cocos,1,2,3
cocoshaynel,0,2,2
cocosmia,1,0,1
cocotas,1,0,1
cocotte,0,1,1
cocqs,1,0,1
cocreators,0,1,1
cocroach,1,0,1
coctail,0,2,2
coctails,2,3,5
cocteau,0,1,1
coctlletive,1,0,1
cocu,1,0,1
cocuk,1,0,1
cocurrently,0,1,1
cocyx,1,0,1
cod,130,126,256
coda,16,15,31
codamol,3,1,4
coddle,0,1,1
coddled,1,1,2
code,616,582,1198
codebase,2,3,5
codebases,0,1,1
codebreaking,1,0,1
codec,9,2,11
codecamp,3,3,6
codecamps,1,1,2
codechef,1,0,1
codecompletion,1,0,1
codecs,3,4,7
coded,20,10,30
codeee,0,1,1
codegarden,2,1,3
codegeneration,0,1,1
codeglue,1,0,1
codeh,1,0,1
codehaus,0,1,1
codeignite,0,1,1
codeigniter,2,1,3
codeigniterju,0,1,1
codeignitor,0,1,1
codein,1,0,1
codeine,14,2,16
codekana,1,0,1
codeless,1,0,1
codemasters,2,3,5
codemonkey,1,1,2
codename,1,5,6
codenamed,0,2,2
codenames,1,0,1
codependant,1,0,1
codependency,2,1,3
codeplex,3,4,7
coder,7,7,14
codereviewer,1,0,1
coders,3,3,6
coderush,0,3,3
codes,94,69,163
codesort,1,0,1
codestock,2,2,4
codewar,1,0,1
codeword,1,0,1
codeworks,1,1,2
codex,1,1,2
codey,2,1,3
codeyh,0,1,1
codeyyyyyyyyyyy,0,1,1
codez,1,0,1
codger,1,0,1
codi,1,2,3
codie,1,4,5
codiene,2,1,3
codigniter,0,1,1
codii,0,1,1
codilla,0,1,1
codin,1,0,1
codine,3,0,3
coding,125,118,243
codinggg,0,1,1
coditos,0,1,1
codliver,1,0,1
codnt,1,0,1
codpiece,0,1,1
codr,0,2,2
codral,5,4,9
codrals,1,0,1
codreu,0,1,1
codrydamol,1,0,1
codt,1,0,1
codwaw,3,3,6
cody,74,104,178
codydramol,1,0,1
codykins,2,0,2
codykinz,2,0,2
codylinely,0,1,1
codyross,1,0,1
codys,3,2,5
codyy,0,1,1
codyyy,1,0,1
coe,3,5,8
coed,4,2,6
coedine,2,0,2
coedwig,1,0,1
coefficient,1,1,2
coefficients,3,0,3
coehlo,0,3,3
coelhinho,0,1,1
coelho,1,13,14
coeliac,3,1,4
coem,2,4,6
coemdy,0,1,1
coen,1,1,2
coerce,1,2,3
coerced,1,2,3
coercing,0,1,1
coero,1,0,1
coersive,0,1,1
coetzie,0,1,1
coeur,9,7,16
coexist,1,1,2
coexistence,0,2,2
cof,22,7,29
cofe,1,0,1
cofee,6,14,20
cofes,0,1,1
cofession,1,0,1
coff,5,9,14
coffe,48,87,135
coffea,2,0,2
coffeclub,1,0,1
coffee,2666,4168,6834
coffeeandcode,1,0,1
coffeebean,2,4,6
coffeebeat,0,1,1
coffeebreak,1,0,1
coffeecarts,1,0,1
coffeeclub,4,11,15
coffeecoffeecoffeecoffeecoffeecoffeecoffeecoffeecoffeecoffee,0,2,2
coffeecompany,0,1,1
coffeed,0,1,1
coffeee,6,8,14
coffeeee,1,11,12
coffeeeee,2,9,11
coffeeeeee,4,7,11
coffeeeeeee,0,4,4
coffeeeeeeee,1,0,1
coffeeeeeeeee,0,1,1
coffeeeeeeeeeee,2,1,3
coffeeeeeeeeeeeee,1,0,1
coffeeeeeeeeeeeewoooooooo,1,0,1
coffeefail,1,0,1
coffeeflavouredtea,1,0,1
coffeefool,0,1,1
coffeefu,0,1,1
coffeefuelledcoding,1,0,1
coffeegeek,1,0,1
coffeeholic,1,0,1
coffeehouse,1,6,7
coffeeing,0,1,1
coffeelast,0,1,1
coffeeless,2,0,2
coffeemachine,4,0,4
coffeemaker,1,4,5
coffeemate,2,0,2
coffeeplace,1,0,1
coffeepot,1,2,3
coffees,19,26,45
coffeeshop,3,12,15
coffeeshoppe,1,0,1
coffeeshops,1,3,4
coffeesnob,0,1,1
coffeetable,1,0,1
coffeetalk,1,0,1
coffeethoughts,0,3,3
coffeetime,0,10,10
coffeetree,0,1,1
coffeetu,3,7,10
coffeez,0,1,1
coffeh,0,1,1
coffeieeeeeee,0,1,1
coffeine,1,0,1
coffemaker,0,1,1
cofference,0,1,1
coffers,1,0,1
coffeshops,0,1,1
coffetalk,1,0,1
coffetu,0,1,1
coffey,3,4,7
cofff,0,1,1
cofffee,1,3,4
cofffeee,0,2,2
cofffeeee,0,2,2
cofffeeeeee,1,0,1
cofffeeeeeee,1,1,2
coffffeeee,1,0,1
coffffeeeee,0,1,1
cofffffeee,0,1,1
cofffffeeeee,0,1,1
coffffffeeeeeee,1,0,1
coffffffeeeeeeeeeeeeeee,0,1,1
cofffyy,0,1,1
coffie,2,5,7
coffiees,0,1,1
coffiin,0,1,1
coffin,17,8,25
coffing,2,0,2
coffins,3,0,3
coffs,2,0,2
cofhe,1,0,1
cofo,1,0,1
cofoundedtwitter,0,1,1
cofounder,1,0,1
cofused,3,0,3
cofuses,0,1,1
cofusion,0,1,1
cog,9,3,12
cogan,2,0,2
cogburn,0,2,2
cogeco,1,0,1
cogenhoe,1,0,1
cogently,1,0,1
coger,1,0,1
cogg,0,1,1
cogic,0,1,1
cogitation,0,1,1
cogito,0,1,1
coglab,1,0,1
cogmod,1,0,1
cognac,1,7,8
cognackid,0,1,1
cognacs,0,1,1
cognates,0,2,2
cognition,2,0,2
cognitive,6,6,12
cognizant,2,1,3
cognos,1,1,2
cograts,1,0,1
cogratulations,1,1,2
cogs,4,2,6
cogui,4,0,4
coh,1,6,7
cohabitate,0,1,1
cohan,0,3,3
cohav,1,0,1
cohcolate,1,0,1
coheed,7,7,14
cohen,17,34,51
cohens,2,0,2
cohercion,0,1,1
cohere,1,0,1
coherence,1,1,2
coherency,0,1,1
coherent,6,12,18
cohesion,2,0,2
cohesive,0,1,1
cohesiveness,1,0,1
cohi,1,0,1
cohn,2,1,3
coho,2,1,3
cohol,0,1,1
cohoota,1,0,1
cohort,1,3,4
cohorts,3,1,4
cohos,1,0,1
cohost,1,1,2
cohosting,0,1,1
cohousing,0,1,1
coi,6,6,12
coices,1,0,1
coif,0,1,1
coiffant,0,1,1
coiffed,0,1,1
coiffeur,0,1,1
coiffure,0,1,1
coight,0,1,1
coiincidink,1,0,1
coil,9,8,17
coild,1,0,1
coiled,0,1,1
coilgun,0,1,1
coilhouse,0,1,1
coilmaster,0,1,1
coilovers,0,1,1
coilpack,1,0,1
coils,1,3,4
coima,2,0,2
coimbatore,3,0,3
coin,39,38,77
coincdence,0,1,1
coincedence,0,3,3
coincert,1,0,1
coinci,0,1,1
coincidance,0,1,1
coincide,5,4,9
coincided,2,0,2
coincidemce,1,0,1
coincidence,32,97,129
coincidences,0,3,3
coincident,0,1,1
coincidental,1,7,8
coincidentally,3,12,15
coincidentially,1,1,2
coincidently,2,4,6
coincides,2,3,5
coincidinci,0,1,1
coinciding,2,0,2
coincido,1,0,1
coincisence,0,1,1
coined,5,9,14
coinflip,1,1,2
coinflips,1,0,1
coing,0,1,1
coining,1,0,1
coinkadink,0,1,1
coinky,1,0,1
coinkydink,0,1,1
coinns,1,0,1
coins,25,28,53
coinstar,3,1,4
cointreau,0,1,1
cointreauversial,0,1,1
coiplet,0,1,1
coir,1,2,3
coisa,4,5,9
coisas,1,0,1
coise,1,1,2
coisky,1,0,1
coitadinho,1,0,1
coitado,0,1,1
coitus,1,0,1
cojcoflds,1,0,1
cojld,1,0,1
cojo,0,1,1
cojones,1,2,3
cok,1,5,6
coka,1,2,3
coke,332,373,705
cokebottles,0,1,1
coked,1,0,1
cokee,0,2,2
cokeecainee,1,0,1
cokeee,1,0,1
cokefloat,1,1,2
cokehead,2,0,2
cokeine,1,0,1
cokelat,0,1,1
cokelight,0,1,1
cokelore,1,0,1
cokemaster,0,1,1
cokenilla,1,0,1
cokeontinent,0,1,1
coker,1,0,1
cokers,1,0,1
cokes,16,7,23
cokeu,1,0,1
cokey,1,0,1
cokezero,1,0,1
coki,1,0,1
cokiee,0,1,1
cokies,1,0,1
cokin,2,1,3
coking,0,2,2
coklat,1,1,2
cokling,0,1,1
coko,2,3,5
cokolat,1,0,1
coktup,2,4,6
col,14,19,33
cola,56,76,132
colaaaa,1,0,1
colab,1,3,4
colaborate,0,1,1
colabs,0,1,1
colac,1,1,2
colache,0,1,1
colada,11,15,26
coladas,1,8,9
colage,1,0,1
colain,1,0,1
colalife,0,1,1
colan,1,0,1
colander,0,2,2
colaphotog,1,0,1
colapse,2,0,2
colapsed,1,0,1
colapsing,1,0,1
colapso,1,0,1
colar,1,0,1
colars,2,0,2
colas,1,2,3
colaship,1,0,1
colata,0,1,1
colated,1,0,1
colb,0,2,2
colber,1,0,1
colbert,23,26,49
colbertobsessed,0,1,1
colbertreport,0,1,1
colbie,6,13,19
colbourne,0,1,1
colbran,0,1,1
colburn,1,0,1
colby,23,30,53
colbys,0,3,3
colcannon,0,1,1
colchester,13,11,24
colchoneros,0,1,1
cold,6622,1970,8592
colda,1,0,1
coldblooded,1,0,1
coldboot,0,1,1
coldbuster,1,1,2
coldcall,0,1,1
coldcaller,0,1,1
coldclocking,0,1,1
coldd,12,3,15
colddd,9,0,9
coldddd,14,1,15
colddddd,8,1,9
coldddddd,2,1,3
coldddddddddddddddd,1,0,1
colded,0,1,1
coldent,2,0,2
colder,63,23,86
coldest,12,9,21
coldfield,1,1,2
coldflame,0,1,1
coldframe,1,1,2
coldfumonkeh,1,0,1
coldfusion,1,7,8
coldhearted,1,0,1
coldheat,1,0,1
coldies,2,0,2
coldified,2,0,2
colding,1,0,1
coldish,3,0,3
coldly,3,1,4
coldmeat,1,0,1
coldn,1,0,1
coldness,17,2,19
coldnt,1,0,1
coldoil,1,0,1
coldpay,1,0,1
coldpizza,0,1,1
coldpla,1,0,1
coldplaaaaaaaaay,0,1,1
coldplay,97,180,277
coldplayconcert,0,1,1
coldplaying,6,0,6
coldplays,1,1,2
coldremedy,1,0,1
colds,170,16,186
coldsaw,3,0,3
coldsore,4,0,4
coldstone,30,35,65
coldstones,2,4,6
coldstream,0,1,1
coldstroke,1,0,1
coldsucks,1,0,1
coldular,1,0,1
coldwar,1,0,1
coldwater,2,2,4
coldwell,1,1,2
coldy,7,0,7
coldyyy,1,0,1
cole,71,73,144
coleage,1,0,1
colected,1,0,1
colectie,0,2,2
colection,0,2,2
colectiv,1,0,1
colectivo,0,1,1
colectors,1,0,1
colee,1,0,1
coleee,0,1,1
coleen,3,3,6
colegas,1,1,2
colege,5,1,6
colegio,1,0,1
colelct,1,0,1
colelction,0,1,1
colelge,1,0,1
coleman,8,7,15
colemans,2,0,2
colenel,1,0,1
coler,0,2,2
coleraine,0,4,4
coleridge,0,2,2
coles,15,22,37
colesaw,1,0,1
coleseum,0,1,1
coleslaw,4,8,12
colest,0,1,1
colesterol,1,0,1
coleto,1,0,1
coletta,1,0,1
colette,2,6,8
colettea,0,1,1
colettes,1,0,1
coletti,0,1,1
coleus,0,1,1
coley,5,3,8
coleyy,0,1,1
colf,1,0,1
colfax,0,5,5
colfes,0,1,1
colg,1,0,1
colgate,4,3,7
colgne,0,1,1
colher,0,1,1
coli,17,0,17
colic,6,1,7
colica,1,0,1
colicaaaaaaaaaaaaaaaaaaaaaaa,1,0,1
colicky,2,0,2
colid,0,1,1
colidas,0,1,1
colide,0,2,2
colie,3,2,5
colij,1,0,1
colin,68,86,154
colindale,1,0,1
colinder,0,2,2
colinn,1,0,1
colinoscopy,2,0,2
colins,1,4,5
colis,1,0,1
coliseum,17,13,30
colita,1,0,1
colitis,8,1,9
coll,13,13,26
colla,0,3,3
collaaaage,0,1,1
collab,7,41,48
collaberated,0,1,1
collaberation,0,1,1
collabo,0,3,3
collaborate,4,15,19
collaborated,1,1,2
collaborating,3,5,8
collaboration,4,34,38
collaborations,2,4,6
collaborative,3,16,19
collaboratively,0,1,1
collaborator,0,1,1
collaborators,0,1,1
collabro,0,1,1
collabs,1,6,7
collabtive,0,1,1
collage,40,41,81
collagen,0,1,1
collager,0,1,1
collages,1,9,10
collander,0,1,1
collaps,1,0,1
collapsable,1,3,4
collapse,43,28,71
collapsed,47,9,56
collapses,6,2,8
collapsible,1,1,2
collapsing,13,4,17
collapsinnng,1,0,1
collapso,0,1,1
collapsted,1,0,1
collar,68,34,102
collarbone,10,3,13
collarbones,2,1,3
collard,0,6,6
collards,1,1,2
collared,3,5,8
collarino,1,0,1
collars,6,11,17
collasped,1,0,1
collasping,1,0,1
collate,1,2,3
collated,0,1,1
collateral,4,4,8
collating,0,3,3
collative,1,0,1
colld,2,0,2
colldd,1,0,1
collddd,2,1,3
colldddd,1,0,1
colleage,0,2,2
colleages,1,0,1
colleague,52,46,98
colleagues,71,74,145
collec,0,1,1
collect,81,99,180
collecta,3,0,3
collectable,0,2,2
collectables,0,1,1
collected,25,31,56
collecter,0,1,1
collecters,1,1,2
collectible,2,0,2
collectibles,3,23,26
collectiblesf,1,0,1
collectie,0,1,1
collectin,0,1,1
collecting,41,48,89
collection,180,259,439
collectionist,1,0,1
collections,6,18,24
collectionviewsource,1,0,1
collective,29,45,74
collectively,3,5,8
collectivist,0,1,1
collectomania,1,0,1
collector,12,22,34
collectormania,5,13,18
collectors,9,22,31
collects,2,6,8
collectsoulliveonfriday,1,0,1
colledge,1,1,2
colleen,20,22,42
colleeni,1,0,1
colleenie,1,0,1
colleens,0,2,2
colleg,1,0,1
collegd,1,0,1
college,1750,1120,2870
collegeau,0,1,1
collegecrunch,0,1,1
collegee,2,1,3
collegeeeeee,0,1,1
collegeeeeeeeeee,1,0,1
collegehumor,1,3,4
collegejourn,1,1,2
collegekid,1,0,1
collegemate,0,1,1
collegepreneurs,0,1,1
colleges,20,11,31
collegesumo,0,1,1
collegework,1,0,1
collegial,0,1,1
collegian,1,0,1
collegiate,3,7,10
collegiatetimes,0,1,1
collegue,2,3,5
collegues,8,2,10
colleqe,1,0,1
coller,1,1,2
collerbone,1,0,1
collesium,0,1,1
collet,1,0,1
colletion,1,0,1
collette,1,1,2
colletti,1,3,4
collexion,0,1,1
colley,0,1,1
collg,1,1,2
collge,2,1,3
collges,1,0,1
colli,0,1,1
collide,18,18,36
collided,12,1,13
collider,1,3,4
colliding,1,3,4
collie,14,11,25
collier,1,1,2
collierclan,0,1,1
colliers,0,1,1
colliery,1,0,1
collies,5,2,7
colligan,8,0,8
collin,21,15,36
colline,0,1,1
collines,0,1,1
collings,0,2,2
collingw,0,1,1
collingwood,11,8,19
collingwoods,0,1,1
collins,26,47,73
collinson,1,0,1
collinsville,0,1,1
colliseum,0,1,1
collision,30,4,34
collisions,0,1,1
collison,1,1,2
collission,0,1,1
collister,1,0,1
collld,2,0,2
colllege,3,0,3
colllld,1,0,1
colllldd,1,0,1
colllllumbia,0,1,1
colloborations,0,1,1
colloquial,0,2,2
colloquialism,0,2,2
colloquialisms,1,0,1
colloquially,0,1,1
colloquium,3,0,3
colloquy,1,0,1
collors,0,1,1
collosal,0,1,1
colloseum,1,2,3
collosians,0,1,1
collossal,1,0,1
collosseo,1,0,1
collowerd,0,1,1
collssus,1,0,1
collumbia,1,0,1
collumn,1,1,2
collumns,1,0,1
collusion,0,1,1
colly,1,1,2
collyer,1,1,2
colm,2,5,7
colma,1,0,1
colman,1,3,4
colmanara,1,0,1
colmflynn,1,0,1
colmillo,1,0,1
colne,0,1,1
colo,4,1,5
coloa,0,1,1
coloba,1,0,1
coloca,0,1,1
colocation,0,1,1
colocviile,0,1,1
coloe,0,1,1
cologn,0,1,1
cologne,47,53,100
colognes,2,1,3
colognetour,0,1,1
coloma,1,0,1
colombia,34,32,66
colombiaa,1,0,1
colombian,7,5,12
colombiana,1,0,1
colombiano,0,1,1
colombine,1,0,1
colombo,2,6,8
colombus,1,1,2
colomendy,0,1,1
colomns,0,1,1
colon,20,8,28
colonel,5,6,11
colonia,0,3,3
colonial,8,9,17
colonic,2,0,2
colonie,1,0,1
colonies,2,4,6
colonise,0,1,1
colonised,1,0,1
colonists,1,1,2
colonization,1,0,1
colonize,1,0,1
colonized,0,1,1
colonnas,1,0,1
colonopenbracket,1,0,1
colonoscopy,7,0,7
colons,0,2,2
colonscopy,2,0,2
colony,12,8,20
color,360,594,954
coloradans,0,1,1
colorado,130,124,254
coloradoo,0,1,1
coloradoooo,1,1,2
colorarmy,1,0,1
colorati,0,1,1
coloration,0,1,1
coloratura,1,0,1
colorblind,5,3,8
colore,0,1,1
colorectal,0,1,1
colored,42,94,136
coloreds,0,1,1
colorful,16,66,82
colorfull,0,4,4
colorguard,1,2,3
colorin,1,2,3
coloring,40,73,113
colorist,1,1,2
colorize,0,1,1
colorized,0,1,1
colorless,4,0,4
colorlovers,1,0,1
colorodo,1,0,1
coloroing,0,1,1
colorpack,1,0,1
colorrr,1,0,1
colors,129,234,363
colorscheme,0,1,1
colorshift,0,1,1
colorsplash,0,2,2
colorstay,1,0,1
colorstayyy,0,1,1
colorway,0,1,1
colorzilla,1,0,1
colossal,7,4,11
colosseum,3,2,5
colossians,0,3,3
colossus,5,6,11
colostomy,1,1,2
colouful,0,1,1
colour,192,306,498
colourant,0,1,1
colourart,0,1,1
colourblind,1,1,2
coloured,17,38,55
coloures,0,1,1
colourful,9,24,33
colourfull,0,1,1
colourin,0,1,1
colouring,19,22,41
colourings,0,1,1
colourise,0,1,1
colourist,2,1,3
colourlando,0,1,1
colourless,1,1,2
colourlovers,1,0,1
colours,45,124,169
colourscheme,1,0,1
coloursfesr,1,0,1
coloursfest,3,3,6
colourshift,0,1,1
colourway,1,1,2
coloury,0,1,1
colplay,0,1,1
colposcopy,1,0,1
colquhoun,1,0,1
colred,2,0,2
colrend,0,2,2
cols,3,2,5
colse,1,0,1
colsole,1,0,1
colston,0,1,1
colsure,1,0,1
colt,3,6,9
coltan,1,0,1
colth,1,0,1
colthes,0,1,1
colthess,0,1,1
colton,11,13,24
coltons,3,0,3
coltrain,0,1,1
coltrane,1,2,3
colts,2,4,6
colud,1,0,1
coludn,1,0,1
coluhh,1,0,1
columba,1,0,1
columbe,1,0,1
columbia,46,39,85
columbian,1,4,5
columbine,13,1,14
columbis,0,1,1
columbo,5,5,10
columbus,94,65,159
columbusrb,1,0,1
columm,1,0,1
column,57,74,131
columnas,1,0,1
columnist,3,3,6
columnista,0,1,1
columnists,0,1,1
columns,42,20,62
columnsss,0,1,1
coluna,0,1,1
coluzzle,1,0,1
colvin,2,1,3
colvo,1,0,1
colwyn,1,1,2
com,1685,2856,4541
coma,64,35,99
comaaa,0,1,1
comacam,1,0,1
comadre,1,4,5
comadres,0,1,1
comaes,0,1,1
comaful,0,1,1
comai,0,1,1
comal,0,1,1
comalge,1,0,1
comam,0,1,1
comanaprosil,0,1,1
comanche,0,1,1
comand,1,0,1
comanda,1,0,1
comandeered,0,1,1
comander,1,0,1
comando,0,4,4
comanions,1,0,1
comanufacturing,0,1,1
comany,1,1,2
comapny,1,2,3
comapred,0,1,1
comarts,1,0,1
comast,1,0,1
comatize,0,1,1
comatose,9,4,13
comatosed,1,0,1
comb,18,13,31
combat,29,41,70
combatarms,0,1,1
combate,1,0,1
combatibility,0,1,1
combating,2,1,3
combative,1,0,1
combats,2,0,2
combattttt,0,1,1
combe,0,2,2
combed,4,3,7
combers,1,0,1
combi,5,2,7
combiation,1,0,1
combicbook,1,0,1
combichrist,4,2,6
combination,109,156,265
combinations,6,7,13
combinator,1,0,1
combinators,1,0,1
combine,14,40,54
combined,43,56,99
combiner,1,0,1
combines,2,3,5
combing,8,7,15
combining,6,14,20
combo,133,157,290
combonation,0,2,2
combonations,0,1,1
combong,1,0,1
comboo,0,1,1
combos,12,9,21
combover,1,1,2
combros,1,0,1
combs,5,8,13
combust,4,2,6
combusted,1,0,1
combustible,0,1,1
combusting,1,1,2
combustion,5,3,8
comcast,139,47,186
comcastic,1,1,2
comcheks,1,0,1
comcsst,0,1,1
comd,1,0,1
comdedian,0,1,1
comdeian,1,0,1
comdev,1,0,1
comdey,1,1,2
comdeycentral,1,0,1
come,12947,12175,25122
comebaaaaack,1,0,1
comeback,62,70,132
comebackcomebackcomeback,1,0,1
comebackk,1,0,1
comebacks,1,2,3
comebacksoon,1,0,1
comebuylipsticks,1,0,1
comeby,0,1,1
comece,0,2,2
comed,3,0,3
comedey,0,1,1
comedian,15,46,61
comedianmedicines,0,1,1
comedians,14,25,39
comedic,8,15,23
comedie,0,2,2
comedien,0,1,1
comedienne,1,2,3
comedies,7,20,27
comedinewithme,0,1,1
comedown,5,3,8
comedy,138,332,470
comedycentral,0,1,1
comedyqueen,1,2,3
comedysportz,1,0,1
comedyy,0,1,1
comee,21,13,34
comeee,11,11,22
comeeee,5,8,13
comeeeee,3,2,5
comeeeeee,1,3,4
comeeeeeeeeeeee,0,1,1
comeeeeeeeeeeeeee,1,0,1
comeeeeeeeeeeeeeeeee,0,1,1
comeeeeeeeeeeeeeeeeeeeeee,0,1,1
comehelp,0,1,1
comein,1,2,3
comeing,10,11,21
comel,0,2,2
comelec,2,0,2
comely,0,1,1
comemrcials,1,0,1
comemtns,1,0,1
comen,1,3,4
comencem,1,0,1
comenceu,0,1,1
comendo,0,1,1
comennts,0,1,1
comense,0,1,1
coment,9,11,20
comentar,2,0,2
comentario,0,1,1
comentaristas,1,0,1
comentary,0,3,3
comente,0,1,1
comented,1,0,1
comenten,0,2,2
coments,0,4,4
comentts,1,0,1
comenzando,0,1,1
comeon,7,8,15
comeone,1,0,1
comeonpwnagetool,1,0,1
comeooon,1,0,1
comeout,0,1,1
comeover,5,1,6
comeplete,0,1,1
comepletely,1,1,2
comepletly,1,0,1
comeptitive,1,0,1
comer,3,11,14
comercial,4,9,13
comercials,7,0,7
comerica,1,0,1
comerical,0,1,1
comers,1,3,4
comersialised,0,1,1
comes,1722,1819,3541
comesam,1,0,1
comesss,1,0,1
comesup,0,1,1
comesz,0,1,1
comet,19,25,44
cometd,0,1,1
cometh,3,1,4
comethings,1,0,1
cometo,0,1,1
comets,4,4,8
comeu,1,0,1
comeup,0,1,1
comeuppance,1,0,1
comework,0,1,1
comeyet,1,0,1
comez,1,0,1
comf,2,0,2
comfartable,0,1,1
comfee,0,1,1
comfert,0,1,1
comfest,2,0,2
comfey,2,1,3
comffy,0,1,1
comfier,1,0,1
comfiest,0,2,2
comfiness,0,1,1
comfirm,1,0,1
comfirmation,1,1,2
comfirmed,2,1,3
comfirms,0,1,1
comfirtable,0,1,1
comfiscated,1,0,1
comforatble,1,0,1
comformfortable,0,1,1
comfort,201,153,354
comfortable,142,154,296
comfortableee,0,1,1
comfortablity,1,0,1
comfortably,14,20,34
comforted,8,4,12
comforter,12,10,22
comforters,1,1,2
comforting,29,45,74
comfortness,0,1,1
comfortor,1,0,1
comforts,7,13,20
comfrey,0,2,2
comfty,0,1,1
comftyyyy,0,1,1
comfussed,1,0,1
comfwipe,1,0,1
comfy,227,262,489
comfydidnt,1,0,1
comfyer,1,0,1
comfyest,1,0,1
comfyy,0,1,1
comfyyy,2,2,4
comging,1,0,1
comgrats,0,1,1
comhelp,0,1,1
comhem,2,0,2
comi,2,0,2
comibg,1,0,1
comic,232,232,464
comical,4,22,26
comically,1,3,4
comicbook,1,3,4
comicbooks,2,0,2
comiccon,3,5,8
comicon,8,2,10
comicreliefparty,1,0,1
comics,82,119,201
comicstars,1,0,1
comicview,0,1,1
comiczeal,0,1,1
comiczone,1,0,1
comida,7,4,11
comie,1,0,1
comiendo,0,1,1
comig,1,1,2
comign,2,1,3
comigo,3,1,4
comih,1,0,1
comiiiiiiing,0,1,1
comiiiiing,1,0,1
comiiing,0,1,1
comiiinq,0,1,1
comiin,0,2,2
comiing,1,2,3
comimg,1,0,1
comin,281,312,593
coming,5206,5189,10395
comingback,1,0,1
comingg,4,7,11
cominggg,2,1,3
cominggggggg,1,0,1
cominging,0,1,1
comingo,0,1,1
comingout,0,1,1
comingrightup,0,1,1
comings,2,1,3
comingsoon,0,1,1
cominn,1,0,1
cominngg,1,0,1
cominngggg,1,0,1
cominnn,1,0,1
cominq,2,4,6
comins,0,1,1
cominto,1,0,1
comio,1,0,1
comiong,1,0,1
comiserating,1,0,1
comiserations,1,0,1
comiskey,0,1,1
comisky,0,1,1
comiss,1,0,1
comission,4,1,5
comissionaires,0,1,1
comissioned,0,1,1
comissioner,1,0,1
comissions,1,1,2
comistes,0,1,1
comiting,0,2,2
comitments,1,0,1
comitted,3,1,4
comittee,0,1,1
comix,1,2,3
comixes,0,1,1
comixinc,0,1,1
comje,0,2,2
comlementary,1,0,1
comleted,0,1,1
comleys,0,1,1
comlipenting,0,1,1
comlumbia,0,1,1
comluv,2,0,2
comly,1,0,1
comm,51,47,98
comma,8,9,17
commack,1,0,1
commadore,1,1,2
comman,2,1,3
command,44,61,105
commanded,1,0,1
commandeer,1,1,2
commandeered,5,0,5
commandeering,0,1,1
commander,7,8,15
commanders,1,0,1
commanding,1,1,2
commandline,2,0,2
commandlinefu,1,0,1
commandlineness,1,0,1
commandment,0,2,2
commandments,1,8,9
commandn,1,0,1
commando,18,20,38
commandofriday,1,0,1
commands,64,8,72
commans,0,1,1
commarts,0,1,1
commas,5,0,5
commasplice,1,0,1
commave,1,0,1
commbank,0,1,1
comme,5,11,16
commedian,0,1,1
commedians,1,0,1
commeeee,2,0,2
commeeeee,0,2,2
commeeent,0,1,1
commemorate,2,1,3
commemorated,1,0,1
commemorating,1,2,3
commemoration,1,2,3
commemorations,0,2,2
commemorative,0,1,1
commen,4,1,5
commence,28,34,62
commenced,8,7,15
commencement,21,20,41
commencements,0,1,1
commences,7,4,11
commencin,1,0,1
commencing,5,3,8
commend,1,0,1
commendable,1,3,4
commendation,0,2,2
commended,1,4,5
commense,1,0,1
comment,591,1285,1876
commenta,1,0,1
commentaries,3,9,12
commentary,50,86,136
commentate,0,2,2
commentated,1,0,1
commentating,2,4,6
commentator,3,5,8
commentators,5,4,9
commentay,0,1,1
commente,1,0,1
commented,60,118,178
commenter,0,4,4
commenters,2,2,4
commentin,0,1,1
commenting,37,71,108
commentluv,2,1,3
commentoooo,0,1,1
commentry,1,4,5
comments,426,634,1060
commentsss,1,0,1
commentt,0,1,1
commentx,1,0,1
commer,0,3,3
commerate,1,0,1
commerc,0,1,1
commerce,31,28,59
commercial,204,302,506
commercialism,2,0,2
commercially,1,2,3
commercials,166,96,262
commere,1,0,1
commerece,0,1,1
commerials,1,0,1
commerical,8,6,14
commericals,2,6,8
commericial,0,2,2
commericials,0,1,1
commet,1,1,2
commets,0,1,1
commfused,0,1,1
commi,1,0,1
commie,1,3,4
commies,3,0,3
commifrigid,0,1,1
commimg,0,1,1
commin,24,21,45
comming,102,90,192
comminn,1,0,1
comminup,1,1,2
commiserate,6,4,10
commiserating,1,2,3
commiseration,1,4,5
commiserations,8,2,10
commish,1,3,4
commision,5,2,7
commisions,2,0,2
commisons,0,1,1
commissary,5,4,9
commission,52,48,100
commissioned,1,9,10
commissionempire,0,1,1
commissioner,2,1,3
commissioners,2,0,2
commissioning,1,1,2
commissions,6,10,16
commissoned,0,1,1
commit,53,34,87
commitable,1,0,1
commital,0,2,2
commite,1,0,1
commited,17,2,19
commitee,2,1,3
commiting,3,0,3
commitment,29,37,66
commitments,27,7,34
commits,4,2,6
committ,0,2,2
committed,69,28,97
committee,14,22,36
committees,1,0,1
committeh,0,1,1
committer,0,1,1
committers,0,1,1
committing,6,4,10
committment,0,4,4
committments,1,1,2
commity,1,0,1
commmander,1,0,1
commme,1,1,2
commmee,0,2,2
commmeee,1,0,1
commmeeee,1,1,2
commment,0,2,2
commments,0,1,1
commmentt,1,0,1
commmitments,1,0,1
commmmeeee,1,0,1
commmmeeeee,0,1,1
commmmmiinnnnnggggggg,1,0,1
commmon,0,2,2
commn,1,0,1
commng,0,1,1
commnin,0,1,1
commns,1,0,1
commnted,1,0,1
commnts,1,2,3
commo,0,1,1
commode,1,0,1
commodified,1,0,1
commoditised,0,1,1
commodity,2,9,11
commodore,19,18,37
commodores,2,1,3
commods,0,1,1
commom,0,1,1
commomwealth,1,0,1
common,193,312,505
commonalities,0,2,2
commonality,0,1,1
commoner,0,1,1
commonest,1,0,1
commonline,0,1,1
commonly,1,10,11
commonnnnnn,0,1,1
commonplace,2,0,2
commons,6,18,24
commonsense,0,1,1
commonwealth,6,3,9
commooootion,0,1,1
commotion,1,4,5
commpliment,0,2,2
commrcials,1,0,1
comms,15,10,25
commserv,1,0,1
commskill,1,0,1
commtech,0,1,1
commtell,0,1,1
commuion,0,1,1
commun,0,1,1
communal,3,8,11
communards,1,0,1
communcate,2,0,2
communciasia,0,1,1
commune,5,4,9
communes,0,1,1
communic,1,1,2
communicasia,3,2,5
communicate,64,50,114
communicated,1,3,4
communicates,1,0,1
communicating,10,14,24
communication,89,84,173
communications,15,39,54
communicatiouns,0,1,1
communicative,1,1,2
communicator,2,9,11
communicators,2,4,6
communiccation,1,0,1
communifuckingcation,1,0,1
communion,22,29,51
communions,2,0,2
communique,0,3,3
communism,1,4,5
communist,5,14,19
communists,4,0,4
communities,12,16,28
community,187,342,529
communitychannel,4,3,7
communityfirstandtrust,1,0,1
communityone,3,9,12
communitys,1,0,1
communter,1,0,1
communual,1,0,1
commute,110,57,167
commutebox,0,1,1
commuted,1,0,1
commutee,0,3,3
commuter,8,4,12
commuterlife,0,1,1
commuters,7,6,13
commutes,1,2,3
commuting,26,14,40
commy,1,0,1
comn,7,3,10
comng,0,2,2
comni,1,0,1
comninations,0,1,1
comning,1,0,1
comnncerrt,0,1,1
como,36,44,80
comode,0,1,1
comodo,2,0,2
comofas,4,0,4
comoing,1,0,1
comon,9,4,13
comong,1,1,2
comonn,1,0,1
comost,1,0,1
comotion,1,0,1
comotose,1,0,1
comouter,1,0,1
comox,1,0,1
comp,584,274,858
compa,0,1,1
compability,2,1,3
compact,14,10,24
compacted,0,1,1
compacting,1,1,2
compactor,2,0,2
compacts,0,2,2
compadre,0,2,2
compadres,0,2,2
compagnie,0,1,1
compagnons,0,1,1
compain,0,1,1
compainon,0,1,1
compaired,4,1,5
compairing,1,0,1
compairison,0,1,1
compalaint,1,0,1
compamy,1,0,1
companero,1,0,1
companheirinho,0,1,1
companied,0,1,1
companies,117,84,201
companion,38,35,73
companioning,0,1,1
companions,6,10,16
companionship,3,1,4
companny,1,0,1
company,896,1038,1934
companys,3,1,4
companyy,2,1,3
companyyyy,2,0,2
companyyyyyy,0,1,1
compaq,7,7,14
compar,0,1,1
comparable,4,6,10
comparado,1,0,1
comparative,1,1,2
comparatively,1,2,3
comparator,1,0,1
compard,0,1,1
compare,66,128,194
compared,138,149,287
compares,15,8,23
comparethemarket,0,1,1
comparethemeerkat,1,0,1
comparible,0,1,1
comparimg,0,1,1
comparing,18,27,45
comparis,0,1,1
comparision,1,1,2
comparisions,1,0,1
comparison,42,53,95
comparisons,2,9,11
comparission,1,0,1
comparissons,0,1,1
comparitively,0,1,1
comparsion,0,1,1
compartan,0,1,1
comparte,0,1,1
compartment,5,3,8
compartmentalizing,0,2,2
compartments,2,0,2
compasion,0,1,1
compass,25,18,43
compassion,14,16,30
compassionart,0,1,1
compassionate,1,2,3
compassionately,1,1,2
compassions,0,1,1
compat,4,1,5
compatability,2,0,2
compatable,5,0,5
compated,0,1,1
compatibility,25,19,44
compatible,95,22,117
compatibly,0,1,1
compatriot,1,0,1
compe,0,1,1
comped,2,3,5
compedition,1,0,1
compeed,1,1,2
compehend,0,1,1
compel,0,1,1
compelete,0,1,1
compeletely,1,0,1
compeletly,1,1,2
compelled,7,14,21
compelling,2,11,13
compells,2,0,2
compels,1,0,1
compelte,1,1,2
compelted,0,1,1
compendium,0,2,2
compensate,23,15,38
compensated,5,4,9
compensates,1,1,2
compensating,4,2,6
compensation,10,8,18
compensations,0,1,1
compeople,1,0,1
compereing,0,1,1
comperture,1,0,1
competative,0,2,2
compete,33,46,79
competed,3,3,6
competely,4,1,5
competence,1,0,1
competences,0,1,1
competencies,1,0,1
competency,3,2,5
competent,5,7,12
competentcy,1,0,1
competes,1,3,4
competetion,0,1,1
competetitions,1,0,1
competetive,0,1,1
competin,0,1,1
competing,25,27,52
competion,5,12,17
competit,0,5,5
competitiion,1,0,1
competitio,0,1,1
competition,171,353,524
competitionnn,0,2,2
competitions,23,22,45
competitior,0,1,1
competitive,23,38,61
competitively,0,1,1
competitiveness,1,3,4
competitivie,0,1,1
competiton,5,9,14
competitor,6,15,21
competitors,4,7,11
competitve,2,2,4
competive,0,1,1
compfortable,1,0,1
compfy,1,4,5
compicate,1,0,1
compie,1,0,1
compiegne,1,0,1
compilation,8,19,27
compilations,1,3,4
compile,21,16,37
compiled,6,12,18
compiler,7,4,11
compilers,2,3,5
compiles,0,3,3
compilin,1,0,1
compiling,18,15,33
compiment,0,1,1
comping,1,1,2
compisition,0,1,1
compition,2,1,3
compitition,1,2,3
compiz,8,2,10
compizine,1,0,1
complabs,1,0,1
complacency,3,0,3
complacent,3,1,4
complain,184,261,445
complaind,1,0,1
complaine,1,0,1
complained,29,27,56
complainer,3,2,5
complainerrrr,1,0,1
complainers,1,2,3
complaing,0,2,2
complainging,0,1,1
complainin,4,5,9
complaining,140,226,366
complainingg,0,1,1
complaininggg,0,1,1
complainingthanks,0,1,1
complainnig,0,1,1
complainning,1,0,1
complainnnnn,1,0,1
complains,6,12,18
complaint,40,34,74
complaints,27,75,102
complan,1,0,1
complanied,0,1,1
complaning,1,2,3
complant,0,1,1
complate,1,0,1
compleanno,0,2,2
compleate,0,2,2
compleated,0,1,1
compleately,1,0,1
compleatly,4,0,4
compleeeeeete,0,1,1
compleeeeeteeee,1,0,1
compleeeeetely,0,1,1
compleet,0,1,1
complekated,1,0,1
complelety,1,0,1
complelty,1,0,1
complemen,0,1,1
complement,3,16,19
complementary,3,5,8
complemented,1,4,5
complementing,1,1,2
complements,3,5,8
complet,3,0,3
completaing,1,0,1
completamente,0,1,1
completar,0,3,3
complete,609,703,1312
completed,144,271,415
completee,0,1,1
completeley,1,0,1
completely,1133,670,1803
completelyyy,0,1,1
completelyyyy,1,0,1
completeness,1,1,2
completes,7,20,27
completey,1,1,2
completing,21,34,55
completion,12,16,28
completley,8,14,22
completly,50,26,76
completo,2,5,7
completoo,0,1,1
complettely,0,1,1
complety,1,0,1
complex,90,96,186
complexed,0,1,1
complexes,3,2,5
complexion,7,7,14
complexities,0,2,2
complexity,2,0,2
complextion,1,0,1
compli,1,2,3
compliance,4,4,8
compliant,5,3,8
compliated,1,0,1
compliation,1,0,1
complica,0,1,1
complicate,7,3,10
complicated,251,117,368
complicatedddddddddddd,1,0,1
complicately,1,0,1
complicates,2,1,3
complicatet,1,0,1
complicating,3,1,4
complication,6,0,6
complications,32,9,41
complicit,2,0,2
complied,2,1,3
complies,1,0,1
complilations,1,0,1
compliment,39,315,354
complimentary,9,20,29
complimente,0,1,1
complimented,1,15,16
complimenting,2,6,8
complimentor,0,1,1
compliments,21,118,139
complimenttt,0,1,1
complimetary,1,0,1
compline,0,1,1
compling,1,0,1
complitments,0,2,2
complments,0,1,1
comploment,0,1,1
complot,0,1,1
complt,1,0,1
compltly,0,1,1
complxion,1,0,1
comply,6,5,11
complytely,1,0,1
compnay,1,0,1
compng,2,1,3
compo,5,2,7
compofdoom,1,0,1
compojure,1,0,1
component,12,12,24
componentlookuperror,1,0,1
components,16,10,26
compooper,1,1,2
compooter,1,1,2
compos,0,1,1
compose,12,19,31
composed,8,9,17
composer,7,11,18
composers,3,1,4
composes,0,1,1
composing,4,19,23
composite,3,2,5
composites,0,1,1
compositing,1,0,1
compositio,0,1,1
composition,7,17,24
compositional,1,0,1
compositions,3,10,13
compost,5,12,17
composted,1,0,1
compostela,1,0,1
composter,1,1,2
composting,0,1,1
composure,2,3,5
composures,1,0,1
compote,3,2,5
compotition,1,0,1
compounce,1,2,3
compound,4,15,19
compounded,5,0,5
compoundin,1,0,1
compounding,1,0,1
compounds,2,1,3
compp,1,0,1
comppetitive,0,1,1
comppy,1,0,1
compra,1,1,2
comprable,1,0,1
comprados,0,1,1
compradre,0,1,1
comprando,0,1,1
comprar,3,2,5
comprare,0,1,1
comprarr,0,1,1
comprarrr,0,1,1
compras,1,3,4
comprat,0,1,1
compre,3,5,8
compree,0,2,2
compreende,1,0,1
compreensiva,0,1,1
comprehend,17,7,24
comprehended,1,0,1
comprehending,1,2,3
comprehensible,0,3,3
comprehension,5,4,9
comprehensive,10,13,23
comprei,0,1,1
comprem,0,1,1
comprend,2,2,4
comprendae,1,0,1
comprende,2,0,2
comprendo,1,1,2
comprends,3,2,5
compres,0,1,1
compress,10,3,13
compressed,4,6,10
compresses,4,0,4
compressing,0,3,3
compression,10,6,16
compressions,1,0,1
compressor,14,3,17
compressors,0,2,2
compriditos,0,1,1
comprimised,1,0,1
comprise,0,1,1
comprised,1,0,1
comprises,1,0,1
compro,0,2,2
comprom,1,0,1
compromise,8,27,35
compromised,17,6,23
compromises,0,4,4
compromising,2,2,4
compromsie,0,1,1
comprou,1,3,4
comps,33,19,52
compsci,0,1,1
compt,1,0,1
compte,1,0,1
compter,2,1,3
comptine,0,2,2
compton,7,7,14
comptuer,1,2,3
comptuter,0,1,1
comptuting,0,1,1
compu,3,2,5
compuer,2,0,2
compueter,1,0,1
compulsery,1,0,1
compulsion,5,1,6
compulsive,9,10,19
compulsively,0,1,1
compulsiveness,1,0,1
compulsives,0,1,1
compulsory,14,11,25
compultion,1,0,1
compupu,0,1,1
compurer,1,0,1
compusa,1,0,1
computa,2,2,4
computaaa,1,0,1
computadora,1,3,4
computah,0,1,1
computar,1,0,1
computater,1,0,1
computation,2,2,4
computational,1,6,7
computations,2,0,2
computator,0,1,1
compute,8,4,12
computed,2,0,2
computeeeeeeeer,1,0,1
computer,3640,1610,5250
computeraid,0,1,1
computerarts,2,1,3
computercable,1,0,1
computercide,0,1,1
computercrash,1,0,1
computered,0,1,1
computerexplorers,0,1,1
computerfail,1,0,1
computerfreaks,0,1,1
computeria,0,1,1
computeribg,1,0,1
computering,2,3,5
computerized,2,2,4
computerless,14,0,14
computernerd,1,1,2
computerr,2,4,6
computerroom,0,1,1
computerrr,3,0,3
computerrrr,2,0,2
computerrrrr,1,1,2
computers,265,150,415
computersecurity,0,1,1
computerwise,0,1,1
computerworld,2,1,3
computery,0,1,1
computerz,1,2,3
computex,1,2,3
computicket,1,1,2
computing,28,40,68
computor,1,4,5
computr,3,0,3
computron,1,0,1
computy,1,0,1
compy,22,7,29
compyootars,0,1,1
comr,1,2,3
comrade,3,6,9
comraderie,1,0,1
comrades,1,5,6
comrads,1,0,1
comres,0,1,1
comrme,0,1,1
comron,0,1,1
coms,1,3,4
comsequnces,0,1,1
comstantly,1,0,1
comstock,0,2,2
comsumes,1,0,1
comtemplating,1,3,4
comtemplative,1,0,1
comtrex,1,0,1
comtuper,0,1,1
comu,0,1,1
comum,1,0,1
comune,0,1,1
comung,1,0,1
comunica,0,1,1
comunicar,0,1,1
comunicarea,1,0,1
comunicarii,0,1,1
comunicate,1,0,1
comunication,3,1,4
comunion,2,0,2
comunity,1,2,3
comunque,0,1,1
comunty,1,0,1
comuper,1,0,1
comuputer,1,0,1
comuter,2,0,2
comuters,2,0,2
comutiny,1,0,1
comuu,1,0,1
comviq,0,1,1
comvo,0,1,1
comw,1,1,2
comway,1,0,1
con,354,250,604
cona,1,1,2
conaaaaaaan,1,0,1
conaaaaaan,0,1,1
conahey,0,1,1
conaimn,0,1,1
conair,1,2,3
conally,1,0,1
conan,348,570,918
conana,0,1,1
conando,1,3,4
conannn,0,1,1
conanobrian,0,1,1
conanobrien,0,1,1
conanobryan,1,0,1
conans,1,6,7
conar,0,1,1
conard,0,1,1
conash,1,0,1
conass,7,0,7
conaway,1,0,1
conbadge,0,1,1
conbination,0,1,1
conbini,0,1,1
conboozling,1,0,1
conbrainer,0,2,2
conc,1,2,3
concacaf,3,0,3
concall,0,1,1
concalls,1,1,2
concane,0,1,1
concarolinas,1,0,1
concaso,0,1,1
concatenate,1,0,1
concave,1,0,1
conce,1,0,1
conceal,0,1,1
concealed,4,2,6
concealer,8,2,10
concealment,1,0,1
concede,4,8,12
conceded,0,5,5
conceding,1,1,2
concediu,0,3,3
conceed,1,0,1
conceeeeeert,1,0,1
conceeeeert,0,1,1
conceeeert,1,0,1
conceided,1,0,1
conceited,5,8,13
conceivable,2,2,4
conceivably,0,1,1
conceive,0,1,1
conceiveable,0,1,1
conceived,1,4,5
conceiving,1,0,1
concenrate,0,1,1
concensus,0,2,2
concentra,1,0,1
concentrat,1,0,1
concentrate,223,97,320
concentrated,5,6,11
concentratee,1,0,1
concentrateeee,1,0,1
concentrates,0,1,1
concentrating,19,19,38
concentration,40,20,60
concentrtion,0,1,1
conceot,1,0,1
concepcion,0,1,1
concept,92,165,257
conception,2,4,6
concepts,14,24,38
conceptsssss,1,0,1
conceptual,3,3,6
conceptualize,0,1,1
conceptually,3,1,4
concequently,0,1,1
concer,1,2,3
concerened,0,1,1
concermate,1,0,1
concern,53,93,146
concernant,1,0,1
concernded,1,0,1
concerned,146,109,255
concerneded,1,0,1
concernicus,1,0,1
concerning,18,10,28
concerns,16,23,39
concerrt,0,1,1
concerrttt,0,1,1
concerrtttt,0,1,1
concert,2171,2133,4304
concerted,1,1,2
concerto,4,9,13
concertonight,0,1,1
concertos,0,1,1
concertrate,1,0,1
concerts,253,160,413
concertt,2,4,6
concerttt,4,2,6
concertul,0,1,1
concertwas,0,1,1
concervative,0,1,1
concession,9,7,16
concessions,3,1,4
concet,1,0,1
concetrate,2,0,2
conch,4,3,7
conchango,1,0,1
conchidoodles,0,1,1
conchiglie,1,0,1
conchitas,1,1,2
conchord,0,1,1
conchords,17,37,54
conci,1,0,1
concider,0,1,1
conciderin,0,1,1
concidering,2,4,6
concieded,0,1,1
concierge,2,5,7
conciert,0,1,1
concierto,3,1,4
concieted,1,2,3
concietedness,0,1,1
concievable,1,0,1
concieved,1,1,2
concil,0,1,1
conciliation,1,1,2
conciliatory,1,0,1
concintiendolos,1,0,1
concious,8,6,14
conciousness,0,1,1
concise,2,7,9
conciser,0,1,1
concision,0,1,1
conclave,0,5,5
conclu,0,1,1
conclude,5,6,11
concluded,9,8,17
concludes,4,4,8
concluding,4,3,7
conclusion,76,64,140
conclusions,6,18,24
conclusionz,0,1,1
conclusive,1,2,3
conclution,0,1,1
concoct,1,2,3
concocting,0,2,2
concoction,7,2,9
conconcussion,1,0,1
concoordo,0,1,1
concor,0,1,1
concord,10,20,30
concorde,5,1,6
concordia,1,3,4
concordo,0,1,1
concords,2,3,5
concorida,0,1,1
concorreu,0,1,1
concotion,1,0,1
concourse,3,3,6
concourses,1,0,1
concpt,1,0,1
concr,0,1,1
concrastinate,0,1,1
concratt,1,0,1
concratulation,0,1,1
concreate,1,0,1
concrete,72,29,101
concretely,0,1,1
concretesam,0,1,1
concretize,0,1,1
concrigation,1,0,1
concrt,2,0,2
conctact,1,0,1
conctd,1,0,1
concu,1,0,1
concubines,0,1,1
concur,18,38,56
concure,0,2,2
concurrency,0,2,2
concurrent,2,5,7
concurs,0,2,2
concursu,1,0,1
concusion,2,0,2
concussed,2,0,2
concussing,0,1,1
concussion,36,4,40
concussions,3,1,4
concust,1,0,1
cond,9,7,16
condado,1,1,2
conde,0,2,2
condella,0,1,1
condemed,1,0,1
condemn,4,2,6
condemned,8,3,11
condemns,1,0,1
condensation,6,2,8
condense,5,7,12
condensed,11,10,21
condenser,0,1,1
condensing,0,1,1
condescending,7,4,11
condescendingly,0,1,1
condescension,1,1,2
condet,0,2,2
condiment,0,1,1
condiments,2,3,5
condiscendment,0,1,1
condition,127,51,178
conditional,4,4,8
conditioned,12,21,33
conditioner,83,31,114
conditionerrrrr,1,0,1
conditioners,10,3,13
conditiong,0,1,1
conditionig,1,0,1
conditioning,94,44,138
conditionless,1,0,1
conditionned,1,0,1
conditionning,1,0,1
conditions,55,36,91
conditoner,2,1,3
condo,75,58,133
condol,1,0,1
condolances,6,0,6
condole,2,0,2
condoleances,1,0,1
condoleezza,1,0,1
condolence,13,4,17
condolences,201,7,208
condolencias,1,0,1
condolense,1,0,1
condolenses,1,0,1
condoles,1,0,1
condolescences,0,1,1
condolesces,1,0,1
condom,11,13,24
condominium,1,1,2
condominiums,0,1,1
condoms,8,24,32
condomssss,0,1,1
condon,0,2,2
condone,1,7,8
condoned,0,1,1
condones,0,1,1
condoning,1,3,4
condor,1,0,1
condorman,0,1,1
condos,11,3,14
condotioner,1,0,1
condre,0,1,1
conducer,0,1,1
conducive,15,8,23
conduct,10,14,24
conducted,1,2,3
conducter,1,0,1
conducting,9,12,21
conduction,1,0,1
conductor,7,8,15
conductors,1,1,2
conducts,1,3,4
condufes,1,0,1
conduit,4,4,8
conduits,3,0,3
condusive,2,2,4
cone,113,75,188
conebone,0,1,1
conecerts,0,1,1
conect,3,1,4
conectas,1,0,1
conecte,2,1,3
conected,2,3,5
conectese,1,1,2
conection,7,1,8
conections,0,1,1
conectn,2,0,2
conecto,1,0,1
coned,1,2,3
coneee,1,1,2
conegut,0,2,2
coneix,0,1,1
coneji,1,1,2
conejitos,1,1,2
conejo,0,1,1
conent,0,1,1
conenting,0,1,1
conentrate,0,1,1
coner,1,0,1
conerct,0,1,1
conert,4,4,8
conery,0,1,1
cones,23,19,42
conest,1,1,2
conestoga,1,0,1
conetticuttt,0,1,1
conexion,2,0,2
coney,19,17,36
conf,140,109,249
confa,0,1,1
confab,2,0,2
confcall,1,0,1
confe,3,3,6
confection,0,2,2
confectionary,0,4,4
confections,2,0,2
confed,10,2,12
confedcup,2,1,3
confedential,0,1,1
confederate,2,0,2
confederates,2,0,2
confederation,3,1,4
confederations,11,5,16
confer,0,2,2
conferance,1,0,1
conferce,1,0,1
confere,0,1,1
conferenc,0,1,1
conference,397,479,876
conferenceing,1,0,1
conferencers,0,1,1
conferences,26,30,56
conferencia,1,0,1
conferencing,2,6,8
confermation,1,1,2
confermed,0,2,2
conferral,0,1,1
confers,0,1,1
confertable,0,1,1
confess,33,31,64
confessed,11,13,24
confesses,2,0,2
confessing,2,5,7
confession,58,51,109
confessional,5,8,13
confessionbooth,0,1,1
confessions,26,55,81
confessionsof,0,1,1
confessiont,1,0,1
confessionthursday,0,1,1
confessionz,0,1,1
confessors,1,0,1
confeti,0,1,1
confetti,7,21,28
confettii,0,1,1
conffused,0,1,1
confi,1,1,2
conficker,2,1,3
confidance,0,1,1
confidant,2,4,6
confidante,1,0,1
confide,2,3,5
confided,0,3,3
confidence,64,115,179
confidencecoaching,0,1,1
confident,62,126,188
confidental,0,1,1
confidential,4,13,17
confidentiality,1,2,3
confidentials,1,0,1
confidentional,0,1,1
confidently,2,5,7
confiding,1,0,1
confieso,1,0,1
confiesoque,0,1,1
config,28,16,44
configs,1,2,3
configuation,1,0,1
configurable,2,1,3
configurate,1,0,1
configuration,9,10,19
configurations,1,0,1
configure,11,11,22
configured,7,10,17
configurin,1,0,1
configuring,9,12,21
confimed,1,1,2
confimiscated,0,1,1
confince,1,0,1
confinded,0,2,2
confine,2,0,2
confined,31,5,36
confinement,6,2,8
confines,4,1,5
confining,0,1,1
confious,0,1,1
confirm,83,91,174
confirmands,1,0,1
confirmar,0,1,1
confirmata,0,1,1
confirmation,90,118,208
confirmations,3,3,6
confirmaton,0,1,1
confirmed,229,151,380
confirmer,0,1,1
confirmin,0,1,1
confirmination,0,1,1
confirming,14,18,32
confirms,27,7,34
confiscate,5,1,6
confiscated,21,4,25
confiscating,1,1,2
confised,1,0,1
confising,1,0,1
confit,0,1,1
confiused,1,0,1
confizzled,0,1,1
conflagration,0,1,1
conflicing,1,0,1
conflicker,1,0,1
conflict,61,18,79
conflicted,23,6,29
conflictet,0,1,1
conflicting,22,4,26
confliction,0,1,1
conflicts,24,5,29
confluence,5,3,8
confo,1,2,3
confoosed,1,0,1
confooshus,0,1,1
conform,6,6,12
conformance,0,1,1
conformation,1,3,4
conformed,3,0,3
conforming,3,4,7
conformist,2,2,4
conformity,2,0,2
confort,0,1,1
confortable,1,3,4
conforting,1,0,1
confound,1,0,1
confoundment,0,1,1
confounds,1,0,1
confrance,1,0,1
confrence,6,8,14
confrences,0,1,1
confrimed,0,1,1
confrmd,1,0,1
confront,5,5,10
confrontation,8,5,13
confrontational,2,2,4
confrontations,1,3,4
confrontd,1,0,1
confronted,2,1,3
confronting,4,1,5
confrused,0,1,1
confs,0,3,3
confsing,1,0,1
confsued,1,0,1
confsuing,1,0,1
confucianism,1,0,1
confucious,0,2,2
confucius,1,5,6
confuddlin,1,0,1
confuddling,0,1,1
confued,1,0,1
confuesed,3,0,3
confuffled,0,1,1
confuing,1,0,1
confuisng,1,0,1
confurmed,0,1,1
confusd,1,0,1
confuse,78,58,136
confused,1105,439,1544
confusedd,4,0,4
confuseddd,3,1,4
confusedddd,2,0,2
confuseddddd,2,0,2
confuseddddddd,1,0,1
confuseddddddddd,1,0,1
confuseedddd,1,0,1
confuseee,1,0,1
confuseeed,2,0,2
confuseeeee,1,0,1
confuseeeeed,1,0,1
confuseing,2,0,2
confuseled,1,0,1
confuses,36,18,54
confusin,3,5,8
confusing,343,197,540
confusingg,2,0,2
confusinggg,1,0,1
confusingly,1,0,1
confusion,50,60,110
confusions,1,1,2
confusled,1,0,1
confuso,1,0,1
confusse,1,0,1
confussed,15,3,18
confussing,2,0,2
confusssing,1,0,1
confusssseeedd,1,0,1
confussssinnnggg,1,0,1
confuuused,1,0,1
confuuuusseeedd,1,0,1
confuuuuused,2,0,2
confuuuuusing,1,0,1
confuze,0,2,2
confuzed,2,1,3
confuzing,1,0,1
confuzze,0,1,1
confuzzed,1,1,2
confuzziled,1,0,1
confuzzled,9,4,13
confuzzlin,1,0,1
confuzzling,2,1,3
confuzzzledd,1,0,1
confy,1,1,2
cong,1,11,12
conga,4,7,11
congads,0,1,1
congagious,0,1,1
congaree,1,0,1
congaroom,0,1,1
congas,0,1,1
congats,0,5,5
congatulaitions,0,1,1
congatulations,0,1,1
congatz,0,1,1
congealed,1,2,3
congee,3,1,4
congelando,1,1,2
congelar,1,0,1
congeniality,3,5,8
congente,1,0,1
congest,1,0,1
congested,59,10,69
congestion,38,6,44
congestioning,1,0,1
congestive,4,0,4
congestively,0,1,1
congkak,0,1,1
conglomerate,1,3,4
congo,2,10,12
congraaaaaaatss,0,1,1
congraaaats,0,1,1
congraaaatulaaaatiooons,0,1,1
congrad,0,2,2
congrads,2,28,30
congradts,0,1,1
congradualtions,0,1,1
congraduate,0,1,1
congradulastions,0,1,1
congradulate,1,2,3
congradulations,3,25,28
congradultions,0,1,1
congragatin,1,0,1
congragation,0,1,1
congragulation,0,1,1
congragulations,0,1,1
congrarulations,0,1,1
congras,0,3,3
congrashoooolayshonsss,0,1,1
congrat,3,16,19
congrates,5,9,14
congratilations,0,1,1
congrating,1,0,1
congratiolations,0,1,1
congratiulation,0,1,1
congratluations,0,1,1
congrats,457,3312,3769
congratses,1,1,2
congratss,1,12,13
congratsss,1,4,5
congratssss,0,1,1
congratsssss,0,1,1
congratssssss,0,1,1
congratsssssss,0,1,1
congratsz,0,1,1
congratts,0,1,1
congrattss,0,1,1
congrattsss,0,2,2
congrattz,0,1,1
congratualations,0,1,1
congratualtions,0,6,6
congratuations,0,3,3
congratulaaaaations,0,1,1
congratulat,0,2,2
congratulate,8,56,64
congratulated,5,6,11
congratulates,2,4,6
congratulatin,0,1,1
congratulating,1,9,10
congratulation,4,58,62
congratulations,101,1410,1511
congratulationss,0,2,2
congratulationsss,0,1,1
congratulationssssssssss,1,0,1
congratulatioooooooooons,0,1,1
congratulatiooooooooooooons,0,1,1
congratulatioooooooooooooooooooons,0,1,1
congratulatory,1,4,5
congratulazioni,0,1,1
congratumalations,0,3,3
congratweelations,0,1,1
congratz,8,72,80
congratzz,0,4,4
congratzzz,0,1,1
congratzzzz,0,1,1
congratzzzzz,0,1,1
congraulations,0,2,2
congrautlations,0,1,1
congrays,0,1,1
congraz,1,0,1
congregate,2,0,2
congregated,0,1,1
congregation,2,5,7
congregational,1,1,2
congress,18,23,41
congressman,3,4,7
congressmen,1,2,3
congresswoman,1,1,2
congrets,0,1,1
congrsted,1,0,1
congrsts,0,1,1
congrtas,0,1,1
congrtualtions,0,1,1
congrtulations,0,2,2
congruence,0,1,1
congruences,1,0,1
congruent,1,2,3
congrulation,0,1,1
congrulations,0,1,1
congs,1,0,1
conhe,1,2,3
conhece,0,1,1
conhecer,1,1,2
conic,1,1,2
conical,0,2,2
conicals,1,0,1
conicidence,0,1,1
conics,1,1,2
conifer,0,1,1
conincidental,1,0,1
coniosis,0,1,1
conisseur,0,1,1
conitioned,1,0,1
conitions,1,0,1
coniving,2,0,2
conjested,2,0,2
conjestion,1,0,1
conjoin,1,0,1
conjoined,3,1,4
conjoint,0,1,1
conjuctive,0,1,1
conjuctivitis,4,0,4
conjuctivitus,1,0,1
conjugacy,1,0,1
conjugal,1,1,2
conjugate,0,1,1
conjugated,1,0,1
conjugating,0,1,1
conjugation,1,0,1
conjugations,1,0,1
conjunctavitus,1,0,1
conjunctiii,1,0,1
conjunction,3,2,5
conjunctions,1,0,1
conjunctivitis,15,1,16
conjunctivitus,2,0,2
conjur,0,1,1
conjure,1,7,8
conjured,2,1,3
conjurer,0,1,1
conjures,0,2,2
conk,1,1,2
conked,14,4,18
conker,1,1,2
conkers,3,1,4
conking,2,0,2
conklins,1,0,1
conks,3,0,3
conky,0,2,2
conley,2,3,5
conlons,0,1,1
conludes,1,0,1
conmfusing,1,0,1
conmigo,3,3,6
conn,9,2,11
conna,0,1,1
connal,0,1,1
connally,0,3,3
connan,3,0,3
connasse,1,0,1
connaught,0,1,1
connceco,0,1,1
conncention,1,0,1
conncert,1,0,1
conncet,1,0,1
conncetion,1,0,1
conncted,0,1,1
connctions,0,1,1
conneaut,2,0,2
connec,1,1,2
connecicut,0,1,1
connecion,1,0,1
connect,335,206,541
connectable,1,0,1
connectbot,0,1,1
connectd,1,1,2
connected,136,157,293
connectedness,0,3,3
connecter,0,2,2
connecti,0,1,1
connecticon,0,1,1
connecticut,41,29,70
connecticutian,1,0,1
connecting,90,77,167
connectiojn,1,0,1
connection,700,265,965
connectionisms,0,1,1
connections,60,69,129
connectioon,1,0,1
connectivism,0,1,1
connectivity,32,12,44
connectn,1,0,1
connecton,1,1,2
connectonline,1,0,1
connector,20,11,31
connectorr,1,0,1
connectors,3,3,6
connects,21,8,29
connecttofitness,0,1,1
conned,10,4,14
conneely,0,1,1
conneg,1,0,1
connell,0,4,4
connells,1,0,1
connelly,0,1,1
connely,1,1,2
connemara,0,1,1
conner,9,12,21
conners,2,1,3
connersville,1,0,1
connery,7,9,16
conness,1,0,1
connet,2,0,2
connetcilticutt,1,0,1
conneted,0,1,1
conneticut,7,3,10
connetion,1,0,1
connex,5,2,7
connexion,3,0,3
connexn,0,1,1
conney,0,1,1
connfessions,0,1,1
conngrats,0,1,1
conni,1,0,1
connic,0,1,1
connick,0,5,5
connie,18,25,43
connies,1,0,1
conning,0,1,1
conniption,1,0,1
connnection,1,0,1
connneticut,1,0,1
connnnnnor,1,0,1
connnor,1,0,1
connoisseur,2,3,5
connoisuer,1,0,1
connolly,3,3,6
connollys,0,1,1
connoly,2,0,2
connor,94,51,145
connors,5,3,8
connosseiurs,0,1,1
connotation,1,2,3
connotations,1,4,5
connotea,0,1,1
connotes,0,1,1
conns,0,1,1
connster,0,1,1
connundrum,0,1,1
conny,2,3,5
cono,1,1,2
conoazo,0,1,1
conocer,1,0,1
conocert,0,1,1
conoces,0,1,1
conociendo,0,1,1
conold,0,1,1
conoli,0,1,1
conoor,3,0,3
conor,16,14,30
conorrrr,1,0,1
conors,1,1,2
conosco,0,1,1
conpared,1,0,1
conplainer,1,0,1
conplaining,1,0,1
conplete,1,0,1
conpletley,1,0,1
conputer,2,0,2
conqrats,0,1,1
conquer,19,35,54
conquered,15,28,43
conquerer,0,1,1
conquering,2,6,8
conqueror,0,2,2
conquerors,0,2,2
conquers,0,2,2
conquest,2,4,6
conquests,0,2,2
conquista,0,1,1
conquistador,0,4,4
conquor,1,0,1
conquored,0,1,1
conraads,1,0,1
conrad,53,26,79
conradd,0,1,1
conrads,6,2,8
conragts,0,1,1
conrath,1,0,1
conrats,0,2,2
conraz,0,1,1
conrete,1,0,1
conrgats,0,1,1
conributions,0,1,1
conrinthians,1,0,1
conrizzle,1,0,1
conrod,0,1,1
conroe,2,5,7
conrol,2,0,2
conrowed,1,0,1
conroy,2,3,5
conrwall,1,0,1
cons,40,25,65
consada,1,0,1
consarnit,1,0,1
consatnt,1,0,1
consavage,0,1,1
conscience,23,14,37
consciences,2,0,2
conscienseness,1,0,1
conscientious,2,3,5
conscious,34,32,66
consciously,2,2,4
consciousness,11,24,35
conscripted,1,0,1
consdering,1,1,2
consduct,1,0,1
consec,1,1,2
consecuftive,1,0,1
consecutive,23,21,44
consecutively,2,4,6
consecutivo,1,0,1
consegui,3,2,5
conseguindo,0,1,1
conseguir,0,1,1
conseguiu,0,1,1
consell,0,1,1
consensual,1,1,2
consensus,8,13,21
consent,9,8,17
consented,1,0,1
consentrate,0,1,1
consentual,1,0,1
consept,0,1,1
conseqences,1,0,1
consequence,11,7,18
consequences,30,23,53
consequenses,2,0,2
consequentially,1,0,1
consequently,10,4,14
conserend,1,0,1
conserlation,0,1,1
conserned,1,0,1
consert,9,8,17
conserta,1,0,1
conserv,1,0,1
conservakook,1,0,1
conservakooks,3,0,3
conservancy,0,2,2
conservateacher,0,1,1
conservation,7,11,18
conservationists,0,1,1
conservatism,1,0,1
conservative,25,40,65
conservatives,8,13,21
conservativeshirtsense,0,1,1
conservatorium,1,1,2
conservatory,8,16,24
conserve,8,11,19
conservertory,1,0,1
conserving,3,2,5
conservs,0,1,1
conservstives,1,0,1
consevatory,1,0,1
consey,0,1,1
conseys,0,1,1
conshence,1,0,1
conshohocken,1,0,1
consider,159,341,500
considerable,4,1,5
considerably,15,16,31
considerand,0,1,1
considerar,0,1,1
considerate,6,13,19
consideration,13,27,40
considerations,1,0,1
considered,76,133,209
considerei,1,0,1
considereing,1,0,1
consideribly,0,1,1
considerin,3,2,5
considering,336,329,665
considermyself,1,0,1
considers,6,8,14
consideryourselflucky,0,1,1
considr,1,0,1
considring,0,1,1
consigliere,1,0,1
consiglierie,1,0,1
consigned,1,0,1
consignment,3,5,8
consigo,5,2,7
consintiendote,1,0,1
consious,1,2,3
consiperacy,0,1,1
consiquences,1,0,1
consist,23,19,42
consistancy,1,1,2
consistant,2,3,5
consistantly,2,2,4
consisted,11,12,23
consistency,10,12,22
consistent,25,18,43
consistently,18,17,35
consisting,6,5,11
consistnecy,0,1,1
consists,31,24,55
consitutes,1,0,1
conslut,1,0,1
consol,3,1,4
consolacion,1,0,1
consolation,58,28,86
consolations,0,1,1
consolatory,1,0,1
console,67,48,115
consoleclub,0,1,1
consoled,4,1,5
consolers,0,1,1
consoles,18,14,32
consolidate,3,5,8
consolidated,2,1,3
consolidating,1,1,2
consolidation,0,2,2
consolidations,1,0,1
consoling,9,2,11
consolodation,1,0,1
consome,0,1,1
consonants,0,4,4
consort,0,1,1
consortial,1,0,1
consorting,0,2,2
consortium,0,2,2
consorts,0,1,1
conspicuous,1,0,1
conspiracies,1,3,4
conspiracist,0,1,1
conspiracy,26,42,68
conspiration,1,1,2
conspirators,0,1,1
conspire,1,0,1
conspired,5,1,6
conspires,1,5,6
conspiring,7,7,14
conspirisory,0,1,1
const,0,1,1
constamtly,1,0,1
constan,0,1,1
constance,3,4,7
constanitus,0,1,1
constanly,2,0,2
constant,127,80,207
constanta,0,1,1
constantin,1,0,1
constantine,6,7,13
constantly,185,98,283
constantlyy,0,1,1
constants,2,2,4
constat,1,0,1
constellation,1,4,5
constellations,3,1,4
constently,0,1,1
conster,0,1,1
consti,0,1,1
constintine,0,1,1
constipated,15,8,23
constipation,4,4,8
constituation,0,1,1
constituencies,0,1,1
constituency,5,3,8
constituent,0,1,1
constituents,0,2,2
constitute,2,3,5
constitutes,5,3,8
constitution,14,13,27
constitutional,6,3,9
constitutions,0,1,1
constness,1,0,1
constr,0,1,1
constrain,1,0,1
constrained,1,0,1
constraint,6,5,11
constraints,6,8,14
constrict,1,0,1
constricted,2,0,2
constriction,1,0,1
constrictor,0,1,1
construct,7,7,14
constructed,5,4,9
constructers,1,0,1
constructicon,1,0,1
constructing,2,5,7
construction,131,62,193
constructions,2,3,5
constructionxxzz,1,0,1
constructive,11,25,36
constructively,0,2,2
constructivist,0,1,1
constructs,0,1,1
construed,1,0,1
constuction,1,0,1
constumes,0,1,1
consubfm,3,0,3
consuelo,0,2,2
consulate,9,3,12
consulsing,1,0,1
consult,17,13,30
consultancies,0,1,1
consultancy,4,5,9
consultant,14,28,42
consultants,5,5,10
consultation,10,6,16
consultations,0,1,1
consulted,2,2,4
consultin,1,0,1
consulting,12,20,32
consults,1,0,1
consumate,0,1,1
consumated,0,1,1
consume,15,27,42
consumed,39,36,75
consumer,29,24,53
consumerism,3,2,5
consumerist,2,0,2
consumers,8,12,20
consumes,10,1,11
consuming,57,37,94
consumingg,1,0,1
consummate,1,2,3
consummated,1,0,1
consummation,0,1,1
consumpion,1,0,1
consumption,28,18,46
consumptive,1,1,2
consused,1,0,1
cont,90,97,187
conta,0,1,1
contaban,0,1,1
contability,0,1,1
contaceptives,0,1,1
contacs,2,0,2
contact,410,415,825
contactable,2,1,3
contactdetails,1,0,1
contacted,37,26,63
contacter,0,1,1
contacting,17,17,34
contactjh,0,2,2
contactlist,1,0,1
contactnaveen,0,1,1
contacts,360,198,558
contactssss,2,0,2
contactum,0,1,1
contactus,0,1,1
contacy,1,0,1
contador,1,0,1
contageaous,0,1,1
contagem,1,0,1
contageous,4,5,9
contageuous,0,1,1
contagious,46,38,84
contagiousmag,0,1,1
contagous,1,0,1
contaiigous,0,1,1
contain,29,58,87
contained,14,15,29
container,34,31,65
containers,10,13,23
containes,0,1,1
containing,18,11,29
containment,0,2,2
contains,23,24,47
contaminate,1,2,3
contaminated,10,1,11
contamination,8,1,9
contant,1,0,1
contantly,1,0,1
contaqious,0,1,1
contar,1,0,1
contarem,0,1,1
contary,1,0,1
contato,0,1,1
contct,0,2,2
contcted,1,0,1
contcts,1,0,1
contd,11,4,15
contdown,0,1,1
conte,1,4,5
conted,0,1,1
contemp,1,1,2
contemplate,8,12,20
contemplated,8,2,10
contemplates,1,0,1
contemplatin,3,2,5
contemplating,120,103,223
contemplation,2,1,3
contemplative,3,2,5
contemporaries,0,1,1
contemporary,6,16,22
contempt,1,3,4
contemptible,0,1,1
contend,3,5,8
contended,1,1,2
contender,2,11,13
contenders,3,1,4
contending,0,1,1
contenst,0,1,1
content,187,404,591
contenta,0,1,1
contente,0,2,2
contented,3,15,18
contentedly,0,2,2
contention,1,3,4
contentment,1,6,7
contentmigratie,0,1,1
contento,1,0,1
contentrate,1,0,1
contents,26,20,46
contentstrategy,1,2,3
contenttt,1,0,1
contepomi,1,0,1
contern,0,1,1
contes,2,0,2
contessa,1,4,5
contest,387,463,850
contestant,11,12,23
contestants,10,18,28
conteste,1,0,1
contested,0,1,1
contesting,1,0,1
contests,24,35,59
conteststo,1,0,1
contestt,0,1,1
contestttttt,0,1,1
context,28,83,111
contextnya,0,1,1
contexts,1,4,5
contextual,3,3,6
contextualisation,1,0,1
contextweb,1,0,1
conti,3,5,8
contian,1,0,1
contient,0,1,1
contigo,1,1,2
contiguous,0,1,1
contiki,1,5,6
contikitour,1,0,1
contimplating,1,2,3
contin,0,2,2
contine,1,1,2
continent,24,13,37
continental,23,15,38
continential,1,0,1
continents,4,5,9
contingency,1,2,3
contingent,2,8,10
continious,0,1,1
continous,0,2,2
continously,3,1,4
continplating,1,0,1
continu,0,1,1
continua,1,1,2
continual,3,0,3
continually,20,8,28
continuam,0,1,1
continuation,6,11,17
continue,316,409,725
continued,42,56,98
continuee,1,0,1
continueee,0,1,1
continueing,0,1,1
continues,141,141,282
continuesfrom,0,1,1
continuesly,2,0,2
continuesss,0,1,1
continuing,40,68,108
continuity,11,5,16
continuitysummit,1,1,2
continum,0,1,1
continuo,2,2,4
continuos,1,1,2
continuous,17,15,32
continuously,23,13,36
continus,0,1,1
continut,1,0,1
continutaion,0,1,1
continute,0,1,1
continutity,0,1,1
continuum,3,4,7
contiplating,1,0,1
contitent,0,1,1
contiunes,0,1,1
contol,1,0,1
contoll,0,1,1
contollers,1,1,2
contorted,2,1,3
contorting,1,0,1
contortionist,1,3,4
contour,3,1,4
contouring,2,1,3
contours,1,2,3
contra,4,4,8
contraband,1,3,4
contraception,1,1,2
contraceptive,1,0,1
contract,294,118,412
contracted,12,3,15
contracter,1,1,2
contracting,4,6,10
contraction,3,1,4
contractions,20,10,30
contractor,11,10,21
contractors,11,3,14
contracts,47,26,73
contractual,1,2,3
contractually,1,3,4
contractura,1,0,1
contradctry,0,1,1
contradic,0,1,1
contradict,1,6,7
contradicted,1,0,1
contradicting,2,3,5
contradiction,5,6,11
contradictions,0,2,2
contradictory,1,6,7
contradicts,1,0,1
contraire,1,3,4
contrapositive,0,1,1
contraption,2,3,5
contrarian,1,1,2
contrary,13,24,37
contrast,14,25,39
contrasting,0,1,1
contrasts,1,1,2
contrat,0,1,1
contrats,0,1,1
contratulations,0,1,1
contravened,1,0,1
contrax,1,0,1
contraxn,1,0,1
contre,1,4,5
contreras,1,0,1
contrey,1,0,1
contrib,2,1,3
contribs,0,2,2
contribute,24,44,68
contributed,10,21,31
contributers,1,0,1
contributes,3,3,6
contributing,6,23,29
contribution,5,46,51
contributions,9,8,17
contributor,3,6,9
contributors,6,11,17
contributory,0,1,1
contries,2,0,2
contrite,0,1,1
contrived,0,2,2
contrller,0,1,1
contro,1,0,1
control,494,403,897
controlador,0,1,1
controlers,0,1,1
controlfreak,1,0,1
controling,0,3,3
controll,3,5,8
controllable,1,0,1
controlled,15,15,30
controller,66,45,111
controllerja,0,1,1
controllers,16,16,32
controlling,22,18,40
controlller,0,1,1
controlls,1,1,2
controlradius,1,0,1
controls,52,32,84
controversal,0,1,1
controversial,11,17,28
controversies,1,2,3
controversy,8,8,16
contrrrol,0,1,1
contruction,1,0,1
contry,2,4,6
conts,1,1,2
contuine,0,2,2
contuining,1,1,2
contune,1,0,1
conturytomorrow,1,0,1
contused,2,0,2
contusion,0,1,1
contwawy,0,1,1
conty,0,1,1
conumed,1,0,1
conundrum,11,4,15
conuntry,1,0,1
conure,0,2,2
conut,1,0,1
conv,2,6,8
convalesced,1,0,1
convalescent,0,1,1
convalescing,0,1,1
convaluted,1,0,1
convencience,0,1,1
convencieron,0,1,1
convencion,1,0,1
convene,0,1,1
convenience,8,22,30
conveniences,0,1,1
convenient,27,49,76
conveniently,4,10,14
convening,0,1,1
convenion,2,0,2
convent,2,1,3
convention,94,103,197
conventional,6,6,12
conventionally,0,1,1
conventions,11,8,19
convents,0,1,1
conver,0,2,2
converation,1,0,1
convercthoo,1,0,1
convered,0,1,1
converence,1,0,1
converfusion,1,0,1
convergance,0,1,1
converge,1,4,5
convergence,2,5,7
convergys,0,2,2
convers,2,5,7
conversants,0,1,1
conversar,1,0,1
conversasions,0,2,2
conversate,0,1,1
conversating,0,1,1
conversation,176,450,626
conversational,4,3,7
conversationalist,0,1,1
conversationalists,0,1,1
conversations,75,160,235
conversaytion,0,1,1
converse,49,107,156
conversed,0,1,1
converseee,0,1,1
converseeeeeeeeeeeeeeeeeeeeeeeeee,1,0,1
conversely,1,3,4
converses,4,8,12
conversing,4,9,13
conversion,32,12,44
conversions,7,2,9
converste,1,0,1
converstion,1,0,1
convert,58,78,136
convertable,2,9,11
converted,31,53,84
converter,27,9,36
converters,2,1,3
convertible,22,32,54
convertibles,1,1,2
converting,29,36,65
convertion,1,0,1
convertor,1,2,3
converts,2,4,6
convertsations,0,1,1
convesation,1,0,1
convetion,1,0,1
convex,1,0,1
convey,1,13,14
conveyancing,0,1,1
conveyed,0,1,1
conveyer,1,0,1
conveying,2,0,2
conveyor,2,2,4
conveys,1,1,2
convice,0,3,3
conviced,0,2,2
convicin,1,0,1
convicing,0,2,2
convict,2,5,7
convicted,10,0,10
convicting,0,1,1
conviction,6,17,23
convictions,1,2,3
convicts,5,4,9
convience,1,2,3
convienced,0,1,1
conviencing,0,1,1
convienence,1,0,1
convienent,0,2,2
convieniantly,0,1,1
convient,1,1,2
convientily,1,0,1
convierta,1,0,1
convince,150,176,326
convinced,123,129,252
convincemy,0,1,1
convinces,0,1,1
convincing,32,34,66
convincingg,1,0,1
convincingly,2,3,5
convine,0,1,1
convined,0,1,1
convinence,0,1,1
convinience,1,0,1
convinient,0,2,2
convirtiendo,0,1,1
conviscated,1,0,1
convites,1,0,1
convivence,1,0,1
convntion,1,0,1
convo,132,206,338
convocate,1,0,1
convocating,0,1,1
convocation,5,7,12
convoish,0,1,1
convoluted,2,4,6
convolution,0,1,1
convoo,1,0,1
convos,40,56,96
convosation,1,1,2
convoxation,0,1,1
convoy,2,8,10
convoys,1,0,1
convrstations,1,0,1
convs,0,1,1
convulsed,1,0,1
convulsing,1,0,1
convulsions,3,1,4
convulted,1,0,1
conway,11,11,22
conwy,3,1,4
conxn,1,0,1
cony,0,1,1
conyers,0,1,1
conyes,0,1,1
conzie,0,3,3
conzilla,1,0,1
conzuelo,0,1,1
conzy,0,2,2
coo,30,51,81
coobeeland,0,1,1
cooch,1,0,1
coochie,5,1,6
coockies,0,3,3
coocking,0,1,1
coocoo,2,0,2
coocooceechoo,0,1,1
coocoooo,0,1,1
cood,5,1,6
cooder,1,0,1
coodinates,1,0,1
coodn,0,1,1
coodnt,6,0,6
cooffee,0,1,1
coog,1,0,1
coogan,0,4,4
coogars,0,1,1
coogee,1,3,4
cooger,1,0,1
coogi,2,0,2
coogies,0,1,1
cooing,4,4,8
cook,862,909,1771
cooka,1,1,2
cookanoop,1,0,1
cookbook,7,35,42
cookbooks,5,6,11
cookd,1,4,5
cooke,1,3,4
cooked,205,286,491
cookeee,1,0,1
cookeggs,0,1,1
cooker,31,25,56
cookers,1,3,4
cookery,6,4,10
cookeville,3,0,3
cookg,1,0,1
cooki,1,1,2
cookie,310,349,659
cookied,1,0,1
cookiedough,1,1,2
cookiee,0,1,1
cookieee,0,1,1
cookieex,0,1,1
cookieholic,1,0,1
cookiehost,2,0,2
cookieman,0,1,1
cookiemonster,0,1,1
cookies,490,742,1232
cookiesncreme,0,1,1
cookiess,0,1,1
cookiesss,0,1,1
cookiesssss,0,1,1
cookiestars,0,1,1
cookiez,1,1,2
cookiezmama,0,1,1
cookiiee,0,1,1
cookin,31,71,102
cooking,443,783,1226
cookingg,0,1,1
cookinggg,0,1,1
cookingggggggg,1,0,1
cookings,2,1,3
cookingwithtwitter,0,1,1
cookinq,2,0,2
cookinqq,0,1,1
cookk,0,1,1
cookleta,1,1,2
cookman,0,1,1
cookn,1,0,1
cookoff,5,4,9
cookoo,0,3,3
cookooo,0,1,1
cookooooout,0,1,1
cookout,59,102,161
cookoutofthecentury,1,0,1
cookouts,7,6,13
cookoutt,0,1,1
cooks,38,53,91
cookshow,1,0,1
cookson,0,1,1
cooksterz,0,1,1
cookstown,0,1,1
cooktop,1,0,1
cookville,1,0,1
cookware,5,1,6
cooky,1,4,5
cool,3958,10546,14504
coolade,1,0,1
coolafly,0,1,1
coolage,0,1,1
coolaid,1,1,2
cooland,0,1,1
coolangatta,0,1,1
coolant,8,7,15
coolata,1,2,3
coolatas,1,0,1
coolatta,2,2,4
coolattas,0,1,1
coolbandsmadeuncool,3,0,3
coolbeans,1,3,4
coolbeanz,0,1,1
coolbeef,0,1,1
coolbucks,0,1,1
coolbumps,0,1,1
coolbut,1,0,1
coolcat,1,2,3
coolcool,0,2,2
coolcoolcool,0,1,1
coold,7,1,8
cooldd,1,0,1
cooldddd,1,0,1
cooldown,4,0,4
coole,0,1,1
cooled,19,17,36
coolegant,0,1,1
coolen,1,1,2
cooler,152,244,396
coolered,1,0,1
coolerrr,0,1,1
coolers,5,6,11
coolershakes,0,1,1
coolerthanthecoolkidds,1,0,1
cooles,0,3,3
coolest,73,290,363
coolestdudes,0,1,1
cooley,0,2,2
cooleyland,0,1,1
cooleyo,0,1,1
coolfm,1,1,2
coolguynamedsimone,0,1,1
coolheaded,0,1,1
cooli,1,1,2
coolidge,1,1,2
coolie,2,1,3
coolieo,0,1,1
coolier,0,1,1
coolies,8,12,20
cooliessss,0,1,1
cooliest,0,1,1
coolifornia,0,1,1
coolin,1,8,9
cooling,30,37,67
coolio,18,62,80
coolioooo,0,1,1
coolios,1,1,2
cooliris,1,3,4
coolis,0,1,1
coolish,0,2,2
coolj,1,0,1
cooljob,1,0,1
cooll,0,7,7
coollage,1,0,1
coollddd,1,0,1
coolldddd,1,0,1
coollest,0,1,1
coollin,0,1,1
coolll,1,2,3
coolllddd,1,0,1
coolllddddd,0,1,1
coolllldddd,1,0,1
coollllllllll,0,1,1
coolly,0,1,1
coolmax,0,1,1
coolmusiczone,0,1,1
cooln,0,2,2
coolneabs,0,1,1
coolnes,0,1,1
coolness,18,64,82
coolnessssss,0,1,1
coolnest,0,1,1
coolnewstuff,0,1,1
coolock,1,0,1
coolortool,1,0,1
coolout,0,2,2
coolpants,0,1,1
coolpeople,1,0,1
coolpeopleclickthefuckhere,0,1,1
coolpix,2,3,5
coolr,0,1,1
coolright,1,0,1
cools,7,21,28
coolsauce,1,0,1
coolshite,0,9,9
coolshow,0,1,1
coolsign,1,0,1
coolsprings,1,0,1
cooltastic,0,1,1
coolth,0,1,1
cooltho,0,1,1
cooltweets,0,1,1
coolum,0,1,1
coolur,1,0,1
coolwhip,1,0,1
cooly,1,2,3
coolz,0,4,4
coolzzz,0,1,1
coomb,0,1,1
coombe,1,1,2
coome,2,1,3
coomee,0,1,1
cooment,1,0,1
coomign,0,1,1
cooming,2,1,3
coomm,0,1,1
coommmeonnn,0,1,1
coommmme,1,0,1
coon,9,2,11
coona,1,1,2
coonabarabran,0,1,1
coonawarra,1,0,1
cooncert,0,1,1
coonected,1,0,1
coonery,3,0,3
cooney,1,1,2
coonhounds,0,1,1
coonoor,0,2,2
coons,1,1,2
coontact,0,1,1
coontail,0,1,1
coontails,0,2,2
coontastic,0,1,1
coontivities,1,0,1
cooo,0,2,2
coooeee,0,1,1
coooioolll,0,1,1
coook,1,2,3
coookies,3,1,4
coookkkkkie,0,1,1
coookout,0,2,2
coool,28,101,129
cooold,9,5,14
cooolest,0,3,3
cooolhwhip,0,1,1
cooolies,0,1,1
coooliesss,0,1,1
cooolio,1,0,1
coooll,0,3,3
cooollddd,1,0,1
cooollldd,0,1,1
cooolllddd,2,0,2
cooollll,0,1,1
cooolllll,1,0,1
cooolness,1,1,2
cooolooorss,0,1,1
coools,0,1,1
cooome,1,4,5
cooommmeeee,0,1,1
cooooffffeeeeeeeee,1,0,1
cooook,0,2,2
cooookies,1,1,2
cooookkkk,0,1,1
cooool,10,61,71
coooold,7,1,8
coooolddd,0,1,1
coooolest,0,2,2
cooooll,0,1,1
coooolll,0,1,1
coooollld,1,0,1
coooollll,0,2,2
coooome,4,4,8
coooomiiiingggg,0,1,1
coooommmiiinnnngggg,1,0,1
coooon,0,1,1
cooooncert,0,1,1
coooookie,1,0,1
coooooking,0,1,1
coooool,1,30,31
cooooold,9,5,14
coooooled,0,1,1
coooooler,0,1,1
cooooolest,0,1,1
cooooolio,0,1,1
cooooollleeeeege,0,1,1
cooooolllld,1,0,1
cooooome,1,4,5
coooooo,0,1,1
cooooookies,0,1,1
cooooookinggggg,0,1,1
cooooool,2,11,13
coooooold,3,1,4
cooooooles,0,1,1
cooooooll,0,1,1
coooooollllllllldddddddddd,1,0,1
coooooommmeeeeee,0,1,1
coooooommmmmiiiiinnnnnnng,0,1,1
coooooool,3,10,13
cooooooold,4,0,4
cooooooollllldddddddd,1,0,1
cooooooome,0,1,1
coooooooof,1,0,1
cooooooookie,0,1,1
cooooooool,1,4,5
coooooooool,0,6,6
cooooooooome,1,0,1
coooooooooody,0,1,1
cooooooooool,0,2,2
coooooooooold,1,0,1
coooooooooome,0,1,1
coooooooooool,1,2,3
cooooooooooool,1,0,1
coooooooooooold,1,0,1
coooooooooooool,1,1,2
cooooooooooooool,0,1,1
coooooooooooooool,1,2,3
coooooooooooooooooooooooooold,1,0,1
cooooooooooooooooooooooooooold,1,0,1
coooooousin,1,0,1
cooooossstttaaa,0,1,1
cooooovers,0,1,1
coooor,0,1,1
cooop,0,1,1
cooos,1,0,1
cooould,0,1,1
cooourse,1,0,1
coop,27,25,52
coopdawg,0,1,1
cooped,27,2,29
cooper,80,80,160
cooperate,43,7,50
cooperated,2,5,7
cooperates,7,9,16
cooperatin,1,0,1
cooperating,43,8,51
cooperation,4,6,10
cooperations,0,1,1
cooperative,8,6,14
cooperatively,1,0,1
coopers,5,5,10
cooperstown,4,2,6
coopersville,0,1,1
coopestown,0,1,1
coopie,1,0,1
cooping,0,1,1
coopinton,1,0,1
coops,1,2,3
coopying,0,1,1
cooraperates,0,1,1
coordantion,1,0,1
coordinate,7,10,17
coordinated,1,5,6
coordinates,4,8,12
coordinating,3,0,3
coordination,6,9,15
coordinator,5,16,21
coordinators,1,1,2
coordis,1,0,1
coords,3,1,4
coorg,1,4,5
coorporative,1,0,1
coors,9,11,20
coos,1,4,5
cooter,3,2,5
cootha,0,1,1
cootie,5,2,7
cootied,1,0,1
cooties,15,2,17
coots,3,0,3
coould,1,3,4
coouple,1,0,1
coourse,1,0,1
coousin,0,1,1
cooverage,0,1,1
cooworkerrrrrrrr,0,1,1
coows,0,1,1
cop,151,145,296
copa,6,4,10
copac,1,0,1
copacabana,4,3,7
copacetic,0,1,1
copacobana,1,0,1
copay,0,1,1
copcutt,0,1,1
copd,1,0,1
cope,104,62,166
coped,1,1,2
copee,1,0,1
copehagen,1,0,1
copeinq,0,1,1
copeland,4,11,15
copelanddddddd,1,0,1
copelands,1,0,1
copenahgen,0,1,1
copenhagem,0,1,1
copenhagen,24,29,53
copenhavers,1,0,1
copepod,1,0,1
copernicus,1,0,1
copes,2,1,3
copetition,0,1,1
copic,0,1,1
copicat,0,1,1
copics,0,1,1
copie,0,2,2
copied,43,34,77
copiedandpasted,0,1,1
copier,7,4,11
copies,68,86,154
copii,1,1,2
copiii,0,1,1
copil,0,1,1
copilashi,0,1,1
copilate,0,1,1
copilot,1,3,4
copin,1,0,1
coping,26,17,43
copious,14,14,28
copiously,1,1,2
copis,0,1,1
copland,1,1,2
coplanders,0,1,1
cople,0,1,1
copletlie,1,0,1
copley,2,0,2
coplifters,0,1,1
copme,1,1,2
copming,1,0,1
copmrehend,0,1,1
copmuter,1,0,1
copon,1,0,1
coporately,0,1,1
copot,1,2,3
copout,1,0,1
copp,1,1,2
coppe,1,0,1
copped,13,11,24
coppelia,1,1,2
copper,19,24,43
copperate,1,0,1
copperfield,2,2,4
copperhead,3,1,4
coppering,0,1,1
copperish,0,1,1
copperload,1,0,1
coppermine,2,0,2
copperplate,1,0,1
coppers,3,0,3
coppertone,0,1,1
coppies,0,2,2
coppin,1,5,6
copping,3,3,6
coppola,3,7,10
copps,0,2,2
coppy,1,0,1
cops,159,95,254
copse,1,1,2
copsss,1,0,1
copt,2,0,2
copter,3,3,6
copty,1,0,1
copula,1,0,1
copulate,0,1,1
copulation,0,1,1
copuldn,1,0,1
coputer,1,0,1
copy,571,691,1262
copyblogger,0,1,1
copycars,0,1,1
copycat,7,10,17
copycated,1,0,1
copycats,6,5,11
copyed,0,1,1
copyediting,1,0,1
copyin,4,0,4
copying,26,40,66
copykat,1,0,1
copynpaste,1,0,1
copypaste,1,1,2
copypasting,0,1,1
copyright,69,33,102
copyrighted,3,6,9
copyrights,5,2,7
copywriter,2,13,15
copywriters,1,3,4
copywriting,3,9,12
copywritten,0,1,1
coq,2,5,7
coquelicots,0,1,1
coquettish,0,1,1
coquettishly,1,0,1
coqui,1,2,3
coquis,1,0,1
coquitlam,0,3,3
cor,18,19,37
cora,5,7,12
coraboeuf,0,1,1
coragem,2,0,2
coral,12,29,41
coralene,0,1,1
corales,0,1,1
coralie,0,1,1
coraline,32,75,107
coralista,0,1,1
corally,0,1,1
corals,1,4,5
coran,1,1,2
coranation,1,1,2
coras,1,1,2
coratiy,0,1,1
corax,1,0,1
coraz,0,2,2
corazon,4,2,6
corazonsito,1,0,1
corazzo,0,1,1
corban,0,2,2
corbear,1,0,1
corber,0,1,1
corbett,2,1,3
corbin,10,13,23
corbinbleu,1,0,1
corbins,1,0,1
corbis,0,1,1
corbor,0,1,1
corbridge,0,1,1
corbs,1,0,1
corbu,1,0,1
corby,3,1,4
corcoran,1,0,1
corcovado,0,1,1
cord,130,39,169
corda,0,1,1
corded,1,1,2
cordelia,3,4,7
cordell,0,1,1
corden,1,4,5
corder,1,0,1
cordero,0,1,1
corderos,1,0,1
cordial,7,11,18
cordially,0,1,1
cordials,0,1,1
cordinaly,0,1,1
cordinate,0,1,1
cordinates,0,1,1
cordless,8,10,18
cordney,0,1,1
cordoba,4,3,7
cordon,1,7,8
cordoned,2,0,2
cordoning,0,1,1
cordova,2,3,5
cords,17,8,25
cordula,0,1,1
cordura,0,1,1
corduroy,5,2,7
corduroys,0,1,1
cordy,2,1,3
cordys,0,1,1
cordz,0,1,1
core,127,122,249
corea,1,0,1
coreaudio,0,1,1
corect,0,2,2
corectare,0,1,1
corectly,1,0,1
corecttion,1,0,1
cored,0,1,1
coredata,1,0,1
coreduo,1,0,1
coreer,0,1,1
corefest,1,0,1
coreftp,0,1,1
coregraphics,0,1,1
corei,1,1,2
corel,5,1,6
coren,0,3,3
coreographing,0,1,1
coreopsis,1,0,1
coreplayer,1,1,2
coreplus,0,1,1
cores,9,3,12
corespondence,1,0,1
coretto,0,1,1
corettos,1,0,1
corewar,0,1,1
corey,51,55,106
coreymidori,1,0,1
coreys,3,1,4
corfu,6,7,13
corgan,0,1,1
corges,1,0,1
corgi,8,7,15
corgis,0,1,1
cori,9,12,21
coriander,2,7,9
coriandr,0,4,4
coriandrexpress,0,1,1
coribear,0,1,1
coridoors,0,1,1
corie,0,2,2
corien,0,3,3
corieography,6,3,9
coriline,0,1,1
corin,2,0,2
corina,3,3,6
corinamarie,0,1,1
corinna,1,1,2
corinne,9,9,18
corinnes,1,0,1
corinth,1,0,1
corinthiana,0,1,1
corinthians,2,10,12
corio,0,1,1
corioliss,0,1,1
corissa,3,0,3
coritiba,0,1,1
corizon,0,1,1
cork,31,46,77
corkage,0,2,2
corkboard,0,2,2
corked,4,0,4
corkee,0,1,1
corker,1,1,2
corkers,1,2,3
corking,1,0,1
corkish,0,1,1
corknscrew,0,1,1
corkonian,1,0,1
corks,3,5,8
corkscrew,3,4,7
corkscrews,1,0,1
corkskrew,1,0,1
corky,3,1,4
corkys,0,1,1
corlaine,0,1,1
corleone,1,2,3
corliss,0,2,2
corm,0,1,1
cormac,3,0,3
cormack,0,1,1
cormier,0,1,1
cormin,1,0,1
corms,0,1,1
corn,127,191,318
cornball,0,1,1
cornbeef,1,1,2
cornbread,11,24,35
corncakes,2,0,2
corndog,8,5,13
corndogs,4,5,9
cornea,8,0,8
corneal,2,1,3
corneas,1,0,1
corned,2,14,16
corneerrr,0,1,1
cornel,0,1,1
cornelia,1,1,2
cornelisse,0,1,1
cornelius,2,3,5
cornell,12,16,28
cornellia,0,1,1
cornellm,0,1,1
corner,339,346,685
cornered,2,4,6
cornerhouse,0,1,1
cornering,1,3,4
corners,25,30,55
cornerstone,8,10,18
cornerstonenapa,2,1,3
cornery,0,1,1
cornet,2,3,5
corneto,0,1,1
cornetos,0,1,1
cornetto,4,10,14
cornettos,1,2,3
corney,1,4,5
cornfd,1,0,1
cornfed,0,1,1
cornfest,1,1,2
cornfield,0,4,4
cornfields,0,1,1
cornflak,0,1,1
cornflake,3,3,6
cornflakes,14,18,32
cornflour,0,1,1
cornflower,0,1,1
cornflowers,1,0,1
cornfused,1,0,1
cornhole,3,10,13
cornholing,1,0,1
cornholio,1,0,1
cornia,3,0,3
corniche,1,0,1
cornick,0,1,1
cornie,0,1,1
cornier,1,0,1
corniest,0,1,1
cornify,0,1,1
cornii,1,0,1
corniness,1,1,2
corning,0,5,5
cornish,6,15,21
cornival,1,0,1
cornmeal,1,2,3
cornmylees,0,1,1
cornner,1,0,1
cornnutchos,0,1,1
cornnuts,0,1,1
corno,1,0,1
cornona,0,1,1
cornor,2,1,3
cornpalace,0,1,1
cornrows,1,3,4
corns,4,4,8
cornstarch,3,0,3
cornucopia,0,1,1
cornwall,51,36,87
cornwallis,0,1,1
cornwell,0,1,1
cornwl,1,0,1
corny,30,69,99
cornyn,0,1,1
cornyness,0,1,1
cornyyyy,0,1,1
coro,2,4,6
corobo,0,1,1
coroflot,1,0,1
corojo,0,1,1
coroline,0,1,1
corolla,4,2,6
corollary,0,1,1
coron,2,2,4
corona,24,60,84
coronaaa,0,1,1
coronado,6,4,10
coronados,1,0,1
coronary,1,1,2
coronas,11,22,33
coronation,5,13,18
coroner,2,0,2
coroners,2,1,3
coronet,0,3,3
coronis,0,1,1
coronor,1,0,1
coroplast,1,0,1
coroporate,1,0,1
coroutines,1,0,1
corp,22,22,44
corparate,1,0,1
corpcom,0,1,1
corperate,0,1,1
corpes,0,1,1
corpies,1,0,1
corpitos,0,1,1
corporal,1,0,1
corporate,75,73,148
corporates,2,1,3
corporatespeak,1,0,1
corporation,7,8,15
corporations,1,1,2
corporatocracy,0,1,1
corpore,0,1,1
corprate,1,0,1
corps,15,16,31
corpse,12,19,31
corpsed,0,1,1
corpsegrinder,0,1,1
corpses,7,3,10
corpsey,0,1,1
corpsman,0,2,2
corpulent,1,0,1
corpus,28,8,36
corpuschristi,0,1,1
corpussssssss,0,1,1
corr,3,13,16
corrado,1,0,1
corral,3,4,7
corrall,0,1,1
corran,1,0,1
corrct,1,0,1
corre,0,1,1
correale,0,2,2
correclty,1,0,1
correct,205,368,573
correctaholic,0,1,1
corrected,21,63,84
correcting,15,22,37
correction,78,115,193
correctional,0,1,1
correctionnn,0,1,1
corrections,11,14,25
corrective,2,0,2
correctl,0,1,1
correctly,110,118,228
correctness,2,5,7
correcto,0,3,3
correctoins,1,0,1
corrector,0,1,1
corrects,5,3,8
correctu,0,1,1
correia,1,0,1
correlate,1,0,1
correlated,0,1,1
correlating,0,1,1
correlation,4,11,15
correli,0,1,1
correll,0,1,1
correo,0,1,1
corres,0,3,3
correspond,1,2,3
correspondance,1,0,1
correspondancy,1,0,1
correspondant,1,1,2
correspondants,1,0,1
corresponded,1,0,1
correspondence,4,5,9
correspondent,3,7,10
correspondents,4,2,6
corresponding,1,3,4
corret,0,2,2
corretness,0,1,1
correu,0,1,1
correy,2,0,2
correys,1,0,1
corri,1,2,3
corriandar,0,1,1
corriander,2,0,2
corridor,8,7,15
corridors,3,2,5
corrie,16,18,34
corrien,0,1,1
corries,1,0,1
corrig,0,1,1
corrigan,1,1,2
corrige,1,0,1
corrigido,0,1,1
corrin,1,0,1
corrina,0,3,3
corrination,0,1,1
corrine,1,6,7
corrissa,1,0,1
corro,1,0,1
corrosion,1,1,2
corrr,1,0,1
corrrrect,0,1,1
corrs,2,9,11
corrundum,0,1,1
corrupt,39,17,56
corrupted,69,17,86
corruptedontwilight,0,2,2
corrupter,0,1,1
corrupting,3,3,6
corruption,13,5,18
corruptive,1,0,1
corruptly,1,0,1
corrupts,5,3,8
corrut,1,0,1
corry,2,0,2
cors,1,1,2
corsa,4,3,7
corsage,2,2,4
corsages,1,0,1
corsair,1,1,2
corsas,1,0,1
corse,6,15,21
corsen,1,0,1
corset,7,22,29
corseted,1,0,1
corsets,4,12,16
corsette,0,1,1
corsework,6,5,11
corsi,0,1,1
corsica,1,1,2
corsican,0,1,1
corso,3,0,3
corsodyl,1,0,1
corsons,0,1,1
corsos,0,1,1
corss,0,1,1
corsspromote,1,0,1
corsten,4,1,5
cort,2,1,3
cortadito,0,1,1
cortado,1,0,1
cortana,0,1,1
cortar,0,1,1
corte,1,2,3
cortege,1,0,1
cortes,1,1,2
cortese,1,1,2
cortex,0,2,2
cortez,3,2,5
cortina,2,1,3
cortisol,3,1,4
cortison,1,0,1
cortisone,5,1,6
cortitas,0,1,1
cortizon,1,0,1
cortizone,1,0,1
cortlandt,0,1,1
cortnee,0,4,4
cortneeee,1,0,1
cortney,2,3,5
cortni,0,1,1
cortnie,1,1,2
corto,1,0,1
corton,1,0,1
cortona,0,1,1
cortoon,0,1,1
cortos,0,3,3
corts,1,1,2
corty,0,2,2
coru,0,1,1
coruja,0,1,1
coruna,0,1,1
corunna,0,1,1
corupted,1,0,1
coruse,0,2,2
corusework,2,0,2
corvallis,1,1,2
corve,0,1,1
corversation,0,1,1
corvette,2,17,19
corvettes,2,0,2
corveyye,0,1,1
corvid,1,0,1
corwin,0,2,2
cory,38,50,88
corydon,1,0,1
corydory,1,0,1
corylaner,0,2,2
corylanerobancho,0,1,1
corymonteithfans,0,1,1
coryn,0,1,1
corys,1,2,3
coryza,1,0,1
corzine,2,1,3
cos,1388,744,2132
cosa,3,1,4
cosas,0,2,2
cosatu,0,1,1
cosby,9,20,29
cosco,0,3,3
coscto,1,0,1
cose,2,1,3
coses,1,1,2
cosette,2,0,2
cosey,1,2,3
cosford,0,2,2
cosgrove,0,3,3
cosham,1,1,2
cosi,4,5,9
cosidering,0,1,1
cosied,0,2,2
cosign,2,1,3
cosignage,0,1,1
cosigning,1,2,3
cosigns,1,0,1
cosiiii,0,1,1
cosima,1,0,1
cosine,1,1,2
cosito,2,0,2
cosleia,0,1,1
cosloy,0,1,1
cosmetic,6,14,20
cosmetica,1,0,1
cosmetically,0,1,1
cosmetics,8,15,23
cosmetology,0,3,3
cosmic,10,24,34
cosmically,0,2,2
cosmo,21,34,55
cosmogirl,0,1,1
cosmogirlsindonesia,0,1,1
cosmological,1,1,2
cosmology,2,0,2
cosmopol,0,3,3
cosmopolitan,1,13,14
cosmopolitans,1,0,1
cosmopolition,0,1,1
cosmoradio,0,1,1
cosmos,11,17,28
cosmosphere,1,0,1
cosmotolegy,1,0,1
cosmotolgy,0,1,1
cosner,1,0,1
cosof,1,0,1
cosolation,1,0,1
cosonya,1,0,1
cospaly,1,0,1
cosper,0,1,1
cospiracy,1,0,1
cospito,0,1,1
cosplay,27,21,48
cosplaydeviants,1,0,1
cosplayed,2,1,3
cosplayer,0,1,1
cosplayers,1,1,2
cosplaying,0,6,6
cosplays,0,3,3
coss,1,0,1
cosset,0,1,1
cossie,1,0,1
cossner,0,1,1
cost,563,242,805
costa,58,82,140
costadelsol,1,0,1
costal,1,0,1
costantly,1,0,1
costanza,0,2,2
costar,0,2,2
costarica,0,1,1
costas,4,0,4
costco,68,78,146
costed,4,0,4
costelllllo,0,1,1
costello,11,14,25
costelloo,0,1,1
costellos,1,2,3
coster,0,2,2
costes,0,1,1
costigans,1,0,1
costim,0,1,1
costinesti,0,1,1
costing,37,7,44
costlier,2,0,2
costly,28,7,35
costner,1,1,2
costo,1,3,4
costochondritis,2,0,2
costomize,1,0,1
costruction,0,1,1
costs,237,79,316
costsavings,1,0,1
costum,1,0,1
costumata,0,1,1
costume,89,116,205
costumeeee,1,0,1
costumer,1,2,3
costumers,1,0,1
costumes,26,46,72
costumey,0,1,1
costuming,4,1,5
costumizing,0,1,1
costy,0,1,1
cosu,1,1,2
cosuin,0,1,1
cosuins,1,0,1
coswolds,1,0,1
cosworth,1,1,2
cosworx,1,0,1
cosy,16,45,61
cosying,1,0,1
cosz,1,0,1
cot,9,9,18
cota,2,0,2
cotage,0,1,1
cotati,1,0,1
cotc,0,1,1
cotch,1,1,2
cotchin,0,1,1
cotd,1,3,4
cotdamn,1,0,1
cote,1,5,6
cotes,0,1,1
cotf,1,0,1
coth,1,1,2
cothes,0,1,1
cotic,0,2,2
cotie,0,1,1
cotija,0,2,2
cotillard,0,2,2
cotillion,4,4,8
cotillions,0,2,2
cotj,0,1,1
cotk,0,1,1
cotm,0,1,1
coto,1,0,1
cotonwood,1,0,1
cotractually,1,0,1
cots,1,0,1
cotswold,2,1,3
cotswolds,2,2,4
cotswool,1,0,1
cott,1,1,2
cotta,0,1,1
cottage,62,70,132
cottagers,0,1,1
cottages,0,2,2
cottaging,0,1,1
cottan,1,0,1
cottbus,0,1,1
cotten,1,1,2
cotter,1,3,4
cottin,1,1,2
cottingham,0,1,1
cottle,0,1,1
cotto,0,1,1
cotton,64,76,140
cottonball,0,1,1
cottonbottom,1,0,1
cottoncandy,0,1,1
cottonease,0,1,1
cottoned,1,1,2
cottonheaded,0,1,1
cottonink,0,1,1
cottonmouth,0,2,2
cottonpinkbaby,1,0,1
cottons,1,1,2
cottontail,0,1,1
cottonwood,2,5,7
cottonwoods,1,0,1
cottonwoodtrees,1,0,1
cottonwool,1,0,1
cottony,0,1,1
cotty,1,0,1
cottys,0,1,1
cotufas,1,0,1
cotweet,0,5,5
cotwolds,1,0,1
cotwwsb,0,1,1
coty,3,4,7
cou,0,4,4
couains,0,1,1
coubt,1,0,1
coubty,1,0,1
couca,1,0,1
couch,631,493,1124
couchcast,1,0,1
couchdb,1,4,5
couche,0,1,1
coucher,0,2,2
couches,20,14,34
couchfs,0,2,2
couchie,0,2,2
couchin,0,1,1
couching,1,0,1
couchless,0,1,1
couchobject,2,0,2
couchridden,1,0,1
couchsharing,0,1,1
couchsurfers,0,1,1
couchsurfing,4,6,10
couchville,1,0,1
couchy,1,0,1
coucil,0,1,1
coucou,0,7,7
coucous,0,1,1
coud,5,2,7
coudal,0,1,1
coudier,1,0,1
coudl,3,4,7
coudlnt,2,0,2
coudn,6,1,7
coudnt,6,1,7
couds,1,0,1
couer,0,1,1
coufing,1,0,1
coug,1,0,1
cougahs,0,1,1
cougar,30,41,71
cougarpoll,1,0,1
cougars,7,8,15
cough,905,289,1194
coughcaulincough,0,1,1
coughcheetingcough,1,0,1
coughchicagocough,0,1,1
coughchickencough,0,1,1
coughcough,1,3,4
coughcoughcough,2,0,2
coughcoughcoughcough,1,0,1
coughcoughlyingcough,0,1,1
coughdrops,2,0,2
coughed,29,6,35
coughenour,1,0,1
coughers,1,0,1
coughfanboycough,1,0,1
coughfellsomethingcomingoncough,1,0,1
coughgrades,1,0,1
coughh,1,0,1
coughhh,2,0,2
coughiiing,1,0,1
coughin,17,0,17
coughing,495,34,529
coughingg,2,0,2
coughinggggggg,1,0,1
coughings,1,0,1
coughkevjumba,0,1,1
coughlan,0,1,1
coughlin,0,1,1
coughn,1,0,1
coughs,31,24,55
cought,7,5,12
coughted,1,0,1
coughthesatsthesatsthesatscough,0,1,1
coughthomascough,1,0,1
coughy,5,2,7
cougossipgh,0,1,1
cougs,1,0,1
couild,1,0,1
couin,1,0,1
couisins,0,1,1
couisn,0,2,2
couisns,0,1,1
coukd,1,1,2
coukdnt,0,1,1
coul,1,7,8
could,17612,9380,26992
coulda,186,39,225
couldbhere,1,0,1
couldd,2,0,2
coulddd,1,1,2
couldddd,1,0,1
couldddo,1,0,1
coulde,0,1,1
coulded,1,0,1
coulden,2,1,3
couldent,8,1,9
couldmy,1,0,1
couldn,30,16,46
couldnot,0,1,1
couldnt,1149,306,1455
couldntfind,1,0,1
couldnts,1,0,1
couldntt,1,0,1
couldntve,0,1,1
couldo,1,0,1
couldof,1,0,1
couldov,1,0,1
coulds,0,3,3
couldsince,1,0,1
couldsomebodypinchmeplease,0,1,1
couldtn,1,0,1
couldv,5,4,9
couldve,117,27,144
couldved,1,0,1
couldy,2,0,2
coule,1,1,2
coulers,0,1,1
couleurs,0,1,1
coulf,1,0,1
coulg,1,0,1
coulier,0,1,1
coulis,1,0,1
coull,0,1,1
coulld,0,1,1
coullddnnt,1,0,1
couln,3,1,4
coulnd,1,1,2
coulndnt,1,0,1
coulndt,5,0,5
coulnt,2,0,2
coulomb,0,1,1
coulombs,1,0,1
coulon,1,1,2
coulor,0,1,1
coulors,1,0,1
coulpe,0,1,1
couls,1,1,2
coulsn,1,0,1
coulter,1,1,2
coulterites,1,0,1
coulthard,2,1,3
coulton,0,4,4
coumputer,1,0,1
coun,2,1,3
councel,1,0,1
counceling,0,1,1
councellor,1,0,1
councellors,0,1,1
councelorzh,1,0,1
council,84,60,144
counciler,1,0,1
counciling,1,1,2
councilling,1,0,1
councillor,1,1,2
councillors,3,0,3
councilman,1,1,2
councils,2,3,5
councilwoman,0,1,1
councler,1,0,1
councling,1,1,2
cound,1,1,2
coundnt,1,0,1
counil,1,0,1
counld,0,1,1
counldnt,1,0,1
counrty,2,2,4
counsel,2,1,3
counseler,1,0,1
counseling,18,11,29
counsell,0,1,1
counselling,7,3,10
counsellor,3,3,6
counsellors,0,1,1
counselor,17,20,37
counselors,7,4,11
counsels,1,0,1
counsin,0,2,2
counsler,2,0,2
counsling,1,0,1
counsoling,1,0,1
count,496,702,1198
countain,0,1,1
countdo,0,1,1
countdow,1,1,2
countdown,108,210,318
countdowns,1,4,5
counted,43,43,86
counter,139,89,228
counteract,2,4,6
counteracting,1,1,2
counteracts,0,1,1
counterattack,0,1,1
counterclockwise,1,2,3
countercultures,1,0,1
countered,3,0,3
counterfeited,1,0,1
counterfiet,1,0,1
countering,0,1,1
counteroffer,1,0,1
counteroffered,0,1,1
counterpain,0,1,1
counterpart,5,4,9
counterparts,4,1,5
counterparty,0,1,1
counterpoint,0,2,2
counterpressure,0,1,1
counterproductive,3,1,4
counterprotests,1,0,1
counters,9,10,19
counterstrike,1,5,6
countersuicide,0,1,1
countertop,1,2,3
countertops,0,2,2
counterweight,1,2,3
countess,0,1,1
counties,12,7,19
countif,1,0,1
countin,11,14,25
countind,0,1,1
counting,334,468,802
countingcan,0,1,1
countingcrows,0,10,10
countinggggg,0,1,1
countinggggggggggg,0,1,1
countinnngggg,1,0,1
countinue,0,1,1
countinued,1,0,1
countires,2,2,4
countless,16,16,32
countng,1,0,1
countown,0,1,1
countr,0,1,1
countrie,0,1,1
countries,90,78,168
countrified,0,2,2
countrify,0,2,2
countrifying,0,1,1
country,940,833,1773
countryboy,1,0,1
countrycide,1,0,1
countryfair,0,2,2
countryfile,2,0,2
countryfolk,0,1,1
countryfy,0,2,2
countryish,1,0,1
countryman,0,1,1
countrymen,4,1,5
countrys,0,1,1
countryside,28,46,74
countryy,0,1,1
countryyy,1,1,2
countryyyy,0,1,1
counts,76,160,236
county,158,120,278
countyourluck,1,0,1
countys,0,1,1
couold,0,1,1
couoldnt,1,0,1
coup,5,12,17
coupe,5,9,14
couped,3,0,3
coupel,0,1,1
coupeville,0,1,1
coupke,0,1,1
coupl,3,1,4
coupla,18,11,29
coupland,0,1,1
couple,1729,1892,3621
coupled,11,7,18
coupledom,0,1,1
coupler,1,0,1
couples,71,33,104
couplet,1,0,1
couplets,0,1,1
coupling,2,1,3
coupls,1,1,2
coupo,0,1,1
coupon,52,82,134
couponcode,0,7,7
couponers,1,0,1
coupons,35,47,82
coupple,1,0,1
coups,0,1,1
coupure,1,0,1
couqh,2,1,3
coura,1,0,1
courage,51,65,116
courageous,4,10,14
courages,0,1,1
couragous,1,0,1
courant,0,1,1
cource,0,3,3
courcework,1,0,1
courde,0,1,1
courduroy,0,1,1
coure,0,1,1
courgette,1,3,4
courgettes,2,0,2
couric,1,1,2
courier,16,15,31
couriered,1,1,2
couriering,0,1,1
couriers,4,3,7
courious,0,1,1
courney,1,0,1
courrage,1,0,1
cours,0,5,5
course,1545,3299,4844
coursed,0,1,1
coursee,0,2,2
courseee,3,2,5
courseeee,1,3,4
courseload,1,1,2
coursemates,2,1,3
coursenot,1,0,1
courser,0,1,1
courses,60,50,110
courseware,0,3,3
coursework,361,88,449
courseworking,1,1,2
courseworkk,2,0,2
courseworkkk,1,0,1
courseworkkkkkk,1,0,1
courseworks,2,2,4
coursewrk,4,0,4
coursewrok,1,1,2
coursing,1,2,3
coursingov,1,0,1
coursse,0,2,2
coursssee,0,1,1
court,319,172,491
courtains,0,1,1
courtallam,1,0,1
courtanay,0,1,1
courtcosmetics,1,0,1
courted,0,1,1
courteeners,0,1,1
courteliz,0,1,1
courtenay,1,0,1
courteney,1,3,4
courteous,0,5,5
courtesan,0,1,1
courtesty,0,1,1
courtesy,32,104,136
courthouse,19,5,24
courting,2,0,2
courtjo,1,0,1
courtmey,0,1,1
courtnaynays,0,1,1
courtnee,1,0,1
courtneeey,0,1,1
courtney,68,105,173
courtneyfriel,2,0,2
courtneys,4,6,10
courtneyss,0,1,1
courtneyyy,1,0,1
courto,0,1,1
courtroom,6,6,12
courts,25,20,45
courtship,1,1,2
courtside,4,8,12
courtt,1,0,1
courty,0,1,1
courtyard,11,11,22
courtykins,0,1,1
cous,3,24,27
couscous,5,10,15
couse,11,9,20
couseling,1,1,2
cousen,1,1,2
cousents,1,0,1
cousework,1,1,2
coushi,0,1,1
coushons,0,1,1
cousie,1,0,1
cousiinnn,0,1,1
cousiinsss,1,0,1
cousin,769,964,1733
cousinbear,1,0,1
cousine,0,5,5
cousineau,0,1,1
cousines,0,1,1
cousing,0,1,1
cousinnn,1,0,1
cousinnnnn,0,1,1
cousinnnnnnnnnn,0,1,1
cousinns,1,0,1
cousino,2,0,2
cousins,414,485,899
cousinss,0,2,2
cousinsss,0,1,1
cousinssss,0,3,3
cousinsssss,0,1,1
cousinz,0,1,1
cousion,1,1,2
cousions,2,0,2
cousld,0,1,1
cousre,1,0,1
cousrsework,1,0,1
couss,0,1,1
cousteau,0,1,1
cout,0,1,1
coutch,0,1,1
coutchh,0,1,1
coutdown,1,0,1
couter,1,2,3
couteract,0,1,1
coutin,0,1,1
couting,3,3,6
coutney,0,1,1
coutu,0,1,1
couture,14,25,39
couturier,0,1,1
couty,1,0,1
couuld,0,1,1
couuurrrsee,0,1,1
couuurse,1,1,2
couuuuld,1,0,1
couuuurse,0,1,1
couuuuuld,0,1,1
couuuuurse,0,1,1
couvade,0,1,1
couve,0,1,1
couverture,0,1,1
couwrtneh,0,1,1
couz,5,6,11
couzin,3,1,4
couzins,1,0,1
couzo,0,1,1
couzy,0,1,1
cov,9,13,22
cova,0,2,2
covalent,0,1,1
covarge,0,1,1
covas,0,1,1
cove,11,25,36
coveentryy,0,1,1
covel,1,0,1
coven,5,4,9
covenant,4,7,11
covenent,0,2,2
covent,5,14,19
coventina,0,1,1
coventry,24,9,33
coventryy,1,0,1
cover,537,820,1357
coverage,200,135,335
coveralls,1,2,3
coverclub,1,0,1
coverd,4,1,5
covered,345,299,644
coveres,1,0,1
coverflow,1,1,2
covergirl,1,4,5
coveri,0,1,1
coverin,2,0,2
covering,66,70,136
coverings,0,3,3
coveritlive,3,3,6
coverletter,1,0,1
covernya,0,1,1
coverr,0,2,2
coverrr,0,1,1
covers,140,134,274
coversation,0,5,5
coversations,1,0,1
covershots,0,1,1
covert,2,6,8
coverting,0,2,2
covertly,1,0,1
coverup,5,3,8
coves,0,1,1
covestor,0,1,1
covet,4,2,6
coveted,1,3,4
covetin,1,0,1
coveting,4,3,7
covetted,1,0,1
covie,1,0,1
coville,1,0,1
covina,7,8,15
covinaa,1,0,1
covinas,1,0,1
covington,6,5,11
covo,1,1,2
covored,0,1,1
covr,1,0,1
covtown,0,1,1
cow,165,174,339
cowan,1,1,2
coward,13,7,20
cowardice,2,0,2
cowardly,6,4,10
cowards,1,3,4
cowbell,6,12,18
cowberry,0,1,1
cowboy,41,88,129
cowboyish,1,0,1
cowboys,23,35,58
cowbridge,1,1,2
cowcat,1,0,1
cowd,0,1,1
cowdem,1,0,1
cowdog,2,0,2
cowell,14,26,40
cowells,1,0,1
cower,2,1,3
cowered,3,0,3
cowering,3,1,4
cowes,3,2,5
cowfriday,1,0,1
cowgate,0,1,1
cowgirl,7,6,13
cowgirloncoffee,0,12,12
cowgirls,1,28,29
cowichan,0,1,1
cowinkidink,1,0,1
cowinkydink,0,1,1
cowl,0,2,2
cowley,0,2,2
cowlick,2,1,3
cowling,0,1,1
cowmilk,1,0,1
cown,0,1,1
cownipples,1,0,1
cowntdown,0,1,1
cowoknya,0,2,2
cowon,0,1,1
coworker,85,38,123
coworkerfriends,0,1,1
coworkers,71,47,118
coworking,2,2,4
coworrker,1,0,1
cowpatch,0,1,1
cowpats,0,1,1
cowpatty,1,0,1
cowpie,1,0,1
cowrkr,0,1,1
cowrkrs,0,1,1
cowrks,1,0,1
cowrote,0,1,1
cows,50,74,124
cowshed,0,1,1
cowtown,2,3,5
cowww,0,1,1
cox,35,25,60
coxinha,0,1,1
coxon,1,2,3
coxs,1,0,1
coxsbazar,0,1,1
coxsic,1,0,1
coxxy,0,1,1
coy,4,15,19
coya,1,0,1
coyb,1,5,6
coyld,1,0,1
coyne,0,1,1
coynes,0,1,1
coyo,1,0,1
coyote,19,16,35
coyotes,18,6,24
coyple,1,0,1
coys,0,2,2
coz,1035,668,1703
coze,1,1,2
cozeeeee,0,1,1
cozette,0,1,1
coziam,0,1,1
cozied,2,3,5
cozier,1,0,1
cozies,1,1,2
cozii,0,1,1
cozin,1,0,1
cozinhar,1,0,1
cozumel,3,2,5
cozx,1,0,1
cozy,44,117,161
cozycot,0,2,2
cozymel,1,0,1
cozyquest,1,0,1
cozyyy,1,1,2
cozz,1,2,3
cozzie,0,1,1
cozzy,1,1,2
cozzzz,0,1,1
cp,73,50,123
cpa,10,18,28
cpacs,1,0,1
cpain,0,1,1
cpalead,0,1,1
cpan,0,2,2
cpanel,3,4,7
cpantesters,0,2,2
cpap,4,0,4
cpapsupplyusa,1,0,1
cpas,0,1,1
cpat,0,1,1
cpb,2,1,3
cpc,2,4,6
cpd,3,2,5
cpdrc,0,1,1
cpds,0,1,1
cpe,4,0,4
cpeake,0,1,1
cpes,1,0,1
cpet,0,1,1
cpeven,1,0,1
cpf,2,0,2
cpfc,0,1,1
cpg,1,0,1
cph,5,8,13
cphone,1,0,1
cpi,3,1,4
cping,2,0,2
cpk,12,21,33
cpl,13,13,26
cple,4,0,4
cplusplus,0,1,1
cpm,3,1,4
cpme,1,1,2
cpmes,2,1,3
cpmming,1,0,1
cpmp,1,0,1
cpmv,2,0,2
cpn,2,2,4
cpncert,0,1,1
cpo,1,0,1
cpod,0,1,1
cpody,0,1,1
cpomputer,0,1,1
cport,1,0,1
cpp,2,1,3
cpr,35,22,57
cps,6,2,8
cpsia,2,1,3
cpsl,0,1,1
cpt,30,19,49
cptime,0,1,1
cptla,0,1,1
cptn,3,2,5
cptncrunk,0,1,1
cpts,1,0,1
cpttt,1,0,1
cptweetup,2,2,4
cpu,87,28,115
cpua,1,0,1
cpub,1,0,1
cpus,3,2,5
cpuspiking,0,1,1
cputer,1,0,1
cpuz,0,1,1
cpw,4,2,6
cpx,0,1,1
cpy,3,1,4
cq,2,3,5
cqc,0,5,5
cqhs,1,0,1
cqs,0,1,1
cquay,0,1,1
cr,49,56,105
cra,4,6,10
craaaaaaaaaaaaaaaaaaaaaaash,1,0,1
craaaaaaaaaaap,0,1,1
craaaaaaaaackin,0,1,1
craaaaaaaaap,1,0,1
craaaaaaaaazy,2,0,2
craaaaaaaaving,1,0,1
craaaaaaap,1,0,1
craaaaaaazy,1,0,1
craaaaaap,2,0,2
craaaaaashed,0,1,1
craaaaaazy,3,4,7
craaaaamppps,1,0,1
craaaaamps,1,0,1
craaaaap,1,0,1
craaaaappppppp,1,0,1
craaaaave,1,0,1
craaaaavvvvinggggg,1,0,1
craaaaazy,4,5,9
craaaaazzyy,0,1,1
craaaamps,2,0,2
craaaap,8,4,12
craaaappp,1,0,1
craaaaving,1,0,1
craaaavvviinnnggg,1,0,1
craaaazy,10,3,13
craaaazyyyyyy,0,1,1
craaaazzyy,1,0,1
craaaazzzzyyyy,1,0,1
craaap,4,1,5
craaapy,1,0,1
craaazy,7,5,12
craaazyy,0,1,1
craaazyyy,1,1,2
craaazzzyyy,1,0,1
craaazzzyyyy,0,1,1
craaazzzzzy,0,1,1
craabb,1,0,1
craack,0,1,1
craackkk,0,1,1
craap,3,0,3
craapppy,1,0,1
craapy,1,0,1
craazay,1,0,1
craazy,2,5,7
craazyy,0,1,1
craazzeeeee,0,1,1
craazzy,0,1,1
craazzyy,0,1,1
craazzzy,0,1,1
craazzzyyy,0,1,1
craazzzyyyy,1,0,1
crab,87,107,194
crabapple,0,1,1
crabass,1,0,1
crabbbb,1,0,1
crabbie,1,0,1
crabbier,1,0,1
crabbies,1,0,1
crabbin,0,1,1
crabbiness,1,0,1
crabbing,2,1,3
crabbit,1,0,1
crabby,51,11,62
crabcake,2,0,2
crabcakes,2,2,4
crabdip,1,0,1
crabe,0,1,1
craberry,0,1,1
crabitche,0,1,1
crablegs,0,2,2
crabmeat,1,2,3
crabplace,0,1,1
crabs,33,38,71
crabshack,0,1,1
crabsss,1,0,1
crabstickz,1,0,1
crabtree,1,2,3
crac,1,1,2
craca,1,0,1
cracccccckkkkkk,0,1,1
craccin,1,1,2
craccn,1,0,1
craches,1,0,1
craciunului,0,1,1
crack,292,384,676
cracka,1,2,3
crackalackin,1,1,2
crackalatin,0,1,1
crackastic,0,1,1
crackberrian,0,1,1
crackberries,1,0,1
crackberrryyy,1,0,1
crackberry,63,43,106
crackbook,0,1,1
crackbuddy,1,0,1
crackddown,1,0,1
crackdown,10,23,33
cracked,243,117,360
crackel,0,1,1
cracker,51,81,132
crackerack,1,0,1
crackerbarel,0,1,1
crackered,3,3,6
crackerjack,1,0,1
crackerm,0,1,1
crackers,82,81,163
crackersss,0,1,1
crackfics,0,1,1
crackhead,9,5,14
crackheads,4,5,9
crackhouse,0,3,3
crackin,30,67,97
cracking,91,148,239
crackinn,0,2,2
crackinnnn,0,1,1
crackinnnnnnnn,0,1,1
crackk,1,0,1
crackkin,0,1,1
crackkkin,0,2,2
crackkkk,1,0,1
crackle,4,14,18
cracklebox,0,1,1
crackled,1,0,1
crackles,3,5,8
cracklespeak,0,1,1
crackling,7,3,10
cracklings,1,2,3
cracklins,0,1,1
crackly,3,1,4
crackn,3,1,4
crackness,0,1,1
crackng,0,1,1
crackpipe,0,1,1
cracks,42,100,142
cracksss,0,1,1
cracktastic,0,2,2
cracktown,1,0,1
crackup,1,3,4
crackwhore,1,0,1
crackwhores,1,0,1
cracky,1,2,3
cracl,0,1,1
cracow,1,2,3
cracs,0,1,1
crad,1,1,2
cradbury,0,1,1
craddocks,0,1,1
crade,0,1,1
cradiff,1,0,1
cradle,14,12,26
cradled,1,0,1
cradles,1,3,4
cradlesong,1,0,1
cradlesongs,0,1,1
cradling,2,1,3
craduation,0,1,1
crady,0,1,1
craft,59,109,168
craftastic,1,0,1
craftbeer,0,1,1
craftbury,1,0,1
craftcult,1,0,1
crafted,2,7,9
crafter,1,2,3
crafterall,0,1,1
crafters,3,7,10
craftime,1,0,1
crafting,9,18,27
craftm,1,0,1
crafts,16,35,51
craftshow,0,2,2
craftsman,0,3,3
craftsmanship,0,2,2
crafty,18,37,55
craftym,3,2,5
craftyma,1,0,1
craftypod,0,1,1
craftystylish,1,0,1
craftzine,1,0,1
crag,0,4,4
cragen,0,1,1
cragganmore,0,1,1
crags,1,0,1
cragside,0,1,1
crai,5,0,5
craic,15,17,32
craig,88,131,219
craigadahl,0,1,1
craigavon,0,2,2
craigbop,0,1,1
craigby,1,0,1
craigdahl,0,1,1
craigdarrock,1,0,1
craige,0,1,1
craigers,0,1,1
craigery,1,1,2
craigferguson,1,0,1
craiggellachie,0,1,1
craiggger,0,1,1
craighepburn,0,1,1
craighy,0,1,1
craigie,1,0,1
craigkeith,1,0,1
craiglist,3,4,7
craigs,3,5,8
craigslist,65,45,110
craigslisting,1,1,2
craigus,0,1,1
craigy,1,1,2
craigypoos,0,1,1
craigzilla,1,0,1
crailtap,0,2,2
crain,1,0,1
craing,0,1,1
craint,1,0,1
craiova,1,1,2
crais,1,0,1
craisin,0,1,1
craisins,3,4,7
craivg,1,0,1
craizest,0,1,1
crak,1,0,1
craked,3,0,3
craker,0,1,1
crakers,2,1,3
crakk,1,2,3
crakker,1,0,1
crakkin,0,1,1
crakle,0,1,1
crakn,1,1,2
crakss,1,0,1
crakup,1,0,1
craky,1,0,1
cram,51,27,78
cramberries,0,1,1
cramcrackers,0,1,1
cramcramcramcramcramming,1,0,1
cramel,0,1,1
cramento,0,2,2
cramer,0,4,4
cramidge,0,1,1
cramin,0,1,1
craming,1,0,1
cramlington,1,0,1
crammed,16,8,24
crammer,0,1,1
crammers,0,1,1
crammin,4,1,5
cramming,69,24,93
crammmm,1,0,1
crammmmppppp,1,0,1
crammond,0,1,1
cramo,0,1,1
cramp,98,17,115
crampage,1,0,1
cramped,32,8,40
crampers,1,0,1
crampies,1,0,1
crampin,6,1,7
cramping,53,5,58
crampinq,1,0,1
crampity,0,1,1
cramples,1,0,1
crampn,1,0,1
crampoline,0,1,1
cramppppppp,1,0,1
cramppppppppping,1,0,1
crampppsssssss,1,0,1
cramps,380,30,410
crampss,1,0,1
crampsss,3,0,3
crampssss,3,0,3
crampsssss,2,0,2
crampssssss,1,0,1
crampssssssss,1,0,1
crampssssssssssssssssssss,1,0,1
crampy,21,3,24
crampz,1,0,1
crams,0,1,1
cramtastic,0,1,1
cramzy,0,1,1
cran,5,10,15
cranapple,2,0,2
cranberries,6,14,20
cranberry,33,49,82
cranbrook,0,1,1
cranchile,0,1,1
crandon,0,1,1
crane,12,17,29
cranerry,0,1,1
cranes,2,7,9
cranfield,1,0,1
cranfills,0,1,1
cranford,1,1,2
crangrape,2,0,2
crangsty,1,0,1
cranham,0,1,1
cranial,1,2,3
craning,0,1,1
cranium,2,8,10
craniums,1,0,1
crank,44,55,99
cranked,12,8,20
crankers,1,0,1
crankey,1,0,1
crankier,0,1,1
crankies,1,1,2
crankin,0,6,6
crankiness,2,4,6
cranking,12,13,25
crankpot,0,1,1
cranks,1,6,7
crankset,3,0,3
crankshaft,3,0,3
crankworks,0,1,1
cranky,205,63,268
crankyass,1,0,1
crankypants,1,2,3
crankys,0,1,1
crankyy,2,0,2
crankyyyy,1,0,1
cranlimeaide,0,1,1
cranmer,0,1,1
crann,1,0,1
crannies,0,1,1
crannnnkkkyy,2,0,2
cranrasberry,0,1,1
cranston,0,1,1
crao,0,1,1
crap,3374,810,4184
crapat,0,1,1
crapbag,2,0,2
crapbday,1,0,1
crapberry,3,0,3
crapcouver,1,0,1
crapcrap,1,0,1
crapcrapcrap,1,0,1
crapcrapcrapcrapcrappppp,1,0,1
crapcrispflavours,0,1,1
craper,1,0,1
crapest,0,1,1
crapet,1,0,1
crapface,1,0,1
crapfest,0,1,1
craphole,1,0,1
crapier,1,0,1
crapiest,1,0,1
crapix,1,0,1
crapload,4,3,7
craploads,1,0,1
crapms,1,0,1
crapmundo,0,1,1
crapness,2,0,2
crapnetic,1,0,1
crapo,1,0,1
crapola,21,5,26
crapole,0,1,1
crapoles,1,0,1
crapolla,1,0,1
crapp,20,6,26
crapped,44,12,56
crappeh,1,0,1
crapper,5,4,9
crappers,4,1,5
crappest,7,2,9
crappi,0,1,1
crappicino,0,1,1
crappie,2,3,5
crappier,7,2,9
crappiest,12,4,16
crappily,0,2,2
crappin,1,0,1
crappiness,2,2,4
crapping,17,8,25
crappity,3,1,4
crapple,1,0,1
crapplebees,1,0,1
crappo,2,0,2
crappola,2,1,3
crappoley,0,1,1
crappp,7,3,10
crapppaaay,1,0,1
crapppapaloooza,1,0,1
crapppolaaaaaaaa,1,0,1
crapppp,9,2,11
crappppp,2,0,2
crapppppp,2,1,3
crapppppppp,0,1,1
crappppppppppppp,0,1,1
crapppy,1,0,1
crapppyyy,1,0,1
crapppyyyyy,1,0,1
crapps,0,1,1
crappy,1035,202,1237
crappybritishweather,1,0,1
crappying,1,0,1
crappyness,1,0,1
crappyweather,1,0,1
craprock,1,0,1
craps,14,8,22
crapshoot,0,1,1
crapsoaplines,1,0,1
crapster,0,1,1
crapsticks,1,1,2
crapsuperpowers,1,0,1
craptacula,0,1,1
craptacular,8,1,9
craptastic,18,7,25
craptology,0,1,1
crapton,1,3,4
craptop,7,0,7
craptown,1,1,2
craptv,0,1,1
crapvodafonedongle,1,0,1
crapware,1,1,2
crapweather,1,0,1
crapy,18,2,20
crapzors,1,0,1
craque,1,0,1
crar,1,0,1
crara,0,1,1
cras,1,1,2
crasen,0,1,1
crash,662,267,929
crashbandicoot,2,0,2
crashd,4,1,5
crashe,1,0,1
crashed,699,125,824
crashedd,0,1,1
crasher,3,0,3
crashers,7,20,27
crashes,258,33,291
crashfest,1,0,1
crashh,0,1,1
crashhhhhh,1,0,1
crashiiinnnn,0,1,1
crashiing,1,0,1
crashin,8,11,19
crashing,361,96,457
crashingg,0,1,1
crashingggggggg,1,0,1
crashinq,1,0,1
crashki,0,1,1
crashou,1,0,1
crashover,0,2,2
crashreporter,1,0,1
crashs,0,1,1
crashy,8,2,10
crasi,0,1,1
crass,4,7,11
crasseux,1,0,1
crasssh,1,0,1
crasssshhh,0,1,1
crastinating,1,0,1
crastinators,0,1,1
crasy,4,2,6
cratchit,1,0,1
cratcliffe,1,0,1
crate,29,12,41
crated,1,0,1
crater,5,6,11
craters,2,0,2
crates,9,3,12
cratia,0,1,1
crative,0,1,1
cratlab,0,1,1
cravat,1,0,1
crave,58,28,86
craved,2,6,8
craven,3,3,6
cravens,1,1,2
craves,5,6,11
cravesushi,0,1,1
craviiing,1,0,1
cravin,18,12,30
craving,718,308,1026
cravingg,0,2,2
cravinggg,1,0,1
cravings,45,23,68
cravingsomethingsweet,1,0,1
cravingssss,1,0,1
cravinnnnng,1,0,1
cravinq,1,0,1
cravity,1,0,1
cravng,2,0,2
craw,0,2,2
crawdad,2,1,3
crawdads,1,1,2
crawed,1,0,1
crawfish,31,44,75
crawfished,1,0,1
crawfishhh,0,1,1
crawfishing,0,1,1
crawford,33,29,62
crawfordcurrie,1,0,1
crawfordd,1,0,1
crawfords,0,1,1
crawl,151,79,230
crawld,2,0,2
crawled,31,9,40
crawler,1,2,3
crawlers,3,2,5
crawley,3,2,5
crawleys,1,0,1
crawlfish,1,0,1
crawlie,0,2,2
crawlies,2,2,4
crawliess,1,0,1
crawlin,2,1,3
crawling,95,56,151
crawls,9,4,13
crawly,3,2,5
crawlys,1,0,1
crawpalooza,0,1,1
crawwwwwwwlllllllllllllllllllllllllliiinnngggg,1,0,1
cray,5,3,8
craycray,1,0,1
crayed,1,0,1
crayfish,4,1,5
crayola,4,5,9
crayolaaaaaaaaaaa,0,1,1
crayon,12,13,25
crayonnya,1,0,1
crayons,13,19,32
craysee,1,0,1
crayzee,1,0,1
crayzeee,1,0,1
crayzeeee,0,1,1
crayzy,1,1,2
craz,1,0,1
crazaaay,0,1,1
crazay,0,1,1
crazayy,0,1,1
craze,9,25,34
crazed,5,18,23
crazee,2,1,3
crazeee,0,1,1
crazeeeeeeeey,1,0,1
crazeeeyyy,0,1,1
crazehhhhh,1,0,1
crazes,0,1,1
crazi,3,3,6
crazie,0,1,1
craziee,2,0,2
craziegal,0,1,1
crazier,20,47,67
crazies,16,12,28
craziest,30,30,60
crazii,3,3,6
craziier,1,0,1
craziii,1,0,1
crazily,6,7,13
crazilyyyy,0,1,1
craziness,47,62,109
crazinesss,0,1,1
crazinesssss,0,1,1
crazing,1,0,1
crazk,2,0,2
crazp,1,0,1
crazt,1,0,1
crazxy,0,1,1
crazy,2859,2929,5788
crazyandyrants,0,1,1
crazyb,0,1,1
crazybear,0,1,1
crazybitch,0,1,1
crazybrenna,0,2,2
crazycatlady,1,0,1
crazycrazycrazyyyyyyy,0,1,1
crazydave,0,1,1
crazydrama,0,1,1
crazyegg,0,1,1
crazyest,0,1,1
crazyfest,1,0,1
crazyfists,1,0,1
crazyfortheguy,3,0,3
crazyiness,1,0,1
crazykart,1,2,3
crazykink,1,0,1
crazylady,1,0,1
crazymaking,1,0,1
crazynails,1,0,1
crazyness,8,20,28
crazypig,1,0,1
crazyplans,0,1,1
crazys,0,2,2
crazysexycool,0,1,1
crazyshit,0,1,1
crazytown,3,1,4
crazytrain,0,1,1
crazytrucker,0,1,1
crazyv,0,1,1
crazywrazy,0,2,2
crazyy,14,32,46
crazyyy,20,12,32
crazyyyy,6,7,13
crazyyyyy,3,4,7
crazyyyyyy,1,1,2
crazyyyyyyyy,1,0,1
crazyyyyyyyyy,0,1,1
crazyyyyyyyyyy,1,1,2
crazyyyyyyyyyyy,0,1,1
crazyyyyyyyyyyyyy,1,0,1
crazzee,0,1,1
crazziness,1,0,1
crazzy,11,12,23
crazzyy,1,4,5
crazzyyy,3,2,5
crazzyyyy,3,2,5
crazzyyyyyyyyy,0,1,1
crazzzy,5,8,13
crazzzyy,2,2,4
crazzzyyyy,2,1,3
crazzzyyyyy,0,2,2
crazzzzy,1,2,3
crazzzzyy,1,1,2
crazzzzyyy,1,0,1
crazzzzzy,1,1,2
crazzzzzzzy,1,0,1
crazzzzzzzyyyy,0,1,1
crazzzzzzzzzy,1,0,1
crazzzzzzzzzzzzzzyyyyy,0,1,1
crb,2,0,2
crc,6,4,10
crcat,1,0,1
crcj,1,0,1
crcks,0,1,1
crcna,1,0,1
crd,2,2,4
crds,1,0,1
crdt,1,0,1
cre,5,1,6
crea,2,1,3
creaaaaaaaam,1,0,1
creaaaaaam,0,1,1
creaaaaam,1,1,2
creaaaam,1,1,2
creaaaammm,0,1,1
creaaam,0,1,1
creaammm,1,0,1
creagh,1,0,1
creak,0,2,2
creaked,1,0,1
creaking,5,1,6
creaks,1,2,3
creaky,2,3,5
creal,0,1,1
cream,1478,1962,3440
creama,1,0,1
creambath,1,1,2
creamc,0,1,1
creamcake,0,1,1
creamcheese,3,0,3
creamcibles,1,0,1
creame,2,1,3
creamed,6,5,11
creamer,10,19,29
creamers,0,2,2
creamery,6,5,11
creamfields,2,1,3
creamier,0,1,1
creaminess,0,1,1
creaming,6,0,6
creamm,4,3,7
creammm,1,4,5
creammmm,1,2,3
creammmmm,0,2,2
creammy,0,1,1
creamola,0,1,1
creampie,0,1,1
creampuff,2,1,3
creams,15,38,53
creamsicle,4,3,7
creamsicles,0,1,1
creamy,27,19,46
crean,0,1,1
creando,1,0,1
creap,2,0,2
creaped,1,0,1
creapes,0,1,1
creaping,1,1,2
creapishly,1,0,1
creaps,1,0,1
creapy,2,0,2
crease,8,4,12
creased,6,2,8
creases,4,1,5
creasiiiin,0,1,1
creasing,1,1,2
creasor,1,0,1
creat,3,3,6
create,208,349,557
createblog,2,0,2
created,137,276,413
createfame,0,1,1
createing,0,1,1
createit,0,1,1
createnew,1,0,1
creater,1,1,2
creates,11,21,32
createspace,1,3,4
createthegood,0,1,1
creatg,0,1,1
creatief,0,2,2
creatiiing,0,1,1
creatiivity,0,1,1
creatine,0,2,2
creating,95,223,318
creation,30,58,88
creationcentre,0,1,1
creationfest,2,0,2
creationism,0,2,2
creationist,1,1,2
creations,6,37,43
creativ,0,1,1
creative,191,476,667
creativeblock,0,1,1
creativedrinks,0,1,1
creativeleague,0,1,1
creatively,5,17,22
creativeness,2,1,3
creativephobias,0,1,1
creatives,0,7,7
creativesque,0,1,1
creativesuit,1,0,1
creativetechs,8,1,9
creativezen,1,0,1
creativitae,0,1,1
creativity,47,94,141
creativityden,1,0,1
creativityflows,1,0,1
creator,16,25,41
creators,8,13,21
creatrive,0,1,1
creats,1,0,1
creatur,0,1,1
creature,24,40,64
creaturelounge,0,1,1
creatures,48,42,90
crecent,1,0,1
crecente,1,0,1
creche,2,0,2
creci,0,1,1
cred,35,36,71
credability,0,1,1
credd,0,1,1
crede,1,2,3
credeam,3,0,3
credence,1,1,2
credential,2,3,5
credentials,11,11,22
crederius,0,1,1
credibilitate,0,1,1
credibility,4,9,13
credible,4,4,8
crediiiiit,1,0,1
credit,494,383,877
creditcard,3,2,5
creditcards,1,0,1
creditcare,1,0,1
creditcrunch,2,1,3
creditcrunchtv,0,2,2
credite,0,1,1
credited,7,11,18
crediting,0,1,1
creditor,0,1,1
creditors,2,1,3
credits,67,73,140
creditscore,1,0,1
creditss,0,1,1
creditt,1,1,2
creditted,0,1,1
credo,2,1,3
credooo,1,0,1
creds,1,2,3
credtis,0,1,1
credula,0,2,2
cree,1,2,3
creeaaaaam,1,0,1
creeaaam,0,1,1
creed,39,53,92
creedcascade,0,1,1
creedence,1,1,2
creedon,0,1,1
creeds,0,1,1
creeeam,1,1,2
creeeeaaaaaaam,0,1,1
creeeeamy,1,0,1
creeeedo,0,1,1
creeeeeeam,0,1,1
creeeeeeeeeeeeeaaaaaaaaaaaaaam,0,1,1
creeeeeeeeeep,0,1,1
creeeeeeeeep,0,1,1
creeeeeeeeeps,1,0,1
creeeeeeeepy,0,1,1
creeeeeep,0,1,1
creeeeeepy,1,0,1
creeeeepers,0,1,1
creeeeepy,1,2,3
creeeeepyyyyyyyy,1,0,1
creeeek,0,1,1
creeeepy,2,2,4
creeep,1,1,2
creeeper,0,1,1
creeeperr,1,0,1
creeeps,1,0,1
creeepy,2,0,2
creek,90,91,181
creekside,1,0,1
creel,1,1,2
creem,0,1,1
creep,56,50,106
creepa,1,0,1
creepahs,0,2,2
creeped,29,22,51
creepeee,1,0,1
creeper,34,28,62
creepering,0,1,1
creeperninjaanacondas,0,1,1
creepers,19,28,47
creeperss,0,1,1
creepie,0,1,1
creepier,1,4,5
creepies,0,1,1
creepiest,3,4,7
creepily,0,5,5
creepin,9,11,20
creepiness,3,2,5
creeping,49,29,78
creepingggg,0,1,1
creepinnn,0,1,1
creepishly,0,1,1
creepo,1,2,3
creepos,2,0,2
creepppyyyy,0,1,1
creepressive,0,1,1
creeps,29,30,59
creepshow,1,1,2
creepster,1,1,2
creepsters,0,2,2
creepy,320,272,592
creepyass,1,0,1
creepydads,1,0,1
creepyhollows,1,0,1
creepying,1,0,1
creepyness,1,0,1
creepypasta,4,0,4
creepyville,0,1,1
creepyyy,1,0,1
creepyyyyy,0,1,1
creer,1,0,1
crees,3,0,3
creesy,1,0,1
creew,0,1,1
creflo,0,2,2
creflodollarministries,0,1,1
creful,0,1,1
creg,0,1,1
creiamo,0,1,1
creigh,1,3,4
creighton,1,2,3
crem,0,3,3
crema,0,2,2
cremains,1,0,1
cremate,2,0,2
cremated,3,0,3
cremation,0,2,2
creme,36,61,97
cremer,1,0,1
cremes,4,2,6
cremesheen,1,0,1
cremesheens,0,1,1
cremestick,1,0,1
cremetory,1,0,1
cremogemaaa,0,1,1
cremona,0,1,1
cremorne,0,1,1
crenchaw,0,1,1
crensha,0,1,1
crenshaw,0,4,4
crent,0,1,1
creo,8,4,12
creole,5,3,8
creosote,1,2,3
crepe,14,20,34
creper,0,1,1
creperie,0,2,2
creperies,0,1,1
crepes,10,50,60
crepevine,0,1,1
crepped,0,1,1
creppel,1,0,1
crepper,0,1,1
creppy,3,1,4
crept,6,2,8
crepusculochile,0,1,1
cres,1,0,1
crescas,0,1,1
crescendo,0,3,3
crescent,8,8,16
crescents,0,1,1
cresceu,1,0,1
crescut,0,1,1
cresenta,1,0,1
creslee,1,0,1
creslees,0,1,1
cresote,0,1,1
crespo,1,2,3
cress,1,2,3
cressferriera,0,6,6
cresskill,0,1,1
cresson,0,1,1
crest,11,11,22
cresta,1,1,2
creste,0,1,1
crested,4,2,6
crestfallen,3,0,3
crestline,1,0,1
crests,0,1,1
crestview,1,1,2
cretan,1,0,1
crete,12,16,28
creteee,1,0,1
cretin,0,1,1
cretins,2,0,2
cretor,1,0,1
creuse,0,1,1
creuset,3,1,4
creux,0,1,1
crev,4,0,4
crevaison,1,0,1
creve,1,0,1
crevices,1,0,1
crew,296,386,682
crewage,0,1,1
crewbies,1,0,1
crewchiefs,1,0,1
crewcut,1,0,1
crewe,4,2,6
crewing,1,0,1
crewl,1,0,1
crewmate,0,1,1
crewmates,0,1,1
crewmember,0,2,2
crewmembers,1,1,2
crewneck,0,1,1
crews,12,5,17
crewspace,0,1,1
crewton,0,1,1
crewww,1,3,4
crezi,0,1,1
crezut,1,0,1
crezy,1,0,1
crf,1,1,2
crg,1,0,1
cri,3,0,3
criado,0,1,1
criag,1,0,1
criagslist,0,2,2
crian,0,1,1
criando,0,1,1
crianza,1,1,2
criar,0,1,1
crias,1,0,1
criative,0,1,1
criatura,0,1,1
crib,148,119,267
cribb,0,1,1
cribbage,3,3,6
cribbbb,0,1,1
cribbbbs,0,1,1
cribbed,1,0,1
cribbins,0,2,2
cribbo,0,2,2
cribby,3,0,3
cribfest,1,0,1
cribley,1,0,1
cribo,0,1,1
cribola,1,0,1
cribs,11,18,29
cribwith,0,1,1
cribz,0,1,1
cric,1,0,1
cricbuzz,1,0,1
crich,1,0,1
crichton,2,2,4
cricinfo,10,6,16
crick,15,3,18
cricked,2,0,2
cricket,234,221,455
cricketer,0,1,1
cricketers,3,2,5
cricketing,1,0,1
crickets,24,15,39
cricketsweeps,0,1,1
crickettt,0,1,1
crickey,2,1,3
crickeys,1,0,1
crictor,0,1,1
cridat,0,1,1
criddle,1,0,1
crie,1,2,3
cried,1053,277,1330
criedd,3,0,3
crieddd,0,2,2
criedddddd,0,1,1
crieesssss,1,0,1
crieff,0,1,1
crier,3,1,4
cries,341,28,369
criessss,3,0,3
crihfiarenfkwfrksndxlasknc,0,1,1
criie,1,0,1
criiieeedddd,0,1,1
criime,1,0,1
criizzzzib,1,0,1
crik,1,0,1
crikey,16,20,36
crim,3,0,3
crimble,1,0,1
crime,135,136,271
crimebeat,1,0,1
crimecraft,0,1,1
crimee,0,1,1
crimen,0,1,1
crimes,11,11,22
crimescene,0,1,1
crimestoppers,1,0,1
crimewatch,3,1,4
crimewave,1,0,1
crimewell,1,0,1
crimi,0,1,1
criminal,67,59,126
criminality,1,0,1
criminalizes,1,0,1
criminally,4,1,5
criminals,9,5,14
criminological,1,0,1
criminology,5,3,8
criminy,2,2,4
crimp,2,4,6
crimped,0,1,1
crimpen,1,0,1
crimper,0,1,1
crimping,0,5,5
crimpomatic,1,0,1
crimproc,0,1,1
crimps,1,0,1
crimson,11,8,19
crin,1,0,1
crinching,0,1,1
crinckels,0,1,1
cringe,34,17,51
cringed,5,1,6
cringeing,1,0,1
cringes,2,0,2
cringeworthy,3,3,6
cringey,1,1,2
cringing,12,4,16
cringy,1,0,1
crink,1,0,1
crinkle,1,1,2
crinkled,2,0,2
crinkles,2,1,3
crinkly,2,2,4
crinolin,1,0,1
crinop,0,1,1
criolla,1,0,1
criollo,1,0,1
crios,0,1,1
criou,0,2,2
crip,4,2,6
cripe,2,0,2
cripes,11,3,14
cripledd,1,0,1
cripple,10,5,15
crippled,47,9,56
crippling,12,0,12
crips,0,1,1
cripsy,0,1,1
crire,0,1,1
crired,1,0,1
cris,16,15,31
crisano,0,1,1
crisanto,0,1,1
crisco,1,1,2
crise,1,0,1
criselda,1,0,1
crises,4,4,8
crisiboy,0,1,1
crisis,114,83,197
crisologo,1,0,1
crisp,64,66,130
crispayyy,0,1,1
crispees,0,1,1
crispen,0,2,2
crisper,0,1,1
crispers,0,1,1
crisperssss,0,1,1
crispies,4,11,15
crispiest,0,1,1
crispin,0,2,2
crispington,1,0,1
crispix,0,1,1
crisply,0,1,1
crispness,0,3,3
crisps,54,47,101
crispy,49,46,95
crispys,2,0,2
crispz,1,1,2
criss,17,8,25
crisselle,1,0,1
crissie,0,1,1
crisss,0,1,1
crisssy,0,1,1
crissy,1,12,13
crist,4,0,4
crista,1,1,2
cristal,5,5,10
cristalizei,1,0,1
cristi,0,2,2
cristian,2,6,8
cristiano,3,1,4
cristie,0,1,1
cristina,9,19,28
cristinalaria,0,1,1
cristinas,0,1,1
cristine,3,2,5
cristmas,1,0,1
cristo,2,5,7
cristobal,0,2,2
cristos,1,0,1
cristy,2,6,8
cristyyyyy,0,1,1
crisue,0,1,1
crit,12,8,20
crita,0,1,1
critcism,0,1,1
crite,1,0,1
criteras,0,1,1
criteria,11,13,24
criterion,4,3,7
criterium,0,1,1
critic,4,14,18
critical,64,54,118
criticall,0,1,1
critically,1,2,3
criticalmass,1,0,1
criticalpinaymaxims,0,1,1
criticaly,1,0,1
criticise,0,3,3
criticises,0,1,1
criticising,1,1,2
criticism,5,21,26
criticisms,1,1,2
criticize,5,8,13
criticized,0,4,4
criticizing,1,1,2
critics,16,19,35
critique,13,24,37
critiqued,0,1,1
critiques,3,2,5
critiquing,1,1,2
critised,1,0,1
critisize,1,0,1
critisized,1,0,1
critisizing,1,0,1
critizing,0,1,1
critmmass,0,1,1
critrique,0,1,1
crits,0,4,4
crittendon,0,1,1
critter,7,8,15
crittered,0,1,1
critters,13,22,35
crittle,1,0,1
criyin,1,0,1
crizaxy,1,0,1
crizzle,0,1,1
crizzzazy,1,0,1
crj,1,0,1
crk,1,0,1
crkk,0,1,1
crkvi,0,1,1
crlf,1,0,1
crm,10,19,29
crminal,0,1,1
crmk,1,0,1
crn,1,1,2
crna,1,0,1
crnc,0,3,3
crnchy,1,0,1
crns,1,0,1
crnt,3,2,5
cro,2,3,5
croa,1,0,1
croak,7,1,8
croaked,4,0,4
croakier,1,0,1
croaking,2,1,3
croaky,6,6,12
croatia,26,27,53
croatian,4,5,9
croatians,0,1,1
croats,0,1,1
crobar,0,1,1
crobbity,0,1,1
croc,8,5,13
croccos,3,0,3
croccy,1,0,1
croce,0,3,3
crochet,13,51,64
crocheted,4,6,10
crocheting,8,18,26
crochetting,0,1,1
crock,11,16,27
crocked,1,0,1
crocker,18,24,42
crockers,0,1,1
crockery,3,1,4
crockett,0,2,2
crocketts,0,1,1
crockin,0,1,1
crockodile,0,1,1
crockpot,5,12,17
crocks,0,3,3
crocky,0,1,1
croco,0,2,2
crocodiel,0,1,1
crocodile,9,9,18
crocodiles,5,1,6
crocolisks,0,1,1
crocpot,1,0,1
crocrock,0,1,1
crocs,15,31,46
crocsfeelgood,1,5,6
crocsnya,0,1,1
crocstweet,1,3,4
croctia,2,0,2
crocus,1,0,1
crodita,1,0,1
crofoot,0,1,1
croft,5,11,16
crofton,1,1,2
crofts,0,1,1
crofty,0,1,1
crohn,5,1,6
crohns,5,3,8
crohnsy,1,0,1
croisant,0,1,1
croisent,1,0,1
croissaint,1,0,1
croissaints,1,0,1
croissant,36,20,56
croissants,8,31,39
croix,0,3,3
crok,0,2,2
croke,6,8,14
croker,2,2,4
crold,1,0,1
croma,4,0,4
cromags,1,0,1
cromartie,0,1,1
cromarty,0,1,1
crombos,1,0,1
crombot,0,1,1
crome,0,1,1
cromer,0,2,2
crommie,1,0,1
cromo,0,1,1
crompton,1,0,1
cromulent,0,2,2
cromwell,3,0,3
cron,3,2,5
crone,0,1,1
cronenberg,0,3,3
cronenbergs,0,1,1
cronic,1,1,2
cronick,1,0,1
cronicles,1,0,1
cronie,1,0,1
cronieees,0,1,1
cronies,2,2,4
cronikeys,0,1,1
cronin,2,0,2
cronkite,18,0,18
crono,0,1,1
cronulla,1,1,2
crood,1,0,1
crook,20,5,25
crookabelle,1,0,1
crooked,29,7,36
crookers,6,2,8
crooks,8,5,13
crookshanks,0,1,1
crookston,0,1,1
croom,2,0,2
crooner,0,1,1
crooners,3,2,5
crooning,2,2,4
croopy,1,0,1
crop,37,40,77
croped,2,0,2
croportal,0,1,1
cropped,17,12,29
cropper,1,0,1
cropping,9,12,21
crops,19,6,25
croqette,1,0,1
croque,1,2,3
croquembouche,1,1,2
croquet,2,3,5
croquettes,2,2,4
crores,0,1,1
cros,1,0,1
crosby,12,31,43
crosbys,0,1,1
crosd,0,1,1
crosed,1,2,3
crosleys,0,1,1
cross,282,424,706
crossage,0,1,1
crossaint,0,2,2
crossaints,0,1,1
crossant,0,1,1
crossbar,2,1,3
crossbone,1,0,1
crossbones,2,0,2
crossborder,1,0,1
crossbow,3,0,3
crossbows,0,1,1
crossbreeze,0,1,1
crosscanadacubecaravancalendar,0,1,1
crosscountry,1,0,1
crossdresser,1,0,1
crosse,3,2,5
crossed,334,575,909
crossedfingers,0,1,1
crossedgenres,0,1,1
crossedx,0,1,1
crosser,1,0,1
crosses,31,43,74
crossesd,0,1,1
crossesfingers,0,1,1
crosseyed,0,3,3
crossfade,0,2,2
crossfader,1,1,2
crossfading,0,1,1
crossfingers,0,1,1
crossfire,2,4,6
crossfires,0,1,1
crossfit,12,4,16
crossgates,0,1,1
crossiant,2,1,3
crossiants,0,2,2
crossin,3,3,6
crossing,141,145,286
crossingmyfingers,0,1,1
crossings,2,1,3
crossingtherubicon,0,1,1
crossoint,0,1,1
crossover,9,9,18
crossovered,1,0,1
crossovergames,0,1,1
crossovers,1,1,2
crosspatch,1,0,1
crossplay,1,0,1
crosspoint,1,4,5
crosspost,1,0,1
crossposted,0,1,1
crossposting,1,1,2
crosspromotion,0,1,1
crossroaaaaadssss,0,1,1
crossroad,0,3,3
crossroads,12,13,25
crosssed,0,1,1
crosssing,0,1,1
crosstown,7,4,11
crosstownclassic,1,0,1
crosstraining,0,1,1
crosswalk,1,1,2
crosswinds,1,1,2
crossword,15,16,31
crosswords,8,3,11
crosswrd,1,0,1
crossxedge,1,0,1
crotch,31,19,50
crotches,1,1,2
crotchet,0,1,1
crotcheted,0,1,1
crotchety,1,1,2
crotchity,1,0,1
crotchu,0,1,1
crotinis,0,1,1
crouch,1,4,5
crouched,0,1,1
crouches,0,1,1
crouching,0,2,2
crouchs,0,1,1
croud,1,2,3
crouded,4,2,6
croukrainegame,0,1,1
croup,9,1,10
croupy,3,0,3
crouse,0,2,2
crouton,0,4,4
croutons,3,4,7
crouwel,0,1,1
crow,32,23,55
crowbar,1,1,2
crowbee,1,0,1
crowborough,1,0,1
crowd,183,303,486
crowded,104,52,156
crowder,4,6,10
crowderr,1,0,1
crowdgaming,0,1,1
crowding,2,1,3
crowds,35,36,71
crowdsource,0,2,2
crowdsourced,0,3,3
crowdsourcing,1,8,9
crowdspirng,0,1,1
crowdspring,0,1,1
crowdsurfing,0,1,1
crowdvine,1,0,1
crowe,3,9,12
crowebear,1,0,1
crowed,1,4,5
crowes,4,0,4
crowing,3,0,3
crowley,5,5,10
crowleyyyy,1,0,1
crowling,0,1,1
crown,85,61,146
crownd,0,1,1
crowne,2,1,3
crowned,5,9,14
crownier,0,1,1
crowning,1,3,4
crowns,10,11,21
crowntail,1,0,1
crowntown,1,1,2
crownvic,1,0,1
crows,43,34,77
crowsfeet,1,0,1
crowthg,1,0,1
croxley,1,0,1
croxstalls,1,0,1
croyd,1,0,1
croyde,1,2,3
croydon,9,16,25
croytown,0,1,1
croz,1,1,2
crozet,1,0,1
crozier,1,0,1
crp,3,2,5
crqp,1,0,1
crrazy,1,0,1
crreeaammm,0,1,1
crreepy,1,0,1
crrr,1,0,1
crrrazy,1,0,1
crrrazzzyyyy,1,0,1
crrrranky,1,0,1
crrrrap,1,0,1
crrrrraaaaaazzzzzzyyyyy,1,0,1
crrrrraaazzyyy,1,0,1
crrrrrap,1,0,1
crrrrrazy,1,1,2
crrrrrly,1,0,1
crrrrrraaaaazzzzzzyy,0,1,1
crrrrrrrrrrrrraaaaaaaazzzzzzzzzzzzzy,1,0,1
crrrrry,1,0,1
crrrryyyy,1,0,1
crrryy,1,0,1
crrryyyy,1,0,1
crrryyyyy,1,0,1
crryy,1,0,1
crryyyyyy,1,0,1
crs,12,7,19
crse,0,1,1
crst,0,1,1
crsuh,0,1,1
crt,2,1,3
crtical,1,0,1
crtl,1,1,2
cru,3,5,8
cruak,0,1,1
crual,1,0,1
cruc,1,0,1
cruces,4,2,6
cruch,2,2,4
cruches,11,0,11
cruchny,1,0,1
cruchy,0,2,2
cruchynutter,1,0,1
crucial,24,19,43
crucially,2,0,2
cruciate,1,0,1
crucible,3,4,7
crucifiction,0,1,1
crucified,0,4,4
crucifix,0,1,1
crucifixion,1,0,1
crucifixtion,1,0,1
cruciform,0,1,1
crucify,2,1,3
crucius,1,0,1
crucivle,0,1,1
crucnchie,0,1,1
crud,52,13,65
cruddd,1,0,1
cruddy,10,3,13
crude,6,8,14
crudelli,0,1,1
crudeness,1,0,1
crudo,0,1,1
cruds,1,0,1
crue,4,10,14
cruefest,0,1,1
cruel,277,84,361
cruelboxes,0,1,1
cruelest,2,0,2
cruelity,1,0,1
cruella,0,2,2
cruellers,0,1,1
cruellness,1,0,1
cruelly,9,2,11
cruelmente,1,0,1
cruelties,1,0,1
cruelty,24,7,31
cruely,1,0,1
cruet,0,1,1
cruffiton,0,1,1
cruickshank,1,0,1
cruikshank,1,3,4
cruilty,1,0,1
cruire,1,0,1
cruise,275,316,591
cruisecontrol,0,1,1
cruised,5,2,7
cruisee,0,1,1
cruiseee,1,1,2
cruisein,0,1,1
cruiser,11,16,27
cruisers,8,7,15
cruises,4,16,20
cruisey,0,3,3
cruisin,10,18,28
cruising,24,44,68
cruisinggg,0,1,1
cruisinn,0,1,1
cruisy,2,2,4
cruitial,1,0,1
cruiz,1,0,1
cruizer,0,1,1
cruizing,0,1,1
cruk,0,1,1
cruller,2,0,2
crumb,5,6,11
crumbed,0,1,1
crumbelievables,1,0,1
crumbing,1,0,1
crumble,25,23,48
crumbled,5,4,9
crumblers,0,1,1
crumbles,4,1,5
crumbling,18,1,19
crumbly,6,1,7
crumbs,25,23,48
crumbsnatchers,0,1,1
crumby,2,1,3
crumcake,0,1,1
crumling,0,1,1
crumm,0,1,1
crummier,1,0,1
crummies,1,0,1
crummy,54,11,65
crummydore,1,0,1
crump,0,1,1
crumpet,6,9,15
crumpetness,1,0,1
crumpets,15,22,37
crumpin,0,2,2
crumping,0,1,1
crumple,0,1,1
crumpled,3,2,5
crumpler,4,2,6
crumples,1,1,2
crumpling,1,0,1
crumpton,0,1,1
crumpts,1,0,1
crumpy,1,1,2
crums,0,1,1
crumy,0,1,1
crunch,92,112,204
crunchatize,0,1,1
crunchberries,1,2,3
crunchblogging,1,0,1
crunched,4,1,5
crunches,11,24,35
crunchesss,1,0,1
crunchh,0,2,2
crunchie,9,5,14
crunchies,3,0,3
crunchin,1,1,2
crunching,13,10,23
crunchling,1,0,1
crunchpad,1,0,1
crunchs,1,0,1
crunchwrap,1,5,6
crunchy,49,60,109
crunchyk,1,0,1
crunchynut,0,1,1
crunchynuts,1,0,1
crunchyroll,1,0,1
cruncjie,1,0,1
cruncy,1,0,1
crunk,16,35,51
crunkcore,1,0,1
crunked,1,1,2
crunkk,1,1,2
crunkkk,1,0,1
crunkkkk,0,1,1
crunktymz,1,0,1
crunnnnnncchhh,1,0,1
crurel,1,0,1
crusade,6,13,19
crusader,1,3,4
crusaders,4,3,7
crusades,2,0,2
crusading,1,0,1
cruse,3,1,4
crusecourtney,1,0,1
cruser,1,0,1
cruseship,1,0,1
crush,245,333,578
crusha,0,1,1
crushcrushcrush,0,1,1
crushd,1,0,1
crushed,228,41,269
crushem,1,0,1
crusher,3,2,5
crushers,2,0,2
crushes,19,29,48
crushh,0,1,1
crushhed,1,0,1
crushheeed,1,0,1
crushhh,0,1,1
crushhhh,1,0,1
crushie,1,0,1
crushiecrush,1,0,1
crushin,5,10,15
crushing,40,39,79
crushingdreamssince,0,1,1
crushit,1,3,4
crushlaxing,0,1,1
crushmazing,0,1,1
crushness,1,0,1
crushridge,1,0,1
crushroom,1,0,1
crushtweet,1,0,1
crusie,0,1,1
crusier,1,0,1
crusin,1,9,10
crusine,0,1,1
crusing,6,3,9
cruskets,2,0,2
cruskits,1,0,1
crusoe,0,3,3
crussshh,0,1,1
crust,27,29,56
crustacean,1,0,1
crustaceans,0,1,1
crustaches,0,1,1
crusted,3,1,4
crusties,0,2,2
crusts,3,2,5
crusty,21,21,42
crustyz,1,0,1
crutch,4,8,12
crutches,66,11,77
crutchess,1,0,1
crutial,1,0,1
crutons,0,3,3
cruuiiiiiise,0,1,1
cruuu,1,0,1
cruuuuuncccchhhh,0,1,1
cruuuuuuuuuuuuell,2,0,2
cruuuuz,1,0,1
crux,1,1,2
cruxshadows,0,2,2
cruxshawdows,0,1,1
cruz,40,55,95
cruzan,0,2,2
cruzeirense,0,1,1
cruzeiro,0,1,1
cruzer,5,1,6
cruzin,0,1,1
cruzito,1,0,1
cruzn,1,1,2
cruzzz,1,2,3
crv,2,3,5
crwd,1,0,1
crx,1,0,1
crxy,1,0,1
cry,3922,629,4551
crybabies,1,1,2
crybaby,13,5,18
crycrycry,2,0,2
cryed,32,5,37
cryeed,1,0,1
cryengine,1,1,2
cryer,2,1,3
cryface,1,0,1
cryfest,1,1,2
cryhardcore,0,1,1
cryied,1,0,1
cryiing,1,0,1
cryiinnn,1,0,1
cryin,98,13,111
crying,2085,256,2341
cryingatwork,1,0,1
cryingg,9,1,10
cryinggg,3,0,3
cryingggg,2,0,2
cryinggggggg,1,0,1
cryingggggggg,1,0,1
cryingmama,1,0,1
cryingness,1,0,1
cryinh,1,0,1
cryini,1,0,1
cryinnnn,1,0,1
cryinnnnng,1,0,1
cryinq,2,0,2
cryinss,1,0,1
cryn,3,0,3
cryng,1,0,1
crynngg,1,0,1
cryogenically,0,1,1
cryogentically,0,1,1
cryopreserved,0,1,1
cryosleep,1,0,1
cryostat,1,0,1
crypes,0,1,1
crypic,1,0,1
crypt,2,2,4
cryptic,4,13,17
cryptically,0,1,1
crypticdoc,1,0,1
cryptid,0,1,1
cryptkickers,0,1,1
crypto,2,2,4
cryptogram,0,1,1
cryptography,2,1,3
cryptonomicon,1,1,2
cryptoquotes,1,0,1
cryptozoo,1,0,1
crypty,0,1,1
cryrus,0,1,1
crys,31,3,34
crysanthemum,1,0,1
crysatal,1,0,1
crysies,2,0,2
crysis,8,13,21
crysob,0,2,2
cryspace,1,0,1
cryssie,1,0,1
crysta,1,1,2
crystal,91,170,261
crystalbear,1,0,1
crystalbel,1,0,1
crystalcastles,1,0,1
crystalchappell,0,1,1
crystaldermy,3,0,3
crystale,0,1,1
crystalfontenot,0,1,1
crystalised,0,1,1
crystall,0,1,1
crystallography,2,0,2
crystalmariedontluvspiteanymore,1,0,1
crystals,13,17,30
crystalthm,0,1,1
crystas,0,1,1
crystel,0,1,1
crystle,1,0,1
cryt,1,0,1
crytek,1,0,1
cryu,1,0,1
cryus,1,1,2
cryy,22,1,23
cryying,1,0,1
cryyinn,0,1,1
cryyy,16,1,17
cryyyy,7,2,9
cryyyyy,6,0,6
cryyyyyy,1,0,1
cryyyyyyy,1,0,1
cryyyyyyyy,2,0,2
cryyyyyyyyy,2,0,2
cryyyyyyyyyyy,1,0,1
cryyyyyyyyyyyyy,1,0,1
cryyyyyyyyyyyyyyyyyyy,1,0,1
cryyyyyyyyyyyyyyyyyyyyyyyyyyyyyyyyyyyyyy,1,0,1
cryyyyyyyyyyyyyyyyyyyyyyyyyyyyyyyyyyyyyyyy,1,0,1
crz,0,1,1
crzlilho,1,0,1
crzy,15,9,24
cs,164,115,279
csa,12,7,19
csaa,1,0,1
csak,0,2,2
csas,0,1,1
csat,2,0,2
csause,1,0,1
csb,10,5,15
csc,5,3,8
cscs,0,1,1
cscw,3,0,3
csd,1,1,2
csdd,0,1,1
cse,3,1,4
csection,3,0,3
csenge,0,1,1
cset,1,0,1
csf,2,1,3
csfs,1,0,1
csgt,0,1,1
csgvp,0,2,2
csh,2,1,3
csharks,0,1,1
csharp,0,2,2
csi,118,146,264
csia,1,0,1
csiabz,1,0,1
csikszentmihalyi,0,1,1
csin,0,1,1
csing,0,1,1
csis,0,1,1
csk,6,2,8
csl,1,4,5
csla,0,2,2
cslatex,1,0,1
csm,1,2,3
csn,3,5,8
csnf,0,1,1
csnt,2,1,3
cso,2,0,2
csp,0,2,2
cspa,0,1,1
cspan,3,5,8
cspc,1,1,2
cspe,1,1,2
csproj,1,0,1
csr,3,1,4
csrsc,1,0,1
css,126,107,233
cssbag,0,3,3
cssedit,3,0,3
cssing,0,1,1
cssp,0,1,1
cst,17,12,29
cstate,0,1,1
cstm,1,0,1
cstmr,0,1,1
cstmrs,1,0,1
cstone,1,0,1
cstophp,1,0,1
cstore,1,0,1
cstr,1,0,1
cstrings,1,0,1
csts,1,2,3
cstsoc,1,0,1
cstu,0,1,1
csu,11,1,12
csub,1,1,2
csudh,0,1,1
csuf,5,5,10
csulb,2,3,5
csumb,0,1,1
csun,1,4,5
csusb,1,1,2
csuse,1,0,1
csusm,0,1,1
csv,2,4,6
csw,1,0,1
cswk,1,0,1
csws,1,2,3
csy,0,1,1
csydney,1,0,1
csz,0,1,1
ct,161,122,283
cta,7,0,7
ctabor,0,1,1
ctach,0,2,2
ctas,0,1,1
ctastrophe,1,0,1
ctayah,0,1,1
ctbf,1,0,1
ctc,2,2,4
ctd,1,2,3
cte,0,1,1
cter,0,1,1
ctest,1,0,1
ctf,4,6,10
ctfu,1,1,2
cthchin,1,0,1
cthlive,0,1,1
cthnya,0,1,1
cthu,0,1,1
cthulhu,0,5,5
cthulu,1,3,4
cti,0,1,1
ctia,0,1,1
ctic,2,2,4
ctima,1,0,1
cting,0,1,1
ctk,1,1,2
ctl,1,0,1
ctm,1,0,1
cto,1,8,9
cton,0,1,1
ctools,1,0,1
ctops,1,0,1
ctor,1,1,2
ctotallackofconcensusexception,1,0,1
ctown,2,2,4
ctp,0,1,1
ctr,12,7,19
ctries,1,0,1
ctrip,0,1,1
ctrl,26,35,61
cts,6,6,12
ctt,1,0,1
cttm,1,0,1
ctttt,0,1,1
cttttttttt,0,1,1
cttu,0,1,1
ctu,1,1,2
ctual,0,1,1
ctub,0,1,1
ctv,2,4,6
ctvcalgary,0,1,1
ctvtorontoontario,1,0,1
ctw,3,0,3
ctwc,0,1,1
ctwsh,0,1,1
ctwu,0,1,1
ctx,0,1,1
cty,7,2,9
ctyri,0,1,1
ctz,0,1,1
cu,75,122,197
cua,7,5,12
cuaaaaaaaaaaaaaaal,0,1,1
cuaad,0,1,1
cuaca,1,0,1
cuad,0,1,1
cuadrapicha,1,0,1
cuae,0,1,1
cuaght,0,1,1
cuaima,0,1,1
cual,3,2,5
cuan,0,2,2
cuando,5,4,9
cuantas,1,0,1
cuanto,1,0,1
cuapek,0,1,1
cuarto,1,0,1
cuase,10,7,17
cuates,0,1,1
cuatro,1,3,4
cuatros,1,0,1
cuawfee,0,1,1
cub,22,20,42
cuba,32,25,57
cuban,23,26,49
cubana,0,2,2
cubanita,0,1,1
cubanito,0,1,1
cubano,1,3,4
cubanos,1,0,1
cubans,2,5,7
cubao,2,6,8
cubaoo,0,1,1
cubase,3,6,9
cubbee,0,1,1
cubbie,2,2,4
cubbies,14,23,37
cubby,3,13,16
cubbyhouses,0,1,1
cubcake,0,1,1
cube,67,63,130
cubed,1,3,4
cubehead,1,0,1
cubeing,0,1,1
cubes,24,23,47
cubestat,0,1,1
cubesteaks,0,1,1
cubey,0,1,1
cubhouse,0,1,1
cubic,2,0,2
cubical,0,2,2
cubicle,44,32,76
cubicles,3,4,7
cubics,0,1,1
cubie,1,0,1
cubies,1,2,3
cubing,1,1,2
cubis,1,0,1
cubistliterature,0,1,1
cubmaster,2,0,2
cubo,1,0,1
cuboard,2,1,3
cuboards,1,0,1
cuboid,1,0,1
cubs,139,105,244
cubster,1,0,1
cuc,0,1,1
cucamonga,0,1,1
cucaracha,0,2,2
cucarachas,1,0,1
cucc,0,1,1
cucchiaio,0,1,1
cuccinelli,0,1,1
cuchando,0,1,1
cuchy,2,0,2
cuci,1,0,1
cuck,0,3,3
cuckatoo,1,0,1
cucking,1,0,1
cuckold,0,4,4
cuckoo,5,13,18
cuckoos,1,2,3
cuco,0,1,1
cucu,0,1,1
cucumber,25,40,65
cucumbers,13,14,27
cucur,0,1,1
cucurbits,1,0,1
cud,170,102,272
cuda,8,2,10
cudd,1,1,2
cudda,6,0,6
cudddling,0,1,1
cuddeling,0,1,1
cudder,3,0,3
cudders,0,1,1
cuddi,0,2,2
cuddle,474,167,641
cuddlebear,1,1,2
cuddlebuddy,0,2,2
cuddlebug,1,0,1
cuddlebunny,1,0,1
cuddlebuns,1,0,1
cuddlecub,0,1,1
cuddlecuddle,0,1,1
cuddled,27,33,60
cuddlee,1,0,1
cuddleeee,0,1,1
cuddlefest,1,1,2
cuddler,4,2,6
cuddlers,1,0,1
cuddles,115,64,179
cuddless,1,0,1
cuddleton,1,0,1
cuddley,0,2,2
cuddlez,2,2,4
cuddlies,0,1,1
cuddliin,1,0,1
cuddliing,0,1,1
cuddlin,6,6,12
cuddling,111,96,207
cuddlinq,1,0,1
cuddlng,1,0,1
cuddly,23,32,55
cuddnt,2,0,2
cuddy,17,12,29
cuddybuddys,0,1,1
cuddys,0,1,1
cuddyz,1,0,1
cudgel,0,1,1
cudi,12,22,34
cudis,0,1,1
cudlde,1,0,1
cudly,1,1,2
cudn,21,4,25
cudnt,63,14,77
cudos,0,2,2
cudve,3,1,4
cue,58,46,104
cueca,0,1,1
cueck,0,1,1
cued,0,1,1
cueing,3,0,3
cuejsjeoj,1,0,1
cuek,0,2,2
cuelga,1,0,1
cuenca,0,1,1
cuenta,0,2,2
cuentaa,1,0,1
cuentas,0,1,1
cuento,1,1,2
cuerdas,0,2,2
cuernavaca,0,1,1
cuerno,3,0,3
cuerpo,0,2,2
cuerstions,0,1,1
cuervo,5,5,10
cues,5,1,6
cuesports,1,0,1
cuevas,2,0,2
cuf,0,1,1
cuff,16,11,27
cuffbff,1,0,1
cuffed,1,0,1
cuffff,0,1,1
cuffin,2,1,3
cuffing,1,1,2
cufflink,0,1,1
cufflinks,3,6,9
cuffs,5,9,14
cufon,4,1,5
cufreethinkers,1,0,1
cufufled,1,0,1
cufusedy,0,1,1
cug,0,1,1
cuggle,2,0,2
cuh,5,9,14
cuhk,0,1,1
cuhlaire,1,0,1
cuhminq,1,0,1
cuhrazyy,1,0,1
cuhrazyyyy,0,1,1
cuhs,7,2,9
cuhsz,0,1,1
cuhtinas,0,3,3
cuhyewt,0,1,1
cuhz,3,5,8
cui,2,0,2
cuida,1,1,2
cuidado,1,1,2
cuidalo,0,1,1
cuidate,0,1,1
cuidense,1,0,1
cuil,1,3,4
cuillin,0,1,1
cuircit,1,0,1
cuisenaire,0,1,1
cuisinart,1,0,1
cuisine,13,32,45
cuisines,0,1,1
cuisses,0,1,1
cuit,3,0,3
cuitadella,1,0,1
cujo,3,2,5
cuk,1,0,1
cuke,2,0,2
cukes,5,2,7
cuks,0,1,1
cukup,2,7,9
cukur,0,1,1
cul,3,8,11
cula,2,2,4
culas,0,1,1
culater,0,1,1
culd,32,14,46
culda,3,0,3
culdaff,0,1,1
culdnt,12,1,13
culero,1,0,1
culford,1,0,1
culi,1,0,1
culichi,0,1,1
culinary,16,23,39
culise,0,1,1
cull,6,8,14
culled,4,1,5
culleen,1,0,1
cullen,57,114,171
cullenbell,0,1,1
cullencoven,0,3,3
cullens,6,7,13
culley,1,0,1
cullgan,1,0,1
cullies,1,0,1
culling,1,4,5
culliton,1,0,1
cullman,0,1,1
culls,2,0,2
cullum,0,4,4
culminate,1,0,1
culminated,1,1,2
culminates,1,0,1
culminating,4,1,5
culminatings,4,0,4
culmination,5,1,6
culo,1,3,4
culonia,1,0,1
culotte,0,1,1
culpa,5,3,8
culpable,1,0,1
culprit,22,8,30
culprite,1,0,1
culprits,2,2,4
culstists,0,1,1
cult,16,54,70
cultish,0,1,1
cultists,1,0,1
cultivate,0,5,5
cultivated,1,0,1
cultivates,0,1,1
cultivating,1,6,7
cultive,1,0,1
cultofthebear,0,2,2
cults,3,1,4
cultura,0,3,3
cultural,17,40,57
culturally,4,3,7
culture,77,128,205
cultured,1,7,8
culturedcode,1,0,1
culturekitchen,0,1,1
cultures,7,17,24
culturescience,0,1,1
cultureshock,0,1,1
cultureshockmag,0,3,3
culturl,1,0,1
cultus,0,4,4
culuturised,0,1,1
culver,4,9,13
culvers,3,3,6
culy,0,1,1
culzean,1,1,2
cum,109,126,235
cuma,13,13,26
cuman,1,4,5
cumartesi,1,0,1
cumberbund,2,0,2
cumberland,4,3,7
cumberlands,1,0,1
cumberly,1,0,1
cumbernauld,1,1,2
cumbersom,1,0,1
cumbersome,6,2,8
cumbrae,2,0,2
cumbria,2,1,3
cumbrian,2,1,3
cumbs,0,1,1
cumebyar,0,2,2
cumfy,1,1,2
cumi,1,0,1
cumilitive,0,1,1
cumin,26,13,39
cuming,12,7,19
cuminte,0,1,1
cumis,1,0,1
cumm,1,1,2
cumma,1,0,1
cumman,0,1,1
cummann,0,1,1
cummer,1,0,1
cummin,7,5,12
cumming,4,4,8
cummings,1,2,3
cumminn,1,0,1
cummm,1,0,1
cummmm,0,1,1
cummon,4,2,6
cumn,2,2,4
cumnock,1,0,1
cumnut,0,1,1
cumon,0,3,3
cumple,2,4,6
cumplea,0,3,3
cumpleanos,1,0,1
cumpter,1,0,1
cumpulasary,0,1,1
cumputer,1,1,2
cums,3,3,6
cumslut,0,1,1
cumsplosion,1,0,1
cumulative,5,3,8
cumulus,1,2,3
cumz,0,1,1
cun,3,0,3
cunce,1,0,1
cuncusion,0,1,1
cundari,1,0,1
cunego,1,0,1
cuneta,2,0,2
cunfuffled,1,0,1
cung,4,1,5
cungs,0,1,1
cunnilingual,0,1,1
cunnilinguistics,0,1,1
cunning,7,15,22
cunningham,3,5,8
cunninghams,1,0,1
cunningly,0,3,3
cunstomers,1,0,1
cunt,46,46,92
cuntard,0,1,1
cuntboy,1,0,1
cuntcast,1,0,1
cuntfaaceeeeeee,0,1,1
cuntface,0,1,1
cunting,1,1,2
cuntitude,0,1,1
cuntry,2,0,2
cunts,13,5,18
cuntsicklw,0,1,1
cuntsicle,1,0,1
cunty,1,1,2
cuny,2,0,2
cuoc,2,0,2
cuoco,0,2,2
cuoi,1,1,2
cuold,0,2,2
cuoldnt,0,1,1
cuomo,0,1,1
cuon,1,0,1
cuong,2,0,2
cuoois,0,1,1
cuore,0,1,1
cuorious,1,1,2
cuousins,0,1,1
cup,847,1190,2037
cupa,1,6,7
cupackes,1,0,1
cupar,0,1,1
cupasoup,1,0,1
cupboard,70,28,98
cupboarddd,0,1,1
cupboards,22,8,30
cupbourd,0,1,1
cupcake,165,230,395
cupcakecamp,0,2,2
cupcaked,2,0,2
cupcakee,0,1,1
cupcakefest,1,0,1
cupcakery,0,1,1
cupcakes,214,377,591
cupcakeskickass,0,1,1
cupcakesssss,0,1,1
cupcakesssssssssss,1,0,1
cupcakester,0,1,1
cupcakey,0,1,1
cupcakin,2,1,3
cupcaking,2,3,5
cupcakkkke,0,1,1
cupccakes,0,1,1
cupcup,0,1,1
cupe,1,0,1
cupertino,15,3,18
cupfinal,1,0,1
cupholders,1,0,1
cupid,11,8,19
cupidos,0,2,2
cupids,1,1,2
cupie,0,1,1
cupied,1,0,1
cupkake,1,0,1
cupl,0,1,1
cupla,1,0,1
cuple,0,2,2
cupo,1,0,1
cupodeath,1,0,1
cupofty,0,1,1
cupon,1,0,1
cupons,1,1,2
cupp,0,1,1
cuppa,69,150,219
cuppacakes,0,1,1
cuppas,0,1,1
cuppatea,0,1,1
cupped,1,2,3
cupper,1,0,1
cuppie,0,1,1
cuppies,0,4,4
cuppincakes,1,0,1
cupping,0,1,1
cuppla,0,1,1
cupple,1,2,3
cuppp,0,1,1
cuppppa,0,1,1
cuppucino,1,0,1
cuppy,2,3,5
cuppycake,2,7,9
cuppycakes,1,0,1
cuprit,0,1,1
cups,106,121,227
cupswrapper,0,1,1
cuptoftea,0,1,1
cupu,0,1,1
cupua,0,1,1
cupwin,0,1,1
cupy,1,0,1
cur,2,1,3
cura,3,2,5
curaaaaaang,1,0,1
curaaangg,1,0,1
curable,3,0,3
curacao,3,3,6
curahan,0,1,1
curaj,0,1,1
curand,1,6,7
curang,6,1,7
curangg,1,0,1
curate,2,1,3
curated,1,0,1
curating,1,2,3
curative,1,1,2
curator,1,6,7
curators,0,1,1
curatorships,0,1,1
curb,38,28,66
curbed,1,0,1
curbing,2,0,2
curbishely,1,0,1
curbishley,1,0,1
curbs,1,2,3
curbside,1,0,1
curcuru,1,0,1
curd,3,8,11
curdd,0,1,1
curdle,1,1,2
curdled,4,1,5
curdles,1,0,1
curdling,3,0,3
curdoroy,0,1,1
curds,2,4,6
curdy,1,0,1
cure,219,208,427
cureable,2,0,2
cureall,0,1,1
curebird,1,0,1
curecosaveology,0,1,1
cured,18,27,45
curent,0,1,1
curently,4,2,6
curentyl,0,1,1
curer,1,0,1
cures,28,34,62
curetinnitus,0,1,1
curevo,0,1,1
curfew,24,14,38
curfews,1,0,1
curfiew,0,1,1
curhaaaaaaat,0,1,1
curhat,7,3,10
curie,0,1,1
curies,1,0,1
curing,8,7,15
curinthia,1,0,1
curio,4,1,5
curios,1,4,5
curiosa,0,1,1
curiosidades,0,1,1
curiosity,15,42,57
curioso,0,2,2
curious,145,511,656
curiouse,0,1,1
curioused,1,0,1
curiouser,0,3,3
curiousgeorge,1,0,1
curiousities,0,1,1
curiousity,3,10,13
curiouslaymrhe,0,1,1
curiously,4,4,8
curiousness,0,1,1
curitiba,6,4,10
curity,2,0,2
curiuosly,1,0,1
curius,0,1,1
curkendall,1,0,1
curl,151,67,218
curled,68,54,122
curledge,1,0,1
curler,5,5,10
curlers,3,4,7
curles,0,1,1
curley,2,2,4
curli,1,0,1
curlicues,0,1,1
curlies,2,2,4
curlin,1,5,6
curling,60,38,98
curlingg,0,1,1
curljam,1,0,1
curll,0,1,1
curlmart,1,0,1
curlopt,0,1,1
curls,58,39,97
curlup,1,0,1
curluwurly,0,1,1
curly,111,132,243
curlybear,1,0,1
curlymamaw,0,1,1
curlyness,1,1,2
curlynessssss,1,0,1
curlywurlies,0,1,1
curlywurly,0,1,1
curlz,0,3,3
curmudgeon,0,1,1
curmudgeonly,0,3,3
curntly,0,1,1
curra,0,1,1
curragh,1,0,1
curran,0,2,2
currant,2,1,3
currantly,1,0,1
currants,0,2,2
currawongs,1,0,1
curre,1,0,1
currect,0,1,1
curren,2,0,2
currencies,2,0,2
currency,16,22,38
currenlty,1,1,2
currenly,1,1,2
current,366,327,693
currentcost,1,0,1
currentley,0,1,1
currentli,0,1,1
currentlig,1,0,1
currently,809,980,1789
currentlyy,1,0,1
currenty,2,1,3
curretly,0,2,2
curretn,0,2,2
curric,0,1,1
curriclm,0,1,1
curricular,2,3,5
curriculum,6,9,15
currie,1,1,2
curried,2,3,5
currieee,1,0,1
curries,3,3,6
currington,1,2,3
currituck,1,0,1
currnt,1,1,2
currntly,0,1,1
currogate,0,1,1
curros,1,0,1
currreal,1,0,1
currrrrrry,0,1,1
currumbin,1,1,2
curry,163,228,391
curryfiend,0,1,1
curryish,1,0,1
currypuffs,2,0,2
currys,11,4,15
currywurst,1,0,1
curryyy,1,0,1
curs,1,3,4
curse,223,95,318
cursebird,4,11,15
cursed,60,21,81
cursedddd,1,0,1
cursegaming,1,0,1
cursele,0,1,1
curser,1,0,1
curses,57,6,63
cursi,0,3,3
cursiler,0,1,1
cursin,2,2,4
cursing,46,20,66
cursive,2,2,4
curso,1,1,2
curson,1,0,1
cursor,15,18,33
cursorfx,0,1,1
cursors,0,2,2
cursties,0,1,1
cursuri,0,1,1
cursus,1,0,1
cursy,1,0,1
curt,3,12,15
curta,0,1,1
curtail,1,0,1
curtailed,2,1,3
curtailing,0,1,1
curtain,23,25,48
curtains,51,39,90
curtard,0,1,1
curte,1,3,4
curtesy,1,2,3
curti,3,3,6
curtii,0,1,1
curtin,10,2,12
curtinde,1,0,1
curtindo,0,1,1
curtioisty,0,1,1
curtious,0,1,1
curtis,21,27,48
curtiscy,1,0,1
curtisdroppelman,0,1,1
curtiss,1,0,1
curto,1,1,2
curtos,1,0,1
curtsey,1,0,1
curtseying,0,1,1
curtsied,0,1,1
curtsies,0,1,1
curty,1,2,3
curumin,0,1,1
curvalicious,0,1,1
curvature,1,0,1
curve,103,93,196
curveball,1,0,1
curveballs,2,0,2
curved,3,5,8
curveee,0,2,2
curves,21,31,52
curvey,0,1,1
curviegirl,0,1,1
curving,1,2,3
curvy,9,8,17
cury,0,1,1
cus,247,123,370
cusa,2,1,3
cusack,6,12,18
cusak,0,1,1
cusat,1,1,2
cusco,1,0,1
cuse,6,3,9
cushes,0,1,1
cushing,2,1,3
cushings,1,0,1
cushion,21,26,47
cushioned,1,0,1
cushioning,0,1,1
cushionnnnn,0,1,1
cushions,3,11,14
cushiony,1,0,1
cusht,0,1,1
cushty,0,1,1
cushy,0,6,6
cusi,0,1,1
cusin,4,1,5
cusing,1,0,1
cusins,3,2,5
cusion,1,0,1
cusioned,1,0,1
cusions,1,1,2
cusiosity,0,1,1
cusma,0,1,1
cusn,0,1,1
cusns,0,1,1
cusons,0,1,1
cusp,2,5,7
cuspidor,1,0,1
cuspy,0,1,1
cuss,23,18,41
cussed,14,6,20
cusses,2,2,4
cussie,0,1,1
cussin,2,5,7
cussing,3,12,15
cussler,2,1,3
cusso,0,1,1
cusson,0,1,1
cusswords,1,0,1
cust,13,5,18
custard,29,37,66
custmer,0,1,1
custo,1,0,1
custodial,0,1,1
custodian,0,2,2
custodians,1,0,1
custody,14,4,18
custom,99,161,260
customary,0,3,3
custome,0,1,1
customed,1,0,1
customer,268,207,475
customers,163,158,321
customerservice,1,0,1
customerssuck,0,1,1
customerts,0,1,1
customes,0,1,1
customink,1,1,2
customisable,1,0,1
customisation,2,0,2
customisations,0,1,1
customise,2,6,8
customised,3,6,9
customiser,1,0,1
customising,1,0,1
customizable,3,6,9
customizando,0,1,1
customization,4,9,13
customizations,4,1,5
customize,13,18,31
customized,9,17,26
customizing,5,13,18
custompcplanet,0,1,1
customs,45,31,76
customtshirt,1,0,1
custormer,0,1,1
custou,1,0,1
custs,1,1,2
custumer,0,1,1
custurd,0,2,2
custy,0,1,1
cusz,0,1,1
cuszo,1,0,1
cut,2427,1163,3590
cutaaay,0,1,1
cutains,0,1,1
cutandpaste,0,1,1
cutaways,0,2,2
cutback,1,0,1
cutbacks,4,1,5
cutchicutchicutchi,1,0,1
cutco,2,2,4
cute,1806,5976,7782
cuteable,0,2,2
cuteand,0,1,1
cuteashell,0,1,1
cuteass,1,1,2
cutecats,0,1,1
cutecutecute,0,1,1
cutee,10,46,56
cuteee,6,34,40
cuteeee,1,16,17
cuteeeee,0,8,8
cuteeeeee,1,5,6
cuteeeeeeeeee,0,1,1
cuteeeeeeeeeee,1,0,1
cuteeeeeeeeeeeee,0,1,1
cuteeeeeeeeeeeeeee,0,1,1
cuteeeh,0,1,1
cuteeessst,0,1,1
cuteface,0,1,1
cuteflip,0,1,1
cuteh,0,1,1
cutekid,1,0,1
cutely,1,2,3
cutelymixed,0,1,1
cutemilfactory,0,1,1
cuteness,10,46,56
cutenews,2,0,2
cuteotters,0,1,1
cuteoverload,0,1,1
cuter,20,91,111
cuterr,0,1,1
cuters,0,1,1
cuterss,0,1,1
cutes,2,7,9
cuteset,0,1,1
cutesie,1,2,3
cutessst,1,0,1
cutest,136,374,510
cutester,0,1,1
cutestt,0,1,1
cutesttt,1,0,1
cutesy,4,13,17
cutesyyyyyy,0,1,1
cuteweeeveilpussy,0,1,1
cutey,2,9,11
cutez,0,2,2
cutgate,1,0,1
cuthbert,1,0,1
cuti,2,6,8
cuticle,2,1,3
cuticles,0,2,2
cuticuti,1,0,1
cutie,90,311,401
cutiee,0,7,7
cutieee,0,2,2
cutieeeeeeeee,0,1,1
cutieeeeeeeeeeeeeeeeeee,0,1,1
cutiehead,1,0,1
cutielouise,0,1,1
cutiemoet,1,1,2
cutiepatootie,0,1,1
cutiepie,0,1,1
cutiepies,0,1,1
cutier,0,1,1
cuties,12,47,59
cutiesss,0,1,1
cutiest,3,4,7
cutiie,0,1,1
cutiiee,0,2,2
cutiiiiiiiiie,0,1,1
cutin,1,1,2
cutiness,0,1,1
cuting,1,1,2
cutish,0,1,1
cutitarul,0,2,2
cutlass,1,0,1
cutler,5,2,7
cutlery,5,4,9
cutlet,3,5,8
cutlets,1,3,4
cutmarc,0,1,1
cutn,1,1,2
cutner,1,0,1
cutoff,11,4,15
cutout,2,6,8
cutouts,0,1,1
cutover,1,1,2
cuts,189,60,249
cutsy,0,1,1
cutt,2,3,5
cutted,6,0,6
cuttee,0,2,2
cutteee,0,2,2
cutteeee,0,1,1
cutteeeexzxzxz,1,0,1
cutteeesstt,0,1,1
cutter,18,9,27
cutterfly,0,1,1
cutters,5,2,7
cuttery,1,1,2
cutteslowe,0,2,2
cuttest,1,6,7
cutthroat,0,1,1
cuttie,0,4,4
cutties,1,0,1
cuttin,23,9,32
cutting,343,192,535
cuttings,1,0,1
cuttlefish,3,2,5
cuttlery,0,1,1
cuttlett,0,1,1
cuttley,0,1,1
cuttn,1,0,1
cuttng,0,1,1
cutts,0,4,4
cuttt,4,0,4
cuttting,1,0,1
cuttttee,1,0,1
cutttteee,0,1,1
cutttteeeee,0,1,1
cutttting,1,0,1
cutty,5,4,9
cuture,1,0,1
cuty,2,2,4
cutz,1,0,1
cuu,2,1,3
cuuh,0,1,1
cuuhhh,1,0,1
cuuhraaazy,1,0,1
cuuhraazy,0,1,1
cuurently,1,0,1
cuut,1,0,1
cuute,6,13,19
cuutee,0,1,1
cuuteee,1,0,1
cuuteest,0,1,1
cuutest,1,0,1
cuutiiiee,0,1,1
cuuttee,0,1,1
cuutteeee,0,1,1
cuutteeeeeeeeeeeee,0,1,1
cuuuba,0,1,1
cuuurl,0,1,1
cuuut,0,1,1
cuuute,7,23,30
cuuutee,0,2,2
cuuuteee,0,1,1
cuuuteer,1,0,1
cuuutest,1,0,1
cuuutteeeeee,0,1,1
cuuutttee,0,1,1
cuuuun,0,1,1
cuuuute,4,24,28
cuuuuteee,0,1,1
cuuuuteness,0,1,1
cuuuuttest,0,1,1
cuuuutttee,0,1,1
cuuuuttteeee,1,0,1
cuuuuute,2,3,5
cuuuuuteeeeee,1,0,1
cuuuuuteeeeeeeee,0,1,1
cuuuuutest,0,2,2
cuuuuutie,0,1,1
cuuuuutte,0,1,1
cuuuuutttteeeee,0,1,1
cuuuuuute,0,3,3
cuuuuuuute,0,3,3
cuuuuuuuurrrrrssee,1,0,1
cuuuuuuuute,0,1,1
cuuuuuuuuute,0,1,1
cuuuuuuuuuute,1,0,1
cuuuuuuuuuuute,0,1,1
cuuuuuuuuuuuuuute,0,1,1
cuuuuuuuuuuuuuuuuuuuute,1,0,1
cuuuz,0,1,1
cuuuze,0,1,1
cuuuzeeee,0,1,1
cuvee,1,1,2
cuvette,1,0,1
cuwl,0,1,1
cux,0,1,1
cuxz,1,0,1
cuy,2,2,4
cuyahoga,1,2,3
cuz,3400,1751,5151
cuzdem,0,1,1
cuze,1,0,1
cuzi,1,0,1
cuzin,29,19,48
cuzins,11,19,30
cuzinz,0,1,1
cuzn,5,8,13
cuzns,1,5,6
cuzo,6,8,14
cuzof,1,1,2
cuzons,0,1,1
cuzos,0,1,1
cuzs,2,2,4
cuzvof,1,0,1
cuzyou,0,1,1
cuzz,14,13,27
cuzza,2,0,2
cuzzi,0,1,1
cuzzie,3,1,4
cuzzies,1,3,4
cuzziiiin,0,1,1
cuzzin,7,7,14
cuzzins,3,1,4
cuzzinz,1,1,2
cuzzo,20,30,50
cuzzooo,0,1,1
cuzzos,3,5,8
cuzzoss,0,1,1
cuzzs,0,1,1
cuzzy,5,6,11
cuzzyz,0,1,1
cuzzz,1,6,7
cuzzzz,0,1,1
cuzzzzin,0,1,1
cv,68,41,109
cvamera,1,0,1
cvan,0,1,1
cvas,0,1,1
cvb,0,1,1
cvbs,1,0,1
cvc,1,1,2
cver,1,0,1
cvgames,0,1,1
cvhs,0,1,1
cville,4,3,7
cvillepiefest,0,1,1
cvilletweetup,1,0,1
cving,1,0,1
cvm,1,0,1
cvrg,0,1,1
cvs,55,28,83
cvtf,0,1,1
cvv,0,1,1
cvxdgwregdtgg,1,0,1
cw,49,27,76
cwa,1,0,1
cwack,1,0,1
cwalk,0,2,2
cwalking,0,1,1
cwamps,1,0,1
cwap,1,0,1
cway,0,1,1
cwazy,1,0,1
cwb,1,2,3
cwc,0,4,4
cwe,1,0,1
cweam,0,1,1
cweann,0,1,1
cwg,1,1,2
cwh,0,1,1
cwistals,1,0,1
cwisteen,1,0,1
cwitch,0,1,1
cwjobs,1,0,1
cwk,8,0,8
cwll,1,1,2
cwmeetup,1,0,1
cwn,1,0,1
cwofee,0,1,1
cwoffee,0,3,3
cwoffeegirl,0,1,1
cwok,0,1,1
cwork,0,1,1
cwp,0,2,2
cwphoto,0,1,1
cwpm,0,1,1
cwrrry,1,0,1
cwru,1,0,1
cws,32,7,39
cwt,1,0,1
cwtch,2,1,3
cwtchd,0,1,1
cwts,5,1,6
cwtsh,0,1,1
cwu,3,1,4
cwunt,0,1,1
cww,2,0,2
cwying,1,0,1
cx,4,9,13
cxant,1,0,1
cxar,1,0,1
cxd,1,0,1
cxf,0,1,1
cxl,3,0,3
cxld,3,1,4
cxo,0,2,2
cxomputer,1,0,1
cxos,0,1,1
cxox,0,1,1
cxtns,0,1,1
cy,6,10,16
cya,53,160,213
cyaa,0,5,5
cyaaa,2,2,4
cyaaaa,0,1,1
cyaaaaaaa,0,1,1
cyaaaaaaaaaaaaz,0,1,1
cyaan,1,0,1
cyacky,0,1,1
cyah,0,3,3
cyal,0,1,1
cyalater,1,0,1
cyan,5,1,6
cyanide,1,6,7
cyanidedrunk,0,1,1
cyanogen,1,0,1
cyant,0,1,1
cyas,2,3,5
cyaz,1,0,1
cybelle,0,1,1
cyber,45,61,106
cyberactivism,0,1,1
cyberblunttt,0,1,1
cyberbullying,2,0,2
cybercandy,1,0,1
cyberchase,1,0,1
cybercheatin,0,1,1
cyberciti,0,1,1
cybercommand,1,0,1
cyberconnect,1,0,1
cyberczar,1,0,1
cyberdog,0,1,1
cyberduck,1,3,4
cyberfriends,1,1,2
cyberguy,0,1,1
cyberhallelujah,0,1,1
cyberhug,0,1,1
cyberhugs,0,1,1
cyberia,1,2,3
cybering,1,0,1
cyberjapan,0,1,1
cyberjaya,0,2,2
cyberlab,1,0,1
cyberlaw,1,0,1
cyberman,1,1,2
cybermen,0,4,4
cybernet,1,1,2
cybernetexpo,0,1,1
cybernetic,1,0,1
cybernetics,2,0,2
cybernurse,0,1,1
cyberparty,0,1,1
cyberpost,0,1,1
cyberpsychology,0,1,1
cyberpunked,1,0,1
cybersafety,1,1,2
cyberscamp,0,2,2
cyberscampxox,0,2,2
cybersecurity,1,0,1
cybersent,1,0,1
cybersex,1,0,1
cybershot,4,0,4
cybersmart,1,0,1
cyberspace,6,8,14
cybersphere,0,1,1
cybersquatter,0,1,1
cyberstalk,0,2,2
cyberstalkers,1,0,1
cyberstalking,1,0,1
cyberstalks,0,1,1
cyberstorm,0,1,1
cybersutra,0,1,1
cybertown,0,1,1
cyberwar,3,0,3
cyberworld,0,2,2
cybil,2,0,2
cybill,0,1,1
cybook,1,0,1
cyborg,1,4,5
cyborgs,1,2,3
cyby,0,2,2
cyclamate,1,0,1
cyclazine,1,0,1
cycle,153,112,265
cycled,13,12,25
cyclehol,1,0,1
cycleops,0,1,1
cycler,0,1,1
cyclers,1,0,1
cycles,12,18,30
cyclical,1,4,5
cyclin,0,1,1
cyclinder,1,0,1
cycling,106,114,220
cyclingg,0,1,1
cyclingnews,2,0,2
cyclist,10,5,15
cyclists,12,7,19
cyclods,1,0,1
cyclone,6,8,14
cyclones,0,2,2
cyclonic,0,1,1
cyclonus,0,1,1
cyclops,5,1,6
cyclying,1,0,1
cycnical,1,0,1
cycorder,5,0,5
cyd,1,2,3
cyder,0,2,2
cyderrrrrrrrr,1,0,1
cydia,44,7,51
cydney,0,1,1
cydonia,2,4,6
cyfs,1,0,1
cygnet,1,0,1
cygnets,1,0,1
cygnoir,0,1,1
cygnostic,0,1,1
cygnused,1,0,1
cygwin,3,3,6
cying,4,0,4
cyked,1,0,1
cyl,1,0,1
cylanders,1,0,1
cylced,0,1,1
cyle,0,1,1
cyles,1,0,1
cylicone,0,1,1
cylinder,4,2,6
cylinders,4,2,6
cyling,1,1,2
cylob,1,0,1
cylon,3,8,11
cylons,1,4,5
cylus,1,0,1
cym,1,2,3
cyma,0,1,1
cymbal,7,1,8
cymbals,1,3,4
cymberrain,0,1,1
cymk,0,1,1
cymrage,1,0,1
cymrth,1,0,1
cymru,2,0,2
cyms,1,0,1
cyn,3,12,15
cyncism,0,1,1
cyndi,5,8,13
cyndiii,0,1,1
cyndijo,0,1,1
cyndy,0,1,1
cynia,1,0,1
cynic,2,5,7
cynical,15,25,40
cynically,0,1,1
cynicism,4,6,10
cynics,1,4,5
cynnn,0,1,1
cynny,0,1,1
cyno,0,1,1
cynrian,0,1,1
cyns,1,0,1
cynt,0,1,1
cynth,0,2,2
cynthia,19,24,43
cynthiad,1,0,1
cynthiaromo,0,1,1
cyong,1,0,1
cyonide,0,1,1
cyoooooootest,1,0,1
cyooot,0,1,1
cyootsy,1,0,1
cyote,1,0,1
cyotes,1,0,1
cyou,0,1,1
cypee,1,0,1
cyperspace,0,1,1
cypha,1,0,1
cypher,1,4,5
cypress,11,5,16
cypresswood,0,1,1
cyprian,2,0,2
cypriot,0,2,2
cypriots,0,1,1
cyprus,19,20,39
cypruuuuuus,0,1,1
cypus,1,0,1
cyrano,1,4,5
cyrasaurus,1,0,1
cyrax,1,0,1
cyrel,2,0,2
cyress,1,1,2
cyril,4,2,6
cyrillic,1,1,2
cyrils,0,1,1
cyring,4,0,4
cyrket,1,0,1
cyrsus,1,0,1
cyrus,225,421,646
cyruses,0,1,1
cyrusim,0,1,1
cyruss,1,1,2
cyrusss,0,1,1
cyrussssssss,0,1,1
cyruuuus,1,0,1
cys,1,0,1
cysgu,0,1,1
cyst,17,1,18
cystic,4,5,9
cystitis,1,0,1
cysts,2,1,3
cyt,0,2,2
cytber,1,0,1
cytheria,0,1,1
cyton,1,0,1
cytosport,1,0,1
cytx,0,1,1
cyu,0,1,1
cyur,0,1,1
cyurs,0,1,1
cyworld,0,3,3
cyy,1,0,1
cyyyyrus,0,1,1
cyz,1,0,1
cz,43,26,69
czamina,0,1,1
czana,0,1,1
czar,4,18,22
czardas,0,1,1
czars,1,0,1
czasie,1,0,1
czats,1,0,1
czech,28,31,59
czechairlines,0,1,1
czechoslovakia,2,0,2
czechrep,1,0,1
czechs,1,0,1
czeniu,1,0,1
czerina,0,1,1
czin,0,1,1
czk,0,2,2
czn,0,1,1
cznt,1,0,1
czt,1,0,1
da,1490,1525,3015
daa,5,13,18
daaa,2,5,7
daaaa,0,6,6
daaaaaa,1,0,1
daaaaaaa,0,1,1
daaaaaaaaa,1,0,1
daaaaaaaaaaaaaaaaaaaaaaaaay,1,0,1
daaaaaaaaaaaaaaaaaaay,0,1,1
daaaaaaaaaaaaaaaaaay,0,1,1
daaaaaaaaaaaaaaaarling,0,1,1
daaaaaaaaaaaammmmmnnn,1,0,1
daaaaaaaaaaaayum,1,0,1
daaaaaaaaaaaayyyyyy,0,1,1
daaaaaaaaaaang,1,0,1
daaaaaaaaaamn,1,0,1
daaaaaaaaaante,0,1,1
daaaaaaaaamn,1,0,1
daaaaaaaaay,0,2,2
daaaaaaaaayz,0,1,1
daaaaaaaamn,0,1,1
daaaaaaaanny,0,1,1
daaaaaaaay,1,0,1
daaaaaaaayum,1,0,1
daaaaaaamn,2,0,2
daaaaaaang,2,0,2
daaaaaaanny,1,0,1
daaaaaaarcy,1,0,1
daaaaaaay,1,0,1
daaaaaaayyyyy,0,1,1
daaaaaaayyyyyyyyysssssssssssss,0,1,1
daaaaaamn,6,2,8
daaaaaancing,0,1,1
daaaaaang,0,2,2
daaaaaany,0,1,1
daaaaaay,1,3,4
daaaaaays,1,0,1
daaaaag,1,0,1
daaaaaied,1,0,1
daaaaammmmmmmmmiiiiiittttt,1,0,1
daaaaamn,3,5,8
daaaaamnit,1,0,1
daaaaan,1,1,2
daaaaang,4,3,7
daaaaani,0,1,1
daaaaarling,0,1,1
daaaaat,1,0,1
daaaaay,1,8,9
daaaaayum,0,1,1
daaaaayummm,0,1,1
daaaaddy,1,0,1
daaaahhhh,1,0,1
daaaaj,0,1,1
daaaam,1,0,1
daaaammm,1,0,1
daaaammmmmnnnnnnnnn,1,0,1
daaaammmnn,1,0,1
daaaammmnnn,1,0,1
daaaamn,13,2,15
daaaance,1,1,2
daaaang,6,1,7
daaaannng,1,0,1
daaaanny,3,0,3
daaaark,1,0,1
daaaarn,1,0,1
daaaaru,0,1,1
daaaates,0,1,1
daaaattt,1,0,1
daaaavid,2,0,2
daaaay,6,10,16
daaaays,1,0,1
daaaayy,0,1,1
daaaayyyy,0,1,1
daaaayyyyyuuummmmmm,0,1,1
daaad,1,0,1
daaaddss,0,1,1
daaaddy,1,0,1
daaah,1,1,2
daaam,1,0,1
daaammmmnnnn,1,0,1
daaammmniiittt,0,1,1
daaammmnnn,1,0,1
daaammmnnnnn,1,0,1
daaammn,0,1,1
daaammnn,1,0,1
daaamn,9,8,17
daaamnn,1,0,1
daaamnnn,1,1,2
daaang,7,3,10
daaannceee,1,0,1
daaannng,1,0,1
daaannnnggg,1,0,1
daaanny,1,0,1
daaappppppp,1,0,1
daaarcy,1,0,1
daaark,1,1,2
daaarn,1,0,1
daaasshhh,1,0,1
daaattt,0,1,1
daaavids,0,1,1
daaaviiiid,1,0,1
daaawg,0,1,1
daaawwg,0,1,1
daaay,6,20,26
daaays,2,4,6
daaaysss,0,1,1
daaayum,2,0,2
daaayy,0,2,2
daaayyuuuuuummm,0,1,1
daaayyyy,0,1,1
daaayyyyyy,0,1,1
daab,0,1,1
daadddd,1,0,1
daaddy,2,0,2
daadi,1,0,1
daadwerkelijke,1,0,1
daaghling,0,1,1
daahhh,0,1,1
daal,2,3,5
daaly,1,0,1
daam,2,0,2
daammmnnn,0,1,1
daammnn,2,0,2
daamn,5,2,7
daamnn,0,1,1
daan,2,1,3
daance,0,2,2
daancekatiedance,0,1,1
daang,6,2,8
daanielleeex,0,1,1
daanin,0,1,1
daanngg,0,1,1
daanny,0,1,1
daannyy,1,0,1
daanx,0,1,1
daap,1,0,1
daar,0,2,2
daarheen,0,1,1
daarna,0,1,1
daarrreeennn,1,0,1
daaru,0,1,1
daas,2,2,4
daashit,0,1,1
daay,13,26,39
daaydaaay,0,1,1
daays,7,3,10
daayum,2,0,2
daayuuum,0,1,1
daayy,1,2,3
daayyuuummm,0,1,1
daayyyyy,1,0,1
daaz,3,4,7
daazo,0,1,1
dab,12,10,22
dabada,1,0,1
dabadie,1,0,1
dabao,1,0,1
dabarkads,0,1,1
dabas,0,1,1
dabba,0,4,4
dabber,0,1,1
dabbing,1,1,2
dabble,2,2,4
dabbled,2,1,3
dabbler,0,2,2
dabblin,1,0,1
dabbling,2,2,4
dabby,0,2,2
dabce,1,0,1
dabei,0,4,4
dabeli,0,1,1
dabelis,1,0,1
dabid,1,0,1
dabitchadland,0,1,1
dabke,0,2,2
dabnabbit,1,0,1
dabook,0,1,1
dabouv,0,1,1
daboxx,1,0,1
dabr,6,4,10
dabrowski,1,0,1
dabs,2,2,4
dabu,0,1,1
dabudidabudam,0,1,1
dabudidam,0,1,1
dabul,1,0,1
daby,0,1,1
dac,2,7,9
daca,4,8,12
dacca,0,1,1
daccount,0,1,1
dacey,0,1,1
dach,0,2,2
dacha,1,0,1
dachshund,7,12,19
dachshunds,0,2,2
dachsund,1,0,1
dachte,1,1,2
dachund,0,1,1
dacia,2,0,2
dacian,0,1,1
dacie,0,1,1
dacillo,1,0,1
dacing,0,2,2
dack,0,1,1
dackeryyy,0,1,1
dacks,0,2,2
dacoda,0,1,1
dacquiri,1,0,1
dacquoise,0,1,1
dacquri,1,0,1
dad,3916,2388,6304
dada,11,13,24
dadada,0,2,2
dadadada,0,1,1
dadaf,1,1,2
dadagdag,0,1,1
dadaist,0,1,1
dadakan,1,0,1
dadami,0,1,1
dadar,0,1,1
dadating,0,1,1
daday,1,0,1
dadayuhin,0,1,1
dadblasted,2,1,3
dadcu,0,1,1
dadd,1,4,5
dadda,2,3,5
daddd,1,1,2
dadddd,1,1,2
daddddd,0,1,1
dadddddd,1,0,1
daddddddyyyyyyyy,0,1,1
dadddddy,1,1,2
daddddy,3,1,4
daddddyyy,0,1,1
daddddyyyyy,0,1,1
dadddy,5,4,9
dadddyy,1,1,2
dadddyyyyy,0,1,1
dadddyzzz,1,0,1
dadddz,0,1,1
daddee,1,0,1
daddeh,0,1,1
daddi,1,2,3
daddies,17,5,22
daddii,0,1,1
daddio,2,10,12
daddioes,1,0,1
daddios,0,1,1
daddy,953,754,1707
daddyb,0,1,1
daddybird,0,1,1
daddydaycare,0,1,1
daddyduty,1,0,1
daddyhood,0,2,2
daddyio,1,0,1
daddykins,0,1,1
daddylonglegs,1,0,1
daddyman,1,0,1
daddyo,3,5,8
daddyooo,1,0,1
daddys,47,27,74
daddysday,1,0,1
daddyy,3,2,5
daddyyy,1,2,3
daddyyyssss,1,0,1
daddyyyy,1,0,1
daddyyyyyy,0,1,1
daddyyyyyyy,0,1,1
daddyyyyyyyyyyyyyyy,0,1,1
dade,11,3,14
dadeland,1,1,2
dadgum,1,2,3
dadhi,1,0,1
dadhoots,0,1,1
dadi,2,1,3
dadies,1,0,1
dadii,1,0,1
dadiji,0,1,1
dadjack,0,1,1
dadkins,0,1,1
dadknapped,0,1,1
dadnapped,7,6,13
dadomatic,0,1,1
dads,438,230,668
dadsssssss,0,1,1
dadt,1,0,1
dady,6,5,11
dadys,1,0,1
dadz,1,2,3
dadzitc,0,1,1
dae,16,6,22
daecos,1,0,1
daedalus,1,0,1
daee,2,0,2
daeeeeeeeee,1,0,1
daegan,0,1,1
daein,1,0,1
daeja,1,0,1
daejeon,1,1,2
daelynn,0,1,1
daem,0,1,1
daemon,4,7,11
daemons,2,2,4
daeng,0,2,2
daerah,0,1,1
daesh,0,1,1
daesung,0,2,2
daez,1,0,1
daf,1,2,3
daff,2,0,2
daffdog,1,0,1
daffodil,0,1,1
daffodils,3,3,6
daffs,2,0,2
dafft,0,1,1
daffy,5,3,8
dafiii,0,1,1
dafmeee,1,0,1
dafne,0,1,1
dafoe,1,1,2
dafont,1,3,4
daft,32,54,86
daftar,0,2,2
daftarnya,1,0,1
dafter,0,1,1
dafty,0,1,1
dafug,0,1,1
dafuniks,0,1,1
dafydd,0,1,1
dag,23,18,41
daga,0,1,1
dagaaang,1,0,1
dagalanawa,0,1,1
dagang,0,1,1
dagar,1,0,1
dagariya,0,1,1
dagda,0,1,1
dagen,0,1,1
dagenham,1,0,1
dagens,0,1,1
dager,1,0,1
dagg,0,1,1
dagga,0,1,1
dagger,11,4,15
daggerin,1,0,1
daggering,2,1,3
daggers,5,2,7
daggg,0,1,1
dagggg,1,0,1
daggie,1,1,2
daggit,1,0,1
daggone,4,0,4
daggs,1,0,1
daggy,0,4,4
dagh,0,1,1
daghan,0,1,1
daghter,1,0,1
daging,0,1,1
daginn,0,1,1
dagje,1,0,1
dagmar,0,2,2
dagnabbit,3,0,3
dagnabbitt,1,0,1
dagnabid,1,0,1
dagnabit,2,0,2
dagnamit,1,0,1
dagnammit,1,0,1
dagny,0,1,1
dago,3,2,5
dagoba,0,1,1
dagoe,0,1,1
dagon,1,0,1
dagreatovechkin,1,0,1
dagrisarah,0,1,1
dags,1,0,1
dagu,1,1,2
daguerro,1,0,1
daguido,0,1,1
dagum,2,0,2
dagupan,1,1,2
dah,47,62,109
daha,0,1,1
dahahaa,0,1,1
dahari,0,1,1
dahboard,1,0,1
daher,1,0,1
dahh,1,2,3
dahhh,1,1,2
dahhhh,1,0,1
dahhhhhh,1,0,1
dahhhhhhh,1,0,1
dahhhhlin,0,1,1
dahhhling,1,1,2
dahhling,1,3,4
dahi,1,1,2
dahil,5,6,11
dahin,1,0,1
dahl,1,4,5
dahlah,1,0,1
dahlas,0,1,1
dahlback,0,1,1
dahlia,6,7,13
dahlias,1,0,1
dahlin,0,14,14
dahling,3,17,20
dahlings,1,1,2
dahlink,0,1,1
dahlonega,0,2,2
dahls,0,2,2
dahm,1,0,1
dahmer,0,1,1
dahnce,1,0,1
dahntay,0,1,1
dahomy,1,0,1
dahon,0,1,1
dahrling,0,1,1
dahrn,0,1,1
dahs,2,1,3
dahsar,0,1,1
dahsboard,0,1,1
dahsyat,1,1,2
dahub,1,0,1
dahulu,1,0,1
dahwin,0,1,1
dahye,0,1,1
dahyeong,0,1,1
dai,20,22,42
daica,0,1,1
daichi,1,0,1
daid,0,1,1
daidomon,1,0,1
daifuku,0,2,2
daighter,0,1,1
daiginjos,0,1,1
daigo,0,1,1
daih,1,0,1
daihatsu,1,0,1
daiho,0,1,1
daii,15,18,33
daija,1,0,1
daijoubu,1,0,1
daiki,0,1,1
daikiri,0,1,1
daikokuya,1,0,1
daikon,0,1,1
dail,2,1,3
dailey,1,0,1
daileys,0,2,2
dailies,7,3,10
dailogues,0,1,1
dailt,0,1,1
dailup,1,0,1
daily,408,552,960
dailyboof,0,1,1
dailybooth,34,20,54
dailyboothing,0,1,1
dailyburn,2,1,3
dailycandy,0,1,1
dailycharacter,0,1,1
dailydooh,3,0,3
dailyexercise,1,0,1
dailyfunnypics,2,0,2
dailygoals,1,0,1
dailyhealth,0,1,1
dailymile,1,0,1
dailymotion,0,5,5
dailymugshot,0,1,1
dailynewspapers,0,1,1
dailyrt,0,1,1
dailyshow,2,0,2
dailysurvey,0,1,1
daim,2,1,3
daimcake,0,1,1
daimn,1,1,2
daimoku,0,3,3
dain,1,4,5
daina,0,2,2
daine,1,2,3
daing,0,2,2
dainie,1,0,1
dainis,0,1,1
dainnt,1,0,1
daint,1,1,2
daintier,0,1,1
daintree,0,1,1
dainty,4,3,7
daioh,1,0,1
daiquerie,0,1,1
daiqueries,0,1,1
daiquiri,3,9,12
daiquiries,1,1,2
daiquiris,2,6,8
daiquri,0,1,1
daiquris,0,1,1
daira,1,0,1
dairjoy,1,0,1
dairry,0,1,1
dairy,109,96,205
dairybell,1,0,1
dairycrap,0,1,1
dairyland,2,0,2
dairylea,1,6,7
dairymilk,0,1,1
dairypalooza,0,1,1
dairyqueen,1,0,1
dairytour,1,0,1
dais,3,1,4
daisaku,2,0,2
daisakusen,1,1,2
daises,6,2,8
daisey,0,1,1
daiseys,0,1,1
daisha,0,2,2
daisie,2,0,2
daisies,187,61,248
daiso,0,2,2
daisss,1,0,1
daisuke,2,0,2
daisuki,0,1,1
daisy,111,127,238
daisychain,0,1,1
daisychains,0,1,1
daisycon,0,1,1
daisygerbera,0,1,1
daisys,3,4,7
daitchan,0,1,1
daiting,0,1,1
daivd,1,0,1
daivid,1,0,1
daiy,1,0,1
daiye,1,0,1
daiz,2,1,3
daj,0,1,1
dajania,1,0,1
dajavoue,0,1,1
daje,0,1,1
daji,0,1,1
daju,0,1,1
dak,3,3,6
dakak,0,1,1
dakar,1,1,2
dakara,0,1,1
dake,1,1,2
daki,0,1,1
dakin,0,1,1
dakkah,2,0,2
dakno,0,2,2
dakoda,1,0,1
dakota,45,55,100
dakotafanning,0,1,1
dakotah,1,1,2
dakotas,1,2,3
daks,0,1,1
dakshina,0,1,1
daku,0,1,1
dakus,1,0,1
dal,4,13,17
dala,1,3,4
dalai,1,14,15
dalaina,1,0,1
dalal,0,1,1
dalam,2,2,4
dalamnya,0,1,1
dalaran,4,1,5
dalarna,0,1,1
dalas,0,1,1
dalat,1,2,3
dalawa,6,10,16
dalawang,1,0,1
dalawin,0,1,1
dalay,1,0,1
dalby,5,5,10
dalbys,0,1,1
dalchini,0,1,1
daldal,0,1,1
dale,44,34,78
dalebrown,1,0,1
dalecia,0,1,1
daledoh,0,1,1
daleee,0,2,2
daleele,0,1,1
dalegacy,1,0,1
dalek,0,4,4
dalekman,0,1,1
daleks,2,3,5
daleky,1,1,2
dalem,1,0,1
daleney,0,1,1
dales,1,5,6
dalesford,0,1,1
dalestar,0,1,1
dalesy,0,1,1
daley,2,4,6
dalhin,1,0,1
dalhousie,1,0,1
dali,5,6,11
dalia,3,4,7
daliah,0,1,1
dalian,0,2,2
dalie,1,0,1
dalila,0,2,2
daliladramatic,1,0,1
dalilah,0,2,2
dalim,0,1,1
dalin,1,1,2
dalinggaidaily,1,0,1
dalisha,0,1,1
dalit,0,2,2
daliy,0,1,1
dalkey,0,1,1
dall,1,0,1
dallad,1,0,1
dallas,462,251,713
dallaschild,0,1,1
dallasss,0,1,1
dallassss,1,0,1
dallasssssssss,1,0,1
dalle,0,2,2
dalli,0,4,4
dalling,0,1,1
dalllas,1,0,1
dallooooooooooooool,1,0,1
dallors,0,1,1
dalls,1,0,1
dally,1,0,1
dallyed,1,0,1
dallying,2,0,2
dallyne,0,1,1
dalmatia,3,1,4
dalmatian,2,1,3
dalmation,3,2,5
dalmations,0,1,1
dalmuir,1,0,1
dalo,1,0,1
dalonestarkid,1,0,1
dalool,2,2,4
dalplex,1,0,1
dalrymple,1,0,1
dalsgaard,0,1,1
dalsi,0,1,1
dalt,2,0,2
dalton,10,11,21
dalu,0,1,1
daluman,0,1,1
dalvin,0,1,1
dalworth,1,0,1
daly,12,9,21
dalys,0,1,1
dam,387,122,509
damacy,0,1,1
damadge,1,0,1
damage,191,91,282
damaged,124,19,143
damagee,0,1,1
damager,0,1,1
damages,13,7,20
damaging,6,7,13
damai,0,3,3
damali,0,1,1
daman,2,0,2
damanas,0,1,1
damand,0,1,1
damands,0,1,1
damange,1,0,1
damanged,1,0,1
damaniv,1,0,1
damansara,3,4,7
damaris,0,1,1
damarques,5,0,5
damas,0,2,2
damascos,0,1,1
damascus,2,3,5
damat,1,0,1
damauri,0,1,1
damb,5,3,8
dambi,1,1,2
dambit,0,1,1
dambuster,1,0,1
dambusters,0,1,1
damd,1,0,1
dame,28,34,62
dameans,0,1,1
damed,1,2,3
damee,0,1,1
damen,1,0,1
dames,2,3,5
dameunited,1,0,1
damez,1,0,1
damge,1,0,1
damh,1,1,2
dami,8,16,24
damian,5,13,18
damie,2,0,2
damien,12,22,34
damiens,0,1,1
damier,2,2,4
damiit,1,0,1
damily,0,1,1
daming,3,6,9
damio,0,1,1
damion,0,2,2
damit,40,7,47
damita,1,0,1
damitric,0,1,1
damitt,0,2,2
damizza,1,0,1
damjoooooo,1,0,1
damjust,1,0,1
damly,1,0,1
damm,99,17,116
dammage,1,0,1
dammagee,1,0,1
damme,3,2,5
dammed,3,3,6
dammes,1,0,1
dammiitt,1,0,1
damming,1,0,1
dammir,1,0,1
dammit,949,128,1077
dammitdao,0,1,1
dammiti,0,1,1
dammitt,3,1,4
dammittt,2,1,3
dammitttt,3,0,3
dammitttttt,1,0,1
dammittttttttt,1,0,1
dammm,22,4,26
dammmit,5,0,5
dammmitttt,1,0,1
dammmm,2,2,4
dammmmit,3,0,3
dammmmm,1,0,1
dammmmmm,3,0,3
dammmmmmit,1,0,1
dammmmmmmmmmmmmmmmmmmmmm,0,1,1
dammmmmmmmmnnnnnnn,1,0,1
dammmmmmn,2,0,2
dammmmmnit,1,0,1
dammmmmnnnnnn,1,0,1
dammmmmnnnnnnnnnn,1,0,1
dammmmn,0,1,1
dammmn,4,2,6
dammmnn,2,2,4
dammmnnn,2,0,2
dammmnnnn,1,0,1
dammn,14,6,20
dammniiiit,1,0,1
dammnit,3,2,5
dammnn,6,1,7
dammnnn,2,2,4
dammy,1,0,1
damn,9322,2387,11709
damna,0,1,1
damnable,2,0,2
damnandfuckit,1,0,1
damnation,7,4,11
damnations,0,1,1
damndest,0,1,1
damnear,1,0,1
damned,143,115,258
damnedest,1,2,3
damnes,0,1,1
damnet,1,0,1
damnez,1,0,1
damng,1,0,1
damngirl,0,2,2
damngreedyairportworkers,1,0,1
damnheroin,1,0,1
damniit,1,0,1
damnimiss,1,0,1
damning,1,3,4
damnit,445,58,503
damnitman,1,0,1
damnitt,2,0,2
damnittt,3,0,3
damnitttt,2,0,2
damnitttttt,1,0,1
damnm,1,0,1
damnman,1,0,1
damnme,1,0,1
damnmit,1,0,1
damnmmm,0,1,1
damnn,48,18,66
damnnit,3,0,3
damnnn,35,15,50
damnnnit,2,0,2
damnnnitt,1,0,1
damnnnittttttttt,1,0,1
damnnnn,26,6,32
damnnnnn,7,2,9
damnnnnnn,4,1,5
damnnnnnnn,3,2,5
damnnnnnnnnnn,1,0,1
damnnnnnnnnnnnnn,1,0,1
damnpompoms,1,0,1
damnrake,1,0,1
damns,5,1,6
damnsssss,1,0,1
damnt,2,0,2
damnthose,1,0,1
damntikibar,1,0,1
damnyou,1,0,1
damnyourentcheck,1,0,1
damnz,1,0,1
damo,3,5,8
damocles,0,1,1
damon,21,23,44
damond,1,0,1
damone,0,2,2
damonn,0,1,1
damons,0,2,2
damorn,1,0,1
damot,1,0,1
damovesss,0,1,1
damp,61,25,86
dampen,2,11,13
dampened,8,1,9
dampener,5,0,5
dampening,2,1,3
dampens,2,2,4
damper,30,3,33
dampered,2,0,2
dampers,0,1,1
dampier,0,1,1
damping,1,0,1
dampner,5,1,6
damrauer,0,1,1
damright,1,0,1
dams,0,3,3
damsal,0,1,1
damsel,4,3,7
damselfly,1,0,1
damsels,0,2,2
damsle,1,0,1
damt,1,0,1
damuho,0,1,1
damy,1,0,1
damyn,1,0,1
damzel,1,0,1
damzy,0,1,1
dan,258,374,632
dana,41,64,105
danabru,0,1,1
danach,0,2,2
danache,0,1,1
danadmb,0,1,1
danae,0,1,1
danaeee,1,0,1
danah,1,0,1
danai,0,1,1
danaiglamour,0,1,1
danait,1,0,1
danajirt,0,1,1
danan,11,3,14
dananana,1,0,1
dananananannananana,0,1,1
dananananaykroyd,2,1,3
dananas,1,0,1
danang,4,0,4
dananner,0,2,2
danao,0,1,1
danapoint,0,1,1
danar,1,0,1
danas,5,2,7
danathan,0,1,1
danau,0,1,1
danbaofan,0,1,1
danbarry,0,1,1
danblackburn,0,1,1
danboard,1,0,1
danbrown,0,1,1
danbury,3,2,5
danc,1,0,1
dancable,0,1,1
dancalicious,0,1,1
dancccccee,0,1,1
danccey,0,1,1
dance,1325,2067,3392
danceable,0,3,3
danceclass,0,1,1
dancecom,1,0,1
danced,54,136,190
dancedance,0,1,1
danceday,0,1,1
dancee,5,5,10
danceed,1,0,1
danceee,2,1,3
danceeee,1,1,2
dancefighting,0,1,1
danceflick,1,1,2
danceflo,0,1,1
dancefloor,14,22,36
dancegroup,1,0,1
dancehall,4,11,15
dancei,0,1,1
dancein,1,0,1
danceing,0,3,3
dancel,1,1,2
dancelesson,1,0,1
danceline,1,0,1
dancemat,0,1,1
dancemoves,0,1,1
danceoffmychest,0,1,1
danceoffyourchest,0,1,1
danceontheedge,3,0,3
danceordie,0,4,4
danceordiewithavengeance,0,1,1
danceparty,1,1,2
dancer,40,121,161
dancerr,0,1,1
dancerrs,1,0,1
dancers,51,73,124
dancerss,0,1,1
dancersss,0,1,1
dances,38,83,121
danceshow,0,1,1
danceslikechrismartin,1,0,1
dancestudio,0,1,1
danceswfilms,1,0,1
dancesz,1,0,1
danceteam,1,0,1
dancetour,3,4,7
danceurs,0,1,1
dancevic,2,0,2
dancewithyogo,0,1,1
dancey,2,4,6
dancig,0,1,1
dancin,38,59,97
dancincing,0,1,1
dancing,525,1018,1543
dancingg,2,0,2
dancinggg,1,1,2
dancinggggg,0,1,1
dancingggggg,1,0,1
dancinq,0,1,1
dancng,0,1,1
dancshing,1,0,1
dancw,0,1,1
dancy,3,7,10
dandan,1,1,2
dandandandan,1,0,1
dandat,1,0,1
danday,0,1,1
dandco,0,1,1
dandee,1,0,1
dandeli,0,1,1
dandelion,1,11,12
dandelions,5,8,13
dandenong,1,0,1
dandenongs,2,2,4
dander,1,1,2
danders,0,1,1
dandi,0,1,1
dandibley,0,1,1
dandies,1,1,2
dandilions,0,1,1
dandinella,0,1,1
dando,0,4,4
dandoll,0,1,1
dandruff,6,1,7
dandurndoneit,0,1,1
dandy,12,62,74
dandylion,0,1,1
dandysmalls,1,0,1
dane,76,152,228
danea,1,0,1
danecook,0,1,1
danedane,0,1,1
daneele,1,0,1
daneels,1,0,1
danehall,1,0,1
daneil,0,1,1
daneille,1,0,1
danelectro,1,0,1
danelene,0,1,1
danelle,2,2,4
danem,2,0,2
danen,0,1,1
danes,9,9,18
danessa,0,1,1
danette,0,1,1
daney,0,1,1
danforth,1,1,2
danfox,1,0,1
danfraiser,1,0,1
dang,1292,391,1683
dangdangdang,1,0,1
danged,2,2,4
danger,71,45,116
dangereuses,0,2,2
dangerfield,0,1,1
dangerjoe,1,0,1
dangermouse,0,2,2
dangero,1,0,1
dangerous,126,148,274
dangerouse,0,1,1
dangerously,17,17,34
dangers,2,5,7
dangershoes,1,0,1
danget,1,0,1
dangg,14,7,21
danggg,5,5,10
dangggeeeddo,1,0,1
dangggg,6,6,12
danggggg,3,0,3
dangggggg,0,2,2
danggggggg,1,0,1
dangggggggggg,1,0,1
dangggggit,1,0,1
dangggi,1,0,1
dangggittt,0,1,1
danggit,3,1,4
danghey,0,1,1
dangie,1,0,1
dangit,115,9,124
dangitall,0,1,1
dangits,0,1,1
dangittttt,0,1,1
dangle,3,2,5
dangled,2,0,2
danglers,0,1,1
danglies,1,0,1
danglin,0,1,1
dangling,4,4,8
dangly,1,1,2
dangnabbit,1,0,1
dangness,1,1,2
dango,3,10,13
dangs,0,1,1
dangsggg,1,0,1
dangt,1,0,1
dangui,0,1,1
dangum,0,1,1
danguuh,0,1,1
dangz,1,0,1
dangzitt,2,0,2
dangzz,0,1,1
danh,1,3,4
danhggggg,0,1,1
dani,74,68,142
dania,0,3,3
danial,1,1,2
daniang,0,1,1
daniboo,1,1,2
danic,0,1,1
danica,7,16,23
danicas,1,0,1
danicki,0,1,1
danicng,0,2,2
danidoll,1,0,1
danie,1,5,6
daniel,155,224,379
daniela,5,4,9
daniele,1,1,2
danielek,1,0,1
danieleterrell,1,0,1
danielewski,0,1,1
danielitoooooooooooo,1,0,1
daniella,11,5,16
daniellas,0,1,1
danielle,58,111,169
danielleloren,1,0,1
danielles,4,7,11
daniellesdestefano,1,0,1
daniellexx,0,1,1
daniellitis,1,0,1
danielllle,0,1,1
danielrothamel,0,1,1
daniels,15,27,42
danielson,0,1,1
danieltharp,0,1,1
danies,0,1,1
danii,3,6,9
danijel,0,1,1
danik,0,1,1
danika,0,5,5
danikardone,0,1,1
danil,1,1,2
danille,1,0,1
danilo,0,2,2
daniloves,0,1,1
danils,1,0,1
danimal,0,1,1
danimals,2,2,4
danimelcy,1,0,1
danina,0,1,1
danino,0,3,3
danipoynterjudd,1,0,1
danis,0,1,1
danisco,0,1,1
danish,20,53,73
danishes,3,2,5
daniss,0,1,1
danissa,0,1,1
danissica,2,0,2
danita,1,0,1
danity,27,4,31
danitza,1,0,1
daniweb,1,0,1
daniwilson,0,1,1
danja,0,2,2
dank,11,23,34
danka,0,1,1
danke,4,38,42
dankee,0,1,1
dankeee,0,1,1
dankesch,0,4,4
dankeshaun,0,1,1
dankest,0,1,1
dankjewel,0,2,2
dankk,0,1,1
dankkk,0,3,3
danko,0,1,1
danks,1,3,4
danksin,1,0,1
danku,2,3,5
dankx,0,1,1
danky,0,2,2
dankz,1,0,1
danm,14,1,15
danmark,0,3,3
danmerriweather,0,1,1
danmit,1,0,1
danmm,0,1,1
danmmmmm,0,1,1
dann,5,7,12
danna,4,5,9
dannah,0,1,1
dannce,0,1,1
danneel,3,5,8
danner,0,1,1
dannerr,0,1,1
dannfest,0,1,1
danng,3,0,3
danngg,3,3,6
dannggg,2,2,4
danngit,0,1,1
danni,10,16,26
dannie,7,4,11
danniee,0,1,1
danniella,1,0,1
dannielle,1,1,2
dannielynn,1,0,1
danniesgirl,0,1,1
dannig,0,1,1
dannii,1,3,4
danniiii,0,1,1
danniis,0,1,1
dannney,0,1,1
dannng,3,2,5
dannngg,1,0,1
dannnggg,0,1,1
dannngggg,0,1,1
dannnng,1,1,2
dannnngggg,0,1,1
dannnnngggggggggggggg,1,0,1
dannnnnnnggggggggg,1,0,1
dannnnnny,2,0,2
dannnnny,0,1,1
dannny,0,3,3
dannnyy,0,1,1
danno,1,1,2
dannon,1,1,2
danns,1,0,1
danny,532,720,1252
dannyboy,1,1,2
dannybrown,0,1,1
dannyd,0,1,1
dannyforboltonmatch,0,1,1
dannygokey,3,12,15
dannygokeyislove,29,0,29
dannyk,0,2,2
dannymcfly,1,2,3
dannynhamansani,0,1,1
dannys,14,9,23
dannysuggested,1,0,1
dannytown,2,1,3
dannyunited,1,0,1
dannywood,0,1,1
dannyy,2,1,3
dannyydc,0,1,1
dannyyyyyy,1,0,1
dano,1,2,3
danos,0,1,1
danq,1,4,5
danrad,2,1,3
dans,16,21,37
danse,0,1,1
danser,1,0,1
danshi,2,3,5
dansho,0,1,1
danshui,0,1,1
dansing,0,1,1
dansk,2,0,2
danskin,2,2,4
dansko,0,2,2
danson,1,0,1
danstorce,0,1,1
dansu,0,1,1
dant,0,1,1
dantanna,0,1,1
dantas,1,0,1
dante,9,24,33
dantes,1,2,3
dantha,0,1,1
danthegolfman,0,1,1
danty,1,0,1
dantzler,1,0,1
danube,0,1,1
danvan,1,0,1
danvers,0,1,1
danville,2,1,3
danwa,0,1,1
danwtmoon,0,1,1
danxe,1,0,1
dany,4,8,12
danya,1,0,1
danyanindya,1,0,1
danybear,0,1,1
danychoo,0,1,1
danyel,2,0,2
danyelle,0,1,1
danys,0,1,1
danz,0,3,3
danza,0,3,3
danzer,1,0,1
danziger,1,0,1
danzmode,1,0,1
danzo,2,0,2
dao,1,7,8
daoist,1,0,1
daon,1,0,1
daorae,0,2,2
daosin,0,1,1
daown,1,0,1
daownloading,1,0,1
dap,3,2,5
dapat,9,14,23
dapattt,1,0,1
dapends,0,1,1
dapet,4,2,6
daph,3,6,9
daphne,9,10,19
daphnee,0,1,1
daphy,0,1,1
dapo,1,0,1
dapoer,1,0,1
dapper,0,9,9
dapperen,0,1,1
dapples,2,0,2
dapps,1,0,1
dappy,2,0,2
daps,1,4,5
dapur,1,2,3
daqoose,0,1,1
daquan,1,0,1
daquanmarquise,0,1,1
daquari,0,1,1
daquerie,0,1,1
daqui,2,4,6
daquiri,1,3,4
daquiries,0,1,1
daquiris,1,0,1
daquiry,0,1,1
daquri,1,0,1
dar,26,28,54
dara,7,9,16
daraaaas,1,0,1
darabi,1,0,1
darae,1,0,1
daraga,0,1,1
daram,1,0,1
daran,2,0,2
darasani,0,1,1
darast,1,0,1
darating,1,0,1
darawati,1,0,1
darbae,0,1,1
darbar,0,1,1
darbnica,0,1,1
darby,4,7,11
darce,0,1,1
darcee,1,1,2
darcey,1,0,1
darch,0,1,1
darci,2,1,3
darcoooooooo,1,0,1
darcy,10,26,36
darcyish,0,1,1
darcys,2,1,3
dard,1,0,1
darden,1,0,1
dardu,1,0,1
dare,187,255,442
darealfitz,0,1,1
dared,13,8,21
daredevil,5,4,9
daredevils,5,2,7
daree,0,3,3
dareee,1,0,1
dareennnnnn,0,1,1
darel,0,1,1
darell,1,0,1
darelle,0,1,1
daren,7,6,13
darena,0,1,1
darent,2,0,2
dares,8,7,15
daresay,1,1,2
daresbury,0,1,1
darey,0,2,2
darfur,5,3,8
darfuri,2,0,2
darg,1,1,2
dargah,1,1,2
dargo,0,1,1
dargons,0,1,1
dari,18,16,34
daria,9,4,13
darian,3,3,6
dariante,1,0,1
dariel,0,1,1
darien,18,16,34
darigho,1,0,1
darin,2,4,6
daring,5,9,14
daringfireball,1,1,2
dario,6,2,8
darion,0,1,1
daripada,0,1,1
daripd,0,1,1
darius,7,4,11
darjeeling,2,4,6
darji,0,1,1
dark,989,840,1829
darkage,1,0,1
darkangel,1,0,1
darkbrown,2,0,2
darkcut,1,0,1
darken,1,0,1
darkened,4,7,11
darkening,2,2,4
darkenss,0,1,1
darker,73,49,122
darkerr,1,1,2
darkest,13,9,22
darkfall,0,1,1
darkfatherihavesinned,0,1,1
darkglasses,0,1,1
darkheresy,0,1,1
darkhole,1,0,1
darkhunter,1,0,1
darkies,1,0,1
darkish,2,0,2
darkk,0,1,1
darkkk,0,1,1
darkkkk,1,0,1
darklight,1,0,1
darklightdave,0,1,1
darklings,0,1,1
darkly,1,2,3
darkmagic,1,0,1
darkmatter,1,0,1
darkneeeeeesss,0,1,1
darkness,42,48,90
darknesscalls,0,1,1
darknice,0,1,1
darknights,1,0,1
darko,23,20,43
darkplace,0,1,1
darkrai,1,0,1
darkroast,0,1,1
darkroom,7,2,9
darkrumabita,1,0,1
darks,2,1,3
darkside,6,10,16
darksiders,0,2,2
darkskin,0,1,1
darkslide,0,1,1
darkstar,0,1,1
darktek,0,1,1
darkufo,0,1,1
darkward,2,0,2
darkwing,1,1,2
darl,10,26,36
darla,4,7,11
darlaa,1,0,1
darlaaa,0,1,1
darlan,0,1,1
darlar,0,1,1
darle,0,1,1
darlene,2,3,5
darley,1,0,1
darli,0,1,1
darliansyah,0,1,1
darlics,1,0,1
darliiiing,1,0,1
darliing,0,1,1
darlin,48,120,168
darline,1,0,1
darling,185,399,584
darlingg,2,0,2
darlinggg,1,0,1
darlingggggg,0,1,1
darlingheart,0,1,1
darlinghurst,3,1,4
darlinghust,1,0,1
darlingness,1,0,1
darlingnickieb,0,1,1
darlings,7,30,37
darlingss,0,1,1
darlington,9,4,13
darlinnn,1,1,2
darlinnnn,0,1,1
darlinq,0,1,1
darll,1,0,1
darllin,0,1,1
darln,0,1,1
darlo,5,3,8
darls,1,6,7
darlton,1,0,1
darlyne,1,0,1
darm,4,0,4
darma,0,1,1
darmint,0,1,1
darmn,2,0,2
darmok,0,1,1
darmstadt,0,3,3
darn,1029,319,1348
darnay,1,0,1
darndest,3,2,5
darned,18,11,29
darnedest,0,1,1
darnell,3,3,6
darnelle,1,0,1
darnest,1,1,2
darng,1,0,1
darnit,33,12,45
darnitt,1,0,1
darnkness,1,0,1
darnn,5,1,6
darnnit,3,1,4
darnnn,6,0,6
darnnnn,2,0,2
darnnnnnnn,1,0,1
darnrepublican,0,1,1
darns,1,1,2
daro,1,0,1
daroga,0,1,1
darom,0,1,1
daron,3,0,3
darr,1,1,2
darragh,1,2,3
darraghchute,0,2,2
darraghs,0,1,1
darrah,1,0,1
darrek,0,1,1
darrel,0,2,2
darrell,7,3,10
darrells,0,1,1
darren,32,30,62
darrenrowse,0,1,1
darrens,2,2,4
darrensoh,1,0,1
darrian,1,0,1
darrien,1,0,1
darrika,0,1,1
darrin,3,2,5
darring,1,0,1
darrins,1,0,1
darrius,1,0,1
darrk,2,0,2
darrkkkk,0,1,1
darrnn,1,0,1
darron,0,1,1
darrows,0,1,1
darrrlingg,1,0,1
darrrn,1,0,1
darrrnn,1,0,1
darrrrn,2,0,2
darrrrrlin,1,0,1
darrrrrrn,1,0,1
darryl,4,3,7
darryn,1,1,2
dars,2,0,2
darse,0,1,1
darsh,0,1,1
darshan,0,3,3
darshini,0,1,1
darson,1,0,1
dart,5,3,8
dartboards,0,1,1
darted,2,0,2
darters,1,0,1
dartford,3,1,4
darth,15,21,36
darthed,0,1,1
darthsushi,0,1,1
darthvader,0,2,2
darting,1,0,1
dartington,1,0,1
dartmoor,1,1,2
dartmouth,1,4,5
dartnet,0,1,1
darts,14,26,40
daru,2,1,3
daruda,0,1,1
darude,1,1,2
darurat,0,1,1
darvill,0,1,1
darvinya,1,0,1
darvish,1,0,1
darvocet,2,0,2
darwin,25,17,42
darwinism,1,0,1
darwins,0,1,1
dary,3,1,4
darya,0,1,1
daryl,2,11,13
daryll,1,1,2
darylo,1,0,1
daryy,0,1,1
das,51,87,138
dasa,0,1,1
dasani,1,0,1
dasar,2,1,3
dasarnya,0,1,1
dasblog,1,0,1
daschund,3,2,5
dasding,0,1,1
dash,54,71,125
dasha,1,1,2
dashas,1,0,1
dashboard,29,41,70
dashboards,3,0,3
dashcode,1,1,2
dashed,14,2,16
dasher,1,0,1
dashers,0,1,1
dashes,4,2,6
dashi,1,0,1
dashiki,1,0,1
dashin,1,0,1
dashing,10,13,23
dashiudashui,0,1,1
dashnav,0,1,1
dasht,1,0,1
dasia,1,0,1
dasies,0,1,1
dasilk,0,1,1
dasit,0,1,1
dasith,1,0,1
dasma,0,2,2
dasmari,0,1,1
dasmizzv,1,0,1
dasphere,0,1,1
dass,0,4,4
dassett,1,0,1
dassss,0,2,2
dassy,0,1,1
dast,0,1,1
dastardly,4,1,5
dasuihda,0,1,1
dasy,0,1,1
dasz,0,3,3
dat,495,444,939
data,463,210,673
dataaaaaaaang,0,1,1
dataabstract,1,0,1
database,81,62,143
databaseless,0,1,1
databasepublishing,1,0,1
databases,15,7,22
databinding,0,1,1
datable,1,1,2
datablitz,0,2,2
databook,1,0,1
datacard,2,1,3
datacenter,8,4,12
datacentre,3,1,4
datadatadata,0,1,1
datadirt,0,1,1
datadude,1,1,2
datagoodness,0,1,1
datajourn,0,1,1
datakey,1,0,1
datalogger,1,0,1
dataloss,1,0,1
datalounge,0,1,1
datamapper,0,1,1
datamining,0,1,1
datamodem,1,0,1
datang,2,4,6
dataplan,2,1,3
datapoint,0,1,1
datarecovering,1,0,1
datarock,0,2,2
datas,3,1,4
datasavers,1,0,1
dataservices,1,0,1
dataset,1,0,1
datasets,1,0,1
datasheet,1,0,1
datasource,1,0,1
datasourceid,1,0,1
datastore,1,0,1
datastr,1,0,1
datatel,1,0,1
datatraveler,0,1,1
datavase,1,0,1
datc,1,0,1
date,1251,1552,2803
datea,1,0,1
dated,29,37,66
datee,0,1,1
dateee,0,2,2
dateeengg,0,1,1
dateing,0,1,1
datel,1,0,1
datelab,0,1,1
dateland,1,1,2
dateless,7,2,9
dateline,42,64,106
datelinee,0,1,1
datelineee,0,1,1
datelines,0,1,1
dateling,1,1,2
daten,0,1,1
dateness,1,0,1
dateng,6,2,8
datenight,1,1,2
datenite,0,1,1
datepicker,0,1,1
dates,349,268,617
datessss,1,1,2
datet,0,1,1
datetime,2,1,3
datetwit,0,6,6
dathers,1,0,1
dati,4,10,14
datign,0,1,1
datin,2,3,5
dating,161,204,365
datingfordummys,1,0,1
datingg,1,0,1
datinglol,0,1,1
datn,1,0,1
datng,1,1,2
dato,2,2,4
datorn,1,0,1
datpiff,0,3,3
dats,109,94,203
datsun,0,1,1
datsuyk,1,0,1
datsyuk,8,2,10
datsz,0,1,1
datt,1,3,4
datta,1,0,1
dattes,1,0,1
dattt,0,1,1
datu,0,1,1
datuk,0,1,1
datumi,0,1,1
datz,13,5,18
dau,6,7,13
daube,0,1,1
daubner,0,1,1
dauchebates,0,1,1
daudz,0,2,2
daug,1,0,1
daugavpils,1,0,1
daugh,2,1,3
daugher,0,3,3
daught,1,1,2
daughten,1,0,1
daughter,831,993,1824
daughterly,0,1,1
daughters,117,119,236
daughtry,8,24,32
daughtrydaze,0,1,1
daugter,1,1,2
daugters,0,1,1
daugther,2,1,3
daugthers,0,1,1
dauguter,0,1,1
dauhter,0,1,1
daum,0,1,1
daun,2,1,3
daunted,0,1,1
daunting,7,10,17
dauphin,2,5,7
dauphine,3,2,5
dauphinfest,1,0,1
dauphinoise,1,0,1
daurissa,0,1,1
dauum,1,0,1
dav,2,4,6
dava,2,0,2
davai,0,2,2
davaid,0,1,1
davaj,1,0,1
davam,1,0,1
davanie,0,1,1
davanni,1,1,2
davao,8,12,20
dave,339,519,858
davecokin,1,0,1
davecrush,0,1,1
davedays,0,2,2
davedesch,0,1,1
davee,0,2,2
daveed,0,1,1
daveee,2,0,2
daveeeeeeeeeeeeeeeeeeeeeey,1,0,1
daveingland,0,1,1
daveinthelife,0,1,1
davejmatthews,0,1,1
davek,0,1,1
davel,1,0,1
davematthews,0,1,1
davematthewsband,0,1,1
daven,1,0,1
davene,1,0,1
davenport,3,3,6
daventry,1,0,1
daveon,0,1,1
davepeckens,1,0,1
davepts,0,1,1
daves,11,13,24
davetaylor,1,0,1
davethinkslisgaynohomo,0,1,1
davetoday,1,0,1
davetrautz,1,0,1
davewiner,0,2,2
davey,18,18,36
daveydanceblog,0,1,1
daveyyyyy,0,1,1
davi,0,1,1
davical,1,0,1
davichi,1,1,2
david,1124,1349,2473
davida,0,1,1
davidarchie,5,7,12
davidarchuleta,3,5,8
davidc,0,1,1
davidcarias,0,1,1
davidcarradine,3,0,3
davidcook,1,0,1
davidcookinmanila,1,0,1
davidcookofficial,1,0,1
daviddd,0,1,1
davidddd,1,0,1
daviddddd,0,1,1
davidddddddd,1,0,1
davidddddddddddd,1,0,1
davidds,0,1,1
davidebeats,0,1,1
davideddings,1,0,1
davideesh,0,1,1
davidhenrieonline,0,1,1
davidkins,1,0,1
davidmckelvey,0,1,1
davidmeshow,0,1,1
davidmovie,1,0,1
davidn,0,1,1
davidnya,1,0,1
davidoff,1,4,5
davidrausch,1,0,1
davidrdesign,0,1,1
davids,30,30,60
davidshuster,0,1,1
davidson,10,7,17
davidsons,2,0,2
davidstea,1,0,1
davidwatts,0,1,1
davidyhlee,1,0,1
davie,4,6,10
davies,8,15,23
daviess,0,1,1
daviestramp,1,0,1
daviid,0,1,1
daviiiid,0,1,1
daviiiiiiid,0,1,1
davimun,0,1,1
davin,1,2,3
davina,14,25,39
davinci,6,13,19
davinderrrr,0,1,1
davinya,1,0,1
davis,64,104,168
davises,0,1,1
davision,1,0,1
davison,4,5,9
daviss,0,1,1
davisson,1,0,1
davisville,0,1,1
davit,0,1,1
davito,1,0,1
davo,2,1,3
davod,1,0,1
davon,1,2,3
davonas,0,1,1
davout,1,0,1
davvvee,0,1,1
davvvero,0,1,1
davy,6,13,19
davydenko,1,0,1
davygreenberg,1,0,1
davynathan,0,1,1
daw,46,32,78
dawam,1,1,2
dawanda,1,3,4
dawas,1,0,1
dawaun,0,1,1
dawdling,1,0,1
dawg,40,44,84
dawgaaaaaa,0,1,1
dawggg,0,1,1
dawgggg,2,0,2
dawggie,1,0,1
dawgie,0,1,1
dawgs,7,8,15
dawgss,0,1,1
dawgsss,0,1,1
dawi,0,1,1
dawid,1,0,1
dawka,0,1,1
dawkin,0,1,1
dawkins,1,7,8
dawl,1,0,1
dawlin,1,0,1
dawling,0,1,1
dawlings,0,1,1
dawlish,0,2,2
dawll,0,1,1
dawn,202,279,481
dawnald,1,0,1
dawnbringer,1,2,3
dawnd,0,1,1
dawne,1,0,1
dawned,13,5,18
dawnie,1,7,8
dawniie,0,4,4
dawniiee,0,1,1
dawning,2,4,6
dawnintahoe,0,1,1
dawnkey,1,0,1
dawnl,1,0,1
dawnn,0,1,1
dawno,0,2,2
dawnpatrol,0,2,2
dawnrichard,0,1,1
dawns,3,2,5
dawny,0,6,6
dawnyang,1,0,1
dawook,0,1,1
dawq,0,1,1
daws,0,2,2
dawsha,1,0,1
dawson,31,59,90
dawsons,8,3,11
dawsy,0,6,6
dawta,0,1,1
dawter,2,0,2
daww,3,2,5
dawwh,1,0,1
dawww,2,1,3
dawwwg,1,0,1
dawys,1,0,1
dax,7,7,14
daxene,0,1,1
daxflame,1,0,1
daxter,1,1,2
daxx,0,1,1
day,41374,48186,89560
daya,13,3,16
dayaa,2,0,2
dayaaa,1,0,1
dayaaaa,1,0,1
dayaaaaa,1,0,1
dayafter,1,0,1
dayaint,0,1,1
dayak,0,1,1
dayal,0,1,1
dayam,1,1,2
dayamed,0,1,1
dayan,0,1,1
dayana,0,1,1
dayang,0,1,1
daybed,1,2,3
daybreak,3,3,6
daybreaker,0,1,1
daybreakers,1,0,1
daybyday,0,1,1
daycamp,0,2,2
daycampers,0,1,1
daycare,83,25,108
daycares,1,0,1
daycation,0,1,1
dayd,0,1,1
daydream,8,21,29
daydreamed,1,1,2
daydreamer,1,2,3
daydreamin,2,1,3
daydreaming,13,35,48
daydreams,2,9,11
daye,1,0,1
dayee,0,1,1
dayelsford,0,1,1
dayem,2,0,2
dayer,3,2,5
dayes,1,0,1
dayewalker,0,1,1
dayfm,1,1,2
dayfor,2,0,2
dayglo,0,1,1
dayglow,0,1,1
daygo,3,0,3
daygogirl,1,0,1
daygood,0,1,1
dayi,1,0,1
dayim,1,0,1
dayin,0,2,2
daying,1,0,1
dayinthecloud,1,0,1
dayis,0,1,1
dayjob,3,2,5
daykel,0,1,1
dayla,0,1,1
dayle,0,1,1
daylen,0,1,1
daylesfor,1,0,1
daylesford,3,3,6
dayli,1,0,1
daylight,56,56,112
daylights,4,5,9
daylilies,1,0,1
daylol,0,1,1
daylon,2,0,2
daylong,1,0,1
daym,13,6,19
dayman,0,1,1
daymeee,1,0,1
daymight,0,1,1
daymm,2,0,2
daymmittt,1,0,1
daymn,5,0,5
daymo,0,1,1
dayna,1,4,5
daynah,1,1,2
daynaizzle,0,1,1
daynaland,0,1,1
daynas,1,0,1
dayne,2,3,5
dayneen,0,1,1
daynurse,1,0,1
dayo,0,1,1
dayof,1,2,3
dayofcaring,0,1,1
dayoff,0,1,1
dayofservice,1,0,1
dayofthelocusts,1,0,1
dayone,0,1,1
dayparty,0,1,1
dayplan,0,1,1
dayplayer,0,1,1
dayproject,0,1,1
dayquil,14,4,18
dayr,1,0,1
dayrl,1,0,1
days,10777,8734,19511
daysbeforeyouin,0,1,1
daysdx,0,1,1
dayse,1,0,1
daysfor,1,0,1
dayshift,5,1,6
daysi,0,1,1
daysinmay,0,1,1
daysm,1,0,1
daysof,1,0,1
daysofstatic,1,1,2
dayspring,1,1,2
dayss,31,31,62
dayssa,0,1,1
daysss,10,30,40
dayssss,8,19,27
daysssss,0,10,10
dayssssss,2,3,5
daysssssss,1,3,4
dayssssssss,1,3,4
dayssssssssssssss,0,1,1
daysssssssssssssss,1,0,1
daysssssssssssssssss,0,1,1
daystar,0,3,3
daystil,1,0,1
daystiltheend,1,0,1
daysz,1,2,3
dayt,1,1,2
daythat,1,0,1
daytim,0,1,1
daytime,44,35,79
daytimeottawa,0,1,1
dayton,24,17,41
daytona,13,19,32
daytonaa,0,1,1
daytonaaaa,1,0,1
daytrack,1,0,1
daytrader,0,1,1
daytrip,1,2,3
dayts,1,0,1
daytum,0,1,1
dayum,48,25,73
dayumm,8,1,9
dayummm,5,5,10
dayummmm,0,2,2
dayummmmm,1,0,1
dayumn,0,4,4
dayuum,3,1,4
dayuumm,2,0,2
dayuummm,1,0,1
dayuuum,1,2,3
dayuuummm,0,1,1
dayuuuummmm,1,0,1
dayuuuuuummmm,0,1,1
dayved,0,1,1
dayvie,1,0,1
dayvin,1,0,1
daywalker,1,1,2
daywatch,1,0,1
dayworkweek,1,0,1
dayy,95,143,238
dayya,0,1,1
dayym,0,1,1
dayymm,1,1,2
dayys,5,6,11
dayysss,1,1,2
dayyum,1,0,1
dayyumm,0,1,1
dayyummm,1,0,1
dayyuummmmmm,1,0,1
dayyuuuummmm,0,1,1
dayyy,37,76,113
dayyym,0,1,1
dayyymme,0,1,1
dayyys,5,0,5
dayyyss,0,2,2
dayyysss,0,1,1
dayyyssssssss,1,0,1
dayyyummm,1,0,1
dayyyy,18,38,56
dayyyyna,1,0,1
dayyyys,1,3,4
dayyyyuum,0,1,1
dayyyyy,8,16,24
dayyyyys,0,1,1
dayyyyyssssss,0,1,1
dayyyyyy,6,3,9
dayyyyyyy,1,2,3
dayyyyyyys,0,1,1
dayyyyyyyy,4,0,4
dayyyyyyyyy,0,1,1
dayyyyyyyyyy,2,1,3
dayyyyyyyyyyyy,2,1,3
dayyyyyyyyyyyyy,0,1,1
dayyyyyyyyyyyyyyy,0,1,1
dayyyyyyyyyyyyyyyyyyyyyyyyyyyyyyyyyyy,0,1,1
dayyzzzz,0,1,1
dayz,37,37,74
dayzeerock,1,0,1
dayzz,2,1,3
dayzzz,1,0,1
dayzzzz,0,1,1
dayzzzzzzzz,0,1,1
dayzzzzzzzzzzzzz,0,1,1
daz,11,13,24
dazcasted,0,1,1
daze,8,9,17
dazed,12,11,23
dazhi,0,2,2
dazs,13,12,25
dazy,0,1,1
dazz,1,5,6
dazza,1,1,2
dazzle,7,13,20
dazzled,2,7,9
dazzledust,0,1,1
dazzleglass,1,2,3
dazzleglasses,1,0,1
dazzler,1,2,3
dazzles,1,0,1
dazzling,0,6,6
dazzy,1,0,1
dazzz,0,1,1
db,77,63,140
dba,4,5,9
dbacks,10,6,16
dbadb,0,1,1
dbag,6,6,12
dbags,2,2,4
dbar,0,1,1
dbase,0,1,1
dbate,1,0,1
dbayar,1,0,1
dbbb,1,6,7
dbd,2,0,2
dbella,0,1,1
dberg,0,1,1
dbers,1,0,1
dbest,0,2,2
dbf,2,0,2
dbgb,2,0,2
dbgt,1,0,1
dbh,1,2,3
dbi,0,1,1
dbis,3,0,3
dbjhwbvqhfbvquebvf,1,0,1
dbk,0,1,1
dbkoerner,0,1,1
dbkye,1,0,1
dbl,19,6,25
dblackanese,0,1,1
dblaise,2,1,3
dble,2,3,5
dbled,1,0,1
dblib,1,0,1
dblo,0,1,1
dbls,1,0,1
dbm,0,1,1
dbmail,1,0,1
dbms,1,0,1
dbn,4,3,7
dbnerd,0,1,1
dbo,1,1,2
dboghosian,0,1,1
dboy,1,2,3
dboyfresh,0,1,1
dbpedia,2,0,2
dbq,4,2,6
dbr,1,0,1
dbrand,0,1,1
dbriisbell,0,1,1
dbrown,0,1,1
dbs,1,7,8
dbsk,7,13,20
dbsl,0,1,1
dbti,0,1,1
dbtp,0,3,3
dbu,1,0,1
dbuc,2,2,4
dbuilt,0,1,1
dbuka,0,1,1
dbus,1,0,1
dbz,6,6,12
dc,617,429,1046
dca,9,6,15
dcacorps,1,0,1
dcamp,1,2,3
dcan,1,0,1
dcb,1,0,1
dcc,0,4,4
dccph,0,3,3
dcd,4,2,6
dcdp,1,0,1
dce,0,1,1
dcelsius,0,1,1
dcers,0,1,1
dcf,1,0,1
dcfan,1,0,1
dcfc,0,2,2
dcfs,2,0,2
dcftfwfl,1,0,1
dcg,1,0,1
dchack,1,0,1
dchelseaparadiso,1,0,1
dchool,1,0,1
dchs,1,1,2
dchub,1,0,1
dci,7,0,7
dcied,0,1,1
dcinema,1,0,1
dcl,1,0,1
dcm,0,2,2
dcma,0,1,1
dcmetro,1,0,1
dcmetrocrash,1,0,1
dco,2,0,2
dcode,1,0,1
dcom,3,1,4
dcon,1,1,2
dconstruct,1,0,1
dcook,2,1,3
dcoyee,0,1,1
dcp,3,0,3
dcr,1,0,1
dcrais,1,0,1
dcrew,0,1,1
dcryan,1,0,1
dcs,5,3,8
dcsa,1,0,1
dcsf,2,0,2
dct,1,0,1
dctalk,1,0,1
dcth,8,2,10
dctor,1,0,1
dctr,0,1,1
dcu,9,1,10
dcv,1,0,1
dcw,0,1,1
dcwsop,1,0,1
dcwuzhere,1,0,1
dd,171,180,351
dda,0,2,2
ddaaaaaamn,1,0,1
ddaammnn,1,0,1
ddaly,0,2,2
ddami,1,0,1
ddammmm,0,1,1
ddamnit,1,0,1
ddang,2,0,2
ddannymcfly,0,1,1
ddaveg,0,1,1
ddawsonbass,0,1,1
dday,5,3,8
ddc,0,2,2
ddd,12,35,47
dddaaaaaaaammmmmmmmmmmnnnnnnnnnnnnnnnnnnn,1,0,1
dddaavvveexxx,1,0,1
dddd,15,8,23
ddddaaaayyyssss,0,1,1
ddddd,2,3,5
dddddaaaaaannnnnnggggg,1,0,1
dddddd,1,3,4
ddddddaaaaaaaaaaannnnnnnnngggggg,0,1,1
ddddddday,0,1,1
ddddddddd,1,2,3
ddddddddddd,0,1,1
dddddddddddd,1,1,2
ddddddddddddddd,0,1,1
dddddddddddddddddddddd,0,1,1
ddddddddddddddddddddddd,2,0,2
ddddiiiiiivvvvvveeeeerrrrrrssssssiiiiiitttttttyyyyyy,0,1,1
ddddooonnngggg,1,0,1
ddddscot,1,0,1
dddnt,1,0,1
dddscot,2,1,3
dddsw,1,0,1
dddubsoldier,1,0,1
dde,0,3,3
dded,1,0,1
ddeeaaaaddddd,1,0,1
ddeff,1,0,1
ddenjoy,0,1,1
ddf,0,2,2
ddg,0,8,8
ddgs,0,1,1
ddgwhen,0,1,1
ddhjkhfdfh,1,0,1
ddi,2,4,6
ddicted,0,1,1
ddid,0,1,1
ddim,7,0,7
ddin,1,1,2
dding,0,1,1
ddint,1,3,4
ddle,0,1,1
ddlg,0,1,1
ddlj,0,3,3
ddll,1,0,1
ddlovato,6,11,17
ddm,1,0,1
ddma,0,1,1
ddms,1,0,1
ddn,3,3,6
ddnt,41,19,60
ddo,5,4,9
ddoing,0,1,1
ddong,0,1,1
ddongseng,0,1,1
ddoodm,0,1,1
ddooonntt,1,0,1
ddorf,1,0,1
ddos,10,3,13
ddosed,1,0,1
ddovatoo,1,0,1
ddp,1,2,3
ddpizza,0,1,1
ddq,1,0,1
ddr,20,32,52
ddream,1,0,1
ddrerwq,0,1,1
ddrinking,0,1,1
ddriver,1,0,1
ddrs,1,0,1
dds,4,2,6
ddsutte,1,0,1
ddth,2,3,5
ddtw,0,1,1
ddtycoon,1,0,1
ddub,54,74,128
ddubb,1,0,1
ddubs,2,1,3
ddude,1,0,1
dduk,0,1,1
ddut,1,0,1
dduudddeee,0,1,1
dduuuddeee,1,0,1
ddving,1,0,1
ddy,1,0,1
de,684,961,1645
dea,7,13,20
deaa,0,1,1
deaaaa,0,1,1
deaaaaad,2,0,2
deaaaaar,1,0,1
deaaad,1,2,3
deaaar,2,0,2
deaaathhhhh,0,1,1
deaad,2,0,2
deaan,0,1,1
deabeat,0,1,1
deacair,1,0,1
deacon,8,6,14
deacons,1,0,1
deact,0,1,1
deactivate,6,1,7
deactivated,18,9,27
deactivating,1,2,3
deactived,0,1,1
deactvated,1,0,1
dead,2915,902,3817
deadaline,0,1,1
deadass,5,3,8
deadbatt,0,2,2
deadbeat,3,1,4
deadbeef,0,1,1
deadbolt,0,1,1
deadboombox,1,0,1
deadd,2,1,3
deaddd,1,2,3
deadddd,3,1,4
deaddddd,1,1,2
deadddddd,0,1,1
deadddddddd,1,0,1
deadddddddddddd,0,1,1
deadddly,0,1,1
deaddiction,0,1,1
deaddtiredd,1,0,1
deaded,13,1,14
deadedout,1,0,1
deaden,1,0,1
deadend,2,0,2
deadening,0,1,1
deader,3,1,4
deadest,1,0,1
deadezone,1,0,1
deadgay,1,0,1
deadgirl,1,0,1
deadhead,0,1,1
deadin,1,0,1
deadlest,1,0,1
deadlier,2,0,2
deadliest,19,19,38
deadliestcatch,1,1,2
deadlift,1,4,5
deadlifting,1,0,1
deadlifts,0,1,1
deadline,199,99,298
deadlinenya,1,0,1
deadlines,64,45,109
deadliset,1,0,1
deadlock,2,0,2
deadlocked,1,0,1
deadlocks,1,0,1
deadly,43,41,84
deadlyx,0,1,1
deadman,1,6,7
deadmau,4,10,14
deadmoose,0,1,1
deadmou,1,0,1
deadmusic,1,0,1
deadpan,2,2,4
deadpool,24,13,37
deadpools,1,1,2
deadria,1,0,1
deadric,0,1,1
deads,6,0,6
deadset,2,2,4
deadsett,1,0,1
deadshits,1,0,1
deadski,1,0,1
deadspace,2,1,3
deadstarassembly,0,1,1
deadsville,0,1,1
deadsy,1,0,1
deadtomorrowmorning,1,0,1
deadwood,7,3,10
deadzo,1,0,1
deadzone,1,0,1
deadzxzz,1,0,1
deae,1,0,1
deaf,82,52,134
deafaningly,1,0,1
deafdc,0,1,1
deafen,2,0,2
deafened,1,0,1
deafening,4,1,5
deafness,2,1,3
deafsville,1,0,1
deagan,0,1,1
deah,3,0,3
deakin,1,2,3
deakintv,0,1,1
deaktiviert,1,0,1
deal,902,917,1819
dealbreaker,3,0,3
dealcetera,0,1,1
dealed,1,0,1
dealer,44,25,69
dealers,15,8,23
dealership,39,7,46
dealerships,6,5,11
dealextreme,1,0,1
dealey,0,1,1
dealie,2,0,2
dealin,13,4,17
dealine,2,1,3
dealing,266,105,371
dealings,1,0,1
dealio,2,3,5
dealiooo,0,1,1
deall,1,1,2
dealling,1,0,1
dealll,0,1,1
deallll,0,1,1
dealn,0,1,1
dealpro,0,1,1
deals,60,92,152
dealt,29,17,46
dealting,1,0,1
dealy,3,5,8
dealyed,1,1,2
dealz,0,1,1
deam,3,0,3
deaming,1,0,1
deamn,0,1,1
deamon,0,1,1
deamons,1,2,3
deams,1,0,1
dean,122,147,269
deana,4,4,8
deanda,1,0,1
deander,0,1,1
deandra,0,2,2
deandre,2,1,3
deane,1,0,1
deaneee,0,1,1
deaner,1,0,1
deanery,1,0,1
deangelo,1,1,2
deangeloredman,1,6,7
deanhunt,1,0,1
deanii,1,0,1
deankin,0,1,1
deann,0,1,1
deanna,10,14,24
deannas,0,3,3
deanne,1,1,2
deannna,0,1,1
deano,1,2,3
deanopig,1,0,1
deans,10,9,19
deansgate,2,3,5
deanzo,1,0,1
deaply,1,0,1
deaqon,1,1,2
dear,1891,1849,3740
dearangel,0,1,1
dearapple,1,0,1
dearaugo,1,0,1
dearbhla,1,0,1
dearbone,1,0,1
dearborn,1,6,7
deard,1,0,1
dearden,0,2,2
deardre,0,1,1
dearer,1,1,2
dearest,40,86,126
dearests,0,1,1
dearface,0,1,1
dearheat,1,0,1
dearie,15,27,42
dearies,2,2,4
dearly,91,44,135
dearmary,1,0,1
dearmond,1,0,1
dearny,1,0,1
dearr,4,2,6
dearrr,2,3,5
dearrrr,3,0,3
dearrrrr,3,0,3
dearrryyyy,0,1,1
dears,13,22,35
dearsss,0,1,1
dearssssss,0,1,1
dearth,2,0,2
deary,16,23,39
dearyy,1,0,1
dearz,1,0,1
deas,1,0,1
deasld,1,0,1
deason,0,1,1
deasy,0,1,1
deat,1,3,4
death,1278,496,1774
deathandtaxes,0,7,7
deathaversary,1,0,1
deathbeckons,0,1,1
deathbed,8,2,10
deathbloom,0,1,1
deathbus,0,1,1
deathbydebauchery,0,1,1
deathbyhistory,1,0,1
deathcab,1,3,4
deathcabforcutie,0,1,1
deathcabs,1,0,1
deathclaw,1,0,1
deathcore,0,1,1
deatheater,2,0,2
deathed,2,0,2
deathface,1,0,1
deathfic,1,0,1
deathh,1,0,1
deathhh,0,1,1
deathhhh,1,0,1
deathhhhhhhhh,1,0,1
deathhhhhhhhhhh,1,0,1
deathinthefamily,1,0,1
deathklok,1,0,1
deathknight,1,0,1
deathly,39,13,52
deathmatch,1,3,4
deathmetal,1,0,1
deathnote,2,6,8
deathplace,1,0,1
deathplague,1,0,1
deathpriests,1,0,1
deathproof,1,1,2
deathroopers,1,0,1
deathrun,0,2,2
deaths,50,10,60
deathsdoor,1,0,1
deathsponge,3,0,3
deathss,1,0,1
deathstar,1,1,2
deathstars,3,2,5
deathtraps,0,1,1
deathwhale,1,0,1
deatils,1,0,1
deaton,0,1,1
deatons,0,1,1
deator,0,1,1
deauthorize,1,0,1
deaux,1,0,1
deaver,1,0,1
deazy,0,1,1
deb,28,72,100
debab,0,1,1
debacle,11,7,18
debarcle,2,0,2
debarge,9,4,13
debarges,1,0,1
debat,2,0,2
debatable,1,8,9
debate,56,105,161
debateable,0,3,3
debated,3,7,10
debater,1,0,1
debaters,1,4,5
debates,5,14,19
debatin,4,1,5
debating,125,72,197
debauched,1,0,1
debauchery,9,15,24
debaucle,1,0,1
debb,0,1,1
debbage,0,1,1
debbages,1,0,1
debbbb,0,1,1
debbbbbbbbbb,1,0,1
debbeakaariannagmail,0,1,1
debbee,0,1,1
debbel,0,1,1
debbers,1,0,1
debbi,2,2,4
debbie,47,83,130
debbieakaarianna,0,1,1
debbiedwoner,0,1,1
debbieeee,0,1,1
debbies,0,1,1
debbs,3,15,18
debbugging,1,0,1
debby,7,68,75
debbys,0,1,1
debbyyyyyu,0,1,1
debbz,0,1,1
debconf,0,2,2
debe,1,0,1
debeer,1,0,1
debenhams,4,4,8
deber,1,0,1
deberah,1,0,1
deberia,1,0,1
debevics,0,1,1
debi,1,6,7
debia,0,1,1
debian,15,13,28
debianplanet,0,1,1
debie,1,0,1
debil,0,2,2
debilidad,1,0,1
debilitated,2,0,2
debilitating,4,1,5
debit,68,28,96
debitcard,1,0,1
debited,0,1,1
debito,1,0,1
debits,2,0,2
deblock,1,0,1
debo,2,2,4
debonair,1,1,2
debora,1,2,3
deborah,5,10,15
deborahs,1,0,1
debord,1,0,1
deboshion,0,1,1
deboss,0,1,1
debouchment,0,1,1
debout,0,1,1
debra,12,10,22
debrah,0,1,1
debrecen,1,1,2
debreif,1,0,1
debrief,0,4,4
debriefed,0,1,1
debriefing,2,2,4
debriefings,0,1,1
debris,34,3,37
debroid,0,1,1
debs,11,9,20
debsie,1,0,1
debster,0,1,1
debt,78,49,127
debtor,1,0,1
debts,6,6,12
debtwire,0,1,1
debug,19,11,30
debugger,5,0,5
debugging,38,18,56
debuggy,0,1,1
debuilds,0,1,1
debuing,0,1,1
debunked,2,0,2
debunks,0,1,1
debur,0,1,1
deburgh,0,1,1
debussy,1,8,9
debut,41,117,158
debutante,0,2,2
debute,0,1,1
debuted,2,6,8
debuting,1,3,4
debuton,1,0,1
debuts,2,6,8
debz,4,8,12
dec,92,84,176
deca,0,3,3
decadance,0,1,1
decade,42,48,90
decadence,0,4,4
decadent,6,18,24
decadenze,1,0,1
decades,17,19,36
decadesofdespair,0,1,1
decadron,1,0,1
decaf,30,14,44
decaff,2,3,5
decaffeinate,1,0,1
decaffeinated,1,1,2
decal,4,3,7
decalassified,1,0,1
decals,2,7,9
decamillis,1,0,1
decamp,1,1,2
decano,0,1,1
decant,0,1,1
decapitated,6,4,10
decapitates,1,0,1
decapitation,3,1,4
decapitator,2,0,2
decaprial,1,0,1
decaro,1,1,2
decastro,0,1,1
decat,2,1,3
decathlon,2,1,3
decatur,5,6,11
decaturga,0,1,1
decay,2,11,13
decaydance,3,2,5
decayed,1,0,1
decaying,5,0,5
decc,1,0,1
deccan,5,5,10
deccanchargers,1,0,1
deccckkk,0,1,1
deccisions,1,0,1
deccki,0,1,1
deccy,1,0,1
decdember,0,1,1
dece,2,0,2
deceased,13,3,16
deceases,0,1,1
deceberists,0,1,1
deceided,0,1,1
deceit,2,1,3
deceitful,1,1,2
deceive,2,2,4
deceived,7,4,11
deceives,0,1,1
deceiving,7,5,12
deceleration,1,1,2
decem,0,1,1
decemba,1,0,1
decembbberrrrrrrr,1,0,1
december,158,149,307
decemberists,13,16,29
decemberr,0,2,2
decembr,1,0,1
decembre,1,0,1
decemeber,0,1,1
decency,7,5,12
decendants,1,1,2
decending,1,1,2
decent,422,350,772
decentenralized,1,0,1
decentish,1,0,1
decently,6,11,17
decentralised,1,1,2
decentralized,1,0,1
decenttttt,0,1,1
decep,1,0,1
decepcionante,1,0,1
deceptacon,1,0,1
decepticon,2,1,3
decepticons,0,1,1
deception,8,9,17
deceptive,4,3,7
deceptively,3,1,4
decerved,0,1,1
dech,2,2,4
dechannel,0,1,1
dechaos,1,0,1
dechatlon,0,1,1
dechire,0,1,1
decho,0,1,1
deci,0,3,3
decia,1,0,1
decibals,0,1,1
decibel,2,1,3
decibels,2,1,3
deciccos,1,0,1
decicing,0,1,1
decidd,1,1,2
decide,505,421,926
decided,1103,1140,2243
decideded,1,0,1
decidedi,0,1,1
decidedly,11,13,24
decider,2,2,4
decides,90,48,138
decidi,0,1,1
decidin,0,1,1
deciding,75,85,160
deciduous,0,1,1
decie,0,1,1
decied,1,0,1
deciede,1,1,2
decieded,1,1,2
deciendi,1,0,1
deciet,1,0,1
decieved,2,1,3
decievers,0,1,1
decieves,1,0,1
decieving,3,0,3
deciliters,0,1,1
decimal,1,2,3
decimalbrothers,0,1,1
decimals,0,1,1
decimate,1,0,1
decimated,4,2,6
decime,1,1,2
decimel,1,0,1
decimos,0,1,1
decine,1,0,1
decio,0,1,1
deciper,0,1,1
decipher,5,9,14
deciphered,1,0,1
deciphering,0,1,1
decipticon,1,0,1
decir,2,0,2
decis,1,0,1
decisded,1,0,1
decisioin,1,0,1
decision,300,258,558
decisionengine,1,0,1
decisionoes,1,0,1
decisions,164,137,301
decisionsss,0,1,1
decisive,1,5,6
decisively,2,0,2
decison,1,0,1
decisons,1,2,3
decission,2,0,2
decited,2,1,3
decitions,1,0,1
deck,233,296,529
decka,1,0,1
deckade,0,1,1
deckard,1,0,1
deckbar,1,0,1
deckchair,1,1,2
deckchairs,0,1,1
decked,5,11,16
decker,3,14,17
deckerbus,0,1,1
deckers,1,1,2
deckie,0,1,1
decking,5,9,14
deckkkkeddddddd,0,1,1
decks,12,26,38
deckstream,0,1,1
declan,6,9,15
declar,1,0,1
declaration,6,6,12
declare,17,36,53
declared,19,20,39
declareing,0,1,1
declares,4,4,8
declaring,7,15,22
declass,1,0,1
declassified,3,9,12
declaw,3,0,3
declawed,4,0,4
decleard,1,0,1
declerated,1,0,1
decleration,1,0,1
decline,35,5,40
declined,44,4,48
declines,3,2,5
declining,12,4,16
declogging,0,1,1
declutter,2,7,9
decluttered,1,3,4
decluttering,2,5,7
decluttermination,1,0,1
decmeber,0,1,1
deco,7,9,16
decoarate,0,1,1
decoction,0,1,1
decodance,0,1,1
decode,21,19,40
decoded,1,3,4
decoder,5,4,9
decoders,0,1,1
decodes,1,0,1
decoding,1,0,1
decomm,0,1,1
decommission,3,0,3
decommissioned,1,1,2
decomposed,1,0,1
decomposes,1,0,1
decomposing,2,0,2
decomposition,0,1,1
decompress,2,1,3
decompressing,1,4,5
decompression,3,1,4
decomps,1,0,1
deconfused,1,0,1
decongestant,2,1,3
decongestants,1,0,1
deconstructed,1,0,1
deconstructing,0,1,1
deconstruction,1,1,2
deconstructor,1,0,1
decor,12,25,37
decorage,1,0,1
decorate,19,39,58
decorated,10,19,29
decoraters,1,0,1
decorates,0,1,1
decorati,0,1,1
decoratin,1,0,1
decorating,38,57,95
decoration,4,11,15
decorations,4,14,18
decorative,2,1,3
decorator,2,5,7
decorators,5,2,7
decorum,0,1,1
decos,0,1,1
decoster,0,1,1
decostified,1,0,1
decotix,1,0,1
decoto,1,0,1
decoupage,0,1,1
decoupling,1,0,1
decoy,2,4,6
decpticon,1,0,1
decrapping,0,1,1
decrease,14,8,22
decreased,19,2,21
decreases,4,0,4
decreasing,15,4,19
decree,1,1,2
decrees,0,1,1
decrepid,1,0,1
decrepit,5,2,7
decribe,1,0,1
decribes,0,1,1
decriminalized,1,0,1
decry,0,1,1
decrypter,1,0,1
decryption,2,2,4
decs,2,4,6
decsion,1,1,2
decsions,2,0,2
dectective,0,1,1
dector,0,2,2
decursive,0,1,1
ded,9,8,17
deda,1,0,1
dedadooo,0,1,1
dedalus,0,1,1
dedcicated,1,0,1
dedd,0,1,1
deddy,0,2,2
dede,2,1,3
dedected,1,0,1
deden,0,1,1
dedesachikunz,0,1,1
dedham,1,0,1
dedi,0,1,1
dedicab,1,0,1
dedicada,0,1,1
dedicado,1,0,1
dedicaion,1,0,1
dedicate,15,53,68
dedicated,59,162,221
dedicates,1,4,5
dedicatin,0,1,1
dedicating,4,16,20
dedication,21,78,99
dedications,1,2,3
dedictaed,0,2,2
dedicted,1,0,1
dedine,1,0,1
dedito,1,0,1
dedo,2,1,3
dedos,1,0,1
dedrick,1,0,1
deduc,1,0,1
deducability,0,1,1
deduced,0,1,1
deducible,1,0,1
deduct,4,4,8
deducted,4,1,5
deductible,4,5,9
deducting,1,1,2
deduction,0,2,2
deductions,3,1,4
deductive,0,1,1
dedupe,0,1,1
dedutch,0,1,1
deduting,1,0,1
dedy,0,1,1
dedz,0,1,1
dee,91,143,234
deeaarr,0,1,1
deeadah,0,1,1
deeana,0,1,1
deear,0,1,1
deeb,2,0,2
deebaby,0,1,1
deebby,0,1,1
deeble,1,0,1
deebrownman,0,1,1
deebs,1,0,1
deece,0,1,1
deecent,0,1,1
deecode,0,1,1
deed,16,57,73
deedee,2,2,4
deedle,0,1,1
deeds,11,13,24
deedsss,1,0,1
deee,7,7,14
deeeaaaarrrrrr,0,1,1
deeeaaad,1,0,1
deeeaaarrr,0,1,1
deeead,1,0,1
deeeal,0,1,1
deeeath,1,0,1
deeedee,2,0,2
deeee,2,1,3
deeeead,0,1,1
deeeeb,0,1,1
deeeee,1,2,3
deeeeebb,0,1,1
deeeeebbie,0,1,1
deeeeee,2,1,3
deeeeeeee,0,1,1
deeeeeeeeeeeeeeeeeeee,1,0,1
deeeeeeeeeeeeeeeeeeeeer,1,0,1
deeeeeeeeeeeeeeeep,0,1,1
deeeeeeeeeeeeep,0,1,1
deeeeeeeeeeelightful,0,1,1
deeeeeeeeeeep,1,0,1
deeeeeeeeeeh,1,0,1
deeeeeeeeeep,0,2,2
deeeeeeeeefinately,1,0,1
deeeeeeeeeni,0,1,1
deeeeeeeeez,0,1,1
deeeeeeeep,1,0,1
deeeeeelightful,0,1,1
deeeeeemi,1,0,1
deeeeeevvvvoooo,1,0,1
deeeeelishious,1,0,1
deeeeels,0,1,1
deeeeemii,0,1,1
deeeeep,1,7,8
deeeeeper,0,1,1
deeeeeyum,1,0,1
deeeelicious,0,1,1
deeeelihted,0,1,1
deeeemi,0,1,1
deeeenngggg,0,1,1
deeeep,2,5,7
deeeesearted,2,0,2
deeeeto,1,0,1
deeeez,0,1,1
deeegh,1,0,1
deeehhh,0,1,1
deeelia,0,1,1
deeelicious,0,1,1
deeem,1,0,1
deeemi,0,1,1
deeemmi,1,0,1
deeen,1,0,1
deeenner,0,1,1
deeep,0,2,2
deeeply,1,0,1
deeetails,0,1,1
deeezam,1,0,1
deefamouss,1,0,1
deefizzy,1,1,2
deegan,0,1,1
deeghan,1,0,1
deeh,2,1,3
deej,1,1,2
deejae,1,0,1
deejay,2,6,8
deejayin,0,1,1
deejaying,1,1,2
deejays,2,0,2
deejj,1,0,1
deek,1,0,1
deeko,0,1,1
deel,1,0,1
deeley,3,2,5
deelish,0,2,2
deelux,1,0,1
deely,0,1,1
deem,2,4,6
deemed,10,6,16
deemi,1,0,1
deemiii,0,2,2
deemmm,0,1,1
deems,0,2,2
deen,8,10,18
deena,0,5,5
deenablas,0,1,1
deenadooda,1,0,1
deenie,0,1,1
deenng,0,1,1
deep,404,466,870
deepa,1,1,2
deepak,1,5,6
deepal,0,1,1
deepcleaning,0,1,1
deepconnect,0,1,1
deepdale,0,1,1
deepdiscount,0,1,1
deepen,0,1,1
deepens,0,1,1
deeper,28,39,67
deepest,32,31,63
deepfelt,0,1,1
deepfried,1,0,1
deephouse,1,1,2
deeplinking,1,0,1
deeply,88,44,132
deepness,0,1,1
deeps,0,2,2
deepsigh,1,0,1
deepthi,1,1,2
deepti,0,1,1
deepzoom,2,0,2
deepzoompix,1,0,1
deer,116,64,180
deera,1,0,1
deerbrook,1,0,1
deere,0,1,1
deerfield,2,2,4
deerflies,1,0,1
deerflys,0,1,1
deerfoot,1,0,1
deerh,1,0,1
deerhound,0,1,1
deerhunter,7,1,8
deericorn,1,0,1
deerinfested,1,0,1
deering,1,0,1
deerndels,0,1,1
deers,6,3,9
deertick,1,0,1
dees,4,5,9
deesgusting,1,0,1
deeside,1,0,1
deesp,0,1,1
deessaa,1,0,1
deessss,1,0,1
deet,3,2,5
deetman,0,1,1
deeto,1,0,1
deets,12,25,37
deetz,1,2,3
deeves,2,0,2
deewaane,0,1,1
deewarein,0,1,1
deewis,1,0,1
deeyum,0,1,1
deez,10,5,15
deezer,2,3,5
deeznutz,0,1,1
deezy,4,3,7
deezz,1,0,1
deezzy,0,1,1
def,746,895,1641
defa,0,1,1
defacating,0,1,1
deface,1,2,3
defaced,2,2,4
defacer,1,0,1
defacing,2,1,3
defacto,1,4,5
defaintly,0,1,1
defamation,1,0,1
defamer,1,0,1
defanate,0,1,1
defanitely,1,0,1
defanitly,1,1,2
defapt,0,1,1
defaullt,0,1,1
default,115,121,236
defaulted,4,0,4
defaulting,0,1,1
defaultprime,1,0,1
defaults,8,1,9
defauly,1,0,1
defb,0,2,2
defcient,1,0,1
defcon,3,5,8
defeasible,0,1,1
defeat,69,28,97
defeated,62,24,86
defeatedbyagaypairofpants,1,0,1
defeating,5,9,14
defeatist,3,1,4
defeats,14,10,24
defeatz,1,0,1
defecating,1,0,1
defecit,2,1,3
defect,10,6,16
defected,1,1,2
defecting,1,0,1
defectiv,1,0,1
defective,32,2,34
defects,3,3,6
defeiend,1,0,1
defence,15,12,27
defenceless,1,1,2
defend,31,28,59
defendant,2,1,3
defendants,1,0,1
defended,3,3,6
defender,6,5,11
defenders,1,5,6
defendi,0,1,1
defending,26,27,53
defendinq,0,1,1
defendn,0,1,1
defends,1,1,2
defenestrate,1,0,1
defenestrated,0,1,1
defenetly,2,0,2
defenitely,1,2,3
defenition,1,0,1
defenitly,1,1,2
defense,57,70,127
defenseas,0,1,1
defenseless,2,3,5
defensemen,0,1,1
defenses,1,4,5
defensive,18,14,32
defensively,0,2,2
defensiveness,1,0,1
defensman,1,0,1
defensw,0,1,1
defentely,0,1,1
defently,0,7,7
defer,3,3,6
defered,0,1,1
deferent,1,0,1
deferment,3,2,5
defernatly,0,1,1
deferred,5,2,7
deferring,1,0,1
deff,47,81,128
deffas,0,1,1
deffenately,0,1,1
deffently,2,6,8
deffer,1,0,1
defference,0,1,1
defff,2,5,7
deffff,0,1,1
defffff,0,3,3
deffffinitely,0,2,2
defffo,1,1,2
deffinantly,0,1,1
deffinately,9,7,16
deffinatle,1,0,1
deffinatley,2,1,3
deffinatly,5,11,16
deffinetely,2,0,2
deffinetly,4,4,8
deffinitely,2,3,5
deffinition,1,0,1
deffinitley,1,0,1
deffinitly,2,2,4
deffintly,0,1,1
deffitnitly,1,0,1
deffo,54,71,125
deffoo,1,1,2
deffoooo,0,1,1
deffos,0,1,1
deffro,1,0,1
deffs,3,8,11
deffy,0,1,1
deffz,0,1,1
defi,0,1,1
defianately,0,2,2
defiance,11,12,23
defiant,2,0,2
defiante,1,0,1
defiantely,0,2,2
defiantly,15,20,35
defias,0,1,1
defibrillator,1,0,1
deficancy,1,0,1
deficiancy,0,1,1
deficiency,6,3,9
deficient,8,5,13
deficients,1,0,1
deficit,6,4,10
deficite,0,1,1
deficits,1,0,1
defie,1,0,1
defied,0,1,1
defies,2,2,4
defietly,0,1,1
defiies,0,1,1
defiinitely,0,2,2
defile,0,1,1
defiled,0,1,1
definaetly,0,1,1
definally,0,1,1
definantly,1,4,5
definate,6,8,14
definatellllllly,0,1,1
definatelly,0,1,1
definatelt,0,1,1
definately,149,264,413
definatelyy,0,1,1
definatelyyyyyyy,0,1,1
definates,1,0,1
defination,0,2,2
definatley,8,14,22
definatly,33,44,77
definaty,1,0,1
define,10,47,57
defineately,1,0,1
defined,19,13,32
definedaddiction,0,1,1
definely,0,1,1
definently,5,3,8
defines,3,9,12
definetely,7,16,23
definetley,0,1,1
definetly,32,47,79
definetlyy,0,1,1
defineum,0,1,1
defini,0,1,1
definietly,1,0,1
definiitely,0,1,1
definily,0,1,1
defininatly,0,1,1
defining,8,12,20
definintely,0,1,1
definintion,1,0,1
definitally,0,1,1
definite,32,45,77
definitelly,0,3,3
definitely,1342,2513,3855
definitelyworth,0,1,1
definitelyyy,0,1,1
definitily,1,0,1
definition,37,92,129
definitions,7,11,18
definitivamente,0,1,1
definitive,6,7,13
definitively,6,4,10
definitley,7,20,27
definitlllyyyy,1,0,1
definitly,22,37,59
definizione,0,1,1
defintally,0,1,1
defintely,3,8,11
defintions,1,0,1
defintweetly,0,1,1
defisit,1,0,1
defited,0,1,1
deflate,6,2,8
deflated,28,3,31
deflates,0,1,1
deflating,6,0,6
deflation,4,1,5
defleaitized,1,0,1
deflect,1,1,2
deflection,0,2,2
deflections,0,1,1
deflowering,0,2,2
defly,0,1,1
defn,0,1,1
defnately,0,1,1
defnitely,0,1,1
defnitley,0,2,2
defnitly,0,1,1
defnly,0,1,1
defntly,1,1,2
defo,79,106,185
defoe,1,0,1
defollow,1,1,2
defollowed,0,1,1
defoo,0,1,1
defooo,0,1,1
deforest,0,1,1
deforestation,1,1,2
deform,1,0,1
deformation,0,1,1
deformed,8,3,11
deforrest,1,0,1
defoul,1,0,1
defqon,2,2,4
defra,1,0,1
defrag,3,5,8
defraged,0,1,1
defragement,0,1,1
defrager,0,1,1
defragging,0,2,2
defraggler,0,1,1
defragmenting,1,1,2
defranco,3,0,3
defraud,0,3,3
defraust,0,1,1
defreag,1,0,1
defribrilator,1,0,1
defriend,0,1,1
defriended,1,0,1
defriender,0,1,1
defriz,0,1,1
defro,1,0,1
defrost,8,3,11
defrosted,9,0,9
defroster,1,0,1
defrosting,4,5,9
defroze,1,0,1
defs,11,18,29
defss,1,0,1
deft,1,2,3
deftones,2,2,4
defu,0,1,1
defult,2,1,3
defunct,11,3,14
defunctlesi,1,0,1
defunk,1,0,1
defused,1,0,1
defuzzing,0,1,1
defy,2,6,8
defyin,1,0,1
defying,2,17,19
defzinately,0,1,1
defzzz,1,0,1
deg,46,20,66
dega,0,2,2
degai,1,0,1
degay,1,0,1
degc,1,0,1
degdegdegdeg,0,1,1
degenerate,0,1,1
degenerates,0,1,1
degeneration,1,0,1
degenerative,4,1,5
degeneres,6,28,34
degeneress,0,1,1
degens,1,0,1
degergent,1,0,1
degf,0,1,1
degga,0,1,1
degggg,1,0,1
deggress,1,0,1
degh,1,0,1
degital,1,0,1
degolle,0,1,1
degonz,1,0,1
degool,1,0,1
degr,1,1,2
degradation,2,0,2
degrade,1,0,1
degraded,3,0,3
degrades,2,1,3
degrading,4,5,9
degrafa,0,1,1
degrasse,0,1,1
degrassi,68,61,129
degraves,0,1,1
degraw,5,11,16
degrease,0,1,1
degree,288,210,498
degreed,1,0,1
degreee,0,2,2
degreeees,0,1,1
degrees,662,327,989
degreesc,0,1,1
degreese,0,1,1
degreess,1,0,1
degreeweatherbutluvphx,1,0,1
degreez,1,0,1
degrese,1,0,1
degress,11,5,16
degrood,0,1,1
degroot,1,0,1
degrrrraaaassereeiii,0,1,1
degs,2,2,4
degu,3,1,4
deguilting,0,1,1
degus,1,0,1
degustation,0,3,3
deh,73,45,118
deha,1,0,1
dehairs,0,1,1
dehdeh,0,1,1
dehh,2,2,4
dehhh,0,1,1
dehhhh,2,0,2
dehidrated,1,0,1
dehidration,1,0,1
dehiwala,0,1,1
dehler,0,1,1
dehli,0,1,1
dehlicatessen,0,1,1
dehooi,0,1,1
dehradun,0,2,2
dehrydrated,1,0,1
dehumanizes,1,0,1
dehumanizing,1,0,1
dehumidification,0,1,1
dehumidifier,1,0,1
dehumidify,1,0,1
dehydrate,4,1,5
dehydrated,47,12,59
dehydrating,2,0,2
dehydration,22,6,28
dehydrator,0,1,1
dei,6,5,11
deiberating,0,1,1
deicate,0,1,1
deicated,0,1,1
deicded,1,0,1
deiced,0,1,1
deichbrand,0,1,1
deichkind,0,1,1
deicide,0,2,2
deid,4,0,4
deidge,0,1,1
deidicated,0,1,1
deidra,1,1,2
deidre,3,2,5
deigman,1,2,3
deigmans,0,1,1
deigners,0,1,1
deigning,1,0,1
deigo,2,2,4
dein,0,2,2
deine,1,1,2
deinem,0,1,1
deinitely,1,0,1
deinking,0,1,1
deinnocentized,0,1,1
deinstallation,0,1,1
deinstalling,1,0,1
deinterlace,1,0,1
deinterlacer,1,0,1
deinterlacing,1,0,1
deira,1,0,1
deirde,0,1,1
deirdre,2,3,5
deireadh,0,1,1
deirks,1,0,1
deirz,1,0,1
deisel,1,0,1
deisgn,2,0,2
deisgner,0,1,1
deishe,0,1,1
deision,0,1,1
deiss,0,1,1
deisy,0,1,1
deitch,1,0,1
deiting,1,0,1
deitrick,0,1,1
deity,1,3,4
deixa,0,2,2
deixam,1,0,1
deixaram,1,0,1
deixava,0,1,1
deixei,0,1,1
deixem,1,0,1
deixis,0,1,1
deiyn,1,0,1
dej,2,2,4
deja,24,22,46
dejah,1,0,1
dejame,1,0,1
dejameeeeeeeee,1,0,1
dejan,2,1,3
dejans,0,1,1
dejar,0,1,1
dejas,1,0,1
dejaste,2,0,2
dejavu,4,6,10
deje,0,1,1
dejebe,0,1,1
dejected,10,2,12
dejectedly,1,0,1
dejes,1,0,1
dejesuses,1,0,1
dejeuner,1,2,3
dejo,1,2,3
dejohnette,0,1,1
dejuan,0,1,1
dejunked,0,1,1
dejunking,0,1,1
dejz,0,1,1
dek,3,1,4
deka,1,0,1
dekadent,0,1,1
dekalb,7,2,9
dekat,1,0,1
dekdd,0,1,1
deker,0,1,1
deket,2,0,2
dekh,1,4,5
dekha,1,1,2
dekhen,0,1,1
dekhi,0,1,1
dekhkar,0,1,1
dekhna,1,1,2
dekho,2,1,3
deki,1,1,2
dekinai,1,0,1
dekker,0,3,3
dekko,1,0,1
dekle,0,1,1
dekleta,0,1,1
deko,1,0,1
dekooning,1,1,2
dekstop,2,0,2
dektop,0,2,2
dekulakisation,2,0,2
del,120,144,264
dela,6,7,13
delaaaa,0,1,1
delacosta,0,1,1
delacruz,0,1,1
deladed,1,0,1
delafield,1,0,1
delago,0,1,1
delahoya,0,1,1
delain,1,5,6
delaina,0,1,1
delam,1,0,1
delamar,1,2,3
delamere,0,1,1
delana,0,1,1
delanas,1,0,1
delancey,1,0,1
delancy,1,0,1
deland,2,1,3
delaney,4,7,11
delange,0,2,2
delania,0,1,1
delanis,1,0,1
delano,3,2,5
delany,0,1,1
delara,1,0,1
delaradarabi,1,0,1
delariarte,1,0,1
delas,0,1,1
delated,0,1,1
delaurentiis,1,0,1
delavan,0,2,2
delavin,1,0,1
delaware,30,20,50
delawareeeee,1,0,1
delawares,0,1,1
delay,252,107,359
delayed,539,98,637
delayedddddd,1,0,1
delayin,0,1,1
delaying,17,9,26
delayna,1,0,1
delays,90,24,114
delayy,0,1,1
delbius,2,0,2
delcious,0,3,3
delconte,0,1,1
delcy,1,0,1
dele,5,6,11
deleasa,1,0,1
deleat,1,0,1
deleate,1,0,1
deleated,4,0,4
delecious,1,0,1
deleciouss,0,1,1
delectable,4,9,13
delectables,0,1,1
delectation,0,1,1
deleeeeeteeeeee,1,0,1
deleeting,0,1,1
delegado,0,1,1
delegate,4,8,12
delegated,3,1,4
delegates,4,4,8
delegating,2,0,2
delegation,4,4,8
delegators,0,1,1
deleloped,1,0,1
delemas,1,0,1
delemma,1,0,1
delena,0,1,1
deleon,5,3,8
deleons,1,0,1
delerious,1,1,2
deleriously,0,1,1
delerium,0,2,2
deleriums,0,1,1
deles,2,4,6
delet,1,2,3
delete,454,217,671
deleted,679,167,846
deletedatabase,0,1,1
deletedd,1,0,1
deletefest,1,0,1
deleteing,1,0,1
deleten,1,0,1
deletes,19,2,21
deletew,1,0,1
deletig,0,1,1
deletin,3,0,3
deleting,144,71,215
deletion,5,2,7
deletions,1,0,1
deletred,1,0,1
deleuze,0,2,2
deleuzian,0,1,1
deleware,5,0,5
delf,3,0,3
delfated,1,0,1
delfin,1,0,1
delfina,0,2,2
delfino,3,0,3
delfoi,0,1,1
delfonics,0,1,1
delft,0,3,3
delgada,1,0,1
delgadito,1,0,1
delgado,2,2,4
delgar,1,0,1
delgrosso,1,0,1
delgrossos,1,0,1
delhi,91,72,163
delhis,1,0,1
delhites,1,0,1
delhomme,1,0,1
deli,41,51,92
delia,5,5,10
deliaaaaaa,0,1,1
deliaahhhh,0,1,1
delias,3,1,4
deliberate,5,9,14
deliberated,0,1,1
deliberately,7,13,20
deliberating,2,1,3
deliberation,0,1,1
deliberations,1,0,1
deliberatly,3,1,4
delic,3,2,5
delicacies,0,2,2
delicacy,0,2,2
delicado,1,0,1
delicasy,0,1,1
delicatable,0,1,1
delicate,17,16,33
delicately,2,0,2
delicates,1,1,2
delich,0,1,1
delicia,0,1,1
deliciaaaaaaa,0,1,1
deliciem,0,1,1
delicieux,0,1,1
deliciomatic,0,1,1
delicioous,0,1,1
delicios,0,1,1
deliciosa,0,1,1
deliciosas,0,1,1
delicioso,2,4,6
delicious,348,913,1261
deliciouse,1,1,2
deliciouslunch,0,1,1
deliciously,4,10,14
deliciousness,10,9,19
deliciouso,1,1,2
deliciouss,1,2,3
delicioussafari,1,0,1
deliciousss,0,3,3
delicioussss,1,4,5
deliciousssss,0,1,1
deliciuos,0,1,1
delicous,3,13,16
delicousness,1,0,1
delicousss,0,1,1
delidelux,0,1,1
delie,0,1,1
delier,1,0,1
deliesha,0,1,1
deliever,2,1,3
delievered,2,1,3
delievers,0,2,2
delifrance,2,2,4
deligation,1,0,1
delight,18,67,85
delighted,14,83,97
delightfool,0,1,1
delightful,28,102,130
delightfull,0,1,1
delightfully,4,9,13
delightified,0,1,1
delighting,0,1,1
delights,6,19,25
deliiciiouslyy,0,1,1
deliiiissh,0,1,1
delikado,0,1,1
delila,2,0,2
delilah,11,12,23
delilited,1,0,1
delima,2,0,2
delimi,1,0,1
delimited,1,0,1
delineated,0,1,1
delinked,1,0,1
delinquency,0,1,1
delinquent,2,2,4
delinquents,1,1,2
delinquentz,1,0,1
delious,1,0,1
deliously,0,1,1
delipotato,0,1,1
deliquency,1,0,1
deliquent,1,0,1
deliquient,1,0,1
deliri,1,0,1
delirious,19,17,36
deliriously,4,2,6
deliriousness,0,2,2
delirium,3,2,5
delirous,0,1,1
delis,1,0,1
delisa,1,0,1
deliscious,0,2,2
delish,38,143,181
delishes,0,1,1
delishh,0,1,1
delishhh,0,2,2
delishhhh,0,3,3
delishious,0,2,2
delisio,0,1,1
delisious,0,1,1
delissh,0,1,1
delist,1,0,1
delisted,4,0,4
delite,1,0,1
deliv,0,1,1
deliver,132,117,249
deliverable,1,0,1
deliverables,1,0,1
deliverance,1,2,3
deliverd,1,2,3
delivered,159,144,303
deliveries,9,9,18
deliverin,0,1,1
delivering,33,34,67
delivers,14,18,32
delivery,273,178,451
deliveryman,1,0,1
deliverymen,1,0,1
deliverys,2,0,2
delivrd,0,1,1
delkey,1,0,1
dell,151,95,246
della,1,1,2
dellaax,0,1,1
dellacamera,1,0,1
delle,4,7,11
dellechiaie,1,0,1
dellfail,1,0,1
dello,1,0,1
dellos,0,1,1
dells,8,10,18
delly,1,0,1
delmar,0,1,1
delmon,1,0,1
delmonico,0,1,1
delmons,1,0,1
delmontyb,1,0,1
delnegro,1,0,1
deloinkful,0,1,1
deloitte,3,2,5
deloittes,0,1,1
delom,1,0,1
delon,0,1,1
delonge,3,8,11
delongeday,6,162,168
delonghi,1,0,1
delonte,4,0,4
delorean,5,4,9
deloreans,1,0,1
delorentos,0,1,1
delores,2,1,3
deloria,1,0,1
delovoped,1,0,1
delow,0,1,1
delph,2,0,2
delphi,8,1,9
delphiapp,1,0,1
delphic,2,1,3
delphine,0,2,2
delphiniums,0,1,1
delpo,4,1,5
delpotro,2,0,2
delppph,1,0,1
delpy,0,1,1
delqado,0,1,1
delrious,0,1,1
delrisco,1,0,1
dels,1,2,3
delt,3,0,3
delta,48,56,104
deltas,3,1,4
delte,0,1,1
delted,4,0,4
delti,0,1,1
deltoid,1,1,2
deltoids,1,0,1
deltons,0,1,1
deltron,1,0,1
delts,1,3,4
deluca,2,1,3
delucca,1,0,1
delude,1,1,2
deluded,3,5,8
deluge,9,5,14
deluged,1,1,2
deluise,4,3,7
delumpcious,0,1,1
deluna,0,1,1
delusion,3,6,9
delusional,8,14,22
delusions,2,9,11
deluweil,0,2,2
delux,4,2,6
deluxe,27,47,74
deluxeey,0,1,1
delve,5,5,10
delved,1,1,2
delvered,0,1,1
delvers,0,1,1
delves,0,1,1
delving,2,3,5
delvon,1,0,1
delware,1,0,1
dely,1,0,1
delyed,1,0,1
delyla,0,1,1
delz,1,0,1
delzer,1,1,2
dem,118,93,211
demaaaaaaanding,1,0,1
demaaais,0,2,2
demaanded,0,1,1
demad,1,0,1
demaged,1,0,1
demagnetised,1,0,1
demagogues,1,0,1
demai,0,1,1
demain,8,11,19
demais,6,7,13
demaisss,1,0,1
demam,7,1,8
demammm,1,0,1
demamnya,1,0,1
deman,0,1,1
demand,147,154,301
demanded,8,12,20
demandin,1,1,2
demanding,38,38,76
demands,22,21,43
demandsatisfaction,1,0,1
demank,1,0,1
demarchelier,0,1,1
demarco,1,0,1
demarcus,2,1,3
demarini,1,0,1
demarques,1,0,1
demas,1,0,1
demasiado,3,0,3
demat,1,0,1
demdems,2,0,2
deme,1,2,3
demeaning,1,1,2
demeanor,2,0,2
demelza,0,2,2
demening,1,0,1
demented,10,9,19
dementedstalkarrazzi,0,1,1
dementi,1,0,1
dementia,10,8,18
dementiaaa,1,0,1
demential,0,1,1
dementieva,3,1,4
dementium,0,1,1
demento,1,2,3
dementor,1,0,1
dementors,1,1,2
demerit,0,2,2
demerits,2,0,2
demerol,2,0,2
demerzz,0,1,1
demet,1,0,1
demetia,1,0,1
demetres,0,2,2
demetri,3,10,13
demetria,3,10,13
demetrius,1,0,1
demeyin,1,0,1
demf,1,4,5
demi,593,989,1582
demicious,0,1,1
demidec,1,0,1
demigod,6,3,9
demigods,0,1,1
demii,9,13,22
demiii,5,12,17
demiiii,2,9,11
demiiiii,1,1,2
demiiiiii,1,0,1
demiiiiiiii,0,1,1
demiiiiiiiii,0,1,1
demiiiiiiiiiii,1,0,1
demiiz,1,0,1
demikian,1,1,2
demilena,0,1,1
demiley,0,1,1
demilovato,2,2,4
demilovatoargerntina,1,0,1
demilynnmusic,0,1,1
deming,2,0,2
deminishing,1,0,1
demis,11,10,21
demise,23,4,27
demisexual,0,1,1
demistylesource,0,1,1
demiswissfan,0,1,1
demit,1,0,1
demitra,2,1,3
demitri,1,0,1
demitria,0,2,2
demitrix,0,1,1
demitweets,0,1,1
demiwithmcfly,0,5,5
demiz,0,1,1
demm,0,1,1
demmand,0,1,1
demmet,1,0,1
demmi,1,1,2
demmiii,1,0,1
demmiseltay,0,1,1
demmit,5,0,5
demn,3,0,3
demnded,1,0,1
demo,168,251,419
democamp,3,2,5
democats,0,1,1
democractically,1,0,1
democracy,41,24,65
democracyfan,0,1,1
democracyvideo,2,0,2
democrat,7,8,15
democratic,6,10,16
democratically,0,1,1
democratise,0,1,1
democrats,7,6,13
democrazy,2,1,3
demodag,1,0,1
demodex,2,0,2
demoed,4,3,7
demoesticated,0,1,1
demogeek,1,0,1
demograph,0,1,1
demographic,8,5,13
demographics,3,2,5
demogrpahic,1,0,1
demoing,3,6,9
demolised,1,0,1
demolish,3,2,5
demolished,17,6,23
demolishing,5,2,7
demolition,3,8,11
demolitioned,1,0,1
demoliton,0,1,1
demon,38,46,84
demonata,0,2,2
demonds,0,2,2
demoness,1,0,1
demongirly,1,1,2
demonhead,1,0,1
demonic,7,4,11
demonica,1,0,1
demonioo,1,0,1
demoniooz,0,1,1
demonios,1,0,1
demonish,0,1,1
demonness,1,0,1
demonoid,5,3,8
demonology,0,2,2
demons,245,320,565
demonstrably,0,1,1
demonstrate,3,6,9
demonstrated,2,1,3
demonstrates,0,3,3
demonstrating,1,4,5
demonstration,9,7,16
demonstrations,2,2,4
demonstrator,1,0,1
demonstrators,0,1,1
demontfort,1,0,1
demoon,0,1,1
demooooooooonio,0,1,1
demora,1,0,1
demoralised,5,0,5
demoralising,8,0,8
demoralized,1,0,1
demoralizing,3,1,4
demorarme,1,0,1
demored,0,1,1
demorei,1,0,1
demorex,0,1,1
demos,20,41,61
demoscene,2,2,4
demostration,0,1,1
demot,1,0,1
demotapes,0,1,1
demote,1,1,2
demoted,9,4,13
demotion,2,0,2
demotivated,6,0,6
demotix,1,1,2
demotte,0,1,1
demps,0,1,1
dempsey,10,15,25
dempseys,1,0,1
dempsie,0,3,3
dempsy,1,0,1
dems,21,15,36
demtist,0,1,1
demult,0,1,1
demure,0,4,4
demurely,0,1,1
demus,0,1,1
demuu,1,0,1
demystified,1,0,1
demystifying,0,1,1
demyx,0,1,1
demz,2,7,9
demzi,1,0,1
demzz,1,1,2
demzzz,0,1,1
den,138,154,292
dena,4,12,16
denali,4,3,7
denalli,0,1,1
denamrk,0,1,1
denan,1,0,1
denardo,0,2,2
denareay,1,0,1
denaro,0,1,1
denaru,1,0,1
denary,0,1,1
denbigh,0,1,1
denby,1,1,2
dench,0,1,1
dencing,0,1,1
dencios,0,1,1
dencorub,1,1,2
dend,0,1,1
denda,1,0,1
dendam,1,1,2
denden,0,1,1
dendrankisdenduvel,0,1,1
dendy,1,0,1
dene,0,2,2
denedim,0,1,1
denee,0,1,1
deneice,1,0,1
denemark,1,0,1
denese,0,1,1
denette,0,1,1
deneuve,1,0,1
denfinately,0,1,1
deng,10,3,13
dengan,4,1,5
denganmu,0,1,1
dengar,1,1,2
denge,3,0,3
dengeki,1,0,1
denger,1,0,1
dengerin,2,1,3
dengg,1,0,1
denggg,1,0,1
dengit,0,1,1
dengue,8,2,10
denham,4,0,4
denhamite,0,1,1
denholm,0,1,1
denhy,0,1,1
deni,1,2,3
deniablity,0,1,1
denial,43,33,76
deniallll,0,1,1
denials,1,0,1
denicore,0,1,1
denied,117,17,134
denier,1,2,3
denies,5,2,7
deniii,1,0,1
denijohn,1,0,1
denim,17,25,42
denims,2,1,3
denin,0,1,1
denious,0,1,1
deniro,2,2,4
denis,6,10,16
denisa,0,1,1
denise,25,61,86
deniseee,0,2,2
denisefarabee,1,0,1
denismar,0,1,1
denison,1,1,2
deniss,1,0,1
denisse,2,0,2
denist,7,2,9
denisy,1,0,1
denita,1,1,2
denithor,1,0,1
denius,0,1,1
deniz,0,1,1
denizens,1,0,1
denjin,1,0,1
denk,1,2,3
denka,1,0,1
denke,0,1,1
denkste,1,0,1
denluvinbyrne,0,1,1
denm,0,1,1
denman,1,0,1
denmark,80,112,192
denme,0,1,1
denn,2,9,11
dennen,0,1,1
denner,0,1,1
dennesha,1,0,1
dennett,0,1,1
dennie,0,1,1
dennings,1,1,2
dennis,29,38,67
dennisb,0,1,1
dennison,0,1,1
dennit,0,1,1
denniz,0,1,1
dennnyss,0,1,1
dennoria,1,0,1
denny,52,56,108
dennycrane,0,1,1
dennys,37,49,86
dennysallnighter,0,1,1
dennyville,1,0,1
deno,0,1,1
denomination,2,1,3
denominations,0,1,1
denominator,2,2,4
denon,0,1,1
denons,1,0,1
denotations,0,1,1
denote,0,1,1
denotes,0,2,2
denounced,1,0,1
denouncing,0,1,1
denovo,0,2,2
denozo,2,0,2
dens,3,1,4
dense,10,21,31
densely,0,1,1
denser,1,2,3
densetsu,1,0,1
densha,0,1,1
densham,1,0,1
densie,0,1,1
densist,2,0,2
densit,1,0,1
density,1,2,3
denso,1,0,1
denstist,1,0,1
denswil,1,0,1
densyo,0,1,1
dent,57,25,82
dentabites,1,0,1
dental,103,34,137
dentastix,0,2,2
dentata,1,0,1
dentc,1,1,2
dente,0,2,2
dented,28,1,29
dentention,2,0,2
denters,0,5,5
denting,1,1,2
dentis,2,0,2
dentisi,1,0,1
dentisit,2,1,3
dentist,1168,200,1368
dentista,0,1,1
dentistry,6,3,9
dentists,66,13,79
dentistt,0,1,1
dentisty,1,0,1
dentitht,1,0,1
denton,10,10,20
dentoni,0,1,1
dentressangle,0,1,1
dents,12,3,15
dentsit,1,0,1
dentsu,3,0,3
denture,0,1,1
dentures,4,2,6
dentyl,1,0,1
dentzel,0,1,1
denugging,0,1,1
denvandra,0,1,1
denver,229,172,401
denverrr,0,1,1
denverrrr,0,1,1
denwabangowa,0,1,1
denxo,0,1,1
deny,48,51,99
denya,0,1,1
denyce,0,1,1
denyer,0,1,1
denyhosts,0,1,1
denyin,1,0,1
denying,18,13,31
denzel,10,10,20
denzle,0,1,1
deo,9,7,16
deodanx,0,1,1
deodarant,2,1,3
deoderant,3,5,8
deodorant,14,15,29
deodorants,0,1,1
deodorise,0,1,1
deodorize,0,1,1
deogracia,0,1,1
deomos,0,1,1
deon,3,3,6
deona,1,0,1
deonandan,1,0,1
deonna,2,1,3
deonte,2,0,2
deonya,1,0,1
deoonn,0,1,1
deopt,1,0,1
deorating,0,1,1
deordant,1,0,1
deordorant,0,2,2
deore,1,0,1
deos,3,2,5
deosebit,1,0,1
dep,9,7,16
depa,0,1,1
depakote,2,0,2
depan,4,4,8
depapepe,0,1,1
depardieu,0,1,1
depart,21,10,31
departe,2,0,2
departed,10,11,21
departements,0,1,1
departing,15,3,18
departmant,1,0,1
department,83,80,163
departmental,2,2,4
departments,7,6,13
departs,3,1,4
departum,0,2,2
departure,53,26,79
departured,1,0,1
departures,6,2,8
depasta,1,0,1
depature,1,1,2
depaul,1,2,3
depeche,21,35,56
depechemode,1,1,2
deped,1,2,3
depend,37,45,82
dependability,1,0,1
dependable,2,7,9
dependancies,1,0,1
dependancy,1,0,1
dependant,3,1,4
depende,0,1,1
depended,8,4,12
dependence,3,3,6
dependences,0,1,1
dependencies,5,3,8
dependency,11,3,14
dependencyobject,0,1,1
dependend,0,1,1
dependent,33,11,44
dependin,1,1,2
depending,54,101,155
depends,114,363,477
dependss,0,1,1
deperate,1,1,2
deperated,1,0,1
deperately,1,0,1
deperatly,1,0,1
deperessed,1,0,1
deperived,0,1,1
depersate,1,1,2
depersonalised,1,0,1
depict,0,2,2
depicted,1,0,1
depicting,1,1,2
depicts,0,3,3
depite,2,1,3
deplane,1,0,1
deplete,2,1,3
depleted,6,1,7
depleting,4,1,5
depletion,0,2,2
deploma,0,1,1
deploy,13,6,19
deployed,31,11,42
deploying,12,8,20
deployment,34,13,47
deployments,3,1,4
deploys,4,0,4
deplurk,4,12,16
deplurking,1,1,2
deply,1,0,1
deplymnt,1,0,1
deplyod,1,0,1
depo,2,3,5
depois,8,11,19
depok,3,3,6
depolished,1,0,1
depongging,1,0,1
depopulated,1,0,1
deport,3,1,4
deported,6,2,8
deportes,0,2,2
deporting,1,0,1
deportivo,1,0,1
depos,1,0,1
deposit,63,33,96
deposite,1,0,1
deposited,11,3,14
depositing,1,0,1
deposition,3,1,4
depository,1,3,4
deposits,9,4,13
depot,59,57,116
depotivo,0,1,1
depotting,2,1,3
depozitelor,0,1,1
depp,26,45,71
depper,1,0,1
deppography,0,1,1
deppresing,1,0,1
deppresion,1,0,1
deppressed,3,0,3
deppressing,2,0,2
depprived,1,0,1
depps,1,0,1
deppzone,0,1,1
depr,1,0,1
deprasing,1,0,1
depraved,3,2,5
depravity,1,0,1
deprecate,1,0,1
deprecated,2,2,4
deprecating,0,1,1
deprecation,1,4,5
depreciable,1,0,1
depreciate,1,1,2
depreciating,0,1,1
depreciation,3,0,3
depree,1,0,1
depreesed,1,0,1
depres,2,0,2
depresd,1,0,1
depresed,9,0,9
depresi,1,0,1
depresing,2,1,3
depresion,2,0,2
depresisng,0,1,1
depresive,2,0,2
depress,45,5,50
depressa,0,1,1
depressant,2,2,4
depressants,6,0,6
depressd,2,0,2
depresse,1,0,1
depressed,1291,86,1377
depressedd,0,1,1
depresseddd,1,0,1
depressedddd,1,0,1
depresseddddddd,1,0,1
depresseedddddddddddddddddddd,1,0,1
depresseeeed,1,0,1
depresses,33,0,33
depressfest,0,1,1
depressided,1,0,1
depressie,1,0,1
depressiiiing,0,1,1
depressin,15,1,16
depressing,1165,102,1267
depressingg,1,0,1
depressinggg,3,0,3
depressingly,8,0,8
depressinq,1,0,1
depression,198,47,245
depressionn,1,1,2
depressionnnnnn,1,0,1
depressions,3,0,3
depressiv,1,0,1
depressive,11,1,12
depressiveness,1,0,1
depressng,1,0,1
depresssd,1,0,1
depresssed,3,0,3
depressssed,1,0,1
depressssing,1,0,1
depressssioonn,1,0,1
depresssss,1,0,1
depresssssing,1,0,1
depresstion,1,0,1
deprested,1,0,1
deprevation,1,1,2
deprication,0,2,2
deprieved,1,0,1
deprimant,1,0,1
deprime,2,0,2
deprimi,1,0,1
deprimiert,1,0,1
deprivation,29,16,45
deprivde,1,0,1
deprive,6,3,9
deprived,110,40,150
depriveddd,1,0,1
deprives,1,0,1
depriving,7,3,10
depro,1,0,1
deprssing,1,0,1
deps,3,0,3
depsends,1,0,1
depseration,1,0,1
depsite,0,1,1
depsressed,1,0,1
dept,57,49,106
deptford,1,0,1
depth,36,35,71
depths,8,8,16
depts,2,1,3
deptt,0,1,1
depuis,0,1,1
depus,0,1,1
deputes,0,1,1
deputies,0,1,1
deputy,3,6,9
deqq,0,1,1
deqree,1,0,1
dequence,1,0,1
der,81,102,183
dera,0,1,1
deracinated,1,0,1
deragefied,0,1,1
derail,3,1,4
derailed,9,1,10
derailer,1,1,2
derailing,2,0,2
derailleur,6,0,6
derailment,2,1,3
deramaaa,0,1,1
deranged,3,6,9
derangement,0,1,1
deraysay,0,1,1
derb,1,0,1
derbie,1,0,1
derbies,0,1,1
derbs,1,0,1
derby,136,133,269
derbyhouse,0,1,1
derbys,0,1,1
derbyshire,4,8,12
derbyy,0,1,1
dere,28,15,43
derecho,1,1,2
dereck,1,1,2
deredactie,1,0,1
derees,1,0,1
deregulated,1,0,1
deregulation,1,0,1
derek,71,77,148
dereka,0,1,1
derekfishers,1,0,1
dereks,1,3,4
derelicte,0,1,1
dereliction,1,0,1
derengdengdeng,0,1,1
dereon,1,0,1
dererve,1,0,1
dererved,1,0,1
deres,3,1,4
derf,0,2,2
derful,1,0,1
derg,1,0,1
derham,0,1,1
derhamn,0,1,1
derhawk,1,0,1
deri,0,1,1
deric,4,0,4
dericious,0,1,1
derick,1,5,6
derics,1,0,1
deride,1,0,1
derig,1,0,1
derision,2,1,3
derission,0,1,1
derita,1,0,1
derivation,0,1,1
derivations,1,0,1
derivative,2,3,5
derivatives,2,2,4
derive,0,1,1
derived,0,7,7
derives,1,2,3
deriving,1,1,2
deriyabar,1,0,1
derk,0,1,1
derling,2,6,8
derlings,1,0,1
derm,1,2,3
derma,2,0,2
dermabond,1,0,1
dermal,1,0,1
dermalm,1,1,2
dermalogica,1,0,1
dermals,4,0,4
dermanis,0,1,1
dermatitis,3,0,3
dermato,1,0,1
dermatographism,1,0,1
dermatolagy,1,0,1
dermatologist,14,6,20
dermatologists,1,0,1
dermavones,1,0,1
dermo,1,2,3
dermot,5,8,13
dermotillomania,1,0,1
dermotoligest,1,0,1
dern,4,5,9
dernit,1,0,1
derny,1,1,2
dero,2,2,4
derogative,1,0,1
derogatory,2,2,4
derogotis,1,0,1
derol,0,4,4
deron,1,3,4
derosa,2,0,2
derosalem,0,1,1
derosnay,0,1,1
derossi,1,0,1
derp,1,0,1
derpressed,1,0,1
derpy,0,1,1
derr,1,3,4
derrek,2,1,3
derren,14,21,35
derri,1,0,1
derrian,0,1,1
derrick,14,14,28
derrickjwyatt,1,0,1
derricks,0,1,1
derrie,0,1,1
derriere,1,0,1
derriford,1,0,1
derrik,0,2,2
derrin,0,2,2
derring,1,0,1
derrito,2,0,2
derro,0,2,2
derron,0,1,1
derrr,1,0,1
derrrrrrrrrrrr,1,0,1
derrs,0,1,1
derry,9,9,18
derryl,0,1,1
derrys,1,0,1
ders,10,3,13
derserve,0,2,2
derserved,0,1,1
dersrved,0,1,1
derulo,1,1,2
derunkah,0,1,1
derves,0,1,1
dervish,0,1,1
derwin,9,1,10
deryck,1,1,2
deryl,0,1,1
des,46,66,112
desa,0,2,2
desai,2,7,9
desalination,0,1,1
desalvo,1,0,1
desandnate,0,2,2
desapear,0,1,1
desapeared,1,0,1
desappointed,1,1,2
desario,1,0,1
desaru,0,1,1
desaster,1,1,2
desaturated,1,0,1
desayunar,1,0,1
desayune,0,1,1
desayunink,0,1,1
desayuno,0,4,4
desbloqueado,0,1,1
desc,2,1,3
descalvado,2,0,2
descansa,1,1,2
descansat,0,1,1
descanse,2,0,2
descansen,0,1,1
descanses,0,1,1
descarc,0,1,1
descarga,1,0,1
descargando,0,1,1
descargar,0,1,1
descarte,0,1,1
descartes,1,1,2
descaso,1,0,1
descend,0,3,3
descendant,2,1,3
descended,3,2,5
descending,2,2,4
descends,1,1,2
descent,8,17,25
descents,0,2,2
descer,0,1,1
deschanel,7,7,14
deschid,0,1,1
deschutes,1,0,1
descibes,0,1,1
descion,1,1,2
descision,1,1,2
descobrir,1,0,1
descolar,0,1,1
descomp,0,1,1
desconnected,0,1,1
desconsider,0,1,1
descontrol,0,1,1
descoped,1,0,1
descoperit,0,1,1
descr,1,0,1
descreat,0,1,1
describe,90,113,203
described,21,27,48
describehowitlooks,0,1,1
describes,10,21,31
describing,11,18,29
describn,0,1,1
descrimination,1,0,1
descrip,0,1,1
descriptio,0,1,1
description,31,86,117
descriptions,8,13,21
descriptive,4,11,15
descriptor,1,1,2
descriptors,1,0,1
descruiption,1,0,1
descs,0,1,1
descsion,1,0,1
desculpe,2,0,2
descupa,0,1,1
descusting,1,0,1
desd,1,0,1
desde,4,4,8
desdemona,0,1,1
dese,12,6,18
desear,1,1,2
desearve,0,1,1
deseased,2,0,2
desecration,0,1,1
desempacado,0,1,1
desenata,0,1,1
desend,0,1,1
desenhei,1,0,1
desenho,1,1,2
desensitivation,1,0,1
desensitization,1,1,2
desensitized,2,0,2
desent,0,1,1
desenzano,0,1,1
desepointed,1,1,2
desepratly,1,0,1
deserialize,0,1,1
deserializing,1,0,1
deserrrrrve,0,1,1
desert,110,112,222
deserted,21,12,33
deserter,1,0,1
desertfae,0,1,1
desertfest,1,0,1
deserting,5,0,5
desertion,2,2,4
deserts,5,8,13
deserty,0,1,1
deserv,1,2,3
deserve,367,720,1087
deserved,91,343,434
deservedededed,0,1,1
deservee,0,1,1
deserveed,1,0,1
deserveeeeee,0,1,1
deserves,98,190,288
deservid,1,0,1
deservin,0,2,2
deserving,9,19,28
deservingly,1,0,1
deservs,0,1,1
desesperate,0,2,2
desesperating,1,0,1
desesperement,1,0,1
deset,0,1,1
deseti,1,0,1
deseve,0,1,1
deseved,1,0,1
desever,1,0,1
desevered,0,1,1
desex,1,0,1
desexed,3,1,4
desfasado,1,0,1
desflakitado,1,0,1
desfollowear,1,0,1
desfollowees,1,0,1
desfoloweeas,1,0,1
desh,1,1,2
deshaard,0,1,1
deshaun,1,0,1
deshawn,1,0,1
deshazer,1,0,1
deshovii,0,1,1
desi,12,20,32
desicion,2,1,3
desicions,2,0,2
desided,0,1,1
desifest,0,2,2
desifriol,1,0,1
desighning,0,1,1
desigin,0,1,1
desiging,0,1,1
desigining,3,0,3
design,443,853,1296
designate,0,2,2
designated,15,27,42
designation,1,2,3
designations,1,0,1
designchat,1,1,2
designe,0,1,1
designed,65,116,181
designer,89,173,262
designerdrugs,0,1,1
designerer,0,1,1
designerishhh,1,0,1
designerrr,0,1,1
designers,28,78,106
designertalk,0,1,1
designflaw,1,0,1
designfloat,1,0,1
designgarden,1,0,1
designin,4,2,6
designing,57,139,196
designious,0,1,1
designmeme,0,1,1
designnya,1,0,1
designprincess,0,1,1
designs,67,160,227
designshack,0,1,1
designsojourn,0,1,1
designstudio,0,1,1
designtalk,1,0,1
designwork,0,1,1
designz,0,1,1
desiludida,1,0,1
desinfecting,0,1,1
desing,0,2,2
desinger,0,2,2
desinging,1,1,2
desings,0,1,1
desions,1,0,1
desirable,2,5,7
desirae,1,1,2
desire,74,74,148
desireable,1,1,2
desired,18,18,36
desiree,5,7,12
desireees,0,1,1
desires,11,21,32
desirey,2,0,2
desirez,0,1,1
desiring,1,1,2
desis,0,1,1
desisater,1,0,1
desision,1,1,2
desisions,0,1,1
desist,5,0,5
desisti,0,1,1
desk,643,374,1017
deskaway,0,1,1
deskd,1,0,1
deskjet,2,0,2
deskjob,1,1,2
deskmess,0,1,1
deskmodding,0,2,2
desko,0,1,1
desks,15,14,29
deskstop,2,0,2
desktop,306,256,562
desktops,4,6,10
desktube,1,0,1
desma,0,1,1
desmaye,1,0,1
desmet,0,1,1
desmier,0,1,1
desmoines,1,0,1
desmond,4,5,9
desmume,0,1,1
desnay,1,0,1
deso,2,0,2
desol,1,0,1
desolate,5,2,7
desolated,1,0,1
desolation,1,3,4
desoto,2,3,5
desoxyribonucleic,0,1,1
desp,4,3,7
despair,26,12,38
despaired,2,0,2
despairing,7,0,7
desparate,11,3,14
desparately,6,2,8
despares,1,0,1
desparet,0,1,1
desparte,1,0,1
despatch,1,1,2
despatched,5,2,7
despedida,3,1,4
despedirme,0,1,1
desperado,1,1,2
desperadooo,1,0,1
desperados,1,0,1
desperate,298,229,527
desperated,1,0,1
desperatee,3,0,3
desperately,211,57,268
desperates,0,1,1
desperation,13,7,20
desperatley,1,1,2
desperatleyyyy,1,0,1
desperatly,21,1,22
desperato,0,1,1
desperaty,0,1,1
desperaux,0,2,2
despereaux,0,2,2
despered,1,0,1
desperite,0,1,1
despert,1,0,1
despertando,1,0,1
despertaron,2,0,2
desperte,0,1,1
despi,1,0,1
despicable,5,0,5
despidida,0,1,1
despierta,0,2,2
despies,0,1,1
despis,0,1,1
despise,47,22,69
despised,3,2,5
despises,2,0,2
despising,3,0,3
despite,280,261,541
despiute,1,0,1
desplat,0,1,1
desple,1,0,1
despo,1,0,1
despondant,1,0,1
despondent,3,2,5
despondently,0,1,1
despotic,3,0,3
despots,0,1,1
desprate,6,0,6
despre,1,6,7
despressed,3,0,3
despression,0,1,1
despretally,1,0,1
desprite,1,2,3
despu,1,0,1
despues,1,2,3
desreve,1,1,2
desribe,1,1,2
desriptive,1,0,1
desrosiers,0,1,1
desrve,0,4,4
desrved,0,2,2
desrves,0,2,2
desrvs,1,0,1
dess,3,1,4
dessa,2,0,2
dessas,1,0,1
desse,1,2,3
dessen,6,6,12
dessert,82,230,312
desserted,1,0,1
desserts,22,28,50
desses,2,0,2
dessy,1,2,3
dest,1,1,2
desta,1,0,1
destani,0,1,1
destash,0,2,2
destef,1,0,1
destenation,0,1,1
destenee,1,0,1
desteptat,0,1,1
dester,0,1,1
destery,0,1,1
desti,3,2,5
destin,12,14,26
destinati,0,1,1
destination,54,98,152
destinations,7,8,15
destinationy,0,1,1
destinatn,1,0,1
destinator,0,1,1
destine,1,1,2
destined,29,22,51
destinee,1,3,4
destineeparis,0,1,1
destiney,2,0,2
destini,0,5,5
destino,0,1,1
destinos,1,0,1
destins,0,1,1
destinsations,0,1,1
destiny,39,77,116
destitute,3,2,5
destop,0,1,1
destory,2,1,3
destoyed,1,0,1
destoytwitter,0,1,1
destract,0,2,2
destractions,0,1,1
destracts,2,0,2
destress,1,8,9
destresser,0,1,1
destressing,3,1,4
destrey,0,1,1
destrians,0,1,1
destro,3,0,3
destroy,81,85,166
destroyah,1,0,1
destroyallbots,0,1,1
destroyed,186,40,226
destroyeded,1,0,1
destroyer,4,4,8
destroyflickr,1,0,1
destroying,49,32,81
destroyng,1,0,1
destroys,15,4,19
destroytwitter,21,27,48
destrozavidas,1,0,1
destruct,3,1,4
destructed,1,0,1
destructible,0,2,2
destructing,2,2,4
destruction,16,21,37
destructive,15,7,22
destructively,1,0,1
destructo,0,2,2
destructoid,0,1,1
destructor,1,0,1
destry,0,1,1
destrytwitter,0,1,1
desturbance,1,0,1
desturbing,2,0,2
desu,4,6,10
desurve,0,1,1
desvelarme,0,1,1
desver,1,0,1
desync,1,0,1
desz,1,0,1
det,16,16,32
deta,1,0,1
detach,5,1,6
detachable,1,1,2
detached,6,3,9
detachment,3,1,4
detag,0,1,1
detail,48,76,124
detailed,28,40,68
detailin,1,0,1
detailing,6,2,8
details,208,547,755
detailss,0,1,1
detained,3,1,4
detainee,1,0,1
detainees,0,1,1
detaining,0,1,1
detainment,0,1,1
detais,0,1,1
detaiz,0,1,1
detalii,0,4,4
detalis,0,1,1
detaliz,0,1,1
detangle,1,0,1
detangling,1,0,1
detatch,0,1,1
detatched,1,1,2
detatchment,1,0,1
detect,17,13,30
detected,11,7,18
detectes,1,0,1
detectice,1,0,1
detecting,1,9,10
detection,1,4,5
detectiv,0,1,1
detective,24,29,53
detectives,4,4,8
detector,10,11,21
detectors,4,3,7
detects,0,3,3
deted,1,0,1
deteis,1,0,1
detele,1,0,1
detenion,1,0,1
detension,0,1,1
detention,32,11,43
detentions,2,2,4
detenton,1,0,1
deter,4,4,8
deterent,1,0,1
detergent,14,14,28
detergents,1,0,1
deteriarating,0,1,1
deteriorate,4,0,4
deteriorated,5,1,6
deteriorates,0,1,1
deteriorating,9,0,9
determend,0,1,1
determinant,1,0,1
determinants,2,0,2
determination,8,24,32
determind,2,2,4
determinded,1,0,1
determine,11,28,39
determined,75,120,195
determines,3,4,7
determing,0,1,1
determining,4,2,6
determinism,0,1,1
deterrant,1,0,1
deterred,1,1,2
deterrent,3,1,4
deterrents,0,1,1
detest,24,4,28
detestable,0,1,1
deteste,2,0,2
detestful,1,0,1
detesting,0,1,1
detests,1,0,1
deth,0,1,1
dethklok,0,2,2
dethrone,2,3,5
dethroned,0,2,2
dethrones,1,0,1
dethrowned,0,1,1
deti,1,0,1
detial,0,1,1
deticated,1,0,1
detik,0,1,1
detikinet,1,0,1
detist,1,0,1
detlev,0,1,1
detly,1,0,1
detmold,1,0,1
detol,1,2,3
detonate,1,1,2
detonator,1,0,1
detorer,1,0,1
detour,12,17,29
detoured,2,1,3
detours,7,4,11
detower,0,1,1
detox,44,48,92
detoxed,0,3,3
detoxification,0,1,1
detoxifying,1,0,1
detoxin,1,0,1
detoxing,3,6,9
detps,1,0,1
detract,1,2,3
detracted,0,1,1
detre,0,1,1
detriment,2,1,3
detrimental,2,1,3
detriot,3,2,5
detritus,0,1,1
detrius,0,1,1
detroid,0,1,1
detroit,194,133,327
detroitdiva,0,1,1
detroiter,0,2,2
detroits,0,2,2
detroitt,0,1,1
detroittigers,0,1,1
detrooit,1,0,1
dets,1,2,3
detta,0,1,1
dette,0,1,1
detto,0,2,2
dettol,2,3,5
dettorie,1,0,1
deu,8,4,12
deuce,10,2,12
deuces,2,4,6
deuchebags,0,1,1
deucie,1,0,1
deuczz,0,1,1
deur,0,1,1
deus,3,4,7
deustch,1,0,1
deutch,0,2,2
deutera,0,1,1
deuteronomy,0,1,1
deutsch,9,6,15
deutsche,3,5,8
deutscher,0,1,1
deutschland,6,8,14
deutschlands,1,0,1
deutshe,0,1,1
deutzia,0,1,1
deux,8,14,22
dev,140,139,279
deva,1,5,6
devacurl,1,0,1
devaluation,1,1,2
devaluing,0,1,1
devamastation,1,0,1
devan,4,2,6
devanagari,1,0,1
devans,1,1,2
devant,0,2,2
devart,1,2,3
devastatd,1,0,1
devastate,1,1,2
devastated,152,7,159
devastatedd,1,0,1
devastating,49,4,53
devastatingly,3,0,3
devastation,7,1,8
devastator,1,0,1
devasted,10,0,10
devasting,5,0,5
devastingly,1,0,1
devaststed,1,0,1
devaughn,1,2,3
devcon,1,1,2
devd,1,1,2
devdas,1,1,2
devday,1,1,2
devdays,0,3,3
deve,1,7,8
deved,1,0,1
devede,0,1,1
devel,1,2,3
develop,49,72,121
develope,2,1,3
developed,77,52,129
developement,2,1,3
developemental,0,1,1
developer,64,120,184
developers,53,66,119
developin,0,2,2
developing,71,61,132
development,137,167,304
developmental,2,3,5
developmentally,1,0,1
developments,9,9,18
developmnt,0,2,2
developped,1,0,1
developper,1,1,2
develops,2,10,12
develover,0,1,1
develped,0,1,1
develpment,1,0,1
devendra,1,2,3
deventer,0,1,1
devera,0,1,1
devereux,0,1,1
deveria,1,0,1
deveriam,1,0,1
deverie,1,0,1
devers,0,1,1
deverstated,2,0,2
devestated,17,1,18
devestating,6,0,6
devestatingly,0,1,1
deveststed,1,0,1
devetrice,2,0,2
devexpress,0,2,2
devi,1,3,4
devia,0,1,1
devianart,0,1,1
deviant,6,14,20
deviantart,8,39,47
deviantid,0,1,1
deviantly,0,1,1
deviants,1,1,2
deviate,2,1,3
deviated,3,1,4
deviating,0,1,1
deviation,1,2,3
deviations,2,0,2
device,155,104,259
devicee,1,0,1
devices,40,36,76
devie,1,0,1
devied,0,1,1
devient,1,0,1
devigners,0,1,1
deviiiiii,1,0,1
devil,149,178,327
devildare,1,0,1
devilder,1,0,1
devildriver,2,0,2
deviled,2,3,5
devilish,1,8,9
devilkitty,1,0,1
devill,0,1,1
deville,2,2,4
devilled,1,0,1
devillish,0,1,1
devilock,1,0,1
devils,16,45,61
devilsaur,1,0,1
devin,31,34,65
devina,1,0,1
devinadevina,0,1,1
devinci,1,0,1
devine,7,13,20
devinee,0,1,1
devini,0,1,1
devins,1,2,3
devion,0,1,1
devious,2,15,17
deviously,0,1,1
devise,3,3,6
devised,1,0,1
devising,0,2,2
devistated,19,1,20
devistating,4,0,4
devistation,1,0,1
deviti,1,0,1
devito,3,3,6
devizes,2,2,4
devkit,1,0,1
devlin,1,1,2
devlist,1,0,1
devlit,0,1,1
devloping,2,0,2
devlopment,1,1,2
devmeet,0,2,2
devmo,1,0,1
devner,0,1,1
devnest,0,1,1
devo,79,15,94
devod,0,1,1
devodevodevo,1,0,1
devoe,0,1,1
devoed,2,0,2
devoedd,0,1,1
devoid,8,1,9
devoir,1,0,1
devoirs,2,0,2
devol,0,1,1
devolution,2,1,3
devolve,3,1,4
devolved,0,1,1
devolver,1,0,1
devon,66,59,125
devoncountyshow,0,1,1
devonna,2,0,2
devonne,0,3,3
devonnn,1,0,1
devons,2,0,2
devonshire,0,1,1
devonte,0,1,1
devooo,6,1,7
devooooo,1,0,1
devoradores,0,1,1
devorced,1,0,1
devorcing,1,0,1
devos,4,1,5
devosis,1,0,1
devostated,1,0,1
devotchka,2,1,3
devotd,1,0,1
devote,5,11,16
devoted,19,17,36
devotedly,1,0,1
devotee,2,3,5
devotees,1,1,2
devoti,0,1,1
devoting,2,0,2
devotion,3,12,15
devotional,1,2,3
devotionals,0,1,1
devotions,2,5,7
devour,9,19,28
devoured,17,11,28
devourer,0,2,2
devouring,4,8,12
devours,1,2,3
devout,2,1,3
devoyke,0,1,1
devoz,0,1,1
devrais,0,1,1
devras,1,0,1
devrin,1,0,1
devry,0,1,1
devs,23,18,41
devss,1,0,1
devstateddd,1,0,1
devteach,1,3,4
devteam,1,0,1
devteamfail,1,0,1
devteams,1,0,1
devunity,0,1,1
devvd,0,1,1
devvoddd,1,0,1
devvv,1,0,1
devwatch,1,0,1
devy,1,2,3
devyn,0,1,1
devyne,0,1,1
dew,79,81,160
dewa,0,2,2
dewan,0,1,1
dewar,0,1,1
dewaynes,0,1,1
dewaynethompson,1,0,1
dewberry,1,0,1
dewd,1,2,3
dewell,0,1,1
dewey,5,9,14
dewgong,1,0,1
dewi,2,3,5
dewight,0,1,1
dewin,0,1,1
dewism,0,1,1
dewist,0,1,1
dewitt,2,1,3
dewless,1,0,1
dewna,0,1,1
dewormed,0,1,1
deworming,1,1,2
dewpixel,1,0,1
dews,3,1,4
dewski,0,1,1
dewsoldiergirl,0,1,1
dewy,2,2,4
dex,10,10,20
dexaggerating,0,1,1
dexfest,1,0,1
dexpro,0,1,1
dext,0,1,1
dexter,64,85,149
dexterity,0,2,2
dexterous,0,1,1
dexterrr,0,1,1
dexters,1,2,3
dextroscoliosis,1,0,1
dextrose,4,0,4
dextrosed,0,1,1
dexy,2,3,5
dey,62,35,97
deyallar,1,0,1
deyantay,0,1,1
deyhdrated,0,1,1
deym,2,1,3
deyn,2,1,3
deyor,1,0,1
deyoung,1,1,2
deyre,2,0,2
deyum,1,0,1
deyyy,0,1,1
dez,10,12,22
dezam,1,0,1
dezamagit,1,0,1
dezastre,0,1,1
dezbate,0,1,1
dezcanzen,0,1,1
deze,1,3,4
dezember,0,1,1
dezerita,1,0,1
dezi,1,1,2
dezign,0,1,1
dezirae,0,1,1
dezja,0,1,1
dezo,0,1,1
deztiny,0,1,1
dezyay,0,1,1
dezz,0,1,1
dezzi,0,1,1
dezzy,1,0,1
df,13,10,23
dfa,1,1,2
dfail,0,1,1
dfasljk,1,0,1
dfb,1,8,9
dfc,3,1,4
dfcbnnvchfcydrd,1,0,1
dfec,1,0,1
dfeest,0,1,1
dfegfyuegtuhe,1,0,1
dfeinately,1,0,1
dfer,2,0,2
dfest,0,1,1
dffclt,1,0,1
dfferent,2,0,2
dffernt,0,1,1
dfgdslkjhg,1,0,1
dfghjasdfhklsdhf,1,0,1
dfghjkl,0,1,1
dfghjseryu,0,1,1
dfghrugjhaeghjulhhdf,1,0,1
dfguertgd,0,1,1
dfh,1,0,1
dfing,0,1,1
dfinition,0,1,1
dfish,0,4,4
dfizz,1,0,1
dfizzy,7,25,32
dfizzyyy,1,0,1
dfj,2,0,2
dfjdslkfjd,1,0,1
dfjhgkdf,1,0,1
dfjhgkg,0,1,1
dfkgtjtkhj,1,0,1
dfkjajkl,1,0,1
dfl,0,1,1
dfm,1,2,3
dfn,1,0,1
dfntly,0,1,1
dfo,4,5,9
dfoa,0,1,1
dfolz,1,0,1
dfor,1,1,2
dforum,1,0,1
dfream,0,1,1
dfs,2,13,15
dfsfhsfhdfhsdfhlk,1,0,1
dftba,3,9,12
dfu,5,1,6
dfunk,1,0,1
dfvp,0,3,3
dfw,20,22,42
dfwwp,1,0,1
dfx,0,1,1
dfyfgfhgjkrrrgh,1,0,1
dg,7,15,22
dgaf,2,2,4
dganggu,0,1,1
dgao,1,5,6
dgardens,1,0,1
dgb,1,2,3
dgbians,0,1,1
dgd,2,1,3
dgds,1,0,1
dge,1,0,1
dgeek,2,0,2
dgf,0,1,1
dgg,1,0,1
dghter,0,1,1
dghtr,2,2,4
dgi,0,1,1
dgk,1,0,1
dgknfdgjrfdsbhrzens,1,0,1
dglasses,0,1,1
dgn,4,8,12
dgo,0,1,1
dgof,0,1,1
dgoody,0,2,2
dgplug,0,1,1
dgq,0,1,1
dgr,1,4,5
dgree,1,0,1
dgrees,0,2,2
dgrin,1,0,1
dgringolocor,0,1,1
dgroup,1,1,2
dgs,1,2,3
dgssss,1,0,1
dgt,2,0,2
dgtr,1,0,1
dgtweets,1,0,1
dh,154,127,281
dha,12,35,47
dhaa,1,1,2
dhaaaat,0,1,1
dhaaba,0,1,1
dhaari,1,0,1
dhaba,2,2,4
dhabi,13,16,29
dhadsfja,0,1,1
dhaka,2,3,5
dhakkan,0,1,1
dhall,1,1,2
dhamani,0,1,1
dhamma,0,1,1
dhammadinna,0,1,1
dhan,1,1,2
dhana,1,1,2
dhani,4,4,8
dhanmondi,0,1,1
dhannobad,0,1,1
dhantar,1,0,1
dharam,1,0,1
dharamshala,0,1,1
dharamveer,0,2,2
dharan,1,0,1
dharla,0,1,1
dharma,4,8,12
dharmawangsa,1,0,1
dharmendra,0,1,1
dharsh,1,0,1
dharshan,0,2,2
dhat,2,10,12
dhats,0,6,6
dhaye,0,1,1
dhb,1,0,1
dhc,1,3,4
dhcp,12,1,13
dhe,4,3,7
dhea,0,2,2
dhead,1,0,1
dhee,0,2,2
dheeh,0,1,1
dhell,1,0,1
dhellohannah,0,1,1
dhempe,0,6,6
dhen,2,1,3
dheng,1,0,1
dherai,0,1,1
dhern,0,1,1
dhert,1,0,1
dhewlett,1,0,1
dhey,0,1,1
dhfkjdh,1,0,1
dhfs,1,0,1
dhgymn,1,0,1
dhh,0,1,1
dhhs,1,0,1
dhi,0,1,1
dhie,2,0,2
dhillon,0,1,1
dhimple,1,0,1
dhinchak,0,1,1
dhini,0,1,1
dhira,1,0,1
dhis,2,1,3
dhivehi,0,1,1
dhivya,1,0,1
dhiyaana,0,1,1
dhk,1,0,1
dhl,8,6,14
dhmb,1,0,1
dhmptn,0,1,1
dhms,0,1,1
dhnriverside,0,1,1
dho,2,3,5
dhobi,0,2,2
dhoby,0,1,1
dhodakotb,0,1,1
dhoka,0,1,1
dhokebaaz,1,0,1
dhol,1,1,2
dholki,2,0,2
dhona,1,0,1
dhone,1,0,1
dhoni,16,10,26
dhonnachadha,0,1,1
dhonnobad,1,0,1
dhonyobaad,0,1,1
dhoomed,1,0,1
dhotkd,0,1,1
dhouse,1,0,1
dhoward,1,0,1
dhp,0,1,1
dhq,1,2,3
dhru,0,1,1
dhs,4,2,6
dht,1,1,2
dhtml,1,2,3
dhtr,0,1,1
dhude,1,0,1
dhughesy,0,1,1
dhum,1,0,1
dhumchik,0,1,1
dhuniyeyga,0,1,1
dhush,1,0,1
dhut,1,0,1
dhw,3,2,5
dhyana,0,1,1
di,233,287,520
dia,74,237,311
diaa,0,1,1
diaaa,0,1,1
diaaaaaaaa,0,1,1
diaaaaaaaaaaaaa,0,1,1
diaaaablo,1,0,1
diaas,0,1,1
diab,0,3,3
diabeates,0,1,1
diabeetus,1,0,1
diabetes,73,28,101
diabetesare,1,0,1
diabetic,24,14,38
diabetics,2,0,2
diabeties,2,0,2
diabetis,1,0,1
diabites,1,0,1
diabled,0,2,2
diablo,14,18,32
diablos,0,1,1
diabolic,0,1,1
diabolical,1,5,6
diabolo,0,1,1
diabos,1,0,1
diac,0,1,1
diaclone,2,0,2
diacoele,0,1,1
diacritice,2,0,2
diadematus,0,1,1
diadems,0,1,1
diaf,2,1,3
diafine,0,1,1
diag,2,0,2
diaghilev,0,1,1
diagnol,1,0,1
diagnose,6,4,10
diagnosed,73,12,85
diagnosig,1,0,1
diagnosing,3,3,6
diagnosis,38,6,44
diagnostic,7,3,10
diagnostics,1,0,1
diagon,1,1,2
diagonal,2,2,4
diagonally,2,4,6
diagonaly,1,0,1
diagonosed,1,0,1
diagram,15,6,21
diagrams,5,7,12
diagraph,0,1,1
diagrm,1,0,1
diah,0,1,1
diahhrea,0,1,1
diahorrea,3,1,4
diajak,2,1,3
diajarin,0,1,1
dial,102,43,145
diala,2,0,2
dialated,7,0,7
dialcted,1,0,1
dialect,3,11,14
dialectic,0,1,1
dialecticals,0,1,1
dialectics,0,1,1
dialects,1,4,5
dialed,12,5,17
dialer,2,0,2
dialga,0,1,1
dialidol,0,2,2
dialight,1,0,1
dialing,8,14,22
dialler,1,0,1
dialling,3,2,5
dialog,9,10,19
dialoge,0,1,1
dialogs,0,2,2
dialogue,19,37,56
dialogues,0,4,4
dialoguesthatsux,0,1,1
dialouges,0,1,1
dials,2,1,3
dialtone,1,0,1
dialup,17,5,22
dialysate,1,0,1
dialysis,6,4,10
diam,0,1,1
diamant,0,1,1
diamante,1,0,1
diamanti,0,1,1
diamarketing,0,1,1
diameter,2,1,3
diametrical,0,1,1
diamo,0,1,1
diamon,2,0,2
diamond,90,95,185
diamondback,3,5,8
diamondbacks,0,1,1
diamondhead,0,2,2
diamondjames,1,0,1
diamondozen,0,1,1
diamondplace,0,1,1
diamonds,23,56,79
dian,4,1,5
diana,48,80,128
dianaa,0,1,1
dianaaaa,0,1,1
dianachat,0,1,1
dianakatsuichiwanna,0,1,1
dianamogaaaa,0,1,1
dianas,1,3,4
dianashome,1,0,1
diandra,1,0,1
diane,16,44,60
dianee,1,0,1
dianes,0,1,1
dianey,0,1,1
diangkat,1,0,1
diangkut,1,0,1
diani,0,1,1
dianita,1,0,1
diann,0,1,1
dianna,3,7,10
diannaaaa,1,0,1
dianne,7,7,14
diannes,0,1,1
diantara,0,1,1
diao,7,6,13
diap,1,0,1
diapain,0,1,1
diaper,36,31,67
diapers,20,41,61
diaphragm,2,1,3
diaphragms,0,1,1
diapointed,1,0,1
diapointing,1,0,1
diappers,1,0,1
diappointed,4,0,4
diappointment,2,0,2
diare,1,0,1
diarea,1,0,1
diaretic,1,0,1
diarhea,3,1,4
diaria,1,0,1
diaried,0,1,1
diaries,16,41,57
diariha,1,0,1
diariiiies,0,1,1
diario,0,1,1
diarise,0,1,1
diarohea,1,0,1
diarra,1,0,1
diarrea,1,0,1
diarrhea,26,3,29
diarrhoea,4,1,5
diary,57,82,139
diaryland,1,0,1
dias,16,47,63
diaspora,4,1,5
diass,1,0,1
diassss,0,1,1
diaster,0,1,1
diatas,1,0,1
diatom,1,0,1
diatribe,0,1,1
diatribes,1,0,1
diatur,0,1,1
diavlo,1,0,1
diay,1,5,6
diaz,17,6,23
diazepam,1,0,1
dib,0,1,1
diba,11,10,21
dibahas,1,0,1
dibali,1,0,1
dibangunin,1,0,1
dibawa,1,0,1
dibaweln,0,1,1
dibayarrrr,0,1,1
dibbels,0,1,1
dibbs,1,5,6
dibby,2,0,2
dibeli,1,1,2
dibeliinya,0,1,1
dibendetto,0,1,1
dibetulin,1,0,1
dibiase,1,0,1
dibidis,0,2,2
dibikin,0,2,2
dibikinin,0,1,1
dibley,2,5,7
dibls,1,0,1
dibodoh,0,1,1
dibokir,0,1,1
dibruno,2,0,2
dibs,12,19,31
dibster,0,1,1
dibuat,1,0,1
dibuka,0,1,1
diburu,1,0,1
dibusaki,0,1,1
dibz,1,0,1
dic,2,10,12
dica,0,3,3
dicabut,1,0,1
dicap,1,0,1
dicaprio,7,9,16
dicari,0,1,1
dicat,1,0,1
dicc,0,1,1
diccccck,1,0,1
dice,63,36,99
diced,3,2,5
dicek,1,0,1
dicen,0,2,2
diceritain,1,0,1
dicersity,0,1,1
dicey,1,2,3
dich,6,16,22
dicher,1,0,1
dicho,0,3,3
dichotomies,0,1,1
dichotomy,0,1,1
dichro,1,0,1
dichroic,0,2,2
dichter,0,2,2
dicided,1,3,4
diciembre,1,0,1
diciembres,1,0,1
dicing,2,1,3
dicipline,0,1,1
dick,203,197,400
dickblick,0,1,1
dickbreath,0,1,1
dickbutt,0,1,1
dicked,3,1,4
dickens,3,13,16
dickensian,0,1,1
dickenson,1,0,1
dickensurl,0,1,1
dickers,0,1,1
dickerson,0,2,2
dickes,0,1,1
dickey,0,1,1
dickface,2,0,2
dickfork,0,1,1
dickhead,15,5,20
dickheaded,1,0,1
dickheads,8,2,10
dickhole,0,2,2
dickholes,0,1,1
dickie,2,3,5
dickies,1,2,3
dicking,1,0,1
dickinson,6,5,11
dickinsons,0,1,1
dickish,1,0,1
dickk,1,2,3
dickkkk,0,1,1
dickless,1,0,1
dicklet,0,3,3
dicklickin,0,1,1
dickload,1,0,1
dickmorris,0,1,1
dicko,3,1,4
dickory,0,1,1
dickpound,0,1,1
dicks,38,21,59
dickshit,1,0,1
dickson,4,4,8
dickthrust,1,0,1
dickwads,1,0,1
dickweed,1,1,2
dickweeds,0,1,1
dickwotsit,0,1,1
dicky,5,4,9
dickys,0,1,1
dico,0,2,2
diconeccted,1,0,1
diconnected,1,0,1
dicount,0,1,1
dicovered,2,1,3
dicovery,0,1,1
dicrapio,0,1,1
dicrease,1,0,1
dicsc,0,1,1
dict,1,1,2
dictaphone,0,1,1
dictashion,1,0,1
dictate,1,3,4
dictated,2,1,3
dictates,1,1,2
dictating,4,3,7
dictation,2,3,5
dictator,5,4,9
dictators,1,0,1
dictatorship,4,2,6
dicth,1,0,1
diction,1,4,5
dictionaries,4,1,5
dictionary,40,81,121
dictionarys,2,0,2
dictor,1,0,1
dictum,1,0,1
diculik,1,1,2
diculous,1,0,1
dicurigain,1,0,1
dicuss,1,0,1
dicussed,1,0,1
dicussing,0,2,2
dicussion,0,1,1
dicvorced,1,0,1
did,28272,17865,46137
didalam,1,0,1
didbin,1,0,1
didcha,2,0,2
didcot,2,0,2
didd,3,5,8
didda,2,0,2
diddd,1,1,2
didddd,1,2,3
didddeeeeiii,0,1,1
diddent,2,1,3
diddified,0,1,1
diddimus,0,1,1
diddint,0,1,1
diddle,2,3,5
diddles,1,0,1
diddley,0,2,2
diddleys,2,0,2
diddling,0,1,1
diddly,6,4,10
diddn,2,1,3
diddnt,7,2,9
diddo,1,1,2
diddums,2,2,4
diddy,57,91,148
diddys,1,0,1
dide,2,0,2
didee,0,1,1
diden,2,0,2
dident,13,2,15
didert,1,0,1
didge,1,0,1
didgeredo,0,1,1
didgeridoo,1,5,6
didgers,1,0,1
didgets,1,0,1
didgg,1,0,1
didi,9,11,20
didia,0,1,1
didier,1,3,4
didin,12,1,13
diding,1,0,1
didint,10,4,14
didioooo,1,0,1
didis,1,0,1
diditleak,0,1,1
didja,8,14,22
didju,0,1,1
didlike,1,0,1
didmakeupontrainme,1,0,1
didn,138,54,192
didna,1,0,1
didnae,2,1,3
didni,1,0,1
didnlt,0,1,1
didnnt,1,0,1
didnot,0,1,1
didnr,2,0,2
didnrt,1,0,1
didnt,5081,1530,6611
didntb,0,1,1
didntcha,0,2,2
didntfind,0,1,1
didnthave,1,0,1
didntknow,1,0,1
didntmeantoscareyou,1,0,1
didnto,1,0,1
didntt,1,4,5
didnttt,1,0,1
didntttt,0,1,1
didntveven,1,0,1
didntwork,1,0,1
didnu,1,0,1
didny,1,0,1
dido,3,7,10
didoain,1,0,1
dids,1,1,2
didsapointed,1,0,1
didsbury,1,0,1
didt,4,0,4
didtched,0,1,1
didthat,1,0,1
didthe,0,1,1
didtn,0,1,1
didtnt,1,0,1
didto,0,2,2
didu,0,2,2
diduknow,0,1,1
didums,1,0,1
didya,1,3,4
didyehlikethat,0,1,1
didzd,0,1,1
die,1768,681,2449
diebloodsuckersdiedie,0,1,1
diecast,1,0,1
diect,0,1,1
died,3475,281,3756
diedd,5,1,6
dieddd,3,1,4
diedddd,4,0,4
dieddddddd,1,0,1
dieded,0,1,1
diedit,0,1,1
diee,4,1,5
dieee,5,2,7
dieeee,7,3,10
dieeeee,2,1,3
dieeeeed,1,0,1
dieeeeee,3,1,4
dieeeeeee,2,1,3
dieeeeeeeeee,1,0,1
dieeeeeeettt,1,0,1
dief,1,1,2
dieg,2,0,2
diegans,1,0,1
diegito,0,1,1
diego,240,226,466
diegoan,1,0,1
diegoglumbao,1,0,1
diegoians,0,1,1
diegoooo,0,1,1
diegooooo,0,1,1
diegoooooooo,2,0,2
diegos,0,1,1
diegotown,0,1,1
dieguito,0,1,1
diehard,1,6,7
diehards,1,1,2
diein,4,1,5
dieinamethfire,0,1,1
dieing,70,13,83
dieingggg,3,0,3
diekksnfa,1,0,1
diem,9,16,25
dien,5,3,8
dieng,1,0,1
dienkarat,0,1,1
dienstag,0,1,1
dieorg,0,1,1
diep,1,0,1
diepen,1,0,1
dieppe,1,0,1
diepset,1,0,1
dier,2,1,3
dierberg,1,0,1
dierect,1,0,1
dierespectful,1,0,1
dierhea,0,1,1
dierk,1,0,1
dierks,11,8,19
dierrah,1,0,1
dierreah,1,0,1
dies,331,74,405
diesal,1,0,1
diese,1,2,3
diesease,1,0,1
diesel,30,29,59
dieselboy,0,1,1
dieselcup,1,0,1
diesels,1,0,1
diesem,0,2,2
diesen,1,0,1
dieser,0,1,1
dieses,1,0,1
diesmal,0,1,1
diess,1,0,1
diessssss,1,0,1
diet,623,425,1048
dietary,1,2,3
dietcoke,0,1,1
dietcoketime,0,1,1
dieted,1,1,2
dieter,2,2,4
dietetics,2,1,3
dietfail,1,0,1
dietician,1,1,2
dieties,0,1,1
dieting,54,17,71
dietitian,5,1,6
dietmountaindew,1,0,1
dietrich,0,2,2
diets,27,13,40
dietting,0,1,1
dieu,1,2,3
diewa,1,0,1
diex,1,0,1
diez,4,2,6
dif,19,15,34
difc,1,0,1
difefrence,0,1,1
diference,0,3,3
diferent,6,3,9
diferente,0,1,1
diferentes,0,1,1
diferently,0,1,1
diferents,1,1,2
diff,179,142,321
diffage,1,0,1
diffcult,2,1,3
diffculties,0,1,1
diffeent,2,0,2
diffence,0,1,1
diffenents,1,0,1
diffent,0,1,1
differ,12,16,28
differa,0,1,1
differance,2,0,2
differant,2,2,4
differen,3,1,4
difference,275,373,648
differenceee,1,0,1
differences,36,42,78
differenciate,2,0,2
differendes,0,1,1
differene,0,1,1
different,1077,1346,2423
differential,6,3,9
differentials,0,1,1
differentiate,3,2,5
differentiated,0,1,1
differentiates,0,2,2
differentiating,1,0,1
differentiation,1,0,1
differentiator,0,1,1
differentiators,1,0,1
differently,38,42,80
differents,2,2,4
differentss,0,1,1
differentt,0,1,1
differin,1,0,1
differing,1,4,5
differnce,0,1,1
differnece,1,0,1
differnet,0,1,1
differnt,10,4,14
differntiate,1,0,1
differrently,0,1,1
differs,2,4,6
diffferent,1,0,1
difffff,1,0,1
difficile,5,0,5
difficualt,1,0,1
difficul,2,0,2
difficult,701,287,988
difficultest,1,0,1
difficulties,68,20,88
difficultly,1,0,1
difficults,1,0,1
difficultteens,0,1,1
difficulty,35,17,52
difficuties,1,0,1
diffikulty,1,0,1
diffing,0,1,1
diffiuclt,1,0,1
diffmerge,0,1,1
diffr,0,1,1
diffrence,3,1,4
diffrences,0,1,1
diffrent,9,10,19
diffrerence,0,1,1
diffs,3,0,3
difft,2,3,5
diffuclty,0,1,1
diffucult,1,1,2
diffuse,0,2,2
diffuser,3,2,5
diffusing,1,0,1
diffusion,1,0,1
diffy,0,1,1
dificil,7,1,8
dificult,7,1,8
dificulties,2,0,2
dificulty,1,0,1
difinately,0,1,1
difinitely,0,2,2
difinitly,0,1,1
difj,0,1,1
difollow,0,1,1
difotoooo,0,1,1
difranco,0,2,2
difrence,1,0,1
difrnt,0,1,1
difuculties,0,1,1
difussing,1,0,1
dig,102,285,387
diga,2,2,4
digamy,1,0,1
diganggu,0,1,1
digas,0,1,1
digbeth,1,0,1
digby,5,11,16
digbyholic,0,1,1
dige,1,0,1
digerati,1,1,2
digeriste,0,1,1
digest,20,23,43
digested,3,3,6
digestible,1,0,1
digestif,0,3,3
digesting,8,6,14
digestion,3,5,8
digestions,1,0,1
digestive,18,8,26
digestives,8,4,12
digestorius,1,0,1
digests,2,0,2
digg,40,96,136
diggable,0,1,1
diggbar,0,2,2
digged,0,1,1
diggedy,0,1,1
diggen,0,1,1
digger,12,12,24
diggers,1,7,8
diggfrontpage,1,0,1
diggg,0,4,4
digggg,0,1,1
diggi,0,2,2
diggies,1,0,1
diggin,35,80,115
digging,104,127,231
diggity,4,15,19
diggle,0,1,1
diggles,1,0,1
diggn,0,1,1
diggnation,15,10,25
diggnations,0,1,1
diggory,3,4,7
diggorys,2,0,2
diggreel,0,1,1
diggs,6,6,12
diggshout,0,3,3
diggshouts,0,4,4
diggsz,0,1,1
digguser,0,1,1
diggy,2,5,7
digi,18,13,31
digiatal,2,0,2
digibcast,1,0,1
digibox,1,0,1
digibroke,0,1,1
digicam,13,3,16
digicams,1,1,2
digicel,0,1,1
digicorder,1,0,1
digidesign,1,0,1
digidiksmay,0,1,1
digifreq,0,1,1
digimon,7,4,11
digin,0,1,1
diging,0,1,1
diginified,0,1,1
diginiin,1,0,1
digiorgi,0,1,1
digiornio,0,1,1
digiorno,1,1,2
digiovanni,1,0,1
digipack,1,0,1
digipawn,0,1,1
digiprint,1,0,1
digiqom,0,1,1
digiscoping,1,1,2
digiscrap,0,2,2
digit,18,10,28
digital,216,206,422
digitalbritain,3,1,4
digitalchalk,0,1,1
digitaldinners,0,1,1
digitale,0,1,1
digitalhero,0,1,1
digitalimpregnation,0,1,1
digitalism,1,0,1
digitalize,0,1,1
digitaljournal,0,1,1
digitally,8,6,14
digitalnomads,0,1,1
digitalocracy,0,1,1
digitalplanet,1,1,2
digitalplanetsa,0,2,2
digitalpoint,0,1,1
digitals,0,1,1
digitalsetstudio,0,1,1
digitas,1,0,1
digitech,1,0,1
digitel,0,1,1
digitial,0,1,1
digitisation,1,0,1
digitising,1,0,1
digitize,0,2,2
digitized,0,3,3
digitizing,1,1,2
digits,23,39,62
digitsl,0,1,1
digitss,0,1,1
digitty,0,2,2
digiturk,0,1,1
digitweet,0,3,3
digity,0,1,1
digityt,0,1,1
digitz,1,0,1
digivice,0,1,1
digiweb,1,0,1
dign,0,2,2
digne,0,1,1
dignified,0,2,2
dignify,1,0,1
dignitey,1,0,1
dignity,11,12,23
digno,1,1,2
dignosis,0,1,1
digo,0,3,3
digorno,1,0,1
digre,1,0,1
digress,3,4,7
digressed,1,0,1
digresses,1,0,1
digressing,1,0,1
digressions,1,0,1
digs,10,31,41
digsby,10,15,25
digsignagetoday,1,0,1
diguise,0,1,1
digunakan,0,1,1
digusted,2,0,2
digusting,1,0,1
digustingly,1,0,1
digweed,1,0,1
digz,0,1,1
dih,1,0,1
dihapus,1,1,2
diharapkan,1,0,1
diharrhea,1,0,1
dihd,0,1,1
dii,4,3,7
diia,2,3,5
diick,1,0,1
diid,5,2,7
diidnt,2,0,2
diie,1,1,2
diieeeee,1,0,1
diiferent,1,0,1
diifferencee,0,1,1
diigo,1,4,5
diiia,0,1,1
diiick,0,1,1
diiid,0,1,1
diiied,1,0,1
diiieeeee,1,0,1
diiiia,0,1,1
diiiiee,1,0,1
diiiiickssss,0,1,1
diiiiid,0,2,2
diiiiiiaaaaa,0,1,1
diiiiiie,1,0,1
diiiiiiie,1,0,1
diiiiiiiet,0,1,1
diiiiiiiiiiia,0,1,1
diiiiiiiiiiid,0,1,1
diiiiiiint,0,1,1
diiiiiiirrrrtyyy,0,1,1
diiiiiive,0,1,1
diiiirty,1,0,1
diiinner,0,1,1
diilangin,1,1,2
diiner,0,1,1
diinner,0,1,1
diino,2,0,2
diirrrdy,1,0,1
diirrrrrttttyyyyy,0,1,1
diirty,0,1,1
diis,2,1,3
diisapoiinted,1,0,1
diiscussed,0,1,1
dijaga,0,1,1
dijagain,1,0,1
dijatah,0,1,1
dije,0,1,1
dijeron,0,1,1
dijk,0,1,1
dijkstra,0,1,1
dijkt,0,1,1
dijo,0,1,1
dijon,3,4,7
dijual,0,1,1
dik,2,1,3
dika,0,1,1
dikamarnya,0,1,1
dikash,1,0,1
dikasih,2,2,4
dikasihnya,0,1,1
dikatain,1,0,1
dikc,0,1,1
dike,3,2,5
diker,0,1,1
dikey,1,0,1
dikh,0,1,1
dikheaddddd,1,0,1
dikhla,0,1,1
dikhyuio,1,0,1
dikir,0,1,1
dikit,3,4,7
dikla,1,0,1
diklat,0,1,1
diks,1,0,1
diky,0,4,4
dil,5,16,21
diladid,1,0,1
dilah,0,1,1
dilan,2,1,3
dilanjut,1,0,1
dilapidated,0,1,1
dilarang,0,1,1
dilariously,0,1,1
dilated,7,6,13
dilating,1,1,2
dilation,1,1,2
dilaudid,1,1,2
dilaw,0,1,1
dilay,0,1,1
dilbert,1,8,9
dilbertdroid,1,0,1
dildo,8,22,30
dildof,0,1,1
dildos,0,5,5
dile,1,0,1
dilema,14,3,17
dilemaa,0,1,1
dilemas,1,0,1
dileme,1,0,1
dilemia,1,0,1
dilemma,57,29,86
dilemmas,3,1,4
dilemmassss,1,0,1
dilemna,2,0,2
diley,0,1,1
dilf,2,3,5
dilfs,0,1,1
dili,4,1,5
dilia,1,0,1
diliat,1,1,2
diligaf,1,0,1
diligence,2,3,5
diligent,4,3,7
diligently,2,7,9
dilihaaat,0,1,1
diliman,1,2,3
dilip,1,0,1
dilis,0,1,1
dill,18,16,34
dilla,9,11,20
dillaaaa,0,1,1
dillah,1,0,1
dillan,0,1,1
dillans,0,1,1
dillards,1,3,4
dillema,1,0,1
dillematic,1,0,1
dilley,0,1,1
dillhole,1,1,2
dilli,4,2,6
dilligaf,1,0,1
dilligance,1,0,1
dilligence,0,2,2
dilligent,0,1,1
dilligently,1,0,1
dillingen,0,1,1
dillinger,0,1,1
dillio,1,0,1
dillion,0,3,3
dillions,0,1,1
dilliwallah,0,1,1
dillo,4,2,6
dillon,10,10,20
dillons,0,1,1
dilloooo,0,1,1
dillweed,0,1,1
dilly,5,5,10
dillybar,0,1,1
dillyo,0,1,1
dilmun,0,1,1
dilodid,0,1,1
dilooooooo,1,0,1
dilraj,0,1,1
dilt,1,0,1
diluar,1,0,1
diluca,1,1,2
dilusional,0,2,2
dilute,1,3,4
diluted,0,2,2
diluting,1,0,1
dilutive,1,0,1
dily,0,1,1
dilz,0,1,1
dim,60,50,110
dima,2,5,7
dimaafkan,1,0,1
dimaag,1,0,1
dimag,0,1,1
dimaggio,0,1,1
dimakan,1,0,1
dimaklumi,0,1,1
dimana,2,7,9
dimanche,1,3,4
dimarain,1,0,1
dimarrays,0,1,1
dimartinos,0,1,1
dimarts,0,1,1
dimas,5,4,9
dimasukin,0,1,1
dimbleby,0,2,2
dimbology,0,1,1
dimdim,2,1,3
dime,18,31,49
dimebag,3,0,3
dimension,4,7,11
dimensional,3,2,5
dimensionally,0,1,1
dimensions,2,10,12
dimes,7,10,17
dimestore,0,1,1
dimetapp,2,1,3
dimey,0,1,1
dimi,2,0,2
dimineatea,0,1,1
dimineatza,1,0,1
diminetii,0,1,1
diming,1,0,1
diminish,1,4,5
diminished,5,0,5
diminishes,1,0,1
diminishing,8,1,9
diminuiriam,0,1,1
diminutive,0,2,2
dimirtov,1,0,1
dimissed,1,0,1
dimitri,2,4,6
dimitrii,0,1,1
dimitrious,0,1,1
dimitris,1,0,1
dimitrov,1,0,1
dimitry,1,0,1
dimly,1,0,1
dimm,4,0,4
dimmed,2,2,4
dimmer,2,2,4
dimmers,0,1,1
dimming,3,0,3
dimmn,1,0,1
dimness,0,1,1
dimonds,0,2,2
dimos,1,0,1
dimpe,0,1,1
dimple,1,9,10
dimples,14,28,42
dimplez,1,0,1
dimploma,0,1,1
dims,1,2,3
dimsims,1,0,1
dimsum,12,15,27
dimsums,0,1,1
dimv,0,1,1
dimwit,1,0,1
dimwits,1,0,1
din,157,265,422
dina,23,19,42
dinaaaa,0,1,1
dinae,1,0,1
dinah,4,2,6
dinara,16,6,22
dinas,1,1,2
dinasaur,1,0,1
dinasour,0,2,2
dind,3,2,5
dinda,0,1,1
dindin,7,13,20
dindins,2,6,8
dindle,2,0,2
dindn,0,1,1
dindt,3,1,4
dine,38,44,82
dined,6,4,10
dineke,0,1,1
dinenr,0,2,2
diner,59,95,154
dinering,2,0,2
dinero,11,3,14
diners,8,6,14
dines,0,1,1
dinesh,0,1,1
diney,0,1,1
dineychannel,0,1,1
dineyland,0,1,1
ding,38,106,144
dingaling,0,1,1
dingbat,1,0,1
dingdingding,0,2,2
dingdongditch,1,0,1
dingdongfriendsss,0,1,1
dinge,1,0,1
dinged,4,1,5
dingen,1,1,2
dinger,1,0,1
dinggggggg,0,1,1
dinggggggggggin,1,0,1
dinghies,1,0,1
dinghy,1,5,6
dinghying,1,0,1
dingiin,1,0,1
dingin,1,1,2
dinging,2,0,2
dingle,1,6,7
dinglenemies,1,0,1
dinglepop,0,1,1
dingles,1,1,2
dingling,1,0,1
dingo,1,3,4
dingong,0,1,1
dingos,1,1,2
dings,2,2,4
dingwalls,1,0,1
dingy,3,4,7
dingyed,1,0,1
dingzed,0,1,1
dinh,1,2,3
dinham,0,1,1
dinheiro,1,0,1
dini,3,1,4
dinie,1,0,1
dinilai,0,1,1
dining,74,77,151
diningclub,0,1,1
dininng,0,1,1
dink,6,10,16
dinka,0,1,1
dinkdom,0,1,1
dinkers,1,0,1
dinki,0,1,1
dinkie,1,1,2
dinkin,0,1,1
dinking,0,2,2
dinklage,1,0,1
dinkle,0,1,1
dinks,0,1,1
dinkus,0,1,1
dinky,7,3,10
dinkytowner,0,1,1
dinl,0,2,2
dinlenmece,0,1,1
dinliyorum,0,1,1
dinn,3,5,8
dinna,5,9,14
dinnaaa,0,1,1
dinnah,2,4,6
dinnahh,1,0,1
dinnahz,0,1,1
dinne,0,2,2
dinneeeeer,0,1,1
dinneeerrrrr,1,0,1
dinneen,0,1,1
dinneezy,1,0,1
dinner,2917,4666,7583
dinnerbe,1,0,1
dinnering,0,2,2
dinneris,1,0,1
dinnerize,0,1,1
dinnerl,1,0,1
dinnerladies,0,1,1
dinnerparty,0,1,1
dinnerr,0,7,7
dinnerrr,1,3,4
dinnerrrr,1,3,4
dinnerrrrr,1,0,1
dinnerrrrrrr,0,1,1
dinnerrrrrrrr,0,1,1
dinnerrrrrrrrr,1,0,1
dinners,50,36,86
dinnershereka,0,1,1
dinnerthere,1,0,1
dinnertime,6,13,19
dinnerware,0,1,1
dinnerwith,1,0,1
dinnerz,0,1,1
dinnew,1,0,1
dinning,4,1,5
dinnint,0,1,1
dinnnaaaa,0,1,1
dinnnaarr,1,0,1
dinnner,1,8,9
dinnnerrrr,0,1,1
dinnnner,0,1,1
dinnnnerr,1,0,1
dinnnnn,1,0,1
dinnny,1,1,2
dinno,1,3,4
dinnr,1,1,2
dinns,0,3,3
dinny,1,1,2
dinnyland,0,1,1
dino,19,38,57
dinoberry,1,0,1
dinobot,0,1,1
dinobots,1,0,1
dinoooos,0,1,1
dinopark,0,1,1
dinophobia,1,0,1
dinopol,1,0,1
dinos,5,8,13
dinosaur,40,56,96
dinosaurier,0,1,1
dinosaurrrr,1,0,1
dinosaurs,22,28,50
dinosaurtitties,1,0,1
dinosplaurs,1,0,1
dinot,1,0,1
dinotopia,1,0,1
dinozambas,1,0,1
dinozzo,2,3,5
dinrks,0,1,1
dinrs,1,0,1
dins,8,19,27
dinsey,1,0,1
dinseyworld,0,1,1
dinss,0,1,1
dinstinction,0,1,1
dint,82,34,116
dinter,1,0,1
dintist,0,1,1
dintr,0,2,2
dintre,0,1,1
dinuguan,0,1,1
dinyanyiin,0,1,1
dinz,1,4,5
dio,9,12,21
diobok,1,0,1
diocese,0,1,1
diognosed,1,0,1
diognosis,1,0,1
dioguardi,0,1,1
dioh,1,0,1
diomil,0,1,1
dion,11,17,28
dione,0,2,2
dionee,1,0,1
dionisia,0,2,2
dionnac,0,1,1
dionne,3,4,7
dionneeeeeeeee,1,0,1
dionney,0,1,1
dions,1,0,1
dionsaur,0,1,1
dionusia,1,0,1
dionysus,0,1,1
diophantine,0,2,2
diopname,1,0,1
dioptase,0,1,1
dioquino,1,0,1
dior,19,9,28
diorama,0,3,3
diorang,1,0,1
dioreah,1,0,1
diorg,3,0,3
diors,1,0,1
diorshow,0,1,1
dios,13,4,17
diosito,1,3,4
diossss,1,0,1
diotak,0,1,1
dioxide,2,0,2
dioxin,1,0,1
dip,69,116,185
dipake,0,1,1
dipaksa,1,1,2
dipanggil,0,2,2
dipangkuan,0,1,1
dipastikan,0,1,1
dipe,0,1,1
dipecat,1,0,1
diper,0,1,1
dipers,0,2,2
dipes,1,2,3
dipest,1,0,1
diphenhydramine,1,0,1
dipi,0,1,1
dipiazza,1,0,1
dipikir,1,0,1
dipingit,0,1,1
dipity,1,0,1
diplarbeit,1,0,1
diplay,0,1,1
diples,1,0,1
diplo,4,2,6
diplom,0,3,3
diploma,41,51,92
diplomacy,1,6,7
diplomas,2,3,5
diplomasi,1,0,1
diplomat,2,2,4
diplomatic,3,11,14
diplomatically,0,2,2
diplomats,2,0,2
diplomees,0,1,1
diploms,0,1,1
diplomthesis,0,1,1
diplurk,0,1,1
dipmix,0,1,1
dipndots,1,0,1
dipo,0,3,3
dipole,0,1,1
dipolma,1,0,1
dippability,1,0,1
dipped,25,25,50
dippenaar,0,1,1
dipper,2,4,6
dippers,4,1,5
dippin,15,12,27
dippindots,1,0,1
dipping,15,21,36
dipplng,0,1,1
dippn,0,1,1
dippy,2,4,6
diprato,1,0,1
dipres,1,0,1
diprotect,1,0,1
diprotic,1,0,1
dips,4,16,20
dipsappointing,1,0,1
dipset,1,3,4
dipshit,3,0,3
dipshits,2,1,3
dipstick,1,1,2
diptera,1,0,1
diptheria,1,0,1
diptych,0,1,1
diq,0,1,1
diqqin,0,1,1
diqqy,0,1,1
dique,0,1,1
dir,16,35,51
dira,1,0,1
diraaaa,0,1,1
diraih,0,1,1
dirapihin,0,1,1
dirat,1,0,1
diray,1,0,1
dirayakan,1,0,1
diraz,0,1,1
dirct,1,1,2
dire,62,24,86
direactly,0,1,1
direaha,0,1,1
direbut,0,1,1
direc,0,1,1
direcot,0,1,1
direcs,0,1,1
direct,449,482,931
directed,28,71,99
directer,0,1,1
directeur,0,1,1
directflights,1,0,1
directi,0,2,2
directing,17,31,48
direction,118,128,246
directional,2,0,2
directionally,2,0,2
directiond,1,0,1
directionless,1,0,1
directions,74,81,155
directly,104,107,211
directmess,0,1,1
directo,1,1,2
director,54,111,165
directorate,1,1,2
directorial,0,1,1
directories,3,5,8
directorofphotography,0,1,1
directors,13,24,37
directory,23,29,52
directs,4,2,6
directshow,1,0,1
directtv,3,3,6
directv,34,11,45
directwithhotels,1,0,1
directx,2,4,6
direcway,1,0,1
diregard,1,0,1
direject,1,0,1
direk,0,1,1
direkt,1,0,1
direly,1,0,1
direncanain,0,1,1
direspecting,1,0,1
diretso,1,0,1
diretweet,0,1,1
direzza,1,0,1
dirfferent,0,1,1
dirge,3,1,4
diri,1,1,2
diria,0,2,2
dirigible,0,1,1
dirigibles,0,1,1
diriku,0,1,1
dirimu,0,1,1
dirimuuuhh,0,1,1
dirk,4,13,17
dirkie,1,0,1
dirmititis,1,0,1
dirndl,1,0,1
dirnt,0,2,2
diroll,1,0,1
dirooz,1,0,1
dirr,0,1,1
dirrect,1,0,1
dirrrrrty,2,0,2
dirrrrttttyyyy,0,1,1
dirrrrty,0,1,1
dirrrttyyyy,0,1,1
dirrrty,1,0,1
dirrrtyyyy,0,1,1
dirrty,1,2,3
dirt,99,103,202
dirtaaayy,0,1,1
dirtay,1,2,3
dirtayy,0,1,1
dirtbag,1,2,3
dirtbike,1,3,4
dirtbikee,0,1,1
dirtbikes,2,1,3
dirteeh,1,0,1
dirtier,1,5,6
dirties,0,2,2
dirtiest,2,4,6
dirtiness,2,1,3
dirtnap,1,0,1
dirts,1,0,1
dirttttyyyyy,1,0,1
dirtttyyy,1,0,1
dirtumentary,0,1,1
dirty,477,404,881
dirtyblaqboi,1,0,1
dirtydirtydirty,0,1,1
dirtydurs,0,1,1
dirtygun,1,0,1
dirtylittlestylewhore,0,1,1
dirtyminded,0,1,1
dirtymink,0,1,1
dirtymoefuggar,0,1,1
dirtys,1,0,1
dirtysecret,1,0,1
dirtysexymoney,0,1,1
dirtysouthbroaf,1,0,1
dirtywhite,0,1,1
dirtyy,1,1,2
dirtyyyy,0,2,2
dirtyyyyy,0,1,1
dirumah,4,3,7
dirve,1,1,2
dirvish,0,1,1
diry,0,1,1
dis,340,210,550
disa,2,0,2
disaa,0,1,1
disaat,1,0,1
disabilities,2,4,6
disability,10,12,22
disable,28,15,43
disabled,124,24,148
disables,0,1,1
disablign,1,0,1
disabling,6,8,14
disabused,0,1,1
disadvantage,13,3,16
disadvantaged,2,2,4
disadvantages,9,2,11
disaffiliated,1,0,1
disagree,34,124,158
disagreeable,2,0,2
disagreed,4,4,8
disagreeded,1,0,1
disagreeing,4,6,10
disagreement,8,10,18
disagreements,4,1,5
disagrees,9,4,13
disahster,1,0,1
disait,0,1,1
disallowed,4,0,4
disallowing,1,0,1
disallows,1,0,1
disambiguation,0,1,1
disamperin,0,1,1
disamping,1,0,1
disana,1,3,4
disapaired,1,0,1
disapates,1,0,1
disapear,6,3,9
disapearance,2,0,2
disapeard,3,0,3
disapeared,9,2,11
disapearing,1,0,1
disapears,2,0,2
disapire,0,1,1
disapoint,3,6,9
disapointed,88,5,93
disapointin,1,0,1
disapointing,24,0,24
disapointment,7,0,7
disapoints,1,1,2
disapoitmants,1,0,1
disapoitments,1,0,1
disapoointed,1,0,1
disappear,140,55,195
disappearance,8,1,9
disappeard,1,0,1
disappeared,346,54,400
disappearedddddddd,1,0,1
disappearence,1,0,1
disappeares,1,0,1
disappearin,0,2,2
disappearing,62,24,86
disappearn,1,0,1
disappearrrr,1,0,1
disappears,36,6,42
disapper,0,1,1
disappered,2,0,2
disappering,0,1,1
disappinted,1,0,1
disappionting,1,0,1
disappoiment,1,0,1
disappoin,1,0,1
disappoinment,3,1,4
disappoint,91,61,152
disappointd,1,0,1
disappointed,1614,163,1777
disappointeddddddddd,1,0,1
disappointeddddddddddddddddddddd,1,0,1
disappointent,1,0,1
disappointin,1,0,1
disappointing,476,39,515
disappointingly,11,0,11
disappointment,206,28,234
disappointments,12,1,13
disappointmet,1,0,1
disappoints,14,6,20
disappoited,1,0,1
disappoiting,1,0,1
disapponted,4,2,6
disappontment,1,0,1
disapppointed,0,1,1
disappreared,1,0,1
disapproval,1,1,2
disapprove,1,2,3
disapproved,2,0,2
disapproves,3,0,3
disapproving,3,1,4
disapptin,1,0,1
disapressed,1,0,1
disapt,1,0,1
disapting,1,0,1
disarm,3,3,6
disaronno,1,2,3
disarray,5,0,5
disassemble,2,0,2
disassembled,2,2,4
disassembler,0,1,1
disassembling,1,1,2
disassociating,0,1,1
disassssstttterrrrr,0,1,1
disaster,200,73,273
disasterous,5,1,6
disasters,7,9,16
disastrous,16,4,20
disastrously,2,0,2
disater,2,0,2
disaterous,0,1,1
disband,0,3,3
disbanded,9,0,9
disbanding,5,0,5
disbelief,10,10,20
disbled,1,0,1
disburse,1,0,1
disby,0,1,1
disc,179,102,281
discard,2,3,5
discarded,3,1,4
discarding,0,1,1
discards,1,0,1
discchanl,1,0,1
discern,0,1,1
discernible,0,3,3
discernibly,1,0,1
discerning,0,5,5
discernment,1,0,1
discgolf,1,0,1
discharge,9,2,11
discharged,16,4,20
dischargers,0,1,1
discharges,1,0,1
dischem,0,1,1
discing,1,0,1
discintion,0,1,1
disciple,3,2,5
disciples,1,4,5
discipleship,3,1,4
disciplinary,4,3,7
discipline,23,24,47
disciplined,5,9,14
disciplines,0,3,3
disclaimer,6,19,25
disclaimers,1,3,4
disclamer,1,1,2
disclosable,0,1,1
disclose,6,6,12
disclosed,0,2,2
disclosure,4,11,15
disclosures,0,1,1
discman,2,0,2
disco,92,142,234
discobelle,1,0,1
discoblahblah,2,1,3
discodeg,0,1,1
discofreq,0,1,1
discog,1,0,1
discography,4,13,17
discoid,1,0,1
discolights,1,1,2
discolored,1,0,1
discolors,1,0,1
discolouration,1,1,2
discoloured,2,0,2
discombobulated,3,1,4
discomfort,19,6,25
discomfortable,1,0,1
discomforts,0,1,1
discomgooglated,1,0,1
disconap,1,1,2
disconcerning,1,0,1
disconcerting,7,1,8
disconect,1,0,1
disconected,5,0,5
disconecting,1,0,1
disconex,0,1,1
disconfigure,1,0,1
disconnect,24,12,36
disconnectd,2,0,2
disconnected,135,19,154
disconnectedddddd,1,0,1
disconnecting,17,4,21
disconnection,2,0,2
disconnections,1,0,1
disconnects,9,1,10
disconneted,2,0,2
discontent,3,4,7
discontented,1,0,1
discontentment,0,1,1
discontinue,7,0,7
discontinued,65,5,70
discontinues,2,0,2
discontinuing,5,0,5
discord,2,0,2
discos,3,5,8
discosaurus,1,0,1
discostick,1,1,2
discostickk,0,1,1
discotastic,0,1,1
discotecagem,0,1,1
discotech,1,0,1
discotekka,0,1,1
discoteque,1,0,1
discotexas,0,1,1
discotheque,0,1,1
discount,87,150,237
discountcard,0,1,1
discounte,1,0,1
discounted,15,13,28
discounting,1,1,2
discountinued,2,0,2
discounts,18,41,59
discourage,4,6,10
discouraged,45,7,52
discourages,3,0,3
discouraging,26,2,28
discourged,1,0,1
discourse,2,5,7
discourses,1,0,1
discouting,0,1,1
discov,0,2,2
discovagina,0,3,3
discover,97,85,182
discoverd,5,1,6
discovered,265,326,591
discoverer,0,1,1
discoveries,3,6,9
discoverin,1,0,1
discovering,26,61,87
discoverit,1,0,1
discovers,2,2,4
discoversome,0,1,1
discovery,56,100,156
discovrd,0,1,1
discraceful,0,1,1
discredit,1,1,2
discredited,1,0,1
discreet,1,12,13
discreetly,1,5,6
discrepancy,1,2,3
discrepencies,1,0,1
discrete,2,2,4
discretely,2,0,2
discretion,4,7,11
discretionary,0,2,2
discribe,1,0,1
discribed,0,1,1
discriminant,1,0,1
discriminate,5,5,10
discriminated,3,0,3
discriminates,1,1,2
discriminatin,1,0,1
discriminating,3,1,4
discrimination,16,8,24
discriminator,1,1,2
discriminatory,1,4,5
discription,1,1,2
discs,34,18,52
disctraction,0,1,1
discturbance,0,1,1
disculpas,1,1,2
discurse,0,1,1
discus,1,1,2
discusing,1,0,1
discusion,1,0,1
discuss,67,157,224
discussants,1,0,1
discussed,20,45,65
discusses,0,3,3
discusshr,1,0,1
discussies,0,1,1
discussin,1,3,4
discussing,48,91,139
discussion,81,168,249
discussiona,0,1,1
discussional,0,1,1
discussionb,0,1,1
discussionbrand,0,1,1
discussions,13,47,60
discussionsee,1,0,1
discussted,0,1,1
discusted,1,0,1
discusting,3,4,7
discutia,0,1,1
discutii,0,1,1
discuz,0,1,1
discworld,1,5,6
disd,1,1,2
disdain,2,3,5
disdainful,0,4,4
disderi,0,1,1
disdrict,1,0,1
diseaaaaaaase,1,0,1
diseara,0,2,2
disease,165,65,230
diseased,8,5,13
diseaseno,1,0,1
diseases,19,8,27
diseasing,0,1,1
disebabkan,1,0,1
disebelah,0,1,1
disebut,1,1,2
disect,5,0,5
disected,2,0,2
disecting,4,1,5
disection,3,0,3
dised,1,0,1
disediakan,0,1,1
diseeeeaaaaase,0,1,1
disegarkan,0,1,1
disel,0,1,1
disembark,1,0,1
disembarking,2,1,3
disembodied,2,2,4
disenchanted,4,0,4
disenfranchised,3,0,3
disenfranchising,0,1,1
disengage,1,0,1
disengaged,1,0,1
disengagement,0,2,2
disent,1,0,1
disentegrated,1,0,1
diseny,3,0,3
disertation,5,0,5
diserve,0,4,4
diserved,0,2,2
diserves,0,1,1
dises,1,0,1
disestablishmentarianism,0,1,1
disetujui,0,1,1
disfigured,2,1,3
disfigurement,1,0,1
disfiguring,0,1,1
disfruta,0,1,1
disfrutar,1,0,1
disfrute,0,1,1
disfruten,1,1,2
disfrutes,0,1,1
disfrutis,1,0,1
disfunction,4,1,5
disfunctional,4,2,6
disfunctonal,0,1,1
disgaea,3,3,6
disgorgence,0,1,1
disgrace,25,6,31
disgraced,4,2,6
disgraceful,12,0,12
disgracefull,1,0,1
disgraph,0,1,1
disgruntled,10,5,15
disgruntlement,0,1,1
disgruntling,1,0,1
disguard,1,0,1
disguise,15,27,42
disguised,5,3,8
disguiseee,1,0,1
disguises,1,0,1
disguising,2,1,3
disguist,1,0,1
disguisted,1,0,1
disguisting,1,3,4
disgusing,1,0,1
disgust,18,8,26
disgusted,60,9,69
disgustedd,0,1,1
disgustig,1,0,1
disgusting,281,62,343
disgustingg,1,0,1
disgustinggg,4,1,5
disgustingggg,1,0,1
disgustinggggg,0,1,1
disgustingly,16,6,22
disgustingnumberofupdates,0,1,1
disgusts,5,3,8
disgutingly,1,0,1
dish,114,143,257
disha,0,1,1
dishab,0,1,1
disharmonious,1,0,1
dishcloths,0,2,2
disheartened,12,1,13
disheartening,20,0,20
dished,0,3,3
disher,0,1,1
dishes,301,200,501
disheveled,0,1,1
dishevled,1,0,1
dishies,2,0,2
dishing,5,5,10
disho,0,1,1
dishoned,1,0,1
dishonest,6,2,8
dishonesty,0,1,1
dishonor,1,1,2
dishonorable,1,0,1
dishonoured,1,0,1
dishpan,1,0,1
dishsoap,0,1,1
dishwalla,0,2,2
dishwasher,49,30,79
dishwashers,0,1,1
dishwashing,2,3,5
dishwater,1,0,1
dishy,1,4,5
disiapin,0,1,1
disicions,1,0,1
disigning,0,1,1
disike,1,0,1
disillusion,0,1,1
disillusioned,9,1,10
disillusionment,1,0,1
disinclined,1,0,1
disinfect,0,3,3
disinfectant,0,4,4
disinfected,5,1,6
disinfecting,3,2,5
disinfects,0,1,1
disinformation,3,0,3
disingenuous,1,1,2
disinguish,0,1,1
disini,6,6,12
disinstalled,1,0,1
disintegrate,3,1,4
disintegrated,2,2,4
disintegratin,0,1,1
disintegrating,2,0,2
disintegration,1,0,1
disinterest,4,1,5
disinterested,4,1,5
disintergrated,1,0,1
disintrested,1,0,1
disiqe,1,0,1
disitu,2,0,2
disjointed,1,4,5
disk,145,49,194
diskaid,1,0,1
diskelesick,1,0,1
disko,1,1,2
diskpie,1,0,1
disks,26,14,40
diskstations,0,1,1
diskussion,0,1,1
diskutility,1,0,1
diskwarior,1,0,1
diskwarrior,2,0,2
dislexer,1,0,1
dislexia,0,1,1
dislexic,0,1,1
dislicated,2,0,2
dislike,263,65,328
disliked,12,5,17
dislikeeee,1,0,1
dislikes,29,18,47
dislikin,1,0,1
disliking,14,3,17
dislocate,4,1,5
dislocated,35,7,42
dislocating,3,0,3
dislocation,2,1,3
dislodge,1,2,3
dislodged,3,1,4
dislove,0,1,1
disloved,1,0,1
disloyal,1,0,1
dismal,25,7,32
dismally,1,0,1
dismanteled,1,0,1
dismantle,3,2,5
dismantled,1,3,4
dismantles,1,0,1
dismantling,6,2,8
dismay,15,4,19
dismayed,13,0,13
dismaying,1,0,1
dismember,1,1,2
dismembered,3,1,4
dismiss,6,6,12
dismissal,18,7,25
dismissals,1,0,1
dismissed,11,18,29
dismissing,2,1,3
dismissive,2,2,4
dismornin,1,0,1
dismounting,1,0,1
disnae,1,0,1
disneey,1,0,1
disnep,0,1,1
disnetland,1,0,1
disney,474,725,1199
disneyauditions,0,1,1
disneybrit,0,1,1
disneychannel,4,2,6
disneydean,0,1,1
disneyjustcuz,2,2,4
disneylad,0,1,1
disneyland,199,246,445
disneylandd,0,2,2
disneylanddd,0,1,1
disneylandia,0,1,1
disneylnd,1,0,1
disneymovies,0,1,1
disneynature,0,1,1
disneyodendron,1,0,1
disneypixar,0,2,2
disneyprincess,0,1,1
disneyquest,0,1,1
disneyrecords,2,3,5
disneys,2,4,6
disneywank,0,1,1
disneyworld,15,15,30
disneyy,0,2,2
disneyyy,0,1,1
disnleyland,0,1,1
disnt,1,0,1
disobedience,0,3,3
disobedient,1,0,1
disobeying,0,1,1
disoc,1,0,1
disolve,0,2,2
disolving,0,1,1
disopointed,1,0,1
disordely,0,1,1
disorder,57,17,74
disordered,0,1,1
disorderly,0,4,4
disorders,8,9,17
disorganised,5,1,6
disorganized,12,1,13
disorientated,5,1,6
disorientating,0,1,1
disorientation,1,0,1
disoriented,11,4,15
disorienting,1,2,3
disorted,1,0,1
disovering,0,1,1
disown,14,5,19
disownd,1,0,1
disowned,9,2,11
disowning,1,0,1
disp,1,0,1
dispair,0,1,1
dispairing,1,0,1
dispaointed,1,0,1
disparaging,1,2,3
disparate,0,2,2
disparearing,1,0,1
disparitie,0,1,1
disparities,1,0,1
disparity,0,3,3
dispatch,8,5,13
dispatched,13,6,19
dispatcher,1,0,1
dispatchers,1,0,1
dispatches,2,2,4
dispatchhhh,1,0,1
dispatching,2,0,2
dispearing,1,0,1
dispel,0,1,1
dispelled,1,0,1
dispencer,1,0,1
dispensable,1,1,2
dispensary,0,2,2
dispense,3,0,3
dispensed,0,1,1
dispenser,8,3,11
dispensing,0,2,2
dispensors,0,1,1
disperas,0,1,1
dispersal,0,1,1
dispersd,1,0,1
dispersed,1,2,3
dispise,4,0,4
dispite,2,2,4
dispize,1,0,1
displaced,3,2,5
displacement,0,3,3
displacing,0,1,1
display,161,140,301
displaya,1,0,1
displayed,17,9,26
displayfusion,0,1,1
displaying,16,13,29
displayport,4,3,7
displays,15,17,32
displease,1,0,1
displeased,8,0,8
displeases,2,0,2
displeasing,0,1,1
displeasure,3,1,4
displey,1,0,1
dispointed,2,0,2
dispondent,0,1,1
disponible,0,1,1
disposabal,0,1,1
disposable,18,13,31
disposables,3,3,6
disposal,9,9,18
disposals,3,0,3
dispose,9,6,15
disposed,6,1,7
disposes,1,0,1
disposible,1,0,1
disposing,0,2,2
disposition,4,10,14
dispositon,1,0,1
dispossessed,1,0,1
dispozishunz,1,0,1
disppearing,0,1,1
disppointed,1,1,2
disppointing,1,0,1
disproporionate,1,0,1
disproportionately,3,3,6
disprove,1,0,1
disproved,1,0,1
disproves,2,0,2
disptched,1,0,1
disputation,1,0,1
dispute,15,9,24
disputed,5,0,5
disputes,1,1,2
disputing,5,1,6
disqualification,1,0,1
disqualified,11,5,16
disqualifies,0,1,1
disqualify,2,0,2
disquis,1,0,1
disquise,0,1,1
disquisee,0,1,1
disqus,8,6,14
disracted,1,0,1
disraeli,0,1,1
disregard,16,18,34
disregarded,0,2,2
disregarding,1,1,2
disregards,0,2,2
disrepair,0,1,1
disrepute,1,1,2
disrespect,16,9,25
disrespected,2,2,4
disrespectful,18,5,23
disrespectin,1,0,1
disrespecting,2,0,2
disritimia,1,0,1
disrobed,0,1,1
disrupt,1,3,4
disrupted,9,2,11
disrupting,2,3,5
disruption,8,0,8
disruptions,2,0,2
disruptive,2,5,7
disrupts,4,0,4
diss,29,28,57
dissa,2,0,2
dissaepared,0,1,1
dissagree,0,2,2
dissallowed,0,1,1
dissapear,15,5,20
dissapeared,26,8,34
dissapearence,0,1,1
dissapearing,6,2,8
dissapears,6,0,6
dissaperead,1,1,2
dissapered,3,0,3
dissapoined,1,0,1
dissapoinment,1,0,1
dissapoint,14,17,31
dissapointd,1,0,1
dissapointed,273,29,302
dissapointing,57,5,62
dissapointment,29,2,31
dissapointments,1,1,2
dissapoints,1,2,3
dissapoited,1,0,1
dissaponted,1,0,1
dissappear,6,1,7
dissappeared,6,1,7
dissappearing,1,1,2
dissappoiintteeedddd,1,0,1
dissappoint,3,0,3
dissappointed,37,2,39
dissappointing,9,0,9
dissappointment,7,1,8
dissappoints,1,0,1
dissarano,0,1,1
dissatisfaction,1,2,3
dissatisfied,3,2,5
dissconecting,1,0,1
disscount,0,1,1
disscriminate,0,1,1
disscus,1,0,1
disse,2,8,10
dissect,3,1,4
dissected,4,0,4
dissecting,2,0,2
dissection,4,2,6
dissects,0,1,1
dissed,30,7,37
disseminate,0,2,2
disseminating,1,0,1
dissension,1,0,1
dissent,3,3,6
dissenting,0,1,1
disser,1,0,1
disseratation,1,0,1
disserpointed,1,0,1
dissertate,1,0,1
dissertation,70,30,100
dissertationing,1,0,1
dissertations,2,1,3
disserve,1,0,1
disservice,1,0,1
disses,1,1,2
dissesse,1,0,1
dissident,1,0,1
dissidents,0,1,1
dissidia,1,0,1
dissillusioned,1,0,1
dissimilar,0,1,1
dissin,6,1,7
dissing,15,12,27
dissipate,1,1,2
dissipates,0,1,1
dissipating,2,3,5
dissipation,0,1,1
dissipointed,1,0,1
dissizit,0,1,1
disslike,1,0,1
disslikes,1,0,1
disso,0,2,2
dissociative,1,0,1
dissolution,0,1,1
dissolv,1,0,1
dissolvable,1,0,1
dissolve,12,2,14
dissolved,13,2,15
dissolving,3,0,3
dissonance,0,1,1
dissonant,0,1,1
dissopoints,1,0,1
dissowned,0,1,1
disspaointed,1,0,1
dissplayed,1,0,1
disspnted,1,0,1
disspoint,1,0,1
disspointed,2,0,2
disspointing,1,1,2
disss,0,1,1
dissssss,0,1,1
dissuade,1,0,1
dissuaded,1,0,1
dissuades,0,1,1
dissy,2,0,2
dist,5,2,7
distact,1,0,1
distacting,0,1,1
distaff,0,1,1
distance,208,124,332
distanced,1,1,2
distances,6,4,10
distancing,3,1,4
distans,1,0,1
distant,62,39,101
distantly,1,1,2
distaste,1,1,2
distasteful,1,0,1
distastrous,1,0,1
distatcions,0,1,1
distate,0,1,1
distemper,3,0,3
distended,0,1,1
distict,2,0,2
distilery,0,1,1
distill,0,3,3
distillary,0,1,1
distilled,2,2,4
distillers,1,1,2
distillery,0,4,4
distincive,0,1,1
distinct,19,13,32
distinction,8,10,18
distinctions,2,3,5
distinctive,2,5,7
distinctively,0,1,1
distinctly,9,2,11
distinguish,4,7,11
distinguished,3,7,10
distinguishes,0,1,1
distinguishing,1,0,1
disto,0,1,1
distort,0,1,1
distorted,10,11,21
distorting,0,2,2
distortion,8,12,20
distraaaaacting,1,0,1
distracked,1,0,1
distracks,1,0,1
distract,61,58,119
distractable,0,1,1
distracte,0,1,1
distracted,192,130,322
distracteded,0,1,1
distractesd,1,0,1
distractie,0,1,1
distractin,0,1,1
distracting,77,57,134
distractingly,0,1,1
distractingness,1,0,1
distraction,52,75,127
distractionn,1,0,1
distractionnn,0,1,1
distractions,47,48,95
distractor,1,0,1
distracts,4,3,7
distrat,0,1,1
distrating,0,1,1
distraught,50,4,54
distraugt,1,0,1
distrcated,0,1,1
distrees,0,1,1
distress,19,8,27
distressed,18,5,23
distresses,0,1,1
distressful,1,0,1
distressing,10,1,11
distribute,8,13,21
distributed,8,11,19
distributercard,0,1,1
distributin,1,0,1
distributing,3,3,6
distribution,12,21,33
distributions,2,2,4
distributor,11,10,21
distributors,1,6,7
district,51,85,136
districts,2,4,6
distro,3,8,11
distrort,1,0,1
distrorted,1,0,1
distros,1,3,4
distrought,1,0,1
distroy,1,0,1
distroyed,4,0,4
distroysum,0,1,1
distrub,1,1,2
distrubed,1,2,3
distrubia,1,0,1
distrubing,2,0,2
distrubution,1,0,1
distruct,1,0,1
distrupted,0,1,1
distrust,1,3,4
dists,0,1,1
disttict,1,0,1
distubances,0,1,1
distuh,0,1,1
distuptin,0,1,1
disturb,24,30,54
disturbance,4,2,6
disturbances,0,1,1
disturbd,1,0,1
disturbe,0,1,1
disturbed,53,32,85
disturbia,6,22,28
disturbin,1,0,1
disturbing,123,44,167
disturbingly,2,3,5
disturbings,1,0,1
disturbinq,0,1,1
disturbs,5,1,6
disucssion,0,1,1
disuruh,3,0,3
disused,0,2,2
disv,1,0,1
diswadher,0,1,1
diswalla,0,1,1
diswasher,1,0,1
disy,1,0,1
disya,1,0,1
disys,1,0,1
disz,6,0,6
dit,8,17,25
dita,14,12,26
ditabraaaakkk,1,0,1
ditag,1,0,1
ditahan,1,0,1
ditambah,2,0,2
ditanya,0,1,1
ditaro,0,1,1
ditas,1,0,1
ditation,0,1,1
ditayangin,0,1,1
ditch,83,39,122
ditchd,2,0,2
ditched,109,35,144
ditchedd,1,0,1
ditcher,4,2,6
ditches,3,5,8
ditchin,7,0,7
ditching,41,17,58
dite,0,3,3
ditective,1,0,1
ditemenin,1,0,1
diterlizzi,0,1,1
dites,0,1,1
ditha,0,1,1
dithaaaa,0,1,1
dither,0,1,1
dithering,0,1,1
ditib,0,1,1
ditinggal,6,0,6
ditinggalin,2,0,2
ditingkatkan,0,1,1
ditka,0,2,2
ditn,1,0,1
dito,47,32,79
ditolak,1,0,1
ditolong,0,1,1
ditonggg,0,1,1
ditonton,2,0,2
ditooo,1,1,2
ditos,1,0,1
ditr,0,1,1
ditraktir,0,1,1
ditrma,1,0,1
ditte,1,1,2
ditthree,0,1,1
ditting,1,0,1
ditto,98,141,239
dittography,0,1,1
dittooo,1,0,1
dittoooooo,1,0,1
dittttooo,0,1,1
ditty,1,7,8
ditunggu,0,1,1
ditungguin,1,0,1
diturbed,1,0,1
ditutup,1,0,1
ditya,1,0,1
ditz,4,2,6
ditzy,2,3,5
ditzzy,0,1,1
diu,0,2,2
diucap,1,0,1
diurnal,1,0,1
diurusin,0,1,1
diurutan,1,0,1
dius,0,1,1
div,14,21,35
diva,41,99,140
divaasss,1,0,1
divac,1,0,1
divacups,0,1,1
divaish,1,0,1
divalicious,1,0,1
divaliciousness,0,1,1
divan,0,1,1
divas,14,15,29
divasayum,0,1,1
divaschematic,1,0,1
divaworksofart,0,1,1
divaz,0,1,1
dive,52,64,116
divebomb,1,1,2
divebombing,1,0,1
divebum,0,1,1
dived,4,0,4
divenenineney,0,1,1
divention,1,0,1
diveorce,1,0,1
diveplanet,0,1,1
diver,7,6,13
divercity,1,5,6
divereted,1,0,1
divergent,0,2,2
divergente,0,1,1
diverisity,1,0,1
diveristy,1,4,5
diverity,0,1,1
divers,0,4,4
diverse,7,18,25
diversesolutions,0,1,1
diversey,0,1,1
diversified,0,1,1
diversify,0,4,4
diversifying,0,1,1
diversion,3,6,9
diversions,0,2,2
diversitiy,0,1,1
diversitty,0,1,1
diversity,217,676,893
diversityy,2,4,6
diversityyy,2,1,3
diversityyyy,0,1,1
diversityyyyy,1,0,1
diversityyyyyyyyyyy,1,0,1
diverst,0,1,1
diverstiy,1,1,2
diversty,4,4,8
divert,5,2,7
diverte,0,1,1
diverted,6,9,15
divertida,2,0,2
divertido,3,2,5
diverting,1,0,1
divertirmi,1,0,1
divertisty,1,0,1
divertsity,0,1,1
dives,10,7,17
divest,1,0,1
divex,0,1,1
divi,0,3,3
diviantart,0,1,1
diviated,1,0,1
divide,13,41,54
divided,9,10,19
dividend,1,2,3
dividends,0,83,83
dividens,0,1,1
divider,4,0,4
dividers,1,2,3
divides,0,2,2
dividied,1,0,1
dividin,0,1,1
dividing,3,2,5
diviertanse,0,1,1
divilry,0,1,1
divin,1,0,1
divina,1,2,3
divinci,0,1,1
divine,26,89,115
divinely,0,2,2
diviners,1,0,1
divinesupreme,0,1,1
diviney,2,11,13
divineys,0,2,2
diving,55,87,142
divingggg,1,0,1
divinity,1,2,3
divino,0,1,1
divinty,0,1,1
divinyls,0,1,1
divirsty,0,1,1
divirta,0,1,1
divisadero,1,0,1
divised,0,1,1
division,31,44,75
divisional,0,1,1
divisions,2,3,5
divisive,3,2,5
divisoria,0,1,1
divness,2,0,2
divo,2,5,7
divoom,1,0,1
divorce,273,33,306
divorced,85,9,94
divorcee,1,2,3
divorceeeee,1,0,1
divorceparty,1,0,1
divorces,8,0,8
divorcing,42,2,44
divorse,1,0,1
divots,0,2,2
divs,4,5,9
divshite,1,0,1
divulge,1,8,9
divulged,1,0,1
divvie,0,1,1
divvy,1,0,1
divx,4,1,5
divy,0,3,3
divya,1,2,3
divyyy,0,1,1
diwali,0,1,1
diwana,1,1,2
diwar,0,1,1
diwas,0,1,1
diwawancara,0,1,1
diwnl,0,1,1
diwrnod,0,1,1
dix,7,5,12
dixe,1,0,1
dixie,23,15,38
dixiebelle,0,1,1
dixiechat,0,1,1
dixieeeee,1,0,1
dixon,10,18,28
dixondixondixon,0,1,1
dixonmd,0,1,1
dixons,0,2,2
diy,46,49,95
diya,4,2,6
diyan,0,5,5
diyanah,0,1,1
diyaudin,0,1,1
diye,1,0,1
diyhubby,0,1,1
diying,3,1,4
diyor,0,1,1
diys,1,0,1
diyscene,0,1,1
diz,16,13,29
dizaa,0,1,1
dizayyss,0,1,1
dizdes,0,1,1
dizer,1,2,3
dizia,1,1,2
dizimatt,0,1,1
diziness,1,0,1
dizmeister,0,1,1
dizney,0,1,1
dizoncf,0,1,1
dizz,1,0,1
dizzam,1,0,1
dizzay,0,1,1
dizzee,3,11,14
dizzi,0,2,2
dizziness,18,3,21
dizzing,1,0,1
dizzle,4,3,7
dizzles,1,0,1
dizzy,288,47,335
dizzying,0,2,2
dizzyland,0,1,1
dizzyness,4,1,5
dizzys,0,1,1
dizzywood,1,0,1
dizzyworld,0,1,1
dizzzy,3,1,4
dizzzzzzzzzzzzzzzzzzzy,1,0,1
dj,242,451,693
djabsurd,0,1,1
djalchemy,0,1,1
djalili,1,2,3
djam,2,4,6
djamena,1,0,1
djane,0,1,1
django,10,15,25
djangocon,1,0,1
djangodash,2,5,7
djano,0,1,1
djanogly,0,1,1
djapp,0,1,1
djarum,1,1,2
djay,1,2,3
djayin,1,0,1
djaying,0,1,1
djb,1,0,1
djbig,0,1,1
djbooth,0,1,1
djc,0,1,1
djconsol,1,0,1
djcookz,0,1,1
djd,1,0,1
djdebutante,0,1,1
djdiamondkuts,0,2,2
djdjago,0,1,1
djeca,0,1,1
djed,1,0,1
djees,0,1,1
djeez,1,0,1
djeezes,0,1,1
djembe,1,3,4
djembes,0,1,1
djerrkura,0,1,1
djeumpa,1,0,1
djfail,1,0,1
djflk,0,1,1
djfrueisolkdjfew,1,0,1
djg,1,0,1
djgobas,0,1,1
djhaze,1,0,1
djhedgehog,1,0,1
djhero,1,1,2
djhonny,1,0,1
dji,0,1,1
djibouti,1,0,1
djibril,0,1,1
djim,0,1,1
djimon,0,4,4
djin,3,3,6
djing,30,40,70
djinn,1,0,1
djiss,1,0,1
djj,1,0,1
djjnicetv,0,1,1
djkep,0,1,1
djkfladjkfla,0,1,1
djkghskj,1,0,1
djkingvance,0,1,1
djkoztour,0,1,1
djkyle,0,1,1
djl,1,0,1
djleon,1,0,1
djm,3,1,4
djmag,0,1,1
djmartyn,0,1,1
djmissp,0,1,1
djms,0,1,1
djn,1,0,1
djnf,1,1,2
djnice,0,1,1
djnsdhjksjs,1,0,1
djodylouise,0,1,1
djok,2,0,2
djoko,1,2,3
djokovic,27,14,41
djones,1,0,1
djoon,0,1,1
djordje,0,1,1
djphase,0,1,1
djqurt,1,0,1
djremike,0,1,1
djrizzo,0,1,1
djs,20,36,56
djsilverknight,0,1,1
djsmook,1,1,2
djsojus,1,0,1
djsoulnyc,0,1,1
djspyatl,0,1,1
djtinat,2,0,2
djtlac,0,1,1
djugl,0,1,1
djumbala,0,1,1
djurs,0,1,1
djust,2,0,2
djvlad,1,0,1
djwheat,1,0,1
djwired,0,1,1
djying,0,1,1
djz,0,3,3
dk,67,54,121
dka,1,1,2
dkaj,1,0,1
dke,0,1,1
dkf,1,0,1
dkfjalsdkfj,1,0,1
dkfjdskjd,1,0,1
dki,0,1,1
dkillandra,0,1,1
dkim,0,1,1
dkjf,1,0,1
dkjfhskjhsi,1,0,1
dkjosfjdeofmzzzzzzzzz,0,1,1
dkk,2,1,3
dkl,0,1,1
dkm,1,2,3
dkn,1,0,1
dkny,2,2,4
dko,0,1,1
dkobear,1,0,1
dkos,1,1,2
dkp,1,0,1
dkr,0,1,1
dks,1,6,7
dksjfhdksjhffsd,0,1,1
dkt,0,3,3
dkta,1,0,1
dkwab,0,1,1
dky,0,2,2
dl,126,100,226
dla,1,1,2
dlak,0,1,1
dland,10,4,14
dlautner,1,0,1
dlb,1,0,1
dlc,39,12,51
dlded,0,1,1
dle,0,2,2
dlea,1,1,2
dled,1,1,2
dleep,1,0,1
dleeping,1,0,1
dleeted,1,0,1
dleightonmarissa,0,1,1
dleps,1,0,1
dles,2,0,2
dlf,2,2,4
dlfjksdlkfj,0,1,1
dlg,1,0,1
dli,1,0,1
dling,8,5,13
dlink,2,1,3
dlist,3,1,4
dlister,1,0,1
dlkjadg,1,0,1
dll,7,2,9
dlligently,0,1,1
dllll,0,1,1
dlls,4,0,4
dlm,2,3,5
dlna,1,3,4
dlo,2,0,2
dload,3,5,8
dloaded,1,0,1
dloader,1,1,2
dloading,0,5,5
dlode,0,1,1
dlog,0,1,1
dlouho,0,1,1
dlp,7,4,11
dlpw,4,0,4
dlr,10,5,15
dls,5,2,7
dlsr,1,1,2
dlstrickland,1,0,1
dlsu,26,6,32
dlsz,1,0,1
dlt,0,4,4
dltnt,0,1,1
dlu,0,1,1
dluck,0,1,1
dlugosch,0,1,1
dlukasrossi,1,0,1
dlush,0,1,1
dlux,1,1,2
dlx,0,1,1
dly,1,2,3
dm,940,1377,2317
dma,3,2,5
dmac,0,2,2
dmacc,1,1,2
dmacking,1,0,1
dmahrune,1,0,1
dmail,1,0,1
dman,2,1,3
dmana,1,0,1
dmanji,0,2,2
dmao,0,1,1
dmark,0,1,1
dmarkii,1,2,3
dmas,1,0,1
dmax,1,3,4
dmaybe,1,0,1
dmb,66,122,188
dmblive,1,0,1
dmbromance,1,0,1
dmbs,0,1,1
dmbsetlist,1,0,1
dmc,6,11,17
dmca,1,0,1
dmchat,0,1,1
dmchnchffvnmv,1,0,1
dmci,1,0,1
dmcolumn,1,0,1
dmctweetcount,0,2,2
dmctweeterscount,0,1,1
dmcwmnshow,0,5,5
dmd,1,2,3
dmdays,0,1,1
dme,0,1,1
dmed,3,27,30
dmelillo,1,0,1
dmelodyinflorida,0,1,1
dmen,0,2,2
dmeo,0,1,1
dmessaged,2,0,2
dmfail,0,1,1
dmg,6,1,7
dmi,4,0,4
dmia,0,1,1
dmids,1,0,1
dmin,1,0,1
dming,6,4,10
dmitri,1,0,1
dmitry,1,0,1
dmk,2,2,4
dmkii,4,1,5
dmm,1,0,1
dmme,1,0,1
dmn,7,3,10
dmna,1,0,1
dmoe,0,1,1
dmoines,1,0,1
dmoms,0,1,1
dmooremoney,0,1,1
dmore,0,1,1
dmorning,0,1,1
dmovie,0,1,1
dmoz,1,0,1
dmp,1,0,1
dmpf,1,0,1
dmr,0,1,1
dms,112,92,204
dmsg,1,0,1
dmsimonbigpicture,1,0,1
dmst,0,1,1
dmth,1,5,6
dmtjmgt,1,0,1
dmu,0,1,1
dmv,97,35,132
dmw,2,0,2
dmwakeupcall,0,2,2
dmwc,0,1,1
dmx,3,5,8
dmy,1,0,1
dmz,4,1,5
dn,37,36,73
dna,20,19,39
dnace,1,0,1
dnad,0,1,1
dnamzonubley,1,0,1
dnb,8,8,16
dnbradio,0,1,1
dnbrs,0,1,1
dnc,3,1,4
dnce,1,0,1
dncer,0,1,1
dncr,1,0,1
dnd,23,22,45
dndn,1,0,1
dndorks,1,1,2
dndt,1,0,1
dne,8,8,16
dnech,1,0,1
dneero,0,2,2
dneg,0,1,1
dnepropetrovsk,0,1,1
dnes,1,1,2
dnesek,0,1,1
dneska,2,2,4
dnesni,1,0,1
dnesnich,1,0,1
dness,2,0,2
dnf,16,0,16
dng,5,3,8
dnger,1,0,1
dngrin,0,1,1
dni,1,0,1
dnight,1,4,5
dninner,0,1,1
dnipropetrovsk,0,1,1
dnishabanisha,0,1,1
dnite,0,3,3
dnizzle,1,0,1
dnk,3,0,3
dnld,0,1,1
dnlla,0,1,1
dnm,0,1,1
dnmd,0,1,1
dnn,4,1,5
dnna,0,1,1
dnnoe,1,0,1
dnnpe,1,0,1
dnnt,1,0,1
dnnvoice,0,1,1
dno,15,17,32
dnot,0,2,2
dnou,1,0,1
dnow,1,0,1
dnr,2,4,6
dns,42,25,67
dnscolos,1,0,1
dnt,968,339,1307
dntdiss,1,0,1
dntmesswitme,0,1,1
dntn,1,0,1
dnttt,0,1,1
dntwn,1,0,1
dnuts,1,0,1
dnw,61,6,67
dnwload,1,0,1
do,68188,48483,116671
doa,16,15,31
doable,9,13,22
doafter,1,0,1
doaiiiiiin,0,1,1
doain,6,8,14
doakan,0,4,4
doakes,2,1,3
doamne,1,0,1
doan,2,0,2
doane,1,0,1
doang,7,6,13
doanh,1,0,1
doank,0,6,6
doanya,0,2,2
doar,3,8,11
doare,2,0,2
doareeee,1,0,1
doashodishd,0,1,1
doax,0,1,1
dob,5,5,10
doba,1,1,2
dobar,1,0,1
dobare,0,1,1
dobareh,1,0,1
dobba,0,1,1
dobbie,2,0,2
dobbins,0,1,1
dobbs,2,1,3
dobbschallenge,0,1,1
dobby,7,2,9
dobe,1,0,1
dobel,1,0,1
dober,0,1,1
doberban,1,0,1
doberman,4,1,5
dobermann,0,1,1
dobermanpincher,1,0,1
dobermans,1,1,2
dobey,0,1,1
dobies,0,1,1
doble,1,1,2
dobn,0,1,1
dobnt,0,1,1
doboj,0,1,1
dobok,1,0,1
dobr,1,3,4
dobra,0,2,2
dobraneech,0,1,1
dobre,0,1,1
dobri,0,1,1
dobrih,1,0,1
dobro,0,2,2
dobrou,0,1,1
dobru,0,1,1
dobry,2,0,2
dobryj,0,1,1
dobson,1,4,5
dobut,0,1,1
doby,2,0,2
doc,481,190,671
doca,0,1,1
docblock,1,0,1
doccc,1,0,1
docccc,0,1,1
doccumentaries,0,1,1
docent,1,1,2
docfather,0,1,1
doch,6,11,17
dochas,0,1,1
dochazce,1,0,1
dock,58,60,118
dockdodger,0,1,1
dockdoger,1,0,1
docked,4,2,6
docker,1,2,3
dockers,4,5,9
docket,2,2,4
dockin,1,0,1
docking,3,1,4
dockland,0,1,1
docklands,2,1,3
dockless,0,1,1
dockmanager,1,0,1
docks,16,9,25
dockside,0,1,1
dockweiler,0,1,1
docky,0,1,1
dockyard,2,1,3
docmike,1,0,1
doco,7,4,11
docomo,3,1,4
docos,2,0,2
docoter,1,0,1
docotor,2,0,2
docotr,1,0,1
docotrs,1,0,1
docs,183,63,246
docsis,1,1,2
docstoc,1,0,1
docstogo,0,1,1
docta,0,1,1
doctaa,1,0,1
doctaaaa,0,1,1
doctarts,1,0,1
doctawojo,0,1,1
docter,8,3,11
docters,9,2,11
doctest,0,1,1
doctor,1152,417,1569
doctoral,5,2,7
doctorate,3,1,4
doctored,1,3,4
doctores,1,0,1
doctorfaggot,0,1,1
doctorfollowill,0,1,1
doctoring,3,0,3
doctorit,1,0,1
doctorr,1,0,1
doctorrrr,1,0,1
doctorrrrr,1,1,2
doctors,603,118,721
doctorsssss,1,0,1
doctorwho,7,5,12
doctorwhoforum,2,0,2
doctow,0,1,1
doctrinal,0,1,1
doctrine,1,2,3
doctumentary,1,0,1
doctype,0,1,1
docu,2,5,7
docudrama,1,0,1
docuentary,1,0,1
doculabs,0,1,1
documenation,0,1,1
document,50,48,98
documenta,0,1,1
documentarian,0,1,1
documentaries,12,12,24
documentary,82,76,158
documentatiemap,1,0,1
documentation,46,26,72
documentations,1,1,2
documented,7,7,14
documentery,0,1,1
documenting,3,13,16
documentries,0,1,1
documentry,1,4,5
documents,55,27,82
documentum,1,0,1
documetary,1,0,1
documetation,1,0,1
docx,4,1,5
docy,0,1,1
dod,8,7,15
dodah,1,0,1
dodd,1,4,5
doddabetta,1,0,1
dodddgy,1,0,1
doddle,4,2,6
doddly,1,0,1
dodds,1,0,1
doddy,2,2,4
dode,0,1,1
dodevski,0,1,1
dodge,34,28,62
dodgeball,11,15,26
dodgeballs,1,0,1
dodged,8,9,17
dodgem,1,0,1
dodgems,2,0,2
dodger,37,44,81
dodgers,95,97,192
dodgerssss,0,1,1
dodgertown,1,1,2
dodgeville,0,1,1
dodgey,6,3,9
dodgier,1,0,1
dodgiest,0,1,1
dodgin,0,2,2
dodging,15,7,22
dodgy,105,49,154
dodgyness,1,0,1
dodgyyyy,1,0,1
dodies,0,1,1
dodin,1,0,1
doding,0,1,1
dodj,0,1,1
dodn,1,0,1
dodnn,1,2,3
dodnt,3,0,3
dodo,7,6,13
dododo,2,0,2
dodododo,0,2,2
dododolifesgood,0,1,1
dodoi,1,0,1
dodol,1,0,1
dodoma,0,2,2
dodoo,1,0,1
dodooolll,1,0,1
dodos,0,1,1
dodson,0,4,4
dodsworth,1,0,1
dodw,0,1,1
dodwav,2,0,2
dody,0,1,1
doe,53,36,89
doea,1,0,1
doean,1,0,1
doee,1,1,2
doeeee,1,0,1
doeeeee,0,1,1
doeky,0,1,1
doelen,1,0,1
doen,11,6,17
doendo,1,0,1
doener,0,1,1
doens,13,5,18
doensn,1,0,1
doensnt,1,1,2
doenst,7,4,11
doent,2,1,3
doente,6,3,9
doer,1,1,2
doering,0,1,1
does,13778,6799,20577
doesbt,1,0,1
doescapeanalysis,0,1,1
doesen,1,0,1
doesent,8,3,11
doesfollow,1,1,2
doesint,1,0,1
doesit,1,0,1
doesn,80,33,113
doesnnt,2,0,2
doesnot,5,3,8
doesnt,2189,579,2768
doesntfeelwell,1,0,1
doesnthaveaflashdrive,2,0,2
doesnthelp,2,0,2
doesntnlike,1,0,1
doesnts,1,0,1
doesntt,1,0,1
doesny,1,0,1
doess,5,1,6
doesss,0,1,1
doessss,0,1,1
doessssss,1,0,1
doest,3,7,10
doesthatmake,1,0,1
doesthis,1,0,1
doestn,1,0,1
doestnt,1,0,1
doestovesky,0,1,1
doeth,0,1,1
doeu,1,0,1
doez,1,0,1
dof,3,2,5
dofc,0,1,1
dofe,3,1,4
dofeing,1,0,1
doffed,1,0,1
dofo,0,1,1
dofor,0,1,1
doftar,0,1,1
dofus,1,0,1
dog,3231,1762,4993
doga,0,2,2
dogana,0,1,1
dogbirth,0,1,1
dogblogradio,1,0,1
dogbook,0,1,1
dogbox,1,0,1
dogbreath,0,2,2
dogbreeze,0,1,1
dogd,1,0,1
dogdeball,1,0,1
dogders,0,1,1
dogdy,1,0,1
doge,1,1,2
dogealk,1,0,1
dogear,0,2,2
dogeared,3,0,3
dogeballs,1,0,1
dogers,1,1,2
dogey,1,0,1
dogface,1,4,5
dogfight,1,1,2
dogfighting,1,0,1
dogfights,1,0,1
dogfish,0,2,2
dogfood,2,3,5
dogfrog,1,0,1
dogg,13,11,24
dogged,3,2,5
doggers,1,1,2
doggett,0,1,1
doggey,0,1,1
doggg,1,1,2
dogggg,0,2,2
doggggg,2,1,3
dogggggg,0,1,1
dogggss,0,1,1
doggie,164,78,242
doggiecakes,0,1,1
doggiee,0,1,1
doggieees,1,0,1
doggies,63,62,125
doggiess,0,1,1
doggiessss,1,0,1
doggiiee,1,0,1
doggin,2,0,2
dogging,5,3,8
doggity,0,2,2
doggone,4,1,5
doggoneit,0,1,1
doggonit,0,1,1
doggs,1,2,3
doggsy,0,1,1
doggums,1,0,1
doggy,176,98,274
doggys,3,2,5
doggystyle,2,0,2
doggyy,0,1,1
doggz,1,0,1
dogh,1,1,2
doghair,1,1,2
doghead,0,1,1
doghouse,10,3,13
dogkiller,0,1,1
doglapping,0,1,1
doglers,0,1,1
dogless,2,0,2
doglet,1,0,1
doglets,0,1,1
doglike,1,0,1
dogma,2,9,11
dogmaaaaa,0,1,1
dogmanns,0,1,1
dogmatic,0,2,2
dogmother,0,1,1
dognapped,1,0,1
dogness,1,0,1
dognuts,0,1,1
dogon,1,1,2
dogood,1,1,2
dogos,0,1,1
dogpark,2,5,7
dogpile,0,2,2
dogpiled,1,0,1
dogpiles,1,0,1
dogpoo,1,0,1
dogs,883,764,1647
dogschool,1,0,1
dogshit,3,0,3
dogshow,0,1,1
dogsies,1,1,2
dogsit,2,0,2
dogsitter,1,0,1
dogsitterfail,1,0,1
dogsitters,2,0,2
dogsitting,5,2,7
dogss,0,2,2
dogsss,0,1,1
dogsssss,0,1,1
dogster,0,1,1
dogtag,2,1,3
dogtags,3,1,4
dogter,0,1,1
dogtoberfest,0,1,1
dogtown,4,2,6
dogtrack,0,1,1
dogtraders,0,1,1
dogtraining,0,1,1
dogtree,1,0,1
dogtub,0,1,1
dogulu,0,1,1
dogwalk,1,1,2
dogwalkers,1,0,1
dogwalking,0,1,1
dogwood,2,2,4
dogy,0,2,2
dogz,2,2,4
doh,182,77,259
doha,4,6,10
dohaaljevan,1,0,1
dohc,1,1,2
doherty,4,8,12
dohh,0,1,1
dohhhh,1,0,1
dohhhhh,1,0,1
dohney,0,1,1
dohnut,0,2,2
dohnuts,2,0,2
dohr,0,1,1
dohring,1,0,1
dohromady,1,0,1
dohs,0,1,1
doht,0,1,1
dohyun,0,1,1
doi,13,11,24
doib,0,1,1
doido,0,3,3
doig,1,1,2
doigh,0,1,1
doighnuts,0,1,1
doign,1,3,4
doiiiin,0,1,1
doiiing,0,2,2
doiin,0,4,4
doiing,3,3,6
doiinq,1,1,2
doilies,0,1,1
doin,666,862,1528
doind,2,1,3
doine,0,1,1
doinf,0,1,1
doing,7736,8425,16161
doingg,13,8,21
doinggg,2,3,5
doingggg,2,4,6
doinggggg,1,1,2
doingit,1,0,1
doingn,0,1,1
doingnothing,0,1,1
doings,3,3,6
doingthehappydance,0,1,1
doinig,2,0,2
doink,1,1,2
doinn,0,12,12
doinner,0,1,1
doinng,1,1,2
doinnggg,0,1,1
doinnn,2,6,8
doinnnn,1,3,4
doinnnnggg,0,1,1
doinnnnn,0,1,1
doinnnnnn,0,1,1
doinq,4,7,11
doinqq,0,1,1
doins,0,1,1
doint,3,0,3
doireann,1,0,1
dois,1,1,2
doit,1,2,3
doj,1,2,3
dojang,0,1,1
dojie,1,0,1
dojmy,0,1,1
dojo,10,12,22
dojos,0,1,1
dojosec,0,1,1
dok,1,0,1
dokaay,0,1,1
dokavalanche,0,1,1
dokay,0,1,1
doke,3,15,18
dokee,1,3,4
dokely,0,2,2
dokers,0,1,1
dokes,1,2,3
dokey,1,21,22
dokeyy,0,1,1
doki,6,6,12
dokic,2,2,4
dokie,9,32,41
dokiee,0,1,1
dokies,0,1,1
dokii,0,1,1
dokily,1,0,1
dokken,1,2,3
dokki,0,1,1
dokkum,1,0,1
dokley,0,1,1
dokly,0,1,1
dokomi,1,0,1
dokonce,0,1,1
doks,1,0,1
dokter,2,3,5
doktor,1,1,2
dokumentaci,0,1,1
dokuro,1,0,1
dokus,0,1,1
dol,2,2,4
dola,0,1,1
dolan,0,2,2
dolans,1,0,1
dolapdere,0,1,1
dolar,2,2,4
dolares,0,2,2
dolarhyde,0,1,1
dolars,0,1,1
dolby,2,3,5
dolce,22,32,54
dolcekiss,0,1,1
dolces,1,1,2
dolci,0,1,1
doldrums,1,2,3
dole,10,9,19
doled,0,1,1
doleite,1,0,1
dolemite,1,0,1
dolenz,0,1,1
doleyy,1,0,1
dolezite,0,1,1
dolf,0,1,1
dolfinarium,0,1,1
dolger,0,1,1
doli,1,0,1
dolidh,1,0,1
doliendo,1,0,1
doling,1,1,2
dolinsky,1,0,1
dolittle,0,2,2
doliviawilder,1,0,1
doll,124,279,403
dolla,13,18,31
dollabillz,0,1,1
dollah,1,1,2
dollar,176,178,354
dollara,1,0,1
dollarama,1,1,2
dollarkurses,0,1,1
dollarmite,0,1,1
dollaros,1,0,1
dollarosa,0,1,1
dollars,268,196,464
dollartees,0,1,1
dollas,2,2,4
dollaz,0,1,1
dollazz,0,1,1
dolled,6,18,24
doller,0,1,1
dollers,1,1,2
dolley,4,5,9
dollface,6,9,15
dollfacee,0,2,2
dollfies,0,1,1
dollhouse,87,99,186
dollhousetvforum,0,1,1
dollie,2,0,2
dollies,1,2,3
dollin,0,3,3
dollishchic,0,1,1
dollla,0,1,1
dolllllll,0,1,1
dollllllll,0,1,1
dollop,0,3,3
dolloped,1,0,1
dollor,0,2,2
dollors,0,1,1
dollowes,1,0,1
dollr,1,0,1
dolls,103,167,270
dollurs,1,0,1
dolly,26,44,70
dollyrocker,0,1,1
dollywood,4,9,13
dollz,1,0,1
dollzone,1,0,1
dolmation,0,1,1
dolmu,0,1,1
dolo,7,3,10
dolol,1,0,1
dolomites,0,1,1
dolor,1,1,2
dolores,6,8,14
dolorian,1,0,1
dolph,1,2,3
dolphin,25,26,51
dolphindarko,1,0,1
dolphine,1,0,1
dolphins,20,38,58
dolpins,2,0,2
dols,0,3,3
dolt,1,2,3
dolton,0,1,1
dom,45,59,104
doma,1,1,2
domain,134,172,306
domainfest,0,1,1
domainidea,1,0,1
domainmagnate,1,0,1
domains,25,46,71
domanation,1,0,1
domanatrix,1,0,1
domani,2,1,3
domant,1,0,1
domar,0,1,1
domas,0,1,1
dombo,1,0,1
domcee,0,1,1
domdamn,1,0,1
domdocument,1,0,1
dome,27,38,65
domed,0,2,2
domedome,0,1,1
domem,0,1,1
domenica,0,1,1
domenick,0,1,1
domenico,1,0,1
domenion,0,1,1
domeniu,0,1,1
domeno,0,1,1
domeny,1,0,1
domes,0,1,1
domestic,57,49,106
domestically,1,2,3
domesticated,6,11,17
domestication,2,1,3
domesticity,0,2,2
domestics,1,0,1
domestique,1,0,1
domhnail,0,1,1
domi,3,2,5
domian,0,1,1
domicile,0,1,1
domii,1,0,1
domina,0,1,1
dominance,1,2,3
dominant,5,7,12
dominate,17,24,41
dominated,19,18,37
dominates,1,6,7
dominating,12,14,26
domination,17,59,76
dominations,1,0,1
dominator,0,1,1
dominatrix,1,2,3
domincan,0,1,1
doming,0,3,3
domingo,11,10,21
domingos,1,0,1
domini,1,1,2
dominic,12,14,26
dominica,2,1,3
dominican,28,27,55
dominicana,1,2,3
dominicanhairstyling,0,1,1
dominicans,1,3,4
dominichodgson,0,1,1
dominick,1,3,4
dominicks,1,0,1
dominico,0,2,2
dominics,0,1,1
dominictrujillomusic,0,1,1
dominika,0,2,2
dominion,6,9,15
dominios,0,1,1
dominique,4,8,12
dominiqueee,0,1,1
domino,19,27,46
dominoeffect,0,1,1
dominoes,11,12,23
dominos,29,27,56
dominospizza,1,0,1
dominque,0,1,1
dominus,0,1,1
domir,0,2,2
domirican,0,1,1
domis,0,1,1
domlur,0,1,1
dommage,1,0,1
domme,0,1,1
dommes,0,1,1
dommie,0,1,1
domminos,1,0,1
dommm,0,1,1
dommmm,0,2,2
dommy,0,1,1
domn,1,0,1
domness,0,1,1
domo,15,9,24
domokun,2,1,3
domonic,0,1,1
domonique,0,1,1
domrep,0,1,1
doms,2,3,5
domsai,1,0,1
domstrate,1,0,1
domsy,1,0,1
domt,2,2,4
domuch,1,0,1
domwiese,1,0,1
domz,1,0,1
domzie,1,0,1
don,594,359,953
dona,2,2,4
donaghadee,0,1,1
donaghmede,0,1,1
donaghue,0,1,1
donahoe,0,1,1
donahue,1,2,3
donair,1,2,3
donairs,1,1,2
donal,2,1,3
donald,27,39,66
donalds,10,12,22
donaldson,1,2,3
donan,0,1,1
donar,1,0,1
donat,1,0,1
donate,105,120,225
donated,30,54,84
donatella,0,1,1
donatello,0,1,1
donatenz,0,1,1
donates,1,5,6
donathan,0,2,2
donatilive,1,0,1
donating,17,31,48
donation,26,58,84
donationing,0,1,1
donations,18,48,66
donato,1,0,1
donator,1,3,4
donatos,1,1,2
donauinselfest,1,0,1
donaut,1,0,1
donavan,0,1,1
donavon,0,2,2
donbale,1,0,1
donbt,1,0,1
donburi,1,0,1
donc,0,2,2
doncaster,9,6,15
donce,1,0,1
donch,1,0,1
doncha,2,5,7
donchaknow,0,1,1
donchathink,1,0,1
doncs,0,1,1
dond,1,2,3
donde,14,11,25
dondee,1,0,1
dondequiera,1,0,1
dondi,1,0,1
dondie,0,2,2
dondon,1,0,1
dondondonnnnnnnn,1,0,1
dondoniv,0,1,1
dondria,1,1,2
done,6841,8492,15333
doned,1,0,1
donedgardo,0,1,1
donee,7,13,20
doneee,3,16,19
doneeee,2,4,6
doneeeee,1,5,6
doneeeeee,0,1,1
doneeeeeee,2,1,3
doneeeeeeee,0,1,1
doneeeeeeeeee,1,0,1
doneeeeeeeeeee,0,1,1
doneeeeeeeeeeeee,0,1,1
donegal,2,1,3
donegan,0,1,1
donell,0,2,2
doner,3,3,6
dones,3,2,5
donesim,1,0,1
doneski,2,0,2
doneskies,0,1,1
doneskiezzz,1,0,1
donesky,1,0,1
donesla,0,1,1
donetsk,0,1,1
donette,0,1,1
donevwith,1,0,1
donezo,2,2,4
donfucious,0,1,1
dong,59,89,148
dongdong,0,1,1
dongg,2,2,4
donggg,0,1,1
dongggg,0,1,1
donggggg,0,2,2
donggggggg,0,1,1
donghae,0,3,3
donghang,0,1,1
dongle,25,21,46
dongles,0,2,2
dongping,0,1,1
dongs,2,6,8
dongsend,1,0,1
dongtan,0,1,1
doni,4,2,6
donia,2,0,2
donie,0,1,1
donig,2,1,3
doning,3,4,7
donington,7,2,9
donis,0,4,4
donisia,2,0,2
donjae,0,1,1
donk,9,13,22
donked,0,1,1
donkey,57,41,98
donkeyass,1,0,1
donkeyballs,2,0,2
donkeybiscuits,1,0,1
donkeykong,1,1,2
donkeys,12,8,20
donkfest,0,1,1
donkin,1,0,1
donkk,1,0,1
donks,0,1,1
donky,2,0,2
donlge,1,0,1
donload,1,0,1
donloaded,1,1,2
donlod,0,1,1
donlot,0,1,1
donminican,0,1,1
donn,3,2,5
donna,32,72,104
donnalove,0,1,1
donnans,1,0,1
donnas,3,0,3
donnasfineart,1,0,1
donnde,1,0,1
donne,1,1,2
donned,1,1,2
donnee,1,1,2
donneee,1,0,1
donneeeeeeee,1,0,1
donnel,1,0,1
donnell,1,3,4
donnelley,1,0,1
donnelll,1,0,1
donnelly,2,2,4
donner,1,2,3
donnes,0,1,1
donnette,0,1,1
donnie,153,179,332
donniedarko,0,1,1
donnieeee,0,1,1
donnieism,1,0,1
donnieklang,2,3,5
donnielle,0,1,1
donnies,5,3,8
donniestattoo,0,1,1
donniewahlberg,0,1,1
donning,2,2,4
donnington,2,4,6
donnis,1,0,1
donnit,0,1,1
donnne,1,0,1
donnneeee,1,0,1
donnnneee,0,1,1
donnnnie,0,1,1
donnnnnnnne,1,0,1
donnnuts,0,1,1
donno,39,18,57
donnogle,1,0,1
donnoooo,1,0,1
donnow,0,1,1
donnt,3,0,3
donnuhh,1,0,1
donnut,0,1,1
donny,16,17,33
donnybrook,1,1,2
dono,11,6,17
donofrio,1,0,1
donoghues,0,1,1
donolan,1,0,1
donoo,0,1,1
donor,7,12,19
donors,1,4,5
donot,4,5,9
donotlike,1,0,1
donoughts,1,0,1
donouts,1,0,1
donovan,2,9,11
donovon,2,0,2
donr,1,0,1
donri,1,0,1
donrt,1,0,1
dons,6,6,12
donsol,1,0,1
donst,2,1,3
dont,12763,5456,18219
dontated,0,1,1
dontcha,9,9,18
dontchaaa,1,0,1
dontchaknow,0,1,1
dontchardemeforthecrime,0,1,1
dontchargemeforthecrime,0,2,2
dontcheatmothernature,1,0,1
dontchu,0,1,1
dontclick,0,1,1
dontcthink,1,0,1
donte,2,1,3
dontemplated,1,0,1
dontes,0,1,1
donteven,1,0,1
dontfeel,0,1,1
dontfollowsunday,0,1,1
dontget,2,0,2
dontgiveafuckness,0,1,1
donthat,1,0,1
dontkillme,0,1,1
dontknow,2,0,2
dontknowshow,0,1,1
dontletgo,1,0,1
dontletthembringudown,0,1,1
dontlietomecuzicanttakeit,1,0,1
dontlike,2,0,2
dontos,0,1,1
dontoyulove,1,0,1
donts,2,3,5
dontstayin,1,1,2
dontstopmatter,0,2,2
dontt,3,4,7
dontthink,1,0,1
donttrustme,0,1,1
donttt,3,1,4
dontttt,1,0,1
donttttt,1,0,1
dontttttttttttt,1,0,1
dontuhate,2,0,2
dontuhateitwhen,2,2,4
dontwanna,1,0,1
dontya,0,1,1
dontyouhate,106,0,106
dontyouhateit,1,0,1
dontyouhateitwhen,4,2,6
dontyoulove,2,1,3
dontyoulovegod,2,0,2
donu,0,1,1
donught,0,1,1
donughts,5,0,5
donunt,0,1,1
donut,117,145,262
donutday,1,0,1
donute,0,1,1
donutholes,1,0,1
donuts,200,228,428
donutshe,1,0,1
donutssss,0,1,1
donutt,0,1,1
donutz,1,0,1
donuuuuuuuts,0,1,1
donuycana,0,1,1
donw,3,3,6
donwan,1,0,1
donwanago,1,0,1
donwanna,2,1,3
donwannahearnoshit,0,1,1
donwload,1,1,2
dony,1,1,2
donyale,1,0,1
donz,1,0,1
donzo,2,1,3
doo,152,168,320
doob,1,1,2
doobee,0,1,1
doober,1,1,2
doobie,3,3,6
doobies,1,0,1
doobing,0,1,1
dooby,1,1,2
dooce,2,2,4
doociness,0,1,1
dood,47,35,82
dooda,0,1,1
doodad,0,1,1
doodadoo,0,1,1
doodah,3,1,4
doodahh,1,0,1
doode,2,4,6
doodee,0,2,2
dooders,0,1,1
doodh,1,0,1
doodhwala,1,0,1
doodi,1,0,1
doodie,3,4,7
doodily,4,0,4
doodiz,0,1,1
doodle,22,30,52
doodlebops,0,1,1
doodlebug,0,1,1
doodlebugs,0,1,1
doodled,0,4,4
doodleparty,0,1,1
doodles,11,16,27
doodling,6,16,22
doodly,0,1,1
doodoo,7,2,9
doodoooo,0,1,1
doods,3,0,3
doody,3,6,9
doodys,0,1,1
doodz,0,1,1
dooed,0,1,1
doof,22,8,30
doofa,1,0,1
doofas,1,0,1
doofcore,1,0,1
doofe,1,0,1
doofenshmirtz,0,1,1
doofer,0,1,1
doofes,1,0,1
doofinmeritz,1,0,1
doofulus,1,0,1
doofus,8,5,13
doofuses,1,0,1
doofy,0,1,1
doog,0,1,1
dooger,1,0,1
doogie,1,4,5
doogies,0,1,1
doogs,0,1,1
dooh,1,1,2
doohickey,2,0,2
doohickeys,2,0,2
dooiiing,0,1,1
dooin,1,3,4
dooing,2,1,3
dook,1,1,2
dooka,1,0,1
dookie,7,5,12
dookies,1,0,1
dookin,1,0,1
dooks,0,1,1
dool,8,1,9
doolally,0,2,2
doolan,1,0,1
doole,0,1,1
doolette,0,1,1
dooley,1,4,5
doolives,1,0,1
dools,0,1,1
doom,83,52,135
doome,1,0,1
doomed,59,23,82
doomferret,0,1,1
doomies,1,0,1
doomlight,2,0,2
doomo,0,1,1
doomplague,1,0,1
doomriders,0,1,1
dooms,1,0,1
doomsayers,0,1,1
doomsday,13,9,22
doomsville,1,0,1
doomy,2,0,2
doon,7,8,15
doona,9,9,18
doonas,4,0,4
doonaviie,0,1,1
doone,0,2,2
dooney,4,0,4
doong,1,1,2
doongg,1,0,1
doonggg,0,1,1
doonntt,1,0,1
doonnttt,1,0,1
doonsbury,0,1,1
doonsey,1,0,1
doonside,0,1,1
doont,2,1,3
doontt,1,0,1
dooo,59,47,106
dooobai,0,1,1
doooctaah,1,0,1
doood,4,5,9
doooddd,0,1,1
dooodle,0,1,1
doooes,0,1,1
dooog,0,1,1
doooggg,1,0,1
doooh,0,1,1
doooi,0,1,1
doooing,0,1,1
doooingg,1,0,1
doooit,1,0,1
dooomed,3,0,3
dooon,1,1,2
dooone,2,0,2
dooong,3,2,5
dooonnnt,0,1,1
dooont,1,1,2
doooo,32,24,56
dooood,1,2,3
doooode,1,0,1
doooog,1,1,2
dooooin,0,1,1
dooooing,0,1,1
doooom,0,1,1
doooomed,1,0,1
doooomm,1,0,1
doooon,2,0,2
doooone,0,2,2
doooong,1,0,1
doooonie,0,1,1
doooonnnee,0,1,1
doooonnneeeeeeee,0,1,1
doooonnngggg,0,1,1
doooont,2,1,3
dooooo,19,12,31
doooood,1,1,2
dooooog,1,0,1
doooooing,0,1,1
dooooom,1,0,1
dooooomed,1,1,2
doooooo,10,3,13
dooooooin,0,2,2
doooooom,0,1,1
doooooon,2,0,2
doooooone,0,1,1
dooooooo,3,6,9
dooooooodddddiiiieeee,1,0,1
dooooooode,1,0,1
dooooooon,1,1,2
dooooooone,0,1,1
dooooooont,0,1,1
dooooooonwn,0,1,1
doooooooo,3,1,4
doooooooomed,0,1,1
doooooooongs,1,0,1
dooooooooo,2,0,2
dooooooooonieeeeeeeeeeeee,0,1,1
doooooooooo,3,3,6
doooooooooone,1,1,2
dooooooooooo,2,1,3
doooooooooooo,2,0,2
dooooooooooooo,0,1,1
doooooooooooooin,0,1,1
doooooooooooooo,0,1,1
dooooooooooooooneeeeeeeeee,0,1,1
dooooooooooooooo,2,0,2
dooooooooooooooooooo,1,0,1
dooooooooooooooooooooooooooo,1,0,1
doooooooooown,0,1,1
dooooooooown,1,1,2
doooooooown,2,1,3
dooooooownloadddddddddssssssss,0,1,1
doooooown,0,1,1
dooooor,1,0,1
dooooown,0,1,1
doooooz,1,0,1
doooope,0,1,1
dooooper,1,0,1
doooor,1,0,1
doooosh,0,1,1
doooown,2,1,3
dooope,1,2,3
dooost,0,1,1
dooot,0,1,1
dooougie,1,0,1
dooougiecplease,1,0,1
dooouuggiiie,0,1,1
dooownnnn,0,1,1
dooowwn,1,0,1
doop,0,2,2
doopa,0,1,1
dooped,3,0,3
dooper,1,15,16
doopers,0,1,1
doopid,1,0,1
doopy,0,1,1
door,1050,660,1710
doorbel,1,0,1
doorbell,10,7,17
doorbells,2,0,2
doorbitch,0,1,1
doordarshan,1,2,3
doordie,1,0,1
doored,1,1,2
doorguy,0,1,1
doorhanging,1,0,1
dooriyaan,1,0,1
doork,1,0,1
doorknob,2,0,2
doorknobs,2,2,4
doorlopen,0,1,1
doorly,0,1,1
doorman,4,3,7
doormat,2,1,3
doormatt,0,1,1
doormice,0,1,1
doorn,0,1,1
doornail,2,1,3
doors,167,136,303
doorsalesmen,1,0,1
doorsdown,0,1,1
doorstep,21,15,36
doorsteps,1,2,3
doorwall,0,1,1
doorwat,0,1,1
doorway,8,5,13
doorways,1,0,1
doos,2,1,3
doosey,1,0,1
doosh,0,2,2
doosra,1,0,1
doosy,0,1,1
doot,6,9,15
dootsiez,0,1,1
doowe,0,1,1
doowwn,0,1,1
dooyoo,0,1,1
doozie,0,3,3
doozing,0,1,1
doozle,0,1,1
doozy,6,4,10
dop,2,2,4
dopamine,2,1,3
dope,99,265,364
dopeboys,1,0,1
dopeboyz,1,0,1
doped,11,2,13
dopee,0,2,2
dopeee,2,2,4
dopeeeee,0,1,1
dopeeeness,0,1,1
dopehead,1,0,1
dopeness,0,7,7
doper,1,3,4
dopers,1,1,2
dopest,1,7,8
dopey,6,13,19
dophie,1,0,1
dophil,1,0,1
dophin,0,1,1
dopiest,0,1,1
doping,2,3,5
dopish,1,0,1
dopisonline,1,0,1
dopnt,1,0,1
dopods,0,1,1
doporucil,0,1,1
dopp,1,0,1
dopped,1,0,1
doppelg,1,0,1
doppelganger,2,1,3
doppelgangland,0,1,1
doppelt,0,1,1
doppio,0,1,1
dopplebock,1,0,1
doppler,3,1,4
dopplr,2,1,3
doppppe,0,1,1
dopy,2,0,2
doq,3,0,3
dor,12,11,23
dora,32,35,67
doraa,0,1,1
dorableeeeee,0,1,1
dorada,1,0,1
dorado,1,6,7
dorados,0,1,1
doraemon,3,4,7
doraku,0,1,1
doral,1,2,3
doralee,1,0,1
dorama,0,4,4
doramas,1,0,1
doran,1,1,2
dorang,1,0,1
dorange,0,1,1
dorans,3,0,3
dorass,0,1,1
dorayaki,1,0,1
dorcas,0,1,1
dorchester,5,6,11
dorcy,0,1,1
dordt,1,0,1
dore,0,1,1
dorea,0,1,1
doreen,2,2,4
dorei,0,1,1
doremon,1,0,1
dorena,0,1,1
dores,2,1,3
doresc,0,1,1
dorest,1,0,1
doreta,1,0,1
doretos,1,0,1
dorey,0,1,1
dorf,2,1,3
dorfette,0,1,1
dorff,1,0,1
dorfman,1,1,2
dorfun,1,0,1
dori,3,5,8
doria,0,1,1
dorian,3,7,10
dorin,0,1,1
dorinda,0,2,2
dorine,0,1,1
doris,10,10,20
dorit,1,0,1
dorito,0,5,5
doritoes,2,2,4
doritoessss,1,0,1
doritos,35,45,80
doritosssss,1,0,1
dorje,0,1,1
dork,80,210,290
dorka,1,0,1
dorkassed,1,0,1
dorkface,0,1,1
dorkie,3,0,3
dorkier,1,1,2
dorkiest,0,1,1
dorkily,0,1,1
dorkiness,1,0,1
dorking,4,1,5
dorkins,1,0,1
dorkk,1,0,1
dorkkk,0,1,1
dorkling,0,1,1
dorkness,0,1,1
dorko,0,1,1
dorks,6,27,33
dorkstar,0,1,1
dorktower,1,0,1
dorku,1,0,1
dorkus,0,3,3
dorky,10,39,49
dorkyness,0,1,1
dorm,106,46,152
dorma,0,1,1
dormant,4,6,10
dormat,0,1,1
dormi,1,3,4
dormicum,1,0,1
dormie,1,0,1
dormindo,0,1,1
dormir,13,32,45
dormire,0,1,1
dormirme,1,0,1
dormit,2,1,3
dormitorio,0,1,1
dormitory,3,0,3
dormitorya,0,1,1
dormmates,1,0,1
dormroom,1,0,1
dorms,13,4,17
dormwide,1,0,1
dorn,0,1,1
dorna,0,1,1
dornan,1,0,1
dorney,5,8,13
dorneyyyy,0,1,1
doro,3,1,4
dorota,0,3,3
dorothea,0,1,1
dorothy,13,20,33
dorrean,1,0,1
dorrell,0,1,1
dorrie,1,0,1
dorriedoo,1,0,1
dorris,0,2,2
dorrit,2,1,3
dorrito,0,1,1
dorritto,1,0,1
dorrk,0,1,1
dorrough,0,1,1
dorrouqh,0,1,1
dorrrra,0,1,1
dorrset,1,0,1
dorry,1,0,1
dorset,16,10,26
dorsett,1,0,1
dorsey,0,1,1
dorsolateralprefrontalcortexfail,1,0,1
dort,3,2,5
dorthe,0,2,2
dorthy,1,0,1
dortmund,0,3,3
dortt,0,1,1
dorval,1,0,1
dorve,1,0,1
dory,6,8,14
dos,40,54,94
dosa,3,3,6
dosadio,1,0,1
dosage,6,8,14
dosages,0,1,1
dosanali,0,1,1
dosanjh,0,1,1
dosas,2,1,3
dose,112,120,232
dosecast,1,0,1
dosed,11,1,12
dosen,30,8,38
dosensuppe,0,1,1
dosent,88,21,109
doses,6,8,14
dosey,0,1,1
dosgi,0,1,1
dosh,7,9,16
dosha,1,0,1
doshite,1,0,1
dosie,1,0,1
dosing,4,2,6
dosis,0,1,1
doski,0,1,1
dosn,11,3,14
dosnt,33,6,39
dosntmatter,0,1,1
doso,1,0,1
dosome,1,0,1
dosomething,0,1,1
dosp,0,1,1
doss,3,2,5
dossapointmet,1,0,1
dossena,1,0,1
dossier,3,4,7
dossin,0,1,1
dossing,2,1,3
dost,2,1,3
dostajecie,0,1,1
dostal,0,2,2
dostala,0,1,1
dostat,2,0,2
dosti,0,1,1
dostlog,0,1,1
dosto,0,1,1
dostoevsky,1,1,2
doston,0,2,2
dosy,0,2,2
dot,114,153,267
dota,12,12,24
dotastronomy,0,1,1
dotclear,1,0,1
dotcom,0,2,2
dotcoms,0,1,1
dotdotdot,1,0,1
dote,5,0,5
dotel,1,0,1
doterati,1,0,1
dotgame,0,1,1
doth,6,8,14
dothan,2,1,3
dothery,1,0,1
dothetwitterdance,0,1,1
doting,2,1,3
dotless,1,0,1
dotm,0,1,1
dotn,8,5,13
dotned,1,0,1
dotness,0,1,1
dotnet,0,1,1
dotnetnuke,3,1,4
doto,1,0,1
dotor,2,0,2
dotors,1,0,1
dotp,2,0,2
dotproject,0,1,1
dots,30,42,72
dotsauce,0,1,1
dotsavvy,0,1,1
dotshowcase,0,1,1
dotsisx,1,1,2
dotski,0,1,1
dotster,2,0,2
dotstry,1,0,1
dotsub,0,1,1
dott,2,0,2
dotted,5,6,11
dotter,0,1,1
dottering,1,0,1
dotti,0,1,1
dottie,8,1,9
dottieshop,0,1,1
dotting,1,0,1
dotty,4,5,9
doty,1,1,2
dou,3,3,6
doua,1,1,2
doub,0,1,1
douban,0,2,2
doubble,1,0,1
doube,1,0,1
doubful,0,1,1
doubg,0,1,1
doubing,1,0,1
doubl,0,1,1
double,827,691,1518
doublecheck,0,2,2
doublechuckmemondays,0,1,1
doubleclick,3,0,3
doubled,23,34,57
doubledinner,1,0,1
doubledovernite,0,1,1
doubledutch,1,0,1
doubleeeee,1,0,1
doublefail,1,0,1
doublefeature,0,1,1
doubleg,0,1,1
doublegulp,1,0,1
doubleheader,3,4,7
doublemint,1,1,2
doubleplay,1,0,1
doubles,36,35,71
doublesadface,1,0,1
doubleshift,1,0,1
doubleshot,0,2,2
doubleshots,1,1,2
doublesman,1,0,1
doubletime,1,0,1
doublewide,0,1,1
doubley,2,0,2
doubleyouteaeff,1,0,1
doubling,8,3,11
doubly,12,12,24
doubr,1,0,1
doubt,758,706,1464
doubtbro,0,1,1
doubtd,1,0,1
doubted,3,13,16
doubters,2,4,6
doubtfire,3,4,7
doubtful,61,14,75
doubtfull,1,0,1
doubting,23,12,35
doubtless,1,2,3
doubts,24,22,46
doubtuing,1,0,1
doubtvi,1,0,1
douby,0,1,1
douch,1,1,2
douchbag,0,1,1
douchbaggery,0,1,1
douchbags,2,2,4
douche,114,70,184
douchebag,42,17,59
douchebaggery,3,1,4
douchebaggg,1,0,1
douchebaggish,0,1,1
douchebagness,1,0,1
douchebags,13,9,22
douchebuckle,1,0,1
doucheclown,1,0,1
douchee,1,0,1
doucheee,0,1,1
doucheeee,1,0,1
douchefag,1,0,1
douchen,0,2,2
doucheness,0,1,1
douchenozzle,2,0,2
doucher,1,0,1
douchery,0,1,1
douches,5,6,11
douchetastic,0,1,1
douchetitty,0,1,1
douchetuber,0,1,1
doucheville,1,0,1
douchey,8,3,11
douchie,1,1,2
douching,2,0,2
douchy,1,2,3
douct,1,0,1
doudhnut,1,0,1
doudou,0,1,1
doudt,0,1,1
doues,0,1,1
doufal,0,1,1
doug,77,125,202
dougal,2,3,5
dougans,1,0,1
dougbt,1,0,1
douge,1,0,1
dougen,0,1,1
dougewhite,0,1,1
dougggg,0,1,1
dough,115,90,205
doughballs,0,1,1
doughboy,0,1,1
doughboys,1,0,1
doughcake,0,1,1
dougherty,0,1,1
doughnt,0,1,1
doughnut,67,78,145
doughnuts,56,67,123
doughnutty,0,1,1
doughouts,1,0,1
dought,1,1,2
doughter,0,2,2
doughters,0,1,1
doughtnut,1,1,2
doughty,0,1,1
doughy,1,3,4
dougiamas,0,1,1
dougie,138,200,338
dougiee,1,1,2
dougieee,1,0,1
dougieeeeeee,0,1,1
dougieeeeeeeeeee,0,1,1
dougiefied,1,0,1
dougiemcfly,2,1,3
dougies,0,3,3
dougiie,0,1,1
dougiieeee,0,1,1
dougiiiiieee,0,1,1
dougiiiiiiieee,0,1,1
douglas,14,40,54
douglass,3,2,5
douglasville,1,2,3
douglaz,0,1,1
dougle,1,1,2
dougnut,2,1,3
dougnutage,1,0,1
dougnuts,1,2,3
dougoblue,0,1,1
dougray,0,1,1
dougs,5,4,9
dougster,0,1,1
dougsterrr,0,1,1
dougy,2,0,2
dougz,1,0,1
douja,0,1,1
doujin,2,0,2
doujins,0,1,1
doukutsu,0,1,1
doul,0,1,1
doula,1,1,2
doulas,0,1,1
doulble,1,0,1
douleuei,1,0,1
doulton,1,0,1
doume,1,0,1
doumented,0,1,1
dounatz,0,1,1
dound,1,0,1
doung,0,1,1
dounloading,1,0,1
dounny,1,0,1
dount,2,1,3
dounts,0,2,2
dounut,3,0,3
dounuts,1,3,4
douple,1,0,1
douqie,0,1,1
dour,1,2,3
dourdan,1,0,1
dousch,1,0,1
dousche,1,1,2
douscherrr,1,0,1
douse,0,2,2
dousebut,0,1,1
doused,2,0,2
doushe,2,0,2
doushebag,0,1,1
doushite,0,1,1
dousing,2,0,2
dout,1,2,3
doutfire,0,1,1
douwe,0,1,1
doux,0,4,4
douze,0,1,1
dov,2,1,3
dovati,0,1,1
dovato,0,2,2
dove,29,28,57
dovea,0,1,1
dovecot,1,0,1
dovedale,1,2,3
dovely,1,1,2
dover,17,30,47
doves,9,22,31
dovetail,0,2,2
dovetailed,0,1,1
dovey,13,10,23
dovie,0,1,1
dovor,0,1,1
dow,12,12,24
dowagers,0,1,1
dowan,5,1,6
dowanna,1,0,1
dowb,1,0,1
dowbtown,1,0,1
dowd,1,2,3
dowdy,1,2,3
dowentime,1,0,1
dowgy,0,1,1
dowhateveriwant,0,1,1
dowin,0,2,2
dowland,1,0,1
dowld,0,1,1
dowling,1,1,2
dowlnoad,0,1,1
dowlnoading,0,1,1
dowload,6,2,8
dowloaded,3,1,4
dowloading,1,4,5
dowm,2,0,2
down,11804,6791,18595
downbeat,0,1,1
downcity,1,0,1
downe,2,0,2
downed,29,9,38
downelink,1,0,1
downer,84,26,110
downered,1,0,1
downers,2,1,3
downerss,0,1,1
downes,0,1,1
downest,1,0,1
downey,8,22,30
downfall,41,5,46
downfalls,1,2,3
downfield,0,1,1
downforeveryone,1,0,1
downgrade,21,8,29
downgraded,13,4,17
downgrades,1,0,1
downgrading,5,1,6
downham,0,1,1
downhearted,2,0,2
downhere,1,1,2
downhill,72,30,102
downhome,1,2,3
downie,1,1,2
downiing,1,0,1
downin,0,1,1
downing,14,13,27
downkase,0,1,1
downlad,1,0,1
downlading,0,1,1
downlands,0,2,2
downlaod,0,2,2
downlaoded,0,2,2
downlaoding,1,0,1
downlink,0,1,1
download,1157,870,2027
downloadable,6,9,15
downloadat,1,0,1
downloadble,1,0,1
downloadd,0,2,2
downloaddddd,0,1,1
downloaded,252,374,626
downloader,7,11,18
downloaders,1,0,1
downloadfestival,1,2,3
downloadin,11,11,22
downloading,324,448,772
downloadingg,0,2,2
downloadinggg,1,0,1
downloadingnow,0,1,1
downloadining,0,1,1
downloadinnnn,0,1,1
downloadkan,1,0,1
downloads,79,89,168
downloaed,0,1,1
downloanding,1,0,1
downlodin,0,1,1
downloding,1,0,1
downloeading,1,0,1
downloooadddd,1,0,1
downlow,0,1,1
downmarket,0,1,1
downmy,0,1,1
downn,13,4,17
downnload,1,0,1
downnn,5,6,11
downnnn,4,4,8
downnnnn,3,1,4
downnnnnn,2,0,2
downnnnnnnn,0,1,1
downnnnnnnnnnnnn,0,1,1
downpayment,1,0,1
downpipin,1,0,1
downplayed,1,0,1
downplaying,0,2,2
downpore,1,0,1
downpour,40,18,58
downpoured,0,1,1
downpouring,4,0,4
downpours,6,5,11
downpt,1,0,1
downrange,0,1,1
downright,6,11,17
downs,51,39,90
downside,150,30,180
downsides,16,3,19
downsize,2,1,3
downsized,7,0,7
downsizees,1,0,1
downsizing,8,0,8
downstacked,1,0,1
downstair,2,1,3
downstaires,1,0,1
downstairs,253,134,387
downstaries,1,0,1
downstaris,2,0,2
downstem,1,0,1
downstream,1,2,3
downswings,1,0,1
downsyndrome,0,1,1
downt,6,1,7
downtempo,1,4,5
downthemall,1,0,1
downtheshore,1,0,1
downtime,69,39,108
downtimes,3,2,5
downtoday,1,0,1
downtoearthness,0,1,1
downtoen,0,1,1
downton,1,1,2
downtown,360,416,776
downtownage,0,2,2
downtownn,1,1,2
downtownnn,1,1,2
downtowwn,1,0,1
downtrodden,1,0,1
downtube,1,0,1
downtuned,1,0,1
downturn,7,2,9
downunder,5,7,12
downward,12,6,18
downwards,4,1,5
downwind,0,1,1
downwith,0,1,1
downy,2,2,4
downzorz,1,0,1
dowork,2,0,2
dowr,0,1,1
dowrfle,0,1,1
dowry,1,0,1
dows,1,1,2
dowses,0,1,1
dowstairs,1,0,1
dowt,0,1,1
dowtah,0,1,1
dowtown,1,1,2
dowwn,1,1,2
dowwnnn,1,0,1
dowwwn,3,1,4
dowwwwwwwwwwwwwwn,0,1,1
doxa,0,1,1
doxi,1,0,1
doxie,3,1,4
doxies,1,2,3
doxycycline,1,0,1
doy,3,4,7
doya,1,1,2
doyage,0,1,1
doyd,0,1,1
doyers,1,0,1
doyle,10,8,18
doyles,0,1,1
doylesroom,1,0,1
doylestown,1,0,1
doyou,0,1,1
doyourememberwhen,2,11,13
doyouremenberwhen,0,1,1
doyouthinkhesawus,0,1,1
doz,4,3,7
doze,16,11,27
dozed,16,13,29
dozen,57,75,132
dozens,12,14,26
dozer,1,3,4
dozes,0,1,1
dozey,1,0,1
dozin,0,1,1
dozing,18,10,28
dozy,2,1,3
dozzing,0,1,1
dozzzzy,0,1,1
dp,56,70,126
dpa,1,1,2
dpad,2,0,2
dpake,0,1,1
dpantai,0,1,1
dpat,2,0,2
dpattinsonrobt,1,0,1
dpbcon,1,0,1
dpc,1,1,2
dpcampswe,0,1,1
dpd,5,2,7
dpdpdp,0,1,1
dpdt,1,0,1
dpe,0,2,2
dpend,0,1,1
dpepsi,1,0,1
dpftg,0,1,1
dphie,0,1,1
dphresh,0,1,1
dpi,4,5,9
dpj,1,0,1
dpk,0,1,1
dpkg,2,0,2
dpm,2,0,2
dpmaxey,0,1,1
dpmhi,1,0,1
dpmm,1,3,4
dpmnfear,0,1,1
dpn,3,1,4
dpnding,0,1,1
dpns,0,1,1
dpool,0,1,1
dpp,1,1,2
dpressed,1,0,1
dpressing,1,0,1
dpreview,1,0,1
dpride,1,0,1
dprk,0,2,2
dprl,1,0,1
dproductions,1,0,1
dprss,1,0,1
dprssd,1,0,1
dps,17,9,26
dpsing,1,0,1
dpt,22,14,36
dptr,0,1,1
dpvd,0,1,1
dq,54,34,88
dqed,1,0,1
dqos,0,1,1
dqt,0,1,1
dqunk,1,0,1
dqup,0,1,1
dqviii,0,1,1
dr,796,527,1323
dra,4,3,7
draaaaaaaaaaaained,1,0,1
draaaaaaaaaaama,0,1,1
draaaaained,1,0,1
draaaaanks,0,1,1
draaaag,1,1,2
draaaaggggg,1,0,1
draaaagon,0,1,1
draaaank,1,1,2
draaag,1,0,1
draaank,1,1,2
draaankin,0,1,1
draag,1,0,1
draak,0,1,1
draanks,0,1,1
drab,10,2,12
drabble,5,2,7
drabblecast,1,0,1
drabo,0,1,1
drac,0,1,1
dracccului,1,0,1
drace,1,0,1
draco,16,17,33
draconic,0,1,1
dractastic,0,1,1
dracu,1,1,2
dracula,12,16,28
dracut,1,0,1
draeke,1,0,1
draekke,0,1,1
draenei,1,1,2
draenor,0,1,1
draft,109,100,209
drafted,8,10,18
drafthouse,1,0,1
drafting,9,11,20
drafts,15,13,28
drafty,1,2,3
drag,451,483,934
dragan,0,1,1
dragana,1,2,3
dragd,2,0,2
drage,1,0,1
draged,0,2,2
dragg,3,0,3
draggable,2,1,3
draggd,1,0,1
dragged,112,41,153
dragggeddd,1,0,1
dragggg,1,0,1
draggggggg,1,0,1
draggggggggggg,1,0,1
draggggggggggggging,1,0,1
dragggggggggggging,0,1,1
draggggggggggging,1,0,1
dragggin,1,0,1
draggin,14,5,19
dragging,129,51,180
dragginh,0,1,1
draggy,2,1,3
dragibus,1,0,1
dragin,0,1,1
draging,4,1,5
dragio,0,2,2
dragnet,0,2,2
drago,2,2,4
dragon,96,113,209
dragonair,1,0,1
dragonball,13,10,23
dragonberry,1,1,2
dragonblight,1,0,1
dragonboaters,0,1,1
dragonboating,1,0,1
dragoncon,2,1,3
dragonette,1,3,4
dragoneye,1,0,1
dragonfable,1,1,2
dragonflies,1,4,5
dragonfly,6,10,16
dragonforce,2,5,7
dragonfruit,1,0,1
dragonguy,0,1,1
dragonheart,0,1,1
dragonica,3,0,3
dragonlance,1,0,1
dragonlord,1,0,1
dragonmaw,0,1,1
dragonnnnns,1,0,1
dragonquest,2,0,2
dragonroom,0,1,1
dragons,21,28,49
dragonsden,1,0,1
dragonsky,1,2,3
dragonslayer,0,1,1
dragonwell,0,1,1
dragonwings,0,1,1
dragonzord,0,1,1
dragoon,2,0,2
dragorgans,1,0,1
dragqueen,2,0,2
dragracing,1,0,1
drags,19,10,29
dragster,5,1,6
dragstrip,0,1,1
drail,0,1,1
drain,157,38,195
drainage,8,1,9
drainbammage,0,1,1
draind,1,0,1
drained,157,30,187
drainedddd,0,1,1
draineeeed,1,0,1
drainer,4,0,4
drainful,0,1,1
drainin,3,0,3
draining,53,12,65
draink,1,0,1
draino,2,0,2
drainpipes,1,0,1
drains,36,5,41
drais,1,0,1
draiz,0,1,1
drak,2,2,4
draka,0,1,1
drake,99,127,226
drakeandjosh,0,1,1
drakee,0,2,2
drakeeeee,0,1,1
drakes,4,5,9
drakken,0,1,1
drakkie,0,1,1
drakkkkkkkkkeeee,0,1,1
drakonion,1,0,1
drakula,0,1,1
dram,1,2,3
drama,642,461,1103
dramaa,2,1,3
dramaaaa,0,1,1
dramaaaaa,0,1,1
dramaandangst,1,0,1
dramaaz,1,0,1
dramabeans,0,1,1
dramabeats,0,1,1
dramacrazy,0,1,1
dramadramadrama,1,0,1
dramafest,1,0,1
dramafilled,1,1,2
dramafying,0,2,2
dramakween,0,1,1
dramaless,1,0,1
dramalicious,0,1,1
dramam,1,0,1
dramamagazine,0,1,1
dramamine,2,2,4
dramanisia,1,0,1
dramarama,3,0,3
dramas,27,26,53
dramathon,0,1,1
dramatic,63,60,123
dramatica,0,1,1
dramatical,1,0,1
dramatically,15,5,20
dramaticly,1,0,1
dramatics,1,1,2
dramatist,0,2,2
dramatized,1,0,1
dramatizing,0,1,1
dramatyze,0,1,1
dramaz,0,3,3
dramed,1,0,1
dramedy,0,1,1
dramin,1,0,1
dramione,0,1,1
draml,0,1,1
drammaaaaa,1,0,1
drammen,0,1,1
drammz,0,1,1
dramo,1,0,1
drams,0,4,4
dramz,2,3,5
dramzzz,2,0,2
drance,1,0,1
drang,0,1,1
drank,365,207,572
dranken,0,1,1
drankin,3,3,6
dranking,1,0,1
drankinnnnn,0,1,1
drankkk,0,3,3
dranks,3,7,10
dranksss,0,1,1
dranky,0,1,1
dranl,1,0,1
drano,1,0,1
drape,0,1,1
drapeau,1,1,2
draped,1,3,4
draper,0,8,8
drapes,1,4,5
drapey,0,2,2
drappy,1,0,1
draq,0,1,1
draqls,0,1,1
draqqinq,0,1,1
drasda,0,1,1
drastic,16,13,29
drastically,11,6,17
drasticly,1,0,1
drastiic,1,0,1
drat,56,10,66
dratatitties,1,0,1
dratch,0,3,3
dratillia,0,1,1
drats,23,3,26
dratted,2,0,2
dratz,1,0,1
draught,0,1,1
draughts,0,1,1
draughtspersons,1,0,1
draughty,1,0,1
draven,2,6,8
dravenday,0,1,1
dravensday,2,2,4
dravid,0,1,1
draving,0,1,1
draw,259,319,578
drawable,0,1,1
drawals,1,1,2
drawback,13,1,14
drawbacks,7,5,12
drawbridge,1,0,1
drawchat,1,0,1
drawed,0,2,2
drawer,49,23,72
drawers,20,24,44
drawig,0,1,1
drawin,3,1,4
drawing,245,332,577
drawingboard,1,4,5
drawingday,1,0,1
drawingi,0,1,1
drawings,27,49,76
drawl,6,3,9
drawling,1,0,1
drawls,2,0,2
drawn,51,57,108
drawning,3,1,4
drawnt,0,1,1
drawrect,1,0,1
drawring,0,1,1
draws,15,27,42
drawsko,1,0,1
drawstring,0,2,2
drawtutor,1,0,1
drawz,1,0,1
drawzilla,1,0,1
draycote,0,1,1
draycott,0,1,1
drayden,1,0,1
drayon,0,1,1
drayton,4,6,10
drazniha,1,0,1
drbuz,0,1,1
drc,2,2,4
drcc,0,1,1
drchinoput,0,1,1
drctly,0,1,1
drdrew,2,0,2
dre,32,32,64
drea,5,14,19
dreaaa,0,1,1
dreaaaaaam,1,0,1
dreaaaaam,0,1,1
dreaaaaams,0,2,2
dreaaaading,1,0,1
dreaaaming,0,1,1
dreaaammmss,0,1,1
dreaam,1,0,1
dreaamland,0,1,1
dreaams,0,1,1
dreaamzzzzz,0,1,1
dread,74,33,107
dreaddddiing,1,0,1
dreade,1,0,1
dreaded,94,31,125
dreadest,1,0,1
dreadful,86,15,101
dreadfull,2,0,2
dreadfully,18,2,20
dreadhead,2,1,3
dreadin,12,0,12
dreading,536,56,592
dreadinggggg,1,0,1
dreadlocks,2,2,4
dreadlox,1,0,1
dreadm,1,0,1
dreadmill,1,1,2
dreadn,1,0,1
dreadness,2,0,2
dreadnought,0,1,1
dreads,43,29,72
dreadully,1,0,1
dreadweave,1,0,1
dreadzone,1,0,1
dream,1929,1556,3485
dreamactivist,0,1,1
dreamapp,0,1,1
dreambank,0,1,1
dreambears,6,6,12
dreambikeii,0,1,1
dreamboard,1,0,1
dreamboat,1,3,4
dreamboats,0,2,2
dreambox,2,0,2
dreamboy,2,0,2
dreambuilding,0,1,1
dreamcake,0,1,1
dreamcar,1,0,1
dreamcast,14,3,17
dreamcatcher,1,2,3
dreamcoat,0,1,1
dreamd,1,0,1
dreamed,82,53,135
dreamer,16,25,41
dreamers,3,12,15
dreamfall,0,1,1
dreamfast,0,1,1
dreamfever,0,1,1
dreamfield,0,1,1
dreamforest,1,0,1
dreamful,0,1,1
dreamgirl,0,1,1
dreamgirllss,0,1,1
dreamgirls,1,7,8
dreamhack,1,1,2
dreamhampton,1,0,1
dreamhost,27,14,41
dreamhouse,0,2,2
dreamiest,0,1,1
dreamig,1,0,1
dreamily,1,1,2
dreamin,15,28,43
dreaminess,0,1,1
dreaming,198,241,439
dreaminggg,0,2,2
dreamingme,0,1,1
dreamjob,0,1,1
dreamjobs,1,0,1
dreamlaaand,0,1,1
dreamlamddd,0,1,1
dreamland,17,72,89
dreamlands,0,1,1
dreamliner,2,0,2
dreamlover,2,1,3
dreamm,3,1,4
dreammatch,0,1,1
dreamminggg,0,1,1
dreammm,0,1,1
dreammmmmy,0,1,1
dreammssss,0,1,1
dreamng,0,2,2
dreamnight,0,1,1
dreamnt,2,2,4
dreamopottomus,0,1,1
dreamos,0,1,1
dreampool,0,1,1
dreampt,2,0,2
dreams,974,1995,2969
dreamscape,1,0,1
dreamscicles,0,1,1
dreamscythe,0,2,2
dreamsicle,0,1,1
dreamsmasher,0,1,1
dreamspark,0,2,2
dreamss,2,1,3
dreamsss,2,1,3
dreamssss,0,2,2
dreamstreet,1,1,2
dreamsz,0,1,1
dreamt,110,58,168
dreamteam,3,1,4
dreamth,1,0,1
dreamthat,0,1,1
dreamtheater,1,1,2
dreamtime,1,2,3
dreamtwitter,0,1,1
dreamweaver,17,9,26
dreamwidth,9,18,27
dreamworks,0,2,2
dreamworld,10,6,16
dreamx,1,0,1
dreamy,13,54,67
dreamyeyes,0,1,1
dreamyobsession,0,1,1
dreamyyyy,0,1,1
dreamyyyyyy,1,0,1
dreamyyyyyyy,0,1,1
dreamz,4,10,14
dreamzz,0,1,1
dreamzzz,1,0,1
dreamzzzzz,1,0,1
dreamzzzzzz,0,1,1
dreamzzzzzzz,0,1,1
dreank,1,0,1
dreanming,1,0,1
dreanna,0,1,1
dreans,0,1,1
dreapta,0,1,1
drearier,1,0,1
dreary,103,20,123
dreas,1,1,2
dreatm,0,1,1
dreavyn,0,1,1
drechned,1,0,1
dreck,0,1,1
drecklly,0,1,1
drecksau,0,1,1
drectly,0,1,1
dred,1,1,2
dredd,0,1,1
dredded,2,0,2
dredding,8,0,8
dreddy,0,1,1
dredful,1,0,1
dredg,1,1,2
dredge,0,1,1
dredging,1,0,1
dredin,1,0,1
dreding,4,0,4
dredlocks,1,0,1
dreds,1,1,2
dreeaaammm,0,1,1
dreeaammer,0,1,1
dreeaamy,0,1,1
dreeam,1,0,1
dreeding,2,0,2
dreee,1,0,1
dreeeeee,0,1,1
dreeeeemz,1,0,1
dreeeew,0,1,1
dreem,0,1,1
dreems,0,1,1
dreemzzzzzzz,1,0,1
drees,0,2,2
dref,1,0,1
dreggs,0,1,1
dregs,2,2,4
dreh,0,1,1
drehen,1,0,1
drei,0,2,2
dreich,2,1,3
dreifing,0,1,1
dreiving,1,0,1
drem,1,0,1
dremal,1,0,1
dreme,0,1,1
dremed,0,1,1
dremel,3,1,4
dremmel,1,1,2
dremos,1,0,1
drempt,1,1,2
drems,1,1,2
dremt,0,1,1
drenced,1,0,1
drench,6,2,8
drenchd,1,0,1
drenched,76,26,102
drenching,2,3,5
drenellyos,1,0,1
drepresion,1,0,1
drepress,1,0,1
drepressed,1,0,1
dreps,0,1,1
drept,1,0,1
dreptate,1,3,4
dres,1,2,3
drescher,1,1,2
drescibes,0,1,1
dresden,7,10,17
dreses,0,1,1
dresess,0,1,1
dresing,0,1,1
dresm,0,1,1
dress,967,1368,2335
dressage,4,3,7
dresscode,2,2,4
dresscodes,1,0,1
dressd,1,2,3
dressdown,0,1,1
dresse,0,1,1
dressed,347,410,757
dresser,38,23,61
dressers,6,5,11
dresserupper,0,1,1
dresses,129,208,337
dressesss,1,0,1
dressfail,0,1,1
dressies,0,1,1
dressin,2,4,6
dressing,89,126,215
dressings,0,1,1
dressinng,1,0,1
dressmakers,0,2,2
dressnya,1,0,1
dresss,3,4,7
dressses,0,1,1
dressss,0,2,2
dresssss,1,0,1
dressssss,1,1,2
dressssssed,0,1,1
dressssssss,0,1,1
dressssssssss,0,1,1
dresssssy,0,1,1
dressup,3,4,7
dressupchallenge,1,0,1
dressups,0,2,2
dressy,6,9,15
drest,1,0,1
drever,1,0,1
drew,170,256,426
drewberman,0,1,1
drewbie,1,0,1
drewed,0,2,2
drews,4,5,9
drewsky,2,0,2
drewtful,0,2,2
drewtube,2,0,2
drewtybootylicious,0,1,1
drewvis,0,1,1
dreww,0,2,2
drewww,1,0,1
drewwwwwwww,0,1,1
drexel,4,1,5
drexler,1,2,3
dreyers,1,0,1
dreyfoos,0,1,1
dreyfuss,0,1,1
drezz,0,1,1
drf,1,0,1
drfailgood,1,0,1
drftyulktdr,1,0,1
drg,1,0,1
drgraw,1,0,1
drh,0,1,1
drheather,3,0,3
drhorrible,1,0,1
dri,6,2,8
dria,0,1,1
driay,0,1,1
drib,0,1,1
dribble,2,5,7
dribbled,4,3,7
dribblers,0,1,1
dribbles,2,2,4
dribbley,1,0,1
dribbling,3,6,9
dribbly,2,0,2
drice,1,0,1
drico,0,1,1
drid,1,0,1
dridddy,0,1,1
driddy,1,1,2
driections,1,0,1
dried,77,66,143
drier,13,2,15
dries,17,11,28
driest,1,0,1
drift,30,43,73
drifted,12,2,14
drifter,0,1,1
driftered,0,1,1
drifters,0,1,1
driftin,3,3,6
drifting,25,27,52
driftingggg,0,1,1
drifts,1,1,2
driftwood,0,1,1
drii,0,1,1
driift,0,1,1
driii,0,2,2
driiiiiiiiive,1,0,1
driiiiive,1,0,1
driiiinks,0,1,1
driiiiveeee,0,1,1
driink,2,0,2
driinkiin,1,0,1
driivin,1,0,1
drikin,0,1,1
dril,1,0,1
driling,1,0,1
drill,61,55,116
drillbit,2,2,4
drilled,12,3,15
driller,1,1,2
drillers,4,2,6
drillfest,0,1,1
drillfloor,0,1,1
drillin,1,0,1
drilling,40,9,49
drillllllll,1,0,1
drills,18,6,24
drilly,1,0,1
drillz,1,0,1
drims,0,1,1
drimx,0,1,1
drin,0,2,2
drinched,1,0,1
dring,2,1,3
dringin,1,0,1
drings,0,1,1
drini,1,0,1
drining,1,0,1
drink,1761,1875,3636
drinka,0,1,1
drinkable,1,4,5
drinkage,1,0,1
drinkanother,0,1,1
drinkat,0,1,1
drinked,1,2,3
drinken,1,1,2
drinker,6,31,37
drinkers,4,8,12
drinkie,2,6,8
drinkies,14,17,31
drinkin,117,160,277
drinking,1201,1680,2881
drinkinggg,0,1,1
drinkingggg,1,0,1
drinkinggggggg,0,1,1
drinkingness,0,1,1
drinkings,0,1,1
drinkinn,1,0,1
drinkinqq,0,1,1
drinkinstrawberry,0,1,1
drinkk,2,0,2
drinkking,1,0,1
drinkkkk,0,1,1
drinkkkks,0,1,1
drinkkksiies,1,0,1
drinkkkss,1,0,1
drinkks,0,1,1
drinkl,0,1,1
drinkn,6,8,14
drinkng,1,1,2
drinknig,0,1,1
drinko,1,0,1
drinks,436,722,1158
drinkss,0,1,1
drinksss,0,1,1
drinkssss,0,1,1
drinktank,5,1,6
drinkung,0,1,1
drinkup,2,0,2
drinkwise,0,1,1
drinky,7,14,21
drinkys,1,1,2
drinkyy,1,0,1
drinnks,0,1,1
drinx,1,2,3
drip,24,30,54
driping,1,0,1
dripolator,1,0,1
dripped,9,3,12
dripper,1,0,1
drippin,4,1,5
dripping,36,19,55
drippings,1,1,2
drippy,7,0,7
drips,2,5,7
driscoll,4,5,9
drisly,1,0,1
driti,0,1,1
driv,0,1,1
driva,0,1,1
drivable,3,2,5
drivah,0,1,1
drivative,1,0,1
drive,2501,1630,4131
driveable,1,1,2
driveaways,0,1,1
driveby,2,2,4
drivebys,0,1,1
drived,0,1,1
driveday,0,1,1
drivee,2,2,4
driveee,2,2,4
driveeee,1,1,2
driveeeeeeeeeeeeeeeeeeeeeeeeeeeeeeeeeeeeeee,0,1,1
drivein,2,2,4
driveing,2,1,3
driveitis,1,0,1
drivel,2,5,7
driven,73,52,125
drivens,1,0,1
driver,338,234,572
drivers,221,164,385
driverslicence,1,0,1
driverss,0,1,1
driversss,1,0,1
driverto,0,1,1
drives,135,116,251
driveshaft,0,1,1
drivethrough,1,2,3
drivethru,2,2,4
drivetime,0,2,2
driveway,74,37,111
driveways,1,0,1
drivewayy,1,0,1
drivewayyyyy,0,1,1
drivi,0,1,1
drivimg,0,1,1
drivin,81,63,144
driving,1737,1287,3024
drivingg,0,3,3
drivinggg,0,2,2
drivingggg,0,1,1
drivingness,1,0,1
drivings,1,0,1
drivingtest,1,0,1
drivinmg,0,1,1
drivinq,2,1,3
drivn,1,1,2
drivng,5,5,10
drivre,1,0,1
driwning,1,0,1
drixenol,0,1,1
driz,2,1,3
drizando,0,1,1
drizzed,1,0,1
drizzerable,1,0,1
drizzle,33,32,65
drizzled,2,3,5
drizzles,3,3,6
drizzley,0,1,1
drizzling,26,10,36
drizzly,16,10,26
drizzy,6,11,17
drizzys,0,1,1
drizzyyy,1,0,1
drizzzy,1,0,1
drjaxxthe,0,1,1
drjays,1,0,1
drjohn,0,1,1
drk,2,0,2
drkun,0,1,1
drls,1,0,1
drm,17,6,23
drmani,0,1,1
drms,1,3,4
drmyres,0,1,1
drmz,0,1,1
drn,1,0,1
drnd,1,0,1
drnk,2,0,2
drnkig,0,1,1
drnking,0,1,1
drnkn,1,1,2
drnks,0,1,1
dro,8,11,19
droadtrip,0,1,1
drobnik,0,1,1
drobo,15,10,25
drobopro,2,1,3
drobos,0,3,3
droboshare,3,0,3
drofremoc,0,1,1
drog,1,0,1
droga,4,2,6
drogarte,0,1,1
drogas,1,0,1
drogba,7,3,10
drogheda,1,2,3
drogo,1,1,2
drogs,2,0,2
drohan,0,1,1
droid,6,3,9
droids,2,1,3
droit,1,0,1
drole,1,1,2
droll,1,4,5
drom,3,1,4
dron,1,0,1
drone,4,8,12
drones,2,4,6
dronesome,0,1,1
droning,1,0,1
dronk,0,1,1
dronten,1,0,1
dronw,1,0,1
droo,3,0,3
drood,2,1,3
droog,1,0,1
droogies,0,1,1
droogs,1,0,1
drookit,1,0,1
drool,35,74,109
droolable,0,1,1
droolbucket,0,1,1
drooled,7,3,10
droolers,1,0,1
drooliciousness,1,0,1
droolin,1,1,2
drooling,37,53,90
droolll,0,1,1
drools,9,23,32
droom,0,1,1
droool,0,1,1
drooool,0,3,3
drooooool,1,0,1
droop,2,2,4
drooped,1,0,1
droopies,0,1,1
drooping,6,1,7
droops,2,0,2
droopy,20,3,23
droor,0,1,1
drop,932,609,1541
dropbox,15,22,37
dropby,0,3,3
dropcard,1,0,1
dropd,1,0,1
dropdead,1,2,3
dropdeadjemila,1,1,2
dropdown,3,4,7
drope,0,1,1
droped,29,5,34
dropeed,1,0,1
dropg,0,1,1
dropin,1,1,2
droping,8,2,10
dropins,0,1,1
dropitonadime,1,0,1
dropkick,6,1,7
dropleg,0,1,1
droplet,0,9,9
droplets,3,7,10
droplr,1,0,1
dropoff,0,1,1
dropout,2,5,7
dropouts,1,1,2
droppd,1,0,1
dropped,1161,277,1438
droppedmy,1,0,1
droppem,0,1,1
droppen,0,1,1
dropper,2,4,6
droppin,20,18,38
dropping,252,176,428
droppingly,0,2,2
droppings,0,2,2
droppit,0,1,1
droppjng,0,1,1
droppn,1,1,2
droppnig,1,0,1
droppped,0,1,1
dropppin,0,1,1
dropppppper,0,1,1
dropprd,1,0,1
dropps,0,3,3
droppy,0,1,1
drops,169,115,284
dropsafe,0,3,3
dropsend,0,1,1
dropshots,0,2,2
dropstop,0,1,1
dropsy,4,0,4
dropt,2,0,2
dropular,2,0,2
dropz,0,1,1
dropzone,1,2,3
drose,2,0,2
droshi,0,1,1
droski,0,2,2
drosodd,0,1,1
dross,2,0,2
drost,0,2,2
droswy,1,0,1
drought,30,14,44
droughts,2,2,4
droupout,1,0,1
drove,381,252,633
droveeee,1,0,1
drover,1,0,1
droves,1,3,4
drowesy,1,0,1
drowing,3,2,5
drowling,1,0,1
drown,67,40,107
drownd,1,0,1
drownding,0,1,1
drowned,64,12,76
drowneded,1,1,2
drownededed,1,0,1
drownin,1,0,1
drowning,90,34,124
drowns,6,1,7
drownsy,1,0,1
drows,1,0,1
drowsey,1,0,1
drowsiness,4,3,7
drowsing,0,1,1
drowssyy,0,1,1
drowsy,47,16,63
drowsyfied,2,0,2
drowzies,1,0,1
drowzyness,1,0,1
drozie,1,0,1
drp,4,1,5
drpd,0,2,2
drpemd,0,1,1
drpepper,2,0,2
drphil,1,0,1
drpostalot,0,1,1
drpped,0,1,1
drpython,1,0,1
drr,0,2,2
drress,0,1,1
drrinking,0,2,2
drrroooogggggbaaaaa,1,0,1
drrrrranks,0,1,1
drrrrrrrrrrry,1,0,1
drrrrrty,1,0,1
drrrrrunk,0,1,1
drrty,0,2,2
drrunkkk,1,0,1
drs,63,8,71
drsalsce,0,1,1
drscofield,0,1,1
drsn,0,1,1
drss,1,0,1
drssng,0,1,1
drsuzyb,1,0,1
drt,0,1,1
drtd,1,0,1
drtech,0,1,1
drty,0,1,1
dru,10,4,14
druapal,0,1,1
drubbing,1,0,1
drublic,0,1,1
drubner,1,0,1
drubnk,1,1,2
drucker,1,0,1
drucking,0,1,1
drudgary,1,0,1
drudge,6,0,6
drudgery,6,0,6
drudging,1,0,1
drue,1,0,1
druel,0,1,1
drug,113,89,202
druga,0,1,1
druge,0,1,1
druged,0,1,1
drugfucked,1,0,1
drugg,0,1,1
drugged,34,11,45
drugggss,1,0,1
druggie,1,2,3
druggin,1,0,1
drugging,3,0,3
druggo,0,1,1
druggy,1,0,1
drugmart,0,1,1
drugs,204,145,349
drugsss,1,1,2
drugstore,2,5,7
drugwords,1,0,1
drugy,1,0,1
druh,0,1,1
druhy,0,1,1
druid,13,13,26
druidess,0,1,1
druidry,0,1,1
druids,2,5,7
druitt,0,1,1
druk,1,0,1
drukqs,0,1,1
drul,1,0,1
drulin,0,1,1
drulling,0,1,1
drum,96,113,209
drumagog,0,1,1
drumbeats,0,1,1
drumcode,0,1,1
drumcorps,1,0,1
drumer,2,0,2
drumhead,0,1,1
drumheller,1,0,1
drumkit,3,2,5
drumlesson,1,0,1
drumline,7,4,11
drumma,0,1,1
drummed,0,1,1
drummer,58,82,140
drummerboy,0,1,1
drummers,8,14,22
drummin,0,1,1
drumming,13,29,42
drummn,0,1,1
drummond,1,2,3
drummonds,1,0,1
drummoyne,0,1,1
drumoff,1,0,1
drumpoet,0,1,1
drumroll,2,4,6
drumroom,0,1,1
drums,114,142,256
drumset,4,4,8
drumsets,0,2,2
drumsound,0,1,1
drumstick,9,11,20
drumsticks,7,11,18
drumstix,1,1,2
drumu,0,1,1
drumwork,0,1,1
drun,1,2,3
drunbkkkk,0,1,1
drunchies,1,0,1
drunck,1,0,1
drunen,0,1,1
drungs,0,1,1
drunk,1031,997,2028
drunkaaaard,1,0,1
drunkalicious,1,0,1
drunkard,2,2,4
drunkardness,1,0,1
drunkards,1,3,4
drunkass,0,1,1
drunkasses,0,1,1
drunkcamp,0,2,2
drunkdialing,0,1,1
drunkdialled,1,0,1
drunkdrunkdrunk,1,0,1
drunkduck,2,0,2
drunked,0,2,2
drunkedly,0,1,1
drunkei,0,1,1
drunken,101,117,218
drunkeness,4,3,7
drunkenly,7,3,10
drunkenness,8,5,13
drunker,2,1,3
drunkety,0,1,1
drunkfda,0,1,1
drunkgirlsnightsuccess,0,1,1
drunkie,4,6,10
drunkies,2,1,3
drunkiesss,1,0,1
drunkiiie,0,1,1
drunkin,5,0,5
drunkish,0,1,1
drunkit,1,0,1
drunkity,0,1,1
drunkk,3,3,6
drunkkk,1,1,2
drunkkkk,3,1,4
drunkkkkk,3,0,3
drunkkkkkk,0,1,1
drunkkkkkkkkkkkk,0,1,1
drunkmonkey,0,1,1
drunkness,4,4,8
drunknesss,1,0,1
drunknmunky,0,1,1
drunkometer,0,1,1
drunkpeople,1,0,1
drunks,28,14,42
drunksaturday,0,1,1
drunksies,0,1,1
drunkspam,1,0,1
drunkssss,1,0,1
drunkstories,1,0,1
drunktank,1,0,1
drunkth,1,0,1
drunktweet,1,4,5
drunktweeting,1,0,1
drunktwitter,1,0,1
drunkuino,0,1,1
drunkwords,0,1,1
drunky,4,4,8
drunkz,1,0,1
drunlk,1,0,1
drunnk,1,0,1
drunnkk,0,1,1
drunnnkkkk,0,1,1
drunnnnnk,1,0,1
druns,1,0,1
drunvalo,0,1,1
drup,2,0,2
drupal,43,73,116
drupaland,1,0,1
drupalcamp,0,5,5
drupalcon,1,2,3
drupalfail,1,0,1
druplicon,0,2,2
drury,2,0,2
drus,0,1,1
drush,1,0,1
drushka,0,1,1
drusilla,1,0,1
drusy,0,1,1
druther,0,1,1
druugs,1,0,1
druummm,1,0,1
druunk,0,1,1
druuugs,1,0,1
druuunk,1,0,1
druuunnkkk,0,1,1
druuunnnk,0,1,1
druuunsauce,0,1,1
druuuum,1,0,1
druuuunk,0,3,3
druuuuunk,0,1,1
druuuuuuunk,0,1,1
druuuuuuuuuuuuuuuuunk,1,0,1
druve,1,0,1
druzhby,0,1,1
drv,4,0,4
drvamp,0,1,1
drve,2,0,2
drvier,1,0,1
drving,3,2,5
drvn,1,0,1
drvr,0,1,1
drvs,1,0,1
drvway,1,0,1
drwain,1,0,1
drwaing,0,1,1
drwams,0,1,1
drwho,3,1,4
drwtsn,1,0,1
dry,647,363,1010
dryballs,1,0,1
drybsa,2,0,2
drycleaners,2,1,3
drycleaning,0,1,1
drydek,1,0,1
dryden,0,1,1
dryed,2,2,4
dryel,1,0,1
dryer,166,60,226
dryers,9,4,13
dryh,2,0,2
dryicecankill,2,0,2
dryiing,1,0,1
dryin,1,0,1
drying,60,57,117
dryingg,0,1,1
dryk,0,1,1
drylands,1,0,1
dryline,0,1,1
dryly,1,0,1
drymouth,1,0,1
dryness,2,0,2
dryrotted,1,0,1
drys,4,4,8
drysdale,0,1,1
drysuit,1,0,1
drysuits,1,0,1
dryupself,0,1,1
drywall,2,2,4
dryy,0,1,1
dryyy,2,0,2
dryyyyy,1,0,1
dryyyyyyyyy,1,0,1
drzim,0,1,1
ds,232,180,412
dsa,0,4,4
dsaa,3,3,6
dsag,1,0,1
dsajnv,2,0,2
dsana,1,0,1
dsara,1,2,3
dsas,0,1,1
dsb,0,2,2
dsc,4,4,8
dscctc,0,2,2
dschool,1,0,1
dschungle,1,0,1
dscntd,1,0,1
dsco,0,1,1
dsconnectd,1,0,1
dscover,0,1,1
dsd,2,0,2
dsds,1,3,4
dse,2,2,4
dselsdag,0,1,1
dset,0,1,1
dsf,0,2,2
dsfafhjmhf,1,0,1
dsff,0,1,1
dsfgdehrgb,1,0,1
dsg,1,0,1
dshejwkgfrdej,0,1,1
dshep,1,0,1
dshfiojsdofjiosdhfsdfuihvihxcnsoihfdsf,1,0,1
dshirts,0,1,1
dsi,46,68,114
dsicovery,0,1,1
dsigons,1,0,1
dsihoisodhihds,0,1,1
dsims,1,0,1
dsini,2,0,2
dsinn,0,1,1
dsitrub,0,1,1
dsiware,1,2,3
dsiwarereviews,1,0,1
dsjadjkvnsvjndsjnkfgds,0,1,1
dsjfaks,1,0,1
dsk,1,0,1
dsklh,1,0,1
dsktp,0,1,1
dsl,70,17,87
dslam,1,0,1
dsld,0,1,1
dslife,1,0,1
dslite,0,1,1
dsljf,1,0,1
dslr,37,23,60
dslremote,1,0,1
dslreports,1,0,1
dslrremote,1,0,1
dslrs,3,2,5
dsm,7,6,13
dsmark,0,1,1
dsmart,1,0,1
dsmeone,1,0,1
dsmilingjen,0,1,1
dsmooth,0,1,1
dsmt,1,0,1
dsn,3,1,4
dsna,0,1,1
dsney,1,0,1
dsneyland,1,0,1
dsni,0,1,1
dsnt,22,5,27
dso,1,2,3
dsome,0,1,1
dsont,0,1,1
dsp,1,2,3
dspertare,1,0,1
dsply,1,0,1
dsps,0,1,1
dsquared,0,1,1
dsr,1,1,2
dsrunk,0,1,1
dss,2,1,3
dssertation,1,0,1
dst,0,1,1
dstance,1,0,1
dstv,3,5,8
dsum,1,0,1
dsupply,0,1,1
dsv,0,1,1
dsw,6,1,7
dswints,0,1,1
dsy,1,0,1
dt,56,68,124
dta,1,0,1
dtac,0,1,1
dtag,2,0,2
dtal,0,1,1
dtb,1,2,3
dtc,1,1,2
dtchhpop,0,1,1
dtd,0,1,1
dtds,1,0,1
dte,1,3,4
dteams,0,1,1
dtec,1,0,1
dtermined,1,0,1
dtes,0,1,1
dtf,4,2,6
dtff,0,1,1
dtfradio,0,1,1
dtg,5,9,14
dth,2,0,2
dthe,1,1,2
dti,0,2,2
dtill,1,0,1
dting,0,1,1
dtinking,0,1,1
dtive,0,1,1
dtk,0,1,1
dtl,1,0,1
dtla,2,0,2
dtlb,0,1,1
dtlr,0,2,2
dtm,5,7,12
dtmafia,1,2,3
dtmafiaofficial,1,0,1
dtn,2,0,2
dto,3,2,5
dtoid,1,1,2
dtom,0,1,1
dtong,0,1,1
dtown,6,5,11
dtox,1,1,2
dtp,2,5,7
dtpg,1,0,1
dtpr,0,1,1
dtr,2,1,3
dtrace,2,0,2
dtrapper,0,1,1
dtravels,0,1,1
dtrh,1,0,1
dtring,1,0,1
dtrix,1,0,1
dts,2,4,6
dtss,0,1,1
dtu,0,1,1
dtuneslive,0,1,1
dtv,16,6,22
dtw,4,2,6
dtweets,0,1,1
dtwips,0,1,1
dtwn,1,0,1
dtwp,0,1,1
dtwt,0,1,1
dtx,1,0,1
dty,1,0,1
du,66,139,205
dua,7,7,14
duaji,1,0,1
dual,52,52,104
dualboot,1,0,1
dualcore,1,0,1
dualdisc,1,0,1
dualers,0,1,1
dualflirting,0,1,1
dualing,1,0,1
dualism,0,1,1
dualit,2,0,2
duality,0,1,1
duals,1,2,3
dualshock,2,0,2
duane,12,17,29
duanes,1,0,1
duante,1,0,1
duarte,3,3,6
duas,1,2,3
duathlon,1,2,3
duay,0,2,2
dub,42,56,98
duba,0,2,2
dubai,107,86,193
dubaii,0,1,1
dubaiiii,0,1,1
dubb,2,1,3
dubbb,0,1,1
dubbed,14,11,25
dubbel,1,1,2
dubber,0,1,1
dubbers,0,1,1
dubbi,0,1,1
dubbin,0,1,1
dubbing,2,2,4
dubble,1,1,2
dubbledate,0,1,1
dubblin,1,0,1
dubbo,4,4,8
dubbs,1,0,1
dubby,0,2,2
dubbz,0,1,1
dubdub,1,0,1
dube,0,1,1
duber,0,1,1
dubfire,1,1,2
dubfluencial,0,1,1
dubh,1,0,1
dubhow,1,0,1
dubididu,0,1,1
dubiln,1,0,1
dubing,1,0,1
dubious,3,8,11
dublat,1,0,1
dublic,1,0,1
dublicate,1,1,2
dublin,190,183,373
dublinbus,1,1,2
dubliner,0,4,4
dubliners,0,1,1
dublinland,1,0,1
dublinn,0,2,2
dublinnnn,0,1,1
dublins,1,0,1
dublove,0,1,1
dublyfe,0,1,1
duboce,1,1,2
dubois,1,1,2
dubplate,1,1,2
dubplates,0,1,1
dubs,15,16,31
dubstep,13,15,28
dubsteppen,1,0,1
dubsteppers,0,1,1
dubsteppin,0,1,1
dubterrain,0,1,1
dubtown,0,1,1
dubulti,0,1,1
dubuque,2,1,3
dubya,0,1,1
dubz,17,19,36
duc,4,5,9
ducas,1,0,1
ducasse,1,0,1
ducati,7,12,19
ducatti,0,1,1
ducck,1,0,1
duce,0,2,2
duces,0,3,3
ducesss,0,1,1
duchaaaa,0,1,1
duchamp,0,1,1
duchebag,0,1,1
duchees,0,1,1
duchess,11,8,19
duchonvy,1,0,1
duchovny,2,2,4
duchvony,1,0,1
duchy,1,0,1
ducia,0,1,1
duck,168,158,326
duckbutter,1,0,1
duckd,1,0,1
ducked,3,4,7
ducker,1,0,1
duckes,1,0,1
ducketz,1,0,1
duckhead,1,0,1
duckhouse,0,1,1
duckie,12,13,25
duckies,9,14,23
duckiess,0,1,1
ducking,5,11,16
duckkk,1,0,1
duckky,1,0,1
duckling,11,8,19
ducklings,10,7,17
ducknut,1,0,1
duckpin,1,0,1
duckraces,0,1,1
ducks,90,108,198
ducktales,1,2,3
ducktape,0,1,1
duckula,0,3,3
duckworth,4,0,4
ducky,21,25,46
duckyyyy,1,0,1
ducolax,0,1,1
ducorps,0,1,1
ducs,0,1,1
duct,25,26,51
ductaped,0,1,1
ducted,1,2,3
duction,0,1,1
ductive,0,1,1
ducts,2,1,3
ducttape,1,4,5
dud,20,9,29
duda,3,0,3
dudamel,0,1,1
dudddddeeeeee,0,1,1
dudddde,0,1,1
duddde,0,2,2
dudddee,1,0,1
dudde,2,3,5
duddee,2,1,3
duddeee,0,2,2
duddeeee,1,1,2
duddeessssss,0,1,1
duddits,1,1,2
duddy,0,2,2
dude,2058,2250,4308
duded,0,1,1
dudedude,1,1,2
dudee,13,4,17
dudeee,11,14,25
dudeeee,4,8,12
dudeeeee,0,2,2
dudeeeeee,1,0,1
dudeeeeeee,1,1,2
dudeeeeeeee,1,0,1
dudeeees,0,1,1
dudeess,0,1,1
dudelet,0,1,1
duder,2,5,7
duderino,1,0,1
duders,0,1,1
dudes,150,177,327
dudesgiveflowers,0,1,1
dudesie,1,0,1
dudeski,1,0,1
dudeskie,1,0,1
dudesss,0,2,2
dudessss,1,0,1
dudetes,0,1,1
dudets,0,1,1
dudette,4,11,15
dudettes,1,3,4
dudey,1,0,1
dudez,2,1,3
dudezz,0,1,1
dudie,3,0,3
dudieeee,0,1,1
dudley,4,3,7
dudney,1,0,1
dudnt,1,0,1
dudo,0,1,1
duds,4,10,14
dudsons,0,1,1
dudu,1,2,3
dududududeduduedeudeu,0,1,1
duduk,4,1,5
duduknya,1,0,1
dudung,1,0,1
dudus,1,0,1
dudx,1,0,1
due,2080,609,2689
duece,4,6,10
dueces,3,8,11
dued,1,0,1
dueg,1,0,1
dueing,0,1,1
duel,12,15,27
duele,6,0,6
dueling,0,3,3
duelling,1,1,2
duello,0,1,1
duels,3,0,3
duemilanove,0,1,1
dueoooo,0,1,1
duerme,1,1,2
duero,0,1,1
dues,10,7,17
duesseldorf,2,1,3
duet,29,89,118
dueting,0,1,1
duets,3,5,8
duett,0,1,1
duetter,1,0,1
duetting,1,0,1
duex,2,3,5
dufaaan,1,0,1
dufan,5,4,9
duff,17,26,43
duffbert,0,1,1
duffed,2,0,2
duffel,5,3,8
dufferin,3,1,4
duffle,3,0,3
dufflebag,1,1,2
duffles,1,0,1
duffphotoupload,1,0,1
duffs,2,1,3
duffsters,0,1,1
dufftown,0,1,1
duffy,13,9,22
dufour,0,1,1
dufresne,1,0,1
dug,46,46,92
duga,0,1,1
dugan,2,1,3
duganinja,0,1,1
dugay,1,2,3
dugem,1,0,1
dugg,0,11,11
duggan,1,1,2
duggar,0,1,1
duggars,1,1,2
dugger,2,1,3
duggers,1,0,1
duggie,1,0,1
duggy,0,1,1
dughhhh,1,0,1
dugie,1,0,1
dugo,0,2,2
dugong,2,2,4
dugoooo,1,0,1
dugout,4,4,8
dugouts,1,0,1
dugs,4,4,8
dugyouthers,1,0,1
duh,125,265,390
duhamel,1,2,3
duhaylonsaskfif,0,1,1
duhburger,1,0,1
duhh,12,27,39
duhhh,6,15,21
duhhhh,2,4,6
duhhhhh,1,0,1
duhhhhhh,0,1,1
duhhhhhhhh,1,0,1
duhhrg,0,1,1
duhm,0,1,1
duhovitost,0,1,1
duhr,1,0,1
duhtrav,0,1,1
duhz,1,0,1
dui,17,5,22
duia,0,2,2
duied,1,0,1
duiiiiiiii,1,0,1
duimt,1,0,1
duin,3,3,6
duing,1,0,1
duinrell,1,0,1
duis,2,1,3
duisburg,2,4,6
duit,4,3,7
duitnya,0,1,1
duje,1,0,1
dujour,2,2,4
dujuour,1,0,1
duk,0,1,1
dukacita,1,0,1
dukakis,1,0,1
dukan,1,0,1
dukbolgi,0,1,1
duke,43,60,103
duked,1,1,2
dukedoll,1,0,1
dukers,1,0,1
dukes,25,27,52
dukesofhazard,0,1,1
dukey,1,0,1
dukez,1,0,1
dukh,0,1,1
dukhamaanunni,0,1,1
dukhi,0,1,1
dukie,3,0,3
duking,0,1,1
dukk,0,1,1
dukkah,1,1,2
dukkar,0,1,1
dukkie,1,0,1
dukky,0,1,1
dukung,0,1,1
dul,2,1,3
dulaney,1,0,1
dulars,1,0,1
dulas,0,1,1
dulce,8,7,15
dulcecandy,1,0,1
dulceria,1,0,1
dulces,0,2,2
dulcet,2,1,3
dulcimer,2,0,2
dulcinea,0,2,2
dule,1,1,2
dulhan,0,2,2
dulicious,0,1,1
dull,301,98,399
dulla,2,0,2
dullard,1,0,1
dullards,1,0,1
dulled,2,1,3
dullemarulle,1,0,1
duller,6,1,7
dulles,6,2,8
dullest,2,1,3
dullful,1,0,1
dulling,2,0,2
dullish,1,0,1
dulllll,1,0,1
dullness,3,0,3
dulls,2,0,2
dullstroom,0,1,1
dully,2,0,2
duloc,0,4,4
duloks,0,1,1
dulu,8,14,22
duluan,1,1,2
dulugosh,0,2,2
duluth,16,2,18
duluu,0,1,1
duluuu,1,0,1
duluuuu,0,1,1
duluw,1,0,1
dulux,0,1,1
dulwich,4,1,5
duly,1,18,19
dum,26,67,93
duma,0,1,1
dumaan,0,2,2
dumadame,1,0,1
dumadating,1,0,1
dumaguete,2,3,5
dumars,1,0,1
dumas,0,1,1
dumass,1,2,3
dumating,4,2,6
dumaurier,0,1,1
dumb,701,324,1025
dumba,1,1,2
dumball,2,0,2
dumbarse,1,1,2
dumbasabagofbolts,0,1,1
dumbass,74,29,103
dumbasses,1,2,3
dumbasss,1,1,2
dumbasssssss,0,1,1
dumbb,4,1,5
dumbbb,1,1,2
dumbbbb,1,1,2
dumbbell,2,2,4
dumbblonde,0,1,1
dumbbutt,1,0,1
dumbdicknegger,0,1,1
dumbdumb,1,1,2
dumbed,4,1,5
dumbee,0,1,1
dumbells,2,1,3
dumbening,1,0,1
dumber,13,16,29
dumberer,0,1,1
dumbess,1,0,1
dumbest,15,13,28
dumbestsongever,0,1,1
dumbf,0,1,1
dumbface,1,0,1
dumbfound,0,1,1
dumbfounded,4,3,7
dumbfoundedness,0,1,1
dumbfriendthatzme,1,0,1
dumbfuck,2,0,2
dumbfuckingthingsido,1,0,1
dumbi,1,0,1
dumbing,4,1,5
dumbkloph,0,1,1
dumbledore,19,4,23
dumbly,1,0,1
dumbmetaphores,0,1,1
dumbness,1,1,2
dumbo,18,10,28
dumbphone,2,0,2
dumbrun,1,0,1
dumbs,0,1,1
dumbshit,1,0,1
dumbstruck,0,1,1
dumby,1,1,2
dumd,1,0,1
dumdidum,0,2,2
dumdum,0,2,2
dumdumdidum,0,1,1
dumdumdumdum,1,0,1
dumdums,2,0,2
dumerils,0,1,1
dumest,1,0,1
dumfries,4,2,6
dumfriesshire,1,0,1
duminguu,1,0,1
duminica,2,0,2
duminy,1,0,1
dumlao,0,1,1
dumm,3,0,3
dummb,1,0,1
dummdidumm,0,1,1
dummdiiidumm,1,0,1
dummer,1,1,2
dummes,1,0,1
dummie,1,3,4
dummies,13,16,29
dummiest,0,1,1
dummmbbb,0,1,1
dummmmbbb,1,0,1
dummmmmm,0,1,1
dummy,28,19,47
dummyhead,1,0,1
dummyyyy,1,1,2
dumont,1,1,2
dump,94,59,153
dumpdee,2,0,2
dumped,136,28,164
dumper,0,1,1
dumpers,1,0,1
dumping,21,12,33
dumple,0,1,1
dumplin,0,1,1
dumpling,6,6,12
dumplings,18,38,56
dumplins,1,0,1
dumpos,1,0,1
dumprep,1,0,1
dumprun,0,1,1
dumps,43,5,48
dumpses,1,0,1
dumpss,1,0,1
dumpsta,0,1,1
dumpster,13,15,28
dumpstering,0,1,1
dumpsters,4,1,5
dumptedy,0,1,1
dumpty,5,1,6
dumpweed,0,1,1
dumpy,2,3,5
dums,0,3,3
dumsers,0,1,1
dumster,1,0,1
dumugo,0,1,1
dun,280,178,458
duna,2,0,2
dunamis,0,1,1
dunb,1,1,2
dunbar,0,2,2
dunbarr,1,0,1
dunc,1,0,1
duncan,19,21,40
duncanfromblue,1,0,1
duncannnn,0,1,1
dunce,7,3,10
dunch,1,0,1
duncndisorderly,0,1,1
dundalk,1,1,2
dundaplace,1,0,1
dundas,8,1,9
dundee,37,25,62
dunderhead,1,0,1
dundermifflin,0,1,1
dundies,1,0,1
dundler,0,1,1
dundonald,0,2,2
dundonians,0,1,1
dundrum,2,1,3
dundundun,2,2,4
dundundundundun,0,1,1
dundundunnn,0,1,1
dune,7,11,18
dunecat,0,1,1
dunedin,5,5,10
dunedintweetup,1,1,2
dunelm,0,1,1
dunes,4,11,15
dunfermlin,1,0,1
dunfermline,2,2,4
dung,8,4,12
dungarees,1,2,3
dungeness,0,3,3
dungeon,19,14,33
dungeoncorp,0,1,1
dungeonmaster,0,1,1
dungeonquest,0,1,1
dungeons,5,3,8
dungeonset,0,1,1
dungeys,0,1,1
dungi,0,1,1
dunglish,0,1,1
dungog,1,0,1
dungy,1,0,1
dunh,1,0,1
dunham,2,14,16
dunhams,3,0,3
dunhill,1,0,1
dunia,1,5,6
duniany,0,1,1
duniya,0,1,1
dunk,26,37,63
dunkaccino,1,0,1
dunkalunks,0,1,1
dunkaroos,5,1,6
dunked,3,2,5
dunkeld,0,1,1
dunkelheit,0,1,1
dunkelweisse,0,2,2
dunken,2,0,2
dunker,0,1,1
dunkerque,1,1,2
dunkers,0,4,4
dunkies,1,1,2
dunkim,1,0,1
dunkin,104,89,193
dunkindnuts,1,0,1
dunkindonuts,2,3,5
dunking,5,11,16
dunkins,2,1,3
dunkirk,4,2,6
dunkroos,0,1,1
dunks,18,11,29
dunksss,0,1,1
dunky,0,1,1
dunkz,0,1,1
dunlap,2,4,6
dunlay,1,0,1
dunlop,1,1,2
dunlops,0,1,1
dunmbass,0,1,1
dunmore,1,0,1
dunn,10,14,24
dunnamway,1,0,1
dunnarts,1,0,1
dunne,3,0,3
dunnellon,1,0,1
dunners,1,1,2
dunnes,2,0,2
dunnigan,1,0,1
dunning,1,0,1
dunnit,2,1,3
dunnnnn,1,1,2
dunnnnnn,0,1,1
dunnnno,0,1,1
dunnno,1,0,1
dunnnoo,1,0,1
dunnnooo,1,1,2
dunnnoooo,1,0,1
dunno,1099,597,1696
dunnoe,3,0,3
dunnoo,4,2,6
dunnooooo,1,0,1
dunnooooooo,1,0,1
dunnor,0,1,1
dunnorr,0,1,1
dunnp,1,0,1
dunnu,1,0,1
dunnut,0,1,1
dunny,7,4,11
dunnydawg,1,0,1
dunnys,0,1,1
duno,68,21,89
dunoe,1,0,1
dunoo,2,3,5
dunoon,1,0,1
dunooo,0,1,1
dunrea,1,0,1
dunsay,0,1,1
dunsborough,2,0,2
dunscore,1,0,1
dunsink,0,1,1
dunst,0,3,3
dunstabbob,0,1,1
dunstable,0,2,2
dunt,25,10,35
dunwan,1,0,1
dunwoody,0,1,1
dunya,0,2,2
dunzo,14,2,16
dunzooooo,1,0,1
duo,27,37,64
duoc,2,1,3
duodenary,0,1,1
duomo,1,3,4
duong,0,2,2
duoro,0,1,1
duos,0,1,1
duotang,0,1,1
duotrope,0,1,1
dup,1,6,7
dupa,4,7,11
dupaceea,0,1,1
dupage,1,0,1
dupah,1,0,1
dupahh,1,0,1
dupar,1,0,1
dupaul,0,1,1
dupe,7,6,13
dupeable,0,1,1
duped,10,4,14
dupeeeeer,0,1,1
duper,89,75,164
duperly,0,3,3
dupes,0,2,2
duping,1,0,1
duplantis,0,2,2
dupleix,1,0,1
duplex,2,3,5
duplic,0,1,1
duplicaate,0,1,1
duplicate,12,10,22
duplicated,2,2,4
duplicates,7,3,10
duplicating,3,1,4
duplication,2,3,5
duplicity,1,3,4
duplin,0,1,1
dupont,5,6,11
dupped,1,0,1
dupper,1,0,1
dupping,0,1,1
dupr,0,1,1
dupree,1,2,3
dupri,1,2,3
dups,1,0,1
dupudadu,1,0,1
dupy,0,1,1
duquane,1,0,1
duqueee,1,0,1
duquesne,2,0,2
duquoin,0,1,1
dur,6,7,13
dura,1,1,2
durability,1,0,1
durable,2,2,4
duracell,1,2,3
durag,0,1,1
dural,2,0,2
duram,1,0,1
duran,9,27,36
durand,0,4,4
durando,0,1,1
durang,1,0,1
durango,1,4,5
durano,0,1,1
durant,3,2,5
duras,0,1,1
duratec,1,0,1
duration,11,5,16
durban,17,8,25
durbin,1,1,2
durbs,6,3,9
durby,0,1,1
durch,0,2,2
durcharbeiten,1,0,1
durcu,0,1,1
durden,5,6,11
dure,0,1,1
durect,1,0,1
duree,0,1,1
duren,1,1,2
durerea,0,1,1
duress,3,3,6
durex,0,3,3
durf,0,1,1
durgapur,0,1,1
durge,1,0,1
durh,1,1,2
durham,23,15,38
durhan,0,1,1
duriaaaannn,1,0,1
durian,21,21,42
durians,11,2,13
durin,16,14,30
during,1446,1067,2513
duringg,1,1,2
durinq,1,0,1
durita,0,2,2
duritz,1,0,1
durka,0,3,3
durling,0,1,1
durmam,0,1,1
durmiendo,1,0,1
durmir,2,0,2
durn,8,1,9
durning,3,0,3
durnk,1,0,1
durnoo,1,0,1
duro,3,0,3
duroc,0,1,1
durp,0,1,1
durr,1,5,6
durres,1,0,1
durrin,0,2,2
durring,10,3,13
durrk,0,1,1
durrr,0,4,4
durrrr,0,2,2
durrrrr,1,0,1
durrrrrrrrr,0,1,1
durrrrrrrrrr,1,0,1
durrrrtttyyy,0,1,1
durrtay,0,1,1
dursh,1,0,1
durst,2,4,6
durster,1,0,1
durtty,1,0,1
durty,3,2,5
durufle,0,1,1
durung,1,0,1
duryan,1,0,1
duryee,0,1,1
dus,7,13,20
dusa,1,0,1
dusable,2,0,2
dusche,0,1,1
dusgusting,0,1,1
dushandome,0,1,1
dusharse,0,1,1
dushi,0,1,1
dushis,1,0,1
dushku,2,6,8
dusk,9,15,24
duskhu,1,0,1
duskwood,1,0,1
dusky,0,2,2
dusnt,6,2,8
dusny,0,1,1
dusseldorf,7,4,11
dust,210,109,319
dustan,0,1,1
dustballs,1,0,1
dustbin,4,4,8
dustbot,0,1,1
dustbox,0,1,1
dustbunnies,1,0,1
dusted,17,21,38
duster,6,5,11
dusters,2,0,2
dustfree,1,0,1
dustiiiiin,0,1,1
dustin,33,38,71
dusting,14,19,33
dustins,5,0,5
dustjacket,1,0,1
dustkat,0,1,1
dustland,0,1,1
dustless,1,0,1
dustmen,0,1,1
dustpan,1,2,3
dusts,0,3,3
dusty,48,44,92
dustyn,1,0,1
dut,0,1,1
duta,1,0,1
dutch,94,164,258
dutchboy,0,1,1
dutches,4,1,5
dutchess,3,5,8
dutchie,0,5,5
dutchies,2,4,6
dutchlessons,1,0,1
dutchman,1,3,4
dutchmen,1,1,2
dutchpeople,0,1,1
dutchrudder,0,1,1
dutchyyy,0,1,1
duth,1,0,1
duthie,1,0,1
dutie,2,0,2
duties,39,37,76
dutiful,1,2,3
dutifully,2,2,4
dutites,0,1,1
dutsch,0,1,1
dutt,0,1,1
dutta,0,1,1
dutti,1,1,2
dutton,0,1,1
duttons,1,0,1
dutty,7,4,11
duty,361,191,552
dutys,0,1,1
dutyy,1,0,1
duu,0,1,1
duudde,0,1,1
duuddee,0,1,1
duude,10,9,19
duudee,1,0,1
duudeee,0,1,1
duudoo,1,0,1
duuh,4,3,7
duuhh,2,1,3
duuhhh,0,1,1
duummbbbb,1,0,1
duuno,1,0,1
duunw,1,0,1
duur,1,0,1
duusj,0,1,1
duut,0,1,1
duuuddee,1,0,1
duuuddeee,2,0,2
duuude,21,12,33
duuudee,1,0,1
duuudes,0,1,1
duuuh,2,0,2
duuuhhhh,0,1,1
duuun,2,1,3
duuupeeer,1,0,1
duuuuddddeeee,1,0,1
duuuudddeees,0,1,1
duuuudde,1,0,1
duuuude,17,13,30
duuuudes,1,0,1
duuuugh,1,0,1
duuuuh,0,1,1
duuuum,0,1,1
duuuumb,1,0,1
duuuun,1,1,2
duuuuu,0,1,1
duuuuude,5,4,9
duuuuudeeeeeee,0,1,1
duuuuudes,1,1,2
duuuuuhh,0,1,1
duuuuumb,1,0,1
duuuuune,0,1,1
duuuuurty,0,1,1
duuuuuude,4,2,6
duuuuuudeeeee,0,1,1
duuuuuun,1,0,1
duuuuuuudddddddddddde,1,0,1
duuuuuuude,1,2,3
duuuuuuuhhh,1,0,1
duuuuuuuu,1,0,1
duuuuuuuude,1,2,3
duuuuuuuumb,1,0,1
duuuuuuuuuudddeee,0,1,1
duuuuuuuuuude,0,1,1
duuuuuuuuuuunnnnnn,1,0,1
duuuuuuuuuuuudezzz,0,1,1
duuuuuuuuuuuuuuuude,0,1,1
duv,1,0,1
duval,3,3,6
duvall,1,1,2
duvalle,0,1,1
duvel,2,1,3
duvelisdendrank,0,1,1
duvet,48,42,90
duvetlike,0,1,1
duvets,1,2,3
duvida,0,1,1
duvie,0,1,1
duwan,0,1,1
dux,2,2,4
duxbury,0,2,2
duxford,1,2,3
duy,3,3,6
duyen,0,1,1
duz,4,6,10
duzaldanin,1,0,1
duzen,0,1,1
duznt,10,0,10
duzz,0,1,1
duzzi,1,0,1
dv,12,11,23
dva,1,0,1
dvaes,0,1,1
dvaht,0,1,1
dvakrat,1,0,1
dvartistry,0,1,1
dvb,1,1,2
dvbs,0,1,1
dvc,1,0,1
dvcs,0,1,1
dvd,917,886,1803
dvdaf,2,0,2
dvdaholic,1,0,1
dvdaily,0,1,1
dvdboxset,1,0,1
dvdfab,1,0,1
dvdheaven,1,0,1
dvdi,1,0,1
dvdin,0,1,1
dvdleri,0,1,1
dvdm,0,1,1
dvdness,1,0,1
dvdonme,0,1,1
dvdplayer,1,0,1
dvdrip,1,3,4
dvds,200,187,387
dvdshrink,1,0,1
dvdsi,0,1,1
dvdvd,1,0,1
dve,3,1,4
dvelopment,0,1,1
dventure,1,0,1
dvf,1,2,3
dvg,0,1,1
dvi,14,3,17
dvid,1,0,1
dvided,1,0,1
dville,1,0,1
dvine,0,1,1
dvir,0,1,1
dvla,6,2,8
dvon,0,1,1
dvora,0,1,1
dvorak,4,6,10
dvore,0,1,1
dvp,4,0,4
dvr,220,155,375
dvrd,2,2,4
dvred,5,4,9
dvring,4,3,7
dvrs,1,1,2
dvs,0,1,1
dvt,3,2,5
dvts,1,0,1
dvx,1,0,1
dw,66,100,166
dwa,2,6,8
dwade,2,0,2
dwaft,1,0,1
dwain,0,1,1
dwam,2,0,2
dwan,0,1,1
dwanb,0,1,1
dwane,0,1,1
dwanny,1,0,1
dwards,0,1,1
dwarf,21,30,51
dwarfed,1,1,2
dwarfs,1,5,6
dwarpalak,0,1,1
dwarves,0,5,5
dway,1,0,1
dwayanna,1,0,1
dwayne,8,5,13
dwaynerdugger,0,1,1
dwb,0,1,1
dwc,0,2,2
dwcon,0,1,1
dwcv,1,0,1
dwd,0,1,1
dweams,1,0,1
dweb,0,1,1
dweeb,3,8,11
dweebo,0,1,1
dweebs,1,2,3
dweebster,1,0,1
dweeps,0,1,1
dweet,0,1,1
dweeter,1,0,1
dweets,0,1,1
dwel,0,1,1
dwele,1,5,6
dwell,10,16,26
dweller,0,2,2
dwellers,1,5,6
dwelling,8,6,14
dwells,1,1,2
dwert,0,1,1
dwf,7,0,7
dwgmf,2,0,2
dwgs,2,0,2
dwh,1,1,2
dwi,4,1,5
dwight,45,101,146
dwighthoward,0,1,1
dwights,1,4,5
dwighty,1,0,1
dwilliams,0,1,1
dwilly,0,1,1
dwindle,1,1,2
dwindled,0,1,1
dwindling,11,0,11
dwink,1,0,1
dwisho,1,0,1
dwitter,0,1,1
dwitters,0,1,1
dwiz,0,1,1
dwl,0,1,1
dwld,1,1,2
dwlw,0,1,1
dwm,2,0,2
dwmc,0,1,1
dwn,81,39,120
dwnhill,1,0,1
dwnld,4,1,5
dwnldin,1,0,1
dwnload,2,2,4
dwnloaded,1,0,1
dwnloadin,0,1,1
dwnloading,0,2,2
dwnloadn,1,0,1
dwnstairs,2,0,2
dwnstrs,1,0,1
dwntwn,7,8,15
dwo,1,1,2
dwof,0,2,2
dwon,3,0,3
dwood,0,1,1
dworkergnome,1,0,1
dworkin,1,1,2
dworlds,0,1,1
dworth,0,2,2
dwp,1,1,2
dwrengine,1,0,1
dwright,0,2,2
dws,2,1,3
dwsr,3,0,3
dwt,1,0,1
dwtl,0,1,1
dwts,10,16,26
dwunk,0,1,1
dwunkkk,0,1,1
dww,1,0,1
dwyane,1,0,1
dwyer,1,0,1
dwyl,1,0,1
dx,55,29,84
dxb,1,3,4
dxc,4,0,4
dxcore,0,1,1
dxlevel,1,0,1
dxo,2,1,3
dxx,0,2,2
dxzyuyny,0,1,1
dy,36,22,58
dya,8,8,16
dyala,0,1,1
dyaln,0,1,1
dyamond,0,1,1
dyan,3,14,17
dyana,1,0,1
dyanasties,0,1,1
dyani,0,1,1
dyanne,0,1,1
dyanthe,0,1,1
dyas,1,1,2
dybdahl,1,0,1
dybek,0,1,1
dyc,0,1,1
dycal,1,0,1
dyck,2,0,2
dyckman,0,1,1
dydramol,1,0,1
dydreks,0,1,1
dye,164,165,329
dyed,62,95,157
dyededed,0,1,1
dyeeed,0,1,1
dyeeeee,0,1,1
dyeeeeeeeeeeeee,1,0,1
dyeing,17,24,41
dyel,1,0,1
dyeleepong,0,3,3
dyepot,0,1,1
dyer,4,15,19
dyers,1,1,2
dyersburg,0,1,1
dyersss,0,1,1
dyersville,1,0,1
dyes,2,7,9
dyfi,0,1,1
dyi,2,1,3
dyieng,1,0,1
dyiiiiiing,1,0,1
dyiing,0,1,1
dyin,43,14,57
dying,1476,351,1827
dyingg,6,0,6
dyinggg,9,1,10
dyingggg,7,1,8
dyinggggg,0,1,1
dyingggggg,1,0,1
dyinggggggg,3,0,3
dyingggggggg,1,0,1
dyinn,1,0,1
dyinngggg,1,0,1
dyinnnggg,1,0,1
dyinnnn,1,0,1
dyinq,2,0,2
dyk,2,1,3
dyke,10,8,18
dykeenies,2,1,3
dykes,0,4,4
dykey,1,0,1
dykman,1,0,1
dykstra,1,0,1
dyl,1,0,1
dylan,64,142,206
dylanlive,0,1,1
dylann,0,1,1
dylannnn,1,0,1
dylano,0,1,1
dylans,5,8,13
dylicious,1,0,1
dyliepoo,0,1,1
dyllan,1,0,1
dylon,1,1,2
dylpops,0,1,1
dyls,2,0,2
dym,1,0,1
dymo,0,5,5
dymocks,0,1,1
dymphna,1,0,1
dymples,0,1,1
dymsumblog,1,0,1
dyn,2,1,3
dyna,0,1,1
dynacord,0,1,1
dynamic,8,28,36
dynamically,3,2,5
dynamicproxy,2,0,2
dynamics,7,10,17
dynamicshock,1,0,1
dynamips,0,1,1
dynamis,1,1,2
dynamism,1,0,1
dynamite,10,9,19
dynamo,11,10,21
dynamooooo,1,0,1
dynamos,2,2,4
dynastic,1,1,2
dynasty,6,10,16
dynastyland,0,1,1
dynekil,0,1,1
dyno,4,1,5
dynomite,0,1,1
dynos,1,0,1
dynoz,0,1,1
dynproxy,1,0,1
dynumo,0,1,1
dyon,0,1,1
dyou,2,5,7
dyour,0,1,1
dyowa,1,0,1
dyphenhydramine,1,0,1
dyr,0,1,1
dyrdek,6,6,12
dyrdeks,1,0,1
dyrek,1,0,1
dyrel,0,1,1
dyrt,0,1,1
dys,3,1,4
dysarts,0,1,1
dyscalculia,0,1,1
dysentary,0,2,2
dysentery,1,1,2
dysentry,1,0,1
dysfunction,1,0,1
dysfunctional,6,8,14
dysfuntional,0,1,1
dyslectic,0,1,1
dyslexia,5,5,10
dyslexic,6,23,29
dyslexically,0,1,1
dyslexics,1,2,3
dysmc,2,1,3
dysmenorrhea,2,0,2
dysmorphic,1,0,1
dyson,7,15,22
dysonator,1,0,1
dysoned,1,0,1
dyspepsia,1,0,1
dysplasia,5,0,5
dyspraxia,1,1,2
dysrhythmia,1,0,1
dystheist,0,1,1
dystonia,1,0,1
dystopian,2,0,2
dystopic,1,0,1
dystrophy,2,2,4
dystyxws,1,0,1
dyswidt,1,0,1
dyt,3,0,3
dytell,0,1,1
dyu,1,4,5
dyw,1,0,1
dywan,0,2,2
dyy,0,1,1
dyyed,0,1,1
dyying,0,1,1
dyyyiiing,1,0,1
dyyyiiinnnnnggggggg,1,0,1
dyyying,2,0,2
dyyyyying,4,0,4
dyyyyyying,1,0,1
dyyyyyyyyyin,1,0,1
dyz,2,0,2
dz,9,5,14
dzdd,0,1,1
dzied,0,1,1
dziekanski,1,0,1
dziekuje,0,1,1
dzieli,0,1,1
dzien,1,0,1
dziesma,0,2,2
dzin,0,1,1
dzinn,0,1,1
dzird,0,1,1
dzk,1,0,1
dznr,2,0,2
dznt,1,0,1
dzold,0,1,1
dzoldnuts,0,1,1
dzuhur,1,1,2
dzz,0,1,1
dzzy,1,0,1
ea,83,95,178
eaa,1,1,2
eaaaa,0,1,1
eaaaaaaaaaaaaaaaat,1,0,1
eaaaaaaaaar,1,0,1
eaaaaaaaaat,0,1,1
eaaaaaattttttt,1,0,1
eaaaaarly,1,0,1
eaaaaat,0,1,1
eaaaarlay,1,0,1
eaaaarrrlllyy,1,0,1
eaaaarrrllyyyy,0,1,1
eaaaasssyy,0,1,1
eaaaat,2,0,2
eaaarrrllllyyyy,1,0,1
eaaarthquaaake,0,1,1
eaaat,1,1,2
eaaattt,0,1,1
eaactive,1,0,1
eaailydrop,1,0,1
eaarrly,0,1,1
eaaster,1,0,1
eaat,1,2,3
eaating,0,1,1
eaatinggggg,0,1,1
eaazy,1,0,1
eab,1,1,2
eabf,2,0,2
eac,0,2,2
each,968,1262,2230
eachday,0,1,1
eachers,1,0,1
eachfuzz,0,1,1
eachh,0,1,1
eachoterh,0,1,1
eachothas,1,0,1
eachother,78,72,150
eachotherrr,1,0,1
eachothers,1,6,7
eachothr,1,0,1
ead,1,5,6
eadache,1,0,1
eadd,0,2,2
eadem,0,1,1
eadie,1,0,1
eadingspray,0,1,1
eads,0,2,2
eady,1,1,2
eaeaeaea,1,0,1
eaf,0,1,1
eagames,0,1,1
eagan,0,1,1
eagen,0,1,1
eager,22,60,82
eagerly,16,36,52
eagerness,1,0,1
eagle,47,64,111
eaglecam,1,0,1
eagled,1,1,2
eagleeee,0,1,1
eaglehawk,1,0,1
eagleman,1,0,1
eagles,21,41,62
eaglescliffe,0,1,1
eagleton,1,0,1
eaglets,0,2,2
eagranie,0,1,1
eah,0,4,4
eahasbro,0,1,1
eahausted,1,0,1
eahil,2,1,3
eai,1,1,2
eaing,0,1,1
eairler,2,0,2
eairly,1,1,2
eaiser,0,2,2
eaisier,1,0,1
eaither,4,1,5
eak,1,0,1
eal,1,0,1
ealier,4,6,10
ealing,9,7,16
ealingg,0,1,1
ealking,1,0,1
eally,2,7,9
eallyyy,1,0,1
ealry,7,5,12
ealy,1,3,4
ealyish,1,0,1
eam,2,0,2
eames,3,1,4
eammons,1,0,1
eamon,1,1,2
eamonn,1,1,2
eamos,0,1,1
ean,3,3,6
eandl,1,0,1
eanough,0,1,1
eant,2,1,3
eants,1,0,1
eanybushk,2,0,2
eanyway,1,0,1
eaon,1,0,1
eap,4,1,5
ear,878,302,1180
earache,53,2,55
earaches,5,0,5
earbone,0,1,1
earbud,7,3,10
earbuds,19,8,27
earcache,1,0,1
earcandy,0,1,1
earden,1,0,1
eardrops,3,1,4
eardrum,4,0,4
eardrummm,1,0,1
eardrums,3,6,9
earehanpk,0,1,1
earendil,0,1,1
earf,1,1,2
earflap,1,0,1
earflaps,0,2,2
earfone,1,0,1
earfones,1,0,1
earful,4,0,4
eargasm,0,2,2
earhardt,0,1,1
earhart,3,1,4
earhole,2,1,3
earholes,0,1,1
earhtquakes,1,0,1
earia,1,0,1
eariier,0,1,1
eariler,2,4,6
earilier,0,1,1
earily,1,1,2
earinfection,0,1,1
earing,8,4,12
earings,12,7,19
earky,1,0,1
earl,65,84,149
earlaaaaay,1,0,1
earlayy,1,0,1
earlc,0,1,1
earle,0,2,2
earler,3,0,3
earles,3,1,4
earley,1,0,1
earlez,0,1,1
earlgrey,0,1,1
earli,3,4,7
earlia,2,0,2
earliar,1,0,1
earlie,4,2,6
earlier,1573,1049,2622
earlierr,0,1,1
earlierrr,2,1,3
earlies,4,1,5
earliest,48,29,77
earlii,0,1,1
earliier,1,1,2
earliness,1,0,1
earling,1,1,2
earlir,2,1,3
earliset,1,0,1
earliy,2,0,2
earlllllllllierrr,1,0,1
earlllly,1,1,2
earllly,1,0,1
earlllyyy,2,0,2
earlly,3,1,4
earllyy,1,0,1
earlobe,0,1,1
earlobes,0,1,1
earls,4,4,8
earlt,1,1,2
earluer,1,0,1
earlville,0,1,1
early,7287,4537,11824
earlybird,1,2,3
earlybirds,0,1,1
earlyearlyyy,0,1,1
earlyer,9,2,11
earlyest,1,0,1
earlyier,1,1,2
earlyish,2,5,7
earlymorning,1,0,1
earlymrng,0,1,1
earlys,1,0,1
earlyup,1,1,2
earlyy,16,9,25
earlyyy,14,3,17
earlyyyy,9,2,11
earlyyyyy,4,1,5
earlyyyyyy,2,0,2
earlyyyyyyy,1,0,1
earlyyyyyyyyyy,0,1,1
earmarked,1,1,2
earmites,1,0,1
earmuff,0,1,1
earmuffs,0,3,3
earn,73,214,287
earnd,0,2,2
earned,37,118,155
earners,2,0,2
earnest,7,8,15
earnestly,0,1,1
earnhardt,0,1,1
earnhart,0,1,1
earnie,3,0,3
earnin,1,0,1
earning,16,34,50
earnings,7,5,12
earns,6,7,13
earnt,3,5,8
earp,1,1,2
earpain,1,0,1
earphone,14,4,18
earphones,89,32,121
earpiece,7,1,8
earpieces,2,2,4
earplug,1,0,1
earplugs,29,18,47
earr,0,2,2
earring,40,13,53
earrings,83,99,182
earrlings,0,1,1
earrly,0,1,1
earrlyy,1,0,1
earrr,1,1,2
earrrly,3,0,3
earrrr,1,0,1
earrrrly,2,3,5
earrrrlyyy,0,1,1
earrrrrly,0,1,1
earrrrrr,2,0,2
earrrrrrrly,1,0,1
earrrrrrrrly,1,0,1
ears,504,340,844
earset,1,0,1
earsex,0,1,1
earshot,1,1,2
earstick,0,1,1
earstyle,0,1,1
eart,1,2,3
earth,378,544,922
eartha,3,0,3
earthatics,1,0,1
earthbound,2,2,4
earthboundradio,0,1,1
earthcache,0,1,1
earthcore,0,1,1
earthcrush,0,1,1
earthday,1,8,9
earthe,0,1,1
earthen,2,0,2
earthenware,2,0,2
earthequake,0,1,1
earthey,0,1,1
earthfairies,1,0,1
earthfest,2,10,12
earthfire,0,1,1
earthh,0,1,1
earthhh,1,0,1
earthhhhh,0,1,1
earthhhhscii,1,0,1
earthing,2,1,3
earthling,0,2,2
earthlings,5,5,10
earthlink,1,0,1
earthly,0,4,4
earthmoving,0,1,1
earthquaake,1,0,1
earthquack,1,0,1
earthquake,174,131,305
earthquakes,45,33,78
earthqueck,1,0,1
earthqwake,0,1,1
earths,2,0,2
earthsavers,1,0,1
earthset,0,1,1
earthshake,1,0,1
earthshock,0,1,1
earthshod,0,1,1
earthtimes,0,1,1
earthtwit,0,1,1
earthtwits,0,1,1
earthworm,2,4,6
earthwormjimmy,2,2,4
earthworms,1,1,2
earthy,0,3,3
eartquake,0,1,1
earwig,2,1,3
earwigs,1,1,2
earworm,3,2,5
earwormdectomy,1,0,1
earworms,0,3,3
eary,1,4,5
eas,4,3,7
easactive,6,8,14
ease,58,74,132
eased,4,7,11
easel,3,3,6
easels,1,1,2
easely,0,1,1
eases,5,8,13
easey,1,0,1
eash,1,1,2
easi,0,1,1
easier,400,660,1060
easierly,1,0,1
easierrr,1,0,1
easiest,30,60,90
easiestly,0,1,1
easilly,3,0,3
easily,251,273,524
easing,4,8,12
easley,1,1,2
easliy,1,1,2
easly,1,1,2
eason,1,4,5
easone,1,0,1
easons,1,0,1
easportactive,0,1,1
easports,5,0,5
easportsactive,0,1,1
easssss,0,1,1
eassssyyy,1,0,1
eassssyyyyy,0,1,1
easssy,0,1,1
eassttt,1,0,1
eassy,1,0,1
east,393,426,819
eastasia,1,0,1
eastbay,1,2,3
eastbound,2,4,6
eastbourne,12,3,15
eastbrook,1,1,2
eastcoast,5,4,9
eastcote,1,0,1
easteenders,0,1,1
easten,1,0,1
eastend,1,0,1
eastender,1,0,1
eastenders,29,42,71
eastendes,0,1,1
easter,183,209,392
eastercon,1,0,1
easterfest,1,0,1
easterly,0,1,1
eastern,61,108,169
easterr,0,1,1
easters,1,1,2
eastershow,0,1,1
easterton,1,0,1
eastfalls,0,1,1
eastfield,0,3,3
eastgardens,1,1,2
eastgate,1,0,1
easthampton,1,0,1
eastie,0,3,3
eastier,1,0,1
easties,2,3,5
eastlake,2,0,2
eastland,1,2,3
eastldn,1,0,1
eastleigh,1,0,1
eastlink,1,3,4
eastman,2,0,2
eastmont,1,0,1
eastniner,1,0,1
easton,4,11,15
eastonnn,1,0,1
eastons,1,1,2
eastpoint,0,1,1
eastpointe,0,1,1
eastre,0,1,1
eastridge,1,3,4
eastrn,1,0,1
eastscene,2,2,4
eastside,9,11,20
eastsides,0,2,2
eastttt,0,1,1
easttttt,1,0,1
eastview,2,1,3
eastw,1,0,1
eastward,0,1,1
eastwards,1,0,1
eastwest,0,1,1
eastwestboys,0,3,3
eastwick,0,3,3
eastwickers,0,1,1
eastwind,0,1,1
eastwood,14,22,36
easty,1,0,1
easy,1052,1735,2787
easybeats,0,2,2
easycgi,0,1,1
easyer,3,3,6
easyeval,0,1,1
easyfind,0,1,1
easyfundraising,0,1,1
easyhaha,0,1,1
easyinstallers,0,1,1
easyish,0,1,1
easyjet,2,2,4
easymock,0,1,1
easypeasy,0,2,2
easyshare,0,1,1
easyspin,1,0,1
easytobook,0,1,1
easyturtle,0,1,1
easytweet,0,1,1
easytweetprofits,0,1,1
easyv,0,1,1
easyway,1,3,4
easywhen,0,1,1
easywriter,0,1,1
easyxtarget,1,0,1
easyy,2,7,9
easyyy,1,4,5
easyyyy,0,2,2
easyyyyy,0,2,2
easyyyyyyyyyyy,0,1,1
eat,4047,3595,7642
eatability,0,1,1
eatable,4,3,7
eatateppies,1,0,1
eatathon,0,1,1
eatbulaga,0,6,6
eatched,0,1,1
eatching,1,0,1
eatcingg,0,1,1
eated,28,5,33
eatedd,0,1,1
eatem,1,0,1
eaten,617,210,827
eater,26,21,47
eateries,2,2,4
eaters,9,16,25
eatery,1,4,5
eatfest,0,1,1
eath,1,0,1
eathai,0,1,1
eathan,0,1,1
eather,3,4,7
eathershaper,0,1,1
eathier,4,0,4
eathng,1,0,1
eathquake,1,1,2
eathworms,1,0,1
eatig,1,0,1
eatign,0,2,2
eatiiin,1,0,1
eatiiing,0,1,1
eatiin,0,1,1
eatiing,0,2,2
eatiinnng,1,0,1
eatin,140,229,369
eating,2483,3912,6395
eatingas,1,0,1
eatingcup,1,0,1
eatingg,6,7,13
eatinggg,0,5,5
eatingggg,0,3,3
eatingggggg,0,1,1
eatings,3,0,3
eatingwell,1,0,1
eatinn,0,2,2
eatinng,1,0,1
eatinngg,1,0,1
eatinnn,1,0,1
eatinq,1,4,5
eatinqg,1,0,1
eatinqq,1,2,3
eatins,0,1,1
eatiny,0,1,1
eationg,0,1,1
eatlocal,0,1,1
eatlunch,0,1,1
eatm,0,1,1
eatmewhileimhot,0,1,1
eatn,10,9,19
eatng,1,2,3
eato,0,1,1
eaton,7,5,12
eatons,2,2,4
eats,104,112,216
eatsalot,0,1,1
eatser,1,1,2
eatsleepdraw,0,4,4
eatt,3,3,6
eatten,2,2,4
eattin,7,7,14
eatting,24,45,69
eattinq,0,1,1
eattinqqq,0,1,1
eattt,1,1,2
eattting,1,0,1
eatttt,0,2,2
eatttting,1,0,1
eatttttt,1,0,1
eattttttttt,0,1,1
eatwillgrow,1,0,1
eatyn,2,0,2
eatzi,0,1,1
eau,5,10,15
eautiful,0,1,1
eavedrop,1,0,1
eaven,0,1,1
eaves,1,1,2
eavesdrop,0,2,2
eavesdropping,1,8,9
eaving,0,1,1
eavporating,0,1,1
eavy,1,0,1
eaxctly,0,1,1
eaxm,1,0,1
eay,3,0,3
eaz,1,0,1
eaze,0,1,1
eazier,0,1,1
eazy,4,2,6
eb,47,33,80
eba,4,1,5
ebaaa,0,2,2
ebaaaa,0,1,1
ebaaaaaaa,0,1,1
ebaaaay,0,1,1
ebabbs,1,0,1
ebable,0,1,1
ebaby,0,1,1
ebae,0,1,1
eballs,0,1,1
ebanks,0,1,1
ebar,0,2,2
ebaumsworld,1,0,1
ebay,421,300,721
ebayauction,1,0,1
ebayed,3,1,4
ebayfail,1,0,1
ebaying,4,8,12
ebaymotors,0,1,1
ebays,2,0,2
ebayt,1,0,1
ebb,3,5,8
ebba,0,1,1
ebbbberrrrrr,1,0,1
ebbett,0,1,1
ebbitt,0,1,1
ebbs,3,0,3
ebbsfleet,1,0,1
ebbw,1,1,2
ebby,1,0,1
ebc,1,1,2
ebcause,1,0,1
ebda,0,1,1
ebe,0,1,1
ebeam,0,1,1
ebedroom,0,1,1
ebegging,1,0,1
ebel,0,1,1
ebele,0,1,1
eben,1,4,5
eber,0,2,2
eberhardt,0,1,1
eberron,0,1,1
eberswalder,0,1,1
ebert,4,2,6
eberth,0,1,1
ebery,0,1,1
eberybody,1,1,2
eberyone,0,2,2
eberywere,0,1,1
ebethchallenge,2,0,2
ebg,0,1,1
ebi,0,1,1
ebid,1,0,1
ebil,3,3,6
ebingo,2,0,2
ebio,1,4,5
ebisu,1,1,2
ebiz,0,1,1
eblana,0,1,1
eblast,1,2,3
eblow,0,1,1
ebm,2,4,6
ebnough,1,0,1
ebody,1,0,1
ebola,5,2,7
eboni,0,1,1
ebonics,0,1,1
ebonite,0,1,1
ebonnie,1,0,1
ebony,11,5,16
ebonybird,0,1,1
ebook,19,42,61
ebooks,5,11,16
ebookwise,1,1,2
ebooky,0,1,1
eboost,0,2,2
eboue,1,0,1
eboug,0,1,1
ebough,1,0,1
eboy,0,1,1
ebra,0,1,1
ebrahim,1,0,1
ebribadi,1,0,1
ebrochure,0,1,1
ebrown,0,1,1
ebru,0,1,1
ebs,0,1,1
ebscohost,1,0,1
ebt,1,1,2
ebtg,0,1,1
ebtm,0,1,1
ebtter,1,0,1
ebu,0,1,1
ebucks,0,2,2
ebuddy,7,7,14
ebullient,1,0,1
ebureaucracy,1,0,1
ebury,1,0,1
ebus,0,2,2
ebuyer,1,2,3
ebwl,0,1,1
ebxml,1,0,1
eby,0,1,1
ebz,0,1,1
ec,33,45,78
eca,6,1,7
ecac,0,1,1
ecadd,0,1,1
ecademy,1,2,3
ecah,1,0,1
ecard,3,5,8
ecarlate,0,1,1
ecart,1,0,1
ecartis,0,1,1
ecas,0,1,1
ecaudor,0,1,1
ecause,1,0,1
ecausebay,0,1,1
ecaxtly,0,1,1
ecaytrade,1,0,1
ecb,0,1,1
ecbs,0,3,3
ecc,3,6,9
eccc,0,1,1
eccellent,0,1,1
eccentric,3,9,12
eccentricities,0,1,1
eccentrics,1,2,3
ecclectic,1,5,6
eccles,1,3,4
ecclesia,0,1,1
ecclesiastes,1,4,5
eccleston,3,1,4
ecclestone,2,0,2
ecclipse,0,1,1
ecco,0,3,3
eccw,0,1,1
eccy,1,2,3
ecdl,2,0,2
ece,1,2,3
ecek,0,1,1
ecen,1,0,1
ecenomics,1,0,1
eceonmy,0,1,1
ecept,1,0,1
eception,0,1,1
ecerybody,0,1,1
eceryones,1,0,1
ecerythome,1,0,1
ecf,1,1,2
ecfggmvb,0,1,1
ecfw,0,1,1
ecg,3,1,4
ecger,1,0,1
ecgric,0,1,1
ech,3,7,10
echa,2,0,2
eche,1,1,2
echelon,12,51,63
echelonday,4,19,23
echelonhouse,0,1,1
echelonmike,0,1,1
echelonnnnnnn,0,1,1
echelons,0,2,2
echh,1,0,1
echhh,1,0,1
echie,0,1,1
echiii,0,1,1
echinacea,4,2,6
echipa,0,1,1
echipei,0,1,1
echnicea,1,0,1
echno,1,1,2
echo,43,42,85
echocardiogram,1,1,2
echoed,2,1,3
echoes,5,10,15
echoey,1,0,1
echoing,7,3,10
echolink,1,0,1
echolls,0,1,1
echooooo,0,1,1
echoplex,2,1,3
echos,3,1,4
echt,4,19,23
echte,0,1,1
echuca,1,0,1
echy,0,1,1
ecier,1,0,1
ecig,0,1,1
ecigarette,0,12,12
ecija,2,2,4
ecinathea,1,0,1
ecipse,2,1,3
ecited,0,3,3
eciting,0,1,1
eck,9,4,13
ecka,0,1,1
eckart,0,1,1
ecke,0,1,1
ecker,1,1,2
eckeren,0,1,1
eckermann,1,0,1
eckernf,0,1,1
eckhart,0,6,6
eckharte,0,1,1
eckit,1,4,5
eckkk,0,1,1
eckkky,1,0,1
ecko,3,2,5
eckred,0,1,1
ecks,0,1,1
eckspee,1,0,1
eckstein,0,1,1
ecktown,0,1,1
ecl,1,1,2
eclair,3,0,3
eclaire,1,0,1
eclaires,0,1,1
eclairs,4,3,7
eclampsia,1,0,1
eclares,0,1,1
eclass,1,0,1
eclat,1,0,1
ecleaninggg,1,0,1
eclectic,2,23,25
eclectica,0,1,1
eclecticradio,0,1,1
eclectricity,0,1,1
eclipe,0,1,1
eclipes,0,1,1
eclips,0,2,2
eclipse,113,173,286
eclipsee,1,0,1
eclipsekim,0,3,3
eclipses,0,2,2
eclipsing,0,1,1
eclispe,3,1,4
eclogite,0,1,1
eclr,1,0,1
eclusive,1,0,1
ecm,1,4,5
ecmascript,1,0,1
ecmwf,0,1,1
ecning,0,2,2
ecnmtrcs,0,1,1
ecnn,0,1,1
ecnomics,0,1,1
eco,31,47,78
ecobill,0,1,1
ecocinema,1,0,1
ecoclines,1,0,1
ecofriendly,2,1,3
ecokid,0,1,1
ecole,1,0,1
ecolgizare,0,1,1
ecoli,4,1,5
ecollege,1,0,1
ecological,6,1,7
ecologically,1,0,1
ecologist,1,0,1
ecology,7,4,11
ecom,1,1,2
ecomaidnyc,0,1,1
ecomates,0,1,1
ecomm,1,0,1
ecommerce,3,6,9
ecomonday,1,30,31
ecomoon,0,1,1
econ,61,13,74
econaffinity,0,1,1
econd,2,1,3
econetic,1,0,1
econmony,0,1,1
econny,0,1,1
econo,0,1,1
econolodge,0,1,1
economco,1,0,1
econometrics,3,2,5
economic,42,35,77
economical,1,7,8
economically,2,1,3
economicrecession,1,0,1
economics,94,42,136
economicss,1,0,1
economicsss,1,0,1
economicsssss,1,0,1
economies,2,2,4
economist,4,12,16
economists,1,2,3
economix,2,0,2
economy,186,87,273
econosense,2,0,2
econovan,0,2,2
econs,5,4,9
ecook,1,0,1
ecoop,0,2,2
ecopak,0,1,1
ecopass,1,0,1
ecophony,0,1,1
ecopup,0,1,1
ecorun,0,1,1
ecosystem,1,5,6
ecosystems,1,1,2
ecot,0,1,1
ecotricity,1,0,1
ecott,1,0,1
ecounter,1,0,1
ecourse,0,2,2
ecoute,0,2,2
ecover,0,1,1
ecoverage,0,1,1
ecp,1,0,1
ecpecially,1,2,3
ecpi,0,1,1
ecpm,1,1,2
ecpms,0,1,1
ecr,1,2,3
ecrans,1,1,2
ecrater,0,1,1
ecraters,0,1,1
ecrit,0,1,1
ecs,3,2,5
ecsl,1,0,1
ecsm,1,0,1
ecspeacially,1,0,1
ecspecially,2,0,2
ecstacy,1,0,1
ecstasy,5,7,12
ecstatic,18,58,76
ecstatically,0,1,1
ecstaticness,1,0,1
ecsuhl,1,0,1
ect,13,25,38
ecto,1,0,1
ectomorph,1,0,1
ectomorphs,0,1,1
ectopic,2,0,2
ects,1,2,3
ecu,4,5,9
ecuador,8,12,20
ecuadorian,1,0,1
ecuc,0,1,1
ecudaor,0,1,1
ecuse,1,0,1
ecutioners,1,0,1
ecv,0,1,1
ecverything,0,1,1
ecw,9,9,18
ecxcited,1,0,1
ecxema,1,0,1
ecxept,1,0,1
ecxess,1,0,1
ecxited,0,1,1
eczema,24,8,32
eczmas,1,0,1
ed,633,368,1001
eda,2,0,2
edable,0,1,1
edam,2,1,3
edamame,4,9,13
edamames,1,0,1
edame,0,1,1
edaust,1,2,3
edawam,0,1,1
edawg,0,1,1
eday,1,1,2
edbur,1,0,1
edc,22,8,30
edcel,1,0,1
edcth,1,0,1
edcuational,0,1,1
edd,6,4,10
edda,1,0,1
eddah,1,0,1
eddd,1,0,1
eddddddddddddddddddddddddddddddddddddddddddddddddddddddddddahh,0,1,1
edddy,1,0,1
eddi,0,1,1
eddie,74,83,157
eddieeeeee,0,1,1
eddies,2,4,6
eddiestarr,0,1,1
edding,1,0,1
eddings,54,1,55
eddipuss,0,1,1
eddison,0,1,1
eddna,1,0,1
eddomonton,0,1,1
eddplant,0,1,1
eddplants,0,1,1
eddy,21,14,35
eddyson,0,2,2
ede,1,0,1
edea,0,1,1
edeka,0,2,2
edel,0,2,2
edelcries,1,0,1
edeline,0,1,1
edelkoorts,1,0,1
edelle,0,1,1
edelman,0,3,3
edels,1,0,1
edelweiss,2,1,3
edelwines,0,1,1
edelwiss,0,1,1
edema,1,0,1
edemame,1,0,1
edemnou,0,1,1
edemocracy,1,0,1
eden,37,29,66
edenites,1,0,1
edenoftheeast,0,1,1
edens,0,1,1
edenvale,0,1,1
edenville,0,1,1
eder,2,0,2
edexcel,1,4,5
edf,3,1,4
edfing,1,0,1
edfors,1,0,1
edfringe,1,0,1
edgar,10,14,24
edgardo,1,0,1
edgartown,1,0,1
edgbaston,1,0,1
edge,193,174,367
edgebrook,0,1,1
edged,7,2,9
edgeee,1,0,1
edgefesssssst,0,1,1
edgefest,17,3,20
edgefield,0,1,1
edgenix,0,1,1
edgeriders,1,0,1
edgerly,0,1,1
edges,22,13,35
edgesight,0,1,1
edgewater,0,2,2
edgewise,1,0,1
edgewood,1,1,2
edgeworks,1,0,1
edgeworth,1,1,2
edggge,0,1,1
edgier,1,3,4
edgiest,1,0,1
edginess,1,0,1
edging,4,3,7
edgrrrr,0,1,1
edguy,0,1,1
edgware,1,1,2
edgy,10,9,19
edh,0,3,3
edi,16,3,19
edible,21,40,61
ediblearrangements,2,2,4
edibles,2,1,3
edic,0,1,1
edicia,0,1,1
edict,1,0,1
edicts,0,1,1
edie,10,5,15
edies,2,0,2
edifact,1,0,1
edifying,1,1,2
edin,2,4,6
edina,2,0,2
edinb,0,1,1
edinboro,0,1,1
edinborough,1,1,2
edinbrugh,1,0,1
edinbugh,0,1,1
edinburg,4,1,5
edinburger,1,0,1
edinburgh,131,129,260
edinburghac,0,1,1
edinburghbut,1,0,1
edinburghhh,0,1,1
edinburghhhhhhhh,0,1,1
edinburghs,2,0,2
edinburrgh,1,0,1
edinger,0,1,1
edinurgh,0,1,1
ediomi,0,1,1
edirectory,1,0,1
edirisinghe,0,1,1
edirol,0,1,1
ediscovery,1,0,1
edison,17,7,24
edisto,0,3,3
edit,208,232,440
editable,4,4,8
editablepolygon,1,0,1
editando,0,2,2
editar,0,1,1
edited,59,95,154
editeditedittt,0,1,1
edith,5,9,14
editha,0,1,1
edithyeung,0,1,1
editiing,0,2,2
editin,1,1,2
editing,304,407,711
editingg,0,1,1
editiom,1,0,1
edition,122,191,313
editioning,1,0,1
editionnn,0,1,1
editions,12,11,23
editjrn,1,0,1
editmesh,0,1,1
editng,1,1,2
edito,0,1,1
editon,5,0,5
editor,59,93,152
editorial,9,15,24
editorialized,0,1,1
editorially,0,1,1
editorials,1,1,2
editoroch,0,1,1
editors,12,11,23
editplus,1,1,2
editrix,0,1,1
edits,24,38,62
editted,1,1,2
editting,8,4,12
editttt,0,1,1
ediymm,0,1,1
edjames,0,1,1
edjerrin,0,1,1
edjukashun,0,1,1
edl,0,1,1
edla,0,1,1
edler,0,2,2
edlette,0,1,1
edlex,0,2,2
edline,0,1,1
edly,1,0,1
edm,1,1,2
edmcmahon,2,0,2
edmedia,1,0,1
edmer,0,1,1
edmety,1,0,1
edmond,0,6,6
edmonds,6,5,11
edmondson,0,1,1
edmonton,32,26,58
edmontonians,1,1,2
edms,0,1,1
edmtn,1,0,1
edmund,3,6,9
edmundson,1,0,1
edmunson,0,1,1
edn,2,1,3
edna,3,5,8
ednacz,0,1,1
ednaiscool,1,0,1
edner,1,1,2
edness,0,1,1
edni,1,0,1
edo,0,6,6
edoblet,0,1,1
edog,0,1,1
edos,0,1,1
edov,0,1,1
edradour,0,1,1
edrea,1,0,1
edrees,1,0,1
edric,0,1,1
edrms,1,0,1
edrous,1,0,1
eds,3,6,9
edsa,1,5,6
edsel,1,1,2
edsger,0,1,1
edskee,1,0,1
edsocial,0,1,1
edsonline,0,1,1
edster,1,0,1
edstrom,0,1,1
edt,8,9,17
edtech,2,1,3
edthix,0,1,1
edtion,2,0,2
edtit,1,0,1
edtweetup,1,5,6
edu,22,15,37
eduard,0,1,1
eduardo,3,4,7
edub,0,1,1
edubits,1,0,1
edublogs,2,1,3
edubuntu,0,1,1
educ,1,2,3
educamp,1,4,5
educare,1,0,1
educate,7,24,31
educated,12,29,41
educating,2,6,8
education,94,120,214
educational,12,29,41
educationl,1,0,1
educations,0,1,1
educator,0,5,5
educators,1,6,7
educause,1,0,1
eduction,0,1,1
edufire,2,1,3
eduka,0,1,1
edukators,1,0,1
edukka,1,0,1
edumacaaation,1,0,1
edumacashun,1,0,1
edumacated,0,1,1
edumacation,0,1,1
edumedia,0,3,3
edumucation,0,1,1
edupunk,1,1,2
eduroam,2,1,3
eduskate,0,1,1
edut,0,1,1
edutweet,0,1,1
eduwebconf,0,1,1
edv,1,0,1
edvb,1,0,1
edvice,0,1,1
edvolebn,0,1,1
edwar,2,0,2
edward,195,292,487
edwarda,0,1,1
edwardbellamy,0,1,1
edwardcullen,1,0,1
edwardd,0,1,1
edwardddd,1,0,1
edwarddddddddd,0,1,1
edwarddddsbella,0,1,1
edwards,25,31,56
edwardsgotnobed,0,1,1
edwardsville,1,2,3
edwardy,1,0,1
edwarrd,0,1,1
edwars,1,0,1
edwart,0,1,1
edweena,0,1,1
edwf,0,1,1
edwin,13,13,26
edwina,0,1,1
edwines,1,0,1
edwins,0,1,1
edwon,0,2,2
edx,1,0,1
edy,5,2,7
edynn,0,1,1
edythe,0,1,1
edz,1,1,2
edzard,0,1,1
ee,57,58,115
eea,0,1,1
eeaaarly,1,0,1
eeaaattt,0,1,1
eeaarlly,0,1,1
eearllyy,1,0,1
eearly,1,0,1
eeb,0,2,2
eebday,0,1,1
eebo,0,1,1
eecck,1,0,1
eeck,0,1,1
eecs,1,0,1
eed,2,1,3
eeda,1,1,2
eedit,0,1,1
eedy,1,0,1
eee,69,75,144
eeeaaat,0,1,1
eeeaarly,1,0,1
eeeaarrrlllyyy,0,1,1
eeeaasy,0,1,1
eeeahhhh,0,1,1
eeearly,1,0,1
eeearth,1,0,1
eeeasy,0,2,2
eeeat,0,1,1
eeeatiiiing,1,0,1
eeebox,0,1,1
eeebuntu,0,2,2
eeeck,1,0,1
eeecontrol,0,1,1
eeee,33,51,84
eeeeaaarrrrlllyyyyyyyy,1,0,1
eeeearly,1,1,2
eeeeat,1,0,1
eeeebil,1,0,1
eeeedddiot,0,1,1
eeeee,15,28,43
eeeeeckie,1,0,1
eeeeee,8,12,20
eeeeeee,10,15,25
eeeeeeee,7,6,13
eeeeeeeee,1,5,6
eeeeeeeeee,1,5,6
eeeeeeeeeee,1,5,6
eeeeeeeeeeee,1,5,6
eeeeeeeeeeeee,0,1,1
eeeeeeeeeeeeee,1,1,2
eeeeeeeeeeeeeee,0,2,2
eeeeeeeeeeeeeeeee,1,1,2
eeeeeeeeeeeeeeeeee,0,1,1
eeeeeeeeeeeeeeeeeeeeee,1,0,1
eeeeeeeeeeeeeeeeeeeeeeeeeeeeeee,1,0,1
eeeeeeeeeeeeeeeeeeeeeeeeeeeeeeee,0,1,1
eeeeeeeeeeeeeeeeeeeeeeeeekkkkkkk,0,1,1
eeeeeeeeeeeeeeeeeeeeeep,0,1,1
eeeeeeeeeeeeeeeeeeep,0,1,1
eeeeeeeeeeeeeeeek,0,1,1
eeeeeeeeeeeeeep,1,0,1
eeeeeeeeeeeeekkkkkkkk,1,0,1
eeeeeeeeeeeek,1,0,1
eeeeeeeeeeeeli,1,0,1
eeeeeeeeeeeep,0,1,1
eeeeeeeeeeeew,0,1,1
eeeeeeeeeeek,1,0,1
eeeeeeeeeeepppppppppp,0,1,1
eeeeeeeeeek,1,0,1
eeeeeeeeeekkkkkkkk,1,0,1
eeeeeeeeeerrrrrrrrrrrrrrrrrrrrrrrrrrrrrrrrrrrrrrrr,1,0,1
eeeeeeeeek,0,1,1
eeeeeeeeep,1,2,3
eeeeeeeeerp,0,1,1
eeeeeeeeh,0,1,1
eeeeeeeek,1,0,1
eeeeeeeesh,0,1,1
eeeeeeeeverywherrreeeeee,0,1,1
eeeeeeeew,1,0,1
eeeeeeek,2,3,5
eeeeeeekkkk,0,1,1
eeeeeeekkkkkk,0,1,1
eeeeeeekkkkkkk,1,1,2
eeeeeeel,1,0,1
eeeeeeep,0,2,2
eeeeeeeveryone,0,1,1
eeeeeeeverywhere,0,1,1
eeeeeeew,0,2,2
eeeeeeh,1,1,2
eeeeeehhhh,1,0,1
eeeeeek,6,5,11
eeeeeekkk,5,0,5
eeeeeekkkk,0,2,2
eeeeeekkkkkkkk,0,1,1
eeeeeeks,0,1,1
eeeeeep,1,2,3
eeeeeeppppp,1,0,1
eeeeeettt,0,1,1
eeeeeever,1,0,1
eeeeeexcited,0,1,1
eeeeehhhh,1,0,1
eeeeek,14,11,25
eeeeekk,1,0,1
eeeeekkk,2,0,2
eeeeekkkk,1,0,1
eeeeeks,1,0,1
eeeeemagine,1,0,1
eeeeemail,1,0,1
eeeeep,6,6,12
eeeeeppp,1,4,5
eeeeergh,1,0,1
eeeeerrrrrrrrrrrrr,1,0,1
eeeeet,0,2,2
eeeeeurgh,1,0,1
eeeeeverybody,1,0,1
eeeeeverywhere,0,1,1
eeeeevil,1,0,1
eeeeevvveeerrrr,1,0,1
eeeeevvvvvaaaaahhhhh,1,0,1
eeeeew,3,0,3
eeeeewww,1,0,1
eeeeewwwwww,0,1,1
eeeeeyup,0,1,1
eeeegorot,1,0,1
eeeeh,1,0,1
eeeehh,1,1,2
eeeehhh,0,1,1
eeeehhhh,1,0,1
eeeehm,2,0,2
eeeeiiiither,1,0,1
eeeek,34,20,54
eeeekk,1,1,2
eeeekkk,2,0,2
eeeekkkk,1,2,3
eeeekkkkk,1,1,2
eeeeks,1,0,1
eeeenddds,1,0,1
eeeep,13,15,28
eeeepp,1,1,2
eeeeps,0,1,1
eeeer,1,0,1
eeeerrrrgggg,1,0,1
eeeerrrrr,1,0,1
eeeesh,0,1,1
eeeet,1,0,1
eeeeu,1,0,1
eeeever,1,0,1
eeeeverything,2,0,2
eeeevil,2,0,2
eeeevvvveeerrr,1,0,1
eeeew,9,0,9
eeeewww,1,0,1
eeeexcellent,0,1,1
eeeeyerrr,1,0,1
eeef,1,0,1
eeeffff,1,1,2
eeegggggii,0,1,1
eeeh,4,4,8
eeehh,2,3,5
eeehhh,0,4,4
eeehhhhh,0,1,1
eeehm,1,1,2
eeei,1,0,1
eeeiiiihhhh,1,0,1
eeeiiiiish,1,0,1
eeeik,0,1,1
eeein,0,1,1
eeeis,0,1,1
eeek,90,61,151
eeekk,5,5,10
eeekkk,5,1,6
eeekkkk,2,3,5
eeekkkss,1,0,1
eeeks,3,1,4
eeekss,0,1,1
eeem,0,1,1
eeen,1,0,1
eeendeeyaah,0,1,1
eeenich,1,1,2
eeenid,0,1,1
eeep,23,30,53
eeepc,14,12,26
eeepp,0,1,1
eeeppp,1,3,4
eeepppp,1,0,1
eeeppppp,1,0,1
eeeps,1,4,5
eeer,0,1,1
eeerggghh,0,1,1
eeergh,4,0,4
eeerm,1,0,1
eeermmm,0,1,1
eeerr,1,0,1
eeerrr,0,2,2
eeerrrrhhhh,1,0,1
eeerrrrrrr,0,1,1
eeerruuhhhmm,1,0,1
eeesh,3,4,7
eeesss,0,1,1
eeet,0,7,7
eeeuuu,1,0,1
eeeuuugghhhh,1,0,1
eeeuw,1,0,1
eeeveeerything,1,0,1
eeeven,0,1,1
eeever,1,1,2
eeevvvviiiilllll,0,1,1
eeew,13,6,19
eeeww,7,0,7
eeewww,2,1,3
eeewwww,1,1,2
eeewwwww,1,0,1
eeexxcited,0,1,1
eeey,1,0,1
eeeyyyy,0,1,1
eef,1,0,1
eefing,2,0,2
eefje,1,0,1
eeg,0,2,2
eegee,1,0,1
eegees,1,0,1
eegs,1,1,2
eeh,9,3,12
eehe,0,1,1
eehh,6,2,8
eehhee,1,0,1
eehhh,1,2,3
eehhhhh,0,1,1
eehsh,1,0,1
eei,0,1,1
eeii,0,1,1
eeiip,1,0,1
eejay,3,0,3
eejit,5,1,6
eejits,1,0,1
eek,178,96,274
eekend,1,0,1
eekk,1,3,4
eekkk,2,0,2
eekkkk,1,0,1
eekks,0,1,1
eeks,9,4,13
eeksie,0,1,1
eel,8,5,13
eelam,2,0,2
eelder,0,1,1
eelen,0,1,1
eelllll,1,0,1
eelmises,0,1,1
eels,11,11,22
eem,0,2,2
eeman,0,1,1
eemia,0,1,1
eemmm,1,0,1
eemun,0,1,1
een,15,19,34
eend,1,0,1
eene,0,1,1
eenich,1,1,2
eenie,2,2,4
eenik,1,0,1
eens,1,2,3
eeny,1,1,2
eeor,0,1,1
eep,73,54,127
eepc,1,1,2
eeped,0,1,1
eepp,1,1,2
eeppp,0,1,1
eepps,1,0,1
eeps,4,0,4
eepy,0,1,1
eepybird,0,1,1
eer,1,2,3
eeran,1,1,2
eerie,3,11,14
eerily,7,5,12
eerione,1,0,1
eerm,0,1,1
eerockh,1,0,1
eerr,1,1,2
eerrgghh,1,0,1
eerrhh,1,0,1
eerrr,1,1,2
eerrrggg,1,0,1
eerrrgghh,1,0,1
eerrrr,1,1,2
eerrrrrrrrhggggg,1,0,1
eerrrrrrrrr,0,1,1
eerrryyy,1,0,1
eerst,0,1,1
eery,1,1,2
eeryone,0,1,1
eerything,1,1,2
ees,5,7,12
eesa,1,0,1
eeser,0,1,1
eesh,8,4,12
eeshh,1,0,1
eeshy,0,1,1
eesshh,1,0,1
eesss,0,1,1
eet,10,11,21
eeted,1,0,1
eeteuk,1,0,1
eeting,1,0,1
eeugh,2,0,2
eeurghh,1,0,1
eeuu,2,2,4
eeuurgh,0,1,1
eeuuugghh,1,0,1
eeva,1,0,1
eeve,0,1,1
eevee,1,0,1
eeveeer,0,1,1
eeveelution,0,1,1
eeven,1,1,2
eeveryone,0,1,1
eevetybody,1,0,1
eevil,1,0,1
eevry,1,0,1
eevryone,1,0,1
eew,18,8,26
eeweweewewwzz,1,0,1
eewie,1,0,1
eewind,0,1,1
eeww,4,2,6
eewwmatic,1,0,1
eewwuuhhh,1,0,1
eewww,1,0,1
eewwwiieee,1,0,1
eewwww,3,0,3
eexcited,0,1,1
eeyayyyyyyyyy,0,1,1
eeyea,1,0,1
eeyer,2,1,3
eeyern,0,1,1
eeyoow,0,1,1
eeyore,5,10,15
eeyy,1,1,2
eeyyyuuuhh,1,0,1
eez,2,2,4
eezzzz,0,1,1
ef,24,22,46
efa,1,1,2
efactor,0,2,2
efal,2,0,2
efasi,0,1,1
efc,2,2,4
efca,2,0,2
efcn,0,4,4
efe,2,0,2
efects,0,1,1
efek,0,2,2
efeknya,1,0,1
efence,1,0,1
efergy,1,0,1
efex,0,1,1
eff,299,78,377
effa,0,1,1
effable,0,1,1
effac,0,1,1
efface,0,1,1
effacing,0,1,1
effamigraine,1,0,1
effat,0,1,1
effbee,0,1,1
effbomb,1,0,1
effd,1,0,1
effe,0,3,3
effecient,0,1,1
effect,219,276,495
effectcloudstorms,1,0,1
effected,10,7,17
effectiando,0,1,1
effectiness,1,0,1
effecting,9,1,10
effectiv,1,0,1
effective,42,82,124
effectively,21,17,38
effectivement,3,2,5
effectiveness,5,5,10
effectivness,1,0,1
effects,169,115,284
effed,56,10,66
effedup,1,0,1
effekt,0,1,1
effeminate,1,1,2
effen,9,1,10
effendi,1,0,1
effer,2,5,7
effers,4,2,6
effervescent,2,2,4
effes,1,0,1
effet,0,1,1
effexor,1,0,1
efff,9,4,13
efffed,0,1,1
effff,3,0,3
effffed,1,0,1
efffff,1,1,2
effffff,2,1,3
efffffff,1,0,1
effffffff,1,0,1
efffffffffff,1,0,1
effffffffffffff,1,0,1
effffffort,1,0,1
effffing,2,0,2
efffing,2,0,2
effhin,1,0,1
efficacy,1,1,2
efficascent,1,0,1
efficency,1,0,1
efficiencies,2,0,2
efficiency,9,13,22
efficient,26,49,75
efficientcy,1,0,1
efficiently,6,6,12
effie,3,4,7
effiel,1,0,1
effiency,0,1,1
effigies,0,1,1
effigy,1,1,2
effiin,0,1,1
effin,224,104,328
effing,266,143,409
effingg,3,0,3
effinggggg,1,0,1
effingham,1,0,1
effining,1,0,1
effinn,0,2,2
effiun,1,0,1
effload,0,1,1
effmmuhlife,1,0,1
effn,5,0,5
effnng,1,0,1
effor,1,0,1
efford,2,0,2
effors,1,0,1
effort,187,208,395
effortless,3,4,7
effortlessly,3,4,7
efforts,57,57,114
effortt,0,1,1
effron,2,1,3
effs,1,1,2
effthem,1,0,1
effulgent,0,2,2
effusions,0,1,1
effy,1,5,6
effyeffy,0,1,1
efharisto,0,1,1
efi,1,2,3
efic,1,0,1
eficionados,1,0,1
efil,1,0,1
efim,0,1,1
efin,5,0,5
efinetly,1,0,1
efivefoure,1,0,1
efkel,0,1,1
efl,1,0,1
eflite,1,0,1
efnik,1,0,1
efo,2,0,2
efolks,0,1,1
efor,1,0,1
eforn,0,1,1
efp,0,1,1
efpj,0,1,1
efrain,0,1,1
efrem,0,1,1
efren,0,2,2
efreym,0,1,1
efrom,1,0,1
efron,27,93,120
efronnn,0,1,1
efrons,2,1,3
eft,2,11,13
eftasa,1,0,1
efteling,1,6,7
efterskole,0,1,1
eftpos,2,1,3
efukt,0,1,1
efusion,0,1,1
efusjon,0,4,4
efusjons,0,1,1
efva,0,1,1
efvn,0,1,1
efy,3,3,6
eg,25,30,55
ega,0,1,1
egad,4,4,8
egads,11,3,14
egah,1,0,1
egal,1,1,2
egan,0,3,3
egas,0,1,1
egbert,1,0,1
egc,1,0,1
egd,1,0,1
egen,0,3,3
eger,2,0,2
egerton,0,1,1
egexpo,0,1,1
egg,261,330,591
eggbeaters,1,0,1
eggbox,0,2,2
eggcited,0,1,1
eggcrate,0,1,1
egged,9,1,10
egger,1,0,1
eggery,0,1,1
eggettes,0,1,1
eggewhites,1,0,1
eggface,1,1,2
eggg,1,0,1
egggggggggggggggg,0,1,1
egggs,1,0,1
egggss,0,1,1
eggheads,0,1,1
eggie,1,0,1
eggies,4,4,8
egging,4,1,5
eggining,0,1,1
eggjaculation,0,1,1
eggjams,2,0,2
eggles,1,0,1
eggless,1,0,1
eggmcmuffin,0,1,1
eggnog,2,4,6
eggnogg,0,1,1
eggo,4,2,6
eggonomics,0,1,1
eggos,4,3,7
eggplant,8,18,26
eggplants,1,1,2
eggroll,3,3,6
eggrolls,2,8,10
eggs,338,409,747
eggshell,1,1,2
eggshells,1,2,3
eggss,0,1,1
eggstake,1,0,1
eggtarts,1,0,1
eggwhites,2,0,2
eggy,1,11,12
eggywegs,0,1,1
eggz,1,3,4
egh,10,1,11
egham,2,1,3
eghh,1,1,2
eghhh,1,0,1
eghhhhh,1,0,1
eghhhhhh,0,1,1
eghhhhhhh,1,0,1
eghq,0,1,1
eght,2,0,2
egi,0,1,1
egill,0,1,1
egjodgdfnio,1,0,1
egl,1,0,1
eglencem,1,0,1
eglesas,0,1,1
eglinton,1,1,2
eglish,1,0,1
egm,2,11,13
egment,1,0,1
egnoring,1,0,1
ego,67,157,224
egoapp,0,1,1
egocentric,0,1,1
egofilled,0,1,1
egoism,1,0,1
egoists,0,1,1
egoland,2,0,2
egoless,0,1,1
egomaniacs,0,1,1
egominaical,0,1,1
egon,0,4,4
egoooo,0,2,2
egos,5,8,13
egoscue,0,1,1
egosurfer,0,1,1
egotastic,0,1,1
egotistic,0,1,1
egotistical,0,5,5
egotistically,0,1,1
egotrip,0,1,1
egov,2,0,2
egoy,1,0,1
egoyan,1,0,1
egozim,0,1,1
egp,0,1,1
egpyt,0,1,1
egrees,0,1,1
egreetlol,0,1,1
egregious,1,2,3
egress,0,1,1
egret,1,0,1
egrets,0,1,1
egrr,1,0,1
egs,2,1,3
egss,1,2,3
egt,1,1,2
egw,3,1,4
egwine,0,1,1
egy,0,1,1
egyot,0,1,1
egypt,91,89,180
egypte,0,1,1
egyptian,15,27,42
egyptians,2,1,3
egyptrixx,0,1,1
egyptt,0,1,1
egyptttt,1,0,1
egzams,0,1,1
egzayted,0,1,1
eh,776,1107,1883
eha,1,1,2
ehabil,0,3,3
ehad,1,1,2
ehard,1,0,1
eharl,0,1,1
eharmony,3,1,4
ehb,1,1,2
ehba,0,1,1
ehd,1,3,4
ehday,1,1,2
ehe,7,0,7
ehee,0,1,1
eheh,2,10,12
ehehe,3,24,27
eheheehe,0,1,1
eheheehee,0,1,1
eheheh,0,9,9
ehehehe,3,4,7
ehehehehe,1,0,1
ehehehehehe,1,1,2
ehehehhe,0,1,1
ehehh,0,1,1
ehehhe,0,1,1
ehehhee,0,1,1
eheim,0,1,1
ehem,6,8,14
ehema,0,1,1
ehen,0,1,1
eher,0,1,1
ehf,1,0,1
ehgland,1,0,1
ehh,132,75,207
ehhe,0,2,2
ehheh,0,1,1
ehhehe,0,2,2
ehhehehe,0,2,2
ehhggg,1,0,1
ehhh,84,41,125
ehhhh,21,9,30
ehhhhh,6,3,9
ehhhhhh,2,1,3
ehhhhhhh,2,0,2
ehhhhhhhh,0,1,1
ehhhhhhhhhhhhh,1,0,1
ehhhnywayy,0,1,1
ehhhyyy,0,1,1
ehhm,0,2,2
ehhmm,1,0,1
ehiausehuiasehauisehiaus,0,1,1
ehibit,0,1,1
ehiiiiiiii,0,1,1
ehir,0,1,1
ehist,1,0,1
ehiuehueh,0,1,1
ehk,1,0,1
ehkayy,0,1,1
ehkk,0,1,1
ehl,0,1,1
ehllo,1,0,1
ehm,14,18,32
ehmagawd,1,0,1
ehmagod,1,0,1
ehmagwad,1,0,1
ehmigawd,1,0,1
ehmm,3,1,4
ehmmm,2,0,2
ehmmmmm,1,0,1
ehmygod,0,1,1
ehn,1,0,1
ehnjohyable,0,2,2
ehnun,0,1,1
eho,2,2,4
ehon,0,1,1
ehouse,0,1,1
ehow,3,1,4
ehp,2,0,2
ehps,1,0,1
ehr,1,2,3
ehre,2,0,2
ehren,0,1,1
ehrin,0,1,1
ehrm,0,2,2
ehrrrhh,1,0,1
ehrrrrrrr,1,0,1
ehs,2,0,2
ehsaan,1,0,1
ehsan,1,0,1
ehsani,0,1,1
eht,0,1,1
ehtan,0,1,1
ehuaheuahauehahe,0,1,1
ehub,0,1,1
ehug,0,1,1
ehugs,1,4,5
ehy,3,3,6
ehyy,0,1,1
ehyyyy,0,1,1
ei,13,20,33
eia,0,1,1
eibhlin,0,1,1
eible,0,1,1
eic,0,3,3
eicca,0,1,1
eice,0,1,1
eichmaaans,0,1,1
eick,2,0,2
eickhoff,0,1,1
eid,0,1,1
eifel,1,1,2
eifels,1,0,1
eiff,2,0,2
eiffel,6,15,21
eiffiel,0,1,1
eiffle,0,1,1
eigentlich,1,0,1
eight,157,113,270
eighteeeeeen,1,0,1
eighteeeeen,0,1,1
eighteen,7,4,11
eighteenth,0,2,2
eighter,2,1,3
eightfive,0,1,1
eighth,14,6,20
eighties,7,6,13
eightish,0,1,1
eights,3,1,4
eightteen,0,1,1
eightttt,1,0,1
eighty,4,9,13
eightyace,0,1,1
eightywest,0,1,1
eigrp,1,1,2
eigth,2,0,2
eihire,1,0,1
eii,0,3,3
eiiii,0,1,1
eiiiiiight,1,0,1
eiither,1,0,1
eijit,1,0,1
eikaiwa,1,0,1
eiko,0,1,1
eilak,0,1,1
eilat,0,2,2
eile,0,1,1
eilean,0,2,2
eilecia,0,1,1
eileeeeen,0,1,1
eileen,7,10,17
eileeninaysimon,0,1,1
eileens,0,1,1
eilidh,2,3,5
eilish,2,3,5
eill,2,0,2
eilleen,1,0,1
eimal,0,1,1
eimear,1,0,1
eimern,0,1,1
eimhbs,0,1,1
eimile,0,1,1
ein,8,28,36
eina,4,3,7
einai,3,1,4
einar,0,2,2
einat,0,1,1
einaudi,1,3,4
eincepe,0,1,1
eindexamen,1,0,1
eindhoven,0,5,5
eine,0,17,17
einea,1,0,1
einem,0,1,1
einen,2,4,6
einfach,3,8,11
eing,1,0,1
eingeplant,0,1,1
eingerostet,0,1,1
einie,0,1,1
eink,1,0,1
einkaufen,0,1,1
eins,0,3,3
einsatz,0,1,1
einst,0,1,1
einstein,3,37,40
einsteins,1,5,6
einstien,0,1,1
eintr,0,1,1
eintstein,0,1,1
eip,2,0,2
eipc,1,0,1
eipe,1,0,1
eipic,1,0,1
eiposode,1,0,1
eir,1,0,1
eirbearrr,1,0,1
eircom,4,0,4
eire,0,3,3
eireann,1,0,1
eirns,0,1,1
eirtaku,1,0,1
eirtext,2,0,2
eis,2,3,5
eisbach,0,1,1
eisblume,0,2,2
eisbrecher,0,1,1
eiscafe,1,0,1
eisen,0,1,1
eisenhower,1,0,1
eisenstein,0,1,1
eisert,0,2,2
eish,18,5,23
eishhhhhhh,0,1,1
eiskanal,0,1,1
eisley,2,3,5
eisnaugle,1,0,1
eisner,2,2,4
eisneraward,1,0,1
eisom,1,0,1
eisteddfod,2,2,4
eisteddfodd,0,1,1
eisteddford,1,0,1
eisu,0,1,1
eisuke,0,1,1
eisw,1,0,1
eit,2,0,2
eitehr,4,0,4
eitelman,0,1,1
eiter,1,0,1
eith,4,2,6
eitha,5,1,6
eithah,1,0,1
eithe,1,2,3
eitheer,1,0,1
either,3535,1831,5366
eitherbecause,1,0,1
eithergrr,1,0,1
eitherorfilms,0,1,1
eitherr,3,2,5
eitherrr,6,2,8
eitherrrr,2,1,3
eitherrrrrr,1,0,1
eithers,1,0,1
eitherway,0,2,2
eitherways,1,0,1
eithr,2,1,3
eitp,0,1,1
eiu,1,0,1
eiuehiheua,1,0,1
eive,1,0,1
eiw,2,1,3
eix,0,1,1
eixa,2,0,2
eiy,0,1,1
ej,17,15,32
ejaculate,1,3,4
ejaculating,1,1,2
ejaculation,1,0,1
ejaculator,0,1,1
ejami,7,4,11
ejamming,0,1,1
ejay,0,1,1
ejb,0,1,1
ejd,1,0,1
eject,6,3,9
ejected,5,4,9
ejecter,1,0,1
ejecting,1,1,2
ejector,0,1,1
ejeets,1,0,1
ejeheheh,0,1,1
ejekt,1,1,2
ejemmm,0,1,1
ejen,0,1,1
ejercito,1,0,1
ejja,0,1,1
ejm,0,2,2
ejnou,1,0,1
ejo,0,1,1
ejournal,2,0,2
ejournals,1,0,1
ejoy,1,2,3
ejoyed,1,0,1
ejoying,1,3,4
ejszakat,0,1,1
eju,0,1,1
ek,15,29,44
eka,0,3,3
ekaa,1,0,1
ekak,0,1,1
ekakah,0,1,1
ekam,0,1,1
ekantipur,1,0,1
ekata,0,1,1
ekaterinburg,0,1,1
ekath,1,0,1
ekby,1,0,1
ekdum,0,1,1
eke,1,0,1
ekel,0,1,1
ekelonz,1,0,1
eker,0,2,2
ekg,4,3,7
ekh,3,0,3
ekhane,1,1,2
ekhono,1,0,1
ekhorn,0,1,1
eki,1,1,2
ekidz,0,1,1
ekin,0,1,1
ekitan,1,0,1
ekiyorum,0,1,1
ekk,2,10,12
ekka,1,1,2
ekkadina,1,0,1
ekke,1,0,1
ekkk,6,4,10
ekkkk,2,0,2
ekkkkk,2,2,4
ekkkkkk,0,1,1
ekkkkkkkh,1,0,1
ekkkkkkkkk,1,0,1
ekkkkkkkkkk,1,0,1
ekkoh,0,1,1
ekland,0,1,1
eklingenberger,0,1,1
eklutna,0,1,1
ekm,2,0,2
ekman,0,2,2
eko,3,0,3
ekonomi,0,1,1
ekoon,0,1,1
ekornz,1,0,1
ekota,1,0,1
ekruh,1,0,1
eks,0,2,2
eksams,1,1,2
eksi,0,2,2
eksiden,1,0,1
eksis,0,1,1
eksper,1,0,1
ekspertiza,0,1,1
ekstrabladet,0,1,1
ekta,2,1,3
ekte,0,2,2
ektos,1,0,1
ektron,0,1,1
ektuo,1,0,1
ekurjhbfekrsjhsdbfhejsrbfdjherbsf,1,0,1
ekvapit,0,1,1
ekwara,0,1,1
el,316,369,685
ela,7,17,24
elabdullah,0,1,1
elaboarate,0,1,1
elaborate,13,21,34
elaborated,1,2,3
elaboration,0,1,1
elabourate,1,0,1
elac,3,2,5
elacc,1,0,1
elachi,0,1,1
eladio,1,0,1
elai,0,1,1
elaichi,0,1,1
elain,0,1,1
elaina,0,1,1
elaine,16,36,52
elaiughed,0,1,1
elal,1,0,1
elam,1,0,1
elamaran,1,0,1
elan,3,5,8
elana,3,2,5
elance,0,4,4
eland,0,1,1
elandsgracht,0,1,1
elane,1,0,1
elaney,1,0,1
elanor,1,1,2
elantra,1,1,2
elapsed,0,1,1
elas,1,0,1
elast,1,0,1
elastic,13,6,19
elasticised,1,0,1
elasticity,0,2,2
elastics,2,0,2
elastin,0,1,1
elated,5,13,18
elathrad,0,1,1
elation,1,1,2
elaura,0,1,1
elavarkum,0,1,1
elave,1,0,1
elavrov,0,1,1
elaxin,0,1,1
elay,0,1,1
elayne,0,1,1
elazteca,0,1,1
elb,1,2,3
elba,2,1,3
elbeet,1,0,1
elbert,1,0,1
elbi,0,1,1
elbizri,0,1,1
elblows,0,1,1
elbo,1,0,1
elbow,166,41,207
elbowed,5,7,12
elbowing,3,0,3
elbows,23,10,33
elboww,1,0,1
elbowwiheowahrikaewhfsb,1,0,1
elbstrand,0,1,1
elc,0,1,1
elcections,1,0,1
elcerdo,0,1,1
elchico,0,1,1
elchin,0,1,1
elco,1,0,1
elcoooooo,1,0,1
elcrapo,1,0,1
elctriciti,1,0,1
elcy,0,1,1
eld,1,0,1
elda,0,1,1
eldar,0,1,1
eldarion,1,0,1
eldawry,1,0,1
elder,16,12,28
elderberry,2,0,2
elderflower,2,6,8
elderflowers,0,1,1
elderly,41,20,61
elderlyplace,1,0,1
elders,2,8,10
elderton,1,0,1
eldest,26,30,56
eldesy,0,1,1
eldhose,0,1,1
eldin,0,1,1
eldo,1,0,1
eldon,0,2,2
eldons,0,1,1
eldora,0,2,2
eldorado,1,3,4
eldoret,1,1,2
eldp,1,0,1
eldredge,0,1,1
eldridge,3,0,3
ele,17,17,34
elea,0,1,1
eleanooooor,0,1,1
eleanor,10,11,21
eleanore,1,0,1
eleanors,1,0,1
elearning,4,6,10
elearnings,1,0,1
eleazar,1,1,2
elec,9,3,12
elecite,0,1,1
eleclit,2,1,3
elect,2,4,6
elected,18,16,34
electic,2,0,2
electically,1,0,1
electicity,2,1,3
electicute,1,0,1
election,121,93,214
elections,82,60,142
electionss,1,0,1
electionstudio,0,1,1
electircians,1,0,1
elective,11,4,15
electives,6,4,10
electns,1,0,1
electo,0,2,2
electonics,0,1,1
elector,0,1,1
electoral,2,4,6
electorate,2,4,6
electors,0,1,1
electr,0,1,1
electra,2,4,6
electrabel,1,0,1
electrcty,1,0,1
electric,147,150,297
electrica,0,1,1
electrical,48,21,69
electrically,1,0,1
electricals,1,1,2
electrican,0,1,1
electricbath,1,0,1
electricdaisy,1,0,1
electrice,0,1,1
electrician,8,8,16
electricians,2,0,2
electricitate,0,1,1
electricity,163,49,212
electrick,0,1,1
electrics,9,1,10
electrictoes,0,1,1
electricty,2,3,5
electricuted,3,0,3
electrified,0,2,2
electrifying,1,2,3
electrifyingly,0,1,1
electriiccc,1,0,1
electrik,6,25,31
electrikred,0,2,2
electrikredtv,0,1,1
electriks,1,0,1
electrique,0,1,1
electrition,1,1,2
electro,11,61,72
electrocardiogram,1,0,1
electrochemistry,1,1,2
electrocute,1,1,2
electrocuted,8,2,10
electrocuting,0,1,1
electrocution,2,0,2
electrodes,1,2,3
electrodynamics,0,1,1
electroencephalography,0,1,1
electrofix,0,1,1
electrohouse,1,0,1
electroic,1,0,1
electroluminescent,0,1,1
electrolysis,1,0,1
electrolyte,1,1,2
electrolytes,2,2,4
electrolytic,1,0,1
electromagnetic,0,3,3
electromagneticrice,0,2,2
electromagnetics,0,1,1
electromagnetism,3,0,3
electromagnets,0,1,1
electroman,0,1,1
electron,3,1,4
electronic,47,61,108
electronica,4,12,16
electronically,4,1,5
electroniccity,1,1,2
electronics,43,25,68
electronicscribblings,0,1,1
electropop,1,1,2
electroshock,0,1,1
electrosmokthundercat,0,1,1
electrostatic,0,1,1
electrostimulation,0,1,1
elects,2,1,3
electwo,0,1,1
eledricity,0,1,1
eleectricimage,0,1,1
eleesha,0,3,3
elefante,0,1,1
eleg,1,1,2
elegace,0,1,1
elegance,3,6,9
elegant,2,24,26
elegante,1,0,1
elegantly,2,2,4
elegantthemes,0,2,2
elegies,0,1,1
eleive,1,0,1
elektra,1,1,2
elektric,0,1,1
elektricity,0,1,1
elektrik,0,1,1
elektriks,0,1,1
elektrofans,0,1,1
elektrolisis,1,0,1
elektronik,0,2,2
elektrooooo,1,0,1
elem,5,8,13
elemantary,1,0,1
elemen,0,1,1
element,43,48,91
elemental,0,2,2
elementary,57,59,116
elementaryschool,1,0,1
elementaty,1,0,1
elementey,1,0,1
elementry,5,1,6
elements,26,31,57
elementsc,1,0,1
elementz,1,0,1
eleminated,1,0,1
eleminis,0,1,1
elemis,1,2,3
elemntary,2,0,2
elemntry,1,0,1
elen,0,2,2
elena,24,16,40
elenas,3,0,3
eleni,1,1,2
elenita,0,1,1
elenor,1,0,1
elenore,1,0,1
elentra,0,1,1
elenty,1,0,1
eleonora,0,1,1
eleonoraelitoday,0,1,1
elephant,63,80,143
elephante,0,1,1
elephanteee,1,0,1
elephantine,1,0,1
elephantitis,0,1,1
elephantmemory,0,1,1
elephants,29,31,60
elephantsfrommars,0,1,1
elephat,1,0,1
elephatshit,1,0,1
elergic,1,0,1
eleri,0,1,1
elert,0,1,1
eles,11,6,17
elese,2,2,4
eleses,1,0,1
eleshtrak,1,0,1
elestoque,1,0,1
elete,1,0,1
eletric,1,1,2
eletro,0,1,1
eletronic,0,1,1
eleuteriuses,0,1,1
eleuthera,0,1,1
elev,1,1,2
elevan,1,0,1
elevat,1,0,1
elevate,7,9,16
elevated,13,8,21
elevates,0,2,2
elevating,3,1,4
elevation,8,9,17
elevations,1,1,2
elevato,1,0,1
elevator,55,37,92
elevators,10,10,20
eleve,0,1,1
eleven,65,47,112
eleveners,1,0,1
elevenesestime,0,1,1
elevenses,1,7,8
elevensestime,11,29,40
eleventh,3,3,6
eleventy,1,0,1
eleventyseven,1,2,3
elew,1,0,1
elexis,1,0,1
eleyn,1,0,1
elez,1,0,1
elezra,1,0,1
elf,20,32,52
elfa,2,1,3
elfainal,1,0,1
elfboy,1,0,1
elfen,1,3,4
elfiekawaii,0,1,1
elfili,0,1,1
elfin,1,1,2
elfman,1,1,2
elfonso,1,0,1
elford,1,0,1
elft,1,0,1
elgamal,1,0,1
elgan,1,0,1
elgar,1,0,1
elgato,1,0,1
elgible,1,0,1
elgin,3,4,7
elgoog,0,1,1
elgs,0,1,1
elgusporet,0,1,1
elhae,2,0,2
elhincha,1,0,1
elhmdolelah,0,1,1
elhs,0,1,1
eli,63,33,96
elia,2,2,4
eliana,1,4,5
elias,2,7,9
eliazarputera,0,1,1
eliberatica,0,1,1
eliches,0,1,1
elicit,0,1,1
elicits,1,0,1
elicopterul,0,1,1
elie,3,10,13
elieen,1,0,1
eliet,1,0,1
elieve,1,0,1
elif,0,1,1
eligable,5,0,5
eligant,0,1,1
eligeble,1,0,1
eligh,4,0,4
eligibility,3,2,5
eligible,72,11,83
elihu,1,0,1
elii,0,1,1
eliie,0,1,1
eliizabeth,0,1,1
elijah,23,16,39
elijahmanor,0,1,1
elijahs,1,1,2
elijiah,0,1,1
elijo,1,0,1
elim,1,1,2
elimin,0,1,1
eliminat,2,0,2
eliminate,13,10,23
eliminated,69,14,83
eliminates,5,4,9
eliminating,4,4,8
elimination,20,5,25
eliminations,4,0,4
elin,1,3,4
elina,2,0,2
elinas,0,1,1
elinchrom,3,0,3
eline,0,2,2
eling,1,0,1
elinks,1,0,1
elinor,0,1,1
elio,0,1,1
eliot,3,6,9
eliots,0,1,1
eliott,0,1,1
elipse,2,0,2
eliptacle,0,1,1
eliptical,3,6,9
elis,0,1,1
elisa,7,22,29
elisaaa,0,1,1
elisabeth,1,9,10
elisas,0,1,1
elise,17,24,41
eliselisa,1,0,1
elises,0,3,3
elish,0,1,1
elisha,5,6,11
elisodes,0,1,1
eliss,0,1,1
elissa,0,7,7
elisse,0,1,1
elit,1,0,1
elita,1,0,1
elitch,1,1,2
elitches,1,0,1
elite,31,41,72
elitecamp,0,1,1
elites,1,3,4
elitest,1,0,1
elitestv,3,1,4
eliteweb,0,2,2
elitism,1,0,1
elitist,5,1,6
elitists,1,0,1
elive,1,2,3
elivier,1,0,1
eliving,0,1,1
elixir,2,3,5
eliz,1,4,5
eliza,13,20,33
elizaaaaaaaaaa,0,1,1
elizabeth,50,94,144
elizabethh,0,1,1
elizabethhh,0,1,1
elizabeths,0,1,1
elizabethsss,0,1,1
elizabethtown,2,3,5
elizar,0,1,1
eljay,1,0,1
elk,10,15,25
elka,0,2,2
elkahf,0,1,1
elkas,1,0,1
elkasz,1,0,1
elke,2,1,3
elkeles,1,0,1
elkhorn,0,2,2
elkie,0,1,1
elkin,0,1,1
elkorn,0,1,1
elkton,0,1,1
ell,17,13,30
ella,47,60,107
ellaaa,0,1,1
ellaarumokke,0,1,1
ellabella,0,2,2
ellaboo,1,0,1
ellaborate,1,0,1
ellae,0,1,1
ellah,1,0,1
ellaine,1,0,1
elland,0,1,1
ellani,1,1,2
ellapaige,0,1,1
ellas,0,1,1
ellatha,0,1,1
ellay,0,3,3
ellazar,0,1,1
ellbow,1,0,1
elle,35,52,87
elleanor,0,1,1
elleb,0,1,1
ellebelle,1,0,1
ellecakes,1,0,1
elledell,1,0,1
ellee,1,0,1
elleen,1,0,1
ellees,1,0,1
ellen,147,250,397
ellenaminerals,1,0,1
ellenburg,1,0,1
ellenpage,0,1,1
ellens,4,4,8
ellensburg,3,0,3
ellenshow,0,1,1
ellenton,0,1,1
eller,0,4,4
ellerie,1,0,1
ellery,0,1,1
elles,0,2,2
elletsville,0,1,1
elli,3,6,9
ellia,0,1,1
elliana,1,0,1
elliason,0,1,1
ellicea,0,1,1
ellicee,0,1,1
ellie,56,82,138
elliebadge,0,2,2
elliee,0,2,2
ellieedge,0,1,1
ellieee,0,1,1
ellieeee,0,1,1
ellies,2,14,16
elliewoo,0,1,1
elligible,2,0,2
ellington,5,5,10
ellinor,1,0,1
ellio,0,1,1
elliot,41,64,105
elliotjonesvlog,1,0,1
elliots,1,2,3
elliott,27,20,47
elliotts,1,0,1
ellipital,0,1,1
ellipitical,0,1,1
ellipse,4,1,5
ellipses,1,1,2
ellipsis,0,1,1
ellipsometry,1,0,1
elliptical,18,15,33
ellipticals,0,1,1
ellis,27,29,56
ellisdabomb,0,1,1
ellish,2,0,2
ellislab,1,0,1
ellismate,1,0,1
ellison,3,0,3
elllecakes,0,1,1
elllenn,0,1,1
elllie,0,2,2
elllleee,1,0,1
elllllllllllllllllll,0,1,1
elllllls,0,1,1
elllo,0,1,1
elllooo,0,1,1
ello,14,53,67
ellohveee,0,1,1
ellon,1,0,1
elloo,0,1,1
ellora,0,2,2
ellos,0,2,2
ellow,0,2,2
ellowes,1,0,1
ellowww,0,1,1
ells,2,3,5
ellsberry,1,0,1
ellsbur,0,1,1
ellsbury,3,3,6
ellsworth,1,0,1
ellu,0,1,1
ellul,0,1,1
ellum,1,1,2
elluminate,3,0,3
ellwoods,1,0,1
elly,11,6,17
ellyfants,0,1,1
ellyn,1,3,4
ellys,1,0,1
ellyse,1,0,1
ellysee,1,0,1
ellyza,1,0,1
ellz,1,0,1
elm,8,8,16
elma,3,0,3
elmabo,0,1,1
elmah,0,1,1
elmaleh,0,1,1
elman,0,1,1
elmar,0,3,3
elmarad,1,0,1
elmas,1,0,1
elmato,0,1,1
elmegade,1,0,1
elmer,4,4,8
elmhurst,0,4,4
elmi,0,1,1
elmination,0,1,1
elmine,0,1,1
elmington,0,1,1
elmo,24,42,66
elmoland,0,1,1
elmomagalona,0,1,1
elmont,1,0,1
elmoo,0,2,2
elmora,1,0,1
elmore,0,2,2
elmos,0,2,2
elms,2,1,3
elmsford,0,1,1
elmsly,0,1,1
elmud,0,1,1
elmwood,4,2,6
elnas,0,1,1
elnino,1,0,1
elnoom,0,1,1
elnoor,0,1,1
elo,2,5,7
eloborate,0,1,1
elobrate,0,1,1
elocal,1,0,1
elocin,0,1,1
elocution,0,1,1
elodie,1,2,3
elodiieee,0,1,1
elohelohel,0,1,1
elohim,0,2,2
elohssa,1,0,1
eloise,5,8,13
eloises,0,2,2
eloisethepug,0,1,1
eloize,0,1,1
elon,4,6,10
elong,1,0,1
elongated,0,2,2
elongates,0,1,1
elongation,1,0,1
elonu,3,0,3
elope,1,6,7
eloped,4,1,5
elopement,1,2,3
eloping,0,1,1
eloquence,1,7,8
eloquent,3,7,10
eloquently,1,6,7
eloquinze,0,1,1
elora,12,5,17
eloras,0,1,1
elorie,1,0,1
elory,0,1,1
elos,0,3,3
elote,0,1,1
elotes,1,0,1
elouise,0,1,1
elow,0,4,4
elp,4,0,4
elpamas,1,0,1
elphaba,5,5,10
elphant,1,0,1
elphie,2,1,3
elphs,0,1,1
elping,0,1,1
elpppp,1,0,1
elr,1,0,1
elreyog,1,0,1
elric,0,1,1
elrond,0,1,1
elroy,2,0,2
els,12,15,27
elsa,0,1,1
elsah,0,1,1
elsavita,1,0,1
elsbe,1,0,1
elsbells,0,1,1
else,2991,2381,5372
elseas,0,1,1
elsee,0,2,2
elseeee,2,1,3
elseeeeeeeee,1,0,1
elsen,0,1,1
elses,53,33,86
elsevier,0,1,1
elsewere,1,0,1
elsewhere,79,57,136
elsewise,0,1,1
elsh,1,0,1
elshab,0,1,1
elshaddai,1,0,1
elsi,1,0,1
elsie,2,4,6
elsing,0,1,1
elsinore,0,2,2
elsje,0,1,1
elske,1,0,1
elsker,0,2,2
elsom,1,0,1
elspell,0,1,1
elspethmurray,1,0,1
elsroor,0,1,1
elss,0,1,1
elssse,1,0,1
elston,0,2,2
elstree,1,2,3
elswhere,1,0,1
elswick,0,1,1
elt,2,0,2
eltek,0,1,1
elti,0,3,3
eltion,0,1,1
elto,1,0,1
elton,10,39,49
eltons,0,1,1
elucidate,0,1,1
elucidated,0,1,1
elucidating,0,2,2
elucidation,1,0,1
elude,5,4,9
eluded,4,4,8
eludes,7,2,9
eluding,4,0,4
elum,1,0,1
eluna,1,0,1
elus,0,1,1
elusive,12,12,24
eluu,1,0,1
eluveitie,1,0,1
elva,1,4,5
elvaan,0,1,1
elvahsiao,1,0,1
elvana,0,1,1
elvarg,1,0,1
elven,0,2,2
elves,11,15,26
elvia,0,1,1
elvie,0,1,1
elviis,0,1,1
elviiz,0,1,1
elvin,0,1,1
elvins,0,1,1
elvio,1,0,1
elvira,1,4,5
elvirah,0,1,1
elvis,42,99,141
elvises,0,1,1
elvish,0,1,1
elviss,0,1,1
elvy,1,0,1
elw,0,1,1
elway,1,3,4
elweeen,0,1,1
elweezel,1,0,1
elwell,0,1,1
elwes,1,1,2
elwin,0,1,1
elwis,1,0,1
elwood,1,1,2
ely,7,5,12
elyani,0,1,1
elyn,0,1,1
elyptical,0,1,1
elys,1,2,3
elyse,1,8,9
elysee,1,0,1
elysees,0,1,1
elysha,1,1,2
elyshia,0,1,1
elysia,0,2,2
elysian,2,1,3
elysium,1,3,4
elyssa,0,1,1
elysse,1,1,2
elyza,1,1,2
elz,0,1,1
elzbon,0,1,1
elzheimers,1,0,1
elzhi,1,0,1
elztv,0,1,1
em,1170,1754,2924
ema,20,11,31
emaaaaaails,0,1,1
emabarrassed,2,0,2
emabarrassing,1,0,1
emac,3,2,5
emachine,1,0,1
emaciated,6,0,6
emacs,5,10,15
emaculate,0,1,1
emadgine,1,0,1
emag,3,0,3
emagod,1,0,1
emagrecer,0,1,1
emahbean,1,0,1
emahhhhhh,0,1,1
emai,3,4,7
emaiing,1,0,1
emaik,1,0,1
email,1612,2060,3672
emailadresses,2,0,2
emailbox,0,1,1
emaild,0,1,1
emailed,134,179,313
emailedd,1,0,1
emailer,0,1,1
emailers,1,0,1
emailin,2,1,3
emailing,45,47,92
emailis,0,1,1
emaill,1,1,2
emailland,0,1,1
emailll,1,0,1
emaillll,1,0,1
emailnya,1,0,1
emails,469,405,874
emailscam,0,1,1
emailu,0,1,1
emailunlimited,0,100,100
emailz,0,1,1
emak,1,1,2
emal,1,0,1
emalees,1,0,1
emaline,0,1,1
emalon,5,0,5
eman,1,2,3
emanate,0,1,1
emanates,0,1,1
emanating,2,1,3
emancipate,0,2,2
emancipated,2,0,2
emancipation,0,3,3
emancipator,0,1,1
emang,16,17,33
emangnya,0,1,1
emank,0,1,1
emanuel,1,6,7
emar,1,0,1
emarcomm,1,0,1
emarketcoach,0,2,2
emarketing,1,3,4
emarly,0,1,1
emarosa,3,8,11
emart,0,1,1
emas,1,1,2
emasculated,2,0,2
emasculation,1,0,1
emate,1,0,1
emath,1,1,2
emaths,1,0,1
emayal,0,1,1
emazin,1,0,1
emb,1,1,2
emba,0,2,2
embaa,2,0,2
embalaaa,1,0,1
embalar,1,0,1
embalm,1,0,1
embalming,1,0,1
embankment,1,2,3
embarased,2,0,2
embarasin,1,0,1
embarasing,2,1,3
embarass,4,6,10
embarassd,1,0,1
embarassed,30,16,46
embarasseeed,0,1,1
embarassement,1,1,2
embarassiiiinng,1,0,1
embarassing,54,19,73
embarassingly,2,0,2
embarassingnesss,0,1,1
embarassment,6,4,10
embarasssiiiin,1,0,1
embarasssing,0,1,1
embarcadero,1,1,2
embaress,0,1,1
embaressing,2,2,4
embaressment,1,1,2
embargo,3,1,4
embargoed,1,0,1
embargoes,1,0,1
embarised,2,0,2
embarissing,0,1,1
embark,12,15,27
embarkation,0,1,1
embarked,3,3,6
embarking,4,10,14
embarks,1,2,3
embarq,2,0,2
embarrased,12,9,21
embarrasibng,1,0,1
embarrasin,1,0,1
embarrasing,22,5,27
embarrasingly,1,2,3
embarrasment,1,4,5
embarrass,14,18,32
embarrassd,1,0,1
embarrassed,85,55,140
embarrasses,3,1,4
embarrassing,129,71,200
embarrassingly,5,3,8
embarrassment,16,13,29
embarresed,1,2,3
embarresing,4,1,5
embarressed,4,2,6
embarressing,3,0,3
embarressment,2,1,3
embarrest,2,0,2
embarrising,1,0,1
embarrisong,1,0,1
embarrissing,0,1,1
embarrsed,1,0,1
embarrsmnt,0,1,1
embarss,1,0,1
embassador,0,2,2
embassady,0,1,1
embassey,1,0,1
embassies,21,0,21
embassy,20,31,51
embat,0,1,1
embauches,0,1,1
embbarrasing,0,1,1
embed,22,19,41
embedd,0,1,1
embeddable,1,0,1
embedde,0,1,1
embeddeb,1,0,1
embedded,21,11,32
embedding,12,3,15
embeded,2,1,3
embeds,2,3,5
embellish,0,2,2
embellished,0,1,1
embellishments,0,2,2
ember,2,11,13
emberessing,1,0,1
embers,1,4,5
embert,1,0,1
embesaomai,1,0,1
emblazeoned,0,1,1
embleledemdemdem,0,1,1
emblem,1,2,3
emblems,2,1,3
emblic,0,1,1
embly,0,1,1
embodied,0,2,2
embodiment,1,0,1
embody,1,2,3
embolism,1,0,1
embossed,0,1,1
embossers,1,0,1
embouchure,1,1,2
embrace,17,78,95
embraced,1,8,9
embraceeee,1,0,1
embraces,1,3,4
embracin,0,2,2
embracing,10,27,37
embraer,1,0,1
embrass,0,1,1
embrassed,2,0,2
embrassing,4,2,6
embriodered,0,1,1
embroider,1,0,1
embroidered,2,6,8
embroideries,1,0,1
embroidering,1,0,1
embroidery,2,12,14
embroiled,0,1,1
embry,5,8,13
embrya,0,1,1
embryo,2,2,4
embryos,1,1,2
embueerrr,0,1,1
emby,3,0,3
emc,7,9,16
emcc,0,1,1
emcee,2,5,7
emceed,1,0,1
emceeing,1,0,1
emcworld,1,4,5
emd,1,0,1
emdddooo,0,1,1
emdeezee,0,1,1
emdr,0,1,1
eme,5,1,6
emea,2,0,2
emegency,1,0,1
emeinem,1,0,1
emelie,1,3,4
emelina,0,1,1
emely,3,0,3
emem,1,0,1
emember,0,2,2
ememo,0,1,1
emena,0,1,1
emence,2,0,2
emenems,0,1,1
emeniem,1,0,1
emenim,2,0,2
ementoring,0,1,1
emer,3,1,4
emera,0,1,1
emerald,16,25,41
emeralds,0,3,3
emerallddd,1,0,1
emerc,0,1,1
emerg,4,1,5
emergancy,6,0,6
emerge,9,21,30
emerged,5,10,15
emergen,4,5,9
emergenc,1,0,1
emergence,3,5,8
emergencies,5,9,14
emergency,277,60,337
emergent,1,3,4
emergents,1,1,2
emergeny,1,0,1
emerges,1,1,2
emergiencies,1,0,1
emerging,7,14,21
emergy,1,0,1
emerica,0,1,1
emeril,0,1,1
emerils,0,1,1
emerse,1,0,1
emerson,10,16,26
emertion,0,1,1
emery,9,21,30
emeryville,4,3,7
emes,1,0,1
emesene,1,1,2
emetaphobia,2,0,2
emetic,0,1,1
emetophobic,2,0,2
emetrics,4,1,5
emex,0,1,1
emf,3,1,4
emfs,0,2,2
emg,8,3,11
emgee,0,1,1
emgland,0,1,1
emh,1,0,1
emha,0,1,1
emham,0,1,1
emhen,1,0,1
emi,10,20,30
emialing,0,1,1
emies,0,1,1
emigrants,0,1,1
emigrate,3,5,8
emigrated,1,4,5
emigratin,0,1,1
emigrating,1,2,3
emii,1,2,3
emiiiil,0,1,1
emil,1,6,7
emile,4,2,6
emilee,2,2,4
emileee,0,1,1
emilees,0,1,1
emileevitrano,1,1,2
emileh,0,1,1
emiley,0,1,1
emilia,2,5,7
emiliah,1,0,1
emiliana,0,1,1
emiliano,2,1,3
emilie,12,9,21
emilieee,0,1,1
emilies,0,2,2
emiliiee,1,0,1
emilinated,1,1,2
emilio,1,8,9
emilion,0,1,1
emill,0,1,1
emilliana,0,1,1
emilliano,0,1,1
emilllyyy,0,1,1
emilly,3,0,3
emillyy,0,1,1
emiloo,1,0,1
emils,1,0,1
emilu,0,2,2
emily,200,315,515
emilydrew,0,1,1
emilygro,0,1,1
emilyhas,1,0,1
emilylagrange,0,1,1
emilyliz,0,1,1
emilyn,1,0,1
emilyosment,0,1,1
emilypowers,0,1,1
emilyrachel,1,0,1
emilys,14,10,24
emilyx,0,1,1
emilyxo,0,1,1
emilyy,0,5,5
emilyylime,1,0,1
emilyyy,1,1,2
emilyyyy,1,2,3
emilyyyyy,0,1,1
emilyyyyyyyy,0,1,1
emimem,0,1,1
emimen,1,3,4
emin,0,1,1
emina,0,1,1
eminating,2,0,2
emine,0,1,1
eminem,141,253,394
eminemmouthfulofboratassftw,0,2,2
eminems,7,5,12
eminen,5,5,10
eminence,0,1,1
eminent,3,1,4
eminently,2,1,3
emir,1,2,3
emira,0,1,1
emirate,1,1,2
emirates,14,21,35
emiratesmac,1,0,1
emirati,1,1,2
emirgan,1,0,1
emirrrr,0,1,1
emisiune,1,0,1
emissaries,0,2,2
emissary,0,1,1
emission,1,0,1
emissions,4,2,6
emit,1,0,1
emited,1,0,1
emitir,0,1,1
emits,3,1,4
emitt,1,0,1
emitted,0,1,1
emitting,2,2,4
emiwee,1,0,1
emiwy,1,0,1
emixs,0,1,1
emiys,0,1,1
emizzle,0,1,1
emj,1,1,2
emjae,0,1,1
emjay,2,2,4
emjoy,0,2,2
eml,1,0,1
emliy,0,1,1
emm,13,17,30
emma,178,233,411
emmaa,0,3,3
emmaax,1,0,1
emmabean,0,1,1
emmadearest,0,1,1
emmagination,0,1,1
emmah,0,1,1
emmajane,1,0,1
emmal,0,1,1
emmalee,1,0,1
emmalicious,1,0,1
emmalilly,0,1,1
emmaline,1,2,3
emmalou,0,1,1
emmanakayama,1,0,1
emmanuel,2,0,2
emmanuelgadenne,1,0,1
emmanuelle,0,1,1
emmarichard,1,0,1
emmas,12,11,23
emmaus,1,1,2
emme,0,2,2
emmeh,0,1,1
emmerdale,1,5,6
emmerich,1,0,1
emmerline,0,1,1
emmers,0,2,2
emmerz,0,1,1
emmet,1,4,5
emmett,11,26,37
emmi,1,3,4
emmie,2,1,3
emmiiillly,1,0,1
emmille,1,0,1
emminem,1,1,2
emminent,1,0,1
emmited,1,0,1
emmitt,1,0,1
emmiz,0,1,1
emmm,6,8,14
emmma,0,1,1
emmmannn,0,1,1
emmmh,1,0,1
emmmm,4,3,7
emmmma,1,0,1
emmmmm,2,0,2
emmmmmmm,0,1,1
emmmmmssss,0,1,1
emmoooo,1,0,1
emmph,0,1,1
emmy,29,38,67
emmylou,0,4,4
emmys,3,5,8
emmythecat,0,1,1
emmzzzzzzzzzzzzz,1,0,1
emo,248,152,400
emobeans,1,0,1
emoci,0,1,1
emociioneeei,0,1,1
emocionada,0,1,1
emocionado,0,1,1
emocionante,0,1,1
emocionarme,0,1,1
emocionei,0,2,2
emocioon,0,1,1
emoctions,0,1,1
emoda,0,1,1
emoearth,0,1,1
emofest,1,0,1
emogame,2,0,2
emoh,0,1,1
emoish,0,1,1
emoized,1,0,1
emoji,10,5,15
emojis,1,2,3
emolicious,0,1,1
emoline,0,1,1
emollients,1,0,1
emom,1,1,2
emomo,1,1,2
emomonday,0,1,1
emonade,1,0,1
emoness,3,2,5
emong,1,1,2
emonieves,1,0,1
emoo,2,1,3
emooo,2,1,3
emoooo,0,1,1
emooooootional,1,0,1
emooooootions,1,0,1
emoooootion,0,1,1
emoootioooon,0,1,1
emoosen,1,0,1
emopenguin,1,0,1
emoposts,1,0,1
emorethan,1,0,1
emorning,1,0,1
emorpheus,0,1,1
emory,2,6,8
emos,6,1,7
emoshunal,1,0,1
emosi,1,0,1
emosmiley,0,1,1
emote,4,2,6
emotera,0,1,1
emotes,0,4,4
emoteve,0,1,1
emothion,0,2,2
emoti,0,1,1
emotibomb,1,0,1
emoticion,1,0,1
emoticon,13,15,28
emoticone,0,1,1
emoticonhugs,0,1,1
emoticons,24,19,43
emotigon,1,0,1
emotiguy,0,1,1
emotiinaall,0,1,1
emotinal,0,1,1
emotinally,1,0,1
emoting,1,2,3
emotioion,1,0,1
emotion,45,47,92
emotiona,1,0,1
emotionaaal,0,1,1
emotional,311,122,433
emotionall,1,0,1
emotionalll,0,1,1
emotionalllll,1,0,1
emotionalllllll,1,0,1
emotionally,82,20,102
emotionaly,5,0,5
emotionless,5,1,6
emotionnal,0,1,1
emotionnite,1,0,1
emotions,114,70,184
emotionz,1,0,1
emotiv,1,0,1
emotive,1,0,1
emoto,0,2,2
emotocons,0,1,1
emots,1,0,1
emp,2,6,8
empa,1,0,1
empache,1,0,1
empanada,2,4,6
empanadas,4,6,10
empanado,0,1,1
empandas,0,1,1
emparessed,1,0,1
empas,1,0,1
empassioning,0,1,1
empat,0,1,1
empathetic,1,1,2
empathetically,1,0,1
empathic,0,1,1
empathinitude,0,1,1
empathise,5,3,8
empathising,1,0,1
empathize,11,6,17
empathy,14,12,26
empatizezi,1,0,1
empee,1,1,2
empenada,1,0,1
emperix,0,1,1
emperor,6,9,15
empeso,1,0,1
empezando,0,5,5
empezar,0,2,2
empfangs,0,1,1
empfehlung,0,1,1
empfohlen,0,1,1
emph,1,0,1
emphasema,1,0,1
emphases,1,0,1
emphasis,7,16,23
emphasise,1,0,1
emphasises,0,1,1
emphasising,1,0,1
emphasize,2,3,5
emphasizing,0,2,2
emphatic,0,1,1
emphatically,0,2,2
emphysema,2,0,2
empiece,0,1,1
empieza,0,1,1
emping,1,0,1
empire,55,90,145
empireeeeeeeeee,1,0,1
empireofsun,1,0,1
empires,8,2,10
empirical,2,1,3
empitness,1,0,1
empitome,0,2,2
empl,1,0,1
employ,15,5,20
employable,1,1,2
employe,1,0,1
employed,28,46,74
employee,76,68,144
employees,65,46,111
employement,1,0,1
employer,31,24,55
employers,7,7,14
employes,1,0,1
employing,1,1,2
employment,51,24,75
employs,2,4,6
employyyed,1,0,1
emplyed,0,1,1
empo,0,1,1
empoleon,0,1,1
empolgou,1,0,1
empollando,1,0,1
emporer,0,1,1
emporers,0,1,1
emporia,0,1,1
emporio,1,0,1
emporium,5,8,13
empower,4,6,10
empowered,0,9,9
empowering,0,7,7
empowerment,0,7,7
empowers,0,1,1
empress,9,16,25
empressccp,0,1,1
empresta,1,0,1
emprical,0,1,1
empsfpopconf,0,1,1
empt,1,2,3
empted,4,0,4
emptied,11,9,20
emptier,5,1,6
empties,4,2,6
emptiest,0,1,1
emptiness,13,6,19
emptive,3,2,5
emptively,0,1,1
empty,951,244,1195
emptycoffeecup,1,0,1
emptyconfused,1,0,1
emptyhanded,0,1,1
emptying,13,3,16
emptyness,1,3,4
emptynestsyndrome,0,1,1
emptyy,0,1,1
empy,3,1,4
empyrean,0,1,1
empytness,1,0,1
emr,0,3,3
emrald,0,1,1
emran,1,0,1
emre,0,1,1
emrooz,4,0,4
emrran,1,0,1
emry,0,1,1
ems,13,16,29
emski,0,1,1
emsland,0,1,1
emsley,1,0,1
emspacelisa,0,1,1
emsworth,1,0,1
emsy,0,1,1
emt,5,5,10
emta,0,1,1
emticon,0,1,1
emtional,2,0,2
emtpy,1,0,1
emts,0,2,2
emty,1,1,2
emu,1,6,7
emulate,3,6,9
emulated,2,1,3
emulater,0,1,1
emulating,1,3,4
emulation,3,1,4
emulator,16,11,27
emulators,1,2,3
emule,0,1,1
emulex,3,0,3
emulgel,0,1,1
emulsion,3,1,4
emulsioning,1,0,1
emus,1,1,2
emusic,16,5,21
emuv,1,0,1
emv,2,0,2
emw,2,0,2
emxyzptlk,0,1,1
emy,5,2,7
emyli,0,1,1
emz,3,5,8
emzy,0,3,3
en,223,340,563
ena,3,6,9
enaaaaakkkk,0,1,1
enaaaak,1,0,1
enaakk,0,1,1
enable,26,18,44
enabled,38,19,57
enablement,0,2,2
enabler,1,5,6
enablerhood,0,1,1
enablers,0,3,3
enables,7,8,15
enabling,12,7,19
enact,1,2,3
enacting,1,3,4
enactment,1,0,1
enactments,0,1,1
enagagement,0,1,1
enagdget,0,1,1
enahancements,0,1,1
enak,7,14,21
enakk,0,1,1
enakku,1,0,1
enakkum,1,0,1
enaknya,1,3,4
enaknyaaa,0,1,1
enaknyaaaa,1,0,1
enam,1,2,3
enamel,3,0,3
enameled,1,0,1
enameling,0,2,2
enamored,4,3,7
enamoredsoul,0,1,1
enamour,0,1,1
enamoured,0,3,3
enan,0,1,1
enarly,1,1,2
enas,1,0,1
enb,0,1,1
enbom,0,1,1
enbrel,2,0,2
enbsrrassigc,1,0,1
enc,1,1,2
encampment,1,1,2
encanta,1,8,9
encantada,0,1,1
encantado,0,1,1
encantaria,1,0,1
encantariaaa,0,1,1
encanted,1,0,1
encanto,2,2,4
encapsulate,0,1,1
encapsulated,0,2,2
encapsulation,1,0,1
encara,0,2,2
encarnei,1,0,1
encarta,0,1,1
encase,1,0,1
encased,1,1,2
encash,0,1,1
encashment,0,1,1
encasing,1,0,1
encaustics,0,1,1
encencio,0,1,1
enchaladas,0,1,1
enchance,1,0,1
enchant,1,3,4
enchante,0,1,1
enchanted,11,32,43
enchantedheart,0,1,1
enchanter,1,0,1
enchanting,1,4,5
enchantment,1,1,2
enchantments,0,1,1
enchantress,0,1,1
enchants,1,0,1
enchantzment,0,1,1
enchated,0,1,1
enchendo,1,0,1
enchilada,3,4,7
enchiladas,11,31,42
enchilado,1,0,1
enchildas,0,1,1
enchillada,0,1,1
enchong,0,4,4
enchuhlayduh,0,1,1
enciack,0,1,1
encinitas,0,3,3
encino,0,3,3
encircled,0,1,1
encl,1,0,1
enclave,1,0,1
enclaves,0,1,1
enclose,0,1,1
enclosed,5,4,9
enclosing,1,0,1
enclosure,10,7,17
enclosures,1,0,1
encnitas,0,1,1
encode,3,4,7
encoded,3,4,7
encoder,0,1,1
encodes,0,1,1
encodeuri,1,0,1
encoding,14,5,19
encodings,1,0,1
encok,1,0,1
encompass,0,2,2
encompasses,1,0,1
encompassing,1,2,3
encontr,1,1,2
encontram,1,0,1
encontrar,1,0,1
encontre,1,2,3
encontro,1,0,1
encoraging,0,2,2
encore,23,25,48
encored,1,1,2
encores,3,0,3
encounted,0,1,1
encounter,36,35,71
encountered,16,8,24
encounterfest,1,0,1
encountering,4,5,9
encounters,7,20,27
encounting,0,2,2
encourage,26,53,79
encouraged,12,37,49
encouragement,28,119,147
encouragements,0,1,1
encourager,1,0,1
encourages,5,8,13
encouraging,25,82,107
encouragment,4,4,8
encourgement,0,1,1
encredibly,0,1,1
encroaching,1,1,2
encrust,0,1,1
encrusted,3,1,4
encrypt,2,1,3
encrypted,4,2,6
encrypting,1,0,1
encryption,3,2,5
encrypts,0,1,1
encuentro,3,0,3
encumbered,1,0,1
encyclopedia,3,5,8
encyclopedic,0,1,1
encyption,0,1,1
end,4623,3012,7635
enda,1,3,4
endaf,1,0,1
endah,0,1,1
endanger,1,0,1
endangered,10,3,13
endangering,2,2,4
endangers,1,0,1
endast,0,1,1
endcap,1,0,1
endcliffe,1,0,1
endd,1,0,1
enddd,2,1,3
endddd,4,1,5
enddddd,0,2,2
enddddddd,0,1,1
ende,1,4,5
endeared,0,1,1
endearing,6,16,22
endearment,2,4,6
endeavor,8,12,20
endeavored,1,0,1
endeavors,6,8,14
endeavour,20,6,26
endeavours,2,3,5
endeavous,0,1,1
endeca,0,1,1
ended,1097,545,1642
endedd,1,0,1
endeed,0,1,1
endell,1,0,1
endemic,1,1,2
endemol,2,0,2
endend,1,0,1
ender,5,12,17
endere,0,1,1
enders,11,6,17
enderun,0,1,1
endes,1,0,1
endet,1,0,1
endeth,1,0,1
endeverafter,0,1,1
endeverance,0,1,1
endevers,0,1,1
endevors,1,0,1
endevour,1,0,1
endfest,0,2,2
endgame,2,3,5
endi,0,1,1
endian,1,0,1
endicia,1,0,1
endicott,0,1,1
endin,5,1,6
ending,711,360,1071
endingg,0,1,1
endinggg,2,0,2
endings,21,27,48
endinq,0,1,1
endland,1,0,1
endless,80,92,172
endlessly,15,13,28
endlich,0,6,6
endn,1,1,2
endnote,2,0,2
endo,8,10,18
endocrine,0,1,1
endocrinology,0,1,1
endodontist,1,0,1
endodontologist,0,1,1
endof,0,1,1
endofmarch,1,0,1
endofmayband,0,1,1
endofterm,1,0,1
endometriosis,5,4,9
endomorphs,0,1,1
endone,0,1,1
endoora,0,1,1
endor,2,0,2
endorcement,0,1,1
endoresments,1,0,1
endorfinas,0,1,1
endorhpins,0,1,1
endoring,1,0,1
endorphin,2,0,2
endorphine,1,0,1
endorphines,0,2,2
endorphins,6,16,22
endorse,0,5,5
endorsed,1,8,9
endorsement,1,31,32
endorsements,1,22,23
endorser,0,1,1
endorses,0,1,1
endorsing,2,6,8
endorz,0,1,1
endoscope,1,1,2
endoscopic,0,1,1
endoscopy,8,0,8
endosopy,1,0,1
endowed,2,2,4
endowedness,0,1,1
endowment,1,1,2
endpaper,0,1,1
endplug,0,1,1
endpoint,0,1,1
endresult,0,1,1
ends,450,329,779
endsems,3,0,3
endsession,1,1,2
endsleigh,0,1,1
endspurt,1,0,1
endssss,1,0,1
endssssss,1,0,1
endsympathyparty,1,0,1
endtern,0,2,2
endtimes,0,2,2
enduced,1,0,1
enducing,1,1,2
endulgance,0,1,1
endulging,0,1,1
endup,1,1,2
endupx,0,1,1
endurance,9,12,21
endure,31,20,51
endured,12,3,15
endures,0,2,2
enduring,8,7,15
enduro,1,1,2
endurolytes,0,1,1
enduserevent,0,1,1
endushunger,1,2,3
enduth,1,0,1
enduuureeeee,1,0,1
endwell,0,1,1
endy,4,0,4
endz,4,1,5
endzone,1,0,1
endzzz,1,0,1
eneded,1,0,1
enegizer,0,1,1
enegry,1,1,2
enek,1,0,1
enem,1,0,1
enema,1,4,5
enemas,1,0,1
enemey,0,1,1
enemia,1,0,1
enemies,26,40,66
enemiy,0,1,1
enemy,65,81,146
enemyy,0,2,2
eneny,0,1,1
eneough,0,1,1
enep,0,2,2
enercity,0,1,1
energ,0,1,1
energencia,0,1,1
energetic,18,39,57
energetics,0,1,1
energex,1,0,1
energic,0,2,2
energie,0,2,2
energies,3,8,11
energise,0,1,1
energised,2,6,8
energize,2,7,9
energized,6,32,38
energizer,3,7,10
energizes,0,3,3
energizing,1,6,7
energon,0,1,1
energy,603,630,1233
energyless,0,1,1
energys,0,1,1
energyyyyyy,0,1,1
enertaining,0,1,1
enerving,0,1,1
enervon,0,1,1
enery,1,2,3
enerything,1,0,1
enetertain,1,0,1
enetertainment,0,1,1
enevitable,1,0,1
enew,0,1,1
enews,2,3,5
enewsnow,1,0,1
enewsonline,1,0,1
eney,2,0,2
enf,1,0,1
enfades,1,0,1
enfant,1,0,1
enfedma,1,0,1
enferma,1,0,1
enfermiiita,1,0,1
enfermita,1,0,1
enfernooooo,0,1,1
enfest,0,1,1
enfiar,0,1,1
enfield,3,7,10
enfim,0,1,1
enfin,2,4,6
enfj,0,1,1
enflame,0,1,1
enflamme,1,0,1
enfof,1,0,1
enforce,3,6,9
enforced,6,7,13
enforcement,7,6,13
enforcer,1,1,2
enforcers,0,3,3
enforces,1,0,1
enforcing,2,2,4
enfp,1,0,1
enfrentar,0,1,1
enfu,0,1,1
enfusing,1,0,1
eng,51,52,103
enga,1,3,4
engadget,8,9,17
engagament,0,1,1
engage,24,35,59
engaged,48,90,138
engageddddddd,0,1,1
engagedddddddddd,1,0,1
engagedgirlie,0,1,1
engagement,58,113,171
engagements,4,5,9
engages,1,2,3
engaging,12,26,38
engagingly,0,1,1
engagment,1,3,4
engand,0,1,1
engangement,1,0,1
engar,1,0,1
engase,1,0,1
engdems,0,1,1
engelbaum,0,1,1
engels,1,0,1
engen,0,2,2
engender,1,0,1
engergy,1,0,1
engerland,1,0,1
engery,1,0,1
engext,1,0,1
engg,5,5,10
engga,3,3,6
enggak,0,2,2
enggaknya,1,0,1
enghad,0,1,1
enghelob,1,0,1
engi,0,1,1
engiish,1,0,1
engilsh,4,0,4
engin,0,1,1
engine,154,137,291
enginee,0,1,1
engineer,35,38,73
engineered,1,2,3
engineering,36,45,81
engineeringdrawing,0,1,1
engineerings,1,0,1
engineers,17,17,34
enginerd,1,0,1
engines,18,31,49
enginner,1,0,1
engish,1,3,4
engjoy,1,0,1
engkish,0,1,1
engko,1,0,1
engl,2,2,4
englaaaaand,1,0,1
englaaaand,1,0,1
englad,1,1,2
englan,1,1,2
england,630,552,1182
englandd,3,0,3
englanders,0,2,2
englands,6,2,8
englandshire,1,1,2
englandstore,0,1,1
englang,2,0,2
englcom,1,0,1
engle,0,1,1
englewood,1,1,2
englez,0,1,1
engleza,0,1,1
engli,0,1,1
englich,0,1,1
englih,1,1,2
englihs,1,0,1
englinish,1,0,1
englis,0,3,3
englisch,5,4,9
englischer,1,0,1
english,1837,1489,3326
englishawesomenessness,0,1,1
englishchicswag,0,1,1
englishes,1,0,1
englishfinl,1,0,1
englishg,0,1,1
englishh,5,2,7
englishhh,0,1,1
englishhhh,0,2,2
englishhhhh,1,0,1
englishify,0,1,1
englishj,0,1,1
englishman,4,5,9
englishmans,1,0,1
englishmen,2,1,3
englishness,1,0,1
englishnya,0,1,1
englishsenseicafe,1,0,1
englishtest,0,1,1
englishtext,1,0,1
englit,1,0,1
englith,0,1,1
englsh,1,1,2
englsih,2,0,2
englund,2,0,2
englush,1,1,2
engne,1,0,1
engo,0,1,1
engouh,1,0,1
engr,0,1,1
engrave,0,1,1
engraved,6,1,7
engraving,2,1,3
engring,1,0,1
engrish,3,9,12
engrosed,0,1,1
engrossed,8,5,13
engrossing,1,2,3
engseng,0,1,1
engstler,0,1,1
engulf,0,1,1
engulfed,4,2,6
engulfing,1,0,1
engvall,0,1,1
engwish,0,1,1
enhale,1,1,2
enhance,3,7,10
enhanced,11,15,26
enhancedx,0,1,1
enhancement,7,2,9
enhancements,1,2,3
enhancers,0,1,1
enhances,0,5,5
enhancing,2,2,4
enhoy,0,2,2
enhoyed,0,1,1
enhoying,1,0,1
eni,2,3,5
enid,3,3,6
enienim,0,1,1
enigeering,1,0,1
enigk,0,2,2
enigma,4,19,23
enigmatic,0,4,4
enigmatically,0,1,1
enigmo,0,1,1
enimen,1,1,2
enimies,1,1,2
enimore,1,0,1
ening,2,1,3
enior,0,1,1
enit,2,0,2
enitely,0,1,1
enitre,3,1,4
enitttt,1,0,1
eniwei,0,1,1
enix,4,2,6
enj,0,2,2
enjiy,0,1,1
enjjjoy,0,1,1
enjo,1,0,1
enjoad,1,0,1
enjoed,0,1,1
enjoi,3,4,7
enjoid,0,1,1
enjoied,1,1,2
enjoing,5,8,13
enjoiyin,0,1,1
enjoolyed,0,1,1
enjoooooooooooy,1,0,1
enjooooy,1,0,1
enjoooy,0,2,2
enjooy,1,1,2
enjot,0,1,1
enjow,0,1,1
enjoy,1642,5876,7518
enjoyable,64,164,228
enjoyableee,0,1,1
enjoyd,1,3,4
enjoyed,422,1485,1907
enjoyimg,0,1,1
enjoyin,42,95,137
enjoying,976,2973,3949
enjoyinglake,0,1,1
enjoyingness,0,1,1
enjoyingte,0,1,1
enjoyingthe,0,2,2
enjoyinq,0,1,1
enjoyment,21,31,52
enjoyments,1,0,1
enjoyn,3,3,6
enjoyng,1,2,3
enjoys,21,65,86
enjoysimplethings,0,1,1
enjoyt,1,0,1
enjoythe,0,1,1
enjoythefall,1,0,1
enjoyxx,0,1,1
enjoyy,1,4,5
enjoyying,0,1,1
enjoyyitverymuch,1,0,1
enjoyyy,0,1,1
enjoyyying,0,1,1
enjoyyyy,2,3,5
enjoyyyyy,0,1,1
enjoyyyyyyyy,0,1,1
enjpying,0,1,1
enjyng,0,1,1
enk,3,1,4
enkei,1,0,1
enkeli,1,0,1
enki,1,0,1
enkkuukaa,0,1,1
enlace,3,0,3
enland,0,1,1
enlarge,6,1,7
enlarged,2,1,3
enlargement,4,1,5
enlarger,1,0,1
enlargest,1,0,1
enlazado,0,1,1
enless,1,0,1
enlgand,1,0,1
enlgish,2,1,3
enlgland,0,1,1
enlgnad,1,0,1
enlighten,7,19,26
enlightened,4,19,23
enlighteners,1,0,1
enlightening,4,25,29
enlightenment,1,13,14
enlightens,0,3,3
enlighting,1,1,2
enlightning,0,2,2
enligsh,0,1,1
enligtening,0,1,1
enligting,0,1,1
enlish,1,1,2
enlisment,1,0,1
enlist,6,4,10
enlisted,7,6,13
enlisting,1,4,5
enlistment,8,9,17
enlistments,1,0,1
enliven,2,0,2
enlivened,0,1,1
enllisted,0,1,1
enlongee,0,1,1
enloukercer,1,0,1
enmd,1,0,1
enmore,0,1,1
enn,1,1,2
enna,2,1,3
ennatha,2,0,2
enneagram,1,2,3
ennemy,1,0,1
ennes,1,0,1
enngh,1,0,1
ennh,1,0,1
enni,1,1,2
ennio,0,2,2
ennis,3,0,3
enniskillen,1,0,1
ennit,1,2,3
ennjoyed,0,1,1
ennjoying,1,0,1
ennnd,1,0,1
ennnddd,0,1,1
ennndddd,1,0,1
ennoum,0,1,1
ennu,1,2,3
ennui,0,2,2
ennum,0,1,1
ennuyeux,1,0,1
enny,1,0,1
eno,8,5,13
enoch,1,0,1
enochlophobia,1,0,1
enof,0,1,1
enogh,1,1,2
enoght,1,0,1
enoiugh,1,0,1
enoj,1,0,1
enojado,1,0,1
enoje,1,0,1
enojes,1,0,1
enojo,1,0,1
enojoying,0,1,1
enojying,0,1,1
enominous,1,0,1
enooooough,0,1,1
enorm,1,0,1
enorme,0,1,1
enormes,1,0,1
enormous,27,23,50
enormously,1,6,7
enormouswings,0,1,1
enorol,1,0,1
enos,0,1,1
enoshima,1,0,1
enote,1,0,1
enoteca,1,0,1
enou,1,0,1
enoug,1,2,3
enough,3926,2889,6815
enoughh,2,0,2
enoughhours,1,0,1
enoughi,0,1,1
enoughm,0,1,1
enoughs,0,1,1
enoughski,0,1,1
enought,27,13,40
enougj,1,0,1
enouh,1,0,1
enouugh,1,0,1
enovate,0,1,1
enow,1,0,1
enoxx,0,1,1
enoy,0,2,2
enoyed,0,2,2
enoying,1,1,2
enp,1,0,1
enqlish,1,0,1
enquanto,0,1,1
enqueue,1,0,1
enquire,3,4,7
enquired,2,0,2
enquiries,3,11,14
enquiring,1,2,3
enquiry,3,8,11
enrage,1,0,1
enraged,4,0,4
enraging,1,0,1
enraptured,1,1,2
enrgized,1,0,1
enrgy,2,0,2
enrica,0,1,1
enrich,3,4,7
enriched,1,1,2
enriching,0,6,6
enrichment,4,3,7
enrico,2,0,2
enright,1,0,1
enrique,17,13,30
enrlmnt,0,1,1
enrol,1,2,3
enroll,16,12,28
enrolled,8,18,26
enrolling,4,7,11
enrollment,17,35,52
enrollments,0,1,1
enrolls,0,1,1
enrolment,1,2,3
enron,0,1,1
enroute,9,12,21
enrtertain,1,0,1
ens,0,3,3
ensad,0,1,1
ensambel,1,0,1
ensamble,0,1,1
ensaymada,0,1,1
ensayo,0,1,1
enschede,3,2,5
ensconced,1,1,2
ensconsed,1,0,1
ense,0,2,2
ensemble,8,12,20
ensenada,1,1,2
enshaa,0,1,1
enshala,0,1,1
enshalaa,0,1,1
enshalah,1,0,1
enshallah,0,2,2
ensickened,1,0,1
ensidia,1,0,1
ensign,0,1,1
ensinar,0,2,2
ensk,1,0,1
enslave,0,1,1
enslaved,4,1,5
enslavement,2,0,2
enslaves,0,1,1
enslaving,1,0,1
ensmeetup,1,0,1
enson,0,1,1
enstek,0,1,1
ensue,3,13,16
ensued,4,6,10
ensues,8,5,13
ensuing,3,4,7
ensuite,3,1,4
ensure,12,27,39
ensured,0,5,5
ensures,1,6,7
ensuring,2,3,5
ent,34,25,59
enta,1,0,1
entah,4,1,5
entail,3,7,10
entailed,2,1,3
entails,4,3,7
entaining,1,0,1
ental,0,1,1
entanet,1,0,1
entangled,2,1,3
entanglement,1,0,1
entao,1,2,3
entar,0,1,1
entation,1,0,1
entattion,1,0,1
ente,1,2,3
entearth,0,1,1
entediando,0,1,1
entemdi,0,1,1
entender,1,0,1
entenderan,1,0,1
entendeu,1,0,1
entendi,4,3,7
entendiste,0,1,1
entendo,2,0,2
entendre,0,6,6
entendres,1,4,5
entenmann,1,0,1
enter,284,243,527
enterage,0,1,1
enterain,0,1,1
enteraining,0,2,2
enterainment,0,1,1
enterat,0,1,1
enterbay,0,1,1
enterd,1,2,3
entered,88,93,181
entergy,1,0,1
enterian,1,0,1
entering,57,82,139
enternal,1,0,1
enternally,1,0,1
enternet,0,1,1
enternships,0,1,1
enterpreneur,0,2,2
enterprice,0,1,1
enterprise,36,33,69
enterpriseplus,1,0,1
enterprises,2,0,2
enterprising,2,2,4
enterprize,0,1,1
enterrain,1,0,1
enterrealms,0,1,1
enters,4,10,14
entershakrai,0,1,1
entert,0,1,1
entertai,0,1,1
entertaimmen,0,1,1
entertain,126,143,269
entertained,49,119,168
entertainedd,1,0,1
entertainer,9,7,16
entertainers,1,1,2
entertaing,0,2,2
entertainig,0,1,1
entertainin,2,1,3
entertaining,104,340,444
entertainingly,0,1,1
entertainmen,1,0,1
entertainment,111,210,321
entertainmentcareers,1,0,1
entertainmnt,1,0,1
entertains,0,11,11
entertainting,0,1,1
entertanined,0,1,1
enterteinment,1,0,1
entertian,0,2,2
entertweetment,0,2,2
entetainment,0,1,1
enthasimea,1,0,1
enthousiast,0,1,1
enthousiastic,0,1,1
enthralled,1,2,3
enthralling,2,0,2
enthu,6,4,10
enthuased,0,1,1
enthuisiasm,1,0,1
enthuly,1,0,1
enthuse,0,1,1
enthused,3,3,6
enthusiam,0,3,3
enthusiasim,1,0,1
enthusiasjm,1,0,1
enthusiasm,31,49,80
enthusiast,3,9,12
enthusiastic,14,43,57
enthusiastical,0,1,1
enthusiastically,3,5,8
enthusiasts,2,5,7
enthusing,1,0,1
enti,0,1,1
entice,5,5,10
enticed,1,1,2
enticing,3,7,10
enticingly,1,0,1
entiende,0,1,1
entiendes,0,1,1
entiendess,0,1,1
entiendo,7,1,8
entiendoo,1,0,1
entiiiiiire,0,1,1
entiiiiire,1,0,1
entional,1,0,1
entire,679,455,1134
entired,1,0,1
entiree,1,0,1
entireeee,0,1,1
entireeeeee,1,0,1
entirely,120,114,234
entirety,2,13,15
entirity,1,0,1
entities,4,3,7
entitle,0,1,1
entitled,24,33,57
entitlement,3,2,5
entitles,1,3,4
entity,6,8,14
entj,0,1,1
ently,1,0,1
ento,2,0,2
entocort,0,1,1
entomological,1,0,1
enton,0,1,1
entonces,1,3,4
entorn,0,1,1
entourage,36,38,74
entp,0,1,1
entr,2,0,2
entra,2,4,6
entrades,0,1,1
entrain,1,0,1
entran,0,1,1
entrance,36,49,85
entranced,1,2,3
entrancing,0,1,1
entrando,1,1,2
entrant,1,0,1
entrants,2,3,5
entrar,4,3,7
entras,0,1,1
entre,0,4,4
entreat,0,1,1
entrecard,0,1,1
entrecot,0,1,1
entred,2,0,2
entree,5,4,9
entrees,1,1,2
entrei,0,1,1
entrence,0,1,1
entrench,1,0,1
entrenched,1,4,5
entrep,1,1,2
entrepeneur,0,1,1
entrepenuer,0,1,1
entreprener,0,1,1
entrepreneur,3,28,31
entrepreneurial,1,8,9
entrepreneurpls,0,1,1
entrepreneurs,6,27,33
entrepreneurship,2,7,9
entreprenuer,0,1,1
entrered,0,1,1
entretainment,0,1,1
entrevista,1,0,1
entrie,0,1,1
entries,64,69,133
entro,0,1,1
entroncamento,0,1,1
entropy,0,1,1
entrou,1,0,1
entrounced,1,0,1
entrust,1,0,1
entrusted,0,1,1
entry,169,208,377
entrys,1,1,2
entryy,0,1,1
ents,0,3,3
entupido,1,0,1
enturly,1,0,1
entusiastic,0,1,1
entv,0,2,2
entwine,1,0,1
entwined,0,1,1
entwistle,1,1,2
entwusiasts,0,1,1
enty,1,1,2
enuf,64,57,121
enufced,1,0,1
enufd,0,1,1
enuff,67,54,121
enufff,2,1,3
enugh,2,1,3
enuh,0,2,2
enums,0,1,1
enunciates,0,1,1
enunciation,0,2,2
env,21,14,35
envato,1,0,1
enveja,1,0,1
envelop,2,1,3
envelope,18,25,43
enveloped,1,0,1
envelopes,15,13,28
enven,1,0,1
envening,1,0,1
enventful,1,0,1
enventive,0,1,1
enver,2,1,3
enverdad,1,0,1
envertigo,1,0,1
envi,0,1,1
enviable,0,1,1
enviado,0,1,1
enviando,1,0,1
enviciate,0,1,1
envidia,3,2,5
envidiaaa,1,0,1
envie,2,4,6
envied,0,1,1
enviei,0,3,3
envies,2,0,2
enviornment,1,1,2
envious,84,70,154
enviro,5,2,7
enviroment,3,3,6
enviromental,1,3,4
environ,0,3,3
environemnt,1,0,1
environent,0,1,1
environment,47,90,137
environmental,20,20,40
environmentalism,0,1,1
environmentalist,1,2,3
environmentalists,1,1,2
environmentally,4,8,12
environmentmapfilters,0,1,1
environments,4,1,5
environs,1,0,1
environtment,1,1,2
envirooo,1,0,1
envirowhat,1,0,1
envirowise,0,1,1
envisaging,0,1,1
envision,1,5,6
envisioned,0,6,6
envisioning,2,4,6
envite,2,0,2
envo,1,0,1
envogue,1,1,2
envokes,0,1,1
envolope,0,1,1
envolopes,2,0,2
envolve,0,1,1
envolves,2,1,3
envouge,1,0,1
envout,0,1,1
envoy,0,1,1
envrioment,1,0,1
envrmnt,0,2,2
envt,0,1,1
envthon,0,1,1
envy,258,168,426
envying,2,2,4
envyyy,1,0,1
envyyyyyyy,0,1,1
enw,1,0,1
enway,0,1,1
enx,0,1,1
eny,3,7,10
enya,2,8,10
enyak,0,1,1
enyam,0,1,1
enybody,1,0,1
enyfbaby,0,1,1
enyod,0,1,1
enyoing,1,2,3
enyojing,1,0,1
enyone,0,1,1
enyorar,0,1,1
enything,2,1,3
enyways,1,0,1
enywhere,1,0,1
enza,2,0,2
enzian,0,1,1
enzo,5,7,12
enzos,0,1,1
enzymatics,1,0,1
enzyme,1,5,6
enzymes,2,0,2
enzymion,1,0,1
enzyte,2,1,3
eo,6,8,14
eoc,7,2,9
eocs,1,0,1
eod,1,3,4
eof,1,3,4
eofer,0,1,1
eofficially,0,1,1
eofy,2,0,2
eofys,1,2,3
eog,2,0,2
eoghan,9,10,19
eoghanquigg,1,0,1
eoi,1,0,1
eoin,1,3,4
eoisodes,0,1,1
eoke,1,0,1
eol,0,1,1
eolias,0,1,1
eoll,0,1,1
eom,3,2,5
eon,3,2,5
eone,1,0,1
eonline,2,1,3
eons,9,9,18
eont,1,0,1
eooo,1,0,1
eooooow,1,0,1
eor,0,1,1
eorevived,0,1,1
eorg,1,0,1
eorld,1,0,1
eos,7,20,27
eosd,0,1,1
eot,0,1,1
eotc,4,4,8
eother,1,0,1
eotl,1,0,1
eotr,1,0,1
eots,1,1,2
eotw,1,1,2
eough,0,1,1
eov,1,0,1
eow,1,2,3
eowyn,2,0,2
eoy,1,2,3
ep,294,364,658
epa,2,2,4
epal,2,0,2
epaper,0,1,1
epargne,0,1,1
epaulettes,0,1,1
epc,1,1,2
epcc,1,0,1
epcot,11,16,27
epd,1,0,1
epec,2,0,2
epecially,1,2,3
epecialy,0,1,1
epeen,0,1,1
epeisodio,1,0,1
epends,0,1,1
epenis,2,0,2
epepperming,0,1,1
eperience,1,1,2
epesode,1,0,1
epfl,0,2,2
epg,5,1,6
eph,1,3,4
ephaba,2,0,2
ephedra,2,1,3
ephedrine,1,0,1
ephemera,1,1,2
epheriell,0,1,1
ephesians,0,6,6
ephesus,1,0,1
ephie,1,0,1
ephra,1,0,1
ephraim,2,0,2
ephriam,1,0,1
ephron,0,1,1
epi,25,28,53
epic,682,755,1437
epica,0,3,3
epical,0,1,1
epically,31,12,43
epiccc,2,3,5
epicccc,1,0,1
epiccccal,1,0,1
epiccccc,0,2,2
epicccccccccc,0,1,1
epicccccccccccccc,0,1,1
epiccrotchbugle,0,1,1
epicdietfail,0,1,1
epice,1,0,1
epicenter,5,4,9
epicentre,2,2,4
epicfail,17,3,20
epicfailed,0,1,1
epichilarity,0,1,1
epiclly,1,0,1
epicly,16,5,21
epicmeat,1,0,1
epicmove,1,0,1
epicness,7,7,14
epicnesss,0,1,1
epico,0,1,1
epicpetwars,0,1,1
epics,3,1,4
epicservers,0,1,1
epicstocks,0,2,2
epicure,1,1,2
epicurean,1,2,3
epicvisionary,2,0,2
epicwin,0,1,1
epidemic,10,7,17
epidemiology,1,0,1
epidermis,1,0,1
epidisodes,1,0,1
epidode,0,1,1
epidsode,1,1,2
epidural,6,3,9
epidurals,1,0,1
epidurmis,1,0,1
epigenetics,1,0,1
epiglottis,1,0,1
epiicc,0,1,1
epiiic,0,1,1
epiiicccc,1,0,1
epiiiic,0,2,2
epik,1,8,9
epilate,1,0,1
epilating,1,1,2
epilator,0,1,1
epilectic,2,0,2
epilepsy,11,4,15
epileptic,5,2,7
epiloges,1,0,1
epilogue,2,4,6
epiosde,2,0,2
epipen,1,0,1
epiphane,0,1,1
epiphanies,3,2,5
epiphanious,0,1,1
epiphany,8,23,31
epiphinal,1,0,1
epiphone,4,2,6
epis,4,8,12
episcopal,0,1,1
episcopalian,2,0,2
episdoe,1,1,2
episerver,0,1,1
episide,0,1,1
episiode,0,1,1
episod,1,2,3
episode,1226,1113,2339
episodee,0,1,1
episodeee,2,0,2
episodeeee,0,1,1
episodes,533,373,906
episodess,1,0,1
episodic,2,1,3
episodio,0,2,2
episonde,1,0,1
episosde,0,1,1
episotomy,1,0,1
epistemology,0,1,1
epistle,2,0,2
epistles,0,1,1
epit,1,0,1
epitanime,1,0,1
epitaph,0,3,3
epitath,1,0,1
epithet,1,0,1
epitimy,0,1,1
epitome,3,6,9
epitomised,1,0,1
epitomy,2,2,4
epiv,0,1,1
epix,1,1,2
epiz,0,1,1
epk,0,1,1
epl,5,7,12
eplace,0,1,1
eplaces,0,1,1
eplease,1,0,1
eplictic,0,1,1
epmd,1,2,3
epmorgan,0,1,1
epmtied,0,1,1
epo,2,2,4
epoc,1,1,2
epoch,0,2,2
epochs,0,1,1
epocrates,0,1,1
eponge,0,1,1
eponine,1,0,1
eponymous,3,1,4
epop,0,1,1
eportfolios,0,1,1
eposide,2,0,2
eposiodes,0,1,1
eposito,1,0,1
eposode,0,1,1
epoxied,0,1,1
epoxy,6,2,8
epoy,0,1,1
epp,6,1,7
eppachi,1,0,1
eppadi,0,1,1
eppie,0,1,1
eppies,3,1,4
eppileptic,1,0,1
epping,5,2,7
eppisode,2,2,4
eppisodeds,0,1,1
eppisodes,2,0,2
eppp,0,2,2
eppps,0,1,1
epps,3,3,6
eppudu,0,1,1
eppy,9,6,15
eppys,1,0,1
epq,1,0,1
epr,1,0,1
eprettyyy,0,1,1
eprints,1,0,1
eprky,0,1,1
eprocurement,1,0,1
eprofile,0,1,1
eproperty,0,1,1
eps,104,78,182
epsecially,0,2,2
epsidode,1,0,1
epsidoe,1,0,1
epsilon,3,4,7
epsiode,1,5,6
epsiodee,0,1,1
epsiodes,3,0,3
epsn,2,1,3
epsnya,1,0,1
epsode,0,1,1
epsom,12,7,19
epson,5,5,10
epspm,2,0,2
epstein,0,1,1
ept,1,0,1
eptimome,0,1,1
eptx,0,1,1
epub,4,0,4
epw,2,2,4
epxerience,1,0,1
epydoc,0,1,1
epyo,1,0,1
epz,1,0,1
eq,11,15,26
eqa,0,1,1
eqaculate,1,0,1
eqao,11,3,14
eqaos,0,1,1
eqaul,1,0,1
eqauls,1,0,1
eqii,0,1,1
eqiivalent,0,1,1
eqip,1,0,1
eqm,0,1,1
eqns,0,1,1
eqpmnts,1,0,1
eqpmt,0,1,1
eqq,0,2,2
eqs,1,3,4
equaaalzz,1,0,1
equador,1,1,2
equadorean,1,0,1
equal,48,67,115
equaled,3,2,5
equaliant,1,0,1
equaling,1,0,1
equalise,0,1,1
equaliser,0,2,2
equalises,1,0,1
equality,13,12,25
equalization,2,0,2
equalizer,1,2,3
equalizes,1,0,1
equalled,0,2,2
equalling,0,1,1
equallogic,0,1,1
equally,46,68,114
equalopportunity,0,1,1
equals,56,55,111
equaly,0,1,1
equanimity,0,1,1
equasion,1,0,1
equate,3,2,5
equates,1,1,2
equating,0,1,1
equation,20,18,38
equations,22,11,33
equator,3,6,9
equatorial,2,2,4
eque,1,0,1
equesse,0,1,1
equestrian,2,3,5
equestrians,0,1,1
equi,0,1,1
equilibrium,5,8,13
equine,3,2,5
equines,1,0,1
equinex,1,0,1
equinix,1,0,1
equinockers,1,0,1
equinox,1,2,3
equinux,1,0,1
equip,11,5,16
equipe,0,1,1
equiped,1,0,1
equipement,1,0,1
equipment,75,50,125
equipments,1,0,1
equipmt,1,0,1
equipped,12,10,22
equiptment,0,2,2
equis,2,3,5
equisite,0,1,1
equita,0,1,1
equitation,0,2,2
equitech,0,1,1
equitment,1,0,1
equity,4,8,12
equiv,0,1,1
equivalence,1,2,3
equivalencies,1,0,1
equivalent,28,35,63
equivalents,0,2,2
equivelent,0,1,1
equivilant,3,0,3
equivlant,1,0,1
equivlent,1,0,1
equivocal,1,0,1
equivocate,0,1,1
equiz,1,0,1
equpiment,0,1,1
equpmnt,1,0,1
equr,0,1,1
equus,4,1,5
eqx,0,1,1
er,553,368,921
era,97,69,166
eraa,0,1,1
erace,1,0,1
eradicate,0,2,2
eradicated,0,1,1
eradicates,1,0,1
eradioportal,2,0,2
eragon,0,2,2
erai,0,1,1
eraj,0,1,1
eraks,1,0,1
eraly,1,0,1
eram,0,1,1
eramos,1,0,1
eran,3,6,9
erands,0,1,1
erans,0,1,1
eras,0,1,1
erase,47,33,80
erased,88,9,97
eraser,7,11,18
eraserhead,1,3,4
eraserheads,0,3,3
eraserpens,0,1,1
erasers,3,3,6
erases,3,0,3
eraseus,1,0,1
erasing,11,5,16
erasmus,6,3,9
erassed,0,1,1
erasure,1,6,7
erasures,0,1,1
erata,0,1,1
erathquake,1,0,1
eratic,0,1,1
erating,1,0,1
erau,0,2,2
erawan,0,2,2
eraz,1,0,1
erb,0,1,1
erbdy,1,0,1
erbert,0,1,1
erbody,3,1,4
erboy,1,0,1
erbs,1,0,1
erc,1,0,1
erci,1,0,1
ercol,1,0,1
ercola,0,1,1
ercoupes,1,0,1
ercp,1,0,1
erd,1,1,2
erday,1,0,1
erdbeerfest,1,0,1
erdenet,0,1,1
erdesignerng,1,0,1
erdinger,2,1,3
erdis,1,0,1
erdos,2,1,3
erdrich,1,1,2
ere,35,28,63
ereader,3,2,5
erease,0,1,1
erebody,1,0,1
erechinensesnotwitter,0,1,1
erect,0,5,5
erected,0,1,1
erectile,1,0,1
erecting,0,1,1
erection,5,7,12
erections,1,0,1
erectionz,1,0,1
erectors,1,0,1
eredar,1,0,1
eredivisie,1,0,1
erek,1,0,1
erem,1,2,3
erer,1,0,1
ererererer,1,0,1
eres,1,8,9
eretime,1,0,1
eretz,1,0,1
erewhon,1,3,4
ereybody,1,1,2
erez,1,0,1
erf,6,0,6
erfolg,0,1,1
erfurt,1,1,2
erg,27,7,34
ergg,3,1,4
erggg,1,0,1
ergggggh,1,0,1
ergggh,1,0,1
erggh,3,0,3
ergghh,1,0,1
ergh,76,14,90
erghh,10,1,11
erghhh,10,2,12
erghhhh,5,1,6
erghhhhh,1,0,1
erghhhhhhhh,2,0,2
erghs,1,0,1
ergo,10,12,22
ergoline,0,1,1
ergonomic,5,1,6
ergonomically,2,1,3
ergonomics,2,1,3
ergonomist,0,1,1
erground,1,0,1
ergs,1,0,1
ergun,0,2,2
erh,1,1,2
erhhhhhhhh,1,0,1
erhm,0,1,1
eri,1,5,6
eric,207,310,517
erica,52,57,109
ericaaa,0,1,1
ericaaaaa,0,1,1
ericajoy,1,1,2
ericaleigh,0,1,1
ericas,5,4,9
ericcc,0,1,1
ericcsson,1,0,1
ericdsnider,1,0,1
ericeira,0,1,1
erich,2,5,7
erick,9,16,25
ericka,3,4,7
erickah,0,1,1
erickas,0,1,1
erickcole,1,0,1
ericks,1,0,1
erickson,4,1,5
erickz,0,1,1
ericnelson,1,0,1
ericnotweets,1,0,1
ericow,1,0,1
erics,6,7,13
ericson,1,2,3
ericsoon,0,1,1
ericssion,0,1,1
ericsson,22,18,40
ericssons,0,1,1
eridanus,0,1,1
eridge,1,0,1
erie,19,12,31
eriel,0,1,1
eriesistible,0,1,1
erik,30,24,54
erika,26,52,78
erikaa,0,1,1
erikah,0,1,1
erikas,2,2,4
erikavw,0,1,1
erikfx,2,0,2
eriko,0,1,1
erikooooo,1,0,1
eriks,1,3,4
erin,83,120,203
erina,1,6,7
erinbear,1,0,1
erinbearin,0,1,1
erinblaskie,0,1,1
ering,0,1,1
eringhaus,1,0,1
erinkennedy,1,0,1
erinlicious,0,1,1
erinn,1,2,3
erinnn,0,1,1
erinnnnn,0,1,1
erinnxily,1,0,1
erins,4,5,9
erinsmomsday,0,1,1
erinxily,1,0,1
eris,4,2,6
erishkigal,0,1,1
eritas,0,1,1
erithang,1,0,1
eritrean,0,1,1
erivu,1,0,1
erja,0,1,1
erjie,1,0,1
erk,5,0,5
erka,1,0,1
erkal,0,1,1
erkennbar,1,0,1
erkennnen,0,1,1
erki,0,1,1
erkin,0,1,1
erkk,1,0,1
erks,1,0,1
erlack,1,0,1
erlang,5,8,13
erlangen,1,1,2
erlangfactory,1,1,2
erlangy,1,0,1
erlcome,0,1,1
erlen,0,1,1
erlichia,1,0,1
erlide,1,0,1
erlie,1,0,1
erlier,2,1,3
erliscinsky,1,0,1
erly,3,2,5
erlyer,0,1,1
erlyyy,1,0,1
erm,100,158,258
erma,1,3,4
ermany,0,1,1
ermas,1,0,1
ermelo,0,1,1
ermet,0,1,1
ermin,0,1,1
ermine,0,1,1
ermintrude,1,0,1
ermm,18,27,45
ermmm,6,4,10
ermmmm,3,3,6
ermmmmmmm,0,1,1
ermou,0,1,1
ern,2,0,2
erna,1,1,2
ernator,0,1,1
ernd,0,1,1
erness,0,1,1
ernest,4,8,12
ernestatwork,0,1,1
ernesto,2,4,6
ernestos,0,2,2
ernie,16,19,35
erniehalter,0,2,2
ernies,1,1,2
ernjoying,1,0,1
ernough,1,0,1
erns,1,0,1
ernst,0,3,3
ernsts,0,1,1
ernthonys,0,1,1
erntt,0,1,1
erny,1,0,1
ero,1,0,1
eroare,0,1,1
erock,1,0,1
erocka,1,0,1
eroded,1,0,1
eroding,1,0,1
erodingggg,1,0,1
eroei,0,1,1
erohgdf,1,0,1
erol,4,0,4
erollment,0,1,1
eromaxx,0,1,1
eron,1,0,1
eropa,1,0,1
eror,1,0,1
erors,1,0,1
eros,4,5,9
erosion,1,2,3
erosn,0,1,1
erotic,11,22,33
erotica,7,12,19
eroticala,0,1,1
eroticarepublic,0,1,1
eroticize,1,0,1
eroticred,1,0,1
erotics,1,0,1
erp,4,0,4
erpg,0,1,1
erph,1,0,1
err,126,156,282
errada,0,1,1
errads,0,1,1
errand,14,11,25
errands,267,284,551
errandsss,0,2,2
errandssss,1,0,1
errandsville,0,1,1
errani,1,0,1
errant,0,2,2
errantsnob,1,0,1
errata,0,4,4
erratic,5,2,7
erratically,1,0,1
erraybody,0,2,2
errbody,4,19,23
errbuddy,0,1,1
errday,2,1,3
errdayyy,1,0,1
erre,0,1,1
erren,0,1,1
errends,2,1,3
errg,3,0,3
errggg,1,0,1
errggh,1,0,1
errgghhh,2,0,2
errgh,2,0,2
errghh,2,1,3
errh,1,0,1
errhh,1,0,1
errhhh,1,0,1
erricson,2,0,2
erries,1,0,1
errins,1,0,1
erritate,1,0,1
errm,3,7,10
errmm,1,2,3
errmmm,0,1,1
erro,4,1,5
errol,2,0,2
errolyn,1,0,1
erroneous,2,2,4
error,565,126,691
errored,4,1,5
errores,2,0,2
errorin,1,0,1
erroring,6,0,6
errorless,0,2,2
errors,155,44,199
errorsmart,0,1,1
erros,4,1,5
errr,66,49,115
errrands,0,1,1
errrbody,3,3,6
errrg,3,0,3
errrggggg,1,0,1
errrgghhhhhh,1,0,1
errrgh,1,0,1
errrghhhh,1,1,2
errrhhh,1,0,1
errrk,2,0,2
errrm,1,3,4
errrmm,2,2,4
errrmmm,0,1,1
errronee,0,1,1
errrr,24,16,40
errrrg,3,0,3
errrrggggghh,1,0,1
errrrggghhh,1,0,1
errrrggh,1,0,1
errrrgh,1,0,1
errrrghh,1,0,1
errrrl,1,0,1
errrrr,7,5,12
errrrrbody,1,0,1
errrrrh,1,0,1
errrrrhhhh,1,0,1
errrrrinnn,0,1,1
errrrrr,7,1,8
errrrrrg,1,0,1
errrrrrgg,1,0,1
errrrrrr,4,0,4
errrrrrrg,1,0,1
errrrrrrr,2,1,3
errrrrrrrr,3,0,3
errrrrrrrrrrrrr,1,0,1
errrrrrrrrrrrrrrrrrrrrrrrm,0,1,1
errrrrrryyoonnne,0,1,1
errrruuuhhh,0,1,1
errrry,1,0,1
errrthing,0,1,1
errrtwody,0,1,1
errrugh,1,0,1
errrybody,2,1,3
errrybooody,0,1,1
errryday,0,1,1
errrynight,0,1,1
errryone,0,1,1
errrythang,1,0,1
errs,0,1,1
errthang,0,1,1
errthing,4,1,5
errthinggg,0,1,1
erruption,1,0,1
errwherr,0,1,1
erry,5,1,6
errybody,2,2,4
erryday,1,0,1
erryfin,0,1,1
errynigt,1,0,1
erryone,3,6,9
errythin,0,1,1
errytime,1,0,1
errywhere,1,2,3
errz,1,0,1
ers,53,91,144
erse,0,3,3
ersetzt,0,1,1
ersey,1,0,1
ershell,1,0,1
ersin,0,1,1
ersis,0,1,1
erskine,1,0,1
ersma,1,0,1
erst,0,1,1
erstaunliche,0,1,1
erstmal,2,2,4
ert,0,2,2
erta,1,0,1
erthang,1,0,1
erthing,1,0,1
erthquks,0,1,1
erthw,1,0,1
ertinya,0,1,1
ertwitter,1,0,1
erty,0,1,1
erudite,1,3,4
erugh,2,0,2
erughhh,1,0,1
erups,1,0,1
erupt,0,1,1
erupted,6,1,7
erupting,7,0,7
eruption,2,3,5
erupts,2,1,3
eruvgerdgggaaahhhhhhhh,1,0,1
ervoor,1,0,1
ervryday,1,0,1
ervs,1,0,1
erwan,0,1,1
erwarten,1,0,1
erwin,3,2,5
ery,2,6,8
eryan,2,0,2
erybody,1,2,3
eryday,0,1,1
erydayyy,0,1,1
eryeones,0,1,1
erykah,6,8,14
eryn,4,7,11
eryne,2,0,2
erynkoehn,1,0,1
erynn,1,2,3
eryone,3,2,5
eryones,1,0,1
erythang,1,0,1
erything,1,0,1
erythings,1,0,1
erythrocyte,1,0,1
erytime,0,1,1
erz,1,1,2
erzzzz,0,1,1
es,135,189,324
esa,5,9,14
esabel,0,2,2
esacpe,1,0,1
esagerato,0,1,1
esai,0,1,1
esalen,0,1,1
esame,0,2,2
esapce,0,1,1
esas,1,2,3
esata,2,0,2
esato,1,0,1
esau,2,0,2
esawooli,1,0,1
esay,0,1,1
esb,1,4,5
esber,0,1,1
esc,9,15,24
escada,1,2,3
escaflowne,1,0,1
escala,2,5,7
escalade,3,6,9
escalades,2,0,2
escalate,0,1,1
escalated,1,1,2
escalater,0,1,1
escalating,3,1,4
escalation,0,1,1
escalations,2,0,2
escalator,5,8,13
escalators,2,3,5
escalfant,0,1,1
escamilla,0,1,1
escanaba,1,0,1
escandalo,0,1,1
escapade,2,1,3
escapades,4,6,10
escape,181,178,359
escaped,54,31,85
escapee,0,1,1
escapered,0,1,1
escapes,4,4,8
escaping,31,16,47
escapism,3,2,5
escapist,2,1,3
escapologist,0,1,1
escapou,1,0,1
escargot,1,1,2
escargots,0,2,2
escarole,1,0,1
escc,1,0,1
escentuals,1,2,3
eschenfelder,1,0,1
escher,2,1,3
eschew,0,1,1
eschools,1,0,1
esclarece,0,1,1
esco,1,2,3
escobar,3,0,3
escoje,1,0,1
escolha,1,0,1
escolhido,0,1,1
esconced,0,1,1
escondido,1,1,2
escoo,0,1,1
escoooo,0,1,1
escorial,2,0,2
escorpiones,0,1,1
escort,10,13,23
escorted,1,2,3
escorting,1,1,2
escorts,2,2,4
escovedo,1,0,1
escovich,0,1,1
escrever,1,1,2
escrevi,0,1,1
escribano,1,0,1
escribieron,1,0,1
escribo,0,1,1
escriptor,1,0,1
escrito,0,1,1
escrow,0,5,5
escrtd,1,0,1
escu,0,1,1
escucha,2,2,4
escuchadas,1,0,1
escuchando,1,17,18
escuchar,2,3,5
escucharla,0,2,2
escuchas,1,0,1
escuche,2,1,3
escucho,1,0,1
escuela,3,6,9
escuelita,2,0,2
escula,0,1,1
escura,0,1,1
escutando,0,5,5
escutem,0,1,1
esd,2,0,2
esdrtfgyhbnujmkjnbgvfcdfc,0,1,1
ese,4,7,11
eseciall,0,1,1
esecially,0,1,1
esecond,0,1,1
esel,0,1,1
esem,0,1,1
esema,1,0,1
eservice,0,1,1
esession,1,1,2
esetleg,0,1,1
esf,0,1,1
esfahanian,1,0,1
esfihas,0,1,1
esfj,1,0,1
esfregar,1,0,1
esh,2,1,3
esha,0,2,2
eshaaays,0,1,1
eshabee,0,1,1
eshas,0,1,1
eshays,0,1,1
eshayssssss,0,1,1
eshema,0,1,1
esher,0,1,1
esherma,0,1,1
eshipshop,0,1,1
eshoo,1,0,1
eshoot,1,0,1
eshop,0,1,1
eshpensive,1,0,1
eshter,1,0,1
eshwaya,0,1,1
esi,1,4,5
esia,1,1,2
esianya,0,1,1
esides,0,1,1
esign,0,2,2
esik,2,0,2
esither,1,0,1
esk,3,2,5
eska,1,2,3
eskaypt,1,0,1
eskelsen,0,1,1
eskerra,0,1,1
eskhosting,0,1,1
eski,1,1,2
eskie,1,0,1
eskies,0,4,4
eskilstuna,1,0,1
eskimalitos,0,1,1
eskimo,13,14,27
eskimojoe,1,0,1
eskimos,0,5,5
eskimosnow,1,0,1
eskitis,1,0,1
eskom,4,2,6
eskrima,0,1,1
eskrimnya,0,1,1
esks,1,0,1
eskwela,0,1,1
esky,2,0,2
esl,4,5,9
esle,4,2,6
esleep,2,0,2
eslewhere,0,1,1
esli,0,1,1
eslite,0,1,1
eslyy,0,1,1
esm,0,6,6
esma,1,2,3
esme,6,31,37
esmee,8,9,17
esmeefans,0,1,1
esmeralda,0,1,1
esmeralds,0,1,1
esmie,0,1,1
esmosi,1,0,1
esmosiii,1,0,1
esmoves,1,0,1
esmtp,0,1,1
esmu,0,1,1
esn,2,1,3
esnt,0,1,1
eso,27,13,40
esoc,0,1,1
esok,2,0,2
esolang,0,1,1
esoooooo,1,0,1
esoou,2,0,2
esop,1,0,1
esophagus,8,0,8
esor,1,0,1
esorics,0,1,1
esos,0,1,1
esoteric,1,3,4
esoterica,1,0,1
esotsm,8,1,9
esp,240,272,512
espa,6,12,18
espacesoleil,0,1,1
espacially,2,1,3
espacilly,1,0,1
espada,1,0,1
espadrilles,2,1,3
espalanade,1,0,1
espan,0,1,1
espana,5,2,7
espanic,0,1,1
espaniol,1,0,1
espano,1,0,1
espanol,16,5,21
espaool,1,0,1
esparza,2,0,2
espasol,0,1,1
espc,0,2,2
espcially,1,2,3
espeacially,2,0,2
espec,1,3,4
especailly,4,4,8
especaily,1,0,1
especial,1,10,11
especiall,1,0,1
especialli,0,2,2
especially,1237,1303,2540
especiallyat,1,0,1
especiallyenjoyed,0,1,1
especialmente,1,0,1
especialy,4,5,9
especilly,0,1,1
especily,1,0,1
espectacular,0,1,1
espectators,0,1,1
espeically,1,1,2
espeicially,1,0,1
espen,0,1,1
espensive,0,1,1
esper,1,0,1
espera,1,1,2
esperaba,0,1,1
esperance,1,0,1
esperando,2,0,2
esperantist,1,0,1
esperanto,1,6,7
esperanza,1,1,2
esperar,0,3,3
esperas,0,1,1
espere,2,0,2
esperemos,1,0,1
espero,9,6,15
espescially,1,1,2
espesh,7,3,10
espesially,1,0,1
espia,1,0,1
espically,7,2,9
espicially,3,0,3
espiecally,0,1,1
espiner,0,1,1
espionage,2,0,2
espire,1,0,1
espirito,0,2,2
espisod,1,0,1
esplain,0,1,1
esplained,1,1,2
esplanade,3,4,7
esplicare,0,1,1
espload,1,0,1
esplode,3,0,3
esploded,1,0,1
esploder,0,2,2
esplosivo,1,0,1
espm,1,0,1
espn,88,77,165
espns,1,0,1
espnu,0,1,1
espo,0,1,1
espoide,1,0,1
esponja,0,1,1
espoo,0,1,1
esporta,1,0,1
esports,0,1,1
espose,0,1,1
esposito,0,1,1
esposo,1,0,1
espotting,1,1,2
espousing,1,1,2
espp,1,0,1
esppicallly,0,1,1
esprecially,0,1,1
espresso,65,98,163
espressos,2,3,5
esprisini,1,0,1
esprit,0,3,3
esps,1,0,1
espsholy,1,0,1
espulso,1,0,1
espy,2,1,3
esq,2,2,4
esquad,0,1,1
esquare,1,1,2
esque,26,25,51
esquecendo,1,0,1
esqueceu,2,0,2
esqueci,1,0,1
esquecido,1,0,1
esquentar,0,1,1
esqui,1,0,1
esquilin,0,1,1
esquimalt,0,1,1
esquire,5,2,7
esquivel,0,1,1
esr,0,1,1
esra,1,0,1
esrar,0,1,1
esrb,0,1,1
esri,0,2,2
esrl,0,1,1
ess,5,9,14
essa,5,13,18
essaa,1,0,1
essaaay,1,0,1
essaies,1,0,1
essais,1,0,1
essam,0,1,1
essamibear,1,0,1
essas,0,2,2
essau,1,0,1
essay,701,326,1027
essaye,4,0,4
essaying,4,0,4
essaynumbersgame,1,0,1
essays,163,64,227
essayy,0,2,2
essbase,1,0,1
essco,0,1,1
essconf,1,0,1
esse,7,14,21
esseeebee,0,1,1
esseeeen,0,2,2
essel,2,0,2
essembly,0,1,1
essen,0,10,10
essence,28,21,49
essences,0,5,5
essendon,9,6,15
essense,1,0,1
essential,22,53,75
essentially,9,12,21
essentials,10,19,29
esser,0,1,1
esses,3,2,5
essex,24,38,62
essexeating,2,0,2
essexfm,1,0,1
essey,2,0,2
esshol,1,0,1
essi,2,0,2
essica,1,0,1
essie,1,3,4
essien,1,1,2
essies,0,1,1
essington,0,1,1
essited,0,2,2
essn,0,1,1
esso,3,2,5
essos,2,0,2
esspecially,5,2,7
esspensive,1,0,1
esspensuvvv,1,0,1
essplainin,1,0,1
esspresso,1,2,3
esss,0,1,1
esssay,1,0,1
esssayyyy,1,0,1
essshhhh,1,0,1
esssseeey,1,0,1
esssssc,1,0,1
essssssex,0,1,1
essy,1,1,2
est,147,206,353
esta,24,21,45
estaaaa,0,1,1
estab,1,0,1
estaba,0,1,1
establish,6,14,20
established,14,14,28
establishin,0,1,1
establishing,5,2,7
establishment,4,8,12
establishments,0,1,1
estacion,1,0,1
estadio,1,0,1
estal,2,0,2
estan,6,2,8
estancia,0,2,2
estar,9,3,12
estara,0,1,1
estarei,0,1,1
estaria,1,0,1
estas,9,17,26
estass,0,1,1
estat,1,2,3
estate,81,86,167
estates,8,5,13
estathe,0,1,1
estatic,0,4,4
estava,0,1,1
estblshd,1,0,1
este,10,15,25
esteban,3,0,3
estee,3,3,6
esteeeee,1,0,1
esteem,45,20,65
esteemed,2,6,8
esteems,1,0,1
estefan,0,2,2
estefi,0,1,1
estehr,1,0,1
esteja,0,1,1
estejas,1,0,1
estela,0,1,1
estella,1,0,1
estelle,4,10,14
esteme,0,1,1
estemos,0,1,1
estene,0,2,2
estephanis,0,1,1
estepona,0,1,1
ester,2,4,6
esterday,1,0,1
esterka,0,1,1
esterlyn,0,1,1
estern,2,0,2
estero,1,0,1
estes,9,5,14
esteu,0,1,1
esteval,0,1,1
estevan,1,0,1
esteves,0,1,1
estevez,0,1,1
esthas,1,0,1
esther,15,26,41
esthero,1,1,2
estherpark,1,0,1
estherrr,0,2,2
esthers,0,1,1
esthetician,1,2,3
esti,2,2,4
estic,0,1,1
esticar,0,1,1
estie,2,1,3
estifian,0,1,1
estilo,1,0,1
estimad,0,1,1
estimate,22,10,32
estimated,23,6,29
estimates,10,6,16
estimating,2,4,6
estimation,5,3,8
estime,1,0,1
estimoooooo,0,1,1
estine,0,1,1
esting,0,1,1
estitam,0,1,1
estititan,0,1,1
estival,1,0,1
estj,0,1,1
estk,1,6,7
estland,0,2,2
esto,8,5,13
estoee,0,1,1
estofado,0,1,1
estomaga,1,0,1
estomago,1,2,3
estonia,15,28,43
estonian,4,5,9
estonians,0,1,1
estoopida,1,0,1
estoou,0,1,1
estooyy,1,0,1
estoppel,2,0,2
estore,1,0,1
estoril,0,1,1
estos,1,1,2
estou,17,9,26
estoy,19,12,31
estp,0,1,1
estr,0,1,1
estrada,3,1,4
estrafalarius,0,1,1
estranged,2,1,3
estranho,1,0,1
estrategi,0,1,1
estreando,0,2,2
estrear,0,1,1
estreiou,0,1,1
estrella,1,2,3
estrellas,0,4,4
estrelle,1,0,1
estrellita,1,0,1
estresada,0,1,1
estrogen,6,4,10
estrooooogen,1,0,1
estt,0,1,1
estuary,1,2,3
estuda,0,1,1
estudar,11,1,12
estudiar,3,0,3
estuding,1,0,1
estudio,1,0,1
estudy,2,0,2
estupet,1,0,1
estupido,1,0,1
estupidoooo,0,1,1
estupidos,1,0,1
estury,0,1,1
estuve,3,0,3
estuvo,1,2,3
esty,1,1,2
esuk,2,0,2
esuper,3,0,3
esurance,1,1,2
esut,1,0,1
esv,0,2,2
eswady,0,1,1
eswc,4,4,8
eswen,0,1,1
esx,2,8,10
esxi,7,6,13
esy,0,1,1
esz,1,1,2
et,107,133,240
eta,34,15,49
etairias,1,0,1
etait,0,1,1
etalk,0,2,2
etan,2,0,2
etanol,1,0,1
etap,1,1,2
etapa,1,0,1
etar,2,0,2
etas,5,0,5
etat,0,1,1
etb,1,0,1
etbayen,1,0,1
etc,665,905,1570
etcc,0,3,3
etcccc,0,1,1
etcetc,3,1,4
etcetera,0,1,1
etch,7,1,8
etcha,1,0,1
etched,2,4,6
etchells,1,0,1
etchin,1,0,1
etching,1,4,5
etchings,1,0,1
etcs,1,0,1
etd,0,1,1
etds,1,0,1
ete,3,3,6
etel,1,1,2
eten,0,1,1
etenstijd,0,1,1
eterm,2,0,2
eternal,23,43,66
eternally,6,22,28
eternals,1,0,1
eternaly,0,1,1
eternamente,0,1,1
eternities,1,1,2
eternity,31,30,61
etes,0,1,1
etf,6,5,11
etfadalooo,0,1,1
etfc,1,0,1
etfs,0,1,1
eth,1,3,4
etha,0,1,1
ethan,57,82,139
ethanasia,1,0,1
ethanchoo,0,2,2
ethane,0,1,1
ethannya,1,0,1
ethanol,0,3,3
ethans,4,0,4
ethar,2,0,2
etheir,1,0,1
ethel,2,2,4
ether,6,13,19
ethereal,1,5,6
etheric,0,1,1
etheridge,2,0,2
ethernet,25,7,32
etherpad,0,1,1
etherreal,0,2,2
ethi,0,1,1
ethic,4,7,11
ethical,7,11,18
ethically,2,2,4
ethics,33,23,56
ethie,1,0,1
ethier,9,5,14
ethiers,0,1,1
ethings,1,0,1
ethiopia,3,6,9
ethiopian,7,11,18
ethiopians,1,2,3
ethnic,7,10,17
ethnicities,0,1,1
ethnicity,4,8,12
ethnobotany,1,0,1
ethnobuddies,0,1,1
ethnographic,1,1,2
ethnography,1,0,1
ethonography,1,0,1
ethos,4,4,8
ethyne,1,0,1
eticket,1,0,1
etics,1,0,1
etien,0,1,1
etienne,0,1,1
etihad,1,1,2
etiler,0,1,1
etime,1,0,1
etinies,0,1,1
etiquette,7,22,29
etisalat,2,1,3
etisoppo,1,0,1
etitions,0,1,1
etiwanda,0,1,1
etix,0,2,2
etl,3,1,4
etm,0,1,1
etme,0,1,1
etmnt,0,1,1
etn,0,1,1
etna,3,0,3
etnies,5,2,7
eto,5,7,12
etobicoe,1,0,1
etoc,1,0,1
etoile,1,0,1
eton,2,1,3
etonian,3,0,3
etonline,1,0,1
etoupe,0,1,1
etowah,0,1,1
etown,2,2,4
etr,0,1,1
etra,1,1,2
etrade,1,0,1
etrains,1,0,1
etre,0,4,4
etrex,2,1,3
etrials,1,0,1
etrnty,0,1,1
etru,2,1,3
etrue,0,1,1
ets,2,7,9
etsa,1,0,1
etsi,1,0,1
etsian,0,1,1
etsians,0,2,2
etsy,107,203,310
etsychat,1,0,1
etsyfail,1,0,1
etsying,1,0,1
etsyitemsunder,0,1,1
etsynj,0,1,1
etsytweets,0,2,2
etsytwitter,2,2,4
etsywiki,1,0,1
etta,1,5,6
ettalong,0,1,1
ette,2,5,7
ettersmaken,1,0,1
ettes,1,1,2
etting,1,1,2
ettique,0,1,1
ettiquette,1,2,3
ettt,0,1,1
ettusais,1,0,1
etuc,0,1,1
etude,0,2,2
etudes,1,0,1
eturnitw,0,1,1
etv,2,0,2
etwas,1,4,5
etwinning,1,0,1
etymological,1,0,1
etymology,1,0,1
etymotic,0,1,1
etymotics,1,0,1
etys,0,1,1
etz,1,0,1
eu,324,289,613
eua,3,0,3
euan,2,4,6
eubank,0,1,1
eubanks,3,1,4
eubi,0,1,1
euc,0,1,1
eucalipto,0,1,1
eucalpytus,0,1,1
eucalyptus,6,3,9
eucerin,1,0,1
euch,5,7,12
eucharist,1,1,2
eucharistic,0,1,1
euchre,2,3,5
eucina,1,0,1
euck,1,0,1
eucking,0,1,1
eucl,1,0,1
euclid,1,2,3
eucy,0,1,1
eud,1,0,1
eudec,1,0,1
eudora,2,0,2
euelection,1,0,1
euelections,1,0,1
euen,1,0,1
euent,0,1,1
eueosport,0,1,1
euer,0,1,1
eufala,1,0,1
eufaula,1,1,2
eug,1,1,2
euganei,0,1,1
euge,1,0,1
eugene,21,34,55
eugenia,2,1,3
eugenicists,1,0,1
eugenics,2,2,4
euggggggh,1,0,1
euggh,3,0,3
eugghhh,1,0,1
eugh,96,12,108
eughh,6,1,7
eughhh,2,1,3
eughhhh,2,0,2
eughhhhh,1,0,1
eughhhhhh,0,1,1
euglie,0,1,1
eugnachs,0,1,1
euh,4,9,13
euharlee,0,1,1
euhh,1,1,2
euhhh,1,1,2
euhl,1,0,1
euhm,1,0,1
euhmmm,0,1,1
euhostile,1,0,1
eul,2,2,4
eula,2,0,2
eule,0,1,1
eulenbis,1,0,1
euler,1,2,3
euless,1,2,3
euleth,1,0,1
eulogia,1,0,1
eulogies,1,0,1
eulogy,3,4,7
eums,1,0,1
eun,0,4,4
euna,3,1,4
eunhae,0,1,1
eunhyuk,1,3,4
euni,1,0,1
eunice,6,19,25
eunis,1,0,1
eunji,0,1,1
eunson,0,1,1
eunuchs,1,0,1
eup,1,1,2
euphalo,1,0,1
euphamism,0,3,3
euphanism,0,1,1
euphemism,5,11,16
euphemisms,1,1,2
euphemistic,0,1,1
euphemistically,2,0,2
euphonicsound,0,1,1
euphorbia,1,0,1
euphoria,6,9,15
euphoric,1,6,7
euphorically,0,1,1
euphorised,0,1,1
euphs,0,1,1
euprevent,1,0,1
euprofiler,1,0,1
eur,19,17,36
eura,0,1,1
eurasian,1,1,2
eureka,16,12,28
eurer,0,1,1
eurex,0,1,1
eurg,1,0,1
eurge,1,0,1
eurgggh,0,1,1
eurggh,1,0,1
eurgghhh,2,0,2
eurgh,81,7,88
eurghh,15,2,17
eurghhh,2,0,2
eurghhhh,1,0,1
eurghhhhhhhhh,1,0,1
euricvison,0,1,1
eurie,0,1,1
euripides,0,1,1
euristocrats,1,2,3
eurivision,1,0,1
eurly,1,0,1
euro,81,67,148
euroavia,0,1,1
eurobeat,1,1,2
eurobilltracker,0,1,1
euroblivion,1,0,1
eurobond,1,0,1
eurocentral,1,0,1
eurochuck,0,1,1
eurocontest,0,1,1
eurocruise,0,1,1
eurodance,0,1,1
eurodisney,1,1,2
eurodjango,1,0,1
eurodjangocon,1,1,2
eurododgy,1,0,1
eurodragster,0,1,1
euroelection,0,1,1
euroelections,2,0,2
eurogamers,0,1,1
eurogirl,0,1,1
euroko,2,0,2
euromillions,4,5,9
euromps,0,1,1
euronews,2,1,3
euronintendo,0,1,1
euronymous,1,0,1
europ,1,0,1
europa,8,8,16
europapark,0,1,1
europarltv,1,1,2
europas,1,0,1
europass,1,0,1
europavox,1,0,1
europawahl,0,1,1
europawahlen,0,1,1
europe,389,424,813
european,106,141,247
europeanisation,1,0,1
europeans,16,9,25
europee,2,1,3
europeeab,1,0,1
europeee,0,1,1
europeeeee,1,0,1
europel,1,0,1
europen,0,2,2
europers,1,0,1
europes,1,0,1
europeside,0,1,1
europh,1,0,1
europian,0,1,1
europride,3,5,8
europsport,1,0,1
europython,1,2,3
eurorv,1,0,1
euros,39,32,71
eurosceptic,1,0,1
euroskeptic,1,0,1
euroslot,0,1,1
eurosport,9,2,11
eurosports,1,0,1
eurosquad,0,1,1
eurostar,9,6,15
eurotrash,2,0,2
eurotrip,4,10,14
eurotunnel,0,1,1
eurotwitter,0,1,1
eurout,0,2,2
eurovisin,0,1,1
eurovision,97,210,307
eurovisions,1,0,1
eurovison,1,3,4
eurovsn,0,1,1
eurpean,1,0,1
eurrggggh,1,0,1
eurrgghhhh,1,0,1
eurrghhh,1,0,1
eurrrgggh,1,0,1
eurrrghhh,1,0,1
eurrrghhhh,1,0,1
eurrrrgh,1,0,1
eurrythang,1,0,1
euruko,1,7,8
euruope,1,0,1
eurusd,2,2,4
eurythmics,1,0,1
euskadi,0,1,1
euskirchen,1,0,1
eusme,0,1,1
eustis,1,1,2
euston,6,3,9
eustress,0,1,1
euth,1,0,1
euthanasia,2,3,5
euthanised,2,0,2
euthanize,4,1,5
euthanized,4,0,4
eutrification,0,1,1
euu,0,1,1
euugggh,1,0,1
euugghh,1,0,1
euurrgh,1,0,1
euuugh,4,0,4
euuurghh,1,0,1
euuuu,1,0,1
euuuugh,1,0,1
euuuuuuuugh,1,0,1
euuuuuuuunice,0,1,1
euuw,1,0,1
euval,0,3,3
euvalet,0,1,1
euw,3,0,3
euwyyy,1,0,1
eux,0,1,1
euy,0,2,2
ev,33,38,71
eva,117,148,265
evaa,2,2,4
evaaa,0,2,2
evaaaa,1,0,1
evaaaaa,0,1,1
evaaaaaaaa,1,0,1
evaaahhh,0,1,1
evaaar,2,0,2
evaarrrr,0,1,1
evac,3,4,7
evacuate,6,3,9
evacuated,5,5,10
evacuating,2,1,3
evacuation,4,1,5
evacuations,1,0,1
evade,2,3,5
evaded,3,1,4
evadently,1,0,1
evaders,1,0,1
evades,2,1,3
evadin,1,0,1
evading,3,1,4
evah,10,18,28
evahh,0,1,1
evahs,1,0,1
eval,3,8,11
evalina,0,2,2
evals,1,3,4
evaluate,11,8,19
evaluated,3,2,5
evaluatin,0,1,1
evaluating,4,4,8
evaluation,26,20,46
evaluations,7,3,10
evaluatn,0,1,1
evaluator,1,2,3
evalutation,0,1,1
evalution,0,1,1
evalyn,1,0,1
evam,2,0,2
evan,54,53,107
evanescence,11,10,21
evanesence,1,2,3
evangel,0,1,1
evangelic,0,1,1
evangelical,0,1,1
evangelicals,1,0,1
evangeline,1,4,5
evangelinetwitt,1,0,1
evangelion,3,1,4
evangelise,3,1,4
evangelism,0,2,2
evangelist,3,4,7
evangelistic,0,1,1
evangelists,1,0,1
evangelization,2,0,2
evangelize,0,1,1
evangelizing,0,2,2
evangenitals,0,1,1
evanmoon,1,0,1
evann,0,1,1
evannn,0,1,1
evannnn,0,1,1
evanovich,1,4,5
evans,37,67,104
evanston,2,3,5
evansville,7,1,8
evap,2,4,6
evaporate,7,4,11
evaporated,4,4,8
evaporating,4,2,6
evar,21,28,49
evarr,0,3,3
evarrr,0,3,3
evarrrr,1,1,2
evarrrrr,1,0,1
evarrrrrr,2,0,2
evas,1,2,3
evasion,1,0,1
evasive,2,2,4
evasolo,1,0,1
evatweets,1,0,1
evaulate,1,1,2
evaulations,0,1,1
evayne,1,0,1
evaz,1,0,1
evb,1,0,1
evbank,1,0,1
evcery,1,0,1
evdeyim,1,0,1
evdo,6,1,7
eve,136,195,331
eveb,2,0,2
evee,1,4,5
eveee,1,0,1
eveeeeeeeeeeeeeer,0,1,1
eveeeeeeeeeerrr,1,0,1
eveeeeeeeeeningggg,0,1,1
eveeeeeeeeer,1,0,1
eveeeeeeeer,0,1,1
eveeeeer,2,1,3
eveeeeers,0,1,1
eveeeer,2,3,5
eveeeerrrrr,1,0,1
eveeer,0,6,6
eveeerr,0,1,1
eveeerrr,0,1,1
eveek,1,0,1
eveen,1,0,1
eveentually,0,1,1
eveer,4,0,4
eveerrr,1,0,1
eveerrrr,0,1,1
eveerrryyyy,1,0,1
eveery,0,1,1
eveerybody,1,0,1
eveeryone,1,0,1
eveey,0,1,1
eveeyone,1,0,1
eveif,0,1,1
eveing,4,0,4
eveleigh,0,1,1
evelien,1,1,2
evelina,2,1,3
evelinaxx,1,0,1
eveline,1,2,3
evelyn,11,11,22
evelynbay,0,1,1
evelyne,0,2,2
evelynn,1,0,1
evem,0,1,1
even,12374,6823,19197
evendim,0,1,1
evened,0,3,3
eveneing,1,0,1
evenful,1,0,1
evenfutl,1,0,1
evengetting,1,0,1
evenging,0,1,1
evengy,0,1,1
evenig,0,1,1
evenin,13,17,30
evening,1319,2236,3555
eveningg,1,0,1
eveninggg,0,1,1
eveningggg,0,2,2
eveninggggg,1,0,1
eveningly,0,1,1
eveningmcrude,0,1,1
evenings,48,49,97
eveninstandby,1,0,1
evenk,1,0,1
evenly,3,7,10
evenlyn,0,1,1
evenm,1,0,1
evenn,3,0,3
evenneed,1,0,1
evenning,0,1,1
evennn,1,0,1
evennnn,1,0,1
evens,2,7,9
evensong,3,0,3
evenstar,1,0,1
event,600,850,1450
eventaully,0,2,2
eventbox,3,8,11
eventbrite,2,5,7
eventcombmt,1,0,1
eventer,1,1,2
eventful,34,81,115
eventfull,3,2,5
eventhe,0,1,1
eventho,2,7,9
eventhoough,1,1,2
eventhough,31,22,53
eventhoughilikepoliticalincorrectnessimnotbeingthathere,0,1,1
eventhouh,0,1,1
eventing,1,0,1
eventless,1,0,1
eventlet,1,0,1
eventmachine,0,1,1
evento,0,2,2
eventough,1,0,1
eventprofs,1,1,2
events,258,262,520
eventsbrite,0,1,1
eventspan,0,1,1
eventtrack,1,0,1
eventttt,1,0,1
eventual,7,9,16
eventuala,0,1,1
eventuallllly,0,1,1
eventually,190,288,478
eventuallyy,0,1,1
eventualy,2,1,3
eventuated,1,0,1
eventuell,0,1,1
eventuful,0,1,1
eventully,1,2,3
evenutally,0,3,3
evenyually,0,1,1
eveolve,1,0,1
eveonline,2,4,6
ever,6589,6290,12879
everbest,0,1,1
everbitch,1,0,1
everblog,0,1,1
everblue,0,1,1
everbody,7,17,24
everbodys,0,1,1
everbodyy,0,1,1
everchanging,0,1,1
everclear,2,7,9
everday,14,14,28
everdhlq,0,1,1
everest,12,16,28
everett,5,7,12
everette,0,1,1
everetts,0,1,1
evereverever,1,1,2
evereyone,0,1,1
evereything,0,1,1
everglades,3,0,3
everglow,0,1,1
evergreen,4,7,11
evergreens,1,0,1
everhart,0,1,1
everi,1,1,2
everibody,0,1,1
everie,1,0,1
everio,0,3,3
everithing,2,2,4
everity,0,1,1
everiwan,0,1,1
everlast,0,3,3
everlasting,8,10,18
everley,1,0,1
everlife,0,2,2
everliving,0,1,1
everlong,2,3,5
everly,0,1,1
evermore,9,14,23
evermores,1,1,2
evern,1,1,2
everness,1,0,1
evernham,0,1,1
evernote,22,21,43
evernoted,0,1,1
evernotepodcast,1,0,1
everone,7,17,24
everones,2,0,2
everquest,4,1,5
everr,18,37,55
everrbody,1,0,1
everrone,0,1,1
everrr,27,35,62
everrrr,21,34,55
everrrrr,9,12,21
everrrrrr,4,5,9
everrrrrrr,2,5,7
everrrrrrrr,1,2,3
everrrrrrrrr,1,1,2
everrrrrrrrrr,0,3,3
everrrrrrrrrrr,0,1,1
everrrrrrrrrrrrr,0,1,1
everrrrrrrrrrrrrr,1,0,1
everrrrrrrrrrrrrrrrr,0,1,1
everrrrrrrrrrrrrrrrrrr,0,1,1
everrrrrrrrrrrrrrrrrrrrr,0,1,1
everrrrrrrrrrrrrrrrrrrrrrrrrrr,1,0,1
everrrywhere,1,0,1
everrybody,0,1,1
everrything,0,1,1
evers,1,6,7
everseen,0,1,1
eversince,4,1,5
everso,1,1,2
eversssss,1,0,1
evert,1,0,1
evertbody,1,0,1
everthg,1,0,1
everthing,21,13,34
evertime,2,3,5
evertob,1,0,1
everton,87,78,165
evertonhavedunit,0,1,1
evertonian,1,2,3
evertonians,2,0,2
evertonn,0,1,1
evertonnn,0,1,1
evertronic,0,1,1
everts,0,1,1
evertthing,0,1,1
everty,0,1,1
evertything,0,1,1
evertytime,1,0,1
everuday,0,1,1
everuthing,1,1,2
everwent,0,1,1
everwhere,4,2,6
everwood,3,1,4
every,3539,3524,7063
everyb,0,1,1
everybad,1,0,1
everybdy,3,2,5
everybidy,1,0,1
everybit,1,0,1
everybloody,1,0,1
everyboby,1,0,1
everybod,0,1,1
everyboday,0,1,1
everyboddddyy,1,0,1
everyboddeeee,0,1,1
everybodee,0,2,2
everybodeh,0,2,2
everybodi,0,1,1
everybodieee,0,1,1
everybodies,4,0,4
everybodx,1,0,1
everybody,782,1250,2032
everybodyfields,1,0,1
everybodys,22,7,29
everybodyy,1,5,6
everybodyyy,0,2,2
everybodyyyy,0,1,1
everybodyyyyyyy,0,1,1
everybodyyyyyyyyyy,0,1,1
everybodyz,1,0,1
everyboody,0,1,1
everybook,0,2,2
everybot,0,5,5
everyboy,1,0,1
everybunny,1,0,1
everydaaaaay,0,1,1
everydat,0,1,1
everyday,650,673,1323
everydayminerals,0,1,1
everydays,2,1,3
everydayy,2,2,4
everydayyy,0,3,3
everydayyyy,1,0,1
everydayyyyy,0,1,1
everydns,1,0,1
everydodyyyyyyyyy,0,1,1
everyfink,2,0,2
everygirl,2,1,3
everygurl,1,0,1
everyhere,0,1,1
everyhing,2,5,7
everyhting,0,3,3
everyjoe,0,2,2
everyman,0,3,3
everymoment,1,0,1
everymorn,0,1,1
everymorning,0,1,1
everymove,0,1,1
everymum,0,1,1
everyne,1,0,1
everynight,13,10,23
everynite,2,1,3
everynone,1,0,1
everyo,0,1,1
everyobody,0,1,1
everyoen,0,3,3
everyoine,1,0,1
everyomne,0,1,1
everyon,4,5,9
everyonce,1,1,2
everyond,0,2,2
everyone,5949,10430,16379
everyonebutton,0,8,8
everyonee,8,23,31
everyoneee,6,6,12
everyoneeee,5,9,14
everyoneeeee,2,2,4
everyoneeeeee,0,2,2
everyoneeeeeee,1,0,1
everyoneeeeeeee,0,2,2
everyoneeeeeeeeee,1,0,1
everyoneeeeeeeeeeee,0,1,1
everyoneeeeeeeeeeeee,0,1,1
everyonees,1,0,1
everyonelovesian,0,1,1
everyones,245,143,388
everyonewants,1,0,1
everyonexx,1,0,1
everyoneyou,0,1,1
everyong,0,1,1
everyonne,0,2,2
everyonneee,1,1,2
everyonnneee,0,1,1
everyonr,0,2,2
everyoone,1,0,1
everyoonneeee,0,1,1
everyooone,0,1,1
everyooonneee,0,1,1
everyother,2,0,2
everyou,0,1,1
everyperson,0,1,1
everyplace,1,1,2
everypne,1,0,1
everyrhing,0,2,2
everyrthing,0,1,1
everysinge,1,0,1
everysingle,1,1,2
everysite,0,1,1
everysmutty,0,1,1
everysong,0,1,1
everytang,1,0,1
everytging,1,0,1
everyth,3,0,3
everythaaaaaaang,1,0,1
everythaaaaang,0,1,1
everythang,2,2,4
everythanggg,0,1,1
everytheng,1,0,1
everythere,1,0,1
everythg,1,2,3
everythig,2,0,2
everythign,2,4,6
everythiiiiing,2,0,2
everythiinq,1,0,1
everythin,40,20,60
everything,4025,3463,7488
everythingelseokay,1,0,1
everythingg,6,7,13
everythinggg,5,6,11
everythingggg,2,2,4
everythinggggg,1,1,2
everythinggggggggg,1,0,1
everythingis,0,1,1
everythingles,0,1,1
everythings,75,59,134
everythingso,1,0,1
everythingss,0,1,1
everythingzzz,0,1,1
everythinig,0,1,1
everythink,1,2,3
everythinnggg,0,1,1
everythinnnng,0,1,1
everythinq,1,1,2
everythins,0,2,2
everythiqn,0,2,2
everythme,1,0,1
everythn,0,1,1
everythng,7,2,9
everythong,0,1,1
everythursdaynight,0,1,1
everytiiiiime,1,0,1
everytime,582,288,870
everyting,3,7,10
everytinh,0,1,1
everytinq,0,1,1
everytme,2,0,2
everytthing,0,2,2
everytweet,0,1,1
everytym,1,0,1
everyuthing,1,0,1
everyware,1,0,1
everyway,1,2,3
everyweeeeekk,0,1,1
everyweek,0,3,3
everywehere,1,0,1
everywer,2,0,2
everywere,6,3,9
everywh,0,1,1
everywheeeeeere,1,0,1
everywhere,697,440,1137
everywhereee,0,1,1
everywhereeee,1,0,1
everywherer,0,1,1
everywheres,1,1,2
everywhr,2,1,3
everywk,1,0,1
everywoman,0,1,1
everywone,1,0,1
everywuns,0,1,1
everyy,1,0,1
everyyone,0,1,1
everyythingg,0,1,1
everyywhereee,1,0,1
everyyy,1,1,2
everyyydayyyyyyy,0,1,1
everyyyone,1,0,1
everyyytime,1,0,1
everyyyy,1,1,2
everyyyybody,0,1,1
everyyyyyyyyy,0,1,1
eves,6,2,8
evesdropping,0,1,1
evesham,1,2,3
evessss,0,1,1
evest,1,1,2
evet,0,1,1
evetta,1,1,2
evette,1,0,1
evewyone,1,0,1
evey,5,4,9
eveybody,1,4,5
eveykins,1,0,1
eveyoe,0,1,1
eveyone,13,16,29
eveyr,1,0,1
eveyrone,0,2,2
eveyrthing,2,0,2
eveythin,0,1,1
eveything,2,5,7
eveytime,2,0,2
eveywhere,1,0,1
evfn,3,1,4
evfryone,1,0,1
evgeni,0,1,1
evgeny,0,1,1
evi,2,3,5
evian,2,4,6
eviciton,1,1,2
evict,3,3,6
evicted,23,7,30
evictees,1,0,1
evicting,2,0,2
eviction,19,11,30
evictions,1,0,1
evidence,34,70,104
evidenced,0,2,2
evident,8,9,17
evidentally,1,1,2
evidently,47,20,67
evie,8,19,27
eview,0,1,1
evigan,1,0,1
evighetes,0,1,1
eviiiiiiiil,0,1,1
eviiin,0,1,1
evil,595,442,1037
evilbay,2,0,2
evilcreations,0,1,1
evildoers,1,0,1
evilduo,0,1,1
evile,0,1,1
eviler,1,2,3
evilest,0,1,1
evilgirl,0,1,1
eviliciously,0,1,1
evilish,0,1,1
evilist,1,0,1
evill,2,2,4
evillaugh,0,1,1
eville,2,1,3
evilll,2,0,2
evilllll,2,0,2
evillllll,1,0,1
evilly,1,0,1
evilmets,0,1,1
evilness,0,1,1
evilous,1,0,1
evilroot,0,1,1
evils,9,7,16
evilscience,5,1,6
evilsmirk,1,2,3
evilss,0,1,1
evilsunshine,0,1,1
evilsushi,0,1,1
evilthoughtoftheday,0,1,1
eviltwittertwinhug,1,0,1
evilvillianzzzz,1,0,1
evily,0,1,1
evilyn,1,0,1
evime,1,1,2
evin,1,1,2
evince,1,0,1
eving,2,1,3
evining,1,0,1
evis,1,0,1
eviscerate,1,0,1
evisu,0,1,1
evita,3,0,3
evite,5,3,8
evje,1,0,1
evlis,1,0,1
evlo,0,1,1
evm,1,2,3
evms,1,0,1
evn,35,13,48
evne,1,0,1
evng,1,0,1
evning,1,3,4
evnt,2,1,3
evnts,1,0,1
evntually,3,1,4
evo,18,14,32
evocative,0,1,1
evoke,1,1,2
evoked,1,1,2
evokes,2,3,5
evoking,1,1,2
evol,1,1,2
evolition,0,1,1
evoluent,1,0,1
evolute,1,0,1
evolution,35,61,96
evolutionary,3,1,4
evolutionates,1,0,1
evolutn,1,0,1
evolve,8,16,24
evolved,8,21,29
evolver,1,1,2
evolves,0,4,4
evolvin,0,1,1
evolving,4,9,13
evom,0,2,2
evon,0,2,2
evone,0,1,1
evonne,2,0,2
evony,1,1,2
evoo,2,2,4
evoting,0,1,1
evp,0,5,5
evpl,1,0,1
evpwsop,2,0,2
evr,26,20,46
evrahting,0,1,1
evrbd,0,2,2
evrbdy,0,1,1
evrerything,1,0,1
evreyone,0,2,2
evreyones,1,0,1
evreything,0,2,2
evrhtng,1,0,1
evri,3,1,4
evribodi,0,1,1
evrionee,0,1,1
evrkaity,1,0,1
evrmorning,0,1,1
evropu,0,1,1
evrry,1,0,1
evrrything,0,1,1
evrtime,2,0,2
evrtn,0,2,2
evry,45,62,107
evrybdy,4,4,8
evrybody,6,8,14
evryday,10,4,14
evrydy,1,1,2
evryfins,1,0,1
evryone,16,28,44
evryoneeeeeeeee,0,1,1
evryonees,1,0,1
evryones,2,1,3
evryothr,1,0,1
evrythg,1,0,1
evrythign,0,1,1
evrythin,2,2,4
evrything,25,14,39
evrythings,0,2,2
evrythn,2,0,2
evrythng,6,4,10
evrytim,1,1,2
evrytime,6,4,10
evryting,2,1,3
evrytym,1,0,1
evrywhere,5,1,6
evrywhre,1,0,1
evs,7,0,7
evsen,0,1,1
evt,1,0,1
evtime,1,0,1
evu,1,0,1
evuh,0,1,1
evuhh,0,1,1
evul,0,1,1
evun,1,0,1
evur,0,4,4
evuuur,1,0,1
evuuuuur,0,1,1
evvai,0,1,1
evveeerrrrrrrrr,0,1,1
evver,1,0,1
evverrr,0,1,1
evverything,0,1,1
evvie,1,0,1
evviiil,1,0,1
evviva,0,1,1
evvs,0,1,1
evvvaaaa,0,1,1
evvvaaaarrr,0,1,1
evvveerr,0,1,1
evvverrr,1,1,2
evvverywhere,1,0,1
evvvver,1,2,3
evvvvvva,1,0,1
evvvvvvveeeeeeerrrrrr,0,1,1
evvy,1,1,2
evwn,0,1,1
evwyone,1,0,1
evy,6,2,8
evyana,1,0,1
evyn,0,1,1
evytime,1,0,1
evyy,0,1,1
ew,638,155,793
ewa,4,1,5
ewaa,2,0,2
ewalife,1,0,1
ewalt,0,1,1
ewan,15,30,45
ewausiello,1,0,1
eway,1,0,1
ewayz,1,0,1
ewbff,0,1,1
ewe,4,4,8
eweather,1,0,1
eweb,0,1,1
ewebf,0,1,1
ewebguru,1,0,1
ewen,1,3,4
ewens,1,0,1
ewent,1,0,1
ewery,1,0,1
ewerybody,1,0,1
eweryone,0,1,1
ewew,0,1,1
ewewew,3,0,3
ewewewew,1,0,1
ewewewewew,1,0,1
eweweweweweewe,0,1,1
ewewewewewewwewew,1,0,1
ewewie,1,0,1
ewey,1,0,1
ewf,0,3,3
ewgh,0,1,1
ewh,4,6,10
ewhh,2,0,2
ewhhhhh,1,0,1
ewi,1,1,2
ewieeee,1,0,1
ewies,1,0,1
ewika,1,0,1
ewin,2,0,2
ewing,2,0,2
ewk,3,0,3
ewl,0,2,2
ewmigod,1,0,1
ewndom,1,0,1
ewok,2,2,4
ewoks,2,2,4
ewood,2,0,2
ewout,0,1,1
ewr,4,2,6
ewrrr,0,1,1
ewrt,1,0,1
ews,0,2,2
ewsj,1,0,1
ewtn,2,0,2
ewu,1,1,2
ewverything,0,1,1
eww,315,74,389
ewwe,0,1,1
ewwey,1,0,1
ewwh,0,2,2
ewwie,4,1,5
ewwies,4,1,5
ewwing,0,2,2
ewwith,0,1,1
ewwo,0,1,1
ewwsw,1,0,1
ewww,111,28,139
ewwww,27,3,30
ewwwww,4,0,4
ewwwwww,4,2,6
ewwwwwww,1,0,1
ewwwwwwww,2,1,3
ewwwwwwwwww,1,0,1
ewwwwwwwwwwww,1,0,1
ewwwy,2,0,2
ewwy,10,1,11
ewxcited,1,0,1
ewy,2,0,2
ewz,1,0,1
ex,539,351,890
exa,1,0,1
exaaaaaaaams,2,0,2
exaaaaaaactly,0,1,1
exaaaaaaams,0,1,1
exaaaaaams,1,0,1
exaaaaam,0,1,1
exaaaaams,1,0,1
exaaaams,2,2,4
exaaam,1,0,1
exaaams,2,1,3
exaam,2,3,5
exaammm,1,0,1
exaams,1,1,2
exacademic,1,0,1
exacally,1,0,1
exacctlyyy,1,0,1
exacerbate,2,0,2
exacerbated,2,1,3
exacerbates,0,1,1
exacerbating,1,0,1
exacerbation,0,1,1
exacltly,0,1,1
exaclty,2,1,3
exacly,4,3,7
exact,155,214,369
exacta,1,2,3
exactally,2,0,2
exactamente,0,1,1
exactamundo,2,0,2
exactely,0,2,2
exactement,0,3,3
exacters,0,1,1
exactley,1,0,1
exactlly,1,3,4
exactly,890,1272,2162
exacto,1,3,4
exactoo,0,1,1
exactoooo,0,1,1
exactt,0,1,1
exactttly,0,1,1
exacttttly,0,1,1
exactttttt,0,1,1
exacty,1,1,2
exagerar,0,1,1
exagerata,0,1,1
exagerate,1,1,2
exagerates,0,1,1
exagerrated,1,0,1
exaggerate,2,7,9
exaggerated,3,3,6
exaggerates,0,1,1
exaggerating,13,7,20
exaggeration,6,6,12
exaggerations,0,1,1
exaggerator,0,1,1
exaggoration,1,0,1
exahausted,1,0,1
exahusted,0,1,1
exahusting,1,0,1
exaiting,1,0,1
exaj,1,0,1
exaktly,1,0,1
exalt,0,1,1
exalted,0,3,3
exalumnos,1,0,1
exam,3955,1882,5837
examboard,1,1,2
exame,6,1,7
examen,23,11,34
examene,2,0,2
examenele,0,2,2
examenelor,1,0,1
examenes,1,0,1
examenessssss,1,0,1
examens,7,3,10
examensarbeit,1,0,1
examensdags,0,1,1
examenul,1,1,2
exames,3,1,4
examfree,0,1,1
examin,1,0,1
examination,34,21,55
examinations,11,8,19
examinationsss,0,1,1
examinator,0,1,1
examinators,1,1,2
examine,3,5,8
examined,4,0,4
examinees,0,2,2
examiner,12,13,25
examiners,3,0,3
examines,0,2,2
examing,2,0,2
examining,1,4,5
examless,1,1,2
examm,9,0,9
exammage,0,1,1
exammeans,1,0,1
exammers,1,0,1
exammies,1,0,1
exammm,6,1,7
exammmm,1,0,1
exammmmmm,1,0,1
exammmmmmm,0,1,1
exammmmmmmmmmmmmmmmmmmmmmmmmmmmmmmm,1,0,1
exammmmms,1,0,1
exammmmsss,1,1,2
exammms,0,1,1
examms,5,0,5
exammsss,1,0,1
exammy,1,0,1
examn,1,1,2
examns,3,0,3
examnya,1,0,1
examopedia,0,1,1
exampaper,0,1,1
example,75,192,267
examples,20,35,55
exams,2632,1336,3968
examsexamsexams,1,0,1
examson,1,0,1
examss,14,6,20
examsss,7,2,9
examssss,1,2,3
examsssss,2,0,2
examsssssss,1,0,1
examssssssssss,1,0,1
examssssssssssssss,1,0,1
examsssssssssssssssssssssssss,0,1,1
examsssssssssssssssssssssssssssssss,1,0,1
examsz,1,1,2
examweek,0,1,1
examwise,0,1,1
examwork,0,1,1
examz,11,4,15
exanguanate,0,1,1
exaom,1,0,1
exaple,0,1,1
exarchia,0,1,1
exasol,0,1,1
exasperated,1,1,2
exasperating,0,1,1
exasperation,1,0,1
exatamente,1,1,2
exato,1,1,2
exaughisted,1,0,1
exaughsting,1,0,1
exausted,17,12,29
exausting,3,2,5
exaustion,1,0,1
exausto,2,1,3
exaxtly,1,1,2
exb,2,1,3
exbf,2,2,4
exboyfriend,6,1,7
exboyfriends,1,0,1
exbunni,0,1,1
exc,3,2,5
excactly,1,5,6
excaiiiiiiiiiiiiited,0,1,1
excalibur,1,5,6
excaliburrr,0,1,1
excam,1,0,1
excanvas,1,0,1
excapade,1,0,1
excape,1,2,3
excatly,1,7,8
excauseeeeeeeeeeeeeeeeeeeeeeeeeeeeeeeeeee,0,1,1
excavated,1,0,1
excavating,1,1,2
excavation,1,0,1
excavations,0,1,1
exccited,0,1,1
exccitteddd,0,1,1
excditing,1,0,1
excecise,0,1,1
exced,1,0,1
excederin,1,0,1
exceding,0,1,1
excedrin,20,6,26
excedrine,6,0,6
excedrines,1,0,1
exceed,11,10,21
exceeded,61,14,75
exceeding,4,2,6
exceedingly,9,12,21
exceeds,5,6,11
exceeeellent,0,1,1
exceitement,1,0,1
excel,65,44,109
excelclient,1,0,1
excelence,0,1,1
excelent,0,11,11
excelenta,0,1,1
excelente,2,9,11
excelenteeeee,0,1,1
excelentie,0,1,1
excell,1,0,1
excellant,2,5,7
excelled,0,1,1
excelleeeeent,0,1,1
excellence,3,15,18
excellency,0,1,1
excellent,191,974,1165
excellente,0,2,2
excellently,2,8,10
excellents,0,1,1
excellenttransitsystems,1,0,1
excelling,0,1,1
excelly,0,1,1
excels,2,1,3
excelsior,1,1,2
excelso,0,2,2
exceltialive,0,1,1
excema,4,0,4
excempt,0,1,1
excentral,0,1,1
excentric,0,1,1
excepet,1,0,1
except,1541,780,2321
exceptable,0,2,2
excepted,3,3,6
excepting,3,3,6
exception,49,76,125
exceptional,5,27,32
exceptionally,13,17,30
exceptionaly,0,1,1
exceptioneer,0,1,1
exceptions,15,18,33
exceptmy,1,0,1
excepto,0,1,1
excepts,1,0,1
excer,1,0,1
excerciceeeeeee,1,0,1
excercise,19,19,38
excercisee,0,1,1
excercises,2,2,4
excercising,2,0,2
excerise,0,2,2
excerises,1,1,2
excerpt,0,12,12
excerpts,0,4,4
excersice,0,1,1
excersie,0,1,1
excersiiiise,1,0,1
excersise,2,4,6
excersize,3,3,6
excersizing,0,2,2
excesice,0,1,1
excesive,0,2,2
exceso,0,1,1
excess,25,19,44
excessed,1,0,1
excesses,1,2,3
excessive,31,23,54
excessivehashtagusage,1,0,1
excessively,8,2,10
excessivelybusy,0,1,1
excessiveness,1,0,1
excet,1,0,1
exceted,2,0,2
excetera,0,1,1
exch,1,2,3
exchage,0,1,1
exchange,189,175,364
exchanged,12,10,22
exchangepartner,0,1,1
exchanges,3,7,10
exchanging,5,10,15
exchangment,0,1,1
exchangy,1,0,1
exchg,0,1,1
exchristian,0,1,1
exchusze,0,1,1
excided,1,1,2
excidet,0,1,1
excied,0,1,1
excigted,1,0,1
exciiiiiiiting,0,1,1
exciiiiited,1,0,1
exciiiiiting,0,1,1
exciiiited,0,2,2
exciiiiteeddd,0,1,1
exciiiiteeeeedddd,0,1,1
exciiiitttteeeed,0,1,1
exciiited,1,3,4
exciiittted,0,1,1
exciited,0,4,4
excirted,1,0,1
excise,2,1,3
excist,4,1,5
excisted,0,1,1
excists,1,0,1
excitable,2,5,7
excitables,0,1,1
excitante,0,1,1
excitations,0,1,1
excitdd,0,1,1
excite,11,13,24
excitebike,0,1,1
excitebots,0,1,1
excited,2311,7506,9817
excitedabout,0,1,1
excitedd,3,35,38
exciteddd,4,27,31
excitedddd,1,25,26
exciteddddd,2,6,8
excitedddddd,0,4,4
exciteddddddd,0,1,1
excitedddddddd,0,2,2
exciteddddddddddd,0,1,1
excitedddddddddddddd,0,1,1
exciteded,1,0,1
excitededed,0,1,1
excitedexcitedexcited,0,1,1
excitedfor,0,1,1
excitedly,3,17,20
excitedmuch,0,1,1
excitednervousanxiousexcited,0,1,1
excitedness,2,1,3
exciteed,0,5,5
exciteedd,0,1,1
exciteeed,0,6,6
exciteeedd,0,1,1
exciteeeddd,0,1,1
exciteeedddd,0,1,1
exciteeeed,0,2,2
exciteeeeed,0,2,2
exciteeeeeeeeed,0,2,2
excitement,141,223,364
excitemente,1,0,1
excitements,0,1,1
excitemundo,1,0,1
exciteness,0,1,1
excites,8,14,22
excitexious,1,0,1
excitez,0,2,2
excitied,3,5,8
excitiement,0,1,1
excitificating,0,1,1
excitiment,0,1,1
excitin,7,10,17
exciting,613,1557,2170
excitingg,1,5,6
excitinggg,0,1,1
excitingggg,0,6,6
excitinggggg,0,1,1
excitingggggg,0,1,1
excitinggggggg,0,1,1
excitinggggggggg,0,1,1
excitinglives,0,1,1
excitingly,2,2,4
excitingness,0,1,1
excitinnng,0,1,1
excitinnnnn,0,1,1
excititing,1,0,1
excititng,0,2,2
excitment,10,15,25
excitting,0,1,1
excitttted,0,1,1
exciuted,0,1,1
excl,1,2,3
exclaim,0,1,1
exclaimed,1,2,3
exclaims,0,1,1
exclamation,9,20,29
exclamations,0,1,1
exclsuive,0,1,1
exclu,1,1,2
exclude,7,8,15
excluded,26,12,38
excludes,4,0,4
excludewindow,0,1,1
excluding,11,7,18
excluidinha,1,0,1
excluir,1,0,1
excluiram,1,0,1
excluiu,1,0,1
exclusion,3,1,4
exclusionary,1,1,2
exclusions,0,1,1
exclusive,55,100,155
exclusivelly,0,1,1
exclusively,11,9,20
exclusives,8,6,14
exclusivity,4,4,8
exclusivo,1,0,1
exco,1,2,3
excorcist,2,1,3
excorsism,0,1,1
excowgirl,1,0,1
excoworker,0,1,1
excoworkers,0,1,1
excpecially,1,0,1
excpect,0,1,1
excpected,1,0,1
excpecting,1,0,1
excpet,1,2,3
excplain,1,0,1
excpt,0,1,1
excrement,0,1,1
excreted,1,0,1
excruciating,45,2,47
excruciatingly,7,0,7
excruiating,1,0,1
excruicating,1,0,1
excrutiating,8,0,8
excsepted,1,0,1
excspet,0,1,1
exct,1,0,1
excted,0,2,2
exctied,0,8,8
excting,2,3,5
exctly,0,1,1
exctremelly,0,1,1
excuess,1,0,1
excursing,1,0,1
excursion,24,27,51
excursions,5,4,9
excurstion,1,0,1
excurting,0,1,1
excusable,2,2,4
excuse,334,450,784
excuseable,0,1,1
excused,2,11,13
excuseee,0,1,1
excuses,64,67,131
excusse,1,0,1
excusses,1,0,1
excuuuuuse,0,1,1
excuuuuuuse,0,1,1
excuuuuuuuse,1,0,1
excuzez,1,0,1
excyted,0,1,1
exczema,0,1,1
exd,1,1,2
exe,19,10,29
exeam,0,1,1
exeats,1,0,1
exec,14,12,26
execellent,1,1,2
execpt,1,0,1
execs,7,19,26
execter,1,0,1
execting,0,1,1
execuse,1,0,1
executable,1,1,2
execute,10,9,19
executed,5,9,14
executes,0,2,2
executing,1,3,4
execution,10,12,22
executioner,2,2,4
executions,1,0,1
executive,17,25,42
executives,2,3,5
executor,0,1,1
exedrin,0,2,2
exedrine,1,0,1
exegesis,1,0,1
exegetical,0,1,1
exei,1,0,1
exel,1,0,1
exelente,0,1,1
exellent,0,10,10
exemplify,1,0,1
exemployees,1,0,1
exemplu,0,1,1
exempt,7,14,21
exempted,1,1,2
exempting,0,3,3
exemption,5,1,6
exemptions,2,2,4
exemptttt,1,0,1
exems,1,0,1
exene,2,0,2
exepct,0,1,1
exept,13,6,19
exeption,1,1,2
exeptions,0,1,1
exer,1,0,1
exercice,0,1,1
exercices,1,2,3
exercise,254,329,583
exercised,10,15,25
exercises,21,32,53
exercisie,1,0,1
exercisin,0,2,2
exercising,49,42,91
exercism,1,0,1
exercize,0,2,2
exercizes,0,1,1
exercizing,0,1,1
exergaming,1,0,1
exerpt,0,1,1
exersaucer,0,1,1
exersice,0,1,1
exersise,1,0,1
exersises,0,1,1
exersize,1,1,2
exert,0,2,2
exerted,1,1,2
exerting,1,1,2
exertion,0,3,3
exertions,1,1,2
exerts,0,1,1
exes,14,13,27
exessive,1,0,1
exestentialism,0,1,1
exeter,15,18,33
exetera,0,1,1
exetremely,0,1,1
exfloiate,0,1,1
exfoliant,1,0,1
exfoliate,0,4,4
exfoliated,0,2,2
exfoliating,3,2,5
exfoliator,1,1,2
exgf,0,1,1
exgirl,2,0,2
exgirlfriend,1,0,1
exgirlfriends,1,0,1
exhaaaaauuuusted,1,0,1
exhaaaausted,1,0,1
exhailing,0,1,1
exhale,12,12,24
exhales,0,1,1
exhallllle,1,0,1
exhalted,1,0,1
exhamination,1,0,1
exhange,1,0,1
exhaqusted,1,0,1
exhasted,6,2,8
exhasting,0,1,1
exhasuted,1,0,1
exhauasted,1,1,2
exhaused,4,2,6
exhausing,0,2,2
exhaussssted,1,0,1
exhausssted,1,0,1
exhaust,19,15,34
exhaustd,0,1,1
exhausted,1190,532,1722
exhaustedd,5,3,8
exhausteddd,1,2,3
exhaustedddd,1,2,3
exhausteddddd,1,2,3
exhaustedddddd,1,0,1
exhaustedddddddddd,1,0,1
exhausteddedd,1,0,1
exhaustedly,1,1,2
exhaustedto,1,0,1
exhaustg,0,1,1
exhausthion,1,0,1
exhaustin,1,0,1
exhausting,119,117,236
exhaustinggg,1,0,1
exhaustingggggg,0,1,1
exhaustion,56,35,91
exhaustive,1,1,2
exhaustively,1,0,1
exhaustpipe,0,1,1
exhausts,3,3,6
exhaustteddd,1,0,1
exhauted,1,2,3
exhaysted,0,1,1
exhb,0,1,1
exhbition,0,1,1
exhds,0,1,1
exhi,1,0,1
exhib,3,1,4
exhibit,40,37,77
exhibited,0,4,4
exhibithion,1,0,1
exhibiting,2,3,5
exhibition,52,70,122
exhibitionist,0,1,1
exhibitions,2,1,3
exhibitition,1,0,1
exhibiton,0,2,2
exhibitor,1,3,4
exhibits,4,3,7
exhibs,1,1,2
exhilarating,0,7,7
exhilaration,1,0,1
exhilerated,1,0,1
exhilerating,0,6,6
exhilirating,0,1,1
exhmas,1,0,1
exhorbitant,0,1,1
exhorting,0,1,1
exhuasted,4,5,9
exhuastingggg,0,1,1
exhuberant,0,1,1
exhusband,2,1,3
exhusted,3,2,5
exhusting,1,0,1
exibit,1,1,2
exibition,1,1,2
exibitionists,1,0,1
exiced,0,1,1
exicited,0,1,1
exiciting,0,4,4
exicitng,1,0,1
exicst,1,0,1
exicted,5,20,25
exicting,1,3,4
exiding,1,0,1
exie,1,0,1
exif,3,7,10
exification,1,0,1
exige,0,2,2
exii,0,1,1
exiiited,0,1,1
exiit,1,0,1
exile,8,9,17
exiled,2,5,7
exiledgamers,1,0,1
exilerating,0,1,1
exiles,1,2,3
exilim,1,0,1
exiling,1,0,1
exim,0,1,1
eximion,0,1,1
eximious,1,0,1
eximus,1,0,1
exira,1,0,1
exise,1,0,1
exisistant,1,0,1
exisit,2,1,3
exisited,1,0,1
exisits,1,0,1
exist,298,138,436
exista,0,1,1
existance,11,9,20
existant,11,7,18
existe,2,0,2
existed,28,44,72
existem,1,0,1
existence,46,37,83
existenceeeee,1,0,1
existences,1,0,1
existencialista,1,0,1
existent,29,8,37
existential,3,3,6
existentialism,3,1,4
existentialist,1,1,2
existes,0,1,1
existia,1,0,1
existince,0,1,1
existing,48,31,79
existir,0,1,1
existiu,0,1,1
exists,47,54,101
existssss,0,1,1
existuje,0,1,1
existy,1,0,1
exit,95,62,157
exited,45,117,162
exitedd,1,3,4
exitedddd,1,0,1
exitedness,1,0,1
exiteed,0,1,1
exiteeeeeed,1,0,1
exiteeeeeeed,1,0,1
exiteing,1,0,1
exitement,1,1,2
exitied,0,1,1
exitin,0,1,1
exiting,21,18,39
exitingg,2,0,2
exitingggg,0,1,1
exitment,0,2,2
exito,0,1,1
exits,8,3,11
exittedddd,0,1,1
exitting,1,0,1
exki,0,1,1
exlaimed,0,1,1
exlamation,0,2,2
exlax,0,1,1
exline,1,0,1
exlode,1,0,1
exlusive,1,1,2
exlusively,0,1,1
exm,1,1,2
exma,1,0,1
exmaining,1,0,1
exmas,3,5,8
exmoor,1,0,1
exmouth,3,3,6
exmp,0,1,1
exmpl,1,0,1
exmpp,0,1,1
exms,0,1,1
exnd,1,0,1
exney,1,0,1
exo,0,1,1
exodar,1,1,2
exodus,18,8,26
exoitic,0,1,1
exomars,1,1,2
exomod,1,0,1
exonerated,0,1,1
exoplanet,1,0,1
exoplanets,0,1,1
exorbitant,3,1,4
exorbitantly,1,0,1
exorbitent,1,0,1
exorcise,3,0,3
exorcism,3,3,6
exorcist,7,8,15
exordianry,0,1,1
exorzism,0,1,1
exotic,24,42,66
exotica,1,0,1
exoticbeachfeet,1,0,1
exotika,1,0,1
exoume,0,1,1
exp,35,35,70
expain,1,0,1
expaining,1,0,1
expalin,1,1,2
expand,22,45,67
expanded,5,14,19
expander,3,1,4
expandin,1,0,1
expanding,10,26,36
expandoobject,1,0,1
expandrive,0,1,1
expands,2,6,8
expanses,0,1,1
expansion,22,14,36
expansions,3,3,6
expansionssssssssssssssss,1,0,1
expansive,4,1,5
expantion,0,1,1
expat,5,8,13
expatica,1,0,1
expatri,0,1,1
expatriate,0,2,2
expats,1,7,8
expatsingapore,1,0,1
expatwoman,0,1,1
expcted,1,1,2
expdct,1,0,1
expecially,3,7,10
expect,351,560,911
expectancy,3,0,3
expectant,1,5,6
expectantly,1,1,2
expectation,8,23,31
expectations,58,85,143
expectd,1,0,1
expectded,0,1,1
expecte,1,1,2
expected,445,306,751
expectedd,0,1,1
expecteddds,1,0,1
expectedly,1,0,1
expectet,1,0,1
expectign,0,1,1
expectiing,0,1,1
expectin,3,3,6
expecting,281,217,498
expectinggg,0,1,1
expection,0,1,1
expectn,0,1,1
expectng,1,0,1
expectnothingless,0,1,1
expecto,1,0,1
expectorate,1,1,2
expects,6,12,18
exped,1,1,2
expedia,7,1,8
expedit,0,1,1
expedite,1,0,1
expedited,3,1,4
expediter,1,0,1
expediting,0,2,2
expedition,8,9,17
expeditions,0,1,1
expeditious,1,0,1
expeditor,2,0,2
expeerience,1,0,1
expeierence,1,0,1
expeinive,1,0,1
expeirenced,0,1,1
expekt,0,1,1
expel,1,1,2
expelled,6,1,7
expelling,2,0,2
expels,0,1,1
expen,2,0,2
expence,2,1,3
expences,0,1,1
expencive,3,1,4
expend,0,2,2
expendability,1,0,1
expendable,3,1,4
expendables,3,0,3
expended,1,1,2
expendible,1,0,1
expenditure,2,1,3
expenditures,0,2,2
expenisive,0,1,1
expenisve,2,0,2
expens,0,1,1
expense,54,30,84
expenses,50,40,90
expensice,1,0,1
expensify,1,0,1
expensiiiive,1,0,1
expensiiive,1,0,1
expensing,0,1,1
expensiv,1,1,2
expensive,1004,269,1273
expensivecar,0,1,1
expensivee,5,0,5
expensiveee,3,0,3
expensiveeee,2,0,2
expensiveeeeee,1,0,1
expensiveness,1,0,1
expensv,0,1,1
expensve,1,0,1
expenting,1,0,1
expept,1,0,1
exper,0,2,2
experciencing,0,1,1
expereance,1,0,1
expereiencing,1,0,1
expereince,0,1,1
expereinceeee,0,1,1
experement,1,0,1
experence,1,1,2
experia,1,0,1
experian,1,0,1
experiance,11,10,21
experiances,0,1,1
expericence,1,0,1
experiece,1,0,1
experiement,0,1,1
experienc,1,0,1
experience,525,729,1254
experienced,73,66,139
experiencee,0,1,1
experienceee,0,1,1
experiences,38,80,118
experiencing,94,45,139
experiened,0,1,1
experienta,0,2,2
experiential,0,1,1
experiiencee,1,0,1
experiment,63,100,163
experimental,11,16,27
experimentando,0,1,1
experimentar,0,1,1
experimentation,0,4,4
experimentations,0,1,1
experimenteaz,0,1,1
experimented,2,4,6
experimenter,1,0,1
experimenting,11,43,54
experimentor,0,1,1
experiments,18,18,36
experince,0,1,1
experinced,1,0,1
experss,0,1,1
expert,47,169,216
expertblogtipscan,1,0,1
experten,0,1,1
experti,0,1,1
expertise,8,22,30
experts,28,35,63
expertwp,0,1,1
expesh,1,0,1
expesive,1,0,1
expess,1,0,1
expeting,0,1,1
expext,0,2,2
expexted,1,0,1
expialidocious,0,1,1
expiation,1,0,1
expidition,1,0,1
expierance,0,1,1
expierence,3,1,4
expierience,0,4,4
expierment,0,1,1
expiernce,0,1,1
expirament,0,1,1
expiration,9,5,14
expirationa,1,0,1
expire,31,9,40
expired,147,23,170
expireddomain,1,0,1
expirence,1,0,1
expirencing,0,1,1
expires,30,11,41
expirian,1,0,1
expirience,3,1,4
expiriment,0,1,1
expiring,11,1,12
expirou,1,0,1
expiry,6,0,6
expl,2,0,2
explain,312,381,693
explaination,0,5,5
explaine,0,2,2
explained,17,41,58
explaines,1,0,1
explainig,1,0,1
explainin,1,3,4
explaining,36,79,115
explainitory,0,1,1
explainlol,1,0,1
explains,57,97,154
explan,0,1,1
explanable,1,0,1
explanation,49,71,120
explanations,1,10,11
explanatory,1,2,3
explaned,0,1,1
explativie,1,0,1
explay,0,1,1
explein,0,1,1
expletive,1,6,7
expletives,3,3,6
explic,1,0,1
explica,0,1,1
explicar,0,1,1
explicative,0,1,1
explicatives,0,1,1
explici,0,1,1
explicit,7,9,16
explicitly,6,1,7
explination,1,1,2
explique,1,0,1
explit,0,1,1
explitives,1,0,1
expln,1,0,1
expload,1,0,1
exploading,2,0,2
explod,1,0,1
explode,180,59,239
exploded,77,19,96
explodeeee,0,1,1
exploder,0,1,1
explodes,9,11,20
explodi,0,1,1
explodie,0,1,1
explodieren,1,0,1
exploding,30,19,49
explodiu,1,0,1
exploit,11,7,18
exploitation,2,1,3
exploitative,1,0,1
exploited,8,1,9
exploiting,5,1,6
exploitive,0,1,1
exploits,4,4,8
exploooode,2,0,2
explooosions,0,1,1
explora,3,1,4
exploracoeur,0,2,2
explorando,0,1,1
exploration,2,16,18
explorationofthearts,1,0,1
explorations,0,3,3
exploratorium,3,1,4
exploratory,1,1,2
explore,44,77,121
explored,8,14,22
explorer,81,38,119
explorerr,0,1,1
explorers,0,8,8
explores,0,2,2
explorin,0,1,1
exploring,47,129,176
exploringn,0,1,1
explosion,31,36,67
explosionnn,0,1,1
explosions,12,25,37
explosive,8,10,18
explosively,2,0,2
explosives,1,3,4
explosm,0,2,2
explotada,1,0,1
explote,2,0,2
exploting,1,0,1
expndable,0,1,1
expnsiv,1,0,1
expnsv,1,0,1
expo,68,114,182
expoagro,0,1,1
expofct,0,1,1
expoing,1,0,1
exponenci,1,0,1
exponent,1,0,1
exponential,6,1,7
exponentially,3,6,9
exponentials,0,1,1
exponents,1,0,1
expono,0,4,4
expopoo,1,0,1
expopool,1,0,1
expored,1,0,1
export,23,18,41
exportability,0,1,1
exportable,0,2,2
exportation,0,1,1
exported,5,4,9
exporter,1,1,2
exporters,0,2,2
exporting,11,14,25
exports,3,9,12
expos,1,3,4
expose,13,18,31
exposed,37,15,52
exposes,2,1,3
exposing,5,10,15
exposion,1,0,1
exposition,1,5,6
expositional,0,1,1
exposoid,1,0,1
exposure,31,41,72
exposures,1,7,8
expre,1,0,1
expreriences,0,1,1
expres,1,0,1
express,185,208,393
expressdaily,0,1,1
expressed,8,9,17
expresses,2,1,3
expressi,0,1,1
expressin,0,1,1
expressing,14,15,29
expressio,1,0,1
expression,28,78,106
expressionengine,0,1,1
expressionistic,0,1,1
expressions,11,24,35
expressive,4,1,5
expressjet,0,1,1
expressly,1,1,2
expresso,14,11,25
expressooooo,1,0,1
expressscribe,0,1,1
expressspecifically,0,1,1
expresssssss,0,1,1
expressway,3,3,6
expressways,0,1,1
exprience,1,2,3
exprint,0,1,1
exprnce,0,1,1
expsense,1,0,1
expsensive,1,0,1
expstn,0,1,1
expt,1,0,1
expunging,0,1,1
exque,1,0,1
exquisite,2,14,16
exquisitely,0,1,1
exquisiteness,0,1,1
exqusite,0,1,1
exr,1,0,1
exra,0,1,1
exray,1,0,1
exrcise,1,0,1
exrecise,0,1,1
exremefirstaid,0,1,1
exremley,1,0,1
exremly,1,0,1
exs,8,1,9
exsactly,0,1,1
exsam,3,0,3
exsams,0,1,1
exsausted,1,1,2
exscaped,1,0,1
exscruciating,1,0,1
exscruiscating,1,0,1
exsdesign,1,0,1
exsept,1,0,1
exshausted,0,1,1
exshellent,1,1,2
exsicted,0,1,1
exsist,9,8,17
exsistance,0,1,1
exsistence,1,0,1
exsistent,1,0,1
exsisting,1,0,1
exsists,0,1,1
exsit,0,1,1
exsitance,0,1,1
exsited,1,0,1
exsiting,1,0,1
exspansive,0,1,1
exspazzing,0,2,2
exspecially,4,1,5
exspect,2,1,3
exspected,0,1,1
exspelled,1,0,1
exspensive,6,0,6
exsperience,1,0,1
exsplain,0,1,1
exsploded,1,0,1
exspressions,0,1,1
exspresso,1,0,1
exsqueeze,1,1,2
exstasi,0,1,1
exstatcic,0,1,1
exstatic,1,3,4
ext,27,14,41
exta,0,2,2
extantions,0,1,1
extase,0,1,1
extatically,0,1,1
extaticcc,0,1,1
extaticness,1,0,1
extbase,0,2,2
extd,1,0,1
exte,1,0,1
exteded,1,0,1
exteen,0,2,2
extemely,6,2,8
extempers,1,0,1
extenal,1,0,1
extend,51,32,83
extendable,1,1,2
extended,104,116,220
extenden,0,1,1
extender,4,0,4
extenders,3,0,3
extending,9,9,18
extendo,0,1,1
extendr,0,1,1
extends,2,9,11
extened,1,0,1
extense,0,1,1
extensibility,1,2,3
extensible,1,0,1
extensiojns,0,1,1
extension,65,60,125
extensions,59,44,103
extensive,9,13,22
extensively,2,4,6
extensor,1,0,1
extent,20,22,42
extention,4,4,8
extentions,3,5,8
extents,0,1,1
extenze,2,0,2
exterior,11,4,15
exterm,1,0,1
exterme,1,0,1
exterminate,2,0,2
exterminator,5,4,9
exterminators,0,2,2
extern,2,2,4
external,139,70,209
externalinterface,2,0,2
externalities,1,0,1
externality,0,1,1
externally,5,1,6
externals,2,2,4
externship,6,1,7
extesions,0,1,1
extetaganzas,1,0,1
exthdd,1,0,1
extinct,19,5,24
extinction,5,6,11
extinguished,2,1,3
extinguisher,5,2,7
extinguishers,1,0,1
extinguishing,1,0,1
extit,0,1,1
extjs,1,1,2
extjsinaction,0,1,1
extnsive,0,1,1
extoggery,0,1,1
extolling,1,0,1
exton,2,0,2
extort,1,0,1
extortion,0,1,1
extortionate,5,0,5
extortionists,0,1,1
extplorer,1,0,1
extr,1,1,2
extra,845,908,1753
extraa,1,4,5
extraaaa,2,0,2
extrabiology,0,1,1
extrabold,0,1,1
extracaffeinated,0,1,1
extraclasses,1,0,1
extracorporeal,1,0,1
extract,14,10,24
extracted,24,2,26
extracting,4,4,8
extraction,22,1,23
extractions,2,0,2
extractor,2,1,3
extracts,3,2,5
extracurricular,1,2,3
extracurriculars,0,1,1
extradition,1,1,2
extraexcitiiiiingg,0,1,1
extralife,3,0,3
extraneous,1,0,1
extranet,0,2,2
extranio,1,0,1
extrano,4,0,4
extraordinaire,3,6,9
extraordinare,1,0,1
extraordinaries,1,0,1
extraordinarily,3,6,9
extraordinary,7,29,36
extrapolated,0,1,1
extrapolating,1,1,2
extras,19,32,51
extrasonly,1,0,1
extraspecial,0,1,1
extraterrestrial,0,2,2
extraterrorestrial,1,0,1
extraudonaire,1,0,1
extrav,0,2,2
extravagance,1,1,2
extravagances,0,1,1
extravagant,6,3,9
extravaganza,11,32,43
extravaganzas,1,0,1
extravaganzz,1,0,1
extream,1,2,3
extreamly,8,4,12
extreeeeeeeeeme,1,0,1
extreeeeeemely,1,0,1
extreeeeeme,0,1,1
extreeeemely,1,0,1
extreeeemly,1,1,2
extreeemely,1,0,1
extreeemmee,1,0,1
extreemly,1,1,2
extreemlyyy,1,0,1
extrem,0,1,1
extremadura,1,0,1
extremally,1,1,2
extreme,174,154,328
extremeee,0,1,1
extremeeeee,1,0,1
extremeeeely,1,0,1
extremelly,1,1,2
extremely,620,382,1002
extremelyhard,2,0,2
extremem,1,0,1
extremematsuri,0,1,1
extrememly,3,2,5
extremerer,0,1,1
extremes,5,3,8
extremesport,1,0,1
extremesportsweek,0,1,1
extremesss,0,1,1
extremeties,1,0,1
extremism,1,2,3
extremist,3,3,6
extremists,8,0,8
extremity,1,1,2
extremley,1,3,4
extremly,37,18,55
extrems,1,0,1
extrenely,1,0,1
extrme,1,1,2
extrmly,1,0,1
extrodinaire,0,2,2
extrordinaire,0,1,1
extrordinary,1,1,2
extrovert,0,3,3
extroverted,0,2,2
extroverts,1,0,1
extrvagant,0,1,1
extwarranty,1,0,1
exuahtsion,1,0,1
exuberance,0,3,3
exuberant,1,3,4
exucse,1,0,1
exude,0,1,1
exudes,0,1,1
exuding,0,1,1
exursion,1,0,1
exus,1,0,1
exuse,4,1,5
exuses,0,1,1
exussr,0,1,1
exwife,0,2,2
exwives,0,1,1
exxagerated,0,1,1
exxam,1,0,1
exxciiteed,1,1,2
exxcuse,1,0,1
exxhausted,0,1,1
exxon,1,1,2
exxtrra,1,0,1
exxxccccuuuuusssseeee,0,1,1
exxxcellent,1,0,1
exxxotica,0,1,1
exxxpensive,0,1,1
exxxrta,1,0,1
exxxtra,0,1,1
exxxtraa,0,1,1
exxxtraaa,1,0,1
exxxx,1,0,1
exxxxaccttttllyyyyy,1,0,1
exxxxcellent,0,1,1
exxxxxxxxxxxxxxxxxxcited,0,1,1
exxy,1,0,1
exy,1,1,2
exyll,0,1,1
exzacly,0,1,1
exzam,1,0,1
exzema,2,0,2
ey,31,69,100
eya,1,0,1
eyaa,1,2,3
eyah,1,3,4
eyahh,0,1,1
eyan,0,1,1
eyang,1,1,2
eyann,0,1,1
eyar,0,1,1
eyargh,1,0,1
eyaseer,0,1,1
eyb,2,1,3
eybar,1,0,1
eybrow,1,0,1
eybrows,2,0,2
eydhafushi,0,2,2
eye,1519,838,2357
eyebaaaags,1,0,1
eyebags,3,3,6
eyeball,22,3,25
eyeballed,3,0,3
eyeballs,30,18,48
eyeballszxzx,1,0,1
eyeballz,1,0,1
eyeballzz,1,0,1
eyebar,1,0,1
eyebeam,0,1,1
eyebglasses,1,0,1
eyeblasterday,1,0,1
eyeborws,0,1,1
eyebr,2,0,2
eyebrow,28,33,61
eyebrownz,0,1,1
eyebrows,75,85,160
eyebrowsl,1,0,1
eyecandies,1,0,1
eyecandy,3,2,5
eyecatching,0,1,1
eyechip,1,0,1
eyechips,1,1,2
eyecon,2,0,2
eyed,142,142,284
eyedeekay,0,1,1
eyeditis,1,0,1
eyedropper,1,0,1
eyedrops,14,2,16
eyedrum,1,0,1
eyee,1,2,3
eyeech,1,0,1
eyeeeee,1,0,1
eyeeeeees,1,0,1
eyeees,0,1,1
eyeemeee,1,0,1
eyeess,2,0,2
eyefi,5,11,16
eyefucked,0,1,1
eyefull,0,1,1
eyeglasses,6,5,11
eyeglassframes,1,0,1
eyein,1,0,1
eyeing,7,17,24
eyekah,1,0,1
eyeko,2,1,3
eyelash,13,1,14
eyelashes,17,26,43
eyelashwishes,1,0,1
eyeless,1,0,1
eyelet,1,0,1
eyelets,1,2,3
eyelid,24,2,26
eyelids,31,19,50
eyeline,0,2,2
eyeliner,37,41,78
eyelinering,1,0,1
eyeliners,1,0,1
eyema,1,0,1
eyemask,1,0,1
eyemasks,1,0,1
eyeout,0,1,1
eyepatch,3,3,6
eyepiece,2,0,2
eyeris,0,1,1
eyeroll,0,3,3
eyes,2203,1353,3556
eyeshadow,18,29,47
eyeshadows,8,5,13
eyeshield,2,0,2
eyesight,11,5,16
eyeslipsface,1,0,1
eyesonfps,0,1,1
eyesore,1,0,1
eyess,4,2,6
eyesss,0,1,1
eyessss,0,1,1
eyesssss,1,0,1
eyessssss,1,1,2
eyestrain,2,2,4
eyetest,2,0,2
eyetoy,1,2,3
eyetracking,0,2,2
eyetv,2,1,3
eyetwitch,1,0,1
eyewear,0,1,1
eyewears,0,1,1
eyewitness,0,1,1
eyewitnesses,0,1,1
eyewonderlabs,1,0,1
eyez,6,4,10
eyezz,1,0,1
eyh,1,1,2
eying,2,5,7
eyke,1,0,1
eyl,1,0,1
eylat,0,1,1
eylenmeme,0,1,1
eyof,1,0,1
eyore,0,1,1
eyota,1,0,1
eyou,1,4,5
eypey,0,1,1
eyqa,1,0,1
eyre,5,6,11
eys,2,1,3
eyup,1,0,1
eyy,3,9,12
eyyahaaaaaa,0,1,1
eyyy,4,8,12
eyyyy,0,1,1
eyyyyyyyy,0,1,1
ez,23,39,62
ezard,1,0,1
ezdeeeeee,1,0,1
ezduzzit,0,1,1
ezeego,0,1,1
ezekial,1,0,1
ezekiel,1,2,3
ezelle,1,0,1
ezer,0,1,1
ezhuthi,0,1,1
ezine,1,10,11
ezinearticles,3,2,5
ezines,1,1,2
ezistance,1,0,1
ezjam,0,1,1
ezkav,0,1,1
ezlink,1,1,2
ezlo,1,0,1
ezmir,2,0,2
ezmuze,0,2,2
ezo,1,0,1
ezoners,0,1,1
ezpass,2,0,2
ezpressing,0,1,1
ezra,10,6,16
ezrajane,0,1,1
ezri,1,0,1
ezsparkleim,0,1,1
ezt,0,3,3
eztv,2,1,3
ezul,0,1,1
ezvpn,1,0,1
ezy,5,4,9
ezydvd,0,1,1
ezyfrezy,0,1,1
ezyway,0,1,1
ezza,1,0,1
ezzactly,0,1,1
ezzz,0,1,1
ezzzz,0,1,1
fa,119,190,309
faa,7,4,11
faaa,2,1,3
faaaaa,1,0,1
faaaaaaaaaaaaaaaaaaaaaaaaaaaakkk,0,1,1
faaaaaaaaaaaaaaaackkkkkk,1,0,1
faaaaaaaaaaah,1,0,1
faaaaaaaaaaaiiirrr,1,0,1
faaaaaaaaaaave,0,1,1
faaaaaaaaaaavorite,1,0,1
faaaaaaaaaar,2,0,2
faaaaaaaaad,1,0,1
faaaaaaaaair,1,0,1
faaaaaaaack,1,0,1
faaaaaaaail,1,0,1
faaaaaaace,1,1,2
faaaaaaail,1,0,1
faaaaaaar,1,0,1
faaaaaaast,0,1,1
faaaaaaat,0,1,1
faaaaaail,1,0,1
faaaaaair,1,0,1
faaaaaak,0,1,1
faaaaaakin,1,0,1
faaaaaakkkk,1,0,1
faaaaaar,1,0,1
faaaaaarmer,0,1,1
faaaaaatttttt,1,0,1
faaaaaav,0,1,1
faaaaaavorite,1,0,1
faaaaab,0,1,1
faaaaabulous,0,1,1
faaaaack,2,0,2
faaaaaiiiillll,1,0,1
faaaaaiiil,1,0,1
faaaaail,2,0,2
faaaaaine,0,1,1
faaaaak,0,1,1
faaaaantastic,1,0,1
faaaaar,4,0,4
faaaaark,1,0,1
faaaaarrrn,1,0,1
faaaaarrrrr,0,1,1
faaaaast,2,0,2
faaaaavorite,1,0,1
faaaaavvv,0,1,1
faaaabulous,0,1,1
faaaail,1,0,1
faaaaillllled,1,0,1
faaaair,1,0,1
faaaake,0,1,1
faaaamz,1,0,1
faaaanny,0,1,1
faaaantastic,0,1,1
faaaar,9,0,9
faaaara,1,0,1
faaaark,2,0,2
faaaarr,1,0,1
faaaast,1,1,2
faaaaster,0,1,1
faaaave,0,1,1
faaaay,0,1,1
faaab,0,1,1
faaabulous,1,0,1
faaack,1,0,1
faaackin,1,1,2
faaade,1,0,1
faaaiiilll,1,0,1
faaail,1,0,1
faaairr,1,0,1
faaak,0,1,1
faaall,1,0,1
faaan,1,1,2
faaantasstic,0,1,1
faaar,9,2,11
faaark,1,0,1
faaart,0,1,1
faaasho,1,0,1
faaasssterrrr,0,1,1
faaast,2,1,3
faaat,3,0,3
faaattt,2,0,2
faaatz,1,0,1
faaave,2,0,2
faaavorite,0,1,1
faabbbbbbbbb,0,1,1
faabulous,1,1,2
faacck,1,0,1
faace,1,0,1
faack,1,0,1
faackkkkkk,1,0,1
faaded,0,1,1
faaiiilleddd,1,0,1
faair,2,1,3
faak,2,0,2
faaling,1,0,1
faam,0,1,1
faammm,1,0,1
faan,2,2,4
faanks,1,0,1
faar,5,2,7
faaron,0,1,1
faarreeee,1,0,1
faarrrr,2,0,2
faasho,0,1,1
faasstttttt,1,0,1
faast,1,1,2
faave,0,1,1
faavorite,0,1,1
fab,247,664,911
faba,1,0,1
fabalas,0,1,1
fabam,1,0,1
fabarooni,0,1,1
fabb,1,5,6
fabbb,0,5,5
fabber,0,1,1
fabbest,0,1,1
fabbie,0,2,2
fabbijoux,0,1,1
fabbity,1,0,1
fabbo,1,1,2
fabboo,0,1,1
fabby,7,11,18
fabdabidozie,1,0,1
fabdabulous,0,1,1
fabe,2,0,2
fabebook,0,1,1
faber,17,14,31
faberge,2,0,2
fabfour,1,0,1
fabfriday,0,1,1
fabi,3,6,9
fabiaaaaaan,1,0,1
fabian,7,6,13
fabiano,2,0,2
fabianski,2,0,2
fabianus,1,0,1
fabie,0,1,1
fabien,0,5,5
fabietto,1,0,1
fabii,1,0,1
fabiiiii,0,1,1
fabilicious,0,1,1
fabilous,1,0,1
fabio,1,6,7
fabiola,2,0,2
fabius,1,0,1
fable,26,19,45
fabled,0,3,3
fables,1,3,4
fablous,0,1,1
fabluous,1,0,1
fabness,1,0,1
fabo,3,4,7
fabolous,2,8,10
faboo,0,6,6
faboosh,1,4,5
fabooshh,1,0,1
faborite,0,1,1
faboulous,0,2,2
fabre,0,1,1
fabreeze,2,1,3
fabregas,1,1,2
fabretti,0,1,1
fabric,53,83,136
fabricated,4,0,4
fabricating,1,0,1
fabrication,1,0,1
fabrice,0,4,4
fabrics,1,15,16
fabricworm,1,0,1
fabrik,0,1,1
fabs,6,4,10
fabshe,1,0,1
fabtastic,0,5,5
fabu,2,4,6
fabubously,1,0,1
fabulas,1,0,1
fabulash,0,1,1
fabulicious,0,2,2
fabulocity,0,1,1
fabulos,0,1,1
fabulosity,1,3,4
fabuloso,0,3,3
fabulous,207,888,1095
fabulousclub,0,1,1
fabulouse,0,1,1
fabulousity,1,0,1
fabulously,3,14,17
fabulousme,1,0,1
fabulousness,1,3,4
fabulouss,0,2,2
fabulousss,1,0,1
fabulousssss,0,1,1
fabuloussssss,1,1,2
fabulouus,0,1,1
fabuloys,0,1,1
fabulus,0,1,1
fabusend,0,3,3
fabutan,1,2,3
fabutastic,0,1,1
fabzies,0,1,1
fac,7,12,19
facade,4,4,8
facades,0,2,2
facbook,4,1,5
faccaaaaaaaaaaal,0,1,1
facce,2,0,2
faccia,1,0,1
faccineli,0,1,1
facckk,1,0,1
face,3221,2318,5539
faceb,0,2,2
facebbok,0,2,2
facebbook,1,0,1
facebeek,0,1,1
facebizzle,0,1,1
facebk,3,2,5
faceblast,1,0,1
facebok,0,1,1
facebook,2047,2433,4480
facebookalcoholic,0,1,1
facebookchat,0,1,1
facebooked,2,3,5
facebooker,1,4,5
facebookers,4,7,11
facebookevent,1,0,1
facebookfail,1,0,1
facebookgate,0,1,1
facebookin,0,1,1
facebooking,9,30,39
facebookiscrap,1,0,1
facebookish,1,0,1
facebookkk,0,1,1
facebookmu,1,0,1
facebooknya,0,1,1
facebooknyah,1,0,1
facebookov,0,1,1
facebookprofile,0,1,1
facebooks,6,4,10
facebookz,1,0,1
facebool,0,1,1
faceboook,4,5,9
facebooook,0,1,1
faceboooookkkk,1,0,1
facebooooooooooooooked,0,1,1
facebox,1,0,1
facebuk,0,2,2
facecage,3,0,3
facecbook,1,0,1
facecharts,1,0,1
facecrack,1,1,2
faced,49,43,92
facedesk,1,0,1
facedown,1,2,3
facedwhorse,0,1,1
facee,5,7,12
faceee,3,0,3
faceeee,3,1,4
faceeeee,2,0,2
faceeeeee,1,0,1
faceeeeeee,0,1,1
faceeeeeeee,1,1,2
faceeeeeeeeeeeeeee,0,1,1
faceful,0,1,1
facehug,0,1,1
facehunter,1,0,1
faceinhole,0,1,1
faceless,17,8,25
facelessbook,1,0,1
facelift,3,9,12
facelogic,0,1,1
facelong,1,0,1
facem,0,2,2
facemarks,1,0,1
facemask,1,4,5
faceobok,0,1,1
faceoff,4,0,4
faceook,1,0,1
facepaint,1,3,4
facepainter,1,0,1
facepainting,0,1,1
facepalm,16,7,23
facepalmed,2,1,3
facepalms,2,1,3
facepalmstudio,1,0,1
facepanda,0,1,1
faceplace,0,1,1
faceplant,2,1,3
faceplanting,2,0,2
faceplants,2,0,2
faceplate,0,2,2
faceplates,0,2,2
faceportal,0,1,1
faceprayers,1,0,1
facepunch,0,1,1
facer,0,1,1
faces,164,296,460
faceshop,0,1,1
facesinplaces,0,1,1
facespacing,0,1,1
facesquated,1,0,1
facestalking,0,1,1
facesticle,1,0,1
facestruck,0,1,1
facesz,0,1,1
faceted,0,5,5
facetime,26,29,55
facetious,2,8,10
facetiously,0,1,1
facets,3,2,5
facett,2,0,2
facetubes,0,1,1
facewipe,0,1,1
facey,3,4,7
faceyb,1,0,1
faceyourmanga,1,1,2
faceyyyy,1,0,1
facezz,1,0,1
fach,2,3,5
fachabitur,0,1,1
fache,1,0,1
fachinelii,0,1,1
faci,5,0,5
facial,66,75,141
facialhairfriday,2,0,2
facialist,0,1,1
facially,1,0,1
facials,3,8,11
facialsssss,0,1,1
faciitis,1,0,1
facil,0,1,1
facile,0,1,1
facilita,0,1,1
facilitate,6,9,15
facilitated,1,0,1
facilitating,1,6,7
facilitator,4,0,4
facilitators,0,1,1
facilities,9,4,13
facility,32,12,44
facilote,0,1,1
facilties,1,0,1
facilty,1,1,2
facin,2,1,3
facinante,0,1,1
facinated,2,1,3
facinating,0,2,2
facination,0,2,2
facineli,1,0,1
facinelli,10,21,31
facing,83,49,132
facism,1,0,1
facist,1,1,2
facists,1,0,1
fack,36,9,45
fackas,0,1,1
facked,2,1,3
fackeltanz,0,2,2
fackers,0,1,1
fackin,5,1,6
facking,10,2,12
fackk,2,1,3
fackkk,1,1,2
fackkkk,3,0,3
fackkkkkk,1,0,1
facks,1,0,1
facon,0,1,1
facr,0,1,1
facs,1,0,1
facsettiiii,1,0,1
facsimile,1,0,1
facsists,1,0,1
fact,1138,944,2082
factats,0,2,2
faction,28,24,52
factioning,0,1,1
factions,0,5,5
factn,1,0,1
factoid,0,3,3
factoids,0,1,1
factor,110,103,213
factored,1,0,1
factorial,1,0,1
factorials,0,1,1
factories,4,3,7
factoring,2,0,2
factorising,0,1,1
factorizationn,1,0,1
factors,12,8,20
factory,138,190,328
factoryy,0,1,1
factoryyyy,0,1,1
facts,36,97,133
factual,1,3,4
facture,1,0,1
facu,0,3,3
facul,1,0,1
facultades,0,1,1
facultate,0,1,1
facultatea,0,1,1
faculty,9,19,28
facup,16,14,30
facupfinal,0,4,4
facut,4,11,15
facw,0,1,1
fad,19,16,35
fada,1,1,2
fadaahh,0,1,1
fadal,0,1,1
fadas,1,0,1
fadayan,1,0,1
fadda,1,0,1
fadded,0,1,1
faddle,1,0,1
faddy,0,1,1
fade,58,37,95
faded,48,41,89
fadeddd,0,1,1
fadededededed,0,1,1
fadedmoon,0,1,1
fadeingout,1,0,1
fader,2,1,3
faders,1,3,4
fades,16,10,26
fadey,1,0,1
fadfkajdflkajsdf,1,0,1
fadia,1,0,1
fadil,0,1,1
fadin,1,1,2
fading,74,28,102
fadl,1,0,1
fadly,1,0,1
fads,2,1,3
fadstaratze,0,1,1
fadwas,1,0,1
fady,0,1,1
fadzli,0,1,1
fae,10,6,16
faec,3,0,3
faeces,2,0,2
faenol,1,0,1
faerie,0,5,5
faeries,3,4,7
faerx,0,1,1
faery,3,3,6
faerydust,0,1,1
faes,0,1,1
faever,1,0,1
faez,1,0,1
faf,1,0,1
fafa,0,1,1
fafe,1,0,1
faff,4,0,4
faffie,0,1,1
faffing,6,5,11
fafi,0,2,2
fafictions,1,0,1
fafillion,0,2,2
fafinettex,1,1,2
fafsa,4,3,7
fag,52,36,88
fagance,1,0,1
fagans,1,0,1
fagbook,1,0,1
fage,1,0,1
fagen,0,1,1
faget,1,0,1
faggats,0,1,1
fagget,1,1,2
faggets,0,1,1
faggg,0,1,1
fagggg,0,1,1
fagggggg,0,1,1
faggie,1,0,1
faggiest,1,0,1
fagging,0,1,1
faggish,2,0,2
faggleee,1,0,1
faggot,23,16,39
faggotry,4,0,4
faggots,9,4,13
faggottt,0,1,1
faggs,0,1,1
faggy,2,1,3
faghag,1,0,1
faghat,1,2,3
fagheads,0,1,1
fagiaui,1,0,1
fagin,1,0,1
faginas,1,0,1
fagioli,1,3,4
fagit,0,1,1
fagma,0,1,1
fagmuffin,1,1,2
fagnuggets,0,1,1
fagot,1,0,1
fagottrons,0,1,1
fagpants,0,1,1
fags,21,12,33
fagulous,0,1,1
fagway,1,0,1
fah,5,2,7
fahad,0,1,1
fahaheel,0,1,1
faham,2,0,2
fahckin,1,0,1
fahdsfihasf,1,0,1
faheem,1,0,1
fahey,1,1,2
fahh,1,1,2
fahhk,1,0,1
fahim,0,1,1
fahk,2,0,2
fahkah,0,1,1
fahkyu,0,1,1
fahmetah,0,1,1
fahmi,0,1,1
fahmii,1,0,1
fahotho,0,1,1
fahr,1,0,1
fahreals,1,0,1
fahren,0,1,1
fahrenheit,4,8,12
fahrer,0,1,1
fahs,0,1,1
fahsion,0,1,1
fahzy,0,1,1
fai,5,2,7
faia,0,1,1
faible,0,2,2
faibw,0,1,1
faih,1,0,1
faiiiiiiiiiiiiil,1,0,1
faiiiiiiir,1,0,1
faiiiiiil,2,0,2
faiiil,2,0,2
faiilll,0,1,1
faiir,0,1,1
faiirr,0,1,1
faiirrr,1,0,1
faiith,1,0,1
fail,3109,661,3770
failage,1,0,1
failari,1,0,1
failblog,2,10,12
failblogs,1,0,1
failboat,3,0,3
failbook,2,1,3
failbot,1,0,1
failbringer,1,0,1
failbrownies,1,0,1
failbus,1,0,1
failcar,0,1,1
failcelebration,1,0,1
failcon,1,0,1
faild,6,1,7
faildalton,0,1,1
failday,1,0,1
failed,1287,214,1501
failedcarmodels,0,1,1
failedkewreunion,1,0,1
failedobjective,0,1,1
failer,0,1,1
failerr,1,0,1
failest,1,0,1
failfailfail,1,0,1
failfriday,2,1,3
failgasm,1,0,1
failhike,0,1,1
faililng,0,1,1
failin,7,1,8
failing,398,74,472
failings,2,2,4
failinnngg,1,0,1
failiure,2,0,2
faill,5,0,5
failled,0,1,1
failling,1,0,1
failll,10,1,11
faillll,3,0,3
failllll,2,0,2
failllllboat,0,1,1
faillllll,1,0,1
failllllll,3,1,4
faillllllllled,1,0,1
faillllllllll,1,0,1
faillllllllllll,1,0,1
failmedia,2,0,2
failness,3,1,4
failnet,1,0,1
failon,0,1,1
failor,1,0,1
failover,1,0,1
failpasta,1,0,1
failpig,0,1,1
failrobot,0,1,1
failry,1,0,1
fails,207,108,315
failsafe,1,3,4
failsauce,3,0,3
failskis,1,0,1
failsqqp,1,0,1
failst,1,0,1
failtastic,1,1,2
failting,1,0,1
failtube,0,1,1
failuer,0,1,1
failure,332,93,425
failureee,1,0,1
failureeeeee,1,0,1
failureeeeeee,1,0,1
failureeeeeeeeee,1,0,1
failureeeeeeeeeeee,1,0,1
failures,25,12,37
failvodafone,1,0,1
failwhale,11,9,20
failwhalebegone,0,1,1
failwhales,1,0,1
faily,1,0,1
failybooth,1,0,1
failz,2,0,2
faimly,2,0,2
fain,0,2,2
faint,59,48,107
fainted,46,12,58
faintest,1,1,2
faintin,2,0,2
fainting,15,7,22
faintly,4,6,10
faints,3,11,14
fainty,0,2,2
fair,1801,812,2613
fairbairn,1,0,1
fairbanks,2,4,6
fairburn,0,1,1
fairclougha,1,0,1
faire,43,47,90
fairenhieght,0,1,1
fairer,2,5,7
fairerrrrrrrr,1,0,1
faires,0,1,1
fairest,0,2,2
fairey,1,0,1
fairfax,12,22,34
fairfield,6,12,18
fairfiled,0,1,1
fairford,0,1,1
fairground,1,2,3
fairgrounds,7,8,15
fairhaven,0,1,1
fairie,0,1,1
fairies,10,27,37
fairing,4,0,4
fairlands,0,1,1
fairly,114,154,268
fairmindedness,1,0,1
fairmont,3,3,6
fairmount,1,2,3
fairness,11,9,20
fairoaks,1,0,1
fairphantom,0,1,1
fairplay,1,0,1
fairplayys,0,1,1
fairr,6,2,8
fairre,1,0,1
fairrr,4,1,5
fairrrr,2,1,3
fairrrrr,5,0,5
fairrrrrr,3,1,4
fairrrrrrr,7,0,7
fairrrrrrrrr,2,0,2
fairs,7,9,16
fairshare,0,1,1
fairss,1,0,1
fairtax,0,1,1
fairtex,1,0,1
fairtrade,5,3,8
fairuz,0,1,1
fairview,2,5,7
fairvieww,0,1,1
fairway,2,0,2
fairways,2,0,2
fairweather,0,2,2
fairwell,3,0,3
fairy,86,134,220
fairybit,0,2,2
fairybread,0,1,1
fairycakes,1,0,1
fairyfloss,1,0,1
fairygawdmama,1,0,1
fairygodmother,1,0,1
fairyguide,0,1,1
fairyland,0,1,1
fairylights,0,1,1
fairyness,0,1,1
fairynuff,0,1,1
fairys,1,3,4
fairysnuff,0,1,1
fairytale,16,47,63
fairytales,3,2,5
fairytopia,1,1,2
fairyytaaaale,0,1,1
fais,1,4,5
faisal,0,2,2
faisean,0,1,1
faison,1,1,2
fait,2,6,8
faite,0,1,1
faith,180,356,536
faithbridge,0,1,1
faithers,0,1,1
faithfan,0,1,1
faithfreaks,1,0,1
faithful,29,44,73
faithfull,0,1,1
faithfullness,0,1,1
faithfully,3,7,10
faithfulness,0,1,1
faithfuls,1,2,3
faithh,1,0,1
faithless,1,6,7
faithnomore,0,1,1
faithnomorehour,0,1,1
faithpoint,1,0,1
faiths,0,1,1
faithtfuls,1,0,1
faithy,1,1,2
faithyhopes,1,0,1
faiting,0,1,1
faitytales,1,0,1
faixas,0,1,1
faiz,1,1,2
faiza,0,1,1
faizaaa,1,0,1
faizal,3,0,3
faizar,0,1,1
faizon,0,1,1
faj,1,0,1
faja,0,5,5
fajah,3,0,3
fajar,0,1,1
fajardo,1,2,3
fajargholi,1,0,1
fajhetas,1,0,1
fajita,5,8,13
fajitaaaa,1,0,1
fajitas,14,17,31
fajitias,0,1,1
fajitta,0,1,1
fajn,2,1,3
fajny,0,1,1
fajr,1,0,1
fak,6,2,8
fakadate,0,1,1
fakarkte,1,0,1
fake,570,448,1018
fakebaked,1,0,1
fakebook,1,0,1
fakeceleb,0,1,1
faked,9,5,14
fakee,0,1,1
fakeee,0,1,1
fakeeeeee,1,0,1
fakef,1,0,1
fakeflu,1,0,1
fakeing,1,0,1
fakejessicaalba,0,1,1
fakejob,1,0,1
fakejowhiley,4,0,4
fakekristen,0,1,1
fakeness,1,2,3
fakeone,1,0,1
fakeout,1,0,1
fakequote,0,1,1
faker,10,10,20
fakeroot,1,0,1
fakerparissucks,0,3,3
fakerpattz,1,0,1
fakers,11,7,18
fakery,1,1,2
fakes,40,30,70
fakess,1,0,1
fakest,1,0,1
fakesufjan,1,0,1
faketan,3,0,3
fakew,0,1,1
fakey,1,0,1
fakez,0,1,1
fakhirah,1,0,1
fakie,0,2,2
fakin,4,2,6
faking,12,14,26
fakingly,0,1,1
fakir,2,0,2
fakjhgdfgh,1,0,1
fakk,1,0,1
fakkit,1,0,1
fakkk,2,0,2
fakkkkkkkkkkkkkkkk,1,0,1
fakn,1,0,1
fakra,1,0,1
fakro,1,0,1
faks,1,0,1
fakt,2,4,6
faktury,1,0,1
faky,0,1,1
fal,0,2,2
fala,3,2,5
falaaa,0,1,1
falafal,0,1,1
falafals,0,1,1
falafel,9,14,23
falafels,2,1,3
falaffel,1,0,1
falah,1,0,1
falahklahla,0,1,1
falalala,1,0,1
falalalalala,0,1,1
falalfel,1,1,2
falando,1,2,3
falanghinafriday,0,1,1
falar,4,3,7
falciglia,0,1,1
falco,1,2,3
falcom,0,1,1
falcon,7,21,28
falcone,0,1,1
falconeday,1,0,1
falconer,1,1,2
falconers,1,0,1
falcones,0,1,1
falconry,1,2,3
falcons,3,1,4
falcor,1,0,1
falcore,1,1,2
faldo,1,0,1
fale,2,2,4
faled,1,0,1
falei,1,1,2
falfurrias,1,0,1
fali,1,0,1
falied,2,0,2
falier,0,1,1
faliraki,1,0,1
faliure,4,0,4
falk,3,0,3
falke,1,2,3
falken,0,1,1
falkirk,9,8,17
falkland,1,1,2
falklands,2,1,3
falkner,0,1,1
falks,0,1,1
fall,2177,1181,3358
falla,1,0,1
fallacies,1,1,2
fallacious,0,1,1
fallacy,3,1,4
fallafel,0,1,1
fallando,1,0,1
fallas,1,1,2
fallatio,0,1,1
fallback,5,2,7
fallbrook,1,0,1
fallbrooke,0,2,2
falld,1,0,1
falled,1,0,1
falleen,1,0,1
fallem,1,0,1
fallen,188,118,306
fallenheroes,1,0,1
falleth,0,1,1
fallforyou,2,0,2
fallic,0,1,1
fallin,65,51,116
falling,859,531,1390
fallinginlove,0,1,1
fallinq,0,1,1
falll,1,1,2
fallling,3,2,5
falllllinggg,0,1,1
falllllll,1,0,1
falllls,0,1,1
falllows,0,1,1
falln,0,1,1
fallo,0,1,1
fallofautumndistro,1,0,1
fallon,66,73,139
fallout,63,55,118
falloutboy,2,5,7
fallouts,0,1,1
fallow,7,11,18
fallowed,0,1,1
fallower,0,2,2
fallowers,2,4,6
fallowerss,1,0,1
fallowerz,0,1,1
fallowing,2,11,13
fallows,2,0,2
falls,144,142,286
fallstar,0,1,1
fallt,1,0,1
fally,1,0,1
falm,1,0,1
falmouth,2,5,7
falmouthhh,0,1,1
faln,1,0,1
falo,0,2,2
falon,0,2,2
falou,2,0,2
falouga,1,0,1
falpjacks,0,1,1
falsche,1,0,1
false,131,76,207
falsehood,0,1,1
falsehoods,1,0,1
falsely,1,1,2
falsetto,1,4,5
falsh,1,0,1
falsies,2,0,2
falsifying,1,1,2
falso,0,1,1
falsul,0,1,1
falt,1,0,1
falta,7,1,8
faltam,0,3,3
faltamo,1,0,1
faltan,2,1,3
faltas,1,0,1
falter,0,1,1
faltered,5,0,5
faltering,3,1,4
falto,0,1,1
faltown,0,1,1
faluma,0,1,1
falun,0,1,1
faluting,0,1,1
falwell,1,0,1
falyn,0,1,1
fam,652,1015,1667
fama,1,2,3
famale,0,1,1
famalia,0,2,2
famara,0,1,1
fambam,4,18,22
fambeezy,0,1,1
fambly,1,1,2
famclub,0,1,1
famdamnly,0,1,1
fame,74,125,199
famebook,0,1,1
famed,1,6,7
fameeezy,0,1,1
famefestival,0,1,1
famelab,1,0,1
fameous,1,0,1
famer,1,0,1
famers,1,1,2
fames,1,0,1
famewhore,1,0,1
famewhoresucks,0,1,1
famfam,1,1,2
fami,2,0,2
famiglia,0,3,3
famiiily,0,1,1
famiily,0,1,1
famiiy,1,0,1
famil,1,3,4
familar,1,7,8
familes,5,1,6
familia,16,57,73
familiaaa,0,2,2
familial,1,1,2
familiar,70,202,272
familiarity,3,3,6
familiarizando,0,1,1
familiarize,1,2,3
familiarr,0,1,1
familiars,0,2,2
familias,0,1,1
familie,2,2,4
familiepark,0,1,1
families,294,72,366
familigia,0,1,1
familiy,0,1,1
familize,0,1,1
famille,2,3,5
familles,1,0,1
famillies,1,0,1
familly,3,3,6
famillyy,0,1,1
familt,0,1,1
familty,1,0,1
family,3573,4186,7759
familya,0,1,1
familybs,1,0,1
familyday,0,2,2
familyforce,12,20,32
familyfore,0,1,1
familyguy,1,2,3
familyhistory,1,0,1
familylife,0,1,1
familylove,0,1,1
familymoments,0,1,1
familyof,1,1,2
familyparty,0,1,1
familyphoto,1,0,1
familys,17,6,23
familytastic,1,0,1
familytime,2,0,2
familytweetup,0,1,1
familyvideo,1,0,1
familyy,4,12,16
familyyy,1,13,14
familyyyy,0,2,2
familyyyyy,0,1,1
familyyyyyyyy,0,1,1
familyyyyyyyyyyyy,0,1,1
famima,2,1,3
famination,0,1,1
famine,11,8,19
faminine,0,1,1
famintion,0,2,2
famiry,0,1,1
famished,10,5,15
famitsu,2,0,2
famiy,1,4,5
famiyy,1,0,1
famjam,2,1,3
famjamm,1,0,1
famke,2,0,2
famlaayy,0,1,1
famlayy,1,0,1
famlee,0,1,1
famley,0,1,1
famlies,1,0,1
famlily,0,1,1
famliy,1,2,3
famly,1,4,5
famm,1,5,6
fammm,1,4,5
fammmm,0,2,2
fammmmm,0,2,2
famn,1,0,1
famo,4,2,6
famoo,0,1,1
famosa,2,1,3
famosu,1,0,1
famou,1,1,2
famous,286,543,829
famousblinker,1,0,1
famouscuteboys,0,1,1
famouse,4,3,7
famouslovelies,1,0,1
famously,1,6,7
famouslyhot,0,1,1
famouss,1,0,1
famoussas,1,0,1
famousstarsandstraps,0,1,1
famoust,1,1,2
famouus,1,0,1
fams,14,11,25
famski,0,1,1
famsss,1,0,1
famsz,0,1,1
famtimes,0,1,1
famu,5,1,6
famulus,0,1,1
famy,1,0,1
famz,5,8,13
fan,1433,2659,4092
fana,1,1,2
fanale,0,2,2
fanalie,1,0,1
fanally,1,1,2
fanar,1,0,1
fanart,2,2,4
fanarts,3,0,3
fanastic,0,4,4
fanatic,10,32,42
fanatical,1,3,4
fanaticism,2,1,3
fanaticlive,0,1,1
fanatics,6,13,19
fanatique,1,0,1
fanbase,11,18,29
fanblog,0,1,1
fanbloodytastic,0,1,1
fanbloomingtastical,0,1,1
fanboi,2,2,4
fanbois,0,1,1
fanboy,13,21,34
fanboyism,0,1,1
fanboys,16,28,44
fanboytalkbutton,0,1,1
fancast,2,4,6
fanccccy,0,1,1
fance,1,0,1
fanceh,1,0,1
fancher,0,1,1
fancied,16,14,30
fancier,2,3,5
fancies,21,15,36
fanciful,0,2,2
fancin,0,1,1
fancinelli,0,1,1
fancings,1,0,1
fanclub,26,27,53
fanclubb,0,1,1
fancophone,1,0,1
fancorps,0,1,1
fancy,282,388,670
fancycat,1,0,1
fancydress,1,0,1
fancyed,1,0,1
fancying,0,1,1
fancylady,0,3,3
fancylove,1,0,1
fancys,1,3,4
fancytimes,0,1,1
fand,0,2,2
fandabbydosey,1,0,1
fandabydozy,0,1,1
fandance,0,1,1
fandango,3,11,14
fandangos,1,0,1
fandev,1,0,1
fandf,1,0,1
fandibulous,0,1,1
fandidilitasic,1,0,1
fandom,28,27,55
fandoms,3,1,4
fandomsecrets,1,0,1
fandub,0,1,1
fandy,0,2,2
fane,1,0,1
fanel,0,1,1
faneuil,1,1,2
fanevent,1,1,2
fanexpo,0,1,1
fanfair,1,0,1
fanfamily,1,1,2
fanfamilyexperience,0,1,1
fanfare,4,4,8
fanfaren,0,1,1
fanfarlo,0,1,1
fanfi,0,1,1
fanfic,18,42,60
fanficland,1,0,1
fanfics,8,15,23
fanficshon,1,0,1
fanfiction,17,27,44
fanfictionizlyf,0,6,6
fanfictions,2,3,5
fanforum,0,1,1
fanfou,0,1,1
fanfreakingtastic,1,0,1
fanfriggintastic,0,1,1
fanfucking,0,1,1
fanfuckingtastic,2,1,3
fanfuckintastic,1,1,2
fanfusion,0,1,1
fang,3,2,5
fangame,0,1,1
fangamer,0,1,1
fangbanger,2,0,2
fanghuiiiiiii,1,0,1
fangin,1,0,1
fangirl,29,38,67
fangirled,1,1,2
fangirling,5,4,9
fangirlism,1,1,2
fangirlness,0,1,1
fangirls,13,16,29
fangirly,1,4,5
fangled,0,1,1
fangless,0,1,1
fangocon,0,1,1
fangoria,2,3,5
fangs,9,11,20
fangtasia,0,2,2
fangz,0,1,1
fania,1,2,3
fanigirl,0,1,1
fanily,1,0,1
fanimation,0,1,1
fanime,3,5,8
fanimecon,2,0,2
faniniiiiiiiiiiiiiiiiiii,0,1,1
fank,0,7,7
fankit,0,1,1
fankits,0,1,1
fankle,1,0,1
fankoo,1,1,2
fankooooo,0,1,1
fanks,2,20,22
fankss,0,1,1
fanky,0,1,1
fankyoooo,0,1,1
fanline,0,2,2
fanlisting,1,2,3
fanlistings,1,0,1
fanlock,1,0,1
fanmade,1,5,6
fanmail,3,5,8
fanmails,1,0,1
fanmeet,0,1,1
fanmeeting,1,0,1
fanmix,0,1,1
fanmixes,1,1,2
fann,4,6,10
fanna,1,0,1
fanncyin,1,0,1
fanned,1,4,5
fannett,0,1,1
fannie,0,4,4
fannies,2,2,4
fanniest,0,1,1
fannii,1,0,1
fannin,0,1,1
fanning,2,6,8
fannish,1,1,2
fannnnntasticc,1,0,1
fanno,0,1,1
fannot,1,0,1
fanns,0,2,2
fannxxx,0,1,1
fanny,14,19,33
fannyfic,0,1,1
fannying,0,1,1
fannytastic,0,1,1
fanofrugby,1,0,1
fanoniannausea,1,0,1
fanou,0,1,1
fanous,0,1,1
fanpage,3,6,9
fanpages,2,0,2
fanpic,0,2,2
fanpires,2,0,2
fanpop,1,0,1
fanprentice,1,0,1
fans,950,1489,2439
fansastic,0,1,1
fanscination,1,0,1
fansigns,0,1,1
fansite,17,37,54
fansites,2,5,7
fansofjb,0,1,1
fansource,0,1,1
fanspace,0,1,1
fanss,0,1,1
fanssss,1,1,2
fansssss,0,1,1
fanstast,1,0,1
fanstastic,0,3,3
fanstr,0,1,1
fansz,1,0,1
fant,1,3,4
fanta,14,19,33
fantaaaastic,1,0,1
fantab,0,2,2
fantablous,0,1,1
fantabolous,0,2,2
fantabulous,9,46,55
fantabymazingbrilliawsome,0,3,3
fantaci,0,1,1
fantage,0,1,1
fantails,1,0,1
fantales,0,1,1
fantana,0,1,1
fantany,1,0,1
fantard,0,1,1
fantasctic,0,1,1
fantaserye,0,1,1
fantasia,5,5,10
fantasiaq,1,0,1
fantasic,1,5,6
fantasically,0,1,1
fantasie,1,1,2
fantasies,13,13,26
fantasise,1,1,2
fantasised,1,1,2
fantasising,0,1,1
fantasitc,0,2,2
fantasitic,0,1,1
fantasize,6,4,10
fantasized,1,0,1
fantasizes,1,0,1
fantasizing,3,5,8
fantasmagorical,0,1,1
fantasmic,11,5,16
fantasmical,0,1,1
fantasmically,0,1,1
fantassising,1,0,1
fantastalistic,0,1,1
fantastariffic,0,1,1
fantastc,1,0,1
fantastcs,0,1,1
fantastic,376,1527,1903
fantastical,3,19,22
fantastically,7,23,30
fantasticcc,1,0,1
fantasticccc,1,0,1
fantasticest,0,1,1
fantastick,0,1,1
fantasticly,0,2,2
fantastico,3,6,9
fantasticoooooooooo,0,1,1
fantastics,0,2,2
fantastiic,0,1,1
fantastique,1,1,2
fantastisch,0,1,1
fantastood,1,0,1
fantasty,1,0,1
fantastyc,0,1,1
fantasy,131,172,303
fantasyfootball,0,1,1
fantasyfooty,0,1,1
fantasyfrost,0,1,1
fantasygarage,0,1,1
fantasypride,1,0,1
fantasys,1,0,1
fantasysurfer,1,0,1
fantasyworld,1,0,1
fantatic,0,1,1
fantatsic,0,1,1
fantay,1,0,1
fantazie,0,1,1
fantazmo,0,1,1
fanthom,1,0,1
fanthomas,0,2,2
fantine,1,0,1
fantising,1,0,1
fantisize,0,1,1
fantom,2,1,3
fantome,1,1,2
fants,1,0,1
fantsastic,0,1,1
fantsay,0,1,1
fantsy,1,1,2
fantuckingfastic,0,1,1
fantwasticly,0,1,1
fantweets,0,1,1
fantwitterous,0,1,1
fantype,1,0,1
fanuel,0,1,1
fanupdate,1,0,1
fanvid,2,1,3
fanvideo,1,1,2
fanvids,0,3,3
fanwalk,1,0,1
fanx,0,8,8
fanxs,0,1,1
fanxx,1,1,2
fany,0,2,2
fanz,1,1,2
fanzone,1,0,1
fanzzzz,0,1,1
fao,3,0,3
faog,1,0,1
faorite,1,0,1
faourite,0,1,1
faouzi,0,1,1
faovirite,0,1,1
fap,10,3,13
fapalecki,0,1,1
faped,1,0,1
fapping,0,2,2
fapt,0,2,2
faq,5,10,15
faqs,3,2,5
far,4240,3447,7687
fara,1,4,5
faraaas,0,1,1
faraby,0,1,1
faraday,9,3,12
farage,1,0,1
farah,32,5,37
farahf,1,0,1
farangs,1,0,1
farasha,0,1,1
faraway,9,4,13
farayusuf,0,1,1
farb,0,1,1
farber,0,1,1
farce,4,4,8
farcebook,2,0,2
farcical,3,1,4
farckle,0,1,1
farcry,3,0,3
fardhi,2,0,2
fare,51,24,75
fareal,3,3,6
fareast,1,0,1
farecast,0,2,2
fared,2,3,5
faree,1,0,1
fareed,0,1,1
fareee,0,1,1
fareez,0,1,1
fareham,1,2,3
farel,0,1,1
farely,1,1,2
farenheit,1,0,1
fares,13,10,23
farest,1,0,1
farewell,163,58,221
farewelling,2,0,2
farewellness,0,1,1
farewells,10,2,12
farez,1,0,1
farfa,0,1,1
farfalla,1,0,1
farfallina,1,0,1
farg,1,0,1
fargin,2,0,2
fargo,8,7,15
farhan,1,1,2
farhana,0,1,1
farhavener,1,0,1
farhenheit,1,0,1
farhers,1,0,1
farhin,0,1,1
farhnam,1,0,1
fariah,0,2,2
faribault,1,0,1
farickin,0,1,1
faridabad,0,1,1
faridah,0,1,1
farie,0,2,2
faries,2,1,3
farifax,1,0,1
farifield,0,1,1
farii,0,1,1
farin,2,1,3
farina,3,1,4
faring,1,1,2
faris,2,7,9
farish,0,1,1
farissa,1,1,2
fariz,0,1,1
fariza,1,0,1
fark,27,6,33
farked,6,1,7
farken,2,1,3
farkerdi,1,0,1
farkin,3,1,4
farking,5,4,9
farkitall,0,1,1
farkk,3,0,3
farkle,1,3,4
farkles,1,0,1
farkling,0,1,1
farkus,2,0,2
farles,0,1,1
farley,8,2,10
farleys,1,0,1
farls,0,2,2
farm,145,213,358
farmaaaaaa,0,1,1
farmagudi,0,1,1
farman,1,0,1
farmanieh,1,0,1
farmar,5,2,7
farmboy,0,1,1
farmed,2,1,3
farmer,56,81,137
farmers,70,83,153
farmersmarket,1,1,2
farmfresh,1,0,1
farmgirl,9,2,11
farmhouse,0,5,5
farmigton,0,1,1
farming,16,11,27
farmingdale,1,0,1
farmington,6,4,10
farmland,0,1,1
farmlands,0,1,1
farmrs,1,0,1
farms,21,15,36
farmstead,1,0,1
farmtown,8,18,26
farmtownkitty,1,0,1
farmville,2,2,4
farmyard,2,1,3
farn,0,2,2
farnborough,1,0,1
farnbrough,0,2,2
farnee,0,1,1
farnete,0,1,1
farnham,3,5,8
farni,0,1,1
farnsey,1,0,1
farnsworth,2,1,3
faro,3,1,4
faroes,0,1,1
faroese,0,1,1
farofa,0,1,1
farolito,0,1,1
faron,0,1,1
farorite,0,1,1
farout,2,1,3
farpoint,0,1,1
farpoll,1,0,1
farquad,0,2,2
farr,4,4,8
farraday,1,0,1
farragamo,0,1,1
farragut,0,1,1
farrah,541,12,553
farrahfawcett,1,0,1
farrahfawcettrip,1,0,1
farrahhh,1,0,1
farrahhhhhhhh,1,0,1
farrahs,0,1,1
farrant,0,1,1
farrari,1,0,1
farras,0,1,1
farraw,1,0,1
farrel,1,2,3
farrell,7,8,15
farrells,1,0,1
farren,1,1,2
farrenheit,0,1,1
farret,1,0,1
farrhad,0,1,1
farrier,4,1,5
farries,0,1,1
farringdon,3,1,4
farrington,1,1,2
farris,2,0,2
farrish,0,1,1
farriswheel,0,1,1
farrk,1,1,2
farrley,1,0,1
farro,3,3,6
farrout,1,0,1
farrow,3,1,4
farrr,9,1,10
farrrk,1,0,1
farrrr,5,2,7
farrrrk,1,0,1
farrrrr,2,0,2
farrrrrkin,1,0,1
farrrrrrr,1,0,1
farrrrrrrk,1,0,1
farrrrrrrkkkkk,0,1,1
farrrve,0,1,1
fars,0,1,1
farscape,3,7,10
farseer,1,0,1
farsi,17,5,22
farsighted,1,0,1
fart,50,61,111
farted,41,15,56
farteddd,1,0,1
farter,1,0,1
farther,27,20,47
farthers,4,0,4
farthest,4,7,11
farthing,1,1,2
fartin,1,3,4
farting,19,13,32
fartingloud,1,0,1
fartknockers,0,1,1
farto,1,1,2
fartooloud,0,1,1
farts,16,19,35
fartsy,2,3,5
fartwatch,11,2,13
farty,0,7,7
farve,2,4,6
farward,1,0,1
farwell,6,1,7
faryal,0,1,1
faryl,0,3,3
farytale,0,1,1
fas,2,5,7
fasa,0,1,1
fasano,0,1,1
fasc,1,0,1
fascade,1,0,1
fascat,1,0,1
faschist,1,0,1
fascianations,0,1,1
fasciitis,1,0,1
fascilitators,1,0,1
fascinate,1,1,2
fascinated,10,25,35
fascinates,1,9,10
fascinating,30,83,113
fascination,1,13,14
fascinations,0,1,1
fascinator,1,1,2
fascism,4,1,5
fascist,8,7,15
fascists,6,3,9
fascitis,0,1,1
fascnation,0,1,1
fase,3,0,3
faseb,1,0,1
fasebuk,0,1,1
fasfa,3,1,4
fash,2,3,5
fasha,3,0,3
fashanu,0,1,1
fashawn,1,0,1
fasheeen,1,0,1
fashion,245,442,687
fashionable,4,23,27
fashionably,3,10,13
fashionagainstaids,0,1,1
fashionaire,0,1,1
fashionblock,1,0,1
fashiondelicious,0,5,5
fashiondesign,0,1,1
fashioned,27,52,79
fashioneds,0,2,2
fashionef,0,1,1
fashionindie,1,0,1
fashioning,0,1,1
fashionista,5,8,13
fashionistaaaa,0,1,1
fashionistashay,1,0,1
fashionology,0,1,1
fashionpolisa,0,1,1
fashionrecipeonly,0,1,1
fashions,1,1,2
fashionshow,1,1,2
fashionspace,1,0,1
fashionspot,2,0,2
fashionweekly,0,1,1
fashiony,0,1,1
fashnsswthrt,0,1,1
fasho,5,13,18
fashofasho,0,1,1
fashoo,0,3,3
fasicinated,1,0,1
fasinated,0,2,2
fasinates,0,1,1
fasinating,0,2,2
fasing,1,0,1
fasion,1,2,3
fasionablly,0,1,1
fasioned,0,1,1
fasions,0,1,1
fasit,1,0,1
faso,0,1,1
fasp,0,1,1
fass,1,6,7
fassbinder,0,1,1
fassssst,0,1,1
fasssst,4,0,4
fassssttt,0,1,1
fassst,0,2,2
fassstt,1,0,1
fasst,0,1,1
fasstt,1,0,1
fast,1875,1325,3200
fasta,2,1,3
fastastically,0,1,1
fastball,1,1,2
fastboot,0,1,1
fastboys,0,1,1
fastcars,0,1,1
fastcgi,2,4,6
fastelco,1,0,1
fasten,1,3,4
fastened,0,1,1
faster,342,383,725
fasterer,1,0,1
fasterfaster,0,1,1
fasterlouder,1,0,1
fasterr,2,0,2
fasterrr,1,1,2
fasterrrr,1,0,1
fasterrrrrr,1,0,1
fasterx,0,1,1
fastest,27,43,70
fastfollowfive,0,2,2
fastfood,8,6,14
fastforward,5,0,5
fastforwarded,0,1,1
fastfwd,1,0,1
fastgames,1,0,1
fasthosts,1,1,2
fastidious,0,1,1
fastighetssk,1,0,1
fastin,1,0,1
fasting,33,12,45
fastings,0,1,1
fastival,1,0,1
fastlane,7,5,12
fastly,2,1,3
fastmo,0,1,1
fastnet,1,0,1
fastpass,2,0,2
fastpasses,1,0,1
fastpasstv,0,1,1
fastpips,0,1,1
fastpitch,1,1,2
fastr,0,1,1
fastrack,0,1,1
fastrak,2,0,2
fastreport,1,0,1
fastsmallballbuster,0,1,1
fastspring,1,0,1
fastt,4,3,7
fasttrack,1,3,4
fasttt,4,0,4
fastttt,0,2,2
fastweb,1,0,1
fat,1118,637,1755
fata,1,1,2
fatafat,0,1,1
fatafeat,0,2,2
fatal,45,14,59
fatalattraction,0,1,1
fatale,0,2,2
fatalgroove,0,1,1
fatalism,0,1,1
fatalistic,0,1,1
fatalities,12,2,14
fatality,13,3,16
fatally,5,0,5
fatarse,0,1,1
fatass,12,12,24
fatasses,1,3,4
fatasssss,1,0,1
fatbaby,0,1,1
fatbastard,1,0,1
fatblokes,1,0,1
fatboi,1,0,1
fatboy,8,11,19
fatboys,0,1,1
fatbrand,0,1,1
fatburger,4,2,6
fatcats,1,0,1
fatch,0,1,1
fatcoi,0,1,1
fatcow,0,1,1
fatcyclist,0,1,1
fatdom,0,1,1
fate,61,84,145
fated,6,10,16
fatee,0,1,1
fateful,1,0,1
fatefully,1,0,1
fateh,0,1,1
fatema,1,0,1
fatemi,1,0,1
faterfall,1,0,1
fates,1,2,3
fatest,2,0,2
fatfarmeh,0,1,1
fatfat,1,1,2
fatfatfat,1,0,1
fatfatfatfat,0,1,1
fatforums,0,1,1
fatfriday,1,0,1
fatha,0,2,2
fatharaasee,0,1,1
fathe,0,1,1
fathead,0,1,1
father,1155,412,1567
fatheres,1,0,1
fatherfigure,1,0,1
fatherhood,2,9,11
fathering,0,1,1
fatherland,1,0,1
fatherless,7,0,7
fatherly,0,2,2
fatherrr,0,1,1
fathers,800,60,860
fathersday,17,0,17
fatherss,1,0,1
fathhan,0,2,2
fathom,6,8,14
fathrs,1,0,1
fatia,0,1,1
fatigant,1,0,1
fatigon,1,0,1
fatigu,0,1,1
fatigue,39,12,51
fatigued,7,3,10
fatigueing,0,1,1
fatigues,0,1,1
fatiguing,0,1,1
fatih,0,1,1
fatihah,1,1,2
fatility,1,0,1
fatima,0,5,5
fatimaaaaa,1,0,1
fatimah,0,1,1
fatimahs,0,1,1
fatimax,0,1,1
fatin,2,5,7
fatinnnnnnnn,1,0,1
fatique,0,2,2
fatjamiesmart,1,0,1
fatl,1,1,2
fatlanta,1,0,1
fatlard,0,1,1
fatley,1,1,2
fatlibs,1,0,1
fatloss,0,1,1
fatma,1,1,2
fatman,4,1,5
fatmawati,0,5,5
fatminniemousegirl,1,0,1
fatmo,1,0,1
fatness,7,2,9
fatone,1,1,2
fatoss,1,0,1
fatpaddler,0,1,1
fatpanda,1,0,1
fats,10,9,19
fatsmash,1,0,1
fatso,5,4,9
fatsville,1,0,1
fatt,2,4,6
fatted,0,1,1
fatten,4,2,6
fattening,12,13,25
fatter,36,13,49
fatterson,1,0,1
fattest,7,4,11
fattestassest,1,0,1
fatti,1,0,1
fattie,8,10,18
fattiee,0,1,1
fattier,1,0,1
fatties,10,11,21
fatting,1,0,1
fattness,1,0,1
fattning,0,1,1
fattt,0,1,1
fattterr,1,0,1
fatttt,1,0,1
fattttt,1,1,2
fatttttt,1,0,1
fattttttttttttttttt,1,0,1
fattttty,0,1,1
fattttyyyyy,0,1,1
fatty,95,75,170
fattybombom,1,0,1
fattyboy,0,1,1
fattyman,0,1,1
fattyness,1,1,2
fattys,1,1,2
fattyyy,0,1,1
fattyyyyy,1,0,1
fatwallet,1,0,1
fatz,0,2,2
fau,1,3,4
faubert,0,1,1
faubion,0,1,1
faucet,14,6,20
faucets,2,2,4
faucett,6,0,6
fauefax,0,1,1
faught,4,0,4
fauksian,1,0,1
faul,0,1,1
faulconbridge,0,1,1
fauldsys,0,1,1
faulkner,2,2,4
faulllt,1,0,1
faulse,1,0,1
fault,716,264,980
faulted,1,1,2
faulter,0,1,1
faults,7,10,17
faulttt,1,0,1
faulty,44,13,57
faultycameras,0,1,1
fauly,2,0,2
faun,0,2,2
fauna,1,3,4
fauns,0,1,1
fauryyyyyyyyyyyyyyyyyyn,0,1,1
faush,0,1,1
faust,2,22,24
faustao,1,2,3
faustus,1,0,1
faut,1,3,4
fauther,0,1,1
faux,24,21,45
fauxbeau,0,1,1
fauxhawk,2,1,3
fauxhawks,1,0,1
fauxnews,0,1,1
fauxsleep,1,0,1
fauzi,1,0,1
fauzie,0,1,1
fav,524,960,1484
fava,0,2,2
favae,0,1,1
favaliensquote,0,1,1
favcomicbookcahracter,0,1,1
favd,0,1,1
fave,352,808,1160
favebook,1,0,1
faved,1,8,9
favee,0,1,1
faveee,0,1,1
faveeee,1,4,5
faveh,0,1,1
faveing,0,1,1
favela,1,1,2
faveorite,1,0,1
faveourite,0,2,2
faver,2,0,2
favereds,1,0,1
faversham,1,1,2
faves,45,167,212
favesss,1,2,3
favessss,1,1,2
faveys,0,2,2
favfriday,0,1,1
favi,1,0,1
faviana,0,1,1
favicon,4,9,13
favicons,1,1,2
favie,0,2,2
favies,0,1,1
faving,0,3,3
favipavi,1,0,1
faviphoneapp,1,0,1
favlp,0,1,1
favluvs,0,1,1
favmoviequote,1,6,7
favo,1,2,3
favoite,0,1,1
favoites,0,1,1
favola,0,1,1
favoooor,0,1,1
favor,92,227,319
favorable,5,3,8
favorate,0,2,2
favored,0,5,5
favoreite,0,1,1
favorie,0,2,2
favoriiite,1,1,2
favoring,1,4,5
favorit,5,7,12
favoritar,0,1,1
favorite,1290,2835,4125
favoritear,1,0,1
favorited,6,26,32
favoritedayoftheweek,0,1,1
favoritee,1,1,2
favoriteee,1,3,4
favoriteeee,0,4,4
favoriteeeee,2,0,2
favoritefreak,1,0,1
favoritefriday,0,1,1
favoriteicecream,1,0,1
favoriteist,1,0,1
favoritelyrics,0,1,1
favoritemovie,1,0,1
favoritepair,0,1,1
favoriter,1,0,1
favoriterun,1,0,1
favorites,90,238,328
favoritess,1,1,2
favoritesss,1,0,1
favoritest,2,8,10
favoriting,0,3,3
favoritism,0,1,1
favoritist,2,0,2
favorito,1,1,2
favoritos,0,1,1
favoritte,0,1,1
favoritted,0,1,1
favority,0,1,1
favoriye,0,1,1
favorote,1,0,1
favorrrr,1,1,2
favorrrrr,1,0,1
favors,10,21,31
favorte,0,1,1
favortes,1,0,1
favortie,3,5,8
favorties,0,1,1
favortite,1,0,1
favoruite,0,1,1
favotite,0,1,1
favouite,1,1,2
favour,33,72,105
favourable,4,3,7
favourate,1,1,2
favoured,2,1,3
favouring,2,1,3
favourire,0,1,1
favourist,0,1,1
favourite,409,835,1244
favourited,1,7,8
favouriteee,0,1,1
favourites,36,75,111
favouritest,2,1,3
favouritestest,1,0,1
favouritesz,0,1,1
favourities,0,1,1
favouriting,0,3,3
favouritism,1,1,2
favouritist,1,0,1
favourits,0,1,1
favouriye,1,0,1
favours,5,4,9
favourtie,1,3,4
favourties,1,0,1
favourtite,0,1,1
favouuur,0,1,1
favouuurite,0,1,1
favpracticalcar,1,0,1
favrd,2,2,4
favre,9,7,16
favreau,0,1,1
favrite,0,1,1
favrites,0,1,1
favrouite,0,1,1
favroute,1,0,1
favs,52,144,196
favsss,0,1,1
favt,0,1,1
favtorie,0,1,1
favv,2,2,4
favvand,1,0,1
favvie,1,0,1
favvorite,1,0,1
favvv,1,3,4
favvvv,0,1,1
favvvvv,0,1,1
favy,1,1,2
favz,2,3,5
faw,5,0,5
fawad,1,0,1
faward,1,0,1
fawcet,12,2,14
fawcett,379,0,379
fawcetts,2,0,2
fawecett,1,0,1
fawesome,0,1,1
fawk,9,3,12
fawked,0,2,2
fawken,0,1,1
fawkes,3,3,6
fawkin,1,0,1
fawking,1,0,1
fawkk,1,0,1
fawkkk,1,0,1
fawkn,0,3,3
fawlessly,0,1,1
fawlty,2,3,5
fawn,12,3,15
fawning,0,1,1
fawns,1,0,1
fawr,0,1,1
fawset,1,0,1
fawsome,0,1,1
fawted,1,0,1
fawxing,0,1,1
fax,23,54,77
faxebook,1,0,1
faxed,11,2,13
faxes,3,3,6
faxing,2,3,5
faxom,1,0,1
faxstory,2,0,2
fay,9,9,18
faycee,1,0,1
faycett,1,0,1
faye,8,14,22
fayee,0,1,1
fayeeffuif,0,1,1
fayer,1,0,1
fayerwayer,1,0,1
fayes,0,1,1
fayett,0,1,1
fayette,1,0,1
fayetteville,11,2,13
fayettville,1,0,1
faygo,1,1,2
fayle,0,1,1
faynoooosh,1,0,1
fayre,4,1,5
fayres,0,1,1
fayst,1,0,1
fayth,0,1,1
faytown,2,0,2
faz,8,4,12
faza,0,1,1
faze,3,1,4
fazed,2,0,2
fazeley,3,1,4
fazeleyed,0,1,1
fazem,0,1,1
fazendo,3,4,7
fazer,4,6,10
fazes,1,1,2
fazio,1,0,1
fazle,0,1,1
fazoli,1,3,4
fazz,0,1,1
fazzi,1,2,3
fazzile,0,1,1
fb,1752,1543,3295
fbajkgaskgbnngva,1,0,1
fball,2,1,3
fbar,0,1,1
fbb,1,0,1
fbc,3,0,3
fbck,0,1,1
fbckm,0,1,1
fbcpl,0,1,1
fbd,0,1,1
fbdimms,1,0,1
fbed,1,0,1
fbergs,1,0,1
fbff,0,1,1
fbg,2,0,2
fbgroup,0,1,1
fbh,0,1,1
fbi,15,10,25
fbing,1,1,2
fbk,2,2,4
fbl,0,1,1
fbla,1,1,2
fbmia,2,3,5
fbom,0,1,1
fbook,18,13,31
fbooking,0,1,1
fbr,5,22,27
fbrsecrets,0,1,1
fbrt,1,0,1
fbs,2,3,5
fbshat,1,0,1
fbt,0,1,1
fbtbash,0,2,2
fbuewgbuer,1,0,1
fbvstwitter,0,1,1
fbz,0,1,1
fc,66,66,132
fca,0,1,1
fcat,1,1,2
fcatssss,0,1,1
fcb,4,3,7
fcbarcelona,1,0,1
fcbd,4,6,10
fcbj,1,0,1
fcbk,1,2,3
fcc,3,2,5
fcccc,0,1,1
fcccckkk,0,1,1
fcccckn,0,1,1
fccck,1,1,2
fcccked,1,0,1
fccgay,1,0,1
fcck,1,0,1
fccla,1,0,1
fccu,0,1,1
fcd,1,0,1
fce,1,2,3
fcebook,1,0,1
fceultra,1,0,1
fcf,0,1,1
fcfc,0,2,2
fcg,0,1,1
fcgi,1,0,1
fci,0,1,1
fcjc,0,1,1
fck,72,36,108
fckd,2,1,3
fckddd,1,0,1
fcked,6,3,9
fckedddddd,1,0,1
fckeditor,1,0,1
fcken,1,1,2
fcker,0,2,2
fckers,1,0,1
fckin,19,11,30
fcking,35,6,41
fckingest,0,1,1
fckinq,1,0,1
fckintired,1,0,1
fckkkk,2,0,2
fckku,1,1,2
fckn,27,16,43
fckng,9,2,11
fckr,2,1,3
fckyeaa,0,1,1
fckyou,0,1,1
fcn,1,1,2
fco,0,1,1
fcoh,0,1,1
fcom,0,1,1
fcourse,0,1,1
fcp,4,12,16
fcr,1,1,2
fcra,0,2,2
fcram,1,0,1
fcrespim,1,0,1
fcs,8,3,11
fcst,0,1,1
fcstudio,0,1,1
fct,0,3,3
fcuckers,1,0,1
fcuk,30,14,44
fcukas,0,1,1
fcuked,5,0,5
fcukerrrr,0,1,1
fcukers,1,0,1
fcukin,8,4,12
fcuking,8,5,13
fcukk,1,0,1
fcukkk,1,1,2
fcuuk,1,0,1
fcuuuk,1,0,1
fcv,0,1,1
fcw,2,0,2
fcxin,1,0,1
fcxp,1,0,1
fd,13,11,24
fda,16,0,16
fdback,0,1,1
fdbk,0,1,1
fdc,0,1,1
fdckers,0,1,1
fdesign,1,0,1
fdf,1,0,1
fdgdgfhdgjhjgjfehge,1,0,1
fdhdfjdfhjd,1,0,1
fdhsukemnhwsdgbeswnjq,0,1,1
fdin,1,0,1
fdiogjkfgikl,0,1,1
fdisk,1,1,2
fdjkd,1,0,1
fdjsakfdsa,1,0,1
fdl,2,0,2
fdlmao,0,1,1
fdm,0,2,2
fdms,1,0,1
fdny,1,1,2
fdo,0,2,2
fdoesn,0,1,1
fdoesnt,1,0,1
fdor,0,1,1
fdp,1,1,2
fdr,3,6,9
fdrivng,0,1,1
fdrop,0,1,1
fdrount,0,1,1
fds,5,4,9
fdsjkl,0,1,1
fdskakdj,1,0,1
fdskjfdsgkfj,0,1,1
fdt,1,1,2
fdu,1,0,1
fdw,1,1,2
fdx,2,1,3
fe,26,32,58
fea,2,1,3
feac,1,0,1
fead,0,1,1
feaked,1,0,1
feakin,2,1,3
feaking,1,0,1
feaks,0,1,1
feal,5,2,7
fealess,1,0,1
fealing,3,0,3
feals,1,0,1
fealt,1,0,1
fear,439,266,705
feared,20,7,27
fearfactory,1,0,1
fearful,9,4,13
fearing,15,6,21
fearless,24,69,93
fearlessness,0,1,1
fearlessradio,0,2,2
fearne,10,18,28
fearnee,0,1,1
fearneee,0,1,1
fearneeeeee,0,1,1
fearnie,0,1,1
fearny,1,0,1
fearon,0,1,1
fears,46,29,75
fearsome,0,1,1
fearssssssssssssssssssssss,1,0,1
feart,2,0,2
feas,22,0,22
feasable,1,0,1
feasib,2,0,2
feasibility,0,1,1
feasible,10,7,17
feasibly,0,1,1
feast,52,67,119
feastday,1,0,1
feasted,2,3,5
feaster,1,0,1
feastfriday,1,0,1
feasting,5,3,8
feastrevolution,0,2,2
feasts,2,2,4
feat,13,102,115
feathah,0,1,1
feather,19,44,63
featherbrook,0,1,1
featherbrooke,1,0,1
featherdale,0,1,1
featherduster,1,1,2
feathered,5,6,11
featherfall,1,0,1
feathering,1,0,1
featherless,0,1,1
featherlite,1,1,2
feathermoon,1,0,1
feathers,26,26,52
featherstones,1,0,1
featherweight,2,0,2
feathery,3,1,4
feats,1,3,4
feature,216,295,511
featured,33,177,210
featureless,1,1,2
features,147,169,316
featuribg,0,1,1
featuring,17,81,98
featurize,0,1,1
feautre,0,1,1
feaver,2,0,2
feb,75,43,118
febe,2,1,3
feber,1,0,1
febi,1,0,1
febians,0,1,1
febra,0,1,1
febreeze,3,2,5
febreezed,0,1,1
febreezey,0,1,1
febreze,1,1,2
febri,0,1,1
febrile,1,0,1
februar,1,0,1
februarie,0,1,1
february,51,42,93
februrary,1,0,1
febuary,1,3,4
feburary,4,0,4
fecal,3,0,3
feces,3,2,5
fecha,0,2,2
fechado,1,0,1
fechar,0,1,1
fechas,0,1,1
fechei,1,0,1
fechtin,1,0,1
feci,0,1,1
fecies,1,0,1
feck,53,15,68
feckall,1,0,1
fecked,6,0,6
fecken,1,0,1
fecker,3,3,6
feckers,2,0,2
feckin,24,8,32
fecking,40,5,45
feckitfriday,0,2,2
feckkk,1,0,1
feckled,0,1,1
feckoff,1,1,2
fecks,2,0,2
feckwit,0,1,1
fecommend,0,1,1
fect,0,1,1
fecta,1,0,1
feculent,1,0,1
fed,582,213,795
fedak,0,1,1
fedal,1,0,1
fedcon,1,0,1
fedd,0,2,2
fedde,1,4,5
fedderer,0,1,1
fedders,0,1,1
feddi,1,0,1
feddie,0,2,2
feddle,0,1,1
feddy,1,1,2
fede,1,0,1
fedeer,1,0,1
feder,1,1,2
federa,1,0,1
federal,20,14,34
federar,2,0,2
federated,0,1,1
federation,4,5,9
federations,0,1,1
federer,122,237,359
federeristhebest,0,1,1
federernews,0,1,1
federici,1,0,1
federico,2,4,6
federite,0,1,1
federmans,0,1,1
federoarrrrrr,1,1,2
federov,2,0,2
federrer,2,0,2
fedes,1,0,1
fedetenko,0,1,1
fedex,71,52,123
fedexing,0,1,1
fedh,0,1,1
fedi,0,1,1
fedio,0,1,1
fedisaster,1,0,1
fedish,0,1,1
fedkids,1,0,1
fedls,1,0,1
fedo,1,0,1
fedor,1,3,4
fedora,27,29,56
fedoradirectoryserver,0,1,1
fedorov,3,0,3
fedotenko,0,1,1
fedrer,0,2,2
fedrl,1,0,1
feds,7,2,9
fedsex,0,1,1
feducia,0,1,1
fedup,1,1,2
fedx,4,0,4
fee,105,83,188
feeback,0,2,2
feebback,0,1,1
feeble,11,6,17
feech,1,0,1
feed,577,451,1028
feedapi,0,1,1
feedbac,0,1,1
feedback,72,446,518
feedbackarmy,0,1,1
feedbacks,1,6,7
feedbaks,0,1,1
feedbk,0,1,1
feedblitz,2,1,3
feedbooks,1,0,1
feedbruner,1,0,1
feedburner,12,8,20
feeddemon,1,1,2
feeder,19,19,38
feeders,10,9,19
feedeth,0,1,1
feedf,1,0,1
feedicon,0,1,1
feedin,2,3,5
feedind,0,1,1
feeding,109,148,257
feedingedge,0,1,1
feedings,4,2,6
feedins,0,1,1
feedle,1,0,1
feedlot,0,1,1
feedly,8,11,19
feedmedic,1,0,1
feedn,1,0,1
feedreader,1,1,2
feeds,82,90,172
feedthepig,1,0,1
feedzone,1,0,1
feeeck,1,0,1
feeed,3,0,3
feeedback,0,1,1
feeeed,4,0,4
feeeee,1,0,1
feeeeeed,1,0,1
feeeeeeeck,1,0,1
feeeeeeeeeeeeeeeel,1,0,1
feeeeeeeeeeeeeeling,0,1,1
feeeeeeeeeeeeel,1,0,1
feeeeeeeeeeeels,1,0,1
feeeeeeeeeeeet,1,0,1
feeeeeeeeel,2,2,4
feeeeeeeel,1,1,2
feeeeeeel,2,3,5
feeeeeeeling,1,0,1
feeeeeel,1,2,3
feeeeeet,2,0,2
feeeeeh,1,0,1
feeeeel,13,7,20
feeeeelin,1,1,2
feeeeeling,1,0,1
feeeel,22,4,26
feeeelin,1,1,2
feeeeling,1,1,2
feeeellling,1,0,1
feeeelllinggg,1,0,1
feeeelllinnnggg,0,1,1
feeeels,1,2,3
feeeeo,1,0,1
feeeer,0,1,1
feeeet,1,0,1
feeeew,0,1,1
feeeito,0,1,1
feeek,1,0,1
feeel,55,14,69
feeeliing,0,1,1
feeelin,3,5,8
feeeling,19,3,22
feeelingg,2,0,2
feeelinggg,0,1,1
feeelings,1,0,1
feeelinq,1,0,1
feeell,1,0,1
feeelll,3,1,4
feeellss,1,1,2
feeelng,0,1,1
feeels,7,1,8
feeerias,1,0,1
feeet,6,0,6
feef,1,0,1
feefback,0,1,1
feefee,0,1,1
feefer,1,0,1
feeferoni,1,0,1
feefifofumphs,1,0,1
feefs,0,1,1
feefster,0,1,1
feehan,0,1,1
feehily,3,0,3
feehum,1,0,1
feein,1,0,1
feeing,10,5,15
feek,2,0,2
feekee,0,1,1
feeking,1,0,1
feekom,0,2,2
feel,21956,8313,30269
feela,3,0,3
feelabit,1,0,1
feelbad,1,0,1
feelcrunched,0,1,1
feeled,0,1,1
feelen,2,0,2
feeler,1,0,1
feelers,3,2,5
feelfree,0,1,1
feelg,2,2,4
feelgood,2,8,10
feeli,1,1,2
feelig,2,0,2
feelign,6,0,6
feeligns,0,1,1
feeliin,3,0,3
feeliing,5,0,5
feeliings,1,0,1
feelimg,1,0,1
feelin,948,444,1392
feelinf,0,1,1
feelinfg,1,0,1
feeling,11030,4125,15155
feelinga,0,1,1
feelingg,4,0,4
feelingggg,1,0,1
feelinglike,1,0,1
feelings,464,169,633
feelingsi,0,1,1
feelingsick,1,0,1
feelingsorryformyself,1,0,1
feelingssss,0,1,1
feelingsssss,1,0,1
feelingz,4,0,4
feelinjg,1,0,1
feelinn,2,0,2
feelinq,7,2,9
feelinqs,2,0,2
feelinqz,1,0,1
feelins,6,6,12
feelinz,2,0,2
feelis,1,0,1
feelish,1,0,1
feelking,1,0,1
feell,8,1,9
feellin,2,0,2
feelling,3,2,5
feelll,2,0,2
feells,1,0,1
feeln,31,15,46
feelng,10,0,10
feelngood,0,1,1
feelngs,1,0,1
feelnig,0,1,1
feelns,1,0,1
feelo,1,0,1
feeloing,0,1,1
feelouise,1,0,1
feelow,0,1,1
feelr,1,0,1
feels,3466,1738,5204
feelskee,0,1,1
feelsl,0,1,1
feelsleftout,1,0,1
feelso,1,0,1
feelss,1,0,1
feelsz,1,0,1
feelt,1,0,1
feelu,0,1,1
feelveryguilty,1,0,1
feelz,4,0,4
feen,3,2,5
feending,1,0,1
feenin,10,3,13
feening,3,2,5
feens,0,2,2
feeny,2,1,3
feeohnah,2,0,2
feep,1,0,1
feeps,1,0,1
feerburner,1,0,1
feerl,1,0,1
fees,88,33,121
feesha,0,1,1
feeshda,0,1,1
feesta,0,1,1
feestje,0,2,2
feet,1416,717,2133
feeter,1,0,1
feeters,0,1,1
feetie,0,1,1
feeties,4,1,5
feets,29,14,43
feetses,0,1,1
feetsies,5,2,7
feetzie,1,0,1
feever,2,0,2
feeverish,1,0,1
feew,1,0,1
feez,1,0,1
feezing,2,0,2
feezys,1,0,1
fefang,1,0,1
fefe,2,3,5
feffing,0,1,1
fefosaaaa,0,1,1
feft,1,0,1
fegg,1,0,1
fego,1,0,1
feh,5,1,6
fehk,1,0,1
fehlbaum,0,1,1
fehlermeldungen,1,0,1
fehlt,0,1,1
fei,2,2,4
feia,0,1,1
feic,1,0,1
feicfidh,0,1,1
feier,0,1,1
feierei,0,1,1
feiern,0,1,1
feiger,1,0,1
feign,2,2,4
feigned,0,2,2
feignin,0,1,1
feigning,1,1,2
feih,0,1,1
feijoa,0,2,2
feijoada,0,1,1
feijoda,0,1,1
feiko,0,1,1
feild,7,9,16
feilds,0,1,1
fein,3,1,4
feindflug,1,0,1
feindish,1,0,1
feine,1,0,1
feines,0,2,2
feining,1,1,2
feininq,0,1,1
feins,0,1,1
feinsten,0,1,1
feint,2,0,2
feira,0,2,2
feiraa,0,1,1
feirce,1,2,3
feis,1,6,7
feisol,0,1,1
feist,2,11,13
feista,1,1,2
feisty,5,19,24
feit,1,1,2
feith,1,0,1
fejl,1,0,1
fek,1,1,2
fekd,0,1,1
feked,1,0,1
fekkin,0,1,1
fektive,0,1,1
fel,14,12,26
fela,1,0,1
felaaz,1,0,1
felafel,1,0,1
felankor,2,0,2
felas,0,1,1
felblood,1,0,1
feldkirch,0,1,1
feldman,3,3,6
feldolgoz,0,1,1
felecia,0,1,1
feleciarene,1,0,1
felemishnish,0,1,1
feleti,0,1,1
felf,1,0,1
felguk,0,1,1
feli,1,4,5
felice,6,3,9
felices,1,2,3
felicia,9,40,49
feliciadayrumors,4,10,14
feliciano,1,0,1
felicias,1,0,1
felicidades,0,8,8
felicidadessssss,0,1,1
felicitar,0,1,1
felicitari,0,1,1
felicitations,0,1,1
felicitous,0,1,1
felicity,4,8,12
felicityb,0,1,1
felids,0,1,1
felii,2,0,2
felin,1,0,1
feline,12,24,36
felines,2,2,4
feling,1,1,2
felings,1,0,1
felipe,11,9,20
felipebaby,1,0,1
felipeface,1,0,1
felipeintheend,0,1,1
felipes,1,0,1
felise,0,1,1
felishia,1,0,1
felisidad,1,0,1
felissimo,1,0,1
felix,20,22,42
felixs,1,0,1
felixstowe,1,0,1
felixxxxxxx,1,0,1
feliz,5,30,35
feliza,1,1,2
felizz,0,1,1
felizzzzzzz,0,1,1
fell,2173,569,2742
fella,75,84,159
fellah,2,2,4
fellahs,0,1,1
fellaini,0,1,1
fellani,1,0,1
fellas,34,63,97
fellatio,2,1,3
fellawor,0,1,1
fellaz,1,5,6
felled,2,1,3
fellen,0,1,1
feller,2,3,5
fellers,1,1,2
fellin,4,5,9
felling,46,10,56
fellings,4,0,4
fellini,2,1,3
fellinis,1,0,1
fellipe,0,1,1
fellito,1,0,1
fellla,0,1,1
felllow,0,1,1
fello,0,1,1
fellout,1,0,1
fellow,193,608,801
fellowcreative,0,2,2
fellowes,1,0,1
fellows,12,14,26
fellowship,17,31,48
fellowshipped,0,1,1
fellowshipping,0,2,2
fells,4,5,9
fellspoint,0,1,1
fellw,0,1,1
felly,1,0,1
felon,4,3,7
felonious,1,0,1
felons,2,0,2
felony,1,1,2
feloow,0,1,1
fels,1,0,1
felsight,1,0,1
felspoon,0,1,1
felsziget,0,1,1
felt,1456,797,2253
feltapalooza,0,1,1
feltbeat,0,1,1
feltbeats,1,2,3
feltchat,1,1,2
felted,7,6,13
feltham,0,2,2
felting,1,1,2
feltips,1,1,2
felton,11,28,39
felty,1,0,1
felunath,0,1,1
felv,2,0,2
fem,6,8,14
fema,2,2,4
femaile,0,1,1
femal,0,2,2
female,229,223,452
femaleness,1,0,1
females,37,42,79
femanin,0,1,1
femanine,0,1,1
fembots,0,1,1
femcees,0,1,1
feme,0,1,1
femei,0,1,1
femenine,0,1,1
femes,1,0,1
femi,2,1,3
feminax,1,0,1
feminely,0,1,1
feminem,0,1,1
feminina,0,1,1
feminine,6,25,31
femininity,0,2,2
feminism,5,6,11
feminist,5,15,20
feministe,0,1,1
feministlibrary,1,0,1
feminists,1,0,1
feminsided,1,0,1
femistic,1,0,1
femke,0,1,1
femme,4,7,11
femmefatale,0,1,1
femmes,2,2,4
femoral,1,0,1
fempro,1,0,1
fems,2,0,2
femslash,0,1,1
femtoseconds,0,1,1
femur,4,0,4
femurs,1,0,1
femz,1,3,4
fen,2,3,5
fena,3,0,3
fence,91,61,152
fenced,4,0,4
fencers,1,0,1
fences,7,12,19
fencewalker,1,0,1
fenchurch,1,0,1
fencing,12,14,26
fend,12,6,18
fendar,0,1,1
fender,28,13,41
fenders,1,2,3
fendi,4,6,10
fending,2,2,4
fends,0,1,1
feneee,1,0,1
fenerbahce,2,1,3
feng,3,8,11
fengshui,0,3,3
fengyoujing,1,0,1
feni,1,0,1
fenitoine,1,0,1
fenixos,1,0,1
fenki,1,0,1
fenn,0,1,1
fenna,2,2,4
fennec,3,2,5
fennel,2,9,11
fenner,1,0,1
fennex,0,3,3
fenntastic,1,0,1
fenny,0,1,1
fenomeno,1,0,1
fenris,0,1,1
fens,1,1,2
fense,0,1,1
fenss,1,0,1
fent,0,1,1
fentanyl,3,0,3
fenton,1,4,5
fentons,0,1,1
fentruck,3,0,3
fenty,4,0,4
fenu,0,1,1
fenugreek,2,0,2
fenuil,0,1,1
fenunyma,0,1,1
fenway,23,41,64
fenwayx,0,1,1
fenwayyy,1,0,1
fenwayyyy,0,1,1
fenwick,1,1,2
feny,1,0,1
feo,3,2,5
feom,0,1,1
feooo,0,1,1
feore,0,2,2
feos,0,2,2
fep,1,0,1
fer,67,95,162
fera,0,2,2
feral,8,9,17
ferals,1,1,2
feraren,0,1,1
ferari,0,1,1
feraro,1,0,1
ferarra,0,1,1
ferarri,2,1,3
ferarro,0,1,1
feras,0,1,1
ferb,9,19,28
ferber,4,3,7
ferbs,1,1,2
ferch,1,1,2
ferchaaaaaaaaaa,1,0,1
ferdig,2,0,2
ferdinand,9,26,35
ferdos,0,1,1
ferds,0,1,1
ferdy,1,0,1
fereks,1,0,1
ferell,1,1,2
ferends,1,0,1
ferengi,0,1,1
feret,0,1,1
ferfmail,1,0,1
ferg,0,1,1
fergalicious,0,1,1
fergetting,1,0,1
fergi,1,0,1
fergie,18,14,32
fergies,0,1,1
fergilicious,0,1,1
fergit,1,0,1
fergot,1,1,2
fergotten,1,0,1
fergs,0,1,1
fergus,1,1,2
ferguson,12,16,28
fergusons,0,2,2
fergusson,0,1,1
feria,4,4,8
feriadao,0,1,1
ferice,1,0,1
fericiiit,0,1,1
fericious,0,1,1
fericit,0,1,1
ferino,0,1,1
ferion,1,0,1
feris,0,1,1
ferisit,0,1,1
ferk,0,1,1
ferkin,0,1,1
ferking,1,0,1
ferl,0,1,1
ferlin,0,1,1
ferm,3,0,3
fermanagh,1,0,1
fermat,1,1,2
fermeeee,1,0,1
ferment,2,0,2
fermentarium,1,0,1
fermentation,1,2,3
fermented,3,6,9
fermenting,2,1,3
fermer,1,0,1
fermoy,1,0,1
fermware,0,1,1
fern,22,13,35
fernand,1,0,1
fernanda,0,6,6
fernandes,0,2,2
fernandez,1,3,4
fernandina,0,2,2
fernando,26,20,46
fernbank,1,0,1
fernbridge,0,1,1
ferndale,1,2,3
ferndinand,0,1,1
ferne,1,1,2
ferngully,1,1,2
ferni,1,1,2
fernie,1,1,2
fernisering,0,1,1
fernley,0,1,1
fernloft,0,1,1
fernn,1,0,1
ferns,0,3,3
fernsehgarten,0,1,1
ferny,1,1,2
ferocious,1,5,6
ferociously,1,1,2
ferocity,1,0,1
feroshia,0,1,1
ferr,4,4,8
ferragamo,3,1,4
ferrah,1,0,1
ferral,1,1,2
ferrall,0,1,1
ferranti,0,1,1
ferrar,1,0,1
ferrari,63,42,105
ferrariiiiii,0,1,1
ferraris,0,3,3
ferraro,2,1,3
ferras,2,5,7
ferrazi,0,1,1
ferre,1,0,1
ferreal,0,1,1
ferreira,0,1,1
ferrel,5,9,14
ferrell,19,59,78
ferrer,5,3,8
ferrera,0,1,1
ferrero,5,12,17
ferret,26,12,38
ferreterers,0,1,1
ferretfrolic,0,1,1
ferretlodge,1,0,1
ferrets,13,8,21
ferretsfirst,1,0,1
ferrety,0,1,1
ferrick,2,1,3
ferried,1,0,1
ferries,0,5,5
ferrigno,0,1,1
ferril,0,1,1
ferris,18,37,55
ferriss,1,3,4
ferritin,0,1,1
ferro,1,0,1
ferropolis,1,0,1
ferros,0,1,1
ferrou,0,1,1
ferrous,0,2,2
ferrr,0,1,1
ferrrera,1,0,1
ferrrr,1,0,1
ferry,80,51,131
ferryinfo,0,1,1
ferrying,3,0,3
fers,1,0,1
fersen,0,1,1
fershenulugger,0,1,1
fersher,0,1,1
fershizzy,1,0,1
fershure,0,1,1
fershurrnesss,0,1,1
fersno,0,1,1
ferst,0,1,1
fersure,1,9,10
fert,1,0,1
ferties,1,0,1
fertig,1,1,2
fertile,1,0,1
fertilis,0,1,1
fertility,2,2,4
fertilize,0,3,3
fertilized,2,0,2
fertilizer,1,4,5
fertilizing,2,0,2
ferts,0,1,1
ferucci,0,1,1
fervently,1,2,3
ferver,0,1,1
fery,0,1,1
ferzan,1,0,1
fes,2,3,5
fesbukan,0,1,1
fesible,1,0,1
fesitival,0,1,1
fesitivites,1,0,1
fesitval,0,1,1
fesival,1,1,2
feske,0,1,1
fesoterodine,1,0,1
fess,1,9,10
fessin,1,0,1
fessing,1,0,1
fesst,0,1,1
fest,279,256,535
festa,3,9,12
festage,0,1,1
festari,0,1,1
festas,0,1,1
festeez,0,1,1
festejar,0,2,2
festering,1,0,1
festi,2,2,4
festie,0,1,1
festing,1,0,1
festiva,1,2,3
festival,453,547,1000
festivalen,1,0,1
festivalgr,0,1,1
festivalish,0,1,1
festivalll,0,1,1
festivalllll,0,1,1
festivally,0,3,3
festivalness,1,0,1
festivals,40,37,77
festivalsite,0,1,1
festive,6,14,20
festivel,1,0,1
festivels,0,1,1
festivia,0,1,1
festivial,0,2,2
festivies,1,0,1
festivile,0,1,1
festivites,1,1,2
festivities,60,67,127
festivity,1,1,2
festivle,0,1,1
festivus,0,1,1
festplatte,1,0,1
fests,6,4,10
festt,0,1,1
festx,0,1,1
festy,2,2,4
fesuphanallah,0,1,1
fesztiv,0,1,1
fet,2,2,4
feta,10,23,33
fetal,15,2,17
fetch,51,24,75
fetched,12,5,17
fetcher,0,1,1
fetches,1,0,1
fetching,9,15,24
fetchmp,0,8,8
fetcon,1,0,1
fete,30,19,49
feted,1,0,1
fetes,0,1,1
fethe,0,1,1
fethered,1,0,1
fethiye,2,1,3
fethow,1,0,1
feti,0,1,1
fetid,0,1,1
fetish,21,42,63
fetishers,1,0,1
fetishes,0,1,1
fetlife,1,3,4
fets,2,0,2
fett,4,2,6
fetta,0,2,2
fettel,0,1,1
fetter,0,1,1
fettercairn,1,0,1
fettes,0,1,1
fetti,1,1,2
fetting,1,0,1
fettish,0,1,1
fettle,0,1,1
fettled,1,0,1
fettling,1,0,1
fettuccine,1,5,6
fettucini,2,3,5
fettucinne,0,1,1
fetuccini,0,3,3
fetures,0,1,1
fetus,4,3,7
fetuses,3,0,3
fetz,1,0,1
feu,2,2,4
feud,5,5,10
feuding,2,0,2
feuds,0,1,1
feuer,0,1,1
feuerstein,1,0,1
feug,0,1,1
feuhh,1,0,1
feui,0,2,2
feuille,0,1,1
feuilles,0,1,1
feullentine,1,0,1
feurteventura,1,0,1
feury,1,0,1
feuture,0,1,1
feux,0,1,1
fev,2,5,7
feva,1,0,1
feveeeeer,1,0,1
fever,1464,181,1645
fevered,1,1,2
fevering,2,0,2
feverish,60,3,63
feverishly,1,0,1
feverpitch,1,0,1
feverr,1,0,1
feverrr,1,0,1
feverrrr,1,0,1
feverrrrr,1,0,1
fevers,28,2,30
feversih,1,0,1
fevery,1,0,1
fevola,1,0,1
fevoorite,0,1,1
fevr,1,0,1
few,4352,4864,9216
fewa,0,1,1
fewer,31,33,64
fewf,0,1,1
fewfffff,1,0,1
fewl,1,0,1
fewn,0,1,1
fews,1,2,3
fewsongs,1,0,1
feww,3,4,7
fewww,0,2,2
fewyrs,1,0,1
fey,7,14,21
feybe,0,2,2
feyeeenooord,1,0,1
feyenoord,1,0,1
feynman,1,3,4
fez,7,13,20
fezbook,0,1,1
fezz,1,0,1
ff,351,1469,1820
ffa,6,7,13
ffaa,0,1,1
ffaarrrr,1,0,1
ffaf,7,4,11
ffail,1,0,1
ffall,0,1,1
ffancy,0,1,1
ffao,1,0,1
ffb,0,1,1
ffbc,1,0,1
ffc,0,2,2
ffcc,2,1,3
ffchen,0,1,1
ffd,0,1,1
ffdp,1,0,1
ffdshow,1,0,1
ffe,20,16,36
ffeasy,0,1,1
ffed,0,1,1
ffee,1,2,3
ffeeel,1,0,1
ffeeps,0,1,1
ffench,1,0,1
ffense,1,0,1
ffers,0,1,1
fff,9,10,19
fffaaaavvvvssss,1,0,1
fffbffl,1,0,1
fffet,0,1,1
ffff,6,1,7
fffff,6,1,7
fffffab,0,1,1
fffffat,1,0,1
ffffff,1,0,1
ffffffff,1,0,1
ffffffffff,1,0,1
fffffffffffff,0,1,1
ffffffffffffff,1,0,1
fffffffffffffff,0,1,1
fffffffffffffffff,1,0,1
ffffffffffffffffffffff,1,0,1
fffffffffffffffffffffffffriday,1,0,1
ffffffffffffffffffhhh,1,0,1
ffffffffffffffffffuuuuuuuuuuuudddddddddddgggggggeeeeeee,1,0,1
ffffffffffffffffuuuuuuuuuuuuuuuuuuu,1,0,1
fffffffffffuck,1,0,1
fffffffffffuuuucccckkinnnggg,1,0,1
fffffffffffuuuuu,1,0,1
fffffffffffuuuuuuuuuucccccccckkkkkkkk,1,0,1
ffffffffffuuuu,1,0,1
fffffffffuuuuuuuuu,1,0,1
fffffffs,1,0,1
ffffffftttttttttt,0,1,1
fffffffuck,1,0,1
fffffffuuuuuu,1,0,1
fffffffuuuuuuu,1,0,1
fffffffuuuuuuuu,1,0,1
ffffffuck,1,0,1
ffffffuu,1,0,1
fffffuuu,1,0,1
fffffuuuuu,2,0,2
ffffiiiiirrrrreeee,0,1,1
ffffn,0,1,1
ffffound,1,5,6
ffffrrrriiiiiddddaaaaayyyy,0,1,1
ffffuuuu,1,0,1
ffffuuuuccckkk,1,0,1
ffffuuuuccckkkeerrr,0,1,1
ffffuuuuu,1,0,1
ffffuuuuuccccckkkkk,1,0,1
fffhh,0,1,1
fffiiiiiiiiiiiiiiiinnnnnnnnneeeee,0,1,1
fffing,1,0,1
fffound,0,2,2
fffreeezing,0,1,1
fffrom,0,1,1
fffrrrrrtt,1,0,1
fffssd,0,1,1
fffssssshwwtt,1,0,1
fffuuu,1,1,2
fffuuuu,0,1,1
fffuuuuu,2,0,2
fffuuuuuuuu,1,0,1
fffw,1,0,1
ffh,2,1,3
ffi,1,1,2
ffice,1,0,1
fficial,1,0,1
fficient,1,0,1
ffin,3,0,3
ffinalllly,0,1,1
ffinderskeepers,1,0,1
ffing,0,1,1
ffiona,1,0,1
ffiuuhh,1,0,1
ffiv,1,2,3
ffix,0,1,1
ffjjdfoidjrdljckfjoidsjckdfidsfklfds,0,1,1
ffjms,1,0,1
ffk,1,1,2
ffkkkk,1,0,1
ffl,1,1,2
ffld,1,0,1
ffline,1,1,2
fflyer,0,1,1
ffmpeg,1,3,4
ffn,0,1,1
ffnet,0,1,1
ffnn,0,1,1
ffnor,0,1,1
ffoldavatars,0,1,1
ffone,1,0,1
ffoooo,1,0,1
fford,1,0,1
fforde,0,3,3
fforgot,0,1,1
ffox,2,0,2
ffp,0,1,1
ffparty,0,2,2
ffr,0,1,1
ffrecommend,0,1,1
ffresh,1,0,1
ffriday,0,1,1
ffridayfollows,0,1,1
ffrindiau,0,1,1
ffrom,1,3,4
ffs,131,39,170
ffshout,0,1,1
ffsma,0,1,1
ffsmilepic,0,1,1
fft,0,1,1
ffte,1,0,1
fftl,2,3,5
fftlmao,0,1,1
ffts,0,1,1
ffuccccckkk,1,0,1
ffuck,1,0,1
ffucxkng,1,0,1
ffunction,1,0,1
ffundercats,1,0,1
ffuucckk,1,0,1
ffuunnn,0,1,1
ffuuu,1,0,1
ffv,2,0,2
ffvi,1,0,1
ffvii,6,7,13
ffviii,1,0,1
ffvip,0,5,5
ffw,0,1,1
ffwd,1,2,3
ffx,3,4,7
ffxi,14,1,15
ffxii,3,1,4
ffxiii,4,4,8
ffxing,1,0,1
ffxiv,5,3,8
ffxscarfacexsoundtrack,0,1,1
ffz,0,1,1
fg,4,10,14
fgag,1,0,1
fgashjklingakjfds,1,0,1
fgb,0,1,1
fgcu,1,1,2
fgdf,1,0,1
fgeoshfipguriupqebrgib,1,0,1
fgf,1,0,1
fgfsfhhddgv,1,0,1
fggkjfkjdfjs,1,0,1
fggt,0,1,1
fghjkojhgy,1,0,1
fghjnadfgj,0,1,1
fght,1,0,1
fginished,0,1,1
fgl,0,1,1
fglrx,1,0,1
fgm,1,0,1
fgndfhjbgd,0,1,1
fgonna,1,0,1
fgot,1,1,2
fgs,15,1,16
fgt,2,0,2
fgth,0,1,1
fguhn,1,0,1
fgw,3,0,3
fgytdfe,1,0,1
fh,9,8,17
fha,2,1,3
fhadaperez,0,1,1
fhagdjk,1,0,1
fhain,0,1,1
fhchs,2,0,2
fhdskghakgahak,1,0,1
fhe,0,1,1
fheis,0,1,1
fhf,0,1,1
fhhs,1,0,1
fhiink,1,0,1
fhings,0,1,1
fhl,4,0,4
fhm,4,6,10
fhnixon,1,0,1
fhorr,0,1,1
fhp,1,0,1
fhrjekdfnb,1,0,1
fhs,2,0,2
fht,0,2,2
fhuck,1,0,1
fhv,1,0,1
fhwue,0,1,1
fi,159,201,360
fia,12,7,19
fiaaaaaaaaaa,1,0,1
fiaf,0,1,1
fiagm,0,1,1
fiagt,1,0,1
fial,1,0,1
fiallllll,1,0,1
fianacial,1,0,1
fianally,0,2,2
fianc,28,25,53
fiance,90,80,170
fiancee,19,20,39
fianceee,0,1,1
fiancees,1,0,1
fiances,2,2,4
fiancial,1,0,1
fianl,0,1,1
fianlly,0,3,3
fianly,1,0,1
fianna,1,3,4
fiannafail,0,2,2
fiannagael,0,1,1
fiants,0,1,1
fiary,0,1,1
fiasco,28,22,50
fiascowines,1,0,1
fiat,6,17,23
fiats,0,1,1
fib,3,3,6
fibally,0,1,1
fibark,1,0,1
fibbed,0,1,1
fibber,0,3,3
fibbers,2,1,3
fibbing,2,0,2
fibe,3,0,3
fiber,29,33,62
fiberfolk,0,1,1
fiberglass,5,1,6
fibers,4,0,4
fiberwig,0,1,1
fibery,1,0,1
fibgers,0,1,1
fibi,0,1,1
fibian,1,0,1
fibo,0,1,1
fibre,13,16,29
fibres,1,2,3
fibrillation,1,0,1
fibrillations,1,0,1
fibro,14,7,21
fibromyalgia,13,4,17
fibrosis,4,5,9
fibula,3,0,3
fic,81,114,195
fica,1,2,3
ficam,2,1,3
ficando,1,1,2
ficar,5,9,14
ficc,1,0,1
ficcie,0,1,1
ficeeee,0,1,1
ficek,0,1,1
fick,2,3,5
ficked,1,0,1
fickin,0,1,1
ficking,1,0,1
fickle,16,8,24
ficklefreshmen,2,0,2
fickleness,0,2,2
ficksed,0,1,1
ficksin,1,0,1
ficky,2,0,2
ficly,2,2,4
fico,1,0,1
ficociello,0,1,1
ficou,3,5,8
fics,16,25,41
fict,2,0,2
ficti,0,1,1
ficticious,1,0,1
ficticous,0,1,1
fiction,41,117,158
fictional,10,20,30
fictionpress,1,2,3
fictions,3,3,6
fictionwise,0,1,1
fictiony,0,1,1
fictitious,3,2,5
fid,2,2,4
fida,0,1,1
fiday,0,1,1
fidderence,1,0,1
fiddl,1,0,1
fiddle,24,25,49
fiddleboy,0,1,1
fiddled,5,0,5
fiddleheads,0,1,1
fiddler,2,13,15
fiddlers,2,0,2
fiddles,2,2,4
fiddlesome,1,0,1
fiddlesticks,2,0,2
fiddlin,1,0,1
fiddling,8,16,24
fiddly,2,3,5
fiddme,0,2,2
fiddy,2,3,5
fide,1,5,6
fidel,3,4,7
fidelity,3,8,11
fidello,1,0,1
fidely,0,1,1
fideoooo,0,1,1
fidget,1,1,2
fidgeting,0,2,2
fidgety,5,1,6
fidgiting,1,0,1
fidhting,1,0,1
fidi,0,1,1
fidlers,1,0,1
fidm,3,6,9
fidn,1,0,1
fido,17,2,19
fidy,0,1,1
fie,5,3,8
fiebre,2,0,2
fiecare,1,1,2
fied,1,2,3
fieeerrceee,0,1,1
fiego,0,1,1
fiekd,1,0,1
fiel,1,0,1
field,297,347,644
fielddddddd,1,0,1
fielded,1,0,1
fielder,1,0,1
fielders,1,0,1
fieldhockey,1,1,2
fieldhouse,1,0,1
fielding,9,8,17
fieldmouse,1,0,1
fieldnotes,4,1,5
fieldrunners,2,1,3
fields,65,70,135
fieldtrip,8,4,12
fieldwork,4,0,4
fieldy,1,0,1
fielllld,1,0,1
fielmann,0,1,1
fiels,0,1,1
fien,1,1,2
fiend,15,16,31
fiendin,1,0,1
fiending,2,1,3
fiendish,0,2,2
fiendn,1,0,1
fiendom,1,0,1
fiends,1,11,12
fienin,3,0,3
fiennes,1,1,2
fierce,71,74,145
fiercecouture,1,0,1
fierceee,0,1,1
fierceeee,0,1,1
fierceeeee,0,1,1
fiercely,2,3,5
fiercemichi,0,1,1
fierceness,1,2,3
fiercly,1,0,1
fieri,0,1,1
fiero,1,0,1
fierooo,1,0,1
fiery,4,3,7
fierybloke,0,1,1
fies,0,2,2
fiest,0,1,1
fiesta,54,89,143
fiestaaa,0,1,1
fiestaaaa,0,1,1
fiestamo,1,1,2
fiestamovement,9,13,22
fiestas,0,1,1
fiestaware,0,1,1
fiestivies,0,1,1
fiests,0,1,1
fiesty,2,6,8
fiets,1,0,1
fievel,0,2,2
fiew,0,1,1
fif,1,2,3
fifa,46,35,81
fife,6,6,12
fifel,1,0,1
fifer,1,0,1
fifety,1,0,1
fiffteen,0,1,1
fifi,4,11,15
fifian,1,0,1
fifield,0,1,1
fifilabouche,0,1,1
fifnish,1,0,1
fifo,1,1,2
fifoooooooooooooo,1,0,1
fiforella,0,1,1
fifteen,43,50,93
fifteenth,1,1,2
fifth,42,76,118
fifthiethh,1,0,1
fifths,1,3,4
fifthsummit,3,0,3
fiftie,1,0,1
fifties,6,1,7
fifty,27,28,55
fiftyeth,0,1,1
fiftythousand,1,0,1
fifz,1,0,1
fig,10,21,31
figa,1,1,2
figaro,2,3,5
figd,0,1,1
fige,0,1,1
figer,0,1,1
figerd,0,1,1
figers,1,0,1
figge,1,0,1
figger,0,1,1
figgered,0,1,1
figgers,1,0,1
figgi,1,0,1
figgin,0,1,1
figgins,1,1,2
figgiting,1,0,1
figgity,1,0,1
figgure,1,0,1
figgured,0,1,1
figgy,1,0,1
figh,0,1,1
fighing,1,1,2
fight,814,652,1466
fightback,0,2,2
fightclub,2,0,2
fighten,0,1,1
fighter,55,72,127
fighterace,0,1,1
fighterrrrrr,1,0,1
fighters,21,24,45
fightfan,0,1,1
fightiiiing,0,1,1
fightiin,1,0,1
fightin,17,11,28
fighting,548,269,817
fightinggg,0,1,1
fightn,2,2,4
fightning,1,1,2
fighto,0,1,1
fights,89,84,173
fightstar,5,15,20
fightstarrr,1,0,1
fightstick,1,0,1
fightsticks,0,1,1
fightsuperstore,1,0,1
figi,0,1,1
figity,1,0,1
figlarski,1,0,1
figlio,1,0,1
figlios,2,1,3
figma,0,1,1
figment,3,3,6
figments,0,2,2
fignon,1,0,1
fignuts,1,0,1
figo,1,2,3
figrd,1,0,1
figred,1,0,1
figs,3,10,13
figths,1,0,1
figting,0,1,1
figtree,1,0,1
figts,1,0,1
figue,0,1,1
figued,0,1,1
figuered,1,0,1
figuired,1,0,1
figur,1,0,1
figurative,1,2,3
figuratively,6,7,13
figurd,0,1,1
figure,1332,1085,2417
figureas,1,0,1
figured,348,671,1019
figuredd,1,2,3
figureing,1,1,2
figurers,0,1,1
figures,119,70,189
figurin,2,2,4
figurine,8,4,12
figurines,1,5,6
figuring,90,168,258
fihure,1,1,2
fii,0,1,1
fiia,1,0,1
fiight,0,1,1
fiiiiiaaaahhh,0,1,1
fiiiiighting,0,1,1
fiiiiiiiiiiiiiiiiiiiiiiiiiiiiiiiiine,0,1,1
fiiiiiiiiiiiiiiiine,0,1,1
fiiiiiiiiiiiiiiinally,0,1,1
fiiiiiiiiiiiiine,0,1,1
fiiiiiiiiiiiit,0,1,1
fiiiiiiiiiiinally,0,1,1
fiiiiiiiine,0,1,1
fiiiiiiine,0,3,3
fiiiiiiinnneeee,0,1,1
fiiiiiiired,1,0,1
fiiiiiiirst,0,1,1
fiiiiiiive,1,1,2
fiiiiiinally,0,1,1
fiiiiiine,3,0,3
fiiiiiirrrrre,0,1,1
fiiiiiives,0,1,1
fiiiiinally,1,2,3
fiiiiine,0,1,1
fiiiiire,0,1,1
fiiiiit,0,1,1
fiiiinaaalllyyy,0,1,1
fiiiinallly,0,1,1
fiiiinally,2,2,4
fiiiine,0,11,11
fiiiinnn,0,1,1
fiiiinnneeee,0,1,1
fiiiit,1,0,1
fiiiitttt,1,0,1
fiiind,0,1,1
fiiine,3,8,11
fiiinee,1,0,1
fiiineee,1,0,1
fiiinnaally,0,1,1
fiiione,0,1,1
fiilingu,0,1,1
fiilistelizing,0,1,1
fiinally,0,1,1
fiind,0,3,3
fiindca,1,0,1
fiindd,1,0,1
fiine,3,0,3
fiinee,0,1,1
fiingers,0,1,1
fiini,0,1,1
fiiniiiiiiiiish,0,1,1
fiinished,1,0,1
fiinna,0,1,1
fiinnallly,1,0,1
fiinnee,1,0,1
fiino,0,1,1
fiirrrreeee,1,0,1
fiirst,1,2,3
fiishing,0,1,1
fiiting,0,2,2
fiive,0,1,1
fij,1,0,1
fiji,14,27,41
fijian,1,0,1
fijis,0,1,1
fijn,0,3,3
fijne,0,2,2
fiju,1,0,1
fik,2,1,3
fika,0,3,3
fikaa,1,0,1
fike,0,1,1
fiki,0,1,1
fikri,1,1,2
fikriyah,0,1,1
fiksi,0,1,1
fil,87,70,157
fila,8,0,8
filabertoes,0,1,1
filakia,0,1,1
filament,0,1,1
filan,1,0,1
filas,1,0,1
filasdhfkshydfks,1,0,1
filaty,1,0,1
filbar,1,0,1
filched,2,0,2
filching,0,1,1
fild,0,1,1
fildias,0,1,1
file,380,165,545
filebertos,0,1,1
filecase,0,1,1
filed,84,19,103
fileden,1,0,1
filefield,2,0,2
filefront,0,1,1
filehosting,0,1,1
fileing,0,1,1
fileinput,1,0,1
filem,0,1,1
filemail,0,1,1
filemanager,0,1,1
filename,3,0,3
filenames,0,1,1
filene,1,1,2
fileprint,1,0,1
filer,1,0,1
files,381,177,558
fileserver,3,3,6
filesets,0,1,1
fileshare,1,0,1
filesharing,4,1,5
filesocial,0,4,4
filesssss,1,0,1
filesystem,3,4,7
filesystems,0,1,1
filet,7,15,22
filets,1,1,2
filetwt,0,2,2
filetype,2,0,2
filevault,1,0,1
filex,1,0,1
filey,2,1,3
filezilla,4,4,8
filezorz,1,0,1
filf,1,0,1
filfil,1,0,1
filght,1,1,2
filgoal,0,1,1
filha,0,1,1
filhaal,1,1,2
filhal,0,1,1
filhi,0,1,1
fili,0,1,1
filials,1,0,1
filian,0,1,1
filiation,1,0,1
filica,1,0,1
filictures,0,1,1
filigree,0,2,2
filimg,1,0,1
filiming,3,1,4
filing,66,22,88
filings,2,0,2
filins,1,0,1
filinvest,1,1,2
filiocht,1,0,1
filip,1,3,4
filipina,7,9,16
filipinas,0,2,2
filipino,51,125,176
filipinos,5,24,29
filipno,0,1,1
filippa,0,1,1
filippino,0,1,1
filippo,1,1,2
filips,1,0,1
filiz,1,0,1
fill,288,278,566
fillakia,0,1,1
filld,1,1,2
fille,0,2,2
filled,363,404,767
filler,9,15,24
fillers,1,2,3
filles,0,2,2
fillet,9,14,23
fillets,1,4,5
fillfull,0,1,1
fillies,0,2,2
fillin,5,3,8
fillinf,1,0,1
filling,210,166,376
fillingg,1,0,1
fillings,32,5,37
fillion,3,16,19
fillipine,1,0,1
fillipino,0,2,2
fillipo,1,0,1
fillled,0,1,1
fillmmaking,0,1,1
fillmore,6,4,10
fillos,1,0,1
fillout,1,0,1
fills,17,29,46
filly,3,5,8
film,751,1197,1948
filma,0,1,1
filmagens,0,1,1
filmas,0,1,1
filmcast,1,1,2
filmclip,1,0,1
filme,2,3,5
filmed,42,64,106
filmei,1,0,1
filmene,0,1,1
filmes,1,1,2
filmfoodeating,0,1,1
filmfour,0,1,1
filmgeek,0,1,1
filmgewordenes,0,1,1
filmgoing,1,0,1
filmimi,1,0,1
filmin,0,1,1
filming,162,223,385
filmingggg,0,1,1
filmings,0,3,3
filminhos,0,1,1
filmitud,0,1,1
filmm,1,1,2
filmmaker,2,5,7
filmmakers,3,6,9
filmmaking,2,1,3
filmmimg,0,1,1
filmming,0,1,1
filmnya,1,2,3
filmography,1,1,2
filmong,1,0,1
filmore,1,0,1
filmow,0,1,1
filmpje,0,2,2
filmriot,0,1,1
films,144,218,362
filmset,0,2,2
filmshoot,0,1,1
filmsong,0,1,1
filmulete,0,1,1
filmworks,0,1,1
filmy,1,5,6
filns,1,0,1
filo,4,3,7
filofax,0,2,2
filoo,0,1,1
filosof,1,0,1
filosophy,3,1,4
filou,0,1,1
filous,1,0,1
filp,1,0,1
filpped,0,1,1
filpping,0,1,1
filps,1,0,1
fils,2,0,2
filsaime,0,2,2
filter,104,85,189
filtered,8,7,15
filtering,17,13,30
filters,23,21,44
filterz,1,0,1
filth,16,17,33
filthadelphia,1,0,1
filthiest,1,0,1
filthwoman,0,1,1
filthy,47,47,94
filthyfriday,1,0,1
filtration,0,1,1
filttr,0,1,1
filtyh,1,0,1
filx,1,0,1
filzaa,1,0,1
fim,2,8,10
fimally,1,0,1
fimbres,0,1,1
fime,0,1,1
fimes,0,1,1
fimilular,0,1,1
fimling,1,0,1
fimlurs,0,1,1
fimo,1,0,1
fims,0,1,1
fimu,0,1,1
fin,43,40,83
fina,10,10,20
finaaaaaaally,1,0,1
finaaaaaale,0,1,1
finaaaaaalllllllyyyyyyy,0,1,1
finaaaaallly,0,1,1
finaaaally,0,2,2
finaaaals,1,1,2
finaaally,1,0,1
finaal,1,0,1
finaalllly,0,1,1
finaallllyyyy,0,1,1
finaallly,0,1,1
finaally,0,2,2
finabah,1,1,2
finace,3,1,4
finacial,2,1,3
finacially,3,0,3
finae,1,0,1
finagle,4,2,6
finagled,0,1,1
finaid,1,0,1
finailse,0,1,1
final,1914,1530,3444
finalcrit,1,0,1
finalcut,1,0,1
finale,734,433,1167
finalee,0,3,3
finaleee,0,1,1
finalement,0,2,2
finales,21,9,30
finalfantasy,1,0,1
finali,0,1,1
finalis,0,1,1
finalise,4,5,9
finalised,1,6,7
finalising,4,4,8
finalist,15,26,41
finalists,8,12,20
finality,1,0,1
finaliy,0,1,1
finalizata,0,1,1
finalize,11,11,22
finalized,7,10,17
finalizer,0,1,1
finalizing,10,18,28
finall,0,2,2
finallay,0,1,1
finallaye,0,1,1
finalle,0,2,2
finalleeehhh,0,1,1
finalliy,0,1,1
finalll,2,3,5
finallll,0,1,1
finallllle,0,1,1
finalllllllllllly,1,0,1
finallllllllllyyy,0,1,1
finallllllllly,0,1,1
finalllllllllyyyyyyy,0,1,1
finalllllllllyyyyyyyyy,0,1,1
finalllllllly,1,1,2
finallllllllyyyyyyy,1,0,1
finallllllly,0,1,1
finalllllly,1,4,5
finallllllyyyy,0,1,1
finallllly,0,6,6
finalllllyyyy,0,1,1
finalllls,1,0,1
finallllsss,0,1,1
finalllly,0,5,5
finallllyyyy,2,0,2
finalllsss,0,1,1
finallly,13,21,34
finalllyy,0,1,1
finalllyyy,0,1,1
finalllyyyy,0,1,1
finalllyyyyy,0,2,2
finalllyyyyyyyyy,0,1,1
finalls,5,0,5
finallsl,1,1,2
finally,4063,7880,11943
finallyhome,0,2,2
finallying,0,1,1
finallylet,0,1,1
finallytryingto,2,0,2
finallyy,2,12,14
finallyyy,3,9,12
finallyyyy,2,3,5
finallyyyyy,1,2,3
finallyyyyyy,0,2,2
finallyyyyyyy,0,1,1
finallyyyyyyyy,0,1,1
finallyyyyyyyyy,0,1,1
finalment,1,0,1
finalmente,0,4,4
finalow,0,1,1
finals,1363,933,2296
finalss,12,2,14
finalsss,4,2,6
finalssss,3,0,3
finalsssss,1,0,1
finalsssssssss,1,0,1
finalsto,0,1,1
finalsweek,0,1,1
finaltweet,3,1,4
finaly,34,73,107
finalyy,0,1,1
finalyyy,1,1,2
finalz,2,0,2
financally,1,0,1
finance,86,35,121
financed,0,1,1
financers,0,1,1
finances,33,18,51
financial,118,80,198
financiall,1,0,1
financially,24,13,37
financials,2,2,4
financiara,1,0,1
financiers,0,1,1
financing,7,4,11
finanical,1,0,1
finanicial,0,1,1
finatic,0,1,1
finbally,0,1,1
finbar,1,0,1
finch,6,3,9
fincham,0,1,1
fincher,0,1,1
finches,1,3,4
finchley,1,0,1
finchy,0,3,3
fincity,0,1,1
find,9299,4893,14192
finda,2,1,3
findababysitter,0,1,1
findabet,0,1,1
findable,2,0,2
findagrave,1,0,1
findd,3,2,5
finddd,1,0,1
findddd,1,0,1
finde,1,8,9
finded,0,1,1
finden,0,1,1
finder,7,11,18
findernail,1,0,1
finders,1,7,8
findhorn,0,1,1
findi,1,0,1
findin,7,8,15
finding,685,621,1306
findings,6,15,21
findit,1,0,1
findlay,0,3,3
findley,1,0,1
findmy,1,0,1
findng,1,1,2
findout,2,0,2
finds,138,130,268
findsi,0,1,1
findthatstuff,0,1,1
findthewine,1,0,1
findtimetoread,1,0,1
findurself,1,0,1
fine,1604,2973,4577
fineadult,0,1,1
finearts,0,1,1
fineass,0,1,1
fineberg,1,0,1
fined,7,3,10
fineday,0,1,1
finee,7,19,26
fineee,8,11,19
fineeee,1,4,5
fineeeee,2,1,3
fineeeeee,0,2,2
fineeeeeee,1,0,1
fineeeeeeeee,1,0,1
finegrs,1,0,1
fineliners,0,1,1
finelli,1,0,1
finelly,1,0,1
finels,0,1,1
finely,2,3,5
fineness,0,1,1
finepix,0,1,1
finer,5,10,15
finery,1,1,2
fines,19,2,21
finesse,2,5,7
finest,22,56,78
finesttt,0,1,1
finey,0,1,1
fineye,1,0,1
finf,2,0,2
finfan,0,1,1
finfish,1,0,1
fing,13,13,26
finga,1,1,2
fingah,0,2,2
fingal,0,1,1
finganels,0,1,1
fingarr,1,0,1
fingaz,1,1,2
finge,2,1,3
finger,849,222,1071
fingerapp,0,1,1
fingerboard,2,0,2
fingercuffs,0,1,1
fingered,9,2,11
fingerfood,0,1,1
fingering,2,5,7
fingerless,3,4,7
fingerling,0,1,1
fingermouse,0,2,2
fingernail,10,2,12
fingernails,21,21,42
fingerpainting,1,1,2
fingerprint,8,1,9
fingerprinted,0,1,1
fingerprinting,1,1,2
fingerprints,11,6,17
fingerr,2,0,2
fingerrrrrrrr,1,0,1
fingerrrrrs,0,1,1
fingerrs,2,0,2
fingers,801,949,1750
fingerscrossed,0,2,2
fingersmith,0,1,1
fingerspelling,1,0,1
fingersss,1,1,2
fingertip,4,4,8
fingertipless,1,0,1
fingertips,17,20,37
fingerwork,1,0,1
fingerz,2,0,2
fingggres,1,0,1
fingie,1,0,1
fingies,1,1,2
finging,1,0,1
fingir,1,0,1
finglisch,0,1,1
fingr,2,0,2
fingrs,1,0,1
fings,1,1,2
finguhh,1,0,1
fingure,2,0,2
fingures,4,0,4
fingy,1,1,2
finhish,0,1,1
fini,5,6,11
finiale,0,1,1
finially,2,4,6
finials,2,0,2
finialy,1,0,1
finian,1,0,1
finiancial,0,1,1
finicky,5,2,7
finidh,1,0,1
finiding,1,0,1
finidng,0,1,1
finifhed,1,0,1
finifshed,1,0,1
finihed,0,2,2
finiiiiished,0,1,1
finiiish,0,1,1
finiished,0,2,2
finikia,0,1,1
fining,0,2,2
fininho,0,1,1
fininsh,2,0,2
fininshed,2,0,2
finir,1,0,1
finis,1,1,2
finisat,1,0,1
finisce,0,1,1
finisd,1,0,1
finised,5,3,8
finisehd,1,0,1
finisg,0,1,1
finish,2144,1612,3756
finishd,11,5,16
finishe,4,1,5
finished,3140,4256,7396
finishedd,3,2,5
finisheddd,0,2,2
finishedddd,2,1,3
finisheddddd,0,1,1
finishedextra,1,0,1
finishedmineee,0,1,1
finishedmovie,0,1,1
finisheed,0,1,1
finisher,3,4,7
finishers,1,1,2
finishes,71,48,119
finishh,1,1,2
finishhed,1,0,1
finishheed,0,1,1
finishhhhhhhhheeeeeeeeeeeed,0,1,1
finishhing,0,1,1
finishied,1,1,2
finishiing,1,0,1
finishin,11,14,25
finishing,409,566,975
finishinh,0,1,1
finishline,0,1,1
finishnthree,1,0,1
finishs,0,1,1
finishthe,0,1,1
finite,7,4,11
finito,10,10,20
finitoed,1,0,1
finitooo,0,1,1
finja,1,1,2
fink,26,19,45
finka,0,1,1
finkin,4,0,4
finking,3,0,3
finks,2,2,4
finky,0,1,1
finla,1,0,1
finland,67,100,167
finlandia,0,2,2
finlands,1,0,1
finlay,1,1,2
finless,1,0,1
finley,2,1,3
finlists,0,1,1
finlly,1,2,3
finls,1,0,1
finltstones,1,0,1
finly,1,1,2
finn,13,18,31
finna,52,75,127
finnaaaallly,1,0,1
finnaally,0,1,1
finnallllly,0,1,1
finnalllyyy,1,1,2
finnally,4,10,14
finnallyy,0,1,1
finnaly,5,17,22
finnan,0,1,1
finnbar,0,1,1
finne,1,0,1
finned,0,1,1
finnee,1,0,1
finneee,1,0,1
finnegan,0,1,1
finner,0,1,1
finney,1,0,1
finneys,0,1,1
finngers,1,0,1
finnicky,1,0,1
finnie,1,0,1
finniest,1,0,1
finning,1,1,2
finnised,1,0,1
finnish,21,43,64
finnished,19,30,49
finnishes,1,0,1
finnishing,3,2,5
finnn,1,0,1
finnnielsen,0,1,1
finnnished,0,1,1
finnnnally,0,1,1
finnnnne,0,1,1
finns,5,2,7
finntroll,1,0,1
finny,1,1,2
fino,1,0,1
finola,0,1,1
finqers,1,0,1
finra,1,0,1
finrod,1,0,1
fins,12,9,21
finsbury,2,2,4
finsh,6,6,12
finshd,0,2,2
finshed,19,22,41
finshes,1,0,1
finshing,3,1,4
finsih,4,3,7
finsihed,5,10,15
finsihing,1,0,1
finsish,0,1,1
finsta,1,0,1
finstown,0,1,1
fint,1,2,3
finta,1,0,1
fintan,4,0,4
finthen,1,0,1
fintster,0,1,1
finucane,0,1,1
finz,2,1,3
fio,3,1,4
fioasdfadsndaslf,1,0,1
fiocco,1,0,1
fiona,31,44,75
fionas,3,1,4
fione,1,1,2
fionnuala,0,2,2
fior,1,0,1
fiore,2,1,3
fiorella,0,2,2
fiorello,1,0,1
fiorgellato,0,1,1
fiori,0,1,1
fiorward,0,1,1
fios,21,8,29
fiostv,1,0,1
fip,1,0,1
fippy,1,0,1
fiqah,0,1,1
fiqh,1,0,1
fique,1,2,3
fiquei,3,0,3
fiqure,2,1,3
fir,42,31,73
fira,0,1,1
firangs,1,0,1
firas,0,1,1
fircombe,1,0,1
firdaus,0,1,1
firday,7,4,11
firdayproject,0,1,1
firdays,1,0,1
fire,784,824,1608
fireable,1,0,1
firealarm,3,0,3
fireant,2,0,2
fireants,3,0,3
firearm,1,2,3
firearms,2,3,5
fireball,2,2,4
firebird,5,0,5
firebirds,1,1,2
fireboarding,1,0,1
firebomb,1,0,1
firebox,3,0,3
firebrands,1,0,1
firebrigade,1,0,1
firebug,14,6,20
firebuilding,0,1,1
firecamp,0,1,1
firecat,0,2,2
firecracker,3,4,7
firecrackers,4,3,7
firecrotch,0,1,1
fired,156,85,241
firedepo,0,1,1
firedigit,0,1,1
firedome,0,1,1
firedrill,1,2,3
fireds,0,1,1
firee,0,1,1
fireee,1,1,2
fireeee,1,1,2
fireeeee,2,1,3
fireeeeee,0,2,2
fireeeeeeeeeeeee,0,1,1
fireeeeeeeeeeeeee,0,1,1
firefem,0,1,1
firefiend,1,0,1
firefight,0,2,2
firefighter,3,6,9
firefighters,5,9,14
firefighting,1,3,4
firefit,1,0,1
fireflies,13,11,24
fireflight,0,4,4
firefly,48,80,128
firefox,438,222,660
firefoxes,1,1,2
firefoxp,0,1,1
firefoxu,1,0,1
fireftp,2,2,4
firefux,1,0,1
fireguard,1,1,2
firehaus,0,1,1
firehawg,0,1,1
firehawk,1,2,3
firehose,0,3,3
firehouse,5,12,17
fireid,0,1,1
fireing,1,1,2
fireisland,1,0,1
firelightly,1,0,1
firelord,1,1,2
firemaker,0,1,1
firemaking,0,1,1
fireman,11,11,22
firemans,1,1,2
firemen,12,11,23
firemint,0,1,1
firend,5,4,9
firendfeed,1,0,1
firendly,0,1,1
firends,9,3,12
firenze,3,2,5
firenzeee,1,0,1
firepit,1,4,5
firepits,0,2,2
firepitting,0,1,1
fireplace,7,23,30
firepow,1,0,1
firepratt,0,1,1
firepro,0,1,1
fireproof,3,10,13
firered,0,1,1
firerift,0,1,1
fires,45,45,90
fireshot,1,0,1
fireside,2,4,6
firespinning,0,1,1
firest,0,1,1
firestarlight,0,1,1
firestarter,1,2,3
firestarters,1,1,2
firestation,1,0,1
firestone,10,6,16
firestorm,1,1,2
firetruck,4,2,6
firetrucks,3,4,7
firetwirl,0,1,1
firetwirling,0,1,1
fireuploader,1,0,1
firew,1,0,1
firewalk,0,1,1
firewall,48,25,73
firewalled,2,1,3
firewalls,7,2,9
firewatching,1,0,1
firewater,0,1,1
firewatir,1,0,1
firewind,1,0,1
firewire,23,6,29
firewood,6,8,14
firework,9,4,13
fireworkksss,1,0,1
fireworks,133,106,239
fireworls,1,0,1
firey,2,2,4
firggin,1,0,1
firgure,1,0,1
firgured,0,1,1
firi,0,1,1
firiends,1,1,2
firies,0,1,1
firing,32,18,50
firingup,1,0,1
firkin,1,2,3
firklover,0,1,1
firm,38,61,99
firma,0,3,3
firmament,0,1,1
firmaware,1,0,1
firmed,0,1,1
firmer,0,1,1
firmhouse,0,1,1
firmiliar,0,1,1
firming,1,2,3
firmly,11,15,26
firms,9,7,16
firmung,0,1,1
firmware,105,36,141
firnds,1,0,1
firned,0,1,1
firocet,1,0,1
firre,1,0,1
firreeeeeeee,0,1,1
firrhill,1,0,1
firrsst,0,1,1
firrst,1,0,1
firs,1,3,4
firsco,0,1,1
firsdt,1,0,1
firsst,2,0,2
firssttttt,1,0,1
first,7072,9735,16807
firstbook,0,1,1
firstborn,1,1,2
firstbthing,1,0,1
firstcar,1,0,1
firstclass,1,0,1
firstday,2,1,3
firstenergy,0,1,1
firstfriday,1,0,1
firstgig,0,1,1
firstgreatwestern,1,0,1
firsthand,2,0,2
firstlady,0,1,1
firstly,9,8,17
firstmac,0,1,1
firstmedia,2,0,2
firstname,0,2,2
firstof,0,1,1
firstrecord,7,23,30
firsts,3,18,21
firstsale,0,1,1
firstsongoftheday,1,0,1
firstt,2,2,4
firsttt,0,1,1
firstttt,0,2,2
firsttttttttt,0,1,1
firsttweet,0,1,1
firstworldproblems,4,0,4
firstworldwork,0,1,1
firsyt,0,1,1
firt,2,0,2
firth,2,7,9
firts,3,3,6
firwall,1,0,1
firworks,2,0,2
firwst,1,0,1
fis,2,1,3
fisa,0,1,1
fisabilillah,0,1,1
fisc,1,0,1
fiscal,14,9,23
fiscally,2,3,5
fiscals,0,1,1
fisch,0,2,2
fischer,2,1,3
fischers,0,1,1
fischerspooner,3,8,11
fischi,3,1,4
fischiiii,0,1,1
fischizzle,0,1,1
fish,768,668,1436
fishbacks,0,1,1
fishball,0,3,3
fishballs,2,1,3
fishbar,1,0,1
fishbone,4,0,4
fishbowl,5,9,14
fishbyte,1,0,1
fishcake,1,0,1
fishcreekpark,0,1,1
fishdisks,1,0,1
fishdude,1,0,1
fishe,1,0,1
fished,10,8,18
fishel,1,0,1
fisher,16,29,45
fisherday,0,1,1
fisherman,5,11,16
fishermans,0,1,1
fishermen,1,1,2
fishers,1,0,1
fishes,21,23,44
fishetarian,1,0,1
fishey,2,0,2
fisheye,8,11,19
fisheyes,1,0,1
fishface,1,1,2
fishfagging,1,0,1
fishfinger,1,2,3
fishfingers,0,1,1
fishfish,1,0,1
fishfriday,1,0,1
fishguard,1,0,1
fishh,0,1,1
fishhes,0,1,1
fishhh,1,0,1
fishhhhh,0,1,1
fishhing,0,1,1
fishi,0,1,1
fishie,10,4,14
fishies,21,27,48
fishiesss,0,1,1
fishiez,1,0,1
fishiiiiiiiiiiiiiiiiiiiiiiiiii,0,1,1
fishin,17,23,40
fishiness,1,0,1
fishing,180,254,434
fishinggg,1,0,1
fishingtackle,0,1,1
fishingtrip,0,1,1
fishiteruu,0,1,1
fishkill,0,1,1
fishless,1,0,1
fishman,1,0,1
fishmarket,0,1,1
fishmonger,3,0,3
fishmongers,1,1,2
fishmusic,0,1,1
fishn,0,1,1
fishnchips,1,0,1
fishnet,3,2,5
fishnets,5,4,9
fishoil,1,0,1
fishpond,1,0,1
fishs,1,1,2
fishsallad,1,0,1
fishsticks,0,4,4
fishtailed,1,0,1
fishtank,1,3,4
fishwrangler,0,1,1
fishy,80,44,124
fishybowl,1,0,1
fishys,4,4,8
fishyy,0,1,1
fishyyy,0,1,1
fishz,1,0,1
fisic,1,0,1
fisica,2,0,2
fisichella,2,1,3
fisihing,0,1,1
fisika,3,0,3
fisin,0,1,1
fising,1,0,1
fisix,1,0,1
fisk,2,1,3
fiskardo,0,1,1
fiske,0,1,1
fiskulf,2,0,2
fisl,4,1,5
fisma,0,1,1
fisnih,0,1,1
fisnihsed,0,1,1
fisnished,1,1,2
fisrt,0,5,5
fiss,4,2,6
fissata,0,1,1
fisshing,0,1,1
fissing,0,1,1
fission,1,1,2
fissure,1,0,1
fissures,1,0,1
fist,75,56,131
fistbump,1,4,5
fisted,2,1,3
fistfight,2,0,2
fistfights,0,1,1
fistful,1,4,5
fisticuffs,0,1,1
fistik,0,1,1
fisting,1,3,4
fistral,1,1,2
fists,17,7,24
fisty,2,2,4
fit,879,696,1575
fita,0,2,2
fitb,1,0,1
fitch,8,6,14
fitchburg,1,0,1
fitchy,1,0,1
fitcoachnc,0,1,1
fitday,0,1,1
fite,5,2,7
fiten,1,0,1
fitest,0,1,1
fitfam,14,3,17
fitflops,2,2,4
fitful,4,0,4
fitfull,2,0,2
fitfully,1,0,1
fith,2,1,3
fithly,1,0,1
fithy,0,1,1
fitna,2,2,4
fitnah,0,1,1
fitnes,0,1,1
fitness,110,156,266
fitnesscenter,0,1,1
fitnessclub,0,1,1
fitnessdk,0,1,1
fitnessfirst,0,1,1
fitnessramp,1,0,1
fitnesssss,1,0,1
fitpole,1,0,1
fitra,0,1,1
fitri,1,0,1
fits,99,159,258
fitt,2,3,5
fitted,43,27,70
fitteds,1,0,1
fitter,2,15,17
fitterbook,0,1,1
fitters,3,0,3
fitteslim,1,0,1
fittest,1,6,7
fittie,1,1,2
fitties,1,1,2
fittin,5,4,9
fitting,64,91,155
fittingroom,1,0,1
fittings,6,1,7
fittipaldi,0,1,1
fittnes,0,1,1
fitts,0,1,1
fittt,0,1,1
fittttt,0,1,1
fitty,0,6,6
fitybillion,1,0,1
fitz,6,2,8
fitzcarraldo,0,1,1
fitzdj,1,0,1
fitzgerald,4,9,13
fitzgerlad,0,1,1
fitzhappens,1,0,1
fitzi,1,1,2
fitzroy,3,3,6
fitzsimmons,2,4,6
fitzy,2,2,4
fitzzy,1,0,1
fiu,3,5,8
fiucs,0,1,1
fiugre,0,1,1
fiuh,2,0,2
fiuhh,2,0,2
fiuhhhhh,1,0,1
fiuuhh,1,0,1
fiuuuhh,1,0,1
fiv,3,0,3
five,644,648,1292
fiveandahalfgirls,0,1,1
fived,1,0,1
fivee,0,1,1
fiveee,1,1,2
fiveepicleftovers,0,1,1
fivefingers,0,1,1
fivehour,0,1,1
fivehumans,1,0,1
fiveing,0,1,1
fiveirows,1,0,1
fivek,0,1,1
fivelrows,1,0,1
fivemeters,1,0,1
fiveohfirst,0,1,1
fiveohsexohsix,0,1,1
fivepointsforeffort,1,0,1
fiver,10,12,22
fives,8,32,40
fiveseven,0,1,1
fivesimplesteps,0,2,2
fivesome,0,1,1
fiveteen,0,1,1
fivey,0,2,2
fiving,1,1,2
fiw,0,1,1
fix,1605,754,2359
fixable,15,4,19
fixaction,0,1,1
fixat,1,0,1
fixate,0,1,1
fixated,0,1,1
fixation,1,2,3
fixations,0,1,1
fixative,1,0,1
fixd,2,3,5
fixe,1,2,3
fixed,990,689,1679
fixedbytm,1,0,1
fixedd,1,0,1
fixededed,0,2,2
fixedreplies,0,1,1
fixee,1,0,1
fixen,4,3,7
fixer,2,8,10
fixes,36,39,75
fixet,1,0,1
fixey,0,1,1
fixie,7,6,13
fixied,0,1,1
fixin,18,38,56
fixina,1,0,1
fixincorrecttweet,1,0,1
fixing,242,211,453
fixings,3,1,4
fixinnn,1,0,1
fixins,1,2,3
fixit,1,1,2
fixmapi,1,0,1
fixmyride,1,0,1
fixn,1,1,2
fixna,0,1,1
fixoutlook,2,0,2
fixpoint,1,0,1
fixpoints,1,0,1
fixreplies,36,12,48
fixreply,1,1,2
fixs,1,1,2
fixspymaster,1,0,1
fixtated,0,1,1
fixtunes,0,1,1
fixture,12,7,19
fixturelist,1,0,1
fixtures,22,6,28
fixturesw,1,0,1
fixup,0,3,3
fixups,0,1,1
fixx,4,3,7
fixxing,0,1,1
fixxx,1,1,2
fixxxx,1,0,1
fixxxxed,0,1,1
fixxxxxxiiiiinnnqqq,0,1,1
fixyourfacevol,1,0,1
fixys,1,0,1
fiy,0,2,2
fiya,4,4,8
fiyaaa,0,1,1
fiyaaaa,0,1,1
fiyaaaah,0,1,1
fiyah,3,9,12
fiyahhhh,0,1,1
fiyahhhhh,0,1,1
fiyero,0,2,2
fiyl,0,1,1
fiyonobyju,0,1,1
fiz,3,9,12
fiza,3,1,4
fizband,0,1,1
fizik,1,0,1
fizika,0,1,1
fizix,1,0,1
fizka,0,1,1
fizt,1,0,1
fizul,1,0,1
fizz,13,12,25
fizzed,2,0,2
fizzee,0,1,1
fizzers,0,1,1
fizzes,0,1,1
fizzgig,0,1,1
fizzie,1,0,1
fizziness,0,1,1
fizzing,1,0,1
fizzix,1,0,1
fizzle,9,2,11
fizzled,6,1,7
fizzlew,0,1,1
fizzling,1,1,2
fizzuck,0,1,1
fizzwizzle,2,0,2
fizzy,16,21,37
fizzycan,0,1,1
fizzyduck,0,1,1
fizzzy,1,0,1
fj,4,2,6
fjaksljdalsasdjlwie,1,0,1
fjd,1,0,1
fjdhsjfjs,1,0,1
fjdkls,1,0,1
fjdlsa,1,0,1
fjdska,1,0,1
fjdskal,1,0,1
fjf,0,1,1
fjgkfld,1,0,1
fjj,0,1,1
fjknhfdkmcvfdjnmjdijkmknn,1,0,1
fjlsdjf,1,0,1
fjord,0,3,3
fjortisene,0,1,1
fjp,0,2,2
fjs,0,1,1
fjsd,0,1,1
fjsdjflasf,1,0,1
fjsienrksienrk,0,1,1
fjskjfsfsdf,1,0,1
fjskyuiop,0,1,1
fk,32,12,44
fka,0,3,3
fkae,1,0,1
fkc,2,1,3
fkccing,1,0,1
fkcin,1,1,2
fkcing,1,1,2
fkcn,1,0,1
fkd,10,4,14
fkdjhflk,1,0,1
fkdsa,1,0,1
fked,6,0,6
fkej,1,0,1
fken,4,0,4
fkgl,0,1,1
fkin,12,8,20
fking,14,4,18
fkj,0,1,1
fkjasdkljfasl,1,0,1
fkjdf,1,0,1
fkjsad,1,0,1
fkjsg,1,0,1
fkk,5,0,5
fkkk,3,0,3
fkkkk,1,0,1
fkkn,4,0,4
fkljhasdf,1,0,1
fkn,46,27,73
fknfantastk,1,0,1
fkng,3,0,3
fkngreat,1,0,1
fknin,0,1,1
fks,1,0,1
fksa,1,0,1
fkt,1,0,1
fkuked,1,0,1
fky,1,0,1
fl,255,187,442
fla,27,25,52
flab,3,2,5
flabbergasted,1,2,3
flabbergastingly,0,1,1
flabbiness,1,0,1
flabbit,0,1,1
flabby,9,0,9
flabell,0,1,1
flabs,1,1,2
flac,0,1,1
flaca,0,1,1
flacara,0,1,1
flaccid,1,0,1
flaci,1,0,1
flack,4,7,11
flacky,1,1,2
flacq,1,0,1
flacs,1,0,1
flad,1,1,2
flag,63,103,166
flagellate,0,1,1
flagellation,0,1,1
flagey,0,2,2
flagfootball,0,1,1
flaggans,0,1,1
flagged,24,9,33
flagging,5,4,9
flagit,1,0,1
flagler,2,0,2
flagmatch,0,1,1
flagpole,1,0,1
flagpoles,1,0,1
flagrant,1,0,1
flagrantly,0,1,1
flags,148,178,326
flagship,3,4,7
flagss,1,3,4
flagsss,0,2,2
flagssss,1,0,1
flagstaff,7,9,16
flagswas,1,0,1
flagyl,0,1,1
flagz,2,0,2
flahes,1,0,1
flahses,0,1,1
flahvm,1,0,1
flail,8,7,15
flailed,0,2,2
flailer,1,0,1
flailing,7,7,14
flails,5,2,7
flaily,0,2,2
flair,7,15,22
flaired,1,0,1
flairs,0,1,1
flak,1,5,6
flake,30,19,49
flakebots,0,1,1
flaked,25,6,31
flakely,1,0,1
flaker,1,0,1
flakers,1,0,1
flakes,54,48,102
flakess,1,0,1
flakey,18,3,21
flakier,1,0,1
flakin,1,0,1
flakiness,0,1,1
flaking,13,4,17
flaky,30,6,36
flamazine,0,1,1
flamboyance,0,2,2
flamboyant,2,1,3
flame,22,37,59
flameco,0,1,1
flamed,0,2,2
flamel,1,1,2
flamenco,4,4,8
flamengo,0,3,3
flameout,1,0,1
flamer,1,0,1
flamers,1,1,2
flames,34,38,72
flamethrower,4,2,6
flamethrowing,1,0,1
flamewar,0,3,3
flamewars,1,2,3
flameworthy,0,1,1
flamin,11,3,14
flaming,27,14,41
flamingly,0,1,1
flamingo,3,12,15
flamingoes,0,1,1
flamingoroad,0,1,1
flamingos,3,3,6
flaminhg,1,0,1
flamit,1,0,1
flammable,1,3,4
flammed,1,0,1
flamming,0,1,1
flams,0,1,1
flan,1,5,6
flanagan,1,2,3
flanagans,0,1,1
flanal,1,0,1
flanders,1,5,6
flanelette,1,0,1
flangan,0,1,1
flange,0,2,2
flanger,0,1,1
flanigan,1,3,4
flanigans,1,2,3
flank,0,2,2
flanker,1,2,3
flann,0,1,1
flannagan,1,0,1
flannel,13,8,21
flannelette,2,1,3
flannels,0,1,1
flannery,1,0,1
flano,1,0,1
flans,0,1,1
flantastic,0,1,1
flaor,0,1,1
flaounes,1,2,3
flap,8,11,19
flapjack,9,16,25
flapjacks,4,4,8
flapped,1,0,1
flappers,0,1,1
flappin,1,0,1
flapping,3,6,9
flappit,1,0,1
flappy,2,1,3
flaps,4,2,6
flaptop,1,0,1
flaqs,1,1,2
flaqss,0,1,1
flare,32,7,39
flared,14,3,17
flareful,1,0,1
flares,7,7,14
flareup,1,0,1
flarge,0,1,1
flaring,4,1,5
flarkes,0,1,1
flas,1,0,1
flasbacks,1,0,1
flase,0,1,1
flash,392,263,655
flashback,18,33,51
flashbacks,21,20,41
flashbak,0,1,1
flashbelt,1,4,5
flashblock,0,1,1
flashbulbs,1,0,1
flashcads,0,1,1
flashcamp,6,4,10
flashcamporlando,0,1,1
flashcampsf,1,0,1
flashcarding,1,0,1
flashcards,4,7,11
flashcart,0,1,1
flashcawds,0,1,1
flashdance,5,3,8
flashden,0,2,2
flashdennet,0,1,1
flashdisk,1,0,1
flashdrive,4,2,6
flashdrivee,1,0,1
flashdrives,1,0,1
flashed,21,6,27
flasher,1,2,3
flashes,28,18,46
flashfan,0,1,1
flashfic,0,1,1
flashfiction,0,1,1
flashgame,1,0,1
flashgames,0,1,1
flashgot,0,1,1
flashgun,0,1,1
flashh,0,2,2
flashhh,0,1,1
flashier,1,1,2
flashin,2,1,3
flashing,40,25,65
flashlight,15,14,29
flashlights,3,4,7
flashlike,0,1,1
flashlite,0,1,1
flashman,0,1,1
flashmob,2,3,5
flashontap,1,1,2
flashover,0,1,1
flashpitt,1,0,1
flashplayer,7,0,7
flashpoint,2,6,8
flashpoints,1,0,1
flashtweet,1,0,1
flashunderwear,1,0,1
flashy,6,15,21
flasim,0,1,1
flask,12,8,20
flasks,0,4,4
flat,685,341,1026
flatbed,2,0,2
flatbread,3,3,6
flatbreads,0,1,1
flatbush,7,2,9
flatbushhh,0,1,1
flatcap,0,1,1
flatchested,1,0,1
flateley,0,1,1
flately,10,11,21
flatemate,1,0,1
flatered,0,1,1
flatey,0,1,1
flatfish,1,0,1
flathead,0,2,2
flathunting,1,1,2
flatiron,3,0,3
flativersary,0,1,1
flatland,1,0,1
flatlety,0,1,1
flatley,45,89,134
flatline,1,3,4
flatlined,1,0,1
flatliners,0,1,1
flatly,5,12,17
flatmate,20,16,36
flatmates,16,8,24
flatness,0,1,1
flatoppin,1,0,1
flatout,1,1,2
flatpack,2,1,3
flatpacklovers,0,1,1
flatrate,1,0,1
flatron,1,0,1
flats,66,44,110
flatscreen,3,5,8
flatshare,1,0,1
flatt,0,1,1
flatted,3,0,3
flattely,0,1,1
flatten,1,2,3
flattened,14,3,17
flattening,2,2,4
flattens,1,0,1
flatter,6,15,21
flattered,9,57,66
flatterers,0,1,1
flatterin,1,0,1
flattering,3,24,27
flatters,1,1,2
flattery,4,18,22
flattest,1,0,1
flattie,0,2,2
flatties,1,0,1
flattly,0,3,3
flattr,0,1,1
flatts,15,47,62
flattt,1,0,1
flatttt,0,1,1
flatulence,1,0,1
flatulent,0,2,2
flatware,0,1,1
flatwork,0,1,1
flatworld,0,2,2
flaty,0,1,1
flauderdale,0,1,1
flaunt,3,9,12
flaunting,4,0,4
flautas,0,2,2
flav,3,5,8
flava,4,8,12
flavaaid,1,0,1
flavamen,0,1,1
flavia,2,1,3
flavio,1,1,2
flavius,3,0,3
flavor,71,93,164
flavored,41,52,93
flavorful,0,4,4
flavorfull,0,1,1
flavoring,0,4,4
flavorless,3,0,3
flavorrr,1,0,1
flavors,21,35,56
flavorus,0,1,1
flavour,34,49,83
flavoured,11,22,33
flavourful,0,4,4
flavouring,5,0,5
flavouritesgilrz,0,1,1
flavourless,1,0,1
flavourr,0,2,2
flavours,9,13,22
flavourz,0,2,2
flavs,0,1,1
flaw,30,9,39
flawda,2,0,2
flawduh,1,0,1
flawe,0,1,1
flawed,10,8,18
flawles,1,0,1
flawless,70,119,189
flawlessly,1,7,8
flawlesss,0,1,1
flaws,10,19,29
flax,3,7,10
flaxandfiberfriday,1,0,1
flaxmere,1,0,1
flaxseed,0,2,2
flaxseeds,0,1,1
flay,6,8,14
flaybread,1,0,1
flayed,1,0,1
flayers,1,0,1
flaying,0,1,1
flays,0,1,1
flb,0,1,1
flc,1,0,1
flckr,1,0,1
flcl,0,2,2
fld,1,0,1
fle,1,1,2
flea,63,58,121
fleabass,0,1,1
fleabay,1,0,1
fleabo,0,1,1
fleamarket,2,4,6
fleamarketing,0,1,1
fleamarkets,0,1,1
fleamkarket,1,0,1
fleas,26,2,28
fleck,0,1,1
flecks,0,2,2
flecktones,0,1,1
fled,5,1,6
fledge,1,0,1
fledged,4,5,9
fledgling,6,1,7
fledglings,0,1,1
flee,9,8,17
fleebag,1,0,1
fleece,6,16,22
fleeced,0,2,2
fleeces,0,2,2
fleecing,1,1,2
fleeing,5,6,11
fleemarket,0,2,2
flees,1,0,1
fleeshman,0,2,2
fleet,16,24,40
fleeting,0,6,6
fleetingly,0,1,1
fleetprotector,0,1,1
fleets,0,1,1
fleetweek,0,1,1
fleetwood,14,22,36
fleetwoodmac,1,0,1
fleged,1,0,1
fleghmy,1,0,1
fleishman,0,1,1
fleissig,0,1,1
flektogon,0,1,1
fleku,0,1,1
flem,1,1,2
flembonator,0,1,1
fleming,1,5,6
flemings,1,0,1
flemington,1,0,1
flemish,2,5,7
flemming,2,1,3
flemmings,1,0,1
flenny,0,2,2
flensburg,1,1,2
flercher,0,1,1
flertar,1,0,1
fles,0,1,1
flesh,33,45,78
fleshing,0,1,1
fleshlight,2,0,2
fleshlings,1,0,1
fleshwound,1,0,1
flet,1,0,1
fletch,1,4,5
fletcher,25,85,110
fletcherday,2,16,18
fletcherrrrrr,0,1,1
fletchers,2,2,4
fletching,1,1,2
fletchy,0,1,1
flethcer,1,0,1
fleu,1,0,1
fleur,7,4,11
fleura,1,0,1
fleuravenue,0,1,1
fleurs,3,1,4
fleury,11,4,15
flevo,0,1,1
flevoland,0,1,1
flew,257,106,363
flex,28,52,80
flexable,3,0,3
flexbuilder,1,0,1
flexed,1,1,2
flexer,1,0,1
flexerall,0,1,1
flexeril,0,1,1
flexes,0,1,1
flexfit,0,2,2
flexi,4,2,6
flexibility,10,13,23
flexibilty,0,1,1
flexible,11,32,43
flexico,1,0,1
flexifoil,1,0,1
flexifriday,1,0,1
fleximus,0,1,1
flexin,1,0,1
flexing,1,6,7
flexion,1,0,1
flexiscale,1,0,1
flexitime,1,0,1
flexor,1,0,1
flexoril,1,0,1
flexors,2,0,2
flexpoint,0,1,1
flexsin,0,1,1
flext,0,1,1
flextt,1,0,1
flexughh,1,0,1
flexweaves,0,1,1
flexworking,0,1,1
flexx,0,1,1
flexxx,1,0,1
flfm,0,1,1
flg,3,3,6
flght,1,0,1
flgiht,1,0,1
flgs,2,0,2
flgure,0,1,1
fli,1,3,4
flic,3,1,4
flicc,0,1,1
flick,87,161,248
flicka,2,4,6
flickaaaaaaa,1,0,1
flickchart,0,1,1
flicked,7,6,13
flicker,7,9,16
flickered,5,2,7
flickerin,0,1,1
flickering,13,5,18
flickers,3,0,3
flickerstick,1,0,1
flickery,1,1,2
flickflaks,0,1,1
flickin,4,1,5
flicking,12,15,27
flickit,1,0,1
flickkk,1,0,1
flickr,212,301,513
flickrati,1,0,1
flickrhq,1,0,1
flicks,32,54,86
flickup,1,0,1
flicky,1,0,1
flicr,1,0,1
flie,0,1,1
flied,1,1,2
flieng,0,1,1
flier,4,10,14
fliers,7,5,12
flies,172,134,306
fliggedy,1,0,1
fligh,1,0,1
flighhtt,0,1,1
flight,1754,999,2753
flightaccicent,1,0,1
flightclub,1,0,1
flightcontrol,5,8,13
flightdeck,0,1,1
flighted,1,0,1
flightgets,0,1,1
flighting,0,2,2
flightless,2,2,4
flightnetwork,1,0,1
flightplans,1,0,1
flights,243,119,362
flightsafety,1,0,1
flightschedule,0,1,1
flightsim,1,0,1
flightsimmer,0,1,1
flightstats,0,1,1
flightsuit,1,0,1
flightwas,1,0,1
flighty,1,4,5
flii,0,1,1
fliiies,0,1,1
fliiiies,1,0,1
fliiiiiiiiiiip,0,1,1
fliiiinstones,0,1,1
fliink,0,1,1
fliip,0,1,1
flik,1,0,1
flikcchart,1,0,1
flikr,1,5,6
flikrmail,1,0,1
flikstaaaaa,0,1,1
flil,1,0,1
flim,3,3,6
fliming,0,2,2
flims,1,1,2
flimsly,1,0,1
flimsy,8,5,13
flin,0,1,1
flinch,4,2,6
flinched,1,1,2
flinches,1,0,1
flinching,0,2,2
flinders,2,3,5
fling,17,16,33
flinged,1,0,1
flinging,1,2,3
flingoutfriday,1,0,1
flings,2,1,3
flink,1,1,2
flinstone,1,2,3
flinstones,0,3,3
flint,12,9,21
flinthart,0,1,1
flintoff,0,3,3
flintridge,1,0,1
flintstones,1,3,4
flinttown,1,0,1
flip,251,223,474
flipaandoo,0,1,1
flipancy,1,0,1
flipante,0,1,1
flipart,1,0,1
flipboy,1,0,1
flipcam,4,2,6
fliped,1,0,1
flipfest,0,1,1
flipflop,3,4,7
flipflopped,1,0,1
flipflopping,0,1,1
flipflops,23,11,34
flipfold,0,1,1
flipin,1,3,4
fliping,1,0,1
flipinggfantastic,0,1,1
flipkart,0,1,1
flipout,0,1,1
flipoutfriday,0,1,1
flipp,1,1,2
flippa,1,0,1
flippant,2,1,3
flipped,45,32,77
flippeh,0,1,1
flippen,7,0,7
flipper,7,1,8
flippers,2,2,4
flippie,1,1,2
flippies,0,1,1
flippin,106,60,166
flipping,80,59,139
flippn,1,4,5
flipppys,0,1,1
flippy,5,15,20
flips,23,20,43
flipsflops,0,1,1
flipshare,1,0,1
flipside,5,12,17
flipsides,0,1,1
flipsyde,1,2,3
fliptomybside,1,0,1
flipvidding,0,1,1
flipy,1,0,1
flipz,1,1,2
flir,0,2,2
flire,0,1,1
flirt,17,44,61
flirtacious,1,0,1
flirtation,1,0,1
flirtatious,1,3,4
flirtatiously,0,1,1
flirtatous,1,0,1
flirtbox,0,1,1
flirted,4,8,12
flirtin,1,3,4
flirting,41,55,96
flirtomatic,0,2,2
flirts,3,2,5
flirtty,0,1,1
flirty,10,10,20
flirtzone,1,0,1
fliss,2,0,2
flist,8,4,12
flister,0,1,1
flists,1,0,1
flit,0,1,1
flite,4,0,4
flithy,1,0,1
flitter,1,1,2
flittering,1,1,2
flitting,0,4,4
flittr,0,1,1
flix,3,6,9
flixel,0,1,1
flixonase,1,0,1
flixster,0,3,3
flixter,1,0,1
fliz,0,1,1
fll,3,3,6
flloor,1,0,1
fllow,1,1,2
fllowers,1,0,1
fllw,1,3,4
fllwd,0,1,1
fllwers,0,1,1
fllwing,0,1,1
fllwn,0,1,1
fllwng,1,0,1
fllwrs,1,5,6
flly,1,0,1
fllyod,0,1,1
fllyyy,1,0,1
flm,1,0,1
flmaingos,0,1,1
flming,1,1,2
flml,0,1,1
fln,1,0,1
flnd,0,1,1
flo,35,58,93
floa,1,0,1
floaded,2,0,2
floam,0,1,1
floare,0,1,1
float,42,70,112
floatalicious,0,1,1
floated,5,6,11
floater,1,3,4
floaters,1,0,1
floatie,2,4,6
floaties,5,2,7
floatiez,1,0,1
floatin,2,3,5
floating,62,66,128
floats,12,40,52
floatt,1,0,1
floaty,4,10,14
floatys,1,0,1
flobee,1,0,1
flobots,1,0,1
flock,24,46,70
flocked,2,0,2
flockin,0,1,1
flocking,1,4,5
flocks,0,2,2
flocktome,0,1,1
flodders,1,0,1
floddings,1,0,1
flodds,1,0,1
floetry,4,0,4
flof,0,1,1
flofficers,0,1,1
flog,3,6,9
flogged,6,0,6
flogger,3,0,3
floggers,0,1,1
flogging,4,5,9
flogos,0,1,1
flogvip,0,1,1
flohmarkt,1,0,1
flohoe,1,0,1
floku,1,0,1
flollll,0,1,1
flolloping,0,1,1
flollowers,1,0,1
flollowing,0,1,1
flonase,1,0,1
flones,3,3,6
flonky,1,0,1
floo,2,1,3
flooa,1,0,1
floobs,0,1,1
flood,98,54,152
floodahration,1,0,1
floodar,0,1,1
flooded,137,33,170
flooders,0,1,1
floodgates,3,0,3
floodin,0,2,2
flooding,67,39,106
floodings,1,0,1
floodplain,1,0,1
floodplains,0,1,1
floods,31,14,45
floody,0,1,1
floof,1,0,1
floofeh,0,1,1
floofy,2,0,2
flook,1,0,1
flooooding,1,0,1
flooooo,0,1,1
flooooooding,1,0,1
flooooooooooooooooooooded,1,0,1
floooooor,1,0,1
floooooow,1,0,1
flooooor,0,1,1
flooooored,1,0,1
floooows,0,1,1
flooor,1,1,2
floops,1,0,1
floopy,2,0,2
floor,778,403,1181
floorball,2,3,5
floorboard,1,0,1
floorboards,3,3,6
floordrobe,1,0,1
floored,5,2,7
floorfiller,0,1,1
floorfillers,0,1,1
floories,0,1,1
flooring,13,8,21
floormate,0,1,1
floormates,1,3,4
floorong,0,1,1
floorplan,1,3,4
floorplans,1,1,2
floorrrr,0,1,1
floors,53,47,100
floorset,7,1,8
floorsets,1,0,1
floorspace,0,1,1
floorwalkers,1,0,1
flooter,0,3,3
floow,0,2,2
floowers,1,0,1
floozied,0,1,1
floozies,1,1,2
flooziie,0,1,1
floozy,1,1,2
flop,70,29,99
flopd,1,0,1
floped,1,0,1
floppage,1,0,1
flopped,29,3,32
floppies,1,15,16
floppin,3,0,3
flopping,5,8,13
floppped,1,0,1
floppy,10,19,29
floppys,1,1,2
flops,114,73,187
flopys,1,0,1
flopz,1,0,1
flor,5,13,18
flora,4,9,13
florabama,0,1,1
floral,7,26,33
floraled,0,1,1
floralia,0,2,2
florals,1,1,2
floralsyyy,0,1,1
floraqueen,1,0,1
florchis,0,1,1
florda,2,0,2
flordia,9,5,14
flore,1,0,1
floren,0,1,1
florence,37,47,84
florencia,1,1,2
florentine,0,4,4
florentines,1,0,1
florentino,0,1,1
florenze,1,1,2
flores,5,1,6
florescent,1,0,1
floresville,1,0,1
floret,1,0,1
florets,0,1,1
flori,0,1,1
floria,1,0,1
florian,1,2,3
floriani,0,1,1
florianopolis,1,0,1
floriculture,0,1,1
florida,552,445,997
floridaa,3,0,3
floridaaa,0,2,2
floridaaaa,3,0,3
floridaaaaa,0,1,1
floridaaaaaa,0,1,1
floridaaaaaaaaaa,1,0,1
floridan,1,0,1
floridasunwouldbeverygoodrightnow,1,0,1
floridav,1,0,1
floridddaaaa,1,0,1
floride,1,0,1
floridean,1,0,1
floridia,0,1,1
floridian,1,4,5
floridians,1,1,2
floriduh,1,0,1
florilla,1,1,2
florin,1,2,3
florintina,1,0,1
florio,0,1,1
floripa,0,1,1
floris,1,1,2
florisa,0,1,1
florish,0,1,1
florist,2,11,13
florists,4,0,4
floro,0,1,1
flors,1,0,1
flortine,1,0,1
floss,24,23,47
flossed,4,2,6
flossedtoday,0,1,1
flosses,0,1,1
flossin,2,2,4
flossing,9,7,16
flosstradamus,0,1,1
flossweekly,0,1,1
flossy,0,1,1
flossylove,1,0,1
flotation,1,1,2
flotida,1,0,1
flotilla,0,1,1
flotsam,1,0,1
flotus,1,0,1
flounce,0,1,1
flouncing,0,1,1
flouncy,2,0,2
flounder,4,1,5
floundering,2,1,3
flour,33,30,63
flourencent,1,0,1
flourent,0,1,1
flourescent,0,3,3
flourescents,2,0,2
flouri,1,0,1
flouride,1,0,1
flourish,0,5,5
flourishes,1,1,2
flourishing,2,0,2
flourless,1,0,1
flouroscent,0,1,1
flourrrr,1,0,1
flours,1,3,4
floury,2,0,2
flouting,1,0,1
flove,1,1,2
flovers,0,1,1
flovilla,1,0,1
flow,87,165,252
flowboarding,0,1,1
flowchart,2,1,3
flowchartfriday,1,0,1
flowchat,0,1,1
flowe,0,1,1
flowed,1,2,3
floweing,1,0,1
flower,99,220,319
flowerbed,1,2,3
flowerbomb,3,0,3
flowerboy,0,1,1
flowered,1,1,2
flowerfields,0,1,1
flowerfully,0,1,1
flowergirls,0,2,2
flowerhorn,0,1,1
flowering,3,4,7
flowermound,0,1,1
flowerparade,0,1,1
flowerpot,0,1,1
flowerpots,0,1,1
flowers,261,561,822
flowerss,0,1,1
flowersssss,0,1,1
flowersssssssssssss,0,1,1
flowery,3,10,13
flowerz,1,2,3
flowin,1,11,12
flowing,33,65,98
flowmag,0,1,1
flown,41,36,77
flowrider,1,1,2
flowriding,0,1,1
flows,10,24,34
flowtown,0,1,1
floww,0,1,1
flowy,1,4,5
floyd,36,42,78
floydfest,0,1,1
floydrounds,0,1,1
flp,0,1,1
flr,4,3,7
fls,0,1,1
flshbck,0,1,1
flstrd,1,0,1
flsyc,1,0,1
flt,14,6,20
fltacob,0,1,1
fltg,0,1,1
flts,1,2,3
flu,2196,538,2734
flub,2,1,3
flubbed,2,2,4
flubber,1,2,3
flubbers,0,1,1
flubby,2,0,2
flubs,1,0,1
fluc,1,0,1
fluca,1,0,1
fluck,1,0,1
fluckin,0,1,1
flucking,0,1,1
fluclux,1,0,1
flucoldthing,1,0,1
fluctuate,0,1,1
fluctuates,1,1,2
fluctuating,8,2,10
fluctuation,1,1,2
fluctuations,2,0,2
fludge,0,1,1
flue,38,6,44
flued,1,1,2
fluency,1,1,2
fluent,11,24,35
fluently,3,9,12
fluer,1,1,2
fluevog,0,1,1
fluevogs,1,0,1
fluey,13,1,14
flueyy,1,0,1
fluff,30,33,63
fluffa,1,0,1
fluffball,1,0,1
fluffballthegodzilla,1,0,1
fluffed,2,1,3
fluffer,0,1,1
fluffernutterbutter,0,1,1
fluffette,1,1,2
fluffettes,0,3,3
fluffiest,1,0,1
fluffiness,0,2,2
fluffing,0,1,1
fluffits,1,0,1
fluffles,1,0,1
fluffly,0,2,2
fluffodile,1,0,1
fluffs,1,2,3
fluffy,69,93,162
fluffydog,0,1,1
fluffyfilosophy,0,1,1
fluffys,0,1,1
fluffyy,0,1,1
fluffyyyy,1,0,1
fluga,0,1,1
flugel,0,1,1
flugtag,0,1,1
fluh,0,1,1
fluid,44,38,82
fluiddynamic,0,1,1
fluider,0,1,1
fluidity,0,2,2
fluidline,2,1,3
fluids,33,14,47
fluish,2,0,2
fluke,7,8,15
fluked,1,1,2
flukes,0,1,1
flukey,1,0,1
flukin,1,0,1
flukkin,1,0,1
fluless,0,1,1
fluman,0,1,1
flume,1,0,1
fluminense,1,1,2
fluming,0,1,1
flummis,0,1,1
flummoxed,1,0,1
flump,2,0,2
flumped,1,1,2
flumps,0,2,2
flumpster,0,1,1
flumpy,2,0,2
flunch,0,1,1
flung,8,3,11
flunged,1,0,1
flunk,5,0,5
flunked,9,1,10
fluorescent,2,5,7
fluorescents,1,0,1
fluoride,1,0,1
fluoro,0,4,4
flup,1,0,1
fluro,1,3,4
flurries,7,0,7
flurry,8,14,22
flurrying,1,0,1
flurrymail,1,0,1
flurt,1,0,1
flus,1,0,1
flush,56,19,75
flushed,31,8,39
flusher,1,0,1
flushes,8,2,10
flushie,0,1,1
flushing,4,11,15
flushre,0,1,1
flustered,9,6,15
flustrated,1,0,1
flute,21,27,48
fluteboxer,0,1,1
flutes,6,0,6
fluther,2,0,2
fluticasone,1,0,1
flutter,8,16,24
flutterbutts,0,1,1
fluttered,0,2,2
fluttering,1,2,3
flutters,0,2,2
fluttery,1,1,2
fluu,7,2,9
fluuish,1,0,1
fluuu,1,0,1
fluuuu,5,0,5
fluuuuu,1,2,3
fluuuuuuu,1,0,1
fluuuuuuuuu,1,0,1
fluuw,0,1,1
flux,7,9,16
fluxs,0,1,1
fluxuates,1,0,1
fluxuating,1,0,1
fluxx,0,1,1
fluxxing,0,1,1
fluy,2,0,2
fluzao,0,1,1
flv,6,3,9
flvs,2,1,3
flw,0,3,3
flwd,2,1,3
flwrs,0,1,1
fly,850,1049,1899
flyaldy,1,0,1
flyaway,3,0,3
flybabies,0,1,1
flybaby,0,1,1
flyball,0,1,1
flybar,1,0,1
flyboy,0,4,4
flyboymarvls,0,1,1
flyboys,1,1,2
flybuys,0,1,1
flyby,0,2,2
flycast,1,0,1
flycatch,1,0,1
flycatcher,1,1,2
flyclear,0,1,1
flyday,0,2,2
flydontdrive,0,1,1
flyer,38,44,82
flyering,2,0,2
flyerman,0,1,1
flyerpromonow,1,0,1
flyers,30,31,61
flyertalk,2,0,2
flyest,0,1,1
flyfest,0,1,1
flyff,1,2,3
flyfishing,1,2,3
flyfriends,0,1,1
flygals,0,1,1
flygroups,1,0,1
flyguy,0,1,1
flyimng,1,0,1
flyin,15,23,38
flying,593,496,1089
flyingcoachsucks,1,0,1
flyingg,0,1,1
flyinggg,0,1,1
flyinghussies,1,1,2
flyingjenny,1,0,1
flyingkebab,0,1,1
flyinglushes,1,5,6
flyingpig,1,1,2
flyingtigers,0,1,1
flylady,25,76,101
flyleaf,2,10,12
flymake,1,0,1
flymo,2,1,3
flyn,0,2,2
flyness,0,3,3
flynn,6,5,11
flynnie,1,0,1
flynnmiester,0,1,1
flyong,1,1,2
flyover,5,4,9
flyp,1,0,1
flypaper,0,1,1
flypside,1,0,1
flyrite,0,1,1
flyrs,0,1,1
flys,20,12,32
flyswatter,1,0,1
flyte,0,1,1
flywheel,2,1,3
flywithme,2,9,11
flywithmenickj,0,1,1
flywithmeobsessive,1,0,1
flyy,0,10,10
flyyy,0,4,4
flyyyiiinnnggg,0,1,1
flyyyy,0,5,5
flyyyyy,0,1,1
flyyyyyy,1,1,2
flyyyyyying,0,1,1
flyyyyyyy,1,0,1
flyyyyyyyyy,1,1,2
flyyyyyyyyyy,0,1,1
flyyyyyyyyyyyyyyyyyyyyyyyyyyyyyyyyyyyyyyyyyy,0,1,1
flyzik,1,2,3
flyziks,0,1,1
flz,0,1,1
fm,296,382,678
fma,14,9,23
fmaily,1,0,1
fmaths,1,0,1
fmay,1,0,1
fmb,2,0,2
fmbillwatt,0,1,1
fmc,5,3,8
fmcg,0,2,2
fmd,1,0,1
fme,1,0,1
fmeuc,1,0,1
fmeverything,1,0,1
fmf,0,4,4
fmfl,1,0,1
fmgt,1,0,1
fmily,1,0,1
fmj,1,1,2
fml,1652,172,1824
fmla,0,1,1
fmlaptop,2,0,2
fmle,1,0,1
fmlfml,2,0,2
fmlfmlfml,3,1,4
fmlfmlfmlfml,1,0,1
fmlita,0,1,1
fmll,1,0,1
fmlll,6,0,6
fmlllll,3,0,3
fmllllll,3,0,3
fmlllllll,1,0,1
fmllllllll,2,0,2
fmlllllllll,1,0,1
fmlllllllllllllll,1,0,1
fmls,4,3,7
fmly,1,1,2
fmm,0,2,2
fmmfl,2,0,2
fmmmlll,0,1,1
fmmmm,1,0,1
fmob,2,0,2
fmp,5,2,7
fmr,1,1,2
fmri,1,0,1
fmris,1,0,1
fms,9,3,12
fmsa,1,0,1
fmt,1,1,2
fmutb,1,0,1
fmx,2,0,2
fmy,1,0,1
fmylife,17,16,33
fn,17,13,30
fnaaaaaaaaaaaaaaaaar,0,1,1
fnac,1,2,3
fnale,1,0,1
fnalizing,0,1,1
fnally,2,3,5
fnatasy,1,0,1
fnatic,0,1,1
fnb,3,11,14
fnbs,0,1,1
fnc,1,2,3
fncy,0,1,1
fnd,2,2,4
fnda,1,0,1
fndc,0,1,1
fndmntlst,1,0,1
fndtn,1,0,1
fne,7,1,8
fnes,2,0,2
fneway,0,1,1
fnf,0,1,1
fnfmagazine,0,1,1
fng,1,0,1
fnh,1,1,2
fnid,1,0,1
fnish,0,2,2
fnished,1,0,1
fnishing,1,0,1
fnl,1,10,11
fnm,15,11,26
fnny,0,1,1
fnork,1,0,1
fnp,0,1,1
fnr,1,3,4
fnriend,1,0,1
fns,0,1,1
fnsh,1,0,1
fnshd,1,0,1
fnurk,0,1,1
fnwc,2,17,19
fo,181,267,448
foa,2,1,3
foaa,1,0,1
foaaarrrrr,1,0,1
foad,2,1,3
foaf,1,1,2
foal,5,7,12
foalday,0,2,2
foals,2,4,6
foam,36,36,72
foamboard,1,0,1
foamburst,0,1,1
foame,2,0,2
foamed,0,1,1
foami,1,0,1
foamies,1,0,1
foaming,1,2,3
foamrollers,0,1,1
foams,1,0,1
foamy,6,0,6
foap,1,1,2
foar,3,0,3
foarte,2,5,7
foating,1,0,1
fob,77,84,161
fobbed,1,0,1
fobby,2,0,2
fobcure,0,1,1
fobeas,1,0,1
fobed,0,1,1
fobiness,1,0,1
fobissea,0,1,1
fobr,2,0,2
fobre,0,1,1
fobs,1,3,4
fobwatched,1,0,1
fobxmarkhoppus,1,0,1
foc,0,1,1
focaccia,1,2,3
focal,2,2,4
focalink,0,1,1
focals,1,0,1
focas,0,1,1
foccacia,1,3,4
foccused,0,1,1
focett,1,0,1
fock,2,1,3
focked,0,1,1
focker,3,3,6
fockers,1,6,7
focking,3,1,4
foco,2,1,3
focous,0,1,1
focoused,1,0,1
focus,306,347,653
focused,69,86,155
focuses,2,4,6
focusfocusfocus,1,0,1
focusiing,0,1,1
focusing,36,34,70
focusness,0,1,1
focusrite,1,2,3
focuss,1,0,1
focussed,2,1,3
focussing,3,1,4
focusssss,1,0,1
focuz,0,1,1
fod,14,11,25
foda,0,5,5
fodagone,1,0,1
fodao,0,1,1
fodas,1,0,1
fodder,4,13,17
fodm,2,0,2
fody,0,1,1
foe,17,19,36
foechuss,0,1,1
foer,1,0,1
foerealz,0,1,1
foes,2,4,6
foesn,0,2,2
foetus,1,0,1
foevaaa,0,1,1
foevea,0,1,1
foever,1,0,1
foevuhhh,0,1,1
fof,1,2,3
fofa,0,1,1
fofanna,0,1,1
fofdebs,1,0,1
fofis,0,1,1
foflmao,0,1,1
fofo,4,1,5
foforks,0,1,1
fofr,0,1,1
fog,73,55,128
fogarty,1,0,1
fogata,1,0,1
fogbugz,2,1,3
fogerty,1,4,5
foget,4,3,7
fogetting,4,1,5
fogged,8,6,14
fogger,1,0,1
foggie,1,0,1
foggiest,2,0,2
fogginess,1,0,1
fogging,2,1,3
foggy,67,41,108
foggyness,0,1,1
foghorn,1,0,1
fogie,1,1,2
fogies,2,4,6
fogive,1,0,1
fogo,1,4,5
fogorvoshoz,1,0,1
fogos,0,1,1
fogot,5,3,8
fogotten,2,0,2
fogs,1,1,2
foh,3,7,10
foheva,0,1,1
fohevaaaah,1,0,1
fohp,1,0,1
foi,8,14,22
foia,0,1,1
foice,0,1,1
foie,1,1,2
foil,14,28,42
foiled,36,3,39
foiling,0,1,1
foilplay,0,1,1
foils,8,5,13
foinally,0,1,1
foind,0,1,1
foine,1,1,2
foineeee,1,0,1
foir,1,0,1
fois,2,3,5
foist,1,0,1
foisting,1,0,1
fojp,0,1,1
fok,1,0,1
fokat,0,1,1
fokforum,0,1,1
foking,1,0,1
foklowing,0,1,1
foks,1,0,1
fol,7,3,10
folan,0,1,1
folchart,0,1,1
fold,52,49,101
foldable,1,2,3
folded,20,22,42
folder,91,60,151
folderdash,1,0,1
folderr,1,0,1
folders,29,15,44
foldersizes,0,1,1
foldgers,0,2,2
foldin,1,2,3
folding,56,44,100
foldn,0,1,1
folds,14,14,28
foldy,1,0,1
foleo,0,2,2
foley,3,10,13
foleyyy,1,0,1
folfriday,0,1,1
folge,0,2,2
folgefonna,0,1,1
folgers,5,7,12
folgt,1,0,1
folha,1,0,1
folhas,0,1,1
foli,0,1,1
foliage,0,3,3
folian,0,1,1
folie,1,3,4
folife,0,1,1
foling,1,0,1
folio,14,9,23
folios,2,1,3
folish,0,1,1
folk,96,133,229
folkeparti,1,0,1
folkers,1,0,1
folkestone,1,3,4
folkets,0,1,1
folkiesss,0,1,1
folkington,0,1,1
folkkz,1,0,1
folklife,1,0,1
folklift,0,1,1
folklore,0,2,2
folklorico,2,0,2
folks,434,803,1237
folkss,0,1,1
folksss,0,1,1
folksy,2,4,6
folktale,0,1,1
folkx,0,1,1
folky,1,1,2
folkz,0,1,1
foll,3,2,5
folla,0,2,2
follabax,0,1,1
follerers,0,1,1
folles,0,3,3
follett,0,2,2
follewers,1,0,1
folliage,0,1,1
follically,0,1,1
follicles,0,1,1
folliday,0,2,2
follies,3,2,5
folling,1,2,3
folliwin,1,0,1
folliwing,0,1,1
folliwng,0,1,1
follks,0,1,1
folllllllllllllllllllow,1,0,1
follllloo,1,0,1
folllllow,1,0,1
follllo,0,1,1
follllow,0,2,2
folllo,0,1,1
folllooooww,1,0,1
folllow,3,15,18
folllowed,0,1,1
folllowers,2,2,4
folllowerssssss,0,1,1
folllowes,1,0,1
folllowing,1,3,4
follloww,0,1,1
folllwing,1,0,1
follnw,1,0,1
follo,0,10,10
folloe,0,2,2
folloers,0,3,3
folloewrs,0,1,1
follofriday,0,1,1
folloin,0,2,2
folloing,0,1,1
follom,0,1,1
follooooooooooow,0,1,1
follooooow,0,1,1
folloooow,1,2,3
follooow,0,1,1
folloow,1,1,2
folloq,0,1,1
follor,0,1,1
follorwers,0,1,1
follow,2552,9154,11706
followa,1,0,1
followable,0,3,3
followage,0,1,1
followahsssss,0,1,1
followana,0,1,1
followando,0,1,1
followanyday,0,1,1
followart,1,4,5
followas,0,2,2
followatwick,0,1,1
followaus,0,1,1
followazzz,0,1,1
followback,0,4,4
followbackers,0,1,1
followbacks,1,1,2
followbookfriday,0,1,1
followbutton,1,1,2
followby,1,1,2
followcost,0,2,2
followd,0,2,2
followdoddy,0,1,1
followdriday,0,2,2
followdubb,0,2,2
followe,2,2,4
followea,1,0,1
followed,422,844,1266
followeddddd,0,1,1
followee,3,2,5
followeeeees,0,1,1
followeees,1,0,1
followees,7,8,15
followeing,0,1,1
followen,1,1,2
followeo,0,1,1
follower,438,705,1143
followercount,0,1,1
followeres,2,2,4
followerfriday,0,1,1
followeri,0,2,2
followerrrr,1,1,2
followerrrs,1,1,2
followerrs,2,1,3
followers,2342,5015,7357
followerscan,0,1,1
followerss,6,7,13
followersss,2,4,6
followerssss,0,1,1
followerssssss,1,0,1
followersssssssssssssss,1,0,1
followersz,1,0,1
followerverlust,1,0,1
followerz,6,1,7
followerzzz,1,0,1
followes,2,4,6
followest,0,1,1
followeveryday,0,1,1
followexoticbella,0,3,3
followfail,1,0,1
followfart,0,1,1
followfiday,0,3,3
followfirday,1,8,9
followfollowfollow,0,1,1
followfollowfriday,0,1,1
followfoto,0,1,1
followfrday,0,1,1
followfrenzy,1,0,1
followfri,0,2,2
followfriady,0,1,1
followfrid,0,1,1
followfriday,169,2731,2900
followfridayed,0,3,3
followfridayforyoufriday,0,1,1
followfridayfriends,0,1,1
followfridaying,0,2,2
followfridaylove,0,1,1
followfridaymore,0,1,1
followfridayonsundayinstead,0,1,1
followfridayprrrs,0,1,1
followfridays,7,32,39
followfridaythanks,0,1,1
followfridaythx,0,1,1
followfrideado,0,1,1
followfridy,0,1,1
followfrriday,0,1,1
followhill,0,1,1
followhoods,0,1,1
followhr,0,1,1
followi,0,1,1
followies,0,2,2
followig,0,3,3
followign,1,0,1
followiiiiing,0,1,1
followiing,0,1,1
followill,2,2,4
followillfriday,1,3,4
followills,1,0,1
followimg,0,1,1
followin,72,123,195
followindycarsunday,0,1,1
followinf,0,1,1
following,1901,4312,6213
followingg,1,3,4
followingggg,0,1,1
followinglist,1,0,1
followings,5,8,13
followingujaca,0,1,1
followinq,2,3,5
followleas,1,0,1
followlimit,2,0,2
followlimits,1,0,1
followlove,0,2,2
followme,2,8,10
followmekalan,0,1,1
followmeplz,0,1,1
followmestephen,0,1,1
followmetobliss,0,1,1
followmonday,0,4,4
followmontreal,0,1,1
follown,2,1,3
followng,3,2,5
followningg,0,1,1
followny,0,1,1
follownya,0,4,4
follownyaaa,0,1,1
followong,1,0,1
followovalo,0,1,1
followpeterfacinelli,1,0,1
followreader,1,0,1
followriday,0,2,2
followrs,2,2,4
followrsz,1,0,1
follows,115,219,334
followsabbath,0,1,1
followsaturday,2,16,18
followsaturdaynight,0,1,1
followship,0,1,1
followsouljaboytellem,0,8,8
followsprout,0,2,2
followstats,0,2,2
followsuccess,0,1,1
followsunday,0,7,7
followsunsay,0,1,1
followthischick,0,1,1
followthm,0,1,1
followthyneighbor,0,1,1
followuj,0,1,1
followup,5,10,15
followverse,0,1,1
followw,0,4,4
followwednesday,1,2,3
followweek,1,0,1
followweekend,0,1,1
followwen,0,1,1
followworthier,0,1,1
followww,0,2,2
followwww,0,1,1
followwwwww,0,1,1
followz,1,1,2
follw,4,5,9
follwd,2,0,2
follwed,3,2,5
follwer,3,4,7
follwerer,1,0,1
follwers,20,17,37
follwersz,1,0,1
follwes,0,1,1
follwfriday,0,1,1
follwillfriday,1,0,1
follwin,1,1,2
follwing,7,13,20
follwn,0,1,1
follwng,0,1,1
follwoing,1,2,3
follwong,0,1,1
follwoning,0,1,1
follwors,0,1,1
follwos,1,0,1
follwow,0,1,1
follwr,1,0,1
folly,4,8,12
follyyy,1,0,1
folo,2,5,7
folollow,1,0,1
foloow,1,0,1
foloowed,0,1,1
foloowers,0,2,2
foloowing,0,1,1
foloseasc,0,1,1
folosesc,0,1,1
folosim,0,1,1
folositi,0,1,1
folow,1,18,19
folowed,1,1,2
folower,0,1,1
folowers,8,15,23
folowerssss,0,1,1
folowfriday,0,4,4
folowin,1,1,2
folowing,12,7,19
folowrs,0,6,6
foloww,1,0,1
folrida,0,1,1
folsom,4,8,12
folt,1,0,1
folx,2,3,5
foly,1,0,1
fom,8,8,16
fomarsh,0,1,1
fomart,1,0,1
fome,28,2,30
fomeee,1,0,1
foment,0,1,1
fommolee,0,1,1
fomo,3,1,4
fomos,0,1,1
fomous,1,0,1
fomr,2,2,4
fon,11,9,20
foncal,0,1,1
fonctionnel,0,1,1
foncused,1,0,1
fond,51,76,127
fonda,1,5,6
fondant,6,7,13
fondante,1,0,1
fondants,0,1,1
fondateur,0,1,1
fonder,2,3,5
fonders,1,0,1
fondest,2,1,3
fondle,1,1,2
fondled,1,1,2
fondlers,0,1,1
fondling,0,1,1
fondly,0,11,11
fondness,3,2,5
fondo,0,3,3
fondont,0,1,1
fondou,0,1,1
fonds,0,1,1
fondue,11,22,33
fondueeee,0,1,1
fone,236,88,324
fonebook,1,0,1
fonedoesnt,1,0,1
fonee,5,3,8
foneee,1,2,3
foneeee,1,0,1
foneless,3,0,3
fones,14,4,18
foney,0,1,1
fonez,0,1,1
fong,3,2,5
fonging,0,1,1
fonik,1,0,1
fonk,0,1,1
fonkin,1,0,1
fonn,0,1,1
fonna,1,0,1
fonne,1,0,1
fonny,0,1,1
fonoimoana,0,1,1
fonominal,1,0,1
fonr,1,0,1
fonsi,0,1,1
fonsie,0,1,1
fonso,1,1,2
font,92,88,180
fontain,1,0,1
fontaine,0,2,2
fontaines,0,1,1
fontana,8,10,18
fontanas,1,0,1
fontane,1,0,1
fonte,1,0,1
fontenay,1,0,1
fontexplorer,1,0,1
fonting,0,1,1
fontlaberror,0,1,1
fonts,34,35,69
fontsongs,0,2,2
fontstruct,0,1,1
fontswap,2,0,2
fonttyping,0,1,1
fonty,0,1,1
fonud,0,1,1
fonwar,0,1,1
fony,1,0,1
fonz,5,4,9
fonzarelli,0,1,1
fonzerelli,0,1,1
fonzie,1,1,2
fonzies,1,0,1
fonzworth,2,0,2
fonzy,0,1,1
foo,47,51,98
fooball,0,1,1
foobar,4,2,6
foobarbed,1,0,1
foocampeast,0,1,1
food,3950,3689,7639
foodage,2,1,3
foodallergies,1,0,1
foodblog,1,1,2
foodbuzz,0,2,2
foodchat,3,0,3
foodcourt,2,3,5
foodd,0,1,1
fooddd,0,2,2
foodddd,1,0,1
fooddddddd,0,1,1
fooddddddddddddddddddddddddddd,1,0,1
foodening,0,1,1
fooderotica,1,1,2
foodery,0,1,1
foodfail,2,0,2
foodfeed,0,1,1
foodfetish,0,1,1
foodfight,0,1,1
foodforum,1,0,1
foodgasm,0,1,1
foodgasms,0,1,1
foodgawker,0,1,1
foodgeek,0,2,2
foodgroup,0,1,1
foodie,15,34,49
foodies,3,8,11
fooding,0,2,2
foodism,1,0,1
foodizzle,1,0,1
foodland,0,1,1
foodle,0,1,1
foodles,0,1,1
foodless,1,0,1
foodlion,1,1,2
foodmatters,0,1,1
foodnames,0,1,1
foodnetwork,1,1,2
foodnetworkstar,0,2,2
foodo,1,0,1
foodoodle,1,0,1
foodplay,0,1,1
foodporn,2,0,2
foods,190,156,346
foodservice,0,1,1
foodshopping,1,0,1
foodsies,0,1,1
foodsss,1,0,1
foodstall,2,0,2
foodstamps,1,2,3
foodstats,0,1,1
foodstore,0,2,2
foodstuffs,0,4,4
foodtch,1,0,1
foodtecc,0,1,1
foodtech,0,1,1
foodtour,1,0,1
foodtown,2,2,4
foodtrip,0,1,1
foodtrips,1,0,1
foodums,1,0,1
foodwas,1,0,1
foodwise,1,0,1
foodworks,1,2,3
foody,0,2,2
foodz,8,2,10
fooey,10,1,11
foof,2,2,4
foofa,0,1,1
foofie,2,0,2
foofoo,0,1,1
foofy,0,1,1
foog,1,0,1
foogazie,0,1,1
foogie,1,0,1
foogletube,0,1,1
foogly,0,1,1
foohood,0,2,2
fooi,0,1,1
fook,6,6,12
fooked,9,0,9
fooken,1,0,1
fookin,6,3,9
fooking,9,3,12
fookkin,1,0,1
fookkkk,0,1,1
fookn,2,0,2
fool,197,218,415
fooled,40,31,71
foolery,2,2,4
fooley,0,2,2
foolhardy,2,1,3
foolia,1,0,1
foolin,4,4,8
fooling,11,17,28
foolio,1,1,2
foolios,0,1,1
foolish,30,25,55
foolishbag,1,0,1
foolishly,12,2,14
foolishness,9,8,17
fooll,0,1,1
foolling,0,1,1
foollow,0,2,2
foolloww,0,1,1
foollsss,1,0,1
foolow,0,1,1
foolower,1,1,2
foolowers,2,1,3
foolowfriday,0,1,1
foolproof,2,2,4
fools,53,70,123
foolscap,0,1,1
foolshess,0,1,1
foolwing,1,0,1
foolxd,0,1,1
foolywangin,0,1,1
foolz,0,1,1
foolzzz,1,0,1
foom,1,0,1
fooniga,1,0,1
fooo,5,1,6
foood,30,23,53
fooodd,0,1,1
foooddd,0,2,2
fooodddddddddddd,1,0,1
fooods,0,1,1
foooey,1,0,1
foookin,0,1,1
foooking,1,0,1
foool,2,0,2
foools,1,0,1
foooo,1,3,4
fooood,9,16,25
foooodd,1,2,3
foooodddd,2,0,2
fooooinee,0,1,1
fooool,1,2,3
foooollllll,0,1,1
foooome,2,0,2
foooomeee,1,0,1
fooooob,0,1,1
foooood,7,15,22
foooooddd,0,2,2
fooooodddd,0,1,1
foooool,1,1,2
fooooollled,1,0,1
fooooood,7,5,12
fooooook,1,0,1
fooooool,2,1,3
fooooooled,1,0,1
foooooollow,0,1,1
foooooood,3,3,6
fooooooods,0,1,1
foooooool,1,0,1
fooooooood,3,5,8
foooooooood,1,2,3
fooooooooood,0,2,2
foooooooooood,0,1,1
fooooooooooood,1,0,1
foooooooooooood,0,3,3
fooooooooooooood,0,1,1
foooooooooooooood,0,2,2
fooooooooooooooooood,0,1,1
foooooooooooooooooooood,0,1,1
fooooooooooooooooooooooome,1,0,1
foooooooooooooooooooooooood,1,0,1
fooooooooooooooooooooooooood,0,1,1
foooooooooooooooooooooooooooooooooooooooooooooooooood,0,1,1
foooooooooot,1,0,1
fooooooor,1,0,1
fooooor,0,2,2
fooooorever,1,0,1
fooooorrrreeeevvveeerrrr,0,1,1
foooorever,1,0,1
foooorm,0,1,1
foooot,1,0,1
fooor,1,0,1
fooorrrrreeevvveer,1,0,1
foooshooo,0,1,1
fooot,2,0,2
foootooooo,0,1,1
foooty,1,0,1
foooundd,0,1,1
foopet,1,1,2
foor,2,6,8
foorball,1,1,2
foorr,1,0,1
foorreevverr,1,0,1
foorrrrrr,1,0,1
foort,0,1,1
foos,2,4,6
foosball,3,7,10
foose,1,0,1
fooseball,1,1,2
foosfight,1,0,1
fooshoogie,1,0,1
foot,1140,332,1472
footabll,2,0,2
footaction,1,0,1
footage,105,98,203
footankles,0,1,1
footbag,0,1,1
footbal,2,3,5
football,529,483,1012
footballer,6,7,13
footballers,3,2,5
footballgame,0,1,1
footballing,3,1,4
footballl,0,1,1
footballmatch,1,0,1
footballpractice,0,1,1
footballramble,0,1,1
footballs,1,2,3
footbath,1,0,1
footbeds,1,0,1
footday,1,0,1
foote,1,1,2
footed,1,4,5
footer,2,16,18
footfetish,1,1,2
footgear,0,1,1
foothill,4,3,7
foothills,3,1,4
foothold,1,0,1
footi,0,1,1
footie,44,43,87
footies,0,1,1
footing,1,3,4
footless,2,3,5
footlocker,2,1,3
footlong,6,13,19
footlongs,0,3,3
footloooose,0,1,1
footloose,12,18,30
footlose,0,1,1
footmat,0,1,1
footnote,4,4,8
footnotes,1,3,4
footoperation,1,0,1
footparty,1,0,1
footpath,2,1,3
footpaws,0,1,1
footprint,9,10,19
footprints,3,6,9
footrest,0,2,2
footrub,1,0,1
footrubs,0,1,1
foots,13,4,17
footsal,0,1,1
footscray,1,0,1
footsie,3,2,5
footsies,3,1,4
footspa,0,1,1
footstar,1,0,1
footstep,1,0,1
footsteps,5,10,15
footstool,2,0,2
footswitch,1,0,1
footsy,2,0,2
foottie,0,1,1
footwatch,1,0,1
footwear,7,8,15
footwork,1,1,2
footy,141,118,259
footyball,0,1,1
footycup,1,0,1
footysports,0,1,1
footytips,2,0,2
footytweets,0,2,2
footyy,0,1,1
foova,1,0,1
foowers,1,0,1
foozball,1,0,1
foozeball,1,0,1
fopb,0,1,1
fopen,0,1,1
fopo,1,0,1
fopp,2,2,4
foppleberry,0,1,1
fopr,0,1,1
fops,2,0,2
foq,1,1,2
for,98999,117369,216368
fora,10,2,12
forage,1,4,5
forages,2,0,2
foraging,2,4,6
foralltid,1,0,1
foram,0,1,1
forastiere,0,1,1
forawrd,0,2,2
foray,1,4,5
forbade,2,0,2
forbbiden,1,0,1
forbe,1,0,1
forbear,0,1,1
forbes,4,5,9
forbid,14,12,26
forbidded,1,0,1
forbidden,39,19,58
forbiddenyou,0,1,1
forbidding,1,0,1
forbiden,1,0,1
forbids,4,0,4
forbin,1,0,1
forbitts,1,0,1
forboding,1,0,1
forbreakfast,1,0,1
forbthe,1,0,1
forbus,0,1,1
forc,0,1,1
forcast,37,7,44
forcasted,4,0,4
forcasters,1,0,1
forcasting,1,1,2
forcasts,0,1,1
force,255,241,496
forcecast,1,0,1
forced,370,98,468
forceful,1,1,2
forcefully,2,1,3
forcei,0,1,1
forceindia,1,0,1
forceing,1,0,1
forceps,2,0,2
forces,44,46,90
forcez,0,1,1
forcibly,7,3,10
forcin,1,1,2
forcing,93,42,135
forclosed,0,1,1
forclosure,4,0,4
forcolour,0,1,1
forcomet,0,1,1
ford,63,98,161
fordaisy,1,0,1
fordan,0,1,1
forddrive,0,1,1
fordham,5,2,7
fordhamm,0,1,1
fords,0,2,2
fore,5,9,14
foreaaaal,0,1,1
foreaallllll,1,0,1
foreach,1,1,2
foreal,13,21,34
foreall,1,0,1
forealll,1,1,2
foreals,3,2,5
forealsz,1,0,1
forealz,2,2,4
forearm,13,3,16
forearms,10,1,11
forebear,1,0,1
foreboding,3,0,3
forecast,248,91,339
forecasted,9,1,10
forecaster,2,1,3
forecasters,3,0,3
forecastfor,1,0,1
forecastfriday,1,0,1
forecasting,9,4,13
forecasts,8,8,16
foreced,0,1,1
foreclosed,1,1,2
foreclosees,1,0,1
foreclosing,1,0,1
foreclosure,10,1,11
foreclosured,1,0,1
forecourt,1,0,1
foreeee,0,1,1
foreeeeeeeeeeever,1,0,1
foreeeeeever,0,1,1
foreeeever,1,0,1
foreeever,1,0,1
foreeeverr,1,1,2
foreeveeer,0,1,1
foreeverr,0,1,1
foreevverr,1,0,1
forefathers,0,1,1
forefinger,2,0,2
forefront,1,2,3
foregniers,1,0,1
forego,2,3,5
foregoing,3,1,4
foregound,1,0,1
foreground,0,4,4
foregt,1,0,1
forehand,1,1,2
forehead,100,36,136
foreheads,2,1,3
foreign,95,84,179
foreigner,6,5,11
foreigners,7,7,14
foreignese,1,0,1
forelintlv,0,1,1
foreman,9,7,16
foremost,2,5,7
foren,0,1,1
forename,0,2,2
forenisc,1,0,1
forensic,14,16,30
forensics,6,3,9
forensis,0,1,1
foreplay,5,1,6
forerever,1,0,1
forerunner,2,2,4
forerunners,1,1,2
forerver,0,2,2
fores,1,0,1
foresale,0,1,1
foreseable,1,0,1
foresee,17,11,28
foreseeable,4,1,5
foreseeing,0,2,2
foreseen,0,2,2
foresees,1,0,1
foreshaddowin,1,0,1
foreshadowing,2,0,2
foreshore,3,0,3
foresight,1,2,3
foreskin,2,0,2
forest,94,150,244
forester,3,2,5
forestgarden,0,1,1
forestlake,1,0,1
forestry,3,2,5
forests,10,5,15
foresure,0,1,1
foreteen,1,0,1
foretell,1,0,1
foretelling,0,1,1
forethought,2,0,2
foretold,1,0,1
foreuer,0,1,1
forev,2,2,4
foreva,8,10,18
forevaaaaaaa,0,1,1
forevaaaaaaaaaaaaaaaa,0,1,1
forevaaaaaaaahhhhhhh,1,0,1
forevaaaaah,0,1,1
forevaahhhh,1,0,1
forevah,1,1,2
forevahhh,0,1,1
forevahhhhh,1,0,1
forevaz,0,1,1
forevea,0,1,1
foreveeeeeeeeeeeeeer,0,1,1
foreveeer,0,3,3
foreveerrrrrr,0,1,1
forever,1538,1060,2598
forevereverevereverandever,1,0,1
foreverfriday,0,1,1
foreverism,0,1,1
foreverr,10,7,17
foreverrr,14,13,27
foreverrrr,12,6,18
foreverrrrr,6,1,7
foreverrrrrr,4,1,5
foreverrrrrrr,3,0,3
foreverrrrrrrr,0,1,1
foreverrrrrrrrr,1,1,2
foreverrrrrrrrrr,0,2,2
foreverrrrrrrrrrr,0,1,1
foreverrrrrrrrrrrrrr,1,0,1
forevers,2,3,5
foreverss,1,0,1
foreverthesickestkids,0,2,2
forevertwilight,0,1,1
foreveryoung,1,0,1
foreverz,0,1,1
forevr,1,2,3
forevrrrrrrr,1,0,1
forevs,3,4,7
forevuhhh,0,1,1
forevver,0,1,1
forevvv,1,0,1
forevvvs,1,0,1
forevvvvver,0,1,1
forevvvvvvvv,0,1,1
foreward,5,2,7
forewarned,1,6,7
forewarning,0,1,1
forewheeler,1,0,1
foreword,1,2,3
forex,11,9,20
forexforums,0,1,1
forexme,1,0,1
forfas,1,0,1
forfeit,6,5,11
forfeited,1,0,1
forfeiting,1,0,1
forfilling,1,0,1
forfited,0,1,1
forfits,1,0,1
forfun,0,2,2
forg,0,1,1
forgave,2,0,2
forge,9,7,16
forged,3,2,5
forgery,1,0,1
forges,1,0,1
forget,1201,1785,2986
forgete,0,1,1
forgetful,20,8,28
forgetfull,0,1,1
forgetfully,1,0,1
forgetfulness,2,2,4
forgetin,1,1,2
forgeting,10,0,10
forgets,22,17,39
forgetsky,0,1,1
forgett,2,0,2
forgettable,2,1,3
forgetted,1,0,1
forgetten,2,1,3
forgetter,0,1,1
forgettin,7,2,9
forgetting,217,143,360
forgettn,1,0,1
forgettt,0,2,2
forgetttt,1,1,2
forging,1,3,4
forgivable,0,3,3
forgive,232,184,416
forgiveable,0,1,1
forgived,1,0,1
forgiveee,1,0,1
forgiveme,1,0,1
forgiven,26,50,76
forgiveness,14,20,34
forgivers,1,0,1
forgives,7,7,14
forgivin,0,1,1
forgiving,9,10,19
forgivness,1,3,4
forgo,8,1,9
forgoing,0,2,2
forgood,1,0,1
forgooot,0,1,1
forgot,3973,1492,5465
forgoted,1,0,1
forgoten,2,1,3
forgots,4,0,4
forgotsted,1,0,1
forgott,3,2,5
forgotted,2,0,2
forgotteded,1,0,1
forgotten,332,192,524
forgottenmost,1,0,1
forgotton,7,5,12
forgottten,1,0,1
forgotttt,1,0,1
forgottttt,0,2,2
forgotz,1,0,1
forgraduation,0,1,1
forgt,1,2,3
forgtten,1,1,2
forguet,2,0,2
forguetyou,1,0,1
forhead,4,2,6
forhim,1,0,1
forhold,0,1,1
foriegn,1,5,6
foriegners,1,1,2
foring,0,1,1
forinside,1,0,1
forizzey,1,0,1
forjessica,0,1,1
fork,62,36,98
forkan,0,1,1
forkay,0,1,1
forked,4,2,6
forking,2,3,5
forklift,0,1,1
forklifts,1,0,1
forks,32,34,66
forkstickthings,1,0,1
forksy,0,1,1
forky,1,0,1
forlan,1,0,1
forlexi,1,0,1
forli,0,1,1
forllows,0,1,1
forlorn,5,3,8
forlornly,1,0,1
form,406,438,844
forma,1,1,2
formadors,0,1,1
formal,66,81,147
formala,1,0,1
formalisation,0,1,1
formalities,2,2,4
formality,1,2,3
formalizovat,0,1,1
formally,4,9,13
formals,2,4,6
formaly,0,1,1
forman,0,4,4
format,129,84,213
formatear,1,0,1
formated,2,0,2
formatie,0,1,1
formating,1,3,4
formation,6,6,12
formations,0,1,1
formative,1,3,4
formats,16,4,20
formatted,20,3,23
formatter,1,0,1
formatting,23,12,35
formby,1,2,3
formclass,0,1,1
forme,2,1,3
formed,8,17,25
formel,1,0,1
formelles,1,0,1
formeln,1,0,1
formely,0,1,1
formentera,0,1,1
former,92,127,219
formergaywondertwin,0,1,1
formerly,11,12,23
formers,1,0,1
formerzoologymajor,0,1,1
formi,0,1,1
formica,0,1,1
formidable,3,3,6
forming,21,12,33
formless,1,0,1
formloom,0,1,1
formm,0,1,1
formosa,2,3,5
formosura,0,1,1
forms,120,83,203
formsem,1,1,2
formss,0,1,1
formt,1,0,1
formtwo,0,1,1
formula,74,58,132
formulaa,1,0,1
formulae,3,3,6
formulaes,1,0,1
formulaic,1,0,1
formulaone,1,0,1
formulas,11,2,13
formulate,3,1,4
formulating,0,1,1
formulation,1,0,1
formusic,0,1,1
formy,3,0,3
forn,0,2,2
fornaio,0,1,1
fornarina,1,1,2
fornax,1,0,1
fornemmelse,0,1,1
fornever,0,1,1
forney,0,1,1
fornia,0,1,1
fornicate,0,1,1
fornicating,1,2,3
fornication,2,1,3
fornillos,0,1,1
fornow,0,1,1
foro,0,1,1
forochel,1,0,1
forogt,1,1,2
foronda,0,1,1
forot,1,0,1
forourhero,3,19,22
forourheros,0,1,1
forpog,1,0,1
forqet,2,0,2
forqot,2,0,2
forr,14,20,34
forreal,43,30,73
forreall,1,0,1
forrealll,0,1,1
forreals,2,5,7
forrealz,1,1,2
forreeevvveeerrrr,1,0,1
forren,1,0,1
forrent,0,1,1
forres,1,1,2
forrest,25,41,66
forrester,5,3,8
forresuree,1,0,1
forrgot,1,0,1
forrilz,1,0,1
forrizzles,0,1,1
forrr,4,4,8
forrreverrrrrr,0,1,1
forrrrest,0,1,1
forrrrr,1,1,2
forrrrreal,0,1,1
forrrrrrr,1,1,2
forry,1,0,1
forsake,3,1,4
forsaken,24,3,27
forsaking,1,0,1
forsale,1,1,2
forsan,0,1,1
forsberg,1,0,1
forse,0,1,1
forseable,1,0,1
forsed,1,0,1
forsee,7,4,11
forseeable,6,1,7
forseen,0,1,1
forsees,1,0,1
forshhowwa,1,0,1
forshure,1,1,2
forsing,1,0,1
forsook,1,0,1
forss,0,1,1
forst,1,0,1
forster,2,1,3
forsty,0,1,1
forsur,0,1,1
forsure,7,24,31
forsuree,0,1,1
forsyth,1,2,3
forsythe,0,1,1
forsythia,1,0,1
fort,95,90,185
fortaleza,3,8,11
fortalezaaa,1,0,1
fortcollins,1,0,1
forte,16,15,31
forteiland,0,1,1
fortev,1,0,1
fortfarande,0,1,1
forth,58,103,161
forthat,0,3,3
forthcoming,10,17,27
forthe,4,3,7
forthedrive,1,0,1
fortheladiessexual,1,0,1
forthis,0,1,1
forthright,0,1,1
forths,0,1,1
forthwith,3,3,6
forthya,0,1,1
forties,4,1,5
fortification,1,2,3
fortified,0,3,3
fortify,0,1,1
fortifying,1,0,1
fortis,1,1,2
fortissimo,1,0,1
fortitude,0,2,2
fortnight,22,19,41
fortnightly,0,2,2
fortnights,4,1,5
fortnite,1,0,1
fortnum,0,1,1
fortonite,1,0,1
fortran,2,1,3
fortress,13,15,28
fortresses,1,0,1
forts,1,2,3
fortsett,0,1,1
fortuitous,0,1,1
fortun,0,1,1
fortuna,1,3,4
fortunat,0,1,1
fortunate,21,34,55
fortunatelly,0,1,1
fortunately,46,87,133
fortunatly,2,1,3
fortune,80,122,202
fortuneeee,0,1,1
fortunes,5,7,12
fortwars,0,1,1
fortwashington,0,1,1
fortworth,2,0,2
forty,25,12,37
fortye,0,1,1
forula,0,1,1
forum,251,243,494
forumate,1,0,1
forumer,0,2,2
forumers,1,1,2
foruming,0,1,1
forumites,0,1,1
forumla,0,1,1
forumm,2,0,2
forumn,0,1,1
forumotion,0,1,1
forums,136,122,258
forumtreffen,1,0,1
forune,0,1,1
forunner,1,0,1
forus,0,1,1
forva,1,0,1
forver,5,1,6
forverrrr,1,0,1
forverrrrrrrrrrr,1,0,1
forvever,0,1,1
forw,1,0,1
forwad,1,2,3
forward,2662,4593,7255
forwarded,19,16,35
forwardfor,1,0,1
forwardfriday,0,1,1
forwarding,9,11,20
forwards,15,16,31
forwardscompatible,0,1,1
forwardto,1,0,1
forwarf,1,0,1
forwars,1,0,1
forword,0,2,2
forwrad,0,1,1
forwrd,2,1,3
forwrds,0,1,1
forya,0,1,1
foryou,2,0,2
forza,5,18,23
forzadas,1,0,1
fos,1,4,5
fosforescente,0,1,1
foshay,1,0,1
foshizz,0,1,1
foshizzle,0,1,1
foshizzzzz,1,0,1
fosho,7,16,23
fosholy,1,0,1
foshooo,0,1,1
fosmid,0,1,1
fosnus,0,1,1
foss,2,5,7
fossa,1,0,1
fossas,1,0,1
fosse,3,2,5
fossil,5,11,16
fossils,3,2,5
fost,5,18,23
fosta,0,1,1
foste,1,0,1
foster,63,52,115
fostered,1,3,4
fosterer,1,0,1
fostering,4,3,7
fosters,9,22,31
fostershome,1,0,1
fostul,0,1,1
foswiki,0,2,2
fot,20,15,35
fota,8,3,11
fotb,3,4,7
fotbaaaaaaalllllll,0,1,1
fotbal,0,1,1
fotball,1,1,2
fotballgame,0,1,1
fotbollsrelaterat,0,1,1
fotc,12,9,21
fotd,0,4,4
fotds,0,1,1
fote,2,0,2
fotf,0,1,1
fotheringay,0,1,1
fothogari,0,1,1
foti,0,1,1
fotito,1,0,1
fotka,0,1,1
fotki,1,0,1
fotky,0,1,1
fotn,0,1,1
fotnam,0,1,1
foto,33,41,74
fotoaparatul,0,1,1
fotogenica,0,1,1
fotograf,0,1,1
fotograffi,0,1,1
fotografia,0,1,1
fotografico,0,1,1
fotografie,0,1,1
fotografiemuseum,1,0,1
fotografo,0,1,1
fotography,1,0,1
fotolia,0,1,1
fotolog,5,5,10
fotoluna,0,1,1
fotomoto,1,0,1
fotopages,0,1,1
fotopedia,0,1,1
fotoreportage,0,1,1
fotos,17,23,40
fotosbymike,0,3,3
fotoschool,0,1,1
fotoshoot,1,2,3
fotoshoots,1,0,1
fotp,0,3,3
fotr,3,2,5
fots,1,0,1
fotunes,1,0,1
fotw,0,1,1
fou,1,17,18
foucan,0,1,1
foucault,0,1,1
foudn,1,4,5
foue,1,0,1
fough,1,0,1
fought,78,37,115
fouilles,1,0,1
foul,59,38,97
foulballs,0,1,1
fouled,4,1,5
foulest,4,0,4
foulness,1,0,1
fouls,4,2,6
foun,3,1,4
found,4585,4076,8661
foundation,60,97,157
foundations,10,8,18
foundd,2,1,3
founddd,2,0,2
foundddd,0,1,1
foundddddd,0,1,1
founded,6,12,18
founder,10,23,33
foundering,1,0,1
founders,7,13,20
founding,5,5,10
foundland,1,0,1
foundling,0,1,1
foundmy,0,1,1
foundout,2,0,2
foundry,0,3,3
founds,0,3,3
foundthe,0,1,1
founf,1,4,5
foung,1,0,1
founnder,1,0,1
founnndd,0,1,1
founnndddd,0,1,1
founnnnd,1,0,1
founout,1,0,1
fount,0,5,5
fountain,47,63,110
fountainbleu,0,1,1
fountainhead,0,1,1
fountainnya,0,1,1
fountainpens,0,1,1
fountains,4,15,19
fountan,0,1,1
fountian,0,1,1
fountians,1,0,1
fountianview,0,1,1
four,778,621,1399
fourandahalf,0,1,1
fourandtwenty,0,1,1
fourarms,0,1,1
fourgh,1,0,1
fourhead,1,0,1
fourie,1,0,1
fourier,2,1,3
fourious,1,0,1
fourish,0,1,1
fourleafclover,0,1,1
fourloko,1,0,1
fourm,2,1,3
fourme,0,1,1
fourmers,1,0,1
fourms,1,0,1
fournirue,0,1,1
fourplay,1,0,1
fourrrr,1,1,2
fours,1,2,3
fourshore,0,1,1
foursidedcube,1,0,1
foursome,1,4,5
foursomes,0,1,1
foursquare,3,1,4
fourstar,2,0,2
fourtalia,0,1,1
fourte,0,1,1
fourteen,8,14,22
fourteener,0,1,1
fourteenth,1,0,1
fourth,89,104,193
fourthmeal,0,5,5
fourths,0,1,1
fourties,0,1,1
fourtune,0,1,1
fourtunes,0,1,1
fourty,3,4,7
fourwheeeler,0,1,1
fourwheeler,2,0,2
fourwheeling,0,1,1
fourzerotwo,0,1,1
fout,0,2,2
foutain,1,0,1
foutains,0,1,1
foutch,1,0,1
foute,1,0,1
foutmelding,0,1,1
fouton,2,2,4
foutrak,1,0,1
foutu,1,0,1
foutune,0,1,1
foutus,0,1,1
fouur,1,0,1
foux,0,1,1
fouzi,0,1,1
fova,4,2,6
fovea,0,1,1
fow,2,1,3
fowa,14,11,25
fowabristol,0,1,1
foward,56,60,116
fowarded,0,1,1
fowarder,1,0,1
fowardfor,0,1,1
fowatour,0,1,1
fowd,1,2,3
fowerd,0,1,1
fowers,1,1,2
fowever,1,0,1
fowey,0,1,1
fowfow,1,0,1
fowl,6,6,12
fowle,0,1,1
fowler,4,6,10
fowlers,0,1,1
fowllll,1,0,1
fowllow,0,1,1
fowllwoing,0,1,1
fowt,1,0,1
fowward,1,0,1
fowwow,0,1,1
fox,313,257,570
foxandfriends,0,1,1
foxboro,0,1,1
foxconn,1,1,2
foxdie,1,0,1
foxed,0,2,2
foxes,15,20,35
foxfield,1,0,1
foxfire,1,0,1
foxford,1,0,1
foxgloves,1,0,1
foxie,1,0,1
foxier,0,1,1
foxit,1,1,2
foxkeh,1,0,1
foxla,1,0,1
foxleys,0,1,1
foxmarks,2,0,2
foxnews,2,2,4
foxnewsfail,1,0,1
foxploration,0,1,1
foxpro,1,0,1
foxridge,0,1,1
foxs,1,1,2
foxsat,0,1,1
foxtabulous,0,1,1
foxtail,2,2,4
foxtails,0,1,1
foxtel,44,21,65
foxtell,1,0,1
foxtellll,0,1,1
foxtons,1,0,1
foxtrot,1,6,7
foxw,1,0,1
foxwood,0,1,1
foxwoods,4,5,9
foxworthy,0,3,3
foxx,8,23,31
foxxy,1,2,3
foxy,14,19,33
foxybrown,1,0,1
foxyfoxy,1,0,1
foxymegan,0,1,1
foxysmile,0,10,10
foxytunes,0,1,1
foy,3,2,5
foyer,1,4,5
foyet,2,0,2
foyle,0,1,1
foyles,0,4,4
foz,1,0,1
fozzie,0,1,1
fozzy,1,3,4
fozzyfan,1,0,1
fp,38,26,64
fparis,0,1,1
fpb,0,1,1
fpc,0,1,1
fpcj,0,1,1
fped,1,0,1
fpgr,1,0,1
fpi,1,0,1
fpj,0,1,1
fpl,0,1,1
fpm,1,1,2
fpml,1,0,1
fpmt,0,1,1
fpn,1,1,2
fpo,0,1,1
fpom,0,1,1
fpor,1,1,2
fpr,0,4,4
fprget,1,0,1
fps,17,22,39
fpss,1,0,1
fpt,2,3,5
fptp,0,1,1
fpu,1,0,1
fq,4,2,6
fqfest,1,0,1
fqs,0,1,1
fr,141,143,284
fra,4,6,10
fraaaaand,0,2,2
fraaaan,0,1,1
fraaaance,0,1,1
fraaaand,0,1,1
fraaand,0,1,1
fraaanddd,0,1,1
fraaands,0,1,1
fraand,1,1,2
fraandsheep,0,1,1
fraandship,0,1,1
fraankie,0,1,1
frab,1,0,1
frabit,0,1,1
frabjous,0,2,2
frabjousday,0,1,1
frac,1,0,1
fracas,1,0,1
frace,4,0,4
frack,10,4,14
fracked,2,0,2
fracker,1,0,1
frackin,6,2,8
fracking,9,1,10
fractal,2,3,5
fractalist,0,1,1
fractals,1,1,2
fraction,10,7,17
fractional,1,0,1
fractions,5,4,9
fractly,1,0,1
fractor,1,0,1
fractuous,2,0,2
fracture,44,6,50
fractured,60,4,64
fractures,5,1,6
fracturing,1,0,1
fracutred,1,0,1
fradgely,1,0,1
fradley,0,1,1
frag,3,2,5
fragdoll,1,0,1
fragebogen,0,1,1
frageelay,0,1,1
fragemented,1,0,1
fragen,0,1,1
fragged,1,0,1
fraggin,1,1,2
fragging,0,2,2
fraggle,2,3,5
fragglerock,1,0,1
fraggot,1,0,1
fragile,50,23,73
fragilexxhymn,0,1,1
fragment,4,0,4
fragmentation,1,1,2
fragmented,0,1,1
fragments,2,1,3
fragrance,6,14,20
fragrances,1,3,4
fragrant,1,5,6
fragrence,1,0,1
fragrent,1,0,1
frags,0,1,1
fragua,0,2,2
frahd,0,1,1
fraiche,0,3,3
fraichement,0,1,1
fraid,29,7,36
fraidais,1,0,1
fraidy,4,2,6
fraijanes,1,0,1
frail,9,4,13
fraile,1,0,1
frailty,0,1,1
frain,1,0,1
fraind,2,0,2
frais,1,0,1
fraise,0,1,1
fraiser,4,4,8
fraisers,0,1,1
fraisse,0,1,1
fraizer,1,0,1
fraje,0,1,1
frak,15,6,21
fraked,2,0,2
frakie,0,1,1
frakin,8,2,10
fraking,11,3,14
frakked,2,1,3
frakkin,3,4,7
frakking,3,8,11
frakn,0,1,1
fraktastic,0,1,1
fram,1,1,2
framboise,1,1,2
frame,101,112,213
framed,16,31,47
frameless,0,1,1
framerate,0,3,3
framers,2,0,2
frames,38,34,72
frameset,1,0,1
framework,24,32,56
frameworks,7,2,9
frameworku,0,1,1
framily,0,1,1
framing,10,16,26
framingham,1,1,2
frampton,1,1,2
frams,0,1,1
framwork,1,1,2
fran,105,129,234
franbandonment,1,0,1
franbe,0,1,1
franc,2,1,3
francais,10,7,17
francaise,0,1,1
france,1103,348,1451
francee,0,2,2
frances,8,21,29
francesc,0,1,1
francesca,7,9,16
franceschi,0,1,1
francesco,4,2,6
francese,0,2,2
francesee,0,1,1
franceses,1,0,1
francess,0,1,1
francessss,1,0,1
franceza,0,1,1
franch,1,1,2
francheska,1,1,2
franchinse,0,1,1
franchise,37,19,56
franchised,1,0,1
franchisee,1,1,2
franchisees,0,1,1
franchises,4,4,8
franchisicide,1,0,1
franchising,1,0,1
franchisors,0,1,1
franchitti,1,1,2
francia,0,1,1
franciak,0,1,1
francii,0,1,1
francine,1,5,6
francineemonsterr,0,1,1
francing,0,1,1
francis,33,36,69
francisc,1,0,1
francisca,0,2,2
franciscan,0,1,1
francisco,115,130,245
franciso,0,1,1
franciszek,0,1,1
francium,1,0,1
franciz,0,1,1
franck,0,1,1
franco,12,17,29
francois,1,2,3
franconian,0,1,1
francophones,0,1,1
francorchamps,1,0,1
francouzsk,1,0,1
francy,0,1,1
francyne,0,1,1
frand,4,6,10
frandd,0,1,1
frandlings,0,1,1
frands,1,6,7
frane,2,0,2
franfran,0,1,1
franfurt,1,0,1
franga,0,1,1
frangela,2,1,3
frangione,1,0,1
frangipani,1,1,2
frangipanis,0,1,1
frango,1,0,1
frani,0,1,1
frank,97,175,272
franka,0,1,1
franked,0,1,1
frankee,0,1,1
frankel,1,2,3
franken,3,4,7
frankenkitty,1,0,1
frankenmuth,2,1,3
frankenshoulders,1,0,1
frankensoque,0,1,1
frankenstein,11,14,25
frankenthal,0,1,1
frankenweenie,0,1,1
frankes,0,1,1
frankestein,1,0,1
frankey,2,0,2
frankfort,2,0,2
frankfurt,32,33,65
frankfurter,1,0,1
frankfurters,0,1,1
franki,2,4,6
frankie,68,115,183
frankiee,0,1,1
frankieee,1,1,2
frankieeee,0,1,1
frankieeeee,0,2,2
frankieeeeee,0,2,2
frankieeeeeee,1,0,1
frankiej,0,1,1
frankienmac,0,1,1
frankies,7,5,12
frankiev,0,1,1
frankiki,0,1,1
frankiln,1,0,1
frankin,2,0,2
frankinguyen,0,1,1
franklin,33,41,74
franklins,0,1,1
frankly,33,31,64
franklyn,0,1,1
frankmusik,4,1,5
frankness,0,1,1
franko,1,1,2
franks,14,5,19
franksmask,0,1,1
frankster,0,1,1
franksterrrr,0,1,1
frankston,1,5,6
franksus,1,0,1
frankurt,0,1,1
frankus,2,0,2
franky,7,3,10
frankydent,0,5,5
frankys,0,1,1
frankyyy,0,1,1
franlinger,1,0,1
frann,2,7,9
frannd,0,2,2
franner,0,1,1
frannf,0,1,1
frannie,2,2,4
frannies,1,0,1
frannn,1,3,4
frannnn,0,2,2
frannnnd,0,1,1
frannnnn,0,3,3
frannnnnnnnny,1,0,1
frannns,0,1,1
franns,2,2,4
frannsss,0,1,1
franny,1,9,10
frannys,1,0,1
frannz,0,1,1
franphsyco,1,0,1
frans,7,6,13
franschhoek,0,1,1
franscoviak,1,0,1
fransico,4,0,4
fransis,0,1,1
fransisco,6,9,15
franske,0,1,1
fransman,0,1,1
frant,1,0,1
frantastic,0,2,2
franti,3,5,8
frantic,20,17,37
frantically,16,8,24
franticly,0,1,1
franticness,0,1,1
frantone,0,1,1
frantzzyyy,0,1,1
franz,22,33,55
franzbr,0,1,1
franzen,0,2,2
franzf,0,1,1
franzia,0,1,1
franziskaner,1,0,1
franzne,0,1,1
franzneit,0,1,1
frap,10,36,46
frapacchino,1,0,1
frapaccino,2,0,2
frapachino,0,2,2
frapacino,0,1,1
frape,0,1,1
frapecino,0,1,1
fraport,0,1,1
frapp,16,9,25
frappacchino,0,1,1
frappaccino,0,1,1
frappachino,1,5,6
frappachinos,0,3,3
frappachins,1,0,1
frappacinnos,1,0,1
frappacino,3,3,6
frappaucino,0,1,1
frappe,6,8,14
frappenya,0,1,1
frappes,2,0,2
frappichino,1,2,3
frappichinos,1,0,1
frappo,0,1,1
frappoucino,0,1,1
frapppp,0,1,1
frapps,0,2,2
frappuccino,22,13,35
frappuccinos,1,2,3
frappuchino,1,0,1
frappucino,6,7,13
frappucinos,2,0,2
frappucion,0,1,1
fraps,5,1,6
frapuccino,5,7,12
frapuchino,2,0,2
fraquinho,2,0,2
frasca,1,0,1
frase,3,7,10
fraser,14,17,31
frasers,1,1,2
fraserview,1,0,1
frases,1,0,1
frasier,3,11,14
frass,2,1,3
frat,22,13,35
fratastic,1,0,1
fratboy,1,1,2
fratcured,1,0,1
frate,0,1,1
frateee,1,0,1
fratellis,2,5,7
fratello,1,1,2
fratenisingwith,1,0,1
fraternal,0,1,1
fraternities,0,1,1
fraternity,1,2,3
fraternization,1,0,1
fraternizing,0,1,1
fraterredd,1,0,1
frattini,1,0,1
fratton,1,0,1
frau,2,2,4
fraud,38,11,49
fraudness,0,1,1
frauds,1,1,2
fraudster,2,0,2
fraudsters,1,1,2
fraudulent,6,3,9
frauen,0,1,1
frauenkloster,1,0,1
frauenthingy,0,1,1
fraught,3,1,4
fraukelicious,0,1,1
fraustratingggg,1,0,1
fravorite,0,1,1
frawlz,1,0,1
fray,26,48,74
frayed,1,0,1
fraying,1,0,1
frays,0,1,1
frazer,2,1,3
frazes,0,1,1
frazza,1,0,1
frazzi,0,2,2
frazzle,1,1,2
frazzled,11,4,15
frazzles,1,1,2
frazzliness,0,1,1
frc,1,3,4
frckn,1,1,2
frclive,0,2,2
frd,1,2,3
frds,2,3,5
fre,6,4,10
frea,1,0,1
freaaaaaaaak,0,1,1
freaaaaaaak,0,1,1
freaaaaaakk,0,1,1
freaaaak,1,0,1
freaaaaking,0,2,2
freaaakiiiin,0,1,1
freaaakin,0,1,1
freaaaking,0,1,1
freaakin,1,0,1
freaaking,2,0,2
freaakkk,1,0,1
freacking,1,0,1
freado,1,0,1
freagggin,1,0,1
freagle,0,1,1
freak,271,269,540
freakanomics,0,1,1
freakazoid,2,1,3
freakazoidal,0,1,1
freakcity,0,1,1
freaked,164,83,247
freakedd,1,0,1
freakels,0,1,1
freaken,37,14,51
freaker,2,0,2
freakerrs,1,0,1
freakfest,1,0,1
freakie,0,1,1
freakier,1,0,1
freakiest,2,3,5
freakig,1,0,1
freakii,1,0,1
freakiiing,0,1,1
freakiin,2,1,3
freakiing,2,1,3
freakily,1,0,1
freakim,1,0,1
freakimg,1,0,1
freakin,851,437,1288
freakinay,0,1,1
freakiness,0,1,1
freaking,1165,617,1782
freakingg,1,1,2
freakinggg,1,1,2
freakinn,4,0,4
freakinnn,0,2,2
freakinnnn,1,0,1
freakinq,1,1,2
freakio,0,1,1
freakish,1,9,10
freakishly,6,15,21
freakk,2,2,4
freakkiinggg,0,1,1
freakkin,2,2,4
freakking,0,1,1
freakkinq,1,0,1
freakkkk,1,0,1
freakmont,2,0,2
freakn,12,10,22
freaknig,1,0,1
freako,0,1,1
freakonomics,0,1,1
freakoo,0,1,1
freakout,3,2,5
freakouts,1,0,1
freaks,76,70,146
freakshit,1,1,2
freakshow,1,5,6
freakshows,0,1,1
freaksssssss,1,0,1
freakssssssss,0,1,1
freakstorm,1,0,1
freaksz,1,0,1
freakum,1,2,3
freaky,99,89,188
freakyfriday,1,1,2
freakyh,0,1,1
freakysubject,0,1,1
freakyy,3,2,5
freakyyy,1,0,1
freakz,0,1,1
freakzone,1,0,1
freal,1,0,1
frealz,0,1,1
fream,0,2,2
freams,0,1,1
frean,0,1,1
freanking,1,0,1
freans,1,0,1
freash,1,1,2
freaxxx,1,0,1
freazing,1,2,3
frebreez,0,1,1
frecat,1,0,1
frech,3,0,3
frecked,0,1,1
freckin,1,0,1
frecking,2,1,3
freckle,6,7,13
freckled,2,1,3
frecklefest,0,1,1
freckles,32,28,60
freckling,1,0,1
freckly,1,0,1
freco,1,0,1
fred,107,122,229
freda,1,3,4
fredburg,0,1,1
fredda,1,0,1
freddi,0,3,3
freddie,26,33,59
freddies,1,4,5
freddo,7,8,15
freddos,0,2,2
fredduerst,0,1,1
freddy,22,31,53
freddys,0,1,1
fredeick,1,0,1
fredensgade,0,1,1
frederator,0,1,1
frederic,1,2,3
frederick,4,3,7
fredericks,2,0,2
fredericksberg,0,1,1
fredericksburg,4,2,6
frederico,0,1,1
fredericton,2,0,2
frederik,0,1,1
fredie,1,0,1
fredmobile,1,0,1
frednes,0,1,1
fredo,0,2,2
fredonia,2,0,2
fredoniaradio,1,0,1
fredparker,1,0,1
fredprutty,1,0,1
fredric,1,1,2
fredrick,0,1,1
fredricks,0,1,1
fredricksen,0,2,2
fredrickson,2,2,4
fredrik,1,4,5
fredriks,0,1,1
fredriksson,1,0,1
freds,3,7,10
fredsmc,0,1,1
fredtweetup,1,0,1
fredward,1,0,1
fredy,0,1,1
free,2721,5103,7824
freeaakkyy,1,0,1
freeagent,1,0,1
freeagentapp,1,0,1
freeaking,1,1,2
freeazing,0,1,1
freeball,0,1,1
freeballin,0,1,1
freeballing,2,1,3
freeballinweho,1,0,1
freebbb,0,1,1
freebee,0,1,1
freebeer,0,1,1
freebie,7,48,55
freebieness,0,1,1
freebies,21,67,88
freebird,2,4,6
freebirds,1,6,7
freebleudavinci,1,0,1
freebording,1,0,1
freeboxhd,0,1,1
freebsd,1,4,5
freebutt,0,1,1
freeby,1,0,1
freecause,0,1,1
freecell,1,0,1
freeciv,2,0,2
freecon,1,0,1
freecreditreport,2,1,3
freecreditrepot,0,1,1
freecycle,6,5,11
freecycled,0,1,1
freecyclers,1,0,1
freecycling,1,0,1
freed,5,6,11
freedaay,0,1,1
freedadreamer,0,1,1
freeday,0,1,1
freeddddoommmeeee,0,1,1
freedeom,0,1,1
freedman,0,1,1
freedogpainting,1,0,1
freedom,244,289,533
freedomchurch,0,1,1
freedome,0,1,1
freedomm,1,1,2
freedommm,0,2,2
freedommmmmmmmmmmmmmmm,0,1,1
freedoms,4,3,7
freedon,2,0,2
freedoooom,1,0,1
freedooooommmm,0,1,1
freee,3,10,13
freeeaaakkkiinnn,1,0,1
freeeakkk,0,1,1
freeearrings,0,1,1
freeebies,0,1,1
freeedom,0,1,1
freeedommmmmm,0,1,1
freeee,5,14,19
freeeeaking,1,0,1
freeeeddoooomm,0,1,1
freeeedom,0,1,1
freeeedomm,0,1,1
freeeedommm,1,0,1
freeeee,2,13,15
freeeeeaking,0,1,1
freeeeedom,0,1,1
freeeeee,3,10,13
freeeeeeaaaaaaaakkkkkkiiiiiiinnnnnng,0,1,1
freeeeeeaky,1,0,1
freeeeeedom,0,1,1
freeeeeee,3,3,6
freeeeeeeddddd,0,1,1
freeeeeeee,2,3,5
freeeeeeeedom,0,2,2
freeeeeeeee,1,1,2
freeeeeeeeee,1,4,5
freeeeeeeeeeak,0,1,1
freeeeeeeeeedom,1,0,1
freeeeeeeeeedoooooooom,0,1,1
freeeeeeeeeee,1,3,4
freeeeeeeeeeee,1,2,3
freeeeeeeeeeeeedommmmmmmmmmm,0,1,1
freeeeeeeeeeeeee,2,3,5
freeeeeeeeeeeeeeedom,0,1,1
freeeeeeeeeeeeeeeeee,0,1,1
freeeeeeeeeeeeeeeeeee,0,1,1
freeeeeeeeeeeeeeeeeeeee,0,1,1
freeeeeeeeeeeeeeeeeeeeeeeeeeeeeeeeee,0,1,1
freeeeeeeeeeeeeeeeeeeeeeeeeeeeeeeeeee,1,0,1
freeeeeeeeeeeeeeeeeeeeeeeek,0,1,1
freeeeeeeeeeeeeeeeezzzzzzzzzzzing,1,0,1
freeeeeeeeeeeeeeeezing,0,1,1
freeeeeeeeeeeeezing,0,1,1
freeeeeeeeeeeezing,1,0,1
freeeeeeeeezing,1,0,1
freeeeeeeeth,1,0,1
freeeeeeeezinggg,0,1,1
freeeeeeezing,4,0,4
freeeeeeezzing,1,0,1
freeeeeezing,7,2,9
freeeeeezzing,1,0,1
freeeeench,1,0,1
freeeeezing,9,5,14
freeeesh,0,2,2
freeeezin,1,0,1
freeeezing,11,4,15
freeeezinggg,1,0,1
freeeezzzziiiinnngggg,1,0,1
freeeezzzzing,0,1,1
freeekin,0,1,1
freeeking,1,0,1
freeeks,0,1,1
freeer,0,1,1
freeeziingg,1,0,1
freeezin,1,0,1
freeezing,13,4,17
freeezingg,1,0,1
freeezinggg,0,1,1
freeezinnn,1,0,1
freeezy,1,0,1
freefall,0,2,2
freefalling,2,1,3
freefest,1,1,2
freefestival,0,1,1
freeflyfishing,0,1,1
freefoto,0,1,1
freefreefree,0,2,2
freegahs,0,1,1
freegbazz,1,0,1
freegeek,1,0,1
freegift,0,1,1
freegin,1,0,1
freehand,0,1,1
freehearted,0,1,1
freehg,1,0,1
freehold,2,0,2
freeholder,1,0,1
freehouse,0,2,2
freehugfriday,0,1,1
freehugs,0,1,1
freeidahofrycompany,0,1,1
freeie,0,1,1
freeing,5,8,13
freeiran,2,2,4
freeish,1,0,1
freej,0,1,1
freek,1,0,1
freekibble,0,1,1
freekin,11,3,14
freeking,9,4,13
freekn,0,1,1
freeks,0,1,1
freeky,1,0,1
freel,0,1,1
freelance,44,82,126
freelancer,4,11,15
freelancers,3,6,9
freelancing,8,9,17
freeland,0,3,3
freelesson,0,1,1
freelife,0,1,1
freeload,1,0,1
freeloader,0,1,1
freeloaders,1,0,1
freeloading,1,2,3
freelon,2,0,2
freelove,0,1,1
freely,10,25,35
freeman,4,14,18
freemans,0,3,3
freemantia,1,0,1
freemantle,0,1,1
freemason,0,1,1
freemasons,0,1,1
freemind,1,0,1
freemix,1,0,1
freemont,1,0,1
freemp,0,2,2
freemtime,1,0,1
freemusic,0,7,7
freenas,2,2,4
freend,0,1,1
freeness,2,1,3
freenode,3,3,6
freenx,0,1,1
freenz,0,1,1
freepbx,1,0,1
freeplay,0,1,1
freeport,1,3,4
freeportlady,1,0,1
freepost,0,1,1
freeprita,0,2,2
freeradlab,0,1,1
freerealms,6,4,10
freerole,0,1,1
freeroll,5,4,9
freerolls,3,3,6
freerpg,1,0,1
freerunner,1,1,2
freerunning,0,2,2
frees,10,3,13
freesale,1,0,1
freesat,3,2,5
freesbee,0,1,1
freeserve,1,0,1
freeship,1,6,7
freeside,1,0,1
freesome,0,1,1
freespace,1,2,3
freespeech,1,0,1
freespirit,0,1,1
freestate,0,1,1
freestone,0,1,1
freestufffreestuff,0,1,1
freestufffriday,1,1,2
freestyle,9,20,29
freestyled,0,1,1
freestyler,1,1,2
freestyles,2,3,5
freestylin,2,2,4
freestyling,2,3,5
freetapdancinglessons,0,1,1
freetards,0,1,1
freetastic,0,3,3
freetds,0,1,1
freethelinks,1,0,1
freetheobecker,2,0,2
freetime,5,4,9
freetings,0,1,1
freetranslation,1,0,1
freetv,0,1,1
freeverse,1,1,2
freeview,22,5,27
freeware,5,7,12
freeway,62,33,95
freeways,7,3,10
freewayyy,1,0,1
freewebarcade,0,1,1
freewebs,3,1,4
freewheel,0,1,1
freewheeling,1,0,1
freewilled,0,1,1
freewriting,0,1,1
freey,0,1,1
freeystyle,1,0,1
freez,1,0,1
freeza,2,0,2
freezapop,1,0,1
freeze,131,81,212
freezed,2,0,2
freezedried,1,0,1
freezeeeee,0,1,1
freezeing,1,1,2
freezen,1,0,1
freezeout,1,0,1
freezepop,2,1,3
freezepops,0,1,1
freezer,113,68,181
freezers,0,1,1
freezes,63,9,72
freezey,1,0,1
freezie,1,0,1
freezies,4,2,6
freeziiiing,0,1,1
freezin,35,2,37
freezing,681,152,833
freezingbikehands,1,0,1
freezingg,1,2,3
freezinggg,2,0,2
freezinggggg,1,0,1
freezingggggggg,1,0,1
freezinq,2,0,2
freezis,1,0,1
freezn,0,1,1
freezor,1,0,1
freeztyle,0,1,1
freezy,3,1,4
freezyy,1,0,1
freezzing,1,0,1
freezzziinnggg,1,0,1
fregano,0,1,1
fregg,0,1,1
freggan,1,0,1
freggin,3,1,4
fregging,1,0,1
freggle,0,1,1
fregueeesssaaaa,0,1,1
frehley,0,1,1
frehleyfriday,4,2,6
freiboth,1,0,1
freiburg,1,2,3
freidn,1,0,1
freifunk,1,0,1
freight,16,4,20
freighter,1,1,2
freightliner,0,2,2
freightliners,0,1,1
freihaus,1,0,1
freihofer,0,1,1
freind,16,17,33
freinddddddsssssss,0,1,1
freinds,34,25,59
freisan,1,0,1
freisch,1,0,1
freistunde,0,1,1
freitag,2,1,3
freitas,1,0,1
freja,2,1,3
frejat,1,0,1
frek,1,0,1
frekaing,1,0,1
frekin,3,7,10
frell,1,0,1
frelling,1,1,2
fremantle,2,6,8
fremch,0,1,1
fremdspachen,0,1,1
fremont,18,9,27
fren,12,18,30
frence,1,0,1
french,1074,1045,2119
frenchamerican,0,1,1
frenchboy,1,0,1
frenched,1,0,1
frenchfest,1,0,1
frenchfinal,0,1,1
frenchfries,2,0,2
frenchfry,0,1,1
frenchhh,1,0,1
frenchie,8,10,18
frenchieb,4,36,40
frenchies,4,2,6
frenchin,0,1,1
frenching,2,0,2
frenchman,2,6,8
frenchmcflyteam,0,4,4
frenchmen,0,1,1
frenchopen,12,17,29
frenchresistancelovespyfairy,0,1,1
frenchspeaking,1,0,1
frenchspin,0,1,1
frenchtest,0,1,1
frenchtoast,2,3,5
frenchy,7,7,14
frenchyyyyyyy,1,0,1
frend,12,9,21
frends,13,14,27
frendship,1,0,1
frendss,1,0,1
frendsssss,1,0,1
frendster,0,1,1
frendsz,0,2,2
frendz,2,2,4
frenemies,1,0,1
frenemy,0,3,3
frenetic,1,2,3
frenetically,0,1,1
frengs,0,1,1
frenh,1,0,1
frenke,1,0,1
frenly,1,0,1
frenn,0,1,1
frenndz,1,0,1
freno,1,0,1
frens,16,17,33
frensh,3,1,4
frenso,0,1,1
frente,0,2,2
frenulum,2,1,3
frenxx,1,0,1
freny,0,1,1
frenz,11,8,19
frenzal,1,1,2
frenzies,1,2,3
frenzoo,1,0,1
frenzy,27,32,59
freo,9,17,26
freon,2,0,2
freoooooooo,1,0,1
freq,2,2,4
freqently,0,1,1
frequantly,1,0,1
frequencies,1,1,2
frequency,15,18,33
frequent,41,34,75
frequented,0,3,3
frequenters,0,1,1
frequenting,0,2,2
frequently,39,39,78
frequents,0,1,1
frerard,1,1,2
frere,0,1,1
fres,1,0,1
fresca,2,3,5
frescas,0,1,1
frescato,0,1,1
frescetta,0,1,1
fresco,4,10,14
freseing,1,0,1
fresh,376,1035,1411
fresha,0,1,1
freshair,2,1,3
freshazmike,0,1,1
freshbooks,2,1,3
freshbooksworkshop,0,1,1
freshed,0,2,2
freshen,7,19,26
freshened,1,0,1
freshener,10,4,14
fresheners,1,0,1
freshening,1,6,7
freshens,0,1,1
fresher,3,9,12
freshers,6,3,9
freshest,1,0,1
freshfaced,0,1,1
freshh,1,3,4
freshhh,0,4,4
freshhhh,1,0,1
freshie,4,4,8
freshies,1,7,8
freshii,1,0,1
freshin,0,1,1
freshing,0,1,1
freshly,44,65,109
freshman,55,76,131
freshmann,0,2,2
freshmannn,0,1,1
freshmannnnnnns,0,1,1
freshmarket,1,0,1
freshmeat,0,3,3
freshmen,21,23,44
freshner,2,2,4
freshness,2,7,9
freshnet,0,2,2
freshome,0,1,1
freshpeel,0,1,1
freshprince,0,1,1
freshproducepnc,0,1,1
freshstart,1,2,3
freshtables,1,0,1
freshtodeath,1,0,1
freshwater,1,1,2
freshy,0,2,2
freskishly,1,0,1
fresky,0,1,1
fresnel,1,0,1
fresno,51,46,97
fress,1,0,1
fressh,0,1,1
fresshhh,0,1,1
fressshhh,0,1,1
fressshman,0,2,2
fresssshhh,0,1,1
fresssssh,0,1,1
fresssssssh,0,1,1
freston,1,0,1
freswack,1,0,1
fret,10,30,40
fretboard,2,0,2
fretful,1,0,1
fretless,1,1,2
frets,9,2,11
fretted,1,0,1
frettful,0,1,1
frettiing,0,1,1
fretting,9,2,11
fretts,1,0,1
fretwork,1,1,2
freu,0,6,6
freud,11,5,16
freude,0,1,1
freudian,2,16,18
freue,0,1,1
freufreu,0,1,1
freund,0,1,1
freunde,1,0,1
freundin,1,1,2
freunds,0,1,1
freut,0,3,3
frewer,0,1,1
frewns,0,1,1
frex,1,0,1
frexxx,0,1,1
frexy,0,1,1
frey,2,1,3
freya,17,11,28
freycinet,0,1,1
freyja,1,2,3
frezer,1,0,1
frezes,1,0,1
frezh,0,1,1
frezin,1,0,1
frezing,1,0,1
frezned,0,1,1
frezno,1,0,1
frezze,1,0,1
frezzer,4,1,5
frezzin,3,0,3
frezzing,3,0,3
frf,0,2,2
frg,2,0,2
frggin,0,1,1
frgn,1,0,1
frgt,0,1,1
frh,1,0,1
fri,365,218,583
friad,1,0,1
friadays,0,1,1
friady,0,1,1
friands,1,0,1
friannn,1,0,1
friant,0,1,1
friar,2,4,6
friars,3,1,4
frias,0,1,1
fribble,0,2,2
friboourg,0,1,1
friccin,1,0,1
fricckkeennn,0,1,1
frick,41,5,46
fricka,0,2,2
fricke,0,1,1
fricked,1,0,1
frickeerrsss,1,0,1
fricken,60,49,109
frickenn,0,2,2
fricker,0,1,1
frickers,0,1,1
frickfrick,1,0,1
frickin,106,59,165
fricking,42,11,53
frickingg,0,1,1
frickity,0,1,1
frickken,1,0,1
frickn,2,1,3
friction,3,4,7
frictionless,1,0,1
frid,2,0,2
frida,3,7,10
fridaaaaaaay,1,0,1
fridaaaaaay,0,1,1
fridaaaaay,1,2,3
fridaaaay,0,1,1
fridaaaayyyyy,1,1,2
fridaaay,2,3,5
fridaay,5,3,8
fridaayy,0,1,1
fridaayyy,0,1,1
fridae,2,0,2
fridah,1,0,1
fridaii,2,1,3
fridat,1,0,1
friday,4109,4588,8697
fridayayay,0,1,1
fridayed,0,1,1
fridayeve,0,1,1
fridayfail,1,0,1
fridayfavor,0,1,1
fridayfirehazzard,1,0,1
fridayflash,1,0,1
fridayfollow,1,5,6
fridayfun,0,1,1
fridaying,0,1,1
fridayitis,0,1,1
fridaylunch,0,1,1
fridaynight,1,3,4
fridaynightboys,0,2,2
fridaynightt,0,1,1
fridaynitemix,0,1,1
fridayreads,1,0,1
fridays,201,251,452
fridayss,0,1,1
fridaysssss,0,1,1
fridaythe,1,0,1
fridayv,1,0,1
fridayy,5,18,23
fridayyayayay,1,0,1
fridayys,2,0,2
fridayyy,6,11,17
fridayyyy,2,8,10
fridayyyyy,3,3,6
fridayyyyyy,1,2,3
fridayyyyyyy,1,1,2
fridayyyyyyyyyyyy,0,1,1
fridayyyyyyyyyyyyyyyy,0,1,1
friddddddday,0,1,1
fride,1,0,1
fridead,1,0,1
fridge,320,216,536
fridgefreezerwars,1,0,1
fridges,6,1,7
fridgetop,0,1,1
fridgid,0,1,1
fridnships,0,1,1
fridy,1,1,2
fridya,0,1,1
fridz,1,0,1
frie,0,3,3
fried,270,279,549
frieda,4,3,7
friedaaaaaaaaa,0,1,1
frieday,1,1,2
friederick,0,1,1
friedlander,0,1,1
friedlin,0,1,1
friedman,7,1,8
friedn,0,1,1
friedrice,0,1,1
friedrich,1,3,4
frieds,3,0,3
frieeeeeeeeeends,0,1,1
frieeeeend,1,0,1
frieeeeenddd,0,1,1
frieeeends,1,0,1
frieeend,0,1,1
frieeends,0,2,2
frieeenndd,0,1,1
frieend,1,3,4
frieendd,1,0,1
frieenddd,0,1,1
frieends,4,0,4
frieenndddd,1,0,1
frieght,0,1,1
frieke,0,1,1
friekin,0,1,1
friel,2,1,3
friemds,0,1,1
frien,2,5,7
friench,0,1,1
friend,5351,6031,11382
friendblastpro,1,0,1
friendboy,0,1,1
friendcodes,1,0,1
friendd,2,7,9
frienddd,1,5,6
friendddd,0,4,4
frienddddd,0,1,1
friendddddddd,1,0,1
frienddds,0,1,1
frienddiies,0,1,1
friendds,2,1,3
frienddsss,0,1,1
friended,5,19,24
friendeded,1,0,1
friendeed,1,0,1
friender,0,1,1
frienders,0,1,1
friendface,0,1,1
friendfail,1,1,2
friendfeed,51,54,105
friendfeeding,0,1,1
friendhip,0,1,1
friendian,0,1,1
friendie,0,1,1
friendies,2,3,5
friending,1,4,5
friendless,9,1,10
friendlier,0,4,4
friendlies,0,1,1
friendliest,0,6,6
friendliness,1,5,6
friendlings,0,2,2
friendly,221,361,582
friendlyand,0,1,1
friendlys,3,11,14
friendo,0,1,1
friendon,1,0,1
friendorfollow,3,0,3
friendrequest,0,1,1
friendrequests,0,1,1
friends,6705,7894,14599
friendsforchange,0,1,1
friendship,109,147,256
friendships,18,16,34
friendsies,0,2,2
friendsin,1,0,1
friendsisaw,0,1,1
friendsisters,0,1,1
friendsites,1,0,1
friendslist,1,0,1
friendsorenemies,1,0,1
friendss,5,18,23
friendsss,5,14,19
friendssss,5,4,9
friendsssss,1,3,4
friendsssssssss,1,0,1
friendstacks,1,0,1
friendster,24,85,109
friendsters,0,1,1
friendstimeline,0,1,1
friendswith,0,1,1
friendswood,1,0,1
friendsz,2,0,2
friendy,0,1,1
friendykins,1,0,1
friendys,1,2,3
friendyyy,1,0,1
friendz,14,10,24
friendzies,0,3,3
friendzz,2,3,5
friendzzzz,1,0,1
friene,1,0,1
frienemie,0,1,1
frienemy,1,0,1
frienfeed,1,0,1
frienimes,1,0,1
frienn,1,1,2
friennd,1,0,1
friennds,1,0,1
friennnnn,0,1,1
friens,3,3,6
frienship,3,0,3
frienships,1,1,2
frier,1,0,1
fries,211,270,481
friesan,0,1,1
friesen,0,1,1
friesfestival,0,1,1
friesian,0,1,1
friesians,0,1,1
friesland,2,1,3
friesss,1,0,1
friesssss,0,1,1
friet,0,1,1
friez,0,1,1
frig,11,3,14
frigate,0,2,2
frigates,0,1,1
frige,1,0,1
frigen,1,0,1
frigg,2,0,2
friggan,1,0,1
frigged,1,0,1
friggeenn,1,0,1
friggen,43,24,67
frigggin,0,1,1
frigggn,1,0,1
friggin,267,96,363
frigginamazing,0,1,1
frigging,37,16,53
frigginggg,1,1,2
frigginn,1,0,1
friggn,3,4,7
friggon,1,0,1
frighen,1,0,1
fright,9,7,16
frightdrive,0,1,1
frighten,3,7,10
frightened,30,9,39
frightening,37,15,52
frighteningly,2,1,3
frightens,5,5,10
frightfest,1,1,2
frightful,1,0,1
frightfully,1,1,2
frightning,1,0,1
frigid,7,1,8
frigider,0,1,1
frigin,5,4,9
frign,0,1,1
friiday,1,1,2
friidays,1,0,1
friiddayy,0,1,1
friiend,2,0,2
friiends,1,1,2
friiggin,2,0,2
friiiend,0,1,1
friiiiday,0,2,2
friiiieeend,0,1,1
friiiies,0,1,1
friiiiick,1,0,1
friiiiiday,1,2,3
friiiiiiday,1,1,2
friiiiiiidaaaaaaaaayyyy,0,1,1
friiiiiiiennd,1,0,1
friiiiiiiiiiiday,0,1,1
friiiiiiiiiiiiiday,0,1,1
friiiken,0,1,1
friiooooo,1,0,1
friji,1,1,2
frijj,1,3,4
frijole,1,0,1
frijoles,0,3,3
frijolez,0,1,1
frijolitos,0,1,1
frikadel,1,0,1
frikandel,0,1,1
friked,1,0,1
friken,7,1,8
frikin,19,9,28
friking,1,2,3
frikk,0,1,1
frikken,15,6,21
frikkety,1,0,1
frikkin,13,16,29
frikking,5,1,6
frikkn,2,1,3
frikn,3,0,3
frills,1,2,3
frilly,4,5,9
frillz,0,1,1
frim,1,2,3
frimley,0,1,1
frin,2,0,2
frind,4,2,6
frindge,1,0,1
frinds,3,3,6
frindship,0,1,1
frined,3,2,5
frinedly,0,1,1
frineds,5,4,9
fring,13,12,25
fringe,87,91,178
fringefailure,1,0,1
fringeto,1,0,1
fringetoooo,0,1,1
fringgingly,0,1,1
fringing,1,0,1
fringy,1,0,1
frinightfever,2,6,8
frinimey,2,0,2
frinking,1,1,2
frinns,0,1,1
frins,1,0,1
frinto,0,1,1
frinton,0,1,1
frio,5,7,12
friom,0,1,1
friooo,1,0,1
frioooo,0,1,1
friooooo,1,0,1
friow,0,1,1
fripp,0,2,2
frippery,1,0,1
frir,1,0,1
fris,2,3,5
frisbee,48,53,101
frisbeee,1,0,1
frisbeeee,0,1,1
frisbeeeee,1,0,1
frisbees,0,2,2
frisbie,1,0,1
frisby,2,1,3
frisbzza,0,1,1
frisch,1,2,3
frisches,0,1,1
frisco,19,17,36
friscos,1,0,1
frise,0,1,1
frisee,1,0,1
frish,1,0,1
frisia,0,1,1
frisk,1,3,4
frisked,1,0,1
frisker,0,1,1
friskis,0,1,1
frisky,5,11,16
friskyradio,0,1,1
friss,0,1,1
frissbee,1,0,1
frisson,0,2,2
frist,6,4,10
fristi,1,0,1
friston,0,1,1
fristy,1,0,1
frites,3,3,6
frith,0,2,2
fritime,1,0,1
frito,3,3,6
fritolay,0,1,1
fritos,2,2,4
fritrated,1,0,1
frits,1,0,1
frittata,1,3,4
frittatas,0,1,1
frittenbude,1,1,2
fritter,2,7,9
frittered,1,0,1
fritters,3,9,12
fritts,1,0,1
frituur,0,1,1
frityrolje,1,0,1
fritz,53,10,63
fritzd,1,0,1
fritzi,0,1,1
fritzing,1,0,1
fritzl,4,1,5
fritzles,0,1,1
fritzo,1,0,1
friving,1,0,1
frivolity,1,0,1
frivolous,4,7,11
friz,1,1,2
frizbee,1,0,1
frizbi,1,0,1
frizen,1,0,1
frizing,1,0,1
frizz,9,5,14
frizzball,1,0,1
frizzed,1,0,1
frizzes,2,0,2
frizzing,2,0,2
frizztown,1,0,1
frizzy,26,6,32
frizzyest,1,0,1
frj,0,1,1
frkcknhknk,1,0,1
frkin,1,1,2
frkkity,1,0,1
frkkn,2,0,2
frkn,12,4,16
frl,0,1,1
frlehgf,1,0,1
frm,333,246,579
frmedinburgh,1,0,1
frmo,2,0,2
frmphh,1,0,1
frmrs,1,1,2
frn,3,3,6
frnch,0,1,1
frnd,20,13,33
frnds,38,27,65
frndship,2,1,3
frndshps,0,1,1
frndz,0,1,1
frnech,1,0,1
frns,0,1,1
frnt,3,2,5
frnz,1,2,3
frnzzzz,1,0,1
fro,70,67,137
froat,2,0,2
frobbel,0,2,2
frock,6,11,17
frocking,0,1,1
frocks,2,1,3
frod,0,1,1
frodo,4,3,7
froelich,1,1,2
frog,110,94,204
frogball,0,1,1
frogbar,1,0,1
frogbur,1,0,1
froget,0,1,1
frogfish,1,0,1
frogfishnyc,0,1,1
frogg,0,1,1
frogged,3,1,4
frogger,3,3,6
froggie,4,4,8
froggies,2,3,5
froggin,1,1,2
frogging,2,1,3
froggster,0,1,1
froggy,9,7,16
froggys,1,1,2
frogie,0,1,1
frogies,1,0,1
froglet,1,0,1
frogman,1,0,1
frognerparken,0,1,1
frogparade,1,0,1
frogs,36,38,74
frogskinns,1,0,1
frogskins,0,1,1
frogtown,0,1,1
frogurt,0,1,1
frogz,0,2,2
frohen,0,1,1
froim,1,1,2
frok,1,0,1
froken,1,1,2
frol,0,1,1
frolf,1,0,1
frolfing,0,1,1
frolic,4,5,9
froliced,0,1,1
frolicing,2,1,3
frolick,1,4,5
frolicked,0,1,1
frolicking,7,9,16
frolicksome,0,1,1
frolics,0,2,2
frolicsome,0,1,1
frollicing,1,1,2
frollick,0,1,1
frollicking,1,1,2
frollics,0,1,1
frollo,0,1,1
from,28023,28161,56184
froma,4,0,4
fromable,0,1,1
fromage,2,3,5
fromagerie,0,1,1
fromal,1,0,1
fromdownload,1,0,1
frome,4,2,6
fromerica,0,1,1
fromerly,0,1,1
fromfrance,0,1,1
fromgermany,0,1,1
fromhorrible,1,0,1
fromhot,1,1,2
fromjess,0,1,1
fromlast,1,0,1
fromm,5,6,11
fromme,1,0,1
frommmm,1,0,1
frommmmm,0,1,1
frommy,1,0,1
frommypov,1,0,1
fromna,1,0,1
fromold,0,1,1
fromroad,0,1,1
fromruinswerisenj,0,1,1
froms,2,2,4
fromschool,1,0,1
fromt,0,4,4
fromthe,1,1,2
fromthere,1,0,1
fromy,1,0,1
fron,7,7,14
fronds,2,1,3
frone,1,0,1
frong,0,1,1
fronk,0,1,1
fronpage,1,0,1
fronsen,0,1,1
front,1131,1003,2134
frontal,4,5,9
frontana,0,1,1
frontdoor,0,1,1
fronted,2,5,7
frontega,0,1,1
fronteiras,1,0,1
frontend,1,0,1
fronter,0,1,1
frontera,1,0,1
frontgarden,0,1,1
frontier,13,7,20
frontiernz,0,1,1
frontiers,2,2,4
frontin,2,9,11
fronting,3,3,6
frontinn,1,0,1
frontline,3,3,6
frontlined,1,0,1
frontliners,0,1,1
frontlines,0,1,1
frontlinesms,0,1,1
frontman,1,5,6
frontmost,0,1,1
frontorback,0,1,1
frontpage,13,4,17
frontpaged,1,0,1
frontplate,0,1,1
frontrow,2,0,2
fronts,7,6,13
frontside,1,0,1
frontt,1,1,2
frontttttt,0,1,1
frontyard,2,0,2
frony,1,0,1
fronz,1,0,1
fronztheman,0,1,1
froo,0,2,2
froofroo,1,0,1
froom,2,2,4
froomate,0,1,1
frooomageeeee,0,1,1
froooommmm,0,1,1
frooooog,1,0,1
frooooooot,0,1,1
froot,3,14,17
frooti,1,3,4
frootloop,1,0,1
frootloops,0,2,2
froots,0,1,1
froozen,1,0,1
froozing,1,0,1
fropen,1,0,1
fropm,0,1,1
fros,1,1,2
frosaken,1,0,1
frosh,8,5,13
froshie,0,1,1
froshies,0,2,2
frosmo,0,3,3
fross,0,3,3
frost,48,34,82
frostbite,4,3,7
frostbitten,1,0,1
frostburg,1,2,3
frosted,29,42,71
froster,0,1,1
frosters,0,1,1
frostie,1,0,1
frosties,12,11,23
frosting,26,44,70
frostingg,1,0,1
frostmourne,1,0,1
frostnixon,0,1,1
frosts,2,0,2
frostwire,3,2,5
frosty,30,36,66
frostys,3,0,3
frostyy,0,1,1
frotate,1,0,1
froth,2,1,3
frothed,1,0,1
frother,0,2,2
frothhhh,0,1,1
frothing,1,1,2
froths,1,0,1
frothsss,1,0,1
frothy,1,3,4
frotrack,0,1,1
frou,2,10,12
frouffie,0,1,1
froufrou,1,0,1
froulala,0,1,1
fround,1,0,1
frount,2,2,4
frow,1,0,1
froward,1,4,5
frowing,1,0,1
frowining,0,1,1
frown,70,36,106
frownage,0,1,1
frownd,1,0,1
frowned,14,3,17
frownen,1,0,1
frowner,1,0,1
frowners,0,1,1
frowney,0,1,1
frownie,1,0,1
frownies,3,2,5
frowning,15,4,19
frowns,13,7,20
frowny,25,0,25
frows,1,0,1
froy,1,0,1
froyo,22,19,41
froyoooo,2,0,2
froz,1,0,1
froze,140,21,161
frozed,1,0,1
frozeen,0,1,1
frozen,268,152,420
frozenass,1,0,1
frozencoconuts,1,0,1
frozenn,2,0,2
frozenplasma,1,0,1
frozn,0,1,1
frozo,0,1,1
frozone,0,1,1
frpm,1,0,1
frpom,1,0,1
frpt,0,1,1
frqs,0,1,1
frreaking,1,0,1
frreeezing,1,0,1
frreefrienddiscount,0,1,1
frreshhhh,0,1,1
frreshman,0,1,1
frriday,0,1,1
frriiiidaaaaay,1,0,1
frriiiiiidddaaaaayyyyyyyy,0,1,1
frrm,0,1,1
frrree,1,0,1
frrreeeeaaakkkky,0,1,1
frrriends,1,0,1
frrriiiday,0,1,1
frrriiidddaaayyy,0,1,1
frrrriday,0,1,1
frrrrrreeeeaaak,0,1,1
frs,1,0,1
frsh,0,4,4
frst,5,2,7
frsteam,1,0,1
frsutrating,1,0,1
frt,1,1,2
fru,1,3,4
frub,0,1,1
frube,0,1,1
frucci,0,1,1
fruche,1,1,2
fruchocs,1,0,1
fruckin,1,0,1
frucking,1,1,2
fructe,0,1,1
fructose,2,6,8
fructueuse,0,1,1
fruegson,0,1,1
frug,0,1,1
frugal,2,13,15
frugalicious,0,1,1
frugalists,0,1,1
fruggin,1,0,1
fruiiiit,0,1,1
fruit,263,364,627
fruita,1,0,1
fruitarian,1,1,2
fruitbat,1,0,1
fruitcage,0,2,2
fruitcake,4,2,6
fruitcakes,2,1,3
fruitcup,0,1,1
fruitea,0,1,1
fruitella,0,1,1
fruitellas,0,1,1
fruitestas,0,1,1
fruitful,3,22,25
fruitgrrl,0,1,1
fruitie,0,1,1
fruities,0,1,1
fruiting,1,1,2
fruition,1,5,6
fruitista,0,2,2
fruitless,8,1,9
fruitliner,1,0,1
fruitloops,1,4,5
fruitpunch,1,0,1
fruits,30,63,93
fruitsalads,1,0,1
fruitsallad,0,1,1
fruitsations,0,1,1
fruitshoot,1,0,1
fruittella,0,1,1
fruitttt,0,1,1
fruitty,0,3,3
fruity,25,50,75
fruityloopin,0,1,1
fruityloops,0,1,1
fruityness,0,1,1
frukaduk,1,0,1
frum,10,7,17
frumoasa,0,1,1
frumos,0,4,4
frump,0,1,1
frumph,1,0,1
frumps,1,0,1
frumpy,4,1,5
frumpyman,0,1,1
frunk,0,1,1
fruppucinos,1,0,1
frus,1,0,1
frusciante,0,2,2
frushi,1,0,1
frustarting,1,0,1
frustasion,1,0,1
frustated,9,0,9
frustatin,0,1,1
frustating,4,0,4
frustation,1,0,1
frustations,1,0,1
frusted,1,0,1
frusterated,5,1,6
frusterating,3,0,3
frusteration,3,0,3
frustra,1,0,1
frustraction,0,1,1
frustraded,5,1,6
frustraigted,1,0,1
frustraited,1,0,1
frustraiting,1,0,1
frustraring,1,0,1
frustrasted,1,0,1
frustrate,6,2,8
frustrated,546,64,610
frustratedd,1,0,1
frustrateddddd,0,1,1
frustrateing,1,0,1
frustrates,15,2,17
frustratiing,1,0,1
frustratin,2,0,2
frustrating,407,75,482
frustratingggg,1,0,1
frustratingly,4,1,5
frustration,66,35,101
frustrations,11,9,20
frustreated,1,0,1
frustrrated,1,0,1
frustruating,1,0,1
frusturated,1,1,2
fruta,1,1,2
fruti,1,1,2
frutista,1,2,3
frutiy,0,1,1
frutti,1,3,4
fruttie,1,0,1
fruuuubes,0,1,1
fruz,0,2,2
frvisit,0,1,1
frward,0,2,2
frwd,1,1,2
frwends,1,0,1
frwrds,0,1,1
frwy,1,1,2
fry,112,165,277
frybread,0,1,1
frycmpany,0,1,1
fryday,1,1,2
frydays,0,1,1
fryderyk,0,1,1
frydude,1,0,1
frye,0,1,1
fryeburg,0,1,1
fryed,0,1,1
fryeffect,0,1,1
fryend,1,0,1
fryer,1,2,3
fryers,1,0,1
fryfan,1,0,1
fryhead,1,0,1
fryin,3,1,4
frying,21,21,42
fryman,1,0,1
fryphile,0,1,1
fryqi,1,0,1
fryred,1,0,1
fryretweet,0,1,1
frys,7,8,15
fryuinbhk,0,1,1
fryup,0,4,4
frywise,1,0,1
fryyyyyy,0,1,1
frzn,0,1,1
fs,43,61,104
fsa,5,2,7
fsab,1,0,1
fsap,0,1,1
fsas,2,1,3
fsat,1,0,1
fsb,1,3,4
fsc,1,0,1
fsck,4,2,6
fscked,1,0,1
fsckign,1,0,1
fscking,3,2,5
fsckvps,2,0,2
fsd,0,1,1
fsdf,1,0,1
fsdfhjdsfdsjkhjkds,1,0,1
fsdlgh,1,0,1
fsdt,0,1,1
fsfe,1,0,1
fsfs,0,2,2
fsgs,0,1,1
fshionista,0,1,1
fshionwk,0,1,1
fsho,0,3,3
fsign,0,2,2
fsings,0,1,1
fsjkhdfkljasfh,1,0,1
fsk,0,1,1
fskmd,0,1,1
fsm,1,5,6
fsn,1,2,3
fsor,1,0,1
fsp,0,1,1
fspilot,0,1,1
fss,1,1,2
fssshhhhh,0,1,1
fsssss,0,1,1
fst,3,2,5
fstab,0,1,1
fster,0,1,1
fstk,1,0,1
fstop,1,0,1
fstream,0,1,1
fsu,5,9,14
fsv,0,1,1
ft,165,200,365
fta,5,2,7
ftabh,0,1,1
ftags,0,2,2
ftaine,1,0,1
ftame,0,1,1
ftb,0,2,2
ftbl,1,0,1
ftblive,1,0,1
ftc,1,5,6
ftcap,1,0,1
ftch,1,2,3
ftcrack,1,0,1
ftd,0,1,1
ftdf,0,1,1
ftdo,1,0,1
fte,1,0,1
ftech,0,1,1
ftecisi,0,1,1
fter,0,3,3
ftever,1,0,1
ftf,5,1,6
ftfd,2,1,3
ftfer,0,1,1
ftfl,1,0,1
ftfw,0,1,1
ftg,0,1,1
fth,0,4,4
fthers,1,0,1
fthis,1,0,1
fti,0,1,1
ftia,0,1,1
ftiaksw,0,1,1
ftiend,1,0,1
ftigt,1,0,1
ftkimpwjda,1,0,1
ftl,143,11,154
ftlakers,1,0,1
ftly,0,1,1
ftm,3,2,5
ftmf,0,1,1
ftmfl,1,0,1
ftmfw,3,5,8
ftmi,0,1,1
ftn,1,0,1
ftops,1,0,1
ftou,1,0,1
ftown,2,0,2
ftp,38,26,64
ftr,3,7,10
ftrh,1,0,1
fts,5,3,8
ftse,0,1,1
ftsk,52,72,124
ftswindle,1,0,1
ftth,2,1,3
fttn,0,1,1
fttp,0,1,1
fttq,0,1,1
ftts,0,1,1
ftuw,1,0,1
ftv,1,2,3
ftw,170,583,753
ftwb,0,1,1
ftwitters,0,1,1
ftws,0,1,1
ftww,0,3,3
ftwww,0,1,1
fu,142,85,227
fualt,1,0,1
fuath,2,0,2
fuatiliwad,0,1,1
fub,1,1,2
fubar,17,4,21
fubared,4,0,4
fubctionality,1,0,1
fubii,1,0,1
fubol,1,1,2
fubolandia,0,1,1
fubu,3,4,7
fubumvc,3,0,3
fuc,6,5,11
fucamp,0,1,1
fucc,7,7,14
fucca,1,0,1
fuccas,1,0,1
fuccc,1,0,1
fuccccc,0,1,1
fuccccccccckkkkk,1,0,1
fucccccccked,1,0,1
fuccccccckin,0,1,1
fuccccccckkkkkk,1,0,1
fucccccck,2,0,2
fuccccck,1,1,2
fuccccckkk,2,0,2
fuccccckkkked,1,0,1
fucccckked,0,1,1
fucccckkenn,0,1,1
fucccckkkk,1,0,1
fucccckkkkkkkkkk,1,0,1
fuccck,5,0,5
fuccckk,1,0,1
fuccckkk,5,0,5
fuccd,1,0,1
fucced,2,0,2
fuccin,9,3,12
fucck,2,2,4
fucckin,1,0,1
fuccking,1,0,1
fucckinggg,0,1,1
fucckk,1,1,2
fucckkk,2,1,3
fucckkkk,1,0,1
fucckkkkkk,1,0,1
fuccn,0,1,1
fuccs,1,0,1
fuch,2,0,2
fuched,2,0,2
fuchibg,0,1,1
fuchs,2,1,3
fuchsia,1,5,6
fucin,1,0,1
fuck,3603,1446,5049
fucka,5,6,11
fuckaaa,0,1,1
fuckaaaa,0,1,1
fuckaaaaaaaaaa,0,1,1
fuckable,1,0,1
fuckad,1,0,1
fuckadoodle,1,0,1
fuckah,0,1,1
fuckall,2,1,3
fuckas,0,1,1
fuckasaurus,1,0,1
fuckass,1,1,2
fuckazzzzzzzz,0,1,1
fuckboyyyy,0,1,1
fuckcity,0,1,1
fuckd,5,0,5
fuckdd,1,0,1
fucke,1,0,1
fucked,746,181,927
fuckedd,0,2,2
fuckeddd,1,1,2
fuckedddd,0,1,1
fuckedddddd,1,0,1
fuckeddddddddd,0,1,1
fuckedup,1,0,1
fuckedupplacetohavesex,1,0,1
fuckeeedd,1,0,1
fucken,69,33,102
fucker,51,38,89
fuckered,1,1,2
fuckeries,1,0,1
fuckerr,1,0,1
fuckerrr,1,2,3
fuckerrrr,0,2,2
fuckerrrrrrrrrr,1,0,1
fuckers,55,35,90
fuckersss,0,1,1
fuckerssss,0,1,1
fuckery,12,4,16
fuckes,1,0,1
fucket,1,0,1
fuckexams,1,0,1
fuckface,4,2,6
fuckfaces,1,0,1
fuckfamily,1,0,1
fuckfascism,0,1,1
fuckfuckfuck,7,0,7
fuckfuckfuckkk,1,0,1
fuckfuvkfuvk,2,0,2
fuckgayteachers,1,0,1
fuckgfw,2,2,4
fuckhawt,1,0,1
fuckhead,3,1,4
fuckhng,1,0,1
fuckhomework,1,0,1
fucki,0,1,1
fuckidy,0,1,1
fuckig,4,0,4
fuckign,7,1,8
fuckiiiiiing,1,0,1
fuckiiiing,0,1,1
fuckiin,2,2,4
fuckiing,1,1,2
fuckin,626,309,935
fuckinanas,0,1,1
fucking,2621,1102,3723
fuckingdave,1,0,1
fuckingf,0,1,1
fuckingfriday,0,1,1
fuckingg,1,2,3
fuckinggg,0,1,1
fuckinghenry,1,0,1
fuckinglife,1,1,2
fuckingly,1,0,1
fuckings,1,0,1
fuckingshitseth,0,1,1
fuckingtastic,1,0,1
fuckingy,1,0,1
fuckingzac,1,0,1
fuckinn,1,2,3
fuckinng,3,0,3
fuckinnn,1,0,1
fuckinnngg,1,0,1
fuckinnnnn,1,0,1
fuckinq,3,7,10
fuckinqq,0,1,1
fuckinshit,1,0,1
fuckinv,1,0,1
fuckit,7,3,10
fuckitt,1,0,1
fuckitttt,1,0,1
fuckitty,3,0,3
fuckity,6,4,10
fuckk,32,9,41
fuckkeeddddd,0,1,1
fuckkiiin,1,0,1
fuckkin,1,0,1
fuckking,2,0,2
fuckkinq,1,0,1
fuckkk,31,11,42
fuckkkk,22,4,26
fuckkkked,1,1,2
fuckkkkk,12,6,18
fuckkkkking,0,1,1
fuckkkkkk,6,0,6
fuckkkkkkk,3,1,4
fuckkkkkkkk,3,0,3
fuckkkkkkkkk,1,0,1
fuckkkkkkkkkk,2,1,3
fuckkkkkkkkkkkk,1,0,1
fuckkkkkkkkkkkking,1,0,1
fuckkkkkkkkkkkkk,2,0,2
fuckkkkkkkkkkkkkkkkkkkkkkk,1,0,1
fuckkkkkkkkkkkkkkkkkkkkkkkk,1,0,1
fuckkkkmy,1,0,1
fuckling,1,0,1
fuckload,0,4,4
fuckloads,2,0,2
fuckmikepatton,0,1,1
fuckmylife,5,1,6
fuckn,10,15,25
fuckness,1,0,1
fucknfkddjd,1,0,1
fuckng,2,0,2
fucknn,1,0,1
fucknnnn,1,0,1
fucknoasparagus,0,1,1
fucknohitler,0,1,1
fucknown,1,0,1
fucknows,1,0,1
fucknuggets,1,0,1
fucknuts,1,0,1
fuckoed,0,1,1
fuckoff,1,2,3
fuckofffuckofffuckoffffff,1,0,1
fuckoffrightback,0,1,1
fuckofftwitter,1,0,1
fuckout,0,1,1
fuckpeoplethat,1,0,1
fuckpig,1,0,1
fuckprop,0,2,2
fuckr,1,0,1
fucks,50,26,76
fucksake,3,0,3
fucksakeeeeeee,1,0,1
fuckschool,1,0,1
fuckshitcockballsmecrob,1,0,1
fuckshitwhooops,1,0,1
fuckshots,0,1,1
fucksing,1,0,1
fucksocks,1,0,1
fuckstick,0,1,1
fucksticks,4,0,4
fuckstupid,0,1,1
fucksummit,1,0,1
fuckt,1,0,1
fucktabulous,1,0,1
fucktard,10,7,17
fucktardd,1,0,1
fucktards,4,3,7
fucktart,1,0,1
fucktastic,0,1,1
fucktests,1,0,1
fucktionation,0,1,1
fuckton,1,1,2
fucktons,1,0,1
fuckuh,0,1,1
fuckunappreciativeidiots,0,1,1
fuckup,2,0,2
fuckups,1,1,2
fuckvids,1,0,1
fuckwad,1,0,1
fuckwads,4,0,4
fuckwit,2,3,5
fuckwits,1,1,2
fucky,1,0,1
fuckya,1,2,3
fuckyah,1,0,1
fuckyeaaaaa,0,1,1
fuckyeah,0,7,7
fuckyeahaustin,1,0,1
fuckyeahbabyanimals,0,1,1
fuckyeahdavidlynch,0,1,1
fuckyeahdblaise,1,0,1
fuckyeahgarrett,0,1,1
fuckyeahhalvo,1,0,1
fuckyeahmileycyrus,1,0,1
fuckyeahnicksantino,0,1,1
fuckyeahpanicatthedisco,0,1,1
fuckyeahshoes,1,0,1
fuckyeahskinnybitch,1,2,3
fuckyerrrrrr,0,1,1
fuckyes,0,2,2
fuckyofacemothafucka,0,1,1
fuckyou,1,0,1
fuckyoufriday,0,1,1
fuckyoufridays,1,0,1
fuckyoumonday,0,2,2
fuckyousprintrant,1,0,1
fuckyoutwittermsnandfacebook,1,0,1
fucling,1,0,1
fucn,2,0,2
fucniona,1,0,1
fuct,2,1,3
fuction,1,0,1
fuctioning,1,1,2
fuctup,0,1,1
fucx,1,0,1
fucxkin,1,0,1
fucxx,1,0,1
fud,4,2,6
fuday,0,1,1
fudcon,1,0,1
fudd,1,0,1
fudding,1,0,1
fuddle,0,1,1
fuddled,1,0,1
fuddrockers,0,1,1
fuddruckers,1,6,7
fude,1,0,1
fuder,2,0,2
fudeu,1,0,1
fudgdickles,1,0,1
fudge,109,87,196
fudgecake,3,0,3
fudgecakes,1,0,1
fudgecicle,0,1,1
fudgecrumpet,0,1,1
fudged,4,2,6
fudgeee,0,1,1
fudger,1,0,1
fudges,3,0,3
fudgesicle,0,2,2
fudgesicles,1,1,2
fudgey,2,0,2
fudgie,1,1,2
fudgin,1,0,1
fudging,1,4,5
fudgn,1,0,1
fudgsicle,0,1,1
fudgy,1,2,3
fudruckers,0,5,5
fuds,0,1,1
fudtrippin,0,1,1
fudwyqb,1,0,1
fudz,1,0,1
fue,6,2,8
fued,2,1,3
fuee,1,0,1
fuego,4,5,9
fuegoooo,1,0,1
fuek,1,0,1
fuel,105,86,191
fuelchurch,1,0,1
fueled,5,10,15
fueledbyphotos,0,1,1
fueledbyramen,1,0,1
fuelin,0,1,1
fueling,7,3,10
fuelled,3,2,5
fuels,2,4,6
fuenlabrada,1,0,1
fuens,1,0,1
fuentas,0,1,1
fuente,0,1,1
fuentes,1,0,1
fuer,1,0,1
fuera,1,0,1
fueron,1,0,1
fuerte,1,1,2
fuerteventura,1,4,5
fuerza,1,0,1
fuey,0,2,2
fufe,0,1,1
fuffy,1,0,1
fufill,1,1,2
fufilled,2,2,4
fufilling,1,1,2
fufu,3,6,9
fufufu,1,0,1
fufufufu,0,1,1
fug,12,5,17
fuga,4,0,4
fugative,1,1,2
fugativeee,0,1,1
fugawi,1,0,1
fugazi,1,8,9
fugded,1,0,1
fuge,1,2,3
fugeddabout,0,1,1
fugees,1,3,4
fugg,3,0,3
fugged,4,0,4
fuggeddit,1,0,1
fugger,1,3,4
fuggety,1,0,1
fuggie,0,1,1
fuggin,9,6,15
fugitive,1,6,7
fugitives,0,2,2
fugitivies,0,1,1
fuglesang,1,0,1
fuglier,0,1,1
fuglies,1,1,2
fugly,33,8,41
fuglyy,1,0,1
fugmo,1,0,1
fugs,1,0,1
fugu,0,1,1
fugue,3,2,5
fuh,4,9,13
fuhface,1,0,1
fuhgeddaboudit,1,0,1
fuhgetaboutit,0,1,1
fuhgot,1,0,1
fuhh,4,4,8
fuhhh,4,2,6
fuhhhhhh,1,0,1
fuhjgvdfgldkfhgia,0,1,1
fuhk,1,0,1
fuhkc,1,0,1
fuhken,1,0,1
fuhn,0,4,4
fuhrer,0,1,1
fuhtee,1,0,1
fuhub,0,8,8
fui,13,15,28
fuickn,1,0,1
fuih,1,0,1
fuiii,2,0,2
fuiiste,1,0,1
fuikin,0,1,1
fuingers,0,1,1
fuiste,2,0,2
fuit,0,1,1
fuits,0,1,1
fuiyoh,1,0,1
fuiz,0,1,1
fuji,10,18,28
fujian,0,1,1
fujifilm,1,0,1
fujimi,0,1,1
fujimoto,1,0,1
fujioka,0,1,1
fujiroids,0,1,1
fujisaki,0,1,1
fujitsu,1,0,1
fujoshi,1,0,1
fuk,52,22,74
fuka,0,1,1
fukada,1,0,1
fukaya,1,0,1
fukc,1,1,2
fukced,1,0,1
fukcn,0,1,1
fukd,6,0,6
fukdge,1,0,1
fukduk,0,2,2
fuked,6,3,9
fuken,4,2,6
fukers,0,1,1
fuki,1,0,1
fukign,0,1,1
fukiiin,1,0,1
fukiin,0,2,2
fukin,45,15,60
fuking,12,1,13
fukit,2,0,2
fukk,12,7,19
fukkas,1,0,1
fukked,0,1,1
fukkin,14,2,16
fukkit,0,1,1
fukkkkkkkkkkkkkkkkkkkkkkkk,1,0,1
fukkn,2,0,2
fukn,14,2,16
fuknig,0,1,1
fukourlives,1,0,1
fuks,1,2,3
fukt,0,1,1
fuktig,0,1,1
fuku,1,1,2
fukudome,1,0,1
fukung,0,1,1
fukuoka,1,1,2
fukyaman,0,1,1
ful,19,23,42
fula,0,1,1
fulamak,0,1,1
fularious,0,1,1
fulbright,2,2,4
fulcher,1,0,1
fulcrum,0,1,1
fulda,2,0,2
fuled,1,1,2
fulfil,4,4,8
fulfill,11,14,25
fulfilled,9,24,33
fulfilling,6,27,33
fulfillment,4,25,29
fulfillments,0,1,1
fulfills,0,1,1
fulham,4,5,9
fulhaus,1,2,3
full,2666,2670,5336
fulla,2,2,4
fullbacks,0,1,1
fullblown,1,0,1
fullbright,0,1,1
fulldrillized,1,0,1
fulle,0,1,1
fulled,1,2,3
fuller,10,10,20
fullers,0,2,2
fullerton,9,12,21
fullertonian,0,1,1
fullest,12,40,52
fullfil,0,1,1
fullfill,0,3,3
fullfilled,1,2,3
fullfilling,1,1,2
fullfillment,0,1,1
fullfledgegadgetgeek,0,1,1
fullfullfull,0,1,1
fullhouse,0,2,2
fulll,1,7,8
fullll,2,6,8
fulllll,0,2,2
fullllll,1,0,1
fulllllll,1,0,1
fullllllll,0,1,1
fullllllllll,2,1,3
fulllllllllll,0,1,1
fullly,1,0,1
fullmetal,3,5,8
fullmoon,1,4,5
fullmooncrazy,1,9,10
fullness,0,1,1
fullodumb,1,0,1
fullout,0,1,1
fullow,2,0,2
fullproof,1,0,1
fullsail,0,1,1
fullscreen,2,4,6
fullservice,14,11,25
fullserviceeurope,0,1,1
fullsize,0,1,1
fullsized,1,0,1
fullspeed,0,1,1
fullstop,1,2,3
fullstops,1,0,1
fulltensis,0,1,1
fulltilt,0,2,2
fulltiltpoker,1,0,1
fulltime,10,8,18
fully,308,267,575
fullybooked,2,0,2
fullyclothedmike,0,1,1
fullyfaltoo,0,1,1
fullyyy,0,1,1
fulness,0,1,1
fulp,0,1,1
fulsome,0,1,1
fulton,5,8,13
fulya,0,1,1
fum,3,2,5
fuma,1,0,1
fumanchuster,0,1,1
fumar,0,2,2
fumarate,1,0,1
fumb,1,0,1
fumble,3,0,3
fumbled,1,2,3
fumbler,0,1,1
fumbles,1,0,1
fumbling,3,5,8
fumbly,0,2,2
fumc,1,0,1
fume,3,1,4
fumeaza,0,1,1
fumes,29,19,48
fumi,0,1,1
fumigate,1,0,1
fumigated,1,0,1
fumigation,2,0,2
fumikomi,1,0,1
fuming,14,3,17
fummy,1,0,1
fumoffu,0,1,1
fump,0,2,2
fumpt,0,1,1
fun,10173,18520,28693
funan,0,1,1
funass,0,1,1
funat,0,1,1
funatoz,1,0,1
funcakes,0,1,1
funch,0,1,1
funchal,1,1,2
funcheeze,0,1,1
funciona,11,1,12
funcionaaa,1,0,1
funcionaaaaaaaaaaa,1,0,1
funcionabas,1,0,1
funcionando,0,1,1
funcionar,1,1,2
funcione,1,0,1
funcionou,0,2,2
funciooona,0,1,1
funckytown,0,1,1
funct,0,1,1
functia,0,1,1
functie,1,1,2
function,217,102,319
functionable,1,0,1
functional,28,28,56
functionalish,1,0,1
functionalities,0,3,3
functionality,28,29,57
functionally,1,1,2
functioneaza,0,3,3
functioned,1,6,7
functioneel,0,1,1
functioneringsgesprek,0,1,1
functioning,52,42,94
functioninqq,1,0,1
functionnality,1,0,1
functionne,1,0,1
functionning,1,0,1
functions,50,30,80
functnl,0,1,1
functors,1,0,1
fund,67,50,117
funda,3,3,6
fundable,1,0,1
fundage,6,1,7
fundamental,7,7,14
fundamentalist,1,1,2
fundamentalists,0,2,2
fundamentally,0,1,1
fundamentals,3,8,11
funday,26,51,77
fundays,3,1,4
funde,1,0,1
funded,2,8,10
fundemental,1,0,1
funder,2,1,3
fundercats,0,1,1
funderful,2,0,2
funders,2,0,2
funderworld,0,1,1
fundi,1,0,1
fundies,1,2,3
funding,49,29,78
fundraise,1,2,3
fundraiseforus,0,1,1
fundraiser,15,49,64
fundraisern,0,1,1
fundraisers,0,3,3
fundraising,14,21,35
fundriser,0,1,1
fundrsiser,0,1,1
funds,106,32,138
fundy,0,4,4
fune,0,1,1
funemployed,3,1,4
funemployment,0,2,2
funentes,0,1,1
funer,0,1,1
funeral,494,56,550
funerall,1,0,1
funerals,51,6,57
funes,1,0,1
funeth,0,1,1
funfact,2,1,3
funfacts,0,1,1
funfair,7,7,14
funfairs,0,1,1
funfest,0,1,1
funfetti,4,5,9
funfilled,5,2,7
funfollow,0,2,2
funfun,3,7,10
funfunfun,5,15,20
funfunfunfun,0,1,1
funfunfunfunfunfunfun,0,2,2
funfunfunn,0,1,1
fung,10,2,12
fungal,2,1,3
fungen,1,0,1
fungi,2,3,5
fungovat,1,0,1
fungry,1,1,2
fungs,1,0,1
fungshway,1,0,1
funguji,0,1,1
fungus,11,1,12
funhouse,7,16,23
funi,1,2,3
funidiot,0,1,1
funilly,0,1,1
funimation,1,1,2
funines,0,1,1
funions,0,1,1
funish,1,0,1
funk,75,54,129
funka,1,0,1
funkadelic,0,1,1
funkafied,0,1,1
funkagenda,0,1,1
funkci,0,1,1
funke,0,2,2
funked,4,4,8
funkee,1,0,1
funkerman,0,1,1
funkers,0,1,1
funkey,0,1,1
funkhouser,1,0,1
funkier,0,1,1
funkiest,2,0,2
funkin,2,0,2
funking,1,1,2
funkness,0,1,1
funko,0,1,1
funks,2,1,3
funktified,0,1,1
funktion,0,2,2
funktioniert,0,1,1
funky,75,152,227
funkyboss,0,1,1
funkychicken,0,1,1
funkydance,0,3,3
funkydelic,0,1,1
funkyfresco,0,1,1
funkyjunk,0,1,1
funkysexy,1,0,1
funkytow,1,0,1
funkytown,1,1,2
funlicous,1,0,1
funlop,0,1,1
funluvin,0,1,1
funly,0,1,1
funmaps,1,0,1
funmi,0,1,1
funn,68,177,245
funna,0,1,1
funnage,0,1,1
funnas,0,1,1
funnay,0,2,2
funnayy,0,1,1
funnayyyy,0,1,1
funnee,1,2,3
funneee,1,0,1
funneeeh,0,1,1
funneh,2,10,12
funnehh,0,1,1
funnehhhhhh,0,1,1
funnel,39,24,63
funnelcake,0,2,2
funnelcakefriday,1,1,2
funnelcakes,0,1,1
funneling,1,0,1
funnelize,0,1,1
funner,14,22,36
funnerual,1,0,1
funnerzzz,0,1,1
funness,2,4,6
funnest,8,29,37
funney,0,1,1
funneyy,0,1,1
funni,3,7,10
funnie,1,1,2
funnier,26,67,93
funnies,7,7,14
funniest,51,238,289
funniestt,0,1,1
funniesttt,0,1,1
funniez,0,1,1
funnifunniest,0,1,1
funnight,0,1,1
funniiest,0,1,1
funnily,4,19,23
funniness,1,2,3
funnio,1,0,1
funniset,1,0,1
funnite,0,1,1
funnn,46,75,121
funnniest,0,1,1
funnnm,0,1,1
funnnn,13,51,64
funnnnay,0,1,1
funnnnn,9,15,24
funnnnnn,1,4,5
funnnnnnn,3,1,4
funnnnnnnn,0,3,3
funnnnnnnnn,0,3,3
funnnnnnnnnn,0,1,1
funnnnnnnnnnnn,1,1,2
funnnnnnnnnnnnnnnn,1,0,1
funnnnnny,1,0,1
funnnnny,0,5,5
funnnny,0,7,7
funnnnyyy,1,1,2
funnnnyyyyy,0,1,1
funnns,0,1,1
funnny,6,15,21
funnnyy,0,2,2
funnnyyyyyy,0,1,1
funnr,0,1,1
funns,0,1,1
funnt,0,1,1
funny,2153,5440,7593
funnybunny,0,1,1
funnycar,0,1,1
funnyer,0,1,1
funnyest,0,1,1
funnyfork,0,1,1
funnyfriday,0,1,1
funnygirl,0,1,1
funnyguyaustin,0,1,1
funnyguys,0,1,1
funnyhat,0,1,1
funnyist,1,0,1
funnyjunk,0,1,1
funnykorean,0,1,1
funnym,0,1,1
funnymesejs,0,1,1
funnyness,2,2,4
funnyordie,0,1,1
funnys,0,1,1
funnystyle,1,1,2
funnythats,1,0,1
funnything,0,1,1
funnyto,1,0,1
funnyx,0,1,1
funnyxd,0,1,1
funnyy,6,20,26
funnyyy,0,6,6
funnyyyy,2,1,3
funnyyyyeeeeee,0,1,1
funnyyyyy,1,2,3
funnyyyyyy,0,1,1
funnyyyyyyyy,0,1,1
funnyyyyyyyyyyyyyy,1,0,1
funnz,1,0,1
funon,0,1,1
funoon,1,0,1
funpark,1,0,1
funplex,0,1,1
funroe,1,0,1
funrun,1,0,1
funs,7,8,15
funshack,0,1,1
funsies,2,5,7
funsize,1,0,1
funsized,1,0,1
funslide,1,0,1
funssss,0,1,1
funstation,0,1,1
funster,0,1,1
funstuff,0,2,2
funsuckers,1,0,1
funtabulous,1,0,1
funtastic,2,7,9
funth,1,0,1
funtime,6,5,11
funtimecity,0,1,1
funtimes,4,14,18
funtimess,0,1,1
funtown,1,0,1
funtweets,1,0,1
funty,0,1,1
funtyms,1,0,1
fununy,1,0,1
funural,2,0,2
funweekend,0,1,1
funworld,0,1,1
funx,2,1,3
funy,2,13,15
funyons,1,1,2
funyuns,6,2,8
funyy,0,2,2
funyyyyyyyy,1,0,1
funz,4,2,6
funzen,0,1,1
funzies,0,3,3
funziezzzz,0,1,1
funzion,1,0,1
funzt,1,1,2
fuond,1,0,1
fupei,1,0,1
fupid,0,1,1
fuppin,1,0,1
fups,0,1,1
fuq,9,1,10
fuqin,0,1,1
fuqitive,0,1,1
fuqk,2,1,3
fuqkiin,0,1,1
fuqn,1,0,1
fuqq,1,0,1
fuqtwitter,9,10,19
fuqua,1,0,1
fuquay,0,1,1
fur,106,77,183
furadan,0,1,1
furaffinity,0,1,1
furahi,0,1,1
furahiday,0,4,4
furand,1,0,1
furb,1,0,1
furbabehs,1,0,1
furbabies,4,3,7
furbaby,2,2,4
furball,5,4,9
furballs,0,5,5
furbies,1,0,1
furby,5,3,8
furbys,1,0,1
furcadia,1,0,1
furcal,1,1,2
furcation,1,1,2
furdrama,0,1,1
fure,0,1,1
fureakin,0,1,1
fured,1,0,1
furenzu,0,1,1
furever,2,0,2
furfriend,1,0,1
furfur,1,0,1
furgetting,2,0,2
furh,1,0,1
furi,2,1,3
furies,1,1,2
furikomi,0,1,1
furio,1,0,1
furious,60,73,133
furiously,4,4,8
furiouspuppet,1,0,1
furkid,1,0,1
furkids,0,2,2
furlo,0,1,1
furlong,0,1,1
furlough,12,3,15
furloughed,5,1,6
furloughs,2,0,2
furmeet,2,1,3
furminated,0,1,1
furminator,1,8,9
furn,0,1,1
furnace,21,12,33
furnaces,1,0,1
furnature,0,4,4
furnell,1,0,1
furnerals,1,0,1
furness,1,0,1
furni,0,1,1
furniature,0,1,1
furnice,0,1,1
furnish,2,1,3
furnished,1,4,5
furnishing,0,2,2
furnishings,1,5,6
furniture,161,158,319
furnitureless,1,0,1
furnitures,0,4,4
furnunculus,0,1,1
furoiusly,0,1,1
furor,0,1,1
furore,1,0,1
furr,1,2,3
furreal,0,1,1
furreals,1,0,1
furrealz,0,1,1
furred,1,0,1
furrends,1,0,1
furriend,1,0,1
furriends,0,2,2
furries,0,3,3
furriest,1,0,1
furriesxtreme,0,1,1
furril,1,0,1
furrpool,0,1,1
furrrr,0,2,2
furrs,0,1,1
furrsure,1,0,1
furry,27,48,75
furrygirl,1,0,1
furrylishious,0,1,1
furrymuck,0,1,1
furrys,1,0,1
furs,1,6,7
fursona,2,0,2
fursplosion,0,1,1
furst,1,1,2
furstenberg,0,1,1
furstrating,1,0,1
fursty,0,1,1
fursuit,3,1,4
fursuits,0,1,1
fursure,1,0,1
furt,1,1,2
furtado,3,5,8
furtardo,0,1,1
further,206,159,365
furtherest,0,1,1
furthermore,4,2,6
furthers,1,0,1
furthest,5,4,9
furthur,0,2,2
furtick,0,1,1
furtsspawn,1,0,1
furtuna,0,1,1
furture,1,3,4
furukawa,0,1,1
fury,22,18,40
furychick,0,1,1
furyk,0,2,2
furys,1,0,1
furze,0,1,1
furzen,0,1,1
fus,0,1,1
fusball,1,0,1
fuschia,1,3,4
fuschias,0,1,1
fuschnickens,0,1,1
fusco,0,1,1
fuse,40,51,91
fuseball,1,2,3
fusebox,0,18,18
fuseboxradio,0,4,4
fused,6,5,11
fusedgaming,1,0,1
fusedmb,1,0,1
fuseme,0,1,1
fusemein,0,1,1
fuser,2,0,2
fuses,3,4,7
fusetv,0,1,1
fusgerieger,0,1,1
fush,1,2,3
fushia,1,1,2
fushigi,1,1,2
fushimi,0,1,1
fusicology,0,1,1
fusili,1,0,1
fusilli,1,0,1
fusing,1,2,3
fusion,31,37,68
fusionbeads,0,1,1
fusionfroide,0,1,1
fusions,1,2,3
fuskies,0,1,1
fuson,0,1,1
fuss,40,67,107
fussball,0,1,1
fussballmachines,0,1,1
fussed,6,12,18
fussel,0,2,2
fussell,0,1,1
fusser,0,1,1
fussiest,1,0,1
fussin,2,0,2
fussiness,1,0,1
fussing,3,2,5
fusstration,1,0,1
fussy,35,18,53
fussypants,0,1,1
fusterated,2,0,2
fustraighted,1,0,1
fustrated,11,2,13
fustrating,6,0,6
fustration,0,1,1
fusty,1,0,1
fut,2,5,7
futanari,0,1,1
futball,1,2,3
futbol,2,4,6
futebol,1,1,2
futebolzinho,0,1,1
futher,3,2,5
futile,18,14,32
futility,3,2,5
futon,15,10,25
futons,1,0,1
futr,1,2,3
futretweet,0,1,1
futs,0,1,1
futsal,8,7,15
futterblies,0,1,1
futty,1,0,1
futur,5,1,6
futura,1,1,2
futuralogija,0,1,1
futurama,18,17,35
future,536,1069,1605
futurebarbz,0,1,1
futureglasgow,1,0,1
futureheads,0,1,1
futureholds,1,0,1
futurehusband,0,1,1
futureme,0,1,1
futurenseine,0,1,1
futureproof,1,1,2
futureruby,1,0,1
futures,10,15,25
futuresex,0,2,2
futuresexlvsound,0,1,1
futureshop,3,0,3
futureshops,1,0,1
futuresonic,3,0,3
futuresummit,2,6,8
futuretweets,1,0,1
futurisitic,0,1,1
futurism,1,0,1
futurismic,0,1,1
futurist,1,0,1
futuristic,6,5,11
futuristics,0,1,1
futuro,2,4,6
futurrre,0,1,1
futurshow,0,1,1
futursim,0,1,1
fututama,0,1,1
futy,1,0,1
futz,1,2,3
futzing,0,2,2
fuu,1,1,2
fuuccck,0,1,1
fuucckk,1,0,1
fuucckkk,1,0,1
fuuck,13,1,14
fuuckingg,1,0,1
fuuckkiinngg,1,0,1
fuuckkk,2,0,2
fuuckkkkk,1,0,1
fuuckkmylyyfe,1,0,1
fuudge,1,0,1
fuugly,1,0,1
fuuh,0,2,2
fuuhh,1,0,1
fuuhhh,1,0,1
fuuhhhh,0,1,1
fuuhhhhhhhhhhhh,1,0,1
fuui,1,1,2
fuulllll,1,0,1
fuun,11,16,27
fuundaziion,0,1,1
fuunn,0,2,2
fuunnn,0,4,4
fuunny,0,2,2
fuunnyy,0,1,1
fuuny,1,4,5
fuurr,1,0,1
fuuthecat,0,1,1
fuuu,2,0,2
fuuucccckkkkk,1,0,1
fuuuccckk,1,0,1
fuuuccckkkk,1,0,1
fuuucck,1,0,1
fuuucckkkedddup,1,0,1
fuuuck,34,3,37
fuuucken,0,1,1
fuuuckkkk,1,0,1
fuuud,0,1,1
fuuudge,1,0,1
fuuuh,3,0,3
fuuuhuuun,0,1,1
fuuuk,1,0,1
fuuukin,1,0,1
fuuulll,0,1,1
fuuun,12,16,28
fuuunn,3,1,4
fuuunnn,0,1,1
fuuunnnn,1,1,2
fuuunnnnn,0,1,1
fuuuucckedd,0,1,1
fuuuuccker,1,0,1
fuuuucckk,1,0,1
fuuuucckkk,1,0,1
fuuuucckkkk,1,0,1
fuuuuck,23,4,27
fuuuucked,2,0,2
fuuuuckin,1,0,1
fuuuucking,2,0,2
fuuuuckk,0,1,1
fuuuuhhhhhh,1,0,1
fuuuuk,2,0,2
fuuuull,0,1,1
fuuuun,6,14,20
fuuuunn,2,2,4
fuuuunnn,1,1,2
fuuuunnnn,0,1,1
fuuuuu,2,0,2
fuuuuuccccckkk,1,0,1
fuuuuucccck,1,0,1
fuuuuuccckkk,1,0,1
fuuuuuck,21,1,22
fuuuuuckk,1,0,1
fuuuuuckkkkkkk,1,0,1
fuuuuuhhhh,1,0,1
fuuuuuk,0,1,1
fuuuuun,5,10,15
fuuuuunny,0,1,1
fuuuuuu,1,0,1
fuuuuuucck,1,0,1
fuuuuuuck,8,2,10
fuuuuuun,1,7,8
fuuuuuuu,1,0,1
fuuuuuuuck,6,0,6
fuuuuuuuk,1,0,1
fuuuuuuump,0,1,1
fuuuuuuun,0,3,3
fuuuuuuuu,2,0,2
fuuuuuuuuck,7,0,7
fuuuuuuuudgeee,1,0,1
fuuuuuuuun,1,4,5
fuuuuuuuuu,1,0,1
fuuuuuuuuuck,3,0,3
fuuuuuuuuucking,1,0,1
fuuuuuuuuuu,1,0,1
fuuuuuuuuuuck,0,1,1
fuuuuuuuuuuh,1,0,1
fuuuuuuuuuuuck,5,0,5
fuuuuuuuuuuull,0,1,1
fuuuuuuuuuuun,0,1,1
fuuuuuuuuuuuun,0,1,1
fuuuuuuuuuuuuuuck,1,0,1
fuuuuuuuuuuuuuun,1,0,1
fuuuuuuuuuuuuuuuck,1,0,1
fuuuuuuuuuuuuuuun,2,0,2
fuuuuuuuuuuuuuuuukkkk,1,0,1
fuuuuuuuuuuuuuuuuu,1,0,1
fuuuuuuuuuuuuuuuuuuck,2,0,2
fuuuuuuuuuuuuuuuuuudge,1,0,1
fuuuuuuuuuuuuuuuuuuu,2,0,2
fuuuuuuuuuuuuuuuuuuuuck,1,0,1
fuuuuuuuuuuuuuuuuuuuuuuuuck,1,2,3
fuuuuuuuuuuuuuuuuuuuuuuuuuck,1,0,1
fuuuuuuuuuuuuuuuuuuuuuuuuuuuuuuuck,2,0,2
fuuuuuuuuuuuuuuuuuuuuuuuuuuuuuuuuuuuuuuuuuuuck,1,0,1
fux,6,7,13
fuxck,0,2,2
fuxed,2,0,2
fuxin,0,1,1
fuxing,3,0,3
fuxk,4,1,5
fuxking,3,0,3
fuxkinnnngggg,0,1,1
fuxkz,1,0,1
fuxorated,1,0,1
fuxored,1,0,1
fuxticks,1,0,1
fuxxin,1,1,2
fuxxn,1,0,1
fuxxx,0,1,1
fuz,3,0,3
fuze,9,18,27
fuzebox,0,1,1
fuzion,2,4,6
fuzo,0,1,1
fuzon,0,1,1
fuzz,18,25,43
fuzzable,0,1,1
fuzzay,0,1,1
fuzzb,0,1,1
fuzzball,2,99,101
fuzzbutt,1,1,2
fuzzer,0,1,1
fuzzibunz,0,1,1
fuzzie,0,1,1
fuzzies,1,12,13
fuzziness,0,2,2
fuzzing,2,0,2
fuzzwee,0,1,1
fuzzy,80,107,187
fuzzymonkey,0,1,1
fuzzypuppy,0,1,1
fuzzyyy,1,0,1
fv,4,6,10
fvaorites,0,1,1
fvas,0,1,1
fvc,0,1,1
fvck,3,0,3
fvcp,0,1,1
fvery,1,0,1
fvked,1,0,1
fvkin,2,0,2
fvkkn,1,0,1
fvp,0,2,2
fvtc,0,1,1
fw,30,25,55
fwa,1,0,1
fwaan,0,1,1
fwaccc,0,1,1
fwafa,1,0,1
fwah,2,2,4
fwan,0,1,1
fwarrr,0,1,1
fwb,1,3,4
fwc,0,1,1
fwd,72,139,211
fwded,0,1,1
fwding,2,2,4
fwds,0,2,2
fweak,0,1,1
fwee,1,4,5
fweee,0,1,1
fweeend,0,1,1
fweends,1,0,1
fweetup,0,1,1
fwelin,0,1,1
fwen,2,0,2
fwend,3,4,7
fwends,10,10,20
fwendz,1,1,2
fwens,1,1,2
fwi,0,1,1
fwidays,1,0,1
fwiend,1,2,3
fwiends,5,0,5
fwiendss,0,1,1
fwit,1,0,1
fwiw,9,14,23
fwk,1,0,1
fwm,1,0,1
fwmj,0,1,1
fwnds,0,1,1
fwom,1,0,1
fwoooosh,0,1,1
fwpi,0,1,1
fwrd,0,2,2
fws,1,0,1
fwun,0,1,1
fww,2,0,2
fwy,13,2,15
fwz,1,0,1
fx,37,50,87
fxbuilder,1,0,1
fxck,6,3,9
fxckd,0,1,1
fxcked,2,0,2
fxcken,2,1,3
fxckin,8,3,11
fxcking,5,2,7
fxckkkkk,1,0,1
fxcop,0,1,1
fxd,1,0,1
fxhd,1,0,1
fxn,1,0,1
fxnxri,0,1,1
fxp,1,0,1
fxri,0,1,1
fxs,0,1,1
fxxing,1,0,1
fxxk,0,1,1
fxxkin,0,1,1
fxxking,1,0,1
fxxx,0,1,1
fxxxmylife,1,0,1
fy,9,2,11
fyaaahhh,0,1,1
fyc,0,3,3
fyck,1,1,2
fye,7,5,12
fyfe,1,0,1
fyi,155,289,444
fying,0,1,1
fyipa,1,0,1
fyl,15,4,19
fylde,0,1,1
fyller,0,1,1
fym,1,1,2
fyn,2,1,3
fyne,1,2,3
fyngalno,1,0,1
fynn,0,1,1
fynns,1,0,1
fyou,1,1,2
fyp,6,1,7
fyra,0,1,1
fyre,0,1,1
fyrinnae,1,0,1
fyrir,0,1,1
fys,1,6,7
fysically,1,0,1
fysio,2,2,4
fysiotherapy,0,1,1
fyt,1,0,1
fyunkie,0,1,1
fyurwurks,1,0,1
fz,1,4,5
ga,313,163,476
gaa,6,1,7
gaaa,5,1,6
gaaaa,1,1,2
gaaaaa,1,0,1
gaaaaaa,1,0,1
gaaaaaaaa,1,0,1
gaaaaaaaaaaa,1,0,1
gaaaaaaaaaaaaaaaa,1,0,1
gaaaaaaaaaaaaaaaaay,1,0,1
gaaaaaaaaaaaaaaaay,1,0,1
gaaaaaaaaaaaaaaah,0,1,1
gaaaaaaaaaaaaaahhh,1,0,1
gaaaaaaaaaaaad,1,0,1
gaaaaaaaaaaaayy,1,0,1
gaaaaaaaaaaadddd,1,0,1
gaaaaaaaaaaahhh,1,0,1
gaaaaaaaaaaay,1,0,1
gaaaaaaaaaah,2,1,3
gaaaaaaaaahhh,1,0,1
gaaaaaaaaanz,0,1,1
gaaaaaaaah,1,0,1
gaaaaaaah,3,0,3
gaaaaaaahhh,1,0,1
gaaaaaaasp,1,0,1
gaaaaaaay,1,0,1
gaaaaaah,4,0,4
gaaaaaahd,1,0,1
gaaaaaame,1,0,1
gaaaaaames,1,0,1
gaaaaaawd,0,1,1
gaaaaaawjus,0,1,1
gaaaaaay,3,0,3
gaaaaad,1,0,1
gaaaaaf,0,1,1
gaaaaah,3,2,5
gaaaaahhhh,1,0,1
gaaaaame,1,0,1
gaaaaasp,0,1,1
gaaaaay,5,2,7
gaaaaayyyy,1,0,1
gaaaabe,0,1,1
gaaaad,1,0,1
gaaaah,27,3,30
gaaaahh,2,1,3
gaaaahhh,1,0,1
gaaaahhhhh,1,0,1
gaaaame,1,2,3
gaaaammmee,1,0,1
gaaaawd,2,1,3
gaaaay,5,1,6
gaaaays,1,0,1
gaaad,3,0,3
gaaagghh,1,0,1
gaaah,52,14,66
gaaahddddd,1,0,1
gaaahh,6,0,6
gaaahhd,0,1,1
gaaahhh,4,1,5
gaaahhhh,1,0,1
gaaahhhhhh,2,0,2
gaaak,1,0,1
gaaal,1,0,1
gaaame,1,0,1
gaaar,1,0,1
gaaargh,1,0,1
gaaarrrr,1,0,1
gaaash,0,1,1
gaaawd,1,2,3
gaaawwd,1,0,1
gaaay,4,2,6
gaadad,0,1,1
gaadi,1,2,3
gaagagagaaahhhhhh,1,0,1
gaagh,1,0,1
gaah,33,5,38
gaahaha,0,1,1
gaahd,2,1,3
gaahh,4,1,5
gaahhh,4,1,5
gaahhhh,1,1,2
gaahhhhh,1,0,1
gaahrharhas,1,0,1
gaain,2,0,2
gaam,0,1,1
gaan,2,1,3
gaana,0,1,1
gaanf,0,1,1
gaant,0,1,1
gaao,1,0,1
gaargghhh,1,0,1
gaarr,1,0,1
gaarsh,0,1,1
gaat,0,7,7
gaave,1,0,1
gaawsh,0,1,1
gaawwdd,1,0,1
gaay,6,1,7
gaayy,0,1,1
gaayyy,0,2,2
gab,9,24,33
gaba,0,2,2
gabadar,1,0,1
gabai,0,1,1
gabaldon,2,2,4
gabana,0,1,1
gabanna,1,0,1
gabannas,1,0,1
gabapentin,0,1,1
gabardine,1,0,1
gabba,16,15,31
gabbagay,0,1,1
gabbana,1,2,3
gabbar,1,2,3
gabbatoir,0,1,1
gabbb,0,1,1
gabbby,0,1,1
gabbe,1,0,1
gabbehhramos,1,0,1
gabber,0,1,1
gabbers,1,2,3
gabberss,0,1,1
gabbi,3,4,7
gabbiano,0,1,1
gabbie,3,0,3
gabbiii,0,1,1
gabbing,2,4,6
gabbis,1,0,1
gabbler,0,1,1
gabbly,0,1,1
gabbolina,0,1,1
gabbots,0,1,1
gabby,25,36,61
gabbyb,1,0,1
gabbylicious,0,1,1
gabbys,2,2,4
gabbyyyy,0,1,1
gabe,62,78,140
gabebondoc,0,2,2
gabeeee,1,0,1
gabegabegabe,1,0,1
gabeldon,0,1,1
gabellinis,0,1,1
gaber,1,0,1
gabes,0,1,1
gabey,1,0,1
gabf,0,1,1
gabfest,0,1,1
gabi,7,15,22
gabiii,0,1,1
gabiiii,0,1,1
gabil,0,1,1
gabisa,5,0,5
gabisabisa,1,0,1
gabit,1,0,1
gabite,0,1,1
gable,3,3,6
gables,2,7,9
gabnet,1,0,1
gaboleh,1,0,1
gabolito,1,0,1
gabon,0,1,1
gabor,0,1,1
gabregoncalves,0,1,1
gabriel,17,35,52
gabriela,1,2,3
gabrieldunn,0,1,1
gabriele,0,1,1
gabriella,3,8,11
gabrielle,4,6,10
gabriellecolisiti,0,1,1
gabs,2,5,7
gabut,0,1,1
gaby,22,24,46
gabz,1,1,2
gac,3,5,8
gacey,0,1,1
gacia,0,1,1
gacias,1,0,1
gaciation,0,1,1
gack,2,0,2
gackie,0,1,1
gackt,1,4,5
gad,4,9,13
gada,1,0,1
gadamit,1,0,1
gaday,0,1,1
gadd,1,2,3
gaddamit,1,0,1
gaddamnit,1,0,1
gaddang,0,1,1
gaddd,1,0,1
gadding,1,0,1
gaddys,0,1,1
gade,1,1,2
gadelha,0,1,1
gades,0,1,1
gadet,0,1,1
gadets,0,1,1
gadfly,0,1,1
gadge,1,3,4
gadget,49,92,141
gadgetguy,0,1,1
gadgetless,1,0,1
gadgetopia,1,0,1
gadgetry,0,1,1
gadgets,23,53,76
gadgetshowlive,1,6,7
gadgetshows,1,0,1
gadgety,0,1,1
gadgetzan,0,1,1
gadgy,3,0,3
gadha,0,1,1
gadi,0,1,1
gadia,0,1,1
gadian,0,1,1
gading,1,3,4
gadis,0,2,2
gadjo,0,1,1
gado,1,2,3
gadong,0,1,1
gads,5,1,6
gadsden,1,2,3
gadsssss,1,0,1
gadtorade,1,0,1
gaduation,1,0,1
gadz,1,1,2
gadzooks,1,0,1
gae,1,4,5
gaea,1,0,1
gaedtke,0,1,1
gaeilge,1,4,5
gael,6,9,15
gaelen,0,2,2
gaelg,1,0,1
gaelic,3,6,9
gaelle,0,1,1
gaeltacht,2,4,6
gaelteacht,0,1,1
gaeta,1,0,1
gaeul,1,1,2
gaezebo,0,1,1
gaf,3,2,5
gafas,0,1,1
gaff,6,3,9
gaffa,0,1,1
gaffe,0,1,1
gaffer,1,1,2
gaffers,2,0,2
gafferty,0,1,1
gaffffff,1,0,1
gaffie,0,1,1
gaffigan,3,7,10
gaffney,5,2,7
gafford,1,0,1
gag,55,35,90
gaga,210,428,638
gagadaily,1,0,1
gagaga,0,1,1
gagagogo,1,0,1
gagah,1,0,1
gagaified,0,1,1
gagal,3,0,3
gagameisterr,1,0,1
gagamitin,0,1,1
gagaring,0,1,1
gagas,3,2,5
gagawin,2,5,7
gagdet,0,1,1
gage,12,15,27
gages,1,0,1
gaget,0,1,1
gagg,1,0,1
gagged,7,2,9
gaggenau,0,2,2
gaggin,2,2,4
gagging,22,5,27
gaggle,1,4,5
gaggles,0,1,1
gagh,2,0,2
gagi,0,1,1
gagillion,0,2,2
gaging,1,0,1
gagirl,0,1,1
gagn,1,0,1
gagne,0,1,1
gagnes,1,0,1
gagnon,0,1,1
gagov,1,1,2
gags,3,4,7
gagster,1,0,1
gah,862,173,1035
gaha,0,1,1
gahaha,2,2,4
gahan,7,5,12
gahanna,0,1,1
gahbeez,0,1,1
gahd,8,5,13
gahdamn,1,0,1
gahenburgahs,0,1,1
gahh,170,48,218
gahhahah,0,1,1
gahhbahh,0,1,1
gahhd,0,1,1
gahhddd,0,1,1
gahhh,128,24,152
gahhhgeous,0,1,1
gahhhh,48,3,51
gahhhhh,17,4,21
gahhhhhh,3,0,3
gahhhhhhd,1,0,1
gahhhhhhh,3,2,5
gahhhhhhhh,2,0,2
gahhhhhhhhh,3,0,3
gahhhhhhhhhhhh,1,0,1
gahhhhhhhhhhhhh,1,0,1
gahhhhhhhhhhhhhhhhhhhhhhhhhhhhhhhhhhhhhhhh,0,1,1
gahhhhhjgfdfgbj,0,1,1
gahif,0,1,1
gahm,0,1,1
gahmen,1,0,1
gahmornin,0,1,1
gahol,1,0,1
gahre,0,2,2
gahrgoeygsf,1,0,1
gahtta,1,0,1
gahw,0,1,1
gai,5,8,13
gaia,6,13,19
gaialunadesigns,0,1,1
gaiam,1,2,3
gaian,1,0,1
gaiaonline,1,3,4
gaida,0,1,1
gaiden,0,3,3
gaids,3,0,3
gaige,1,0,1
gaiime,0,1,1
gaijin,1,1,2
gail,18,22,40
gailies,0,1,1
gaillard,0,1,1
gails,0,2,2
gailsfluffreport,0,2,2
gaim,0,1,1
gaiman,13,21,34
gaimanocity,0,1,1
gain,146,132,278
gained,172,73,245
gainer,0,1,1
gaines,1,0,1
gainesville,17,10,27
gainey,0,1,1
gainful,0,1,1
gainfully,1,2,3
gaing,0,1,1
gainin,0,1,1
gaining,56,34,90
gainly,0,1,1
gainnnngstavillle,0,1,1
gains,15,8,23
gainsborough,0,3,3
gainsbourg,1,0,1
gainseville,1,0,1
gainsvill,1,0,1
gainsville,1,0,1
gaint,1,1,2
gaintnerd,0,1,1
gaints,1,0,1
gaiq,1,1,2
gais,0,1,1
gait,0,3,3
gaither,1,1,2
gaitherin,0,1,1
gaithersburg,2,1,3
gaiz,0,1,1
gaj,0,1,1
gajelas,2,0,2
gaji,1,1,2
gajilianth,1,0,1
gajillion,0,2,2
gak,34,20,54
gaki,0,1,1
gakken,1,0,1
gakkou,0,1,1
gaktau,0,1,1
gakuen,0,1,1
gal,76,163,239
gala,29,45,74
galaaa,0,1,1
galactic,5,7,12
galactica,16,15,31
galacticas,0,1,1
galactis,0,1,1
galactrix,0,1,1
galactus,0,2,2
galaday,1,1,2
galadriel,0,1,1
galaga,1,1,2
galah,1,0,1
galahad,0,1,1
galaner,0,1,1
galapagos,3,1,4
galarraga,1,0,1
galat,0,1,1
galatarsaray,0,1,1
galatasaray,0,1,1
galatasray,1,0,1
galati,0,1,1
galatians,3,1,4
galatica,1,0,1
galations,1,0,1
galatrio,1,0,1
galatrix,1,0,1
galattica,1,0,1
galavanting,1,2,3
galaw,0,2,2
galaxie,0,1,1
galaxies,0,2,2
galaxy,57,77,134
galaxyfm,0,1,1
galaxygui,0,1,1
galaxyy,0,1,1
galb,0,2,2
galbladder,1,0,1
galbladia,1,0,1
galciv,1,0,1
gald,2,5,7
galdem,0,1,1
galdra,1,0,1
galds,1,0,1
gale,13,9,22
galen,1,3,4
galena,1,2,3
galene,1,1,2
galeng,0,1,1
galeotti,0,4,4
galera,4,2,6
galeri,1,1,2
galeria,1,2,3
galerie,1,1,2
galeries,0,2,2
gales,2,1,3
galesburg,1,0,1
galfriends,1,0,1
galh,1,0,1
gali,1,2,3
galiano,0,2,2
galicia,0,1,1
galician,1,4,5
galieo,0,1,1
galieth,2,0,2
galifanakis,1,0,1
galifianakis,2,2,4
galifinakis,3,0,3
galilean,0,2,2
galilee,0,1,1
galileo,3,3,6
galileoscope,1,1,2
galinda,1,0,1
galing,5,20,25
galingan,0,1,1
galinha,0,1,1
galini,0,1,1
galit,2,4,6
galitfob,0,1,1
galizle,1,0,1
gall,10,5,15
galla,0,1,1
gallactica,1,1,2
gallagher,7,11,18
gallaghers,1,1,2
gallaraga,1,0,1
gallardo,1,1,2
gallares,0,1,1
gallary,0,1,1
gallaudet,0,1,1
gallavanting,2,0,2
gallbladder,21,1,22
galle,2,1,3
galleery,0,1,1
galleon,0,1,1
gallera,1,0,1
galleria,17,29,46
galleriaa,0,1,1
gallerias,0,1,1
gallerie,1,0,1
galleries,12,14,26
gallery,81,122,203
galleryom,0,1,1
galleta,0,1,1
galletas,0,1,1
gallethoo,0,1,1
galletita,1,0,1
gallettes,0,1,1
galley,3,3,6
galli,0,3,3
galliani,1,0,1
galliano,0,2,2
gallicwars,0,1,1
gallifrey,6,1,7
gallifreyone,1,0,1
galligo,1,1,2
gallina,0,1,1
galling,1,0,1
gallipoli,0,1,1
gallipoly,0,1,1
gallito,3,0,3
gallitzin,0,1,1
gallivan,0,1,1
gallivanting,3,3,6
galll,1,0,1
gallner,0,1,1
gallo,4,3,7
gallon,36,18,54
gallons,14,11,25
gallop,1,2,3
galloped,2,0,2
galloping,1,2,3
gallopy,1,0,1
gallore,0,2,2
galloway,7,4,11
gallows,9,6,15
gallry,0,1,1
gallstone,1,1,2
gallstones,3,0,3
gallu,1,0,1
gallup,1,1,2
galo,1,1,2
galois,0,2,2
galoot,0,1,1
galooti,0,1,1
galore,32,45,77
galpal,1,1,2
gals,44,120,164
galsgoso,1,0,1
galss,0,2,2
galt,3,3,6
galtime,0,1,1
galunggong,0,1,1
galunggongexpress,0,1,1
galvanic,1,1,2
galvanized,1,0,1
galvatron,1,0,1
galvatrons,1,1,2
galveston,10,15,25
galvez,1,1,2
galvin,0,3,3
galvinstwitpic,0,1,1
galwaaaaay,0,1,1
galway,20,14,34
galy,1,0,1
galz,0,2,2
galzin,0,1,1
gam,2,4,6
gama,3,2,5
gaman,1,0,1
gamatasu,1,0,1
gamau,5,0,5
gamay,0,2,2
gamba,1,0,1
gambar,0,1,1
gambaru,1,0,1
gambate,0,2,2
gambatte,1,4,5
gambeling,1,0,1
gambhir,2,0,2
gambia,1,0,1
gambill,0,1,1
gambino,0,1,1
gambir,1,0,1
gambit,15,21,36
gambitgambit,0,1,1
gambitttttt,0,1,1
gamble,30,13,43
gambled,3,1,4
gambleing,1,0,1
gambler,2,3,5
gamblers,2,2,4
gambles,0,1,1
gamblin,1,2,3
gambling,34,21,55
gamboa,2,0,2
gamd,0,1,1
game,4851,4834,9685
gamearena,1,0,1
gamebattles,2,0,2
gameboy,30,20,50
gamebuy,0,1,1
gamecast,1,0,1
gamecube,6,8,14
gamecubes,0,1,1
gamed,2,2,4
gameday,3,2,5
gamedesign,1,0,1
gamedev,1,1,2
gamedevjobs,0,1,1
gamee,4,11,15
gameee,2,5,7
gameeee,1,6,7
gameeeee,1,0,1
gameeeeeee,1,0,1
gameeeeeeee,0,1,1
gameeeeeeeee,0,1,1
gameeeees,0,1,1
gameel,0,1,1
gameface,0,1,1
gamefair,1,0,1
gamefaq,1,0,1
gamefaqs,0,1,1
gamefly,3,1,4
gamefuel,0,1,1
gameguard,1,0,1
gamehounds,0,2,2
gamehouse,0,2,2
gamelike,0,1,1
gamelink,1,0,1
gameloft,1,0,1
gamemode,0,1,1
gamenight,0,2,2
gameon,0,1,1
gameover,1,0,1
gamepad,1,0,1
gameplan,0,3,3
gameplay,26,25,51
gameplayem,0,1,1
gameporn,2,1,3
gameports,1,0,1
gamepro,1,1,2
gameproducer,1,0,1
gameprogirl,1,0,1
gamer,32,64,96
gamerankings,0,1,1
gamercard,2,0,2
gamerchix,1,0,1
gamercize,0,1,1
gamerdna,1,2,3
gamereplays,1,0,1
gameriot,0,1,1
gamerkicker,0,1,1
gameron,1,0,1
gamerpic,1,0,1
gamerpoints,1,0,1
gamers,11,19,30
gamerscore,1,8,9
gamerscores,1,0,1
gamersdaily,0,1,1
gamersyde,0,2,2
gamertag,16,16,32
gamertags,1,0,1
gamerz,0,2,2
games,1172,1116,2288
gamesave,1,0,1
gamescom,1,0,1
gamescoop,0,2,2
gameserver,1,0,1
gameshare,0,1,1
gameshow,5,3,8
gameshows,2,0,2
gamespite,1,0,1
gamespot,10,9,19
gamespots,0,1,1
gamesroom,1,0,1
gamess,1,0,1
gamessssssss,0,1,1
gamestate,0,1,1
gamestation,3,3,6
gamestop,16,11,27
gamestopping,1,0,1
gamestops,1,2,3
gamesurge,0,1,1
gameszombie,0,1,1
gamet,1,0,1
gametap,1,0,1
gametes,0,1,1
gametime,1,3,4
gametrailers,9,5,14
gametweetup,1,0,1
gamevil,1,0,1
gameway,0,1,1
gameworks,1,1,2
gamez,1,2,3
gamgee,0,1,1
gamier,1,0,1
gamil,1,0,1
gamin,3,2,5
gaming,113,161,274
gaminggeek,0,1,1
gaminggg,0,1,1
gamingtrend,0,1,1
gamit,1,1,2
gamitin,1,0,1
gamitn,1,0,1
gamla,1,3,4
gamma,5,8,13
gammage,1,0,1
gammas,0,1,1
gamme,0,1,1
gammee,0,2,2
gammeee,1,1,2
gammeln,0,1,1
gammer,0,1,1
gammie,1,0,1
gammme,0,1,1
gammmmme,0,1,1
gammon,5,3,8
gammons,1,0,1
gammy,6,1,7
gamnida,1,1,2
gamo,1,1,2
gamom,1,0,1
gamos,1,0,1
gamosa,1,0,1
gamot,1,1,2
gamous,0,1,1
gampang,3,3,6
gamping,0,1,1
gampoeng,0,1,1
gams,5,2,7
gamta,2,0,2
gamu,2,0,2
gan,7,2,9
gana,9,10,19
ganache,1,4,5
ganadora,0,1,1
ganahan,0,1,1
ganamos,0,1,1
ganaron,1,0,1
ganas,0,2,2
ganaste,0,1,1
ganbare,0,1,1
ganbari,1,0,1
ganbate,0,1,1
ganbatte,0,3,3
gand,1,1,2
ganda,8,24,32
gandaa,0,1,1
gandaaa,1,0,1
gandalf,2,7,9
gandang,0,3,3
gander,2,10,12
gandessa,1,0,1
gandhi,7,15,22
gandhicon,0,1,1
gandhis,0,1,1
gandi,2,0,2
gandipet,0,1,1
gandit,0,1,1
gandpa,0,1,1
gandu,1,1,2
gandules,1,1,2
gandy,0,1,1
gane,2,2,4
ganesh,0,2,2
ganesha,1,0,1
ganeto,1,0,1
gang,107,196,303
ganga,1,0,1
gangasweets,1,0,1
gangbang,1,9,10
gangbanged,1,0,1
gangbanger,2,0,2
gangbangin,1,0,1
gangbanging,1,0,1
ganged,7,1,8
gangers,0,1,1
gangg,1,0,1
ganggu,1,0,1
gangin,1,0,1
ganging,14,0,14
gangland,2,2,4
gangleader,1,0,1
ganglion,3,0,3
gangly,0,2,2
gango,1,0,1
gangpeh,0,1,1
gangplank,1,1,2
gangplankjr,0,1,1
gangs,6,3,9
gangsta,15,39,54
gangstaa,0,1,1
gangstaaaaaa,1,0,1
gangstaboo,0,1,1
gangstah,1,0,1
gangstalicious,1,0,1
gangstarr,1,1,2
gangstas,2,4,6
gangstaz,0,1,1
gangster,10,32,42
gangsterest,1,0,1
gangsterlishh,0,1,1
gangstermichelleluvstyle,0,1,1
gangsterrr,1,0,1
gangsterrrr,0,1,1
gangsters,3,9,12
gangstersss,1,0,1
gangstuurr,0,1,1
ganguly,2,1,3
ganguro,0,1,1
gangz,0,1,1
gangzz,0,2,2
gangzzzzzzzz,0,1,1
ganhamos,0,1,1
ganhar,0,1,1
ganhei,0,1,1
ganhou,0,2,2
gani,1,2,3
ganina,0,1,1
ganito,0,1,1
ganj,0,1,1
ganja,1,3,4
ganjabus,1,0,1
ganjen,1,0,1
gank,1,1,2
ganked,3,0,3
ganking,2,1,3
gankutusuo,0,1,1
ganley,0,1,1
ganna,27,22,49
gannah,0,1,1
gannets,0,2,2
gannett,0,1,1
gannoa,1,0,1
gannons,0,1,1
ganny,0,1,1
gano,1,1,2
ganol,0,1,1
ganon,2,1,3
gans,6,0,6
gansett,0,1,1
gansevoort,0,2,2
gansta,4,1,5
ganster,0,1,1
gant,1,1,2
gantang,1,0,1
ganteng,2,0,2
ganti,3,2,5
gantinya,0,1,1
gantoise,1,0,1
gantry,0,1,1
gantt,0,1,1
gantz,2,0,2
ganun,7,10,17
ganush,0,1,1
ganvaar,0,1,1
ganvar,0,1,1
ganyan,0,2,2
ganymede,1,1,2
ganz,4,0,4
gao,3,3,6
gaokao,0,1,1
gaol,3,0,3
gaon,1,0,1
gap,70,67,137
gapapa,0,1,1
gape,0,2,2
gaping,4,5,9
gapingvoid,0,1,1
gapless,1,0,1
gapminder,0,1,1
gapo,1,0,1
gappers,0,1,1
gapping,1,1,2
gappy,1,0,1
gaps,16,16,32
gaptek,0,4,4
gar,7,9,16
gara,10,5,15
garabe,1,0,1
garafolo,1,0,1
garage,348,226,574
garageband,5,11,16
garaged,0,1,1
garages,8,5,13
garagesale,2,1,3
garaha,1,0,1
garaje,1,0,1
garak,1,1,2
garam,0,2,2
garamond,1,0,1
garance,0,2,2
garancedore,1,0,1
garantiefall,0,1,1
garanty,1,0,1
garasi,1,0,1
garaunteed,0,1,1
garawfulophagus,0,1,1
garb,0,1,1
garba,1,0,1
garbage,111,68,179
garbanzo,5,1,6
garbanzos,1,0,1
garber,0,1,1
garbled,3,1,4
garbo,9,25,34
garboffman,2,0,2
garbowski,0,1,1
garburn,0,1,1
garce,2,0,2
garcia,7,15,22
garcias,1,0,1
gard,5,2,7
garda,0,4,4
gardaland,0,1,1
gardasil,4,0,4
garde,1,3,4
garded,2,0,2
gardee,0,1,1
garden,858,1412,2270
gardena,1,0,1
gardenburger,1,0,1
gardencenter,1,0,1
gardened,1,0,1
gardener,7,11,18
gardeners,6,10,16
gardenia,1,2,3
gardenin,2,0,2
gardening,102,177,279
gardenn,0,1,1
gardens,96,130,226
gardensolar,0,1,1
gardenwalk,0,2,2
gardenworks,0,1,1
garderobe,0,1,1
gardetto,1,0,1
gardetttttttttttttttt,0,1,1
gardian,1,0,1
gardin,0,2,2
gardiner,5,1,6
garding,0,1,1
gardn,0,1,1
gardner,14,3,17
gardners,1,1,2
gardot,1,4,5
garduation,1,1,2
garduno,1,0,1
gardunos,1,0,1
gare,1,2,3
garee,1,1,2
gareeb,1,0,1
gareishly,1,0,1
garen,0,1,1
garena,2,0,2
garented,1,0,1
gareth,21,28,49
gareths,1,0,1
garett,2,0,2
garf,0,1,1
garfie,0,2,2
garfield,9,15,24
garfieldnz,2,0,2
garfields,1,0,1
garfies,0,2,2
garfunkel,6,5,11
garfunkle,0,1,1
gargage,3,0,3
gargagr,1,0,1
garganta,1,0,1
gargantuan,0,1,1
gargargar,0,1,1
garge,1,0,1
gargeoussss,0,1,1
gargh,4,1,5
gargle,7,5,12
gargleblasters,1,0,1
gargled,1,0,1
gargles,2,0,2
gargling,3,2,5
gargola,0,1,1
gargoyle,0,3,3
gargoyles,0,1,1
garh,4,0,4
garhh,1,0,1
garhhhhhh,1,0,1
garhoud,1,0,1
garibaldi,1,2,3
garielle,1,0,1
gariffe,0,1,1
garin,4,0,4
garions,1,0,1
garippas,0,1,1
garland,5,13,18
garlands,2,1,3
garley,0,1,1
garlfrayn,1,0,1
garlic,91,167,258
garlice,0,1,1
garlick,0,1,1
garlicked,0,1,1
garlicky,0,1,1
garlicness,1,0,1
garlicpills,0,1,1
garlics,1,0,1
garlicy,0,1,1
garlishaaaaaaaa,1,0,1
garment,3,6,9
garments,2,6,8
garmez,1,0,1
garmi,2,0,2
garmin,32,13,45
garmins,1,0,1
garmisch,1,0,1
garmon,0,1,1
garms,1,0,1
garn,0,2,2
garnacha,1,0,1
garnd,1,0,1
garne,1,0,1
garneaus,0,1,1
garner,4,12,16
garnet,3,1,4
garnets,0,1,1
garnett,6,0,6
garnier,8,3,11
garnished,0,1,1
garnishes,1,0,1
garnishment,0,1,1
garnu,0,1,1
garofolo,0,1,1
garon,1,0,1
garona,0,1,1
garos,1,2,3
garota,0,1,1
garoupa,1,0,1
garr,8,2,10
garratt,0,1,1
garret,5,9,14
garrett,15,30,45
garretts,0,1,1
garrick,2,0,2
garricks,0,1,1
garrido,1,0,1
garrish,1,0,1
garrison,1,1,2
garrisons,0,1,1
garrit,1,0,1
garritan,1,0,1
garrity,1,0,1
garrlic,0,1,1
garron,1,0,1
garros,38,51,89
garrr,1,1,2
garrrghhh,1,0,1
garrrr,2,1,3
garrrrr,2,0,2
garrrrrarrrrrrarrrrr,1,0,1
garrrrrrr,1,0,1
garrrrrrrrr,1,0,1
garruk,1,0,1
garrulous,0,1,1
garry,5,10,15
garrysmod,2,0,2
gars,0,5,5
garsh,4,3,7
garskin,1,0,1
garson,0,1,1
garten,2,1,3
garter,4,6,10
garth,8,21,29
gartic,0,1,1
gartley,1,0,1
gartner,0,1,1
garton,1,0,1
garuanteed,1,0,1
garuda,0,3,3
garupa,1,0,1
garver,0,1,1
garvey,1,1,2
garvins,0,1,1
gary,125,133,258
garydamon,0,1,1
garyjrboston,1,0,1
garylapointe,1,0,1
garyll,0,1,1
garymuicroft,0,1,1
garys,4,3,7
garyy,1,0,1
garyyy,1,0,1
garyyyy,0,1,1
garyyyyy,0,2,2
garza,2,3,5
garzzaaa,0,1,1
gas,580,208,788
gascoigne,0,1,1
gascon,0,1,1
gascophily,0,1,1
gascoynes,0,1,1
gased,1,0,1
gaseous,1,0,1
gases,1,1,2
gasesc,1,1,2
gash,26,10,36
gashapons,1,0,1
gashed,3,0,3
gashes,4,0,4
gasin,1,0,1
gasira,0,1,1
gasit,0,3,3
gaskank,0,1,1
gaskarth,7,17,24
gasket,13,1,14
gaskin,1,2,3
gaskit,1,0,1
gaslamp,2,3,5
gasleaking,0,1,1
gaslight,6,2,8
gasm,0,3,3
gasmak,1,0,1
gasman,1,1,2
gasms,0,1,1
gasol,11,12,23
gasolina,3,2,5
gasoline,9,9,18
gasp,70,58,128
gaspar,0,1,1
gaspard,1,1,2
gaspari,0,1,1
gaspe,1,0,1
gasped,3,2,5
gaspereau,0,1,1
gaspin,1,0,1
gasping,8,3,11
gaspolll,0,1,1
gaspppp,1,0,1
gasps,10,5,15
gaspz,1,0,1
gass,3,1,4
gassed,5,1,6
gasset,0,1,1
gassiest,0,1,1
gassiness,1,0,1
gassing,1,0,1
gassmanns,0,1,1
gassness,1,0,1
gasssp,1,0,1
gassssp,1,0,1
gassssssss,1,0,1
gasstations,1,0,1
gassy,5,1,6
gastar,0,1,1
gastly,1,0,1
gaston,1,8,9
gastonia,0,1,1
gastonomic,1,0,1
gastonomically,0,1,1
gastos,0,1,1
gastown,1,2,3
gastric,27,3,30
gastritis,7,0,7
gastro,12,1,13
gastrocnemius,2,0,2
gastroenteritis,6,1,7
gastrointernologist,1,0,1
gastrointestinal,1,0,1
gastronemius,1,0,1
gastronomic,1,1,2
gastronomical,3,1,4
gastronomically,0,1,1
gastropod,1,0,1
gastroporn,0,1,1
gastropub,0,1,1
gastropubs,0,1,1
gastroscope,1,0,1
gastroscopy,1,0,1
gasworks,1,2,3
gasy,1,0,1
gat,7,6,13
gata,3,4,7
gataca,0,1,1
gatau,2,0,2
gatc,0,1,1
gatch,0,1,1
gatchalian,1,0,1
gatchalians,0,1,1
gatchaman,1,0,1
gatchenhas,0,3,3
gatd,1,0,1
gate,115,94,209
gateacre,1,0,1
gateashing,1,0,1
gateau,0,1,1
gateaux,0,1,1
gatech,1,2,3
gatecrash,1,2,3
gatecrasher,1,0,1
gatecrashers,1,0,1
gatecrashes,1,0,1
gatecrashin,0,1,1
gated,1,0,1
gateeeel,1,0,1
gatehang,1,0,1
gatehangin,2,0,2
gatehanging,4,0,4
gatehouse,0,1,1
gatekeeper,0,1,1
gatekeepers,0,1,1
gatel,2,0,2
gately,0,1,1
gatenho,0,1,1
gater,0,1,1
gaterz,0,1,1
gates,38,44,82
gateshead,3,1,4
gateste,0,1,1
gateur,0,1,1
gateway,42,26,68
gateways,5,1,6
gateworld,1,0,1
gatheater,1,0,1
gatheatre,2,0,2
gathegi,1,0,1
gather,26,39,65
gatheration,0,1,1
gathered,13,18,31
gatherer,3,1,4
gatherin,1,0,1
gathering,95,98,193
gatheringofnations,1,0,1
gatherings,9,6,15
gathers,1,2,3
gatherwinebar,0,1,1
gatheryn,1,0,1
gatina,2,0,2
gatineau,2,1,3
gatinhas,0,1,1
gatlin,0,1,1
gatlinburg,4,8,12
gatlinburggoesgreen,0,1,1
gato,3,1,4
gator,12,24,36
gatorade,22,22,44
gatorades,1,0,1
gatoraid,0,1,1
gatorboard,1,0,1
gatoregg,0,1,1
gators,13,20,33
gatorzone,1,0,1
gatos,4,1,5
gats,1,0,1
gatsby,8,9,17
gatso,0,1,1
gatspy,0,1,1
gatta,8,4,12
gattaca,0,3,3
gatti,2,1,3
gatties,0,1,1
gattiland,0,1,1
gatting,1,0,1
gatto,1,0,1
gattringer,1,0,1
gattuso,1,0,1
gatty,1,0,1
gatvol,3,1,4
gatwick,22,7,29
gatwik,1,0,1
gatz,1,0,1
gau,0,1,1
gauc,1,0,1
gaucamole,1,0,1
gauche,1,2,3
gaucho,0,2,2
gauchos,1,1,2
gauckler,0,1,1
gaudi,0,2,2
gaudio,0,2,2
gaudo,1,0,1
gaudy,0,3,3
gaudyvo,1,0,1
gauge,25,15,40
gauged,2,0,2
gaugefucking,0,1,1
gauges,15,9,24
gaughters,1,0,1
gaugies,1,0,1
gauging,4,2,6
gaul,1,2,3
gauld,0,1,1
gaulers,0,1,1
gaulle,3,0,3
gauls,0,1,1
gaultier,2,0,2
gaun,0,1,1
gauney,1,0,1
gaunjee,0,1,1
gaunt,0,1,1
gauntlet,1,5,6
gaura,1,0,1
gaurantee,0,1,1
gauranteed,0,1,1
gaurav,0,3,3
gauravs,1,0,1
gaurd,1,0,1
gaurding,1,0,1
gaurds,1,0,1
gaus,0,1,1
gause,1,0,1
gauss,0,1,1
gaussian,1,1,2
gautengers,0,1,1
gautier,1,0,1
gauwhati,0,2,2
gaux,1,0,1
gauze,5,2,7
gauzed,1,0,1
gav,16,14,30
gavar,2,0,2
gavaskar,1,0,1
gave,1494,1428,2922
gavee,1,0,1
gaves,2,2,4
gavescon,1,0,1
gaveup,0,1,1
gavez,0,1,1
gavin,61,58,119
gaving,1,0,1
gavinpugh,1,0,1
gavins,2,1,3
gaviscon,1,1,2
gavnt,1,0,1
gavre,0,1,1
gavreel,0,1,1
gavroache,0,1,1
gavroche,0,1,1
gavve,1,0,1
gavvel,0,1,1
gaw,2,0,2
gawa,0,4,4
gawai,3,4,7
gawain,1,1,2
gawan,0,1,1
gawbage,1,0,1
gawber,1,0,1
gawd,142,75,217
gawdamn,1,0,1
gawdd,4,2,6
gawddamit,1,0,1
gawddamn,1,0,1
gawddamnit,2,0,2
gawddd,2,1,3
gawdddd,1,0,1
gawdh,1,0,1
gawds,1,1,2
gawe,0,1,1
gawge,1,0,1
gawgeousss,0,1,1
gawgus,2,0,2
gawguzz,1,0,1
gawh,1,2,3
gawht,1,0,1
gawick,0,1,1
gawin,2,4,6
gawjus,1,9,10
gawjush,0,1,1
gawjuss,0,13,13
gawjuz,1,1,2
gawk,0,5,5
gawked,0,1,1
gawker,3,2,5
gawking,4,5,9
gawks,0,1,1
gawler,1,0,1
gawn,8,0,8
gawna,0,1,1
gawni,1,0,1
gawnna,0,1,1
gawny,1,0,1
gawping,3,0,3
gawrjus,1,1,2
gawrsh,1,0,1
gawsh,7,5,12
gawssshhh,1,0,1
gawt,0,2,2
gawtt,0,1,1
gaww,1,1,2
gawwd,1,0,1
gawwdd,0,1,1
gawwddd,1,1,2
gawwlee,1,0,1
gawwshhh,0,1,1
gawww,2,0,2
gawwwd,4,1,5
gawwwwd,1,0,1
gaxie,1,0,1
gay,945,717,1662
gaya,10,5,15
gayadesign,1,0,1
gayagenda,0,1,1
gayanehhh,1,0,1
gayass,1,0,1
gayatri,0,1,1
gayayayay,1,0,1
gaybabies,1,0,1
gaybashed,1,0,1
gaybie,1,0,1
gaybo,1,1,2
gaybob,1,0,1
gaybor,1,0,1
gaybors,1,0,1
gayboy,0,2,2
gaybro,0,1,1
gayby,1,0,1
gaychat,3,1,4
gayda,1,0,1
gaydar,4,5,9
gaydays,2,2,4
gaydie,0,1,1
gaydos,1,0,1
gaydzilla,1,0,1
gaye,4,11,15
gayed,2,0,2
gayee,3,0,3
gayer,2,4,6
gayers,0,2,2
gayest,7,7,14
gayet,0,1,1
gayfever,2,0,2
gayforpeavy,1,0,1
gaygaygaygay,1,0,1
gayi,2,2,4
gayiberico,0,1,1
gayidz,0,1,1
gaying,1,0,1
gayish,0,1,1
gayke,1,0,1
gayl,0,1,1
gayla,0,1,1
gaylakmanifesting,0,1,1
gayle,11,19,30
gaylight,0,1,1
gaylo,0,1,1
gaylord,2,5,7
gaymarriage,0,1,1
gaymen,0,1,1
gaymer,0,1,1
gaymos,1,0,1
gaynal,1,0,1
gayness,8,10,18
gaynor,3,3,6
gayo,1,0,1
gayography,1,0,1
gaypride,1,1,2
gayrights,2,0,2
gayrods,0,1,1
gays,34,36,70
gaysian,0,1,1
gaysians,0,1,1
gaysket,0,1,1
gayso,1,0,1
gaysomeone,0,1,1
gaysorn,1,0,1
gayst,0,1,1
gaythrop,1,0,1
gaytime,1,1,2
gaytimes,1,0,1
gaytor,0,1,1
gaytourage,0,1,1
gayuh,0,1,1
gayutd,0,1,1
gayweed,0,1,1
gaywire,0,1,1
gayy,20,3,23
gayydee,1,0,1
gayysss,1,0,1
gayyy,9,7,16
gayyyy,5,0,5
gayyyyy,5,0,5
gayyyyys,0,1,1
gayyyyyyy,3,0,3
gayyyyyyyy,1,0,1
gayyyyyyyyyy,1,0,1
gayyyyyyyyyyyy,0,1,1
gayyyyyyyyyyyyy,1,0,1
gaz,7,6,13
gaza,0,2,2
gazab,0,1,1
gazans,1,0,1
gaze,5,12,17
gazebo,5,10,15
gazeboinfo,1,0,1
gazebos,1,0,1
gazeebo,1,1,2
gazeeeeeebo,0,1,1
gazel,2,0,2
gazelle,1,2,3
gazes,0,2,2
gazette,5,5,10
gazey,0,1,1
gazibo,0,1,1
gaziliion,1,0,1
gazilionth,4,0,4
gazillion,24,14,38
gazillioninth,0,1,1
gazillionith,1,0,1
gazillions,2,0,2
gazillionth,0,1,1
gazillllliiooon,0,1,1
gazing,7,12,19
gazllion,1,0,1
gazoontite,0,1,1
gazpacho,1,5,6
gazumped,1,0,1
gazz,3,1,4
gazzetta,1,0,1
gazzilion,1,0,1
gazzilionaire,1,0,1
gazzillion,1,1,2
gazzion,0,1,1
gb,426,283,709
gba,5,9,14
gback,1,0,1
gbaemu,1,0,1
gbank,1,0,1
gbby,0,1,1
gbc,1,1,2
gbchawaii,0,1,1
gbear,0,1,1
gbeats,0,1,1
gbf,0,1,1
gbfilms,1,0,1
gbg,0,1,1
gbh,2,4,6
gbi,0,2,2
gbig,1,0,1
gbizzz,0,1,1
gbk,3,1,4
gbm,1,1,2
gbn,0,1,1
gbnf,1,0,1
gboro,2,0,2
gbp,5,5,10
gbpjpy,1,0,1
gbplugin,1,0,1
gbps,1,3,4
gbpusd,0,2,2
gbpvr,1,0,1
gbs,9,5,14
gbt,1,0,1
gbtu,0,5,5
gbtv,0,1,1
gbu,0,19,19
gbw,1,1,2
gby,1,1,2
gbye,5,1,6
gbyes,1,0,1
gc,23,44,67
gca,4,0,4
gcac,0,1,1
gcal,3,1,4
gcalendar,1,0,1
gcap,1,0,1
gcash,0,2,2
gcc,10,8,18
gccis,0,2,2
gccr,1,0,1
gcd,0,1,1
gcdh,2,1,3
gcds,1,0,1
gce,1,0,1
gcead,1,0,1
gcfamily,0,2,2
gcfd,0,1,1
gcg,0,3,3
gch,0,2,2
gchat,12,7,19
gchild,0,1,1
gchq,1,2,3
gchrome,2,0,2
gci,0,1,1
gcl,1,0,1
gclf,0,1,1
gcm,0,3,3
gcn,1,0,1
gcng,0,1,1
gcoming,0,1,1
gcomplete,1,0,1
gconf,2,0,2
gconfd,1,0,1
gcplay,0,1,1
gcrm,1,0,1
gcs,3,5,8
gcse,183,58,241
gcses,22,10,32
gctv,0,1,1
gcu,0,1,1
gcwprv,1,0,1
gd,246,303,549
gda,4,2,6
gdad,4,0,4
gdads,0,1,1
gdale,1,1,2
gdamm,1,0,1
gdamn,1,0,1
gdamnit,2,0,2
gdansk,0,1,1
gdaughter,1,1,2
gdawgg,1,0,1
gday,2,8,10
gdb,0,1,1
gdbye,2,0,2
gdc,6,3,9
gdccanada,1,0,1
gdd,0,3,3
gde,0,1,1
gdeda,0,1,1
gdehoyos,1,0,1
gdf,2,0,2
gdfkglfdg,1,0,1
gdfu,1,0,1
gdg,0,1,1
gdgd,3,9,12
gdgdfgdfhfd,1,0,1
gdgt,0,2,2
gdhgjfhg,1,0,1
gdhi,0,3,3
gdi,6,4,10
gdit,2,0,2
gdjb,0,3,3
gdjerdje,0,1,1
gdk,1,1,2
gdl,1,1,2
gdla,0,2,2
gdlck,0,2,2
gdmf,1,0,1
gdmorng,0,1,1
gdmornin,0,2,2
gdmorning,1,2,3
gdmrning,1,0,1
gdmrnn,1,0,1
gdn,3,2,5
gdnight,2,8,10
gdnite,5,8,13
gdniytte,0,1,1
gdnss,1,1,2
gdnte,1,0,1
gdnyt,1,2,3
gdocs,1,4,5
gdog,0,1,1
gdola,0,1,1
gdoo,1,0,1
gdop,0,2,2
gdp,3,2,5
gdpi,1,0,1
gdragon,1,0,1
gds,1,0,1
gdson,0,1,1
gdt,1,0,1
gdtiemz,0,1,1
gdw,0,2,2
gdwtw,1,0,1
gdy,0,1,1
ge,32,41,73
geaccepteerd,0,1,1
geah,2,0,2
gealina,1,0,1
gealteach,1,0,1
gean,0,2,2
geancarlos,1,0,1
geanta,0,1,1
geany,2,0,2
geaorgia,0,1,1
gear,239,279,518
gearad,1,0,1
gearbox,9,0,9
gearboxes,1,0,1
geardiary,1,0,1
geared,11,17,28
gearfest,1,0,1
gearhead,1,0,1
gearhost,0,1,1
gearin,1,0,1
gearing,27,56,83
gearlinkage,1,0,1
gears,72,56,128
gearstick,1,0,1
geary,4,1,5
gearz,1,0,1
geas,0,1,1
geashhh,0,1,1
geass,8,15,23
geat,2,8,10
geatest,0,1,1
geatting,0,1,1
geauga,0,2,2
geaux,5,6,11
geb,1,1,2
geba,1,0,1
gebbie,0,1,1
gebeuren,1,0,1
gebi,1,0,1
gebrochen,1,0,1
gebruik,0,1,1
gebruikt,0,1,1
geburstag,0,1,1
geburt,0,1,1
geburtstag,0,1,1
gebyar,0,1,1
gec,0,1,1
gecaching,0,1,1
gecancelled,1,0,1
gecancelt,1,0,1
gecbr,1,0,1
gece,0,2,2
gecko,14,9,23
geckos,5,1,6
gecrasht,1,0,1
ged,4,5,9
geda,1,0,1
gedacht,2,0,2
gedan,0,1,1
geddalife,0,1,1
geddes,1,2,3
geddit,2,4,6
geddon,1,2,3
geddun,1,0,1
geddy,1,1,2
gede,2,2,4
gedebage,0,1,1
gedeelde,0,1,1
gedirsen,0,1,1
gedit,1,0,1
gedreht,0,1,1
gedrick,0,1,1
gedroomd,0,1,1
geds,0,1,1
geduld,0,1,1
gedward,0,1,1
gedy,1,0,1
gee,166,162,328
geebus,3,0,3
geed,1,0,1
geeduckie,1,0,1
geee,10,8,18
geeee,6,4,10
geeeee,1,1,2
geeeeee,1,0,1
geeeeeebs,1,0,1
geeeeeeddd,0,1,1
geeeeeeeee,0,1,1
geeeeeeeeeeeeeeez,1,0,1
geeeeeeeeeeeeeek,0,1,1
geeeeeeeeek,1,0,1
geeeeeeek,0,1,1
geeeeeeez,2,0,2
geeeeeekk,0,1,1
geeeeeermany,0,1,1
geeeeeez,1,1,2
geeeeetar,0,1,1
geeeeez,2,0,2
geeeesh,1,0,1
geeeetar,0,1,1
geeeeting,0,1,1
geeeez,4,2,6
geeek,0,1,1
geeeked,0,1,1
geeekkkkkkkk,0,1,1
geeemt,1,0,1
geeesh,1,4,5
geeet,1,0,1
geeetah,1,0,1
geeetar,0,1,1
geeett,1,0,1
geeez,18,6,24
geeeze,2,1,3
geeezh,1,0,1
geeezz,2,0,2
geeezzh,1,0,1
geeezzz,0,1,1
geeezzzz,3,1,4
geeezzzzz,1,0,1
geeftas,0,1,1
geege,0,1,1
geegee,0,1,1
geegs,1,0,1
geehts,0,2,2
geein,0,1,1
geeing,1,0,1
geeje,0,1,1
geek,167,426,593
geekachu,0,1,1
geekadelphia,0,1,1
geekalicious,1,0,1
geekbeer,0,1,1
geekbreakfast,1,0,1
geekbrief,2,0,2
geekcamp,7,6,13
geekdad,2,1,3
geekdom,1,3,4
geeked,8,16,24
geekedd,0,1,1
geekery,2,6,8
geekette,2,1,3
geekfail,1,0,1
geekfeed,0,1,1
geekfit,0,1,1
geekflu,1,0,1
geekfund,0,1,1
geekgasm,2,1,3
geekgirl,0,1,1
geekie,0,1,1
geekier,0,2,2
geekiest,2,3,5
geekified,0,1,1
geekify,0,1,1
geekin,0,3,3
geekiness,1,5,6
geeking,4,12,16
geekjob,0,2,2
geekling,0,1,1
geekly,0,1,1
geekman,0,1,1
geekmeet,1,3,4
geekmeetsthlm,0,1,1
geekmobile,1,0,1
geekmonkey,0,1,1
geekness,1,4,5
geekologie,0,1,1
geekout,0,1,1
geekpanel,1,0,1
geekpride,1,0,1
geekretreat,1,0,1
geeks,39,112,151
geeksdreamgirl,0,1,1
geekson,1,0,1
geeksonaplane,1,0,1
geeksonthebeach,0,1,1
geekspeak,0,1,1
geeksquad,1,1,2
geekswithblogs,3,0,3
geektastic,0,2,2
geektool,1,2,3
geektweets,0,1,1
geekup,2,2,4
geekversity,0,1,1
geeky,36,95,131
geekyness,1,3,4
geekyrappinghood,0,1,1
geekzone,0,3,3
geelong,8,15,23
geels,1,0,1
geely,0,1,1
geem,1,0,1
geemmmm,1,0,1
geen,11,3,14
geena,0,3,3
geente,0,2,2
geep,0,1,1
geer,0,1,1
geert,0,2,2
gees,15,13,28
geese,23,20,43
geeses,0,1,1
geesh,27,14,41
geeshh,1,0,1
geesus,1,0,1
geet,3,1,4
geeta,1,1,2
geetah,1,0,1
geetar,4,4,8
geetars,0,1,1
geetay,1,0,1
geetin,0,1,1
geeting,2,3,5
geetings,0,2,2
geetting,1,0,1
geeuleeh,2,0,2
geeve,1,0,1
geewheeze,1,0,1
geewiz,0,1,1
geewon,0,1,1
geez,302,133,435
geeza,0,1,1
geeze,26,14,40
geezee,1,0,1
geezees,0,1,1
geezer,9,5,14
geezers,0,4,4
geezin,0,1,1
geezs,1,1,2
geezus,3,2,5
geezy,3,2,5
geezz,5,2,7
geezzz,2,5,7
geezzzz,1,0,1
geezzzzz,1,0,1
geezzzzzz,1,0,1
geezzzzzzzzzzz,1,0,1
gef,1,0,1
gefallt,1,0,1
gefehlt,0,1,1
gefelciteerd,0,1,1
gefelicidingest,0,1,1
gefeliciteeeeerd,0,1,1
gefeliciteerd,0,26,26
gefeliciteert,0,1,1
geferd,0,1,1
geffen,0,1,1
gefilte,1,0,1
gefixt,0,1,1
geflogen,1,0,1
gefollowt,0,1,1
geforce,4,3,7
gefunden,0,2,2
geg,0,1,1
gegege,0,1,1
gegegeneration,0,1,1
gegging,0,1,1
geggy,0,1,1
gego,1,0,1
gegs,0,1,1
geguckt,0,2,2
geh,6,5,11
gehaald,1,0,1
gehad,1,0,1
gehe,0,3,3
geheelonthouding,0,1,1
gehen,0,1,1
gehh,0,1,1
gehhy,1,0,1
gehle,1,0,1
gehn,1,0,1
geholt,0,1,1
gehry,0,1,1
gehst,1,0,1
geht,8,10,18
gehts,3,10,13
gei,0,1,1
geia,0,2,2
geico,7,6,13
geicos,0,1,1
geiger,1,6,7
geigh,1,0,1
geii,1,0,1
geiiiiiiiiil,0,1,1
geil,0,12,12
geile,0,1,1
geiles,0,2,2
geilste,0,2,2
geinial,0,1,1
geinoh,0,1,1
geisel,2,1,3
geiselwind,0,2,2
geiser,1,0,1
geisha,5,8,13
geisler,0,1,1
geislwind,1,0,1
geister,0,1,1
geitner,1,0,1
geiz,0,1,1
gej,0,1,1
geje,1,2,3
gejowskiego,0,1,1
gek,1,0,1
gekippt,1,0,1
gekko,1,1,2
geklappt,0,1,1
geklemmt,0,1,1
geko,1,0,1
gekommen,1,0,1
gekregen,0,1,1
gekste,0,1,1
gel,58,48,106
gela,0,1,1
gelachen,0,1,1
gelai,1,0,1
gelalalove,0,1,1
gelandet,1,0,1
gelar,0,1,1
gelare,1,0,1
gelareh,0,1,1
gelas,1,0,1
gelaskins,0,1,1
gelati,2,3,5
gelatin,6,2,8
gelatine,3,0,3
gelatinous,1,0,1
gelatissimo,0,2,2
gelato,33,36,69
gelatoooo,0,1,1
gelattina,2,0,2
gelatto,0,2,2
gelaunt,0,1,1
geld,1,0,1
geldi,0,1,1
geldim,0,1,1
gelding,1,2,3
geldof,1,0,1
geldoff,1,0,1
geldreform,0,3,3
gele,1,0,1
geleden,0,1,1
gelernt,0,1,1
gelesen,1,0,1
geletain,1,0,1
gelexemplar,1,0,1
geli,2,0,2
gelife,1,0,1
geliii,0,1,1
gelince,0,2,2
gelistirdigimiz,0,1,1
gell,0,2,2
gellar,3,3,6
gellatly,1,0,1
gelled,1,0,1
gellee,1,0,1
gelleee,0,1,1
geller,0,2,2
gellers,1,0,1
gelli,4,24,28
gellicious,0,1,1
gellin,0,1,1
gelling,0,1,1
gelly,1,1,2
gelo,3,3,6
geloof,0,1,1
gelopen,0,1,1
gels,5,7,12
geltdesigns,0,1,1
geluk,0,1,1
gelukkig,0,1,1
gelukkige,0,1,1
gelul,0,1,1
gem,33,75,108
gema,1,1,2
gemabear,1,0,1
gemacht,0,2,2
geman,0,2,2
gemany,1,4,5
gemar,0,1,1
gemayel,1,0,1
gembira,0,1,1
gembo,0,1,1
gembob,0,1,1
gembul,1,0,1
gemcraft,2,0,2
gemdoll,1,0,1
gemea,0,1,1
gemeg,1,0,1
gemeindehaus,1,0,1
gemella,1,0,1
gemeni,0,1,1
gemes,1,0,1
gemgem,1,0,1
gemiddelde,1,0,1
gemini,17,57,74
geminis,3,10,13
gemm,0,1,1
gemma,19,23,42
gemmabear,1,0,1
gemmacartwright,0,1,1
gemmadog,1,0,1
gemmas,1,4,5
gemmawhite,0,2,2
gemmell,1,1,2
gemmmm,1,0,1
gemmmy,0,1,1
gemrany,0,1,1
gems,14,38,52
gemski,0,1,1
gemspec,1,0,1
gemstar,1,0,1
gemstones,0,3,3
gemuk,2,0,2
gen,136,92,228
gena,1,1,2
genaro,0,1,1
genash,0,1,1
genau,0,4,4
genauso,1,0,1
genaustin,0,1,1
gencode,1,0,1
gencon,6,3,9
gender,22,36,58
genderly,0,1,1
genders,2,4,6
gendou,1,0,1
gendron,0,1,1
gendud,1,0,1
gendut,2,0,2
gendy,0,1,1
gene,44,54,98
genea,0,1,1
genealogists,0,1,1
genealogy,7,7,14
geneaologist,1,0,1
geneaology,1,0,1
geneh,0,1,1
genekiaaaames,0,1,1
genelde,0,1,1
genelec,1,0,1
genelia,1,0,1
gener,0,2,2
genera,0,1,1
general,309,297,606
generala,0,1,1
generale,0,1,1
generalisations,1,1,2
generalise,0,1,1
generalising,1,0,1
generalist,1,0,1
generalization,0,1,1
generalizations,1,2,3
generalize,1,0,1
generalized,1,0,1
generalizes,0,1,1
generalizing,1,1,2
generalllll,0,1,1
generally,101,150,251
generalmotors,1,0,1
generals,2,1,3
generaly,2,0,2
generate,18,18,36
generated,17,17,34
generates,2,5,7
generating,11,11,22
generation,72,117,189
generational,1,3,4
generationk,0,1,1
generations,12,16,28
generationz,1,0,1
generatiooonn,0,1,1
generative,0,1,1
generator,25,17,42
generatorlunch,1,0,1
generators,1,3,4
genereishon,1,0,1
generell,0,1,1
generic,45,23,68
generically,1,0,1
generico,0,1,1
generics,0,3,3
generify,0,1,1
generlly,1,0,1
generosity,2,12,14
generous,21,86,107
generousity,0,1,1
generously,0,3,3
geners,1,0,1
genervt,2,0,2
genes,23,28,51
genesee,1,1,2
geneseo,4,0,4
genesimmons,1,0,1
genesis,30,33,63
genestealer,0,1,1
genetic,17,11,28
genetica,0,1,1
genetically,2,4,6
geneticamente,1,0,1
geneticist,1,0,1
geneticists,0,1,1
genetics,12,14,26
genetique,1,0,1
geneva,21,27,48
genevaaa,1,0,1
geneve,0,1,1
geneviette,2,0,2
genevieve,3,4,7
geng,1,2,3
genggong,0,1,1
genghis,2,4,6
gengiz,0,1,1
geni,6,2,8
genia,1,0,1
geniaaaaaaaal,0,1,1
geniaal,0,1,1
genial,1,12,13
geniale,0,1,1
geniales,0,1,1
genialt,0,1,1
genie,18,14,32
genies,0,1,1
genii,1,0,1
geniiiial,0,1,1
genille,0,1,1
gening,1,0,1
genious,5,18,23
geniouuuus,0,1,1
genit,1,1,2
genitaila,0,1,1
genital,1,4,5
genitalia,1,2,3
genitally,0,1,1
genitals,10,4,14
genitii,1,0,1
genitile,0,1,1
geniu,1,0,1
geniuf,0,1,1
genius,136,340,476
geniusbar,1,0,1
geniuses,3,6,9
geniusness,0,1,1
genivive,0,1,1
genix,0,2,2
genji,0,2,2
genjreng,1,0,1
genk,0,1,1
genki,0,4,4
genl,0,1,1
genmai,1,0,1
genna,4,1,5
gennady,0,1,1
gennaro,3,1,4
gennemf,0,1,1
genni,0,1,1
gennie,0,1,1
genningtilles,1,0,1
gennki,0,1,1
gennny,0,1,1
gennuso,0,1,1
genny,2,7,9
geno,1,10,11
genoa,2,3,5
genocidaires,1,0,1
genocidare,1,0,1
genocide,7,2,9
genoese,0,1,1
genome,1,2,3
genomes,0,1,1
genomics,1,1,2
genos,2,1,3
genou,1,0,1
genova,0,1,1
genovese,0,1,1
genrator,1,0,1
genre,12,57,69
genres,4,14,18
gens,1,4,5
gensan,1,0,1
genshi,0,1,1
genstart,1,0,1
gent,5,10,15
gentalman,1,1,2
gentalmen,1,0,1
gente,9,20,29
gentee,1,0,1
genteeee,0,1,1
genteeeeeeeeeeee,1,0,1
genteeeeeeeeeeeeeeeeeeeeeeeeeeeee,0,1,1
gentelman,0,1,1
gentem,1,0,1
gentern,0,1,1
genti,0,1,1
gentian,1,0,1
gentil,0,1,1
gentile,2,2,4
gentili,0,1,1
gentilii,0,1,1
gentilly,2,0,2
genting,7,6,13
gentings,1,0,1
gentle,34,73,107
gentlemaly,1,0,1
gentleman,27,40,67
gentlemanly,1,2,3
gentlemawn,0,1,1
gentlemen,11,68,79
gentlemens,0,1,1
gentleness,0,1,1
gentler,2,3,5
gentlest,0,1,1
gentley,0,1,1
gentlist,1,0,1
gentlman,1,0,1
gently,15,39,54
gentoo,4,7,11
gentoran,1,0,1
gentrification,1,0,1
gentry,4,5,9
gents,10,24,34
genu,1,0,1
genuflects,0,1,1
genug,1,0,1
genuine,35,51,86
genuinely,44,53,97
genuinespamsubjectlineoftheday,0,1,1
genuinity,0,1,1
genuinlly,0,1,1
genuinly,3,2,5
genuis,2,1,3
genuiss,0,1,1
genuius,0,1,1
genxy,0,1,1
geny,0,1,1
genyes,0,1,1
genyto,0,1,1
geo,90,49,139
geoblock,1,0,1
geocache,7,9,16
geocacher,1,1,2
geocaches,1,4,5
geocaching,21,26,47
geocahe,1,0,1
geocahed,1,0,1
geocashe,0,1,1
geocatching,0,1,1
geocel,1,0,1
geochache,0,1,1
geochaching,0,1,1
geocities,3,2,5
geoclue,1,0,1
geocode,0,1,1
geocoding,0,1,1
geodefence,1,0,1
geodefense,2,3,5
geoduck,0,1,1
geodude,1,0,1
geoergia,0,1,1
geoes,0,1,1
geof,1,3,4
geoff,28,19,47
geoffers,1,0,1
geoffles,1,0,1
geoffliving,1,0,1
geoffrey,4,9,13
geoffs,1,0,1
geofollow,1,0,1
geog,31,17,48
geoge,0,1,1
geogeektv,1,0,1
geogeous,1,0,1
geoggers,3,3,6
geoggy,1,0,1
geogia,1,0,1
geoglobaldomination,1,0,1
geograhy,1,0,1
geographer,0,1,1
geographhy,1,0,1
geographic,13,15,28
geographical,5,3,8
geographically,4,4,8
geographics,2,0,2
geographie,4,0,4
geography,265,109,374
geographyland,1,0,1
geographyy,1,1,2
geogrophy,1,0,1
geogrotesque,0,1,1
geogrpaghy,1,0,1
geogrpahy,1,1,2
geohashers,0,1,1
geoimage,1,0,1
geoip,1,2,3
geol,3,1,4
geolocated,1,0,1
geolocation,0,2,2
geological,0,1,1
geology,7,8,15
geom,6,4,10
geomagnetic,0,1,1
geomancer,0,1,1
geomatrix,0,1,1
geomerty,1,0,1
geometeryyy,1,0,1
geometria,0,1,1
geometric,1,1,2
geometrical,0,2,2
geometrico,1,0,1
geometry,65,40,105
geometryy,1,0,1
geomety,2,0,2
geonosis,0,1,1
geonote,0,1,1
geoooooo,1,1,2
geopeople,1,0,1
geophysics,2,0,2
geoplot,1,0,1
geopo,1,0,1
geopolitical,1,1,2
geopolitics,0,2,2
geor,0,1,1
georaphy,1,0,1
geordan,1,0,1
geordanos,1,0,1
geordi,2,0,2
geordie,7,8,15
geordiebird,0,1,1
geordies,1,2,3
geore,0,1,1
georg,7,2,9
georga,1,1,2
george,307,331,638
georgeann,1,0,1
georgee,0,2,2
georgeee,0,1,1
georgeeee,0,1,1
georgefm,0,1,1
georgejeanty,1,0,1
georgelopez,0,1,1
georgemichael,1,0,1
georgeo,0,1,1
georgeous,2,10,12
georges,2,6,8
georgetown,10,18,28
georgetta,1,0,1
georgette,1,2,3
georgey,2,0,2
georgeyporgey,0,1,1
georgi,1,0,1
georgia,178,109,287
georgiaa,1,1,2
georgiaaaa,0,1,1
georgiagroome,0,1,1
georgian,1,7,8
georgiana,1,0,1
georgians,2,0,2
georgias,0,2,2
georgiastateu,1,0,1
georgiatheaterfire,1,0,1
georgiatheatre,1,0,1
georgiawatts,0,1,1
georgie,15,16,31
georgiemakeup,1,0,1
georgies,1,0,1
georgina,1,4,5
georginas,0,1,1
georgio,1,0,1
georgiouse,0,1,1
georgiq,1,0,1
georgius,0,1,1
georgnkaren,0,1,1
georgous,4,7,11
georgraphy,2,0,2
georgumsieeee,1,0,1
georgy,0,1,1
georiga,0,2,2
georqe,0,1,1
geos,2,1,3
geoslash,1,0,1
geospatial,1,0,1
geostat,0,1,1
geotag,0,2,2
geotagged,1,1,2
geotagging,1,1,2
geotags,1,0,1
geoterms,1,0,1
geothermal,0,1,1
geotrax,1,0,1
geotta,0,1,1
geoutet,0,1,1
geowoodstock,0,1,1
gepaart,0,1,1
gepgraphy,1,0,1
geppetto,1,0,1
geprge,1,0,1
ger,17,10,27
gera,0,1,1
geraah,1,0,1
gerade,3,10,13
geradee,0,1,1
gerah,1,0,1
geraint,1,1,2
gerais,0,1,1
gerak,1,0,1
geral,0,1,1
gerald,7,14,21
geralda,0,1,1
geraldgsantos,1,0,1
geraldine,4,5,9
geraldinelopez,1,0,1
geraldo,1,1,2
geralds,0,1,1
geraldton,1,0,1
geram,2,0,2
geramny,0,1,1
geranium,2,0,2
geraniums,1,2,3
gerard,21,48,69
gerardo,2,1,3
gerardway,0,2,2
gerardwayrox,0,1,1
gerascophobic,1,0,1
gerat,1,1,2
geratol,0,1,1
gerber,2,4,6
gerbera,0,2,2
gerbers,1,0,1
gerbil,11,3,14
gerbils,4,3,7
gerbino,0,1,1
gerbombs,0,2,2
gerbutstag,0,1,1
gerbyl,1,0,1
gercekten,0,1,1
gerd,3,0,3
gerda,0,1,1
gerde,1,0,1
gerds,0,1,1
gere,2,5,7
gereat,0,1,1
gereja,0,2,2
gerek,1,0,1
gerenti,1,0,1
gerg,1,0,1
gergous,0,1,1
gerhard,0,1,1
geri,2,2,4
geriatric,2,1,3
geriatrics,1,2,3
gerica,0,1,1
gerichtsverhandlung,0,1,1
gerick,0,1,1
gerimis,1,0,1
geritol,2,0,2
gerke,3,0,3
gerl,0,1,1
gerliee,1,0,1
gerls,1,0,1
gerlss,0,1,1
germ,6,9,15
germaani,1,0,1
germager,1,0,1
germain,1,2,3
germaine,2,3,5
german,391,412,803
germandoo,0,3,3
germandy,0,2,2
germane,0,1,1
germanfetball,1,0,1
germangramma,1,0,1
germania,1,2,3
germanic,0,3,3
germanize,0,1,1
germanized,0,1,1
germanmiley,0,1,1
germanoi,1,0,1
germans,27,20,47
germanteacher,0,1,1
germantown,3,2,5
germantv,0,1,1
germanwebsite,1,0,1
germany,564,733,1297
germanylovesmcfly,0,3,3
germanys,1,7,8
germanyy,2,1,3
germanyyyy,1,2,3
germaphob,1,0,1
germaphobe,2,1,3
germay,1,2,3
germei,0,1,1
germeister,1,1,2
germfest,1,0,1
germie,0,1,1
germies,1,0,1
germination,0,2,2
germnay,1,0,1
germny,1,0,1
germoney,1,0,1
germophobe,0,1,1
germs,45,14,59
germy,3,0,3
gern,2,1,3
gerna,1,0,1
gernand,1,0,1
gernant,0,1,1
gernany,0,2,2
gerne,0,2,2
gernot,0,2,2
geron,0,1,1
geronimo,1,2,3
gerr,1,0,1
gerra,1,0,1
gerrad,0,1,1
gerrard,9,15,24
gerre,1,0,1
gerri,2,4,6
gerrie,2,0,2
gerrin,1,0,1
gerrinasweaton,1,0,1
gerrit,0,1,1
gerritsen,1,0,1
gerrr,3,1,4
gerrrrrin,0,1,1
gerrrrrrrrrrllllllllllllll,0,1,1
gerry,11,20,31
gerrylicious,0,1,1
gerrys,0,1,1
gers,2,4,6
gershon,0,2,2
gershwin,0,1,1
gersssss,0,1,1
gert,2,2,4
gertie,2,1,3
gerting,1,0,1
gertlor,0,1,1
gertrude,4,1,5
gertrudes,0,1,1
gerttting,1,0,1
gertu,1,0,1
gerty,2,2,4
gertys,1,0,1
gertz,0,1,1
gerund,2,0,2
gervais,6,6,12
gery,0,3,3
gerye,2,0,2
gerys,0,1,1
ges,2,3,5
gesch,0,1,1
gescheckt,1,1,2
geschenk,0,2,2
geschenkt,0,1,1
geschickt,0,1,1
geschlafen,0,1,1
geschmack,0,1,1
geschmolzene,0,1,1
geschrieben,0,1,1
gescoord,0,1,1
gesehen,0,3,3
gesehn,1,0,1
gesetz,0,1,1
gesh,3,0,3
geshhhhh,1,0,1
gesink,2,1,3
gesl,0,3,3
geslapen,0,1,1
gesnapt,2,0,2
gesnurk,0,1,1
gespaltene,1,0,1
gespannt,0,1,1
gess,4,1,5
gessed,1,0,1
gessh,1,0,1
gessica,1,0,1
gessie,0,1,1
gessing,0,1,1
gessle,1,2,3
gessnner,0,1,1
gesso,1,1,2
gessoed,0,1,1
gest,4,1,5
gestalt,0,1,1
gestapo,2,0,2
gestating,1,0,1
gestation,1,1,2
gestational,3,0,3
gestemd,0,2,2
gestern,0,4,4
gesticulating,0,1,1
gestivals,1,0,1
gestrige,1,0,1
gests,1,0,1
gesture,7,23,30
gestures,6,7,13
gesturing,0,1,1
get,45606,36557,82163
geta,1,1,2
getafollowing,0,1,1
getagreatdeals,1,0,1
getalife,1,0,1
getamac,1,1,2
getambition,2,0,2
getan,0,1,1
getany,1,0,1
getas,1,0,1
getawat,1,0,1
getaway,52,56,108
getaways,1,2,3
getbackers,1,0,1
getballpark,1,0,1
getbettersoonkat,1,0,1
getbready,1,0,1
getcha,5,12,17
getchaaa,1,0,1
getcho,1,1,2
getchya,0,1,1
getchyoo,1,0,1
getelementbyid,1,0,1
getelementsbyclassname,0,1,1
getem,0,2,2
geteway,0,1,1
getfrme,1,0,1
getfullness,0,1,1
getgibackinthelead,1,7,8
getgo,1,0,1
geth,1,0,1
getha,8,9,17
gethat,0,1,1
gethembwini,0,1,1
gether,73,77,150
gethere,1,0,1
gethering,1,0,1
gethers,1,0,1
gethr,1,1,2
gethsemane,3,1,4
getiin,0,1,1
getiing,3,3,6
getim,1,0,1
getin,28,9,37
geting,38,26,64
getingg,0,1,1
getinging,1,0,1
getinto,1,0,1
getiong,0,1,1
getirece,0,1,1
getitgurl,0,1,1
getitng,1,3,4
getittogether,1,0,1
getjar,1,0,1
getjb,0,1,1
getjonthanjaytomiley,0,1,1
getknifed,1,0,1
getlessonsnow,0,1,1
getlibs,1,0,1
getlifesmart,1,0,1
getlive,0,1,1
getmarried,0,1,1
getme,0,2,2
getmesome,1,0,1
getmessage,1,0,1
getmore,0,1,1
getmy,1,0,1
getn,25,16,41
getnin,1,0,1
getobjects,0,1,1
getoff,0,1,1
getoffbutt,0,1,1
getoffmylawn,1,2,3
getoffmylawnwars,0,1,1
getonu,0,1,1
getosky,0,1,1
getout,2,0,2
getoutgetoutgetougetooooouuuuuuuuuuuuutttttttt,1,0,1
getoutside,0,1,1
getoutta,0,1,1
getoverit,0,1,1
getpeel,1,0,1
getpembsdaveajob,0,1,1
getpi,1,0,1
getr,1,1,2
getready,0,1,1
getrealpath,1,0,1
getreplies,0,1,1
getriatic,1,0,1
getridofwes,1,0,1
getroffen,0,2,2
getrude,1,0,1
gets,2444,1853,4297
getshere,1,0,1
getshitdone,0,1,1
getss,0,1,1
getsss,0,1,1
gett,17,7,24
getta,4,3,7
gettaway,1,0,1
gette,0,1,1
getted,0,1,1
gettem,1,1,2
getten,1,1,2
getter,5,6,11
gettez,0,1,1
getthe,2,0,2
getthis,1,0,1
gettho,1,0,1
getti,1,0,1
gettibg,0,1,1
gettie,0,1,1
gettiering,1,0,1
gettig,10,4,14
gettign,6,4,10
gettigt,0,1,1
gettiin,1,1,2
gettiing,2,5,7
gettijng,1,0,1
gettimg,1,0,1
gettin,1097,919,2016
gettind,0,1,1
getting,13521,10846,24367
gettingbeat,1,0,1
gettingbetter,0,1,1
gettingdressed,1,0,1
gettingg,0,3,3
gettinglumps,1,0,1
gettingmyfreind,1,0,1
gettingpeoplebacktowork,1,0,1
gettingready,1,2,3
gettings,1,1,2
gettingvready,1,0,1
gettink,1,0,1
gettinn,0,2,2
gettinne,1,0,1
gettinng,1,0,1
gettinq,2,4,6
gettinz,0,1,1
gettiong,1,1,2
gettit,0,1,1
gettn,51,42,93
gettng,6,6,12
gettnig,0,1,1
gettnn,0,1,1
getto,1,1,2
gettogether,1,0,1
gettombackinthelead,0,1,1
gettong,1,1,2
getts,0,1,1
gettt,1,3,4
getttin,3,4,7
gettting,26,23,49
getttinggg,0,1,1
getttt,0,1,1
gettttin,1,0,1
getttting,1,2,3
gettttt,0,1,1
gettttting,1,0,1
getttttt,0,1,1
getttttting,0,1,1
gettttttt,1,0,1
gettum,0,1,1
gettung,1,1,2
gettup,0,1,1
gettwo,0,1,1
getty,10,17,27
gettyburg,1,0,1
gettying,0,1,1
gettysburg,5,7,12
getup,6,4,10
getuptime,1,0,1
getute,0,1,1
getv,1,0,1
getvideoartwork,1,0,1
getvout,0,1,1
getvup,1,0,1
getwe,0,1,1
getwellsoon,2,1,3
getwellsoonjb,2,0,2
getwhat,1,0,1
getwitter,0,1,1
getwittert,0,3,3
gety,1,0,1
getyou,0,1,1
getyourfullmooncrazytickets,0,1,1
getyourwords,0,1,1
getz,7,7,14
geu,1,0,1
geulis,0,1,1
geum,0,1,1
geuploadet,0,1,1
geuss,5,3,8
gev,0,1,1
gevaarlike,0,1,1
gevalia,1,2,3
gevalt,1,0,1
gevonden,0,1,1
gevvie,0,1,1
gewd,4,9,13
gewddnight,0,1,1
gewdnight,0,1,1
gewinner,0,1,1
gewissen,1,0,1
gewitter,1,2,3
gewonnen,0,1,1
gewoon,0,1,1
geworden,1,1,2
gewt,0,1,1
gewurztraminer,0,1,1
gewustraminer,0,1,1
gewwd,0,2,2
gey,4,3,7
geylang,3,0,3
geys,0,1,1
geyser,1,1,2
geyt,2,0,2
gez,2,0,2
gezellig,0,2,2
gezien,1,0,1
gezinswoning,0,1,1
gezz,4,2,6
gezzzzz,1,0,1
gf,312,274,586
gfa,1,0,1
gfab,0,1,1
gfad,0,1,1
gfail,2,2,4
gfalcone,0,3,3
gfb,1,2,3
gfc,3,6,9
gfcf,1,0,1
gfdi,1,0,1
gfgone,1,0,1
gfhghsjdg,1,0,1
gfhskdflasfgnpskl,0,1,1
gfii,1,0,1
gfiuhbghdfomggzz,0,1,1
gfjm,0,1,1
gfk,1,0,1
gfkdj,0,1,1
gfm,0,1,1
gfmdgjknfjkgndrjk,0,1,1
gfnhrdjxmznfmdx,1,0,1
gfno,0,1,1
gfo,1,0,1
gfor,0,1,1
gford,1,0,1
gfree,6,9,15
gfs,19,12,31
gft,2,0,2
gftcard,0,1,1
gftg,1,0,1
gfu,1,0,1
gfw,6,5,11
gfwd,1,0,1
gfwed,2,0,2
gfx,12,6,18
gfy,0,1,1
gfymonday,1,0,1
gg,114,168,282
gga,4,3,7
ggaahh,2,0,2
ggallin,0,1,1
ggas,1,1,2
ggata,0,1,1
ggaz,0,1,1
ggb,0,3,3
ggbbq,1,0,1
ggbm,0,1,1
ggd,3,0,3
ggdev,1,0,1
ggds,0,1,1
ggeee,1,0,1
ggeeeeeee,1,0,1
ggeezzz,0,1,1
gger,1,2,3
ggg,1,3,4
gggarmen,1,0,1
gggb,2,0,2
gggeee,0,1,1
gggelatooooo,0,1,1
ggggggaaaaaaaaaayyyyyyyyyyy,1,0,1
ggggggg,1,0,1
gggggggg,1,0,1
ggggggggggggggggrrrrrrrrrosssssssss,1,0,1
gggggggggggggoood,0,1,1
ggggggrrrrrr,1,0,1
gggggoooddd,0,1,1
gggggrrrrrrrrr,1,0,1
ggggh,1,0,1
ggggoooo,0,1,1
ggggorgeous,0,1,1
ggggreat,0,2,2
ggggrreeeatt,0,1,1
ggggrrr,1,0,1
ggggrrrr,2,0,2
ggggrrrrrrrr,1,0,1
ggggrrrrrrrrr,1,0,1
gggod,1,0,1
gggoooooodddd,0,1,1
gggreat,0,1,1
gggrr,1,0,1
gggrreeat,1,0,1
gggrrr,11,2,13
gggrrraaaddddd,0,1,1
gggrrrr,5,4,9
gggrrrrr,5,1,6
gggrrrrrr,1,0,1
gggrrrrrrr,1,0,1
gggs,1,0,1
ggiiirrlll,0,1,1
gging,0,1,1
ggive,0,1,1
ggl,2,1,3
ggle,0,1,1
ggm,0,1,1
ggmow,1,0,1
ggn,1,1,2
ggo,1,0,1
ggod,0,5,5
ggoing,1,1,2
ggood,1,1,2
ggoodd,0,1,1
ggooddmorning,0,1,1
ggoood,0,1,1
ggoott,1,0,1
ggori,0,1,1
ggot,0,1,1
ggp,0,1,1
ggph,0,1,1
ggreeaat,1,0,1
ggrgrgrgrgrgrgrrrrrrrrrrrrrrrr,1,0,1
ggroup,0,1,1
ggrr,7,1,8
ggrreeaaattt,0,1,1
ggrreeaatt,0,1,1
ggrrooooaaaannnnnnnnnnnnnnn,1,0,1
ggrrr,17,0,17
ggrrreeeaaattt,0,1,1
ggrrrllll,0,1,1
ggrrrr,8,0,8
ggrrrrr,4,0,4
ggrrrrrr,2,0,2
ggrrrrrrr,3,0,3
ggrrrrrrrr,0,1,1
ggrrrrrrrrr,1,0,1
ggrrrrrrrrrrrr,1,0,1
ggs,3,1,4
ggss,0,1,1
ggt,1,0,1
ggug,1,0,1
ggui,0,2,2
gguy,0,2,2
ggwen,1,0,1
ggwin,1,0,1
gh,85,60,145
gha,2,0,2
ghaa,1,0,1
ghaaa,0,1,1
ghaaaa,1,0,1
ghaalon,0,1,1
ghabbviey,0,1,1
ghabt,0,1,1
ghacksg,1,4,5
ghad,2,0,2
ghada,1,0,1
ghadi,1,0,1
ghah,1,0,1
ghaha,0,1,1
ghajini,0,1,1
ghakgambambs,1,0,1
ghalam,1,0,1
ghalat,1,0,1
ghalbum,0,1,1
ghalda,0,1,1
ghali,1,0,1
ghalib,1,2,3
ghana,5,5,10
ghanaian,1,0,1
ghanda,0,2,2
ghandi,1,0,1
ghandicon,0,1,1
ghanem,1,0,1
ghano,0,2,2
ghanooi,0,1,1
ghanta,0,1,1
ghapu,0,1,1
ghar,0,5,5
gharwalon,0,1,1
ghasan,1,0,1
ghastly,7,1,8
ghat,2,1,3
ghatam,0,1,1
ghats,1,0,1
ghaut,0,2,2
ghayfever,0,1,1
ghazali,1,0,1
ghazals,1,2,3
ghazi,1,1,2
ghb,2,1,3
ghd,11,12,23
ghds,6,0,6
ghe,0,1,1
ghealth,0,1,1
ghee,0,1,1
gheeeee,0,1,1
ghees,2,0,2
gheez,0,1,1
ghehe,0,1,1
gheime,0,1,1
gheimhridh,0,1,1
ghel,0,1,1
ghelsea,0,1,1
ghen,0,1,1
ghennifer,1,0,1
ghent,1,2,3
gherkin,1,1,2
gherkins,0,2,2
ghero,1,0,1
ghest,1,0,1
ghet,1,1,2
ghett,1,0,1
ghetto,95,66,161
ghettobastardtana,1,0,1
ghettoest,1,0,1
ghettoooooooo,0,1,1
ghettos,0,2,2
ghettosauce,1,0,1
ghettoville,1,0,1
ghettro,0,1,1
ghetttttttto,1,0,1
ghey,19,6,25
gheyb,1,0,1
gheyyy,1,0,1
gheyyyyy,1,0,1
gheyyyyyy,0,1,1
gheza,1,0,1
ghf,0,1,1
ghfgsdjfg,1,0,1
ghfinals,1,0,1
ghfjdksalfhjdks,1,0,1
ghgo,1,0,1
ghh,1,0,1
ghhh,1,0,1
ghhhhhhhh,1,0,1
ghi,0,1,1
ghia,3,1,4
ghibli,6,8,14
ghicit,0,1,1
ghie,0,1,1
ghillie,1,0,1
ghills,0,1,1
ghina,0,1,1
ghiradelli,0,5,5
ghirardelli,1,1,2
ghis,1,0,1
ghjkl,1,0,1
ghm,0,3,3
ghni,0,2,2
gho,1,0,1
ghoast,1,0,1
ghod,1,0,1
ghoda,1,0,1
ghods,0,1,1
ghoomte,0,1,1
ghooostly,0,1,1
ghooow,1,0,1
ghor,1,0,1
ghosh,0,1,1
ghoshal,1,0,1
ghost,244,223,467
ghostadventures,1,0,1
ghostbum,0,1,1
ghostbuster,9,3,12
ghostbusters,119,48,167
ghostbustersfriday,0,1,1
ghostbuters,1,0,1
ghostcogs,0,1,1
ghosted,1,0,1
ghostface,3,0,3
ghostfreak,0,1,1
ghosthunters,2,0,2
ghosthunting,1,0,1
ghosties,1,2,3
ghostiez,1,0,1
ghostish,0,1,1
ghostland,1,2,3
ghostlands,2,0,2
ghostlike,1,0,1
ghostly,4,7,11
ghostrapping,1,0,1
ghostride,0,2,2
ghostrider,2,0,2
ghosts,48,75,123
ghostsandvodka,0,1,1
ghostsbusters,0,1,1
ghostshift,1,0,1
ghostsofgirlfriendspast,1,0,1
ghostsofjupiter,0,1,1
ghosttown,1,0,1
ghostusters,1,0,1
ghostwhisperer,2,0,2
ghostworld,1,0,1
ghostwrite,0,1,1
ghostwriter,2,1,3
ghostwriters,0,1,1
ghostx,1,0,1
ghosty,1,1,2
ghoul,2,1,3
ghoulish,2,0,2
ghouls,1,0,1
ghouse,0,1,1
ghp,1,0,1
ghr,0,1,1
ghraib,2,0,2
ghray,0,1,1
ghriadelli,0,1,1
ghrr,1,0,1
ghrrrr,1,0,1
ghs,2,3,5
ghsh,2,0,2
ghsm,1,0,1
ght,2,5,7
ghtr,0,1,1
ghu,0,1,1
ghubrah,0,1,1
ghud,1,0,1
ghumaana,0,1,1
ghunghte,1,0,1
ghuoejwkamnghouewjagklnmewahiujk,1,0,1
ghurka,2,0,2
ghurl,2,0,2
ghutne,0,1,1
ghuys,0,1,1
ghworld,0,1,1
ghwt,4,4,8
ghyeyyyyyy,1,0,1
ghyllers,1,0,1
ghz,20,17,37
gi,117,107,224
gia,21,22,43
giaaa,0,1,1
giaaaan,1,0,1
giaaim,0,1,1
giacchino,2,1,3
giacomo,1,0,1
giad,0,1,1
giada,2,2,4
giai,2,0,2
gialli,1,0,1
giambi,2,0,2
giampaolo,0,1,1
gian,7,5,12
giana,1,1,2
giancarlo,0,2,2
gianduiotto,1,0,1
gianetta,1,0,1
gianfar,0,1,1
gianina,1,0,1
gianna,2,9,11
giannaa,0,1,1
giannakis,1,0,1
giannati,0,1,1
gianni,3,1,4
giannini,1,0,1
gianormous,0,1,1
giant,285,257,542
giantbomb,0,1,1
giantcolon,0,1,1
gianthamster,0,1,1
gianthug,1,0,1
giantic,0,1,1
giants,95,64,159
giantsgamevsdiamondbacks,1,0,1
gianty,2,0,2
giao,0,1,1
giardia,0,3,3
giardina,0,2,2
giardini,1,0,1
gias,0,1,1
giat,1,0,1
giati,0,1,1
gib,7,4,11
gibalter,0,1,1
gibati,1,0,1
gibb,2,5,7
gibba,0,1,1
gibbard,1,0,1
gibbered,1,0,1
gibbering,2,0,2
gibberish,6,7,13
gibbo,1,0,1
gibbon,0,1,1
gibbons,1,3,4
gibbous,0,3,3
gibbs,14,15,29
gibby,0,1,1
gibe,1,0,1
gibert,1,1,2
gibi,2,2,4
gibney,3,5,8
giboinkss,1,0,1
gibraltar,3,4,7
gibralter,1,0,1
gibran,0,3,3
gibree,0,1,1
gibs,1,0,1
gibson,29,34,63
gibsonburg,0,1,1
gibsonrockgod,0,1,1
gibsonton,0,1,1
gibt,0,4,4
gibts,0,3,3
giby,1,0,1
gibz,1,0,1
gic,1,0,1
gica,1,2,3
gichi,0,4,4
gick,1,0,1
gid,4,9,13
gidday,0,2,2
giddi,0,1,1
giddiness,0,2,2
giddly,1,0,1
giddown,0,1,1
giddy,27,99,126
giddyup,0,1,1
gideon,3,7,10
gidget,1,2,3
gidi,1,1,2
gidiyorum,1,1,2
gidley,2,3,5
gidlow,0,1,1
gido,3,0,3
gidp,1,0,1
gids,0,1,1
gie,1,4,5
gief,1,1,2
gies,2,0,2
giesal,1,0,1
giest,0,2,2
giethoorn,1,0,1
gietting,0,1,1
gievn,0,1,1
gif,36,19,55
gife,1,0,1
giff,0,1,1
giffan,1,0,1
giffin,0,2,2
gifford,0,1,1
gifs,11,8,19
gift,385,754,1139
giftcard,6,11,17
giftcards,0,5,5
giftcert,0,1,1
gifted,13,36,49
gifter,0,1,1
gifters,0,1,1
giftie,0,1,1
gifties,0,2,2
gifting,2,6,8
giftings,0,2,2
gifts,82,175,257
giftt,0,2,2
gig,648,666,1314
giga,2,1,3
gigaball,0,1,1
gigabeat,1,0,1
gigabit,2,2,4
gigablorts,0,1,1
gigabyte,0,1,1
gigabytes,2,3,5
gigalo,0,1,1
gigandet,0,9,9
giganews,1,0,1
giganic,0,1,1
giganotosaurus,1,0,1
giganteee,0,1,1
gigantes,2,0,2
gigantic,28,19,47
gigantica,1,0,1
giganto,1,0,1
gigantocat,2,0,2
gigantor,2,0,2
gigantuously,0,1,1
gigaom,0,1,1
gigapan,1,1,2
gigapixel,1,0,1
gigas,0,1,1
gigaware,1,0,1
giged,0,1,1
giger,1,0,1
gigg,0,1,1
giggadaddy,0,1,1
giggaddy,0,1,1
giggaloop,0,1,1
gigger,0,1,1
giggg,0,1,1
gigggg,1,0,1
gigggggggle,0,1,1
giggin,1,3,4
gigging,3,9,12
giggity,3,6,9
giggitygone,1,0,1
giggke,0,1,1
giggle,29,168,197
giggled,4,8,12
giggler,0,2,2
giggles,36,108,144
gigglesnort,0,1,1
gigglesome,0,1,1
gigglessssssss,0,1,1
gigglesssssssssssssss,0,1,1
giggleworthy,0,1,1
gigglin,1,0,1
giggling,8,57,65
giggly,6,16,22
giggn,0,1,1
giggs,3,5,8
giggy,1,0,1
gigi,21,22,43
gigibaba,1,0,1
gigigigi,0,1,1
gigil,0,1,1
giging,1,1,2
giginya,1,0,1
gigipie,1,0,1
gigising,0,1,1
gigit,1,0,1
giglet,0,1,1
gigography,0,1,1
gigolo,2,1,3
gigreport,0,1,1
gigs,143,163,306
gigwise,0,2,2
gih,2,2,4
gihapon,0,1,1
gihi,0,1,1
gii,2,1,3
giid,1,0,1
giigle,0,1,1
giii,2,0,2
giiiiiiiiiiiiiiiiiiirl,1,0,1
giiiiiiiiiiiirl,1,0,1
giiiiiiiiiiirls,0,1,1
giiiiiiin,0,1,1
giiiiiiirl,1,1,2
giiiiiirl,0,1,1
giiiiirl,3,1,4
giiiiirlllfriends,0,1,1
giiiiirrrrrrrll,0,2,2
giiiiive,1,0,1
giiiirl,4,4,8
giiiirlll,0,1,1
giiiirls,0,1,1
giiiirrll,0,1,1
giiiirrreat,0,1,1
giiiirrrrl,0,1,1
giiiirrrrrrrl,0,1,1
giiiist,1,0,1
giiirl,4,7,11
giiirls,0,2,2
giiirrll,1,1,2
giiirrlll,1,0,1
giiirrrl,1,1,2
giiirrrlll,0,1,1
giiirrrrrrlllll,0,1,1
giiissss,1,0,1
giiit,0,1,1
giiizzzzmooooooo,0,1,1
giirl,7,11,18
giirll,0,2,2
giirllllllll,0,1,1
giirrllll,0,1,1
giive,2,0,2
giiviing,0,1,1
gij,0,2,2
gijoe,0,2,2
gijoes,1,0,1
gijs,1,1,2
gil,14,19,33
gila,13,7,20
gilaa,1,0,1
gilaaa,4,2,6
gilaaaa,2,0,2
gilaaaaa,1,0,1
gilaaaaaaaaaaaaaa,0,1,1
gilaan,1,0,1
gilad,12,4,16
gilak,0,1,1
gilamuffin,0,1,1
gilardino,0,1,1
gilbanesf,0,1,1
gilbert,19,22,41
gilbertgarcia,1,0,1
gilberto,2,0,2
gilberts,0,1,1
gilbertt,0,1,1
gilbirmingham,3,7,10
gilbo,1,0,1
gilchrist,0,2,2
gilda,1,0,1
gilded,0,1,1
gildersleeve,0,1,1
gile,4,2,6
gilead,0,2,2
gileee,1,0,1
gilerrr,0,1,1
giles,3,10,13
gilespie,0,1,1
gilf,1,3,4
gilfriends,1,0,1
gilgamesh,2,1,3
gili,2,3,5
gilian,0,1,1
giligans,0,1,1
gill,8,17,25
gillade,0,1,1
gillan,0,2,2
gillar,0,1,1
gillard,1,0,1
gille,1,0,1
gillen,0,1,1
gilles,3,11,14
gillespie,2,1,3
gillette,2,6,8
gilley,0,1,1
gilliam,0,1,1
gilliams,1,0,1
gillian,7,14,21
gilliancita,1,0,1
gillians,0,1,1
gillie,2,1,3
gilligan,3,6,9
gilligans,0,1,1
gilliland,1,0,1
gillingham,2,0,2
gillionaires,1,0,1
gillis,1,1,2
gillmor,0,2,2
gillmore,0,1,1
gillmorgang,0,1,1
gillou,1,0,1
gills,4,4,8
gillum,1,0,1
gilly,6,9,15
gillybob,1,0,1
gillyette,1,0,1
gillys,1,1,2
gillywillykins,0,1,1
gilma,1,0,1
gilman,2,3,5
gilmo,0,1,1
gilmooooore,0,1,1
gilmore,68,80,148
gilmoregirls,0,3,3
gilmoregirlssunday,1,0,1
gilmores,0,2,2
gilmour,2,2,4
gilory,1,0,1
gilou,0,1,1
gilpaka,1,0,1
gilpin,1,0,1
gilr,1,0,1
gilroy,3,6,9
gilrs,1,1,2
gils,2,1,3
gilsenan,0,1,1
gilt,3,4,7
giltgroupe,1,0,1
gilty,1,0,1
gilulo,0,1,1
gilwell,0,1,1
gimana,6,5,11
gimanaa,0,1,1
gimanaaa,1,0,1
gimby,0,1,1
gime,0,1,1
gimee,0,1,1
gimeli,1,0,1
gimelstob,0,1,1
gimi,0,1,1
gimics,1,0,1
gimik,4,2,6
giming,0,1,1
gimini,0,1,1
gimlet,0,2,2
gimli,0,2,2
gimme,110,188,298
gimmee,1,1,2
gimmeeee,1,0,1
gimmefailwhale,1,17,18
gimmegimmegimme,0,1,1
gimmeh,0,1,1
gimmemonique,0,1,1
gimmes,0,1,1
gimmeyournumber,0,1,1
gimmi,1,1,2
gimmick,7,5,12
gimmicks,2,6,8
gimmicky,2,2,4
gimmics,1,1,2
gimmie,8,9,17
gimmieee,1,0,1
gimmiefailwhale,0,1,1
gimmik,0,1,1
gimmme,1,0,1
gimmmmeeeee,1,0,1
gimore,1,0,1
gimp,29,20,49
gimped,1,0,1
gimpin,1,0,1
gimping,1,0,1
gimpmag,0,1,1
gimps,1,0,1
gimpy,6,6,12
gimtadieniu,0,1,1
gimy,0,1,1
gin,49,69,118
gina,45,50,95
ginaa,1,0,1
ginaaaaaaaaaaaaaaaa,0,1,1
ginaaamooooon,0,1,1
ginadoles,1,0,1
ginag,0,1,1
ginagamit,1,2,3
ginagawa,1,3,4
ginalay,1,0,1
ginamous,1,0,1
ginas,2,3,5
ginasfs,1,0,1
ginataan,0,1,1
ginataang,0,1,1
ginaw,1,0,1
ginawa,1,1,2
ginawan,0,1,1
ginch,1,0,1
gincu,0,2,2
gind,3,0,3
ginder,1,0,1
gine,2,1,3
gineaus,1,0,1
ginebra,2,1,3
ginelaaaaaaaaaa,0,1,1
giner,1,0,1
ginerale,1,0,1
ginetai,1,0,1
ginets,0,1,1
ginetta,2,0,2
ginette,0,1,1
ging,9,12,21
ginga,3,0,3
ginge,3,7,10
gingeet,0,1,1
ginger,154,151,305
gingerade,0,1,1
gingerale,7,3,10
gingerb,0,1,1
gingerbabies,0,1,1
gingerbb,2,0,2
gingerbitch,0,1,1
gingerbread,5,10,15
gingercake,0,1,1
gingered,1,0,1
gingerette,1,0,1
gingerheaded,1,0,1
gingerkins,0,1,1
gingerkits,1,0,1
gingerly,2,1,3
gingerman,0,3,3
gingermobile,0,1,1
gingermuffin,1,0,1
gingerness,1,0,1
gingernuts,1,0,1
gingers,4,7,11
gingersnaps,0,1,1
gingervitis,1,0,1
gingery,0,3,3
gingeryyyy,1,0,1
gingey,0,1,1
gingg,0,1,1
ginghair,0,1,1
gingham,0,5,5
ginghers,0,1,1
ginginator,0,1,1
gingiva,0,1,1
gingivitis,2,1,3
gingko,0,4,4
gingle,0,1,1
gingo,0,1,1
gingrich,1,3,4
gingy,4,0,4
gingybread,0,1,1
gini,8,9,17
ginih,1,0,1
ginii,2,0,2
giniling,0,1,1
ginising,1,0,1
ginite,0,1,1
ginja,0,1,1
ginko,1,0,1
ginkos,0,1,1
ginna,2,0,2
ginnahs,1,0,1
ginnie,0,1,1
ginniejean,0,1,1
ginny,12,11,23
ginnyfizz,0,1,1
gino,8,29,37
ginoandfran,6,33,39
ginobili,2,0,2
ginohhhh,0,1,1
ginoism,0,1,1
ginoooo,0,1,1
ginormica,0,1,1
ginormous,28,18,46
ginos,1,1,2
ginotheoken,0,1,1
gins,1,0,1
ginsberg,1,0,1
ginseng,1,5,6
ginsters,1,0,1
gintama,0,1,1
gintox,0,1,1
ginuwine,3,5,8
ginuwines,0,1,1
ginvin,0,1,1
ginwa,1,0,1
ginx,1,0,1
ginz,1,0,1
gio,27,55,82
gioanna,0,1,1
giod,1,0,1
gioi,0,1,1
gioia,1,0,1
gioiaa,0,1,1
gion,1,1,2
giong,4,5,9
gionna,0,1,1
giono,0,1,1
gionro,0,1,1
gioo,1,0,1
giood,1,0,1
giooo,1,1,2
gioooooooooo,1,0,1
giordana,1,0,1
giordano,1,1,2
giordanos,0,1,1
giorgina,0,2,2
giorgio,2,3,5
giorgis,1,0,1
giornata,0,1,1
giorni,0,1,1
giorno,6,14,20
giov,0,2,2
giovana,1,0,1
giovanca,0,1,1
giovanna,7,9,16
giovannaaa,0,1,1
giovannas,1,0,1
giovanni,3,3,6
giovannis,1,1,2
giovassno,1,0,1
giove,1,0,1
giovent,0,1,1
giph,0,1,1
giphted,0,2,2
gipped,1,0,1
gipplsland,1,0,1
gippsland,2,0,2
gippy,1,0,1
gipson,0,1,1
gipsy,1,1,2
gipton,1,0,1
gir,3,7,10
giraffe,21,25,46
giraffee,0,1,1
giraffes,5,7,12
giraffs,0,1,1
girakon,1,0,1
giraldy,1,0,1
girard,0,1,1
girardellis,0,1,1
girardi,0,1,1
girasol,1,0,1
giratina,0,2,2
girating,0,1,1
giraud,2,11,13
girc,1,0,1
gird,0,3,3
girders,0,1,1
girdle,2,2,4
girdler,1,0,1
girdles,0,1,1
girdy,0,1,1
gire,1,0,1
gireng,0,1,1
girflriend,0,2,2
girfriend,4,1,5
girile,0,1,1
girils,0,1,1
girino,1,0,1
girish,0,1,1
girk,0,2,2
girl,4401,6094,10495
girla,1,0,1
girlarsonist,0,1,1
girlbird,1,0,1
girlbook,0,2,2
girlbucky,1,0,1
girlbut,0,1,1
girlchild,1,0,1
girlcrush,2,3,5
girled,1,1,2
girleeee,0,1,1
girlelmo,0,1,1
girles,0,1,1
girlf,1,0,1
girlfiend,0,1,1
girlfirend,1,2,3
girlfraan,0,1,1
girlfran,0,3,3
girlfrann,0,1,1
girlfrannn,1,0,1
girlfrannndd,0,1,1
girlfranz,1,0,1
girlfrd,0,1,1
girlfreind,3,1,4
girlfren,0,2,2
girlfrend,4,0,4
girlfrends,1,1,2
girlfried,1,0,1
girlfrieds,1,0,1
girlfrien,0,1,1
girlfriend,463,513,976
girlfriendddd,0,1,1
girlfriendfor,1,0,1
girlfriendless,1,0,1
girlfriends,96,123,219
girlfriieeennnd,1,0,1
girlfrnds,0,1,1
girlfy,0,1,1
girlgeek,0,1,1
girlgeekdindin,0,1,1
girlguidecookies,0,1,1
girli,0,1,1
girliboys,0,1,1
girlicious,11,7,18
girlie,95,221,316
girliee,3,1,4
girlieee,0,2,2
girlieeee,0,1,1
girliees,1,0,1
girliefriend,0,1,1
girliepop,0,1,1
girlier,2,0,2
girlies,66,109,175
girliess,2,1,3
girliesss,0,3,3
girliest,0,1,1
girliesunday,0,1,1
girliie,0,1,1
girliies,0,1,1
girliiies,0,1,1
girliness,0,1,1
girlis,0,1,1
girlish,3,7,10
girlk,1,0,1
girlkid,0,1,1
girlkiss,1,3,4
girll,12,26,38
girllie,1,2,3
girllike,1,0,1
girlll,9,16,25
girlllieeesss,0,1,1
girllll,4,11,15
girlllll,3,2,5
girllllll,1,4,5
girlllllll,0,1,1
girllllllllll,1,0,1
girlllllllllllllllllll,0,1,1
girllllllllllllllllllllll,0,1,1
girllllllllllllllllllllllllllll,0,1,1
girlllllllllls,0,1,1
girlllss,0,1,1
girlllssss,0,1,1
girllol,0,1,1
girlls,0,1,1
girllss,0,1,1
girllsss,0,1,1
girlly,1,1,2
girllyyy,1,0,1
girlmance,0,1,1
girlmelanie,1,0,1
girlmore,1,1,2
girlnight,1,0,1
girlpoints,0,1,1
girlprend,0,1,1
girls,2077,3211,5288
girlsaloud,0,3,3
girlscene,0,1,1
girlscouts,0,1,1
girlsfor,1,0,1
girlsfriends,1,0,1
girlshoes,0,1,1
girlsinthecity,0,1,1
girlskinnies,0,1,1
girlsnight,0,1,1
girlsniteout,0,1,1
girlsroom,1,0,1
girlss,8,16,24
girlsss,5,5,10
girlssss,1,0,1
girlsssss,0,1,1
girlssssss,0,2,2
girlsssssssss,0,1,1
girlssszzzzzz,0,2,2
girlstuff,0,1,1
girltalk,2,1,3
girltime,1,1,2
girlwars,1,0,1
girly,97,221,318
girlyasfuck,0,1,1
girlyed,0,1,1
girlyfriends,0,1,1
girlymen,0,1,1
girlys,3,1,4
girlyss,0,1,1
girlyvue,1,0,1
girlyy,1,2,3
girlyysh,0,1,1
girlyyyy,1,0,1
girlyz,0,1,1
girlyzz,0,1,1
girlz,15,18,33
girlzies,0,1,1
girlzz,1,0,1
girlzzz,1,1,2
girlzzzz,0,1,1
girlzzzzzzzzzzzzz,1,0,1
girn,0,1,1
giro,25,27,52
girobio,0,1,1
giron,0,1,1
girona,0,1,1
giroooo,1,0,1
girr,3,1,4
girrafe,0,1,1
girraffe,0,1,1
girrl,4,6,10
girrlll,2,3,5
girrllll,0,1,1
girrlllll,0,1,1
girrllss,0,1,1
girrlrllrlrlrllrrr,0,1,1
girrls,0,1,1
girrrl,9,10,19
girrrlfriend,0,1,1
girrrll,0,2,2
girrrllfriend,0,1,1
girrrlll,1,1,2
girrrllll,0,1,1
girrrlllll,0,1,1
girrrlllsss,1,0,1
girrrllssss,0,1,1
girrrls,0,2,2
girrrrl,8,4,12
girrrrll,0,1,1
girrrrllll,1,0,1
girrrrls,0,3,3
girrrrly,1,0,1
girrrrr,1,0,1
girrrrrl,2,1,3
girrrrrls,1,0,1
girrrrrlz,0,1,1
girrrrrrl,1,1,2
girrrrrrls,0,1,1
girrrrrrrl,1,1,2
girrrrrrrrl,0,2,2
girrrrrrrrlll,1,0,1
girrrrrrrrrrl,0,1,1
girrrrrrrrrrrrrrl,0,1,1
girsl,2,1,3
girst,0,1,1
girt,0,2,2
girth,2,2,4
girtl,1,0,1
girts,0,1,1
girugamesh,1,1,2
gis,4,7,11
gisajob,0,1,1
gisborne,0,3,3
gisbourne,2,0,2
gisburn,3,0,3
gisel,0,1,1
gisela,1,0,1
gisele,2,4,6
gisell,0,1,1
giselle,4,7,11
giselley,0,1,1
gisepis,0,1,1
gish,1,0,1
gishery,2,0,2
gisi,0,1,1
gismo,0,1,1
gispy,0,1,1
giss,0,1,1
gisselle,1,0,1
gissip,0,3,3
gisssus,1,0,1
gist,3,7,10
gister,0,1,1
git,71,68,139
gita,2,2,4
gitane,1,1,2
gitap,0,1,1
gitar,2,2,4
gitaren,0,1,1
gitaris,0,1,1
gitarr,0,1,1
gitaru,0,1,1
gitau,1,0,1
gitd,0,1,1
gite,1,1,2
giteau,0,1,1
gites,1,0,1
gitex,0,1,1
gitfail,1,0,1
gitgui,2,0,2
githa,0,1,1
github,10,14,24
giting,0,1,1
gitlfriend,0,1,1
gitmeeeeeeeee,1,0,1
gitmek,1,1,2
gitmo,4,2,6
gitna,1,0,1
gitorious,0,1,1
gitosis,1,1,2
gitready,1,0,1
gits,11,5,16
gitski,0,1,1
gitssac,0,1,1
gitta,0,1,1
gitted,1,1,2
gittin,1,1,2
gitting,1,0,1
gittit,1,0,1
gittn,1,0,1
gitu,20,20,40
gituar,0,1,1
gituh,1,0,1
gituu,1,1,2
gituuu,1,0,1
gitwar,1,0,1
gitwizards,0,1,1
gitx,0,1,1
gity,0,2,2
gitzen,1,0,1
giu,1,1,2
giugiu,0,1,1
giulia,4,2,6
giuliana,2,2,4
giuliani,1,0,1
giuliano,2,0,2
giuliettinna,0,1,1
giulio,0,1,1
giuly,0,1,1
gium,0,1,1
gius,1,0,1
giuseppe,1,4,5
giusto,0,1,1
giutar,1,2,3
giuvanni,1,0,1
giuzzzz,1,0,1
giv,23,24,47
giva,1,1,2
givanna,1,0,1
givaway,1,0,1
give,3877,4635,8512
givea,1,0,1
giveacare,0,1,1
givearle,0,1,1
giveawa,0,1,1
giveawaay,0,1,1
giveaway,54,188,242
giveaways,18,47,65
gived,1,0,1
givee,1,3,4
giveee,1,0,1
givegodgloryblog,0,1,1
givehim,0,1,1
givein,0,2,2
giveing,1,0,1
givem,1,1,2
giveme,1,0,1
givemesexy,1,0,1
givemesunnow,1,0,1
givemethestare,0,1,1
given,539,462,1001
givenaway,0,1,1
givenchy,2,2,4
giveness,0,1,1
givens,0,1,1
giver,10,17,27
givern,1,0,1
giverny,1,1,2
givers,3,2,5
giverygonks,0,1,1
gives,424,555,979
givescard,1,0,1
givesmehope,0,2,2
givesmethecreeps,1,0,1
givesss,0,1,1
giveth,3,1,4
giveu,1,0,1
giveup,1,2,3
giveupthebearic,0,1,1
giveus,1,0,1
giveway,2,1,3
giviingg,0,1,1
givin,55,48,103
givinallmyluv,0,1,1
givine,0,1,1
giving,1044,930,1974
givingmy,0,1,1
givn,2,2,4
givng,1,1,2
givs,1,0,1
givve,0,1,1
giwaayy,0,1,1
giys,1,0,1
giz,2,2,4
giza,1,0,1
gizell,2,0,2
gizelle,1,2,3
gizem,1,0,1
gizface,0,1,1
gizillion,2,0,2
gizmag,0,1,1
gizmo,31,12,43
gizmodo,5,7,12
gizmos,1,0,1
gizmoz,0,1,1
gizomomart,0,1,1
gizwolfe,0,1,1
gizza,1,1,2
gizzeek,0,2,2
gizzie,2,0,2
gizzle,2,0,2
gizzmoe,0,1,1
gizzy,3,3,6
gj,4,10,14
gja,0,1,1
gjd,3,0,3
gjdhalkgadjkghd,1,0,1
gjdhdwveue,0,1,1
gjerts,1,0,1
gjhanndy,0,1,1
gjk,1,1,2
gjort,1,0,1
gjp,2,0,2
gjs,0,2,2
gjsidusalkjh,1,0,1
gjugrngfnr,1,0,1
gjys,1,0,1
gk,41,36,77
gkbs,2,0,2
gkcd,0,1,1
gkhs,1,0,1
gkmasters,0,1,1
gknight,0,2,2
gknna,0,1,1
gknr,0,1,1
gkr,0,1,1
gkwc,0,1,1
gl,44,76,120
gla,1,2,3
glaaaaaaaad,0,1,1
glaaad,0,1,1
glaad,1,1,2
glabelmedia,0,1,1
glac,0,1,1
glace,1,2,3
glacial,1,0,1
glacially,0,1,1
glacier,12,6,18
glaciers,0,1,1
glad,2273,8255,10528
gladd,0,8,8
gladdd,0,1,1
gladddd,0,1,1
gladdened,0,1,1
glade,8,10,18
glades,1,1,2
gladesville,0,1,1
gladglad,1,0,1
gladi,0,2,2
gladiater,1,0,1
gladiator,17,19,36
gladiators,10,10,20
gladiatrix,0,1,1
gladioli,1,0,1
gladly,25,69,94
glados,2,1,3
glads,3,1,4
gladstone,5,0,5
gladu,0,1,1
gladular,1,0,1
gladwell,5,3,8
gladwen,1,0,1
gladwin,1,0,1
glady,1,1,2
gladys,4,7,11
glag,0,1,1
glagow,1,0,1
glaimee,1,0,1
glaiq,0,1,1
glaive,0,1,1
glam,12,30,42
glamapuss,0,1,1
glamarous,0,1,1
glamasaurus,1,0,1
glamazini,0,1,1
glamazon,0,1,1
glamazons,0,1,1
glambassador,0,1,1
glamber,1,0,1
glambert,6,7,13
glamberts,2,4,6
glamerous,1,0,1
glamin,0,1,1
glaminars,2,0,2
glamis,0,1,1
glamkills,1,0,1
glammed,2,5,7
glammin,0,1,1
glamming,0,2,2
glammyyy,0,2,2
glamor,0,1,1
glamorgan,2,1,3
glamorous,12,31,43
glamour,19,35,54
glamourama,0,1,1
glamourdoll,0,1,1
glamourdolleyes,1,1,2
glamourdollshadows,0,1,1
glamourgirlpearl,0,1,1
glamourkills,0,6,6
glamourlicious,0,1,1
glamourous,3,5,8
glamourouuus,0,1,1
glamourpussy,0,1,1
glamourshopping,0,1,1
glamrock,0,2,2
glamrockstar,0,1,1
glams,0,1,1
glamsters,0,1,1
glan,1,0,1
glance,12,19,31
glanced,6,4,10
glances,2,4,6
glancing,0,4,4
gland,5,3,8
glandge,1,0,1
glandila,1,0,1
glandore,1,0,1
glands,27,2,29
glandula,1,0,1
glandular,20,2,22
glans,2,0,2
glant,1,0,1
glanz,0,1,1
glare,15,9,24
glared,4,1,5
glares,13,1,14
glarghle,1,0,1
glaring,12,5,17
glaringly,1,0,1
glarus,0,1,1
glas,3,5,8
glaser,0,1,1
glasers,0,1,1
glases,1,0,1
glasesaws,0,1,1
glasgees,1,0,1
glasgow,202,154,356
glasgowhalfmarathon,0,1,1
glasgowislay,0,1,1
glasgows,1,1,2
glasgoww,1,0,1
glasgpw,1,0,1
glasilk,0,1,1
glaso,1,0,1
glasoearth,0,1,1
glass,515,617,1132
glassboro,1,0,1
glasse,1,0,1
glassed,0,1,1
glassees,0,2,2
glassers,1,0,1
glasses,556,463,1019
glassesz,0,1,1
glasseye,1,0,1
glassez,1,0,1
glassfish,5,2,7
glasshalffull,0,1,1
glasshouse,5,2,7
glassjaw,3,2,5
glasskat,1,0,1
glasss,1,0,1
glasssssses,0,1,1
glasssssss,0,1,1
glasstop,0,1,1
glassware,1,2,3
glassy,1,1,2
glast,1,1,2
glasto,128,44,172
glastonberry,1,0,1
glastonbury,87,25,112
glastonwick,1,0,1
glastoticketfail,1,0,1
glastowc,0,1,1
glasvegas,4,10,14
glaswegian,1,1,2
glatorian,0,1,1
glatso,1,0,1
glau,7,5,12
glaub,2,0,2
glaube,0,1,1
glauber,0,1,1
glaucoma,2,0,2
glaude,0,1,1
glaufn,0,1,1
glavine,0,1,1
glaw,1,0,1
glaws,1,0,1
glawster,1,0,1
glay,2,0,2
glayser,0,1,1
glayva,1,0,1
glazba,0,1,1
glaze,3,15,18
glazed,9,13,22
glazer,1,0,1
glazers,1,0,1
glazin,1,0,1
glazing,3,0,3
glb,1,0,1
glbt,5,5,10
glbtq,0,3,3
glc,1,2,3
gld,3,5,8
gldn,0,1,1
gle,0,2,2
gleam,0,1,1
gleaming,1,3,4
glean,0,1,1
gleason,0,1,1
glebe,3,2,5
gleda,0,1,1
gledam,0,1,1
gledao,0,1,1
glee,40,130,170
gleeee,0,1,1
gleeeeccckkk,1,0,1
gleeeeeeesga,1,0,1
gleeeeefully,1,0,1
gleeful,3,2,5
gleefully,0,1,1
gleek,3,1,4
gleeks,0,2,2
gleen,1,0,1
gleetings,0,1,1
gleeved,1,0,1
gleezette,0,1,1
gleghorn,0,1,1
gleich,0,3,3
glen,22,42,64
glenalbyn,1,0,1
glenarden,1,0,1
glenbervie,0,1,1
glenco,0,1,1
glencoe,2,2,4
glenda,2,0,2
glendale,16,11,27
glendalough,0,1,1
glendfiddich,1,0,1
glendora,1,2,3
glendy,1,0,1
gleneagles,1,0,1
glenelg,2,1,3
glenfiddich,0,2,2
glengormley,0,1,1
gleniboy,0,1,1
glenister,1,1,2
glenlevit,0,2,2
glenlola,0,1,1
glenmorangie,0,1,1
glenmore,0,1,1
glenn,24,37,61
glenna,2,1,3
glennallen,0,1,1
glennbeck,0,1,1
glennmorgangie,0,1,1
glennon,0,1,1
glennwood,1,0,1
glenoaks,1,0,1
glenora,1,0,1
glenplaid,1,0,1
glenpool,0,1,1
glenrothes,1,0,1
glens,1,2,3
glenside,1,0,1
glenti,0,1,1
glentress,1,0,1
glenullin,1,0,1
glenview,0,1,1
glenwood,1,1,2
gleny,1,0,1
glenys,0,2,2
glesga,0,1,1
gless,0,1,1
gleuts,0,1,1
gley,0,2,2
glez,0,1,1
glg,6,1,7
glgl,0,1,1
glglgl,1,0,1
glib,2,2,4
glibc,1,0,1
glich,0,1,1
gliches,1,0,1
glicked,1,0,1
glicks,1,0,1
glidden,0,1,1
gliddens,0,1,1
glide,2,8,10
glided,1,0,1
glider,6,6,12
gliders,3,3,6
glides,1,2,3
gliding,2,2,4
glie,0,1,1
gliff,0,1,1
glim,1,0,1
glimmer,5,1,6
glimpse,24,25,49
glimpsed,1,0,1
glimpses,17,2,19
glimpsing,0,1,1
glims,1,1,2
glinda,2,3,5
glindas,0,1,1
gling,0,1,1
glint,2,2,4
glints,0,1,1
glis,0,1,1
glismps,1,0,1
gliss,1,1,2
glissades,0,1,1
glist,0,1,1
glisten,0,1,1
glistening,4,3,7
glistens,0,1,1
glistenss,0,1,1
glitch,35,26,61
glitched,9,1,10
glitches,24,8,32
glitching,9,2,11
glitchs,1,0,1
glitchy,9,1,10
glitter,30,58,88
glitterati,0,1,1
glitterbody,1,0,1
glittered,0,3,3
glitterfied,0,1,1
glitterific,0,1,1
glittering,0,3,3
glitterpix,1,0,1
glitters,3,5,8
glitterville,0,1,1
glittery,8,7,15
glitttah,0,1,1
glitz,1,1,2
glitzzy,0,1,1
gliver,0,1,1
gliwin,1,0,1
gljds,0,1,1
gljufura,1,0,1
glk,2,0,2
gll,1,0,1
gllad,0,2,2
gllued,1,0,1
glng,0,1,1
glo,3,9,12
gloaming,0,1,1
gloaster,0,1,1
gloat,7,9,16
gloatig,1,0,1
gloatin,1,0,1
gloating,6,8,14
gloats,1,0,1
glob,0,3,3
global,151,135,286
globality,0,1,1
globalization,1,2,3
globalized,0,1,1
globalizeme,0,1,1
globally,2,13,15
globalmarijuanamarch,1,0,1
globalmixgroup,1,0,1
globalrace,0,1,1
globals,1,1,2
globaltv,1,1,2
globalwarming,1,0,1
globbits,1,0,1
globe,78,63,141
globen,0,1,1
globerts,1,0,1
globes,2,1,3
globetask,0,1,1
globetroters,0,1,1
globetrotter,0,1,1
globetrotters,2,3,5
globo,1,3,4
globofan,0,1,1
globs,4,0,4
globss,1,0,1
globul,0,1,1
globule,1,0,1
globus,1,0,1
glock,2,5,7
glockenshuidecshsks,0,1,1
glockenspiel,1,1,2
glocks,0,1,1
glocuestershire,0,1,1
glodi,0,1,1
glof,1,1,2
glogster,0,1,1
gloiriously,0,1,1
glol,0,1,1
glomerulonephritis,1,0,1
glominerals,1,0,1
glomma,0,1,1
glomming,0,1,1
glommy,1,2,3
glomp,1,5,6
glomped,0,2,2
glomping,0,1,1
glomps,1,6,7
glomptackle,0,1,1
glooking,1,0,1
glooks,1,0,1
gloom,106,35,141
gloomier,1,0,1
gloomiest,1,0,1
gloominess,1,1,2
glooming,1,0,1
gloomness,1,0,1
glooms,1,0,1
gloomsday,1,0,1
gloomy,407,95,502
gloomyy,1,0,1
glooobe,1,0,1
glooom,2,0,2
glooomy,3,1,4
glooooomy,1,0,1
gloooooorious,0,1,1
gloopy,1,2,3
gloosz,0,1,1
glop,1,1,2
glophie,2,0,2
gloray,0,1,1
glore,0,1,1
gloreous,0,1,1
glorfid,0,1,1
gloria,24,31,55
glorialynnglass,0,1,1
gloriana,4,3,7
glorias,0,1,1
glorida,0,1,1
glories,1,4,5
glorietta,6,11,17
glorificus,1,0,1
glorified,5,6,11
glorify,0,2,2
glorifying,1,2,3
gloriouisly,1,0,1
glorious,180,324,504
gloriousity,0,1,1
gloriousl,0,1,1
gloriously,9,13,22
gloriousness,0,1,1
glorirous,0,1,1
gloriuos,0,1,1
glorius,2,1,3
gloruis,0,1,1
glory,45,143,188
glorybox,0,1,1
glorys,0,1,1
glos,4,1,5
gloshes,0,1,1
gloss,31,33,64
glossary,1,2,3
glossed,0,1,1
glosses,1,2,3
glossie,0,1,1
glossing,0,1,1
glosss,1,0,1
glossy,14,9,23
glostapo,1,0,1
gloster,0,1,1
glothes,1,0,1
gloucester,12,15,27
gloucestershire,1,3,4
glourious,0,1,1
glous,0,1,1
glove,24,21,45
glovebox,1,2,3
gloved,2,0,2
glover,4,6,10
glovers,1,0,1
gloves,64,66,130
gloveshack,0,1,1
glovess,1,0,1
glovesssss,1,0,1
glovesub,0,1,1
gloving,2,0,2
glow,49,91,140
glowbal,1,0,1
glowed,1,0,1
glower,0,1,1
glowin,0,1,1
glowing,28,46,74
glowingmustacheesssssss,0,1,1
glowinthedark,0,1,1
glows,5,5,10
glowstick,2,1,3
glowsticks,4,9,13
glowworm,0,1,1
glowy,1,6,7
glowyness,0,1,1
gloz,0,1,1
glp,1,1,2
glpmmy,1,0,1
glre,0,1,1
gls,1,0,1
glsl,0,1,1
glss,0,1,1
gltch,1,0,1
glu,1,2,3
glub,1,1,2
gluck,5,3,8
gluco,0,1,1
glucosamine,0,1,1
glucose,12,4,16
glucosoholics,0,1,1
glue,92,52,144
gluebook,0,1,1
glued,37,33,70
gluegle,0,1,1
glueing,3,0,3
glues,1,1,2
gluestick,1,0,1
glueten,0,1,1
gluewein,0,1,1
gluey,2,0,2
glug,7,6,13
gluggy,1,1,2
glugs,0,1,1
gluing,1,2,3
glum,16,1,17
glumly,1,0,1
glummy,1,0,1
glumps,1,0,1
gluon,0,1,1
glurg,1,0,1
glut,1,0,1
glutamine,1,0,1
glute,1,0,1
gluteal,0,1,1
gluten,42,40,82
glutened,3,0,3
glutenfree,1,1,2
glutenfreediets,1,0,1
glutennous,1,0,1
glutens,1,0,1
gluteous,1,0,1
glutes,0,1,1
gluteus,0,1,1
glutinous,1,0,1
glutins,1,0,1
glutten,0,1,1
glutton,10,7,17
gluttonforpunishment,0,1,1
gluttonizing,1,0,1
gluttonous,3,0,3
gluttons,0,2,2
gluttony,3,5,8
gluwein,2,0,2
glx,1,1,2
glxp,0,1,1
glxy,0,1,1
glycemic,2,1,3
glycerin,1,1,2
glycerininy,0,1,1
glycogen,2,0,2
glycoma,1,0,1
glyde,1,0,1
glyders,1,0,1
glympse,0,1,1
glyn,1,2,3
glyndebourne,1,0,1
glyndwr,0,1,1
glynis,0,3,3
glynn,1,0,1
glyph,2,3,5
glyphboard,1,0,1
glyphic,0,1,1
glyphics,0,2,2
glyphoto,1,0,1
glyphs,3,3,6
glyps,0,1,1
glywed,1,0,1
gm,201,160,361
gma,76,61,137
gmac,1,0,1
gmack,1,0,1
gmai,1,1,2
gmail,285,171,456
gmailed,0,1,1
gmails,1,0,1
gmal,2,0,2
gmall,0,3,3
gman,0,2,2
gmana,0,1,1
gmanon,0,1,1
gmao,0,1,1
gmaps,5,1,6
gmarket,3,0,3
gmas,11,8,19
gmat,6,5,11
gmats,1,0,1
gmau,1,1,2
gmaw,1,2,3
gmax,1,0,1
gmb,0,1,1
gmc,4,2,6
gmca,1,0,1
gme,2,1,3
gmen,0,1,1
gmet,0,1,1
gmg,0,1,1
gmgmgmgmgmgmgm,0,1,1
gmh,0,3,3
gmhr,1,0,1
gmic,0,1,1
gmidget,1,0,1
gmik,0,1,1
gmit,0,1,1
gmk,1,0,1
gml,1,3,4
gmmamas,1,0,1
gmmb,0,1,1
gmn,9,8,17
gmna,1,1,2
gmnaa,0,1,1
gmo,0,1,1
gmod,3,3,6
gmom,2,1,3
gmomma,0,1,1
gmoney,3,2,5
gmoooornin,0,1,1
gmorg,0,1,1
gmorn,2,1,3
gmornin,6,9,15
gmorning,10,51,61
gmorningg,0,1,1
gmorninggggggg,0,1,1
gmornong,1,0,1
gmorny,0,1,1
gmote,1,0,1
gmother,0,1,1
gmourning,1,1,2
gmpd,1,0,1
gmpphhh,0,1,1
gmr,0,3,3
gmreinvention,0,1,1
gms,6,5,11
gmsf,0,1,1
gmsq,0,1,1
gmt,36,34,70
gmta,1,2,3
gmtc,0,1,1
gmtv,10,23,33
gmtweets,0,1,1
gmu,2,1,3
gmunden,1,0,1
gmv,0,1,1
gmx,2,0,2
gmy,1,0,1
gmz,0,1,1
gn,19,56,75
gna,148,103,251
gnaaa,1,0,1
gnaaaaargh,1,0,1
gnache,0,1,1
gnag,0,1,1
gnah,2,0,2
gnam,0,2,2
gnampf,1,1,2
gnar,0,2,2
gnarf,1,0,1
gnarley,1,2,3
gnarls,0,3,3
gnarly,19,14,33
gnashing,1,0,1
gnat,6,1,7
gnatbites,1,0,1
gnatcatcher,0,1,1
gnats,6,2,8
gnaw,2,2,4
gnawing,7,4,11
gnaws,1,0,1
gnbt,0,1,1
gnc,5,1,6
gnd,4,3,7
gnda,0,1,1
gne,5,2,7
gnee,1,0,1
gneeration,0,1,1
gner,1,1,2
gnf,2,0,2
gnfffffff,1,0,1
gng,16,5,21
gngb,1,2,3
gngwa,0,1,1
gnhak,0,1,1
gnhan,0,1,1
gni,3,3,6
gniepig,0,1,1
gnigghht,0,1,1
gnight,51,172,223
gnightt,1,0,1
gnighttt,1,0,1
gnightttt,1,3,4
gnightttttx,0,1,1
gnighty,1,4,5
gnigthh,0,1,1
gniight,1,0,1
gniiiiight,0,1,1
gniiiiteee,0,1,1
gniite,0,1,1
gnik,0,1,1
gninaem,1,0,1
gning,1,0,1
gnip,2,1,3
gnit,0,1,1
gnite,78,157,235
gnitee,1,2,3
gniteee,2,0,2
gniters,0,1,1
gnites,0,1,1
gnitessss,1,0,1
gnith,1,0,1
gnito,1,0,1
gnizack,1,0,1
gnna,44,27,71
gnnah,0,1,1
gnniightt,0,1,1
gnnna,1,0,1
gnnniight,1,0,1
gno,23,15,38
gnocchi,7,2,9
gnocci,0,2,2
gnochi,0,2,2
gnodc,1,1,2
gnoll,0,1,1
gnolll,1,0,1
gnolls,1,0,1
gnom,0,1,1
gnoman,0,1,1
gnome,33,28,61
gnomedex,0,1,1
gnomeregan,1,0,1
gnomes,7,13,20
gnomey,0,1,1
gnomic,0,1,1
gnommies,0,1,1
gnonyc,0,1,1
gnorib,1,0,1
gnossiennes,1,0,1
gnotty,1,0,1
gnow,1,0,1
gnp,1,0,1
gnr,14,4,18
gns,0,2,2
gnt,4,3,7
gntlmn,1,0,1
gntm,1,1,2
gnu,2,3,5
gnucash,2,1,3
gnun,1,1,2
gnus,1,0,1
gnutls,1,0,1
gnv,0,1,1
gnvc,1,0,1
gnw,12,30,42
gnwwww,0,1,1
gnye,1,0,1
gnyt,2,5,7
gnyte,0,2,2
gnytz,0,1,1
go,45634,28377,74011
goa,16,17,33
goaad,0,1,1
goad,1,0,1
goaded,1,0,1
goading,1,2,3
goagal,0,1,1
goakey,1,0,1
goal,239,398,637
goald,1,0,1
goalie,17,12,29
goalkeeper,0,2,2
goalkeepers,0,1,1
goalpost,1,0,1
goalpostr,1,0,1
goalposts,0,1,1
goals,70,120,190
goalscorer,1,0,1
goaltender,2,0,2
goaly,1,0,1
goalying,1,0,1
goan,1,6,7
goanimate,0,17,17
goanna,2,2,4
goantiques,1,0,1
goap,1,4,5
goape,1,0,1
goapele,3,2,5
goapsy,0,1,1
goard,1,0,1
goash,0,1,1
goast,1,0,1
goat,49,67,116
goatcheese,0,1,1
goate,0,1,1
goatee,12,11,23
goatees,1,0,1
goatlady,0,1,1
goatmilk,0,1,1
goats,27,38,65
goatse,1,0,1
goatsie,1,0,1
goatwhore,0,2,2
goawaygetlost,0,1,1
goawaymonday,1,0,1
gob,5,6,11
gobabysitting,1,0,1
goback,1,0,1
gobber,1,1,2
gobble,5,1,6
gobbled,3,1,4
gobbledigook,1,0,1
gobbledygook,0,1,1
gobbles,1,1,2
gobbling,1,2,3
gobbs,0,1,1
gobby,1,3,4
gobee,0,1,1
gobeithio,1,0,1
goberment,1,0,1
gobernos,0,1,1
gobfull,1,0,1
gobi,1,0,1
gobie,1,0,1
gobierno,1,0,1
gobles,1,0,1
goblet,13,30,43
goblets,1,0,1
goblin,6,6,12
goblins,1,2,3
gobne,1,0,1
gobo,0,2,2
gobos,1,0,1
gobs,4,3,7
gobshites,2,0,2
gobshitey,1,0,1
gobsmacked,3,3,6
gobstopper,1,1,2
gobstoppers,1,2,3
goc,0,1,1
gocard,1,0,1
gocats,0,2,2
gocco,1,1,2
gocconess,0,1,1
goce,1,0,1
gocek,0,1,1
gocekte,1,0,1
gocha,0,1,1
gocheeksgo,0,1,1
gocincinnati,0,1,1
gockey,0,1,1
gocomics,0,2,2
gocrashaudio,0,1,1
gocstock,1,0,1
gocys,0,1,1
god,4431,5050,9481
godaddy,24,17,41
godagot,1,0,1
godalming,0,1,1
godam,3,0,3
godamit,1,0,1
godamm,0,1,1
godammit,4,0,4
godamn,6,3,9
godamned,0,1,1
godamnit,1,0,1
godawful,10,3,13
godawgsthereisalwaysfootballseason,0,1,1
godbaby,0,1,1
godbless,5,34,39
godbrother,1,1,2
godbye,2,1,3
godbyes,1,0,1
godchild,3,6,9
godchildren,1,0,1
godchilds,1,0,1
godcousins,0,1,1
godd,16,17,33
godda,0,1,1
goddady,1,0,1
goddam,16,0,16
goddamit,12,3,15
goddamitt,1,0,1
goddammit,28,7,35
goddamn,130,33,163
goddamned,9,0,9
goddamnit,29,3,32
goddamnitt,0,1,1
goddamnjesuschristonabycicle,1,0,1
goddamnnnnn,1,0,1
goddang,1,0,1
goddangit,2,0,2
goddard,4,2,6
goddaughter,2,13,15
goddaughters,0,1,1
goddd,18,12,30
godddammmmmit,1,0,1
godddamnit,1,0,1
godddd,15,2,17
goddddd,6,3,9
goddddddd,0,1,1
godddddddd,1,1,2
godddddddddddd,1,0,1
goddess,32,63,95
goddesses,1,4,5
goddness,0,1,1
goddnight,0,1,1
goddom,1,0,1
goddy,0,1,1
gode,1,0,1
goderich,0,1,1
godess,4,5,9
godetevi,0,1,1
godfather,30,28,58
godfatheraldo,0,1,1
godfathers,0,3,3
godfixing,0,1,1
godforbid,2,0,2
godforsaken,2,3,5
godfreakinfukfak,1,0,1
godfree,0,2,2
godfrey,2,1,3
godfry,1,0,1
godhand,0,1,1
godhra,0,1,1
godi,1,2,3
godin,1,11,12
godine,0,1,1
goding,1,0,1
godis,0,1,1
godisglorious,0,1,1
godiss,0,1,1
godiva,4,9,13
godivachoc,0,1,1
godivadiva,0,1,1
godivafestival,0,1,1
godkids,0,1,1
godkitty,0,1,1
godless,0,1,1
godley,0,1,1
godlife,1,0,1
godlike,1,3,4
godlikeproductions,0,1,1
godliness,0,2,2
godlington,0,1,1
godly,5,11,16
godma,0,1,1
godmod,0,1,1
godmom,1,0,1
godmommy,0,2,2
godmommys,0,1,1
godmorgen,0,1,1
godmorning,0,2,2
godmother,8,13,21
godmothers,0,6,6
godmyohh,1,0,1
godnatt,0,1,1
godness,6,2,8
godnesss,1,0,1
godnight,1,2,3
godoij,0,1,1
godong,0,1,1
godonnygo,0,1,1
godot,6,4,10
godown,1,0,1
godoy,1,0,1
godparents,2,2,4
godpop,0,1,1
godream,0,1,1
godrocks,0,1,1
godron,0,1,1
gods,123,134,257
godsake,1,1,2
godsakes,1,2,3
godsbest,0,1,1
godsend,1,10,11
godsent,0,1,1
godsis,2,0,2
godsister,2,4,6
godsisters,0,1,1
godsmack,0,3,3
godsolite,1,0,1
godson,13,30,43
godsons,0,2,2
godspeed,10,7,17
godspell,1,2,3
godstone,1,0,1
godt,0,1,1
godta,0,1,1
godtalk,0,1,1
godtower,0,1,1
godtv,0,1,1
goduco,0,1,1
godver,1,0,1
godviagra,1,0,1
godwin,1,0,1
gody,1,0,1
godz,1,0,1
godzicki,1,0,1
godzilla,7,10,17
godzone,1,0,1
goe,4,5,9
goebel,1,0,1
goed,5,7,12
goede,1,3,4
goedkoper,0,1,1
goefer,1,0,1
goeg,1,0,1
goegeous,0,1,1
goegraphy,1,0,1
goeie,0,5,5
goeiemorgen,0,2,2
goen,5,0,5
goeos,0,1,1
goer,2,6,8
goerge,1,0,1
goerges,1,0,1
goers,4,13,17
goes,2472,2009,4481
goesh,1,0,1
goesk,1,0,1
goess,0,2,2
goesss,0,1,1
goessss,0,1,1
goest,2,0,2
goet,1,1,2
goeth,1,1,2
goethe,1,5,6
goetz,1,0,1
goeun,0,1,1
goey,1,0,1
goez,2,0,2
gof,6,2,8
gofall,0,1,1
gofar,0,2,2
goffins,0,1,1
goffy,0,1,1
gofie,0,1,1
gofield,1,0,1
gofluent,0,1,1
gofobo,0,1,1
gofte,1,0,1
gofugyourself,1,0,1
gog,2,7,9
goga,1,0,1
gogamer,1,0,1
goggie,1,0,1
goggies,1,0,1
goggiveaway,0,1,1
goggle,3,0,3
gogglebox,0,1,1
goggled,2,0,2
goggles,16,16,32
gogglez,1,0,1
goggling,1,0,1
goggul,2,0,2
gogh,3,6,9
goghish,0,1,1
gogii,0,1,1
goging,0,1,1
gogirl,0,3,3
gogiver,0,1,1
gogo,11,16,27
gogogansters,1,0,1
gogogic,0,2,2
gogogo,2,21,23
gogogogo,0,1,1
gogogogog,0,1,1
gogogogogogogogo,0,1,1
gogoing,1,0,1
gogol,3,2,5
gogolfspace,0,1,1
gogoma,1,0,1
gogoo,0,1,1
gogoplastic,0,1,1
gogos,3,1,4
gogosar,1,0,1
gogoyoko,0,1,1
gography,2,0,2
gogreen,0,1,1
gogreenclean,0,1,1
gogreensunday,0,1,1
gogrid,2,0,2
gogs,0,1,1
gogster,1,0,1
gogurt,0,1,1
gogvr,0,1,1
goh,3,12,15
gohan,0,3,3
gohardsunday,0,1,1
gohng,0,1,1
gohodddd,1,0,1
gohogsgo,0,1,1
gohome,0,1,1
gohooooo,1,0,1
gohost,1,0,1
gohtong,1,0,1
goi,6,2,8
goibhniu,0,1,1
goid,1,0,1
goig,8,7,15
goign,19,10,29
goignt,1,0,1
goiiiiin,1,0,1
goiiin,2,0,2
goiiing,1,0,1
goiin,4,6,10
goiing,12,10,22
goiinq,1,0,1
goimg,4,1,5
goin,1955,1791,3746
goina,3,3,6
goinb,1,0,1
goind,2,1,3
goine,0,1,1
goines,0,1,1
going,33689,30939,64628
goingb,0,1,1
goingbto,0,1,1
goingg,16,32,48
goinggg,9,7,16
goingggg,1,2,3
goinggggg,1,3,4
goingggggg,0,2,2
goinginto,0,1,1
goingm,0,1,1
goingnitey,0,1,1
goingo,1,1,2
goingoff,1,0,1
goingout,1,0,1
goings,1,3,4
goingt,2,1,3
goingto,9,5,14
goingvto,1,0,1
goinhg,0,1,1
goinig,0,2,2
goining,3,0,3
goinj,0,1,1
goinm,0,1,1
goinn,5,6,11
goinna,0,2,2
goinng,5,2,7
goinngg,1,1,2
goinnggg,0,1,1
goinnn,0,1,1
goinnnn,1,2,3
goinnnng,0,1,1
goino,1,1,2
goinon,1,0,1
goinout,1,0,1
goinq,2,0,2
goinswimminginmypool,0,1,1
goint,10,4,14
gointa,1,1,2
goinv,0,1,1
goinx,1,0,1
gois,0,1,1
goiter,1,0,1
goitn,1,1,2
goive,0,1,1
gojane,1,0,1
gojaygo,1,0,1
gojaysgo,1,3,4
gojeh,0,1,1
goji,0,4,4
gojin,0,1,1
gojira,0,2,2
gojiwa,1,0,1
gojo,0,2,2
goju,1,0,1
gojulas,0,1,1
gok,4,21,25
gokart,1,3,4
gokarting,0,1,1
gokarts,1,0,1
goke,0,1,1
goker,0,1,1
gokester,0,1,1
gokesters,0,4,4
gokey,100,47,147
gokeyisabigot,6,0,6
gokeyisabitch,2,0,2
gokeyisadouche,32,0,32
gokeys,1,0,1
gokh,0,1,1
gokids,1,0,1
gokil,1,1,2
gokillllll,0,1,1
gokobe,0,1,1
goks,0,1,1
goku,5,4,9
gokulashtami,0,1,1
gokusen,1,8,9
gol,9,12,21
gola,0,1,1
golakers,4,7,11
golan,0,1,1
golberg,0,1,1
golburn,1,0,1
gold,253,397,650
golda,1,2,3
goldbar,1,0,1
goldberg,3,8,11
goldbergs,0,1,1
goldblum,2,4,6
goldcard,1,0,1
goldclass,1,0,1
goldcoast,1,0,1
goldcrest,1,0,1
golddd,0,1,1
golddigger,1,2,3
golde,1,0,1
golden,194,285,479
goldendoodle,2,1,3
goldeneye,3,4,7
goldengirl,0,1,1
goldennnn,0,1,1
goldenopportunitymissed,1,0,1
goldenrod,0,1,1
goldens,0,1,1
goldenseal,0,1,1
goldenwaymedia,0,1,1
goldeyes,1,0,1
goldfee,0,1,1
goldfield,0,1,1
goldfinch,1,0,1
goldfinches,1,1,2
goldfinger,0,5,5
goldfish,77,30,107
goldfishes,3,1,4
goldfrapp,1,6,7
goldfries,1,0,1
goldi,0,1,1
goldie,15,7,22
goldies,1,1,2
goldigger,1,1,2
goldilocks,2,3,5
goldin,1,1,2
golding,1,0,1
goldish,0,1,1
goldmail,0,1,1
goldman,1,3,4
goldmember,0,4,4
goldmine,3,4,7
goldmunzen,0,3,3
goldrush,1,0,1
golds,2,4,6
goldsboro,0,1,1
goldschlager,1,1,2
goldschlagering,0,1,1
goldschlagger,0,1,1
goldshclager,0,1,1
goldsmith,1,0,1
goldspot,0,1,1
goldsprints,1,0,1
goldstar,1,2,3
goldstein,1,1,2
goldston,1,1,2
goldtongue,0,1,1
goldtouch,1,0,1
goldust,0,1,1
goldwing,0,1,1
goldy,5,2,7
golean,1,0,1
golek,2,2,4
golem,2,0,2
goleman,1,0,1
golene,1,0,1
golestan,0,1,1
goleta,0,2,2
golf,438,433,871
golfball,2,1,3
golfballs,1,1,2
golfclubs,1,0,1
golfcourse,3,2,5
golfed,3,2,5
golfer,6,12,18
golfers,3,6,9
golfin,0,2,2
golfing,65,60,125
golfish,2,0,2
golfland,1,1,2
golfn,1,0,1
golfo,1,0,1
golfon,1,0,1
golfround,0,1,1
golfs,2,1,3
golftanamo,0,1,1
golftest,0,1,1
golftweetup,1,0,1
golfy,2,0,2
golfyoldmenytypy,1,0,1
golgen,1,0,1
golgi,1,0,1
goli,1,0,1
goliath,4,8,12
golightly,1,0,1
golive,0,3,3
goliveon,1,0,1
goljan,2,0,2
golley,1,0,1
gollie,1,1,2
golllly,1,0,1
gollly,0,1,1
gollum,2,6,8
golly,16,27,43
gollygeewillikers,0,1,1
gollygoodness,1,0,1
golok,0,1,1
goloka,1,0,1
golorious,0,1,1
goloshes,1,0,1
golpe,2,0,2
golput,0,1,1
goltv,1,0,1
golves,0,1,1
golwg,1,0,1
goly,0,1,1
golz,1,1,2
gom,0,1,1
goma,0,1,1
gomagic,1,0,1
gombak,1,0,1
gombalan,0,1,1
gomc,0,1,1
gome,5,1,6
gomen,1,0,1
gomer,1,4,5
gomera,0,1,1
gomes,1,1,2
gomey,1,0,1
gomez,46,100,146
gomezlovatox,0,1,1
gomezz,0,1,1
gomiiithaaa,0,1,1
gominolaaa,1,0,1
gommel,1,0,1
gommora,1,0,1
gomna,0,1,1
gomorra,1,0,1
gomorrah,0,2,2
goms,0,1,1
gomtang,0,1,1
gomtv,1,1,2
gomy,1,0,1
gomzi,1,0,1
gon,160,106,266
gona,273,200,473
gonaa,3,2,5
gonad,1,0,1
gonads,2,1,3
gonae,3,0,3
gonan,5,3,8
gonand,0,1,1
goncang,0,1,1
gonch,1,0,1
gonchar,1,1,2
gond,1,0,1
gondis,1,0,1
gondongan,1,0,1
gondotra,0,1,1
gondrong,0,1,1
gondry,0,1,1
gone,6540,1784,8324
goneandnowimsad,1,0,1
goneback,0,1,1
gonecase,1,0,1
gonee,9,2,11
goneee,10,2,12
goneeee,2,1,3
goneeeee,1,0,1
goneeeeee,1,0,1
goneeeeeee,0,1,1
goneeeeeeeeeeeee,1,0,1
goneeeeeeeeeeeeeeee,1,0,1
goneeeeeeeeeeeeeeeeeeeeeeeeeeeeeeeeeeeeeee,1,0,1
gonen,0,1,1
goneness,0,1,1
goneon,1,0,1
goner,12,1,13
goners,1,0,1
gones,1,0,1
gonesies,2,0,2
goneski,1,0,1
gonexx,0,1,1
gonez,1,0,1
gong,18,27,45
gongbei,0,1,1
gongman,0,1,1
gongrats,0,1,1
gongratulations,0,2,2
gongs,1,1,2
gongshow,0,1,1
gongwer,1,0,1
gongxi,2,0,2
gongyo,0,1,1
goni,2,0,2
gonig,7,1,8
gonin,0,1,1
goning,5,3,8
gonipora,0,2,2
gonja,0,1,1
gonks,0,1,1
gonn,7,7,14
gonna,13171,10658,23829
gonnaa,5,5,10
gonnaaa,1,2,3
gonnaan,1,0,1
gonnab,0,1,1
gonnabask,0,1,1
gonnabe,1,1,2
gonnabethebest,0,1,1
gonnae,2,2,4
gonnaget,1,0,1
gonnah,0,1,1
gonnahave,2,0,2
gonnahs,1,0,1
gonnamiss,1,0,1
gonnamisslillybelle,1,0,1
gonnar,2,1,3
gonnatry,1,0,1
gonnawannafly,0,1,1
gonnawatch,1,0,1
gonne,8,11,19
gonnee,1,0,1
gonneee,1,0,1
gonneeeeeee,0,1,1
gonner,4,2,6
gonners,0,1,1
gonney,1,0,1
gonnga,0,1,1
gonni,1,0,1
gonnn,1,0,1
gonnna,21,19,40
gonnnae,1,0,1
gonnnna,1,1,2
gonnnnaa,1,0,1
gonnnnna,0,1,1
gonnnnnnnnnna,1,0,1
gonno,0,1,1
gonns,1,2,3
gonnu,1,0,1
gonnuh,0,1,1
gonny,1,0,1
gonococcus,1,0,1
gonsenheim,1,0,1
gonstans,1,0,1
gont,0,1,1
gontier,0,1,1
gonu,1,0,1
gonuggets,0,1,1
gonuts,0,1,1
gonw,1,0,1
gony,3,1,4
gonz,1,1,2
gonzaga,1,1,2
gonzales,0,4,4
gonzalez,6,7,13
gonzesse,0,1,1
gonzi,1,1,2
gonzo,7,7,14
gonzpiration,2,10,12
gonzywonzy,0,1,1
goo,98,142,240
goob,2,5,7
gooballs,0,1,1
goober,7,17,24
gooberific,2,1,3
gooberish,0,1,1
goobers,0,4,4
gooberz,0,1,1
gooble,0,1,1
goobs,0,1,1
goobye,4,3,7
gooch,0,2,2
goocharama,0,1,1
good,29209,62118,91327
goodaft,0,1,1
goodafternon,0,1,1
goodafternoon,2,19,21
goodafty,0,1,1
goodale,1,0,1
goodall,1,1,2
goodam,0,1,1
goodamorneeen,0,1,1
goodas,0,1,1
gooday,2,1,3
goodbar,1,2,3
goodbarry,0,1,1
goodbassplayer,0,1,1
goodbay,1,0,1
goodbey,1,1,2
goodbless,0,1,1
goodbody,1,0,1
goodbooks,1,1,2
goodboy,0,1,1
goodbuh,0,1,1
goodbuy,1,1,2
goodby,5,3,8
goodbye,1679,405,2084
goodbyeanimosity,0,1,1
goodbyee,2,5,7
goodbyeee,2,0,2
goodbyeeee,1,1,2
goodbyeeeeeeeeeeeeeeee,0,1,1
goodbyes,135,17,152
goodbyess,1,0,1
goodbyeto,1,0,1
goodbyr,0,1,1
goodbyyyyyye,0,1,1
goodcause,0,1,1
goodcharlotte,1,0,1
goodd,9,9,18
gooddaughter,1,0,1
goodday,2,10,12
gooddaymm,1,0,1
gooddd,5,5,10
goodddd,3,5,8
gooddddd,2,0,2
gooddddddd,0,1,1
goodddddddd,0,1,1
goodddddness,0,1,1
gooddick,3,0,3
gooddlucckk,0,1,1
gooddnight,0,1,1
goode,8,9,17
goodeh,0,1,1
goodelibylode,1,0,1
gooden,1,4,5
goodenergy,0,2,2
goodens,1,1,2
gooder,2,5,7
goodess,1,0,1
goodeve,0,6,6
goodeveing,0,1,1
goodevening,0,4,4
goodf,0,1,1
goodfather,0,1,1
goodfellas,3,1,4
goodfellows,1,0,1
goodfood,0,1,1
goodfooooodyyy,0,1,1
goodfor,1,0,1
goodfriend,2,0,2
goodfriends,1,0,1
goodfriens,0,1,1
goodfull,0,1,1
goodgirl,2,0,2
goodgirlsgobad,0,2,2
goodgite,0,1,1
goodgood,0,4,4
goodgoodddd,0,1,1
goodgoodgame,0,1,1
goodhead,2,1,3
goodhealth,0,1,1
goodheaven,1,0,1
goodidea,0,1,1
goodie,29,65,94
goodiebags,0,1,1
goodieee,0,1,1
goodieeeee,1,0,1
goodieeess,0,1,1
goodiemonster,0,1,1
goodies,63,156,219
goodiez,1,0,1
goodight,0,1,1
goodin,0,1,1
gooding,1,0,1
goodish,1,1,2
goodjob,0,3,3
goodjonasmorning,0,1,1
goodkarmablog,0,1,1
goodknight,8,15,23
goodl,1,1,2
goodland,1,0,1
goodle,1,0,1
goodled,1,0,1
goodlier,0,1,1
goodlife,1,6,7
goodlookin,1,3,4
goodlooking,2,6,8
goodluck,61,222,283
goodluckk,0,2,2
goodluckt,0,1,1
goodlucky,1,0,1
goodlukin,1,0,1
goodly,0,5,5
goodlyck,0,1,1
goodman,2,6,8
goodmerntin,1,0,1
goodmerrnting,0,2,2
goodmonday,0,1,1
goodmood,2,2,4
goodmoooooorning,1,0,1
goodmooooorning,0,1,1
goodmoring,2,11,13
goodmorining,1,2,3
goodmorn,2,4,6
goodmornig,0,2,2
goodmornign,0,1,1
goodmorniiiiingggggg,0,1,1
goodmornimg,0,1,1
goodmornin,8,27,35
goodmorning,219,669,888
goodmorningg,1,3,4
goodmorningggg,1,0,1
goodmorninggggg,0,1,1
goodmornings,0,1,1
goodmorninnngg,1,0,1
goodmorninq,0,1,1
goodmornjng,0,1,1
goodmornorninggg,0,1,1
goodmornting,0,2,2
goodmorring,0,1,1
goodmorrow,0,1,1
goodmournin,0,1,1
goodmusicloving,0,1,1
goodmusicthurs,0,1,1
goodn,1,0,1
goodnat,0,1,1
goodnatts,1,0,1
goodnatured,0,1,1
goodnes,3,3,6
goodness,426,637,1063
goodnesss,1,3,4
goodnesssakey,1,0,1
goodnessss,1,1,2
goodnesssssssss,0,1,1
goodnews,3,5,8
goodnewsweek,1,1,2
goodnezz,1,0,1
goodnght,1,0,1
goodnhvbg,1,0,1
goodnigh,0,2,2
goodnighf,0,1,1
goodnighhhhht,1,0,1
goodnighhhtttt,0,1,1
goodnighhtt,0,1,1
goodnighhttt,0,1,1
goodnight,1202,4334,5536
goodnightie,0,1,1
goodnighting,0,1,1
goodnightlava,0,1,1
goodnightmoon,0,1,1
goodnightmorning,0,1,1
goodnightnewyork,1,0,1
goodnightnow,0,1,1
goodnights,5,10,15
goodnightt,4,15,19
goodnighttt,2,10,12
goodnightttt,0,9,9
goodnighttttt,2,5,7
goodnightttttt,0,3,3
goodnighttttttt,0,3,3
goodnighttttttttttt,0,1,1
goodnightttttttttttttt,1,0,1
goodnightttworld,1,0,1
goodnightworld,0,1,1
goodnightx,1,0,1
goodnightxx,0,1,1
goodnighty,3,1,4
goodnightz,0,1,1
goodnigt,2,0,2
goodnigth,1,1,2
goodnigtlht,0,1,1
goodnigu,0,1,1
goodnii,0,1,1
goodniight,1,2,3
goodniiight,0,2,2
goodniiiight,2,3,5
goodniiiiight,0,4,4
goodnik,1,0,1
goodninght,0,1,1
goodniqht,0,2,2
goodnit,1,1,2
goodnite,92,221,313
goodnitee,1,3,4
goodniteee,1,1,2
goodniteeee,0,1,1
goodniteeeee,0,1,1
goodnites,1,2,3
goodnitey,0,1,1
goodnnighttt,0,1,1
goodnow,1,0,1
goodnyt,1,5,6
goodnyte,0,6,6
goodo,2,6,8
goodone,2,0,2
goodp,1,0,1
goodpussy,11,0,11
goodread,0,1,1
goodreads,5,5,10
goodrem,1,2,3
goodrick,1,0,1
goods,42,71,113
goodsams,1,0,1
goodservice,0,2,2
goodsex,17,119,136
goodsexhas,1,0,1
goodshit,0,3,3
goodsong,0,1,1
goodsons,0,1,1
goodstuff,2,0,2
goodthing,3,5,8
goodtime,1,5,6
goodtimes,12,22,34
goodtimesaregon,0,1,1
goodtimess,0,1,1
goodtimeswithmo,0,1,1
goodtimnes,0,1,1
goodtweets,0,1,1
gooduck,0,1,1
goodun,3,0,3
goodvagina,1,0,1
goodway,1,1,2
goodweekend,0,2,2
goodwhen,1,0,1
goodwill,12,27,39
goodwilling,0,1,1
goodwin,0,3,3
goodwindup,0,3,3
goodwinterfood,0,1,1
goodwood,3,1,4
goodwork,0,2,2
goodworrk,0,1,1
goodxd,0,1,1
goody,30,47,77
goodyear,6,1,7
goodyears,1,0,1
goodygoody,0,1,1
goodytwoshoes,0,1,1
goodz,1,1,2
gooe,1,0,1
gooevening,0,1,1
gooey,15,15,30
goof,9,34,43
goofball,1,8,9
goofballism,1,0,1
goofballs,0,1,1
goofed,3,6,9
goofffff,0,1,1
goofiestrella,0,1,1
goofin,3,2,5
goofiness,1,0,1
goofing,5,15,20
goofnight,0,1,1
goofs,0,1,1
goofy,24,74,98
goofygoober,0,1,1
goog,8,16,24
googa,1,0,1
googamooga,0,1,1
googbye,1,0,1
googd,0,1,1
googdnight,1,0,1
googeld,0,1,1
googelplex,0,1,1
googing,1,0,1
google,980,1476,2456
googlea,1,0,1
googleable,1,0,1
googleappengine,1,0,1
googleapps,0,1,1
googlebot,1,0,1
googlebowling,1,0,1
googlecar,0,1,1
googlecheck,0,1,1
googlechrome,3,1,4
googleconnect,1,0,1
googled,69,65,134
googledesk,1,0,1
googledocs,3,0,3
googledotit,0,1,1
googlefail,0,1,1
googlegroup,0,1,1
googleing,0,1,1
googleio,2,0,2
googlejack,0,1,1
googlemail,3,1,4
googlemancy,1,0,1
googlemaps,2,2,4
googlepack,1,0,1
googlepages,1,0,1
googlepedia,1,0,1
googlephone,0,2,2
googleplex,0,1,1
googler,1,2,3
googlereader,2,1,3
googlers,2,0,2
googles,2,7,9
googlesearchbot,1,0,1
googlestreetcar,1,0,1
googletalk,1,1,2
googleupdate,0,1,1
googlevoice,1,0,1
googlewave,5,23,28
googlewtf,1,0,1
googley,2,1,3
googlin,0,2,2
googling,43,46,89
googlu,1,0,1
googluck,0,1,1
googly,4,3,7
goognight,0,2,2
googoled,0,1,1
googoo,0,5,5
googs,1,0,1
googtech,0,1,1
gooin,0,1,1
gooines,1,0,1
gooing,1,6,7
gooingg,0,1,1
gookey,1,0,1
gookkeeyyyy,1,0,1
gool,0,1,1
goolash,0,1,1
goold,0,1,1
goole,0,2,2
goolish,1,0,1
goolopp,1,0,1
goolsby,0,1,1
goolsbys,1,0,1
goolux,0,1,1
goom,1,4,5
goomba,0,1,1
goombay,1,0,1
goon,7,18,25
goona,14,8,22
goonan,0,1,1
goonda,0,1,1
goondas,1,0,1
goondocks,0,1,1
gooner,0,1,1
gooners,1,0,1
goonette,0,1,1
goonface,0,1,1
goong,1,1,2
goonhilly,1,0,1
goonie,1,0,1
goonies,2,22,24
goonight,2,14,16
goonite,1,0,1
goonl,1,0,1
goonnna,0,1,1
goonnnnaaa,0,1,1
goons,4,4,8
goonyttt,1,0,1
goonz,2,0,2
gooo,62,84,146
goood,151,451,602
gooodafternoon,0,1,1
gooodafternooon,0,1,1
gooodbye,4,3,7
gooodbyeee,1,1,2
gooodd,2,12,14
goooddd,2,11,13
gooodddd,1,2,3
goooddddd,0,1,1
goooddddddd,1,0,1
gooodddddddd,0,1,1
gooodddniteeee,0,1,1
goooddeemiiittt,1,0,1
goooddie,0,1,1
goooddnigggghhhttt,0,1,1
goooddnighttt,0,1,1
gooodevening,0,1,1
gooodgoooood,1,0,1
gooodie,0,2,2
gooodluck,0,2,2
gooodmorniiiiing,0,1,1
gooodmornin,0,1,1
gooodmorning,7,14,21
gooodmorningg,0,1,1
gooodness,1,1,2
gooodnesssss,1,0,1
gooodnight,5,42,47
gooodnightt,0,1,1
gooodnighttt,0,1,1
gooodnighty,0,1,1
gooodniight,0,1,1
gooodniiight,0,1,1
gooodnite,0,1,1
gooodnyt,0,1,1
gooods,0,1,1
gooof,0,1,1
gooogle,0,1,1
goooin,0,1,1
goooing,0,4,4
gooon,1,1,2
gooonayt,1,0,1
gooone,3,0,3
goooneee,1,0,1
gooonnneee,1,0,1
goooo,48,62,110
gooood,82,272,354
gooooda,0,1,1
goooodboook,0,1,1
goooodbye,1,2,3
goooodbyeee,0,1,1
goooodd,1,3,4
gooooddd,1,5,6
goooodddd,0,6,6
gooooddddd,2,1,3
goooodddnight,0,1,1
goooodie,0,2,2
goooodknight,0,1,1
goooodl,0,1,1
goooodluck,0,1,1
goooodluckk,0,1,1
goooodmorning,4,15,19
goooodmorningggggggggg,0,1,1
goooodness,2,1,3
goooodnight,2,34,36
goooodnighttt,0,1,1
goooodnightttt,2,0,2
goooodnighttttt,0,1,1
goooodniight,0,1,1
goooodniiight,1,0,1
goooodniite,0,1,1
goooodniteee,0,1,1
gooooin,1,0,1
gooooing,1,0,1
gooooinnnggg,0,1,1
gooool,0,1,1
goooold,0,1,1
goooon,0,2,2
goooone,3,0,3
goooonnneeee,0,1,1
gooooo,34,27,61
goooood,55,222,277
gooooodd,0,2,2
goooooddd,2,6,8
gooooodddd,1,2,3
goooooddddd,0,1,1
gooooodddddd,1,1,2
gooooodmorniiiiiiiiiiiiiiiing,0,1,1
gooooodmorning,2,5,7
gooooodnight,4,14,18
gooooodnite,0,1,1
gooooodniteee,0,1,1
gooooodniteeeee,0,1,1
gooooodtimes,0,1,1
goooooin,1,0,1
goooooing,0,1,1
gooooone,1,0,1
goooooneee,1,0,1
gooooonight,0,1,1
goooooo,14,17,31
gooooood,23,123,146
goooooodbye,0,1,1
goooooodd,0,1,1
gooooooddd,1,1,2
gooooooddddd,0,2,2
goooooodddddd,1,0,1
goooooodmoring,1,0,1
goooooodmorning,1,3,4
goooooodmorninggg,1,0,1
goooooodness,0,1,1
goooooodnight,0,10,10
goooooodnites,0,1,1
gooooooey,0,1,1
gooooooniiiiiiight,0,1,1
gooooooo,19,6,25
goooooood,12,61,73
gooooooodd,1,1,2
goooooooddd,0,1,1
gooooooodddd,1,1,2
gooooooodddddd,0,1,1
gooooooodmornight,1,0,1
gooooooodmorning,0,2,2
gooooooodness,2,0,2
gooooooodnight,0,4,4
gooooooody,0,1,1
gooooooone,2,0,2
goooooooo,6,8,14
gooooooood,9,45,54
goooooooodddd,0,1,1
goooooooodluck,0,1,1
goooooooodmorning,0,1,1
goooooooodnaaaaayt,0,1,1
goooooooodness,1,0,1
goooooooodnight,1,3,4
goooooooodtimes,0,1,1
gooooooooo,1,5,6
goooooooood,6,23,29
gooooooooom,1,0,1
goooooooooo,4,1,5
gooooooooood,2,21,23
goooooooooodddddddd,0,1,1
goooooooooodmorning,0,1,1
gooooooooooed,0,1,1
gooooooooooo,0,1,1
goooooooooood,5,18,23
gooooooooooodddddddddd,0,1,1
gooooooooooodmorning,0,2,2
gooooooooooone,0,1,1
goooooooooooo,3,3,6
gooooooooooood,2,9,11
goooooooooooodmorning,1,0,1
gooooooooooooo,1,1,2
goooooooooooood,1,6,7
goooooooooooooo,1,0,1
gooooooooooooood,0,4,4
gooooooooooooooo,2,0,2
goooooooooooooood,0,4,4
gooooooooooooooood,0,6,6
goooooooooooooooodmorning,0,1,1
goooooooooooooooood,0,2,2
gooooooooooooooooog,0,1,1
goooooooooooooooooo,1,1,2
gooooooooooooooooood,1,2,3
goooooooooooooooooodnight,0,1,1
gooooooooooooooooooo,0,1,1
goooooooooooooooooood,0,1,1
goooooooooooooooooooo,0,1,1
gooooooooooooooooooood,0,3,3
goooooooooooooooooooood,0,1,1
goooooooooooooooooooooooo,1,0,1
gooooooooooooooooooooooood,0,1,1
goooooooooooooooooooooooood,0,3,3
goooooooooooooooooooooooooood,0,2,2
gooooooooooooooooooooooooooooood,0,1,1
goooooooooooooooooooooooooooooooooodmorning,0,1,1
goooooooooooooooooooooooooooooooooood,0,1,1
gooooooooooooooooooooooooooooooooooood,0,1,1
gooooooooosh,0,1,1
goooooooosh,1,0,1
gooooooooshh,1,0,1
gooooooot,0,1,1
goooooorgeous,0,1,1
goooooose,0,1,1
goooooosh,1,0,1
gooooopd,0,1,1
gooooorgeous,1,1,2
gooooosh,0,1,1
goooor,0,1,1
gooooregous,0,1,1
goooorgeous,1,1,2
goooosh,6,3,9
gooooshhh,1,0,1
gooorgeooous,0,1,1
gooorgeous,1,1,2
gooorgeouss,0,1,1
goooseeee,0,1,1
gooosh,9,4,13
gooosssshhhh,1,0,1
gooot,0,1,1
gooottttcccchhhaaaa,0,1,1
gooow,1,0,1
goop,9,3,12
goopy,6,0,6
goor,1,0,1
goorgeous,1,0,1
gooroos,0,1,1
goos,3,11,14
goosbumps,0,1,1
goose,72,98,170
gooseans,0,1,1
gooseberries,0,2,2
gooseberry,1,1,2
goosebump,0,1,1
goosebumps,18,42,60
goosed,1,1,2
goosegrade,0,1,1
gooseling,0,1,1
gooseness,0,1,1
goosepimples,1,0,1
goosey,0,1,1
gooseys,1,0,1
goosfraba,0,1,1
goosh,4,5,9
goossh,0,1,1
goosshhhh,0,1,1
goosync,0,2,2
goot,2,4,6
goota,3,0,3
gootch,1,0,1
goout,1,0,1
goouuyss,0,1,1
goozex,1,0,1
gop,8,19,27
gopdnight,0,1,1
gope,0,1,1
gopeng,1,0,1
gopensgo,1,0,1
goper,0,1,1
gopets,2,0,2
gopfail,1,0,1
gopher,3,5,8
gophers,1,0,1
gophone,1,0,1
gophster,0,1,1
gopies,0,1,1
goping,0,1,1
goplay,1,0,1
gopo,1,0,1
gopyouth,0,1,1
gor,11,12,23
gora,0,1,1
goramm,1,0,1
goran,1,0,1
gorana,0,1,1
gorang,1,0,1
gorani,0,1,1
goranson,2,0,2
gorayeb,0,1,1
gorazdu,1,0,1
gorbachev,1,1,2
gorbie,0,1,1
gorcery,1,0,1
gord,0,1,1
gorda,1,1,2
gordan,0,3,3
gordano,0,1,1
gordayday,1,0,1
gorden,0,2,2
gordgoshie,1,0,1
gordi,1,0,1
gordia,0,1,1
gordida,0,1,1
gordiiiiis,0,1,1
gordis,0,1,1
gordita,4,4,8
gorditas,2,0,2
gorditoe,0,1,1
gordo,5,5,10
gordon,65,89,154
gordons,3,2,5
gordy,1,1,2
gore,16,24,40
gorecki,0,1,1
gorefest,3,0,3
gorefiend,0,1,1
goregeous,0,1,1
goregous,1,4,5
goreline,0,1,1
goren,5,1,6
goreng,21,16,37
gorenggg,1,0,1
gorengggg,0,1,1
gorensque,1,0,1
goreous,1,0,1
goreousssss,0,1,1
goretex,0,1,1
gorey,0,3,3
gorfod,1,0,1
gorg,12,15,27
gorganzola,1,1,2
gorge,26,28,54
gorged,1,1,2
gorgedmyself,1,0,1
gorgemous,1,0,1
gorgeoous,1,0,1
gorgeos,0,2,2
gorgeous,601,1590,2191
gorgeouschick,2,0,2
gorgeouse,0,1,1
gorgeously,2,7,9
gorgeousness,2,5,7
gorgeouss,0,8,8
gorgeousss,1,5,6
gorgeoussss,1,4,5
gorgeousssss,0,1,1
gorgeoussssss,0,2,2
gorgeouus,0,1,1
gorgeouuss,0,2,2
gorgepus,0,1,1
gorgerous,0,1,1
gorgetting,0,1,1
gorgeus,0,2,2
gorgg,0,2,2
gorgggeous,0,1,1
gorgie,1,5,6
gorgimous,1,0,1
gorging,1,3,4
gorgious,1,0,1
gorgoeus,0,1,1
gorgonola,0,1,1
gorgonzola,0,6,6
gorgot,2,0,2
gorgoues,0,1,1
gorgous,6,13,19
gorgouse,1,2,3
gorgus,0,1,1
gorgusss,0,2,2
gorguts,0,1,1
gorguzz,1,0,1
gorham,3,1,4
goria,0,1,1
gorie,0,3,3
goriii,0,1,1
gorilla,13,36,49
gorillafight,1,0,1
gorillalandscaping,0,1,1
gorillas,2,3,5
gorillaz,0,6,6
gorillias,0,1,1
goring,2,1,3
gorjess,0,1,1
gorjj,0,1,1
gorjus,0,2,2
gorjuss,0,1,1
gorjusses,0,1,1
gorjusss,0,2,2
gorjuz,0,1,1
gorkem,1,0,1
gorkov,0,1,1
gorky,2,1,3
gorl,1,1,2
gorleston,0,1,1
gorman,2,2,4
gormless,1,0,1
gormobja,1,0,1
gormobjb,1,0,1
gormod,1,0,1
gorn,0,1,1
gorne,0,1,1
gorningue,0,1,1
goro,1,0,1
gorogeous,0,1,1
goroger,0,1,1
gorom,2,0,2
gorra,1,1,2
gorram,1,2,3
gorrected,0,1,1
gorrecy,1,0,1
gorrillapod,1,0,1
gorrillaz,1,0,1
gorrrgeous,0,1,1
gorrrre,0,1,1
gorrrrgeous,0,1,1
gorrrrrr,1,0,1
gorrrrrrdon,1,0,1
gorrrrrrrrrrrgeous,0,1,1
gorrrrrrrrrrrrgeous,0,1,1
gors,0,1,1
gorse,0,2,2
gorsh,0,2,2
gorshhh,1,0,1
gorss,1,0,1
gorsuch,0,1,1
gortat,0,2,2
gorton,1,0,1
goruco,1,0,1
gorup,0,1,1
gory,7,7,14
gos,11,4,15
gose,1,1,2
gosebumps,2,0,2
gosen,1,0,1
goses,1,0,1
gosford,3,3,6
gosforth,1,2,3
gosgos,1,0,1
gosh,1165,681,1846
goshawk,0,3,3
goshdamn,1,0,1
goshdarn,1,0,1
goshen,0,1,1
goshers,1,0,1
gosherzzzzzzzzzzzzzzz,1,0,1
goshgoshgosh,0,1,1
goshh,32,20,52
goshhh,20,9,29
goshhhh,9,4,13
goshhhhh,1,0,1
goshhhhhhh,1,0,1
goshhhhhhhhhh,2,0,2
goshhhhhhhhhhhh,1,0,1
goshim,0,1,1
goshness,0,2,2
goshogun,1,0,1
gosht,1,0,1
goshy,1,1,2
gosia,1,0,1
gosip,3,3,6
goslin,1,0,1
gosling,6,3,9
goslings,1,2,3
gospel,24,45,69
gospelfamily,0,1,1
gospels,0,1,1
gosport,0,1,1
gosports,0,1,1
goss,10,17,27
gossbear,1,0,1
gosselin,41,7,48
gosselins,8,1,9
gossellin,0,1,1
gosses,0,1,1
gossh,1,4,5
gosshh,1,1,2
gosshhh,2,1,3
gosshhhh,1,0,1
gosshlien,1,0,1
gossi,0,1,1
gossiip,1,0,1
gossip,257,423,680
gossiped,2,2,4
gossipgirl,8,13,21
gossipgirls,0,1,1
gossipgurl,1,0,1
gossiphere,1,0,1
gossiping,4,21,25
gossipink,0,1,1
gossipping,0,1,1
gossips,5,15,20
gossipy,1,2,3
gosslien,1,0,1
gosslin,2,1,3
gossling,1,0,1
gosslings,0,1,1
gosslins,2,0,2
gossow,1,0,1
gossp,0,1,1
gosspel,1,0,1
gosspip,0,1,1
gosssh,2,0,2
gossshh,3,1,4
gossshhhh,0,1,1
gosssip,1,1,2
gossssh,1,0,1
gossssssssssh,1,0,1
gost,0,2,2
gosta,3,0,3
gostas,0,1,1
gostava,3,0,3
gostei,0,11,11
gostem,0,1,1
gosto,5,9,14
gostooooooooooooou,0,1,1
gostosa,0,1,1
gostosinho,0,1,1
gostou,1,2,3
gosupermodel,1,0,1
got,33408,28037,61445
gota,100,36,136
gotacha,0,1,1
gotch,1,1,2
gotcha,38,142,180
gotchaaaaaa,0,1,1
gotchas,0,1,1
gotcher,0,1,1
gotchoo,0,1,1
gotchu,5,15,20
gotchur,0,1,1
gotchuu,0,1,1
gotchya,0,1,1
gotcj,1,0,1
gotcmkx,0,1,1
gotdamn,2,1,3
gotdamned,1,0,1
gotdang,1,0,1
gotdernit,1,0,1
gotdommit,1,0,1
goteambetty,1,0,1
gotee,1,0,1
goteen,1,0,1
gotehmburg,0,1,1
goteki,0,1,1
goten,1,1,2
gotesco,1,0,1
gotg,0,1,1
goth,26,32,58
gotha,0,1,1
gothalicious,0,1,1
gotham,8,6,14
gothayesd,0,1,1
gothday,0,1,1
gotheburg,0,1,1
gothenburg,2,13,15
gotheon,0,1,1
gothere,3,11,14
gothic,10,24,34
gothicalrose,1,0,1
gothicism,0,1,1
gothicx,0,1,1
gothied,0,1,1
goths,2,1,3
gothscene,0,1,1
gothy,1,1,2
goticarke,0,1,1
goticas,1,0,1
gotitas,0,1,1
gotive,0,1,1
gotj,0,1,1
gotk,1,0,1
gotkwales,0,1,1
gotland,1,6,7
gotmilk,0,1,1
gotmy,0,1,1
gotn,1,0,1
goto,77,60,137
gotoandlearn,0,1,1
gotoews,0,1,1
gotomeeting,0,3,3
gotomypc,0,1,1
gotosa,0,1,1
gotproblems,1,0,1
gotr,1,1,2
gots,201,154,355
gotsa,3,4,7
gotsaga,1,0,1
gotst,1,0,1
gotsta,13,7,20
gotsto,1,0,1
gotsuhh,0,1,1
gotsum,0,1,1
gott,8,16,24
gotta,5302,3990,9292
gottaa,0,2,2
gottaaa,1,1,2
gottaaaaa,1,0,1
gottabesomebody,0,1,1
gottaeat,0,1,1
gottagettotopshop,0,1,1
gottago,1,0,1
gottah,3,2,5
gottal,0,1,1
gottaloveourhumbleness,0,1,1
gottan,1,0,1
gottaove,0,1,1
gottas,1,0,1
gottasay,0,1,1
gottatrust,1,0,1
gottcha,0,3,3
gotte,2,3,5
gotted,1,2,3
gottem,0,1,1
gotten,877,395,1272
gotter,1,0,1
gottfried,0,1,1
gotthingsdone,0,1,1
gotti,4,5,9
gotting,1,0,1
gottis,1,2,3
gottmilkkk,0,1,1
gottn,2,0,2
gotto,15,4,19
gotton,5,1,6
gotts,3,0,3
gottschalks,1,1,2
gottt,1,1,2
gottta,9,2,11
gotttaa,0,1,1
gottten,1,0,1
gotttt,0,1,1
gottttta,1,0,1
gotttttt,0,1,1
gotu,0,1,1
gotukola,1,1,2
gotup,2,0,2
gotvschool,1,0,1
gotwoke,0,1,1
goty,1,1,2
gotya,0,1,1
gotye,0,2,2
gotz,10,11,21
gotzzz,0,1,1
gouache,1,0,1
gouda,1,9,10
gouge,3,1,4
gouged,2,0,2
gougers,1,1,2
gough,1,1,2
gouging,1,0,1
gougou,1,0,1
gouing,1,1,2
gouki,1,0,1
goul,1,0,1
goula,0,1,1
goulash,1,1,2
goulbourne,0,1,1
goulburn,1,1,2
gould,0,4,4
goulet,1,1,2
gounded,1,0,1
goung,2,1,3
goup,1,0,1
gourd,5,1,6
gourdon,0,1,1
gourds,0,3,3
gourgeous,3,1,4
gourgous,0,1,1
gourmandises,0,1,1
gourmandized,0,1,1
gourmet,19,27,46
gourmetcook,1,0,1
gourmets,1,0,1
gourmett,1,0,1
gourock,1,3,4
gours,1,0,1
gourtney,0,1,1
gourville,1,0,1
gousy,0,1,1
gout,13,4,17
goute,0,1,1
gouvernment,1,0,1
gouwd,0,1,1
gouy,0,1,1
gouyave,1,0,1
gov,93,73,166
gova,0,1,1
govan,2,0,2
govanhill,0,1,1
govannen,0,1,1
govenance,0,1,1
govenator,1,0,1
govenor,1,1,2
goverment,13,9,22
governance,3,0,3
governator,1,2,3
governent,1,0,1
governer,0,1,1
governing,3,1,4
government,123,86,209
governmental,3,0,3
governments,4,2,6
governor,9,26,35
governors,2,2,4
governs,0,3,3
govers,1,0,1
govert,0,1,1
goves,0,1,1
govinda,1,3,4
govindas,0,1,1
govloop,0,1,1
govmnt,1,0,1
govmt,1,1,2
govn,1,0,1
govnt,1,0,1
govolo,0,1,1
govrmt,1,0,1
govs,0,1,1
govschwarzenegger,0,1,1
govt,59,42,101
govts,1,0,1
gow,21,18,39
gowalla,0,1,1
gowalled,1,0,1
gowan,1,1,2
gowanda,0,1,1
gowans,0,1,1
gower,3,4,7
gowiii,0,1,1
gowing,3,0,3
gowings,0,2,2
gown,40,63,103
gowna,0,1,1
gowned,0,1,1
gownna,1,0,1
gownnn,0,1,1
gowns,8,12,20
gowran,0,1,1
gows,0,1,1
gowty,0,1,1
gox,0,1,1
goy,2,3,5
goya,3,3,6
goyang,2,0,2
goyangan,1,0,1
goyder,1,0,1
goyisha,0,1,1
goyle,0,1,1
goys,0,2,2
goyuhls,0,1,1
goyur,1,0,1
goyyyyz,0,1,1
goz,1,2,3
gozaimasu,1,4,5
gozando,0,1,1
gozleme,0,1,1
gozo,0,2,2
gp,157,87,244
gpa,56,26,82
gparent,0,1,1
gparents,6,7,13
gparted,1,2,3
gpas,2,1,3
gpbm,1,0,1
gpc,1,0,1
gpg,3,3,6
gpgirl,0,1,1
gpgmail,0,1,1
gphi,1,0,1
gphis,0,1,1
gphone,4,0,4
gping,3,1,4
gpj,0,1,1
gpk,0,2,2
gpl,4,3,7
gplot,1,0,1
gpm,0,1,1
gpne,1,0,1
gpnna,0,1,1
gpo,2,2,4
gpoing,2,0,2
gpokr,0,1,1
gpoyw,0,1,1
gpp,5,6,11
gppd,1,0,1
gppo,0,1,1
gpr,0,2,2
gprof,1,0,1
gprs,38,6,44
gps,119,94,213
gpsassassin,0,1,1
gpsed,1,0,1
gpses,0,1,1
gpsphone,1,0,1
gpsr,1,0,1
gpt,3,4,7
gptta,0,1,1
gpu,6,6,12
gpw,1,0,1
gpx,2,2,4
gpxplus,1,0,1
gq,8,11,19
gqjjdadmdla,1,0,1
gqmf,10,10,20
gqmfness,1,0,1
gqmfs,1,1,2
gqmofo,0,1,1
gqotd,2,1,3
gqsb,0,1,1
gr,299,578,877
gra,6,4,10
graaaa,1,1,2
graaaaaaaaaaaaaace,1,0,1
graaaaaaaaand,0,1,1
graaaaaaand,0,1,1
graaaaading,0,1,1
graaaads,0,1,1
graaabe,0,1,1
graaaduating,0,1,1
graaah,1,0,1
graaahhh,1,0,1
graaargh,1,0,1
graacias,0,1,1
graaciiass,0,1,1
graad,1,0,1
graanda,1,0,1
graandma,0,1,1
grab,222,360,582
graban,0,1,1
grabar,1,0,1
grabaron,1,0,1
grabasnack,0,1,1
grabbed,71,74,145
grabber,2,1,3
grabbers,2,0,2
grabbin,4,8,12
grabbing,37,61,98
grabbity,0,1,1
grabbn,0,1,1
grabby,2,1,3
grabbyhands,0,1,1
grabe,26,18,44
grabeel,1,1,2
grabeh,1,1,2
grabeng,0,1,1
grabing,1,1,2
grabit,2,0,2
graboid,1,0,1
grabs,13,29,42
grabup,4,0,4
grac,0,2,2
grace,152,292,444
graced,2,10,12
graceee,1,0,1
graceeeeee,0,1,1
graceful,3,12,15
gracefull,0,2,2
gracefullness,0,1,1
gracefully,3,9,12
gracehounds,0,1,1
graceland,2,5,7
gracelandnews,1,0,1
graceling,1,2,3
gracen,1,0,1
graces,7,5,12
gracetalk,1,0,1
gracey,1,0,1
grache,1,0,1
grachelle,0,1,1
grachtenloop,0,1,1
gracia,1,3,4
graciaaas,0,3,3
gracias,7,91,98
graciass,0,1,1
graciassss,0,1,1
graciassssss,0,1,1
gracie,24,29,53
graciegee,1,0,1
gracielam,1,0,1
graciemccarvill,1,0,1
gracies,2,2,4
graciias,0,1,1
gracin,2,1,3
gracing,4,8,12
gracious,22,38,60
graciously,3,5,8
graciousness,1,2,3
gracy,0,2,2
grad,502,616,1118
gradating,1,0,1
gradation,3,2,5
gradauation,0,1,1
gradd,2,1,3
gradddd,0,1,1
graddy,1,0,1
grade,464,330,794
gradebook,0,1,1
graded,12,8,20
gradee,1,0,1
gradees,1,0,1
gradeing,1,0,1
graden,2,5,7
gradens,0,1,1
grader,28,33,61
graderrr,0,1,1
graders,47,46,93
grades,114,90,204
gradeschool,2,0,2
gradesimpsonsgucker,0,1,1
gradesss,1,0,1
gradfather,1,0,1
gradgeuation,1,0,1
gradgiated,0,1,1
gradiates,1,0,1
gradient,2,3,5
gradients,2,3,5
grading,41,31,72
gradkids,1,0,1
gradle,1,0,1
gradma,2,2,4
gradmothers,1,0,1
gradndfather,1,0,1
gradnight,1,2,3
gradnite,4,2,6
gradnma,0,1,1
grado,1,1,2
gradparents,1,0,1
grads,17,25,42
gradschool,3,0,3
gradscul,0,1,1
gradssss,0,1,1
gradtuate,1,0,1
gradtuation,0,1,1
gradu,0,1,1
gradual,1,2,3
gradually,12,12,24
gradualreport,1,0,1
gradualy,0,1,1
graduand,1,0,1
graduands,1,0,1
graduasiii,1,0,1
graduate,258,311,569
graduated,171,248,419
graduatedd,0,1,1
graduatedddd,0,2,2
graduateeee,0,1,1
graduateeeee,0,1,1
graduates,56,76,132
graduatess,0,1,1
graduatig,0,1,1
graduatiion,1,0,1
graduatin,2,4,6
graduating,200,244,444
graduatingggg,1,1,2
graduatinggggg,0,1,1
graduatinqq,1,0,1
graduation,1043,1262,2305
graduationg,1,0,1
graduationn,0,3,3
graduationnn,3,3,6
graduationnnn,1,1,2
graduationnnnn,1,1,2
graduationnnnnn,1,2,3
graduationnya,0,1,1
graduationparty,0,1,1
graduations,22,19,41
graduaton,0,1,1
graduatt,1,0,1
graducation,1,0,1
gradudadulates,0,1,1
gradudtion,1,0,1
gradulation,0,1,1
gradumacation,0,1,1
gradumactaion,0,1,1
gradumating,0,1,1
graduminate,1,0,1
gradutaion,0,1,1
gradutated,0,1,1
gradutating,0,1,1
gradutation,4,0,4
gradute,0,3,3
graduted,0,1,1
gradutes,1,0,1
graduti,0,1,1
gradution,1,0,1
graduuuuuuuuated,0,1,1
gradware,0,1,1
grady,16,9,25
gradz,0,1,1
grae,1,1,2
graeat,0,1,1
graeme,3,9,12
graest,0,1,1
graet,1,2,3
graeter,0,1,1
graf,7,4,11
grafeio,0,1,1
graff,1,1,2
graffe,1,0,1
graffin,0,1,1
graffinator,0,1,1
graffiti,13,36,49
graffito,1,0,1
graffitti,0,3,3
graffittiiiiiet,0,1,1
graffle,0,1,1
grafftin,1,0,1
graffting,1,0,1
grafic,0,1,1
grafisch,0,1,1
grafiti,0,1,1
grafitti,0,1,1
grafix,0,1,1
grafixdsgr,1,0,1
graft,7,5,12
grafted,0,1,1
grafter,0,1,1
graftin,0,1,1
grafting,2,3,5
graftobian,1,0,1
grafton,3,6,9
grafuation,0,1,1
grafx,1,0,1
grage,1,0,1
graghhhh,1,0,1
grah,9,2,11
graha,1,1,2
grahak,1,0,1
graham,48,59,107
grahamcrackers,0,1,1
grahame,0,1,1
grahams,17,5,22
graheme,1,0,1
grahhusidh,1,0,1
grahj,0,1,1
grahl,0,1,1
grahm,0,1,1
grahmcracker,1,2,3
grahn,1,0,1
graid,1,0,1
graier,0,2,2
grail,4,11,15
grails,6,5,11
grain,15,25,40
grainey,2,0,2
grainger,2,1,3
grainne,1,2,3
grains,5,13,18
grainy,9,1,10
grait,0,1,1
grajczonek,1,0,1
grajuacion,0,1,1
grako,0,1,1
gram,17,16,33
grama,8,2,10
gramajul,0,1,1
gramani,0,1,1
gramas,1,0,1
gramatica,1,0,1
gramatical,1,0,1
gramatically,0,2,2
grambling,0,1,1
gramcation,0,1,1
gramdpa,0,1,1
gramdukiez,1,0,1
gramed,1,0,1
gramedia,1,2,3
gramercy,2,3,5
gramezy,1,0,1
gramgram,0,1,1
gramiies,0,1,1
gramke,0,1,1
gramma,33,16,49
grammae,1,0,1
grammakov,0,1,1
grammalynne,1,0,1
grammar,87,72,159
grammarfail,0,1,1
grammarnazi,1,1,2
grammars,0,1,1
grammas,5,3,8
grammatical,3,8,11
grammatically,5,3,8
grammaticaly,0,1,1
grammatizator,1,0,1
grammer,12,13,25
grammercy,0,1,1
grammers,1,0,1
grammie,1,0,1
grammies,2,1,3
grammmy,1,0,1
grammom,1,0,1
grammoms,0,1,1
gramms,0,1,1
grammur,0,1,1
grammy,19,19,38
grammys,6,4,10
grammyyyy,0,1,1
gramo,0,1,1
gramophone,2,0,2
gramother,1,0,1
gramp,3,1,4
grampa,10,7,17
grampas,1,0,1
grampians,0,1,1
grampie,1,0,1
grampies,0,1,1
grampo,0,2,2
gramps,16,11,27
grampy,5,4,9
grampys,2,1,3
grams,26,21,47
gramssss,0,1,1
gramtical,1,0,1
gramz,1,0,1
gran,81,82,163
granada,5,6,11
granade,1,0,1
granala,0,1,1
granalan,1,0,1
granary,1,2,3
granbury,0,1,1
granby,1,1,2
granches,0,1,1
granchild,0,1,1
grand,370,506,876
granda,6,6,12
grandad,80,27,107
grandaddy,5,2,7
grandads,12,8,20
grandam,0,1,1
grandama,1,0,1
grandas,2,0,2
grandaughter,3,5,8
grandaughters,0,1,1
grandaunt,2,0,2
grandaunty,6,0,6
grandbabies,1,5,6
grandbaby,2,10,12
grandbabys,0,1,1
grandbig,0,1,1
grandbob,1,0,1
grandcentral,6,1,7
grandchase,0,1,1
grandchidren,0,1,1
grandchild,6,5,11
grandchildren,3,12,15
grandchindren,1,0,1
granddad,20,10,30
granddaddy,2,0,2
granddaddys,1,0,1
granddads,2,0,2
granddaughter,12,22,34
granddaughters,1,3,4
granddddd,0,1,1
grande,21,38,59
grandeastangliarun,1,0,1
grandeeeeeeee,1,0,1
grander,1,1,2
granderson,1,0,1
grandes,1,1,2
grandest,1,0,1
grandeur,2,4,6
grandeza,0,1,1
grandfa,1,0,1
grandfathe,2,0,2
grandfather,114,41,155
grandfathered,4,2,6
grandfathering,1,0,1
grandfathers,8,3,11
grandfolks,0,1,1
grandgrandma,2,0,2
grandholm,0,1,1
grandi,1,0,1
grandia,2,0,2
grandiloquent,0,1,1
grandindo,0,1,1
grandindonesia,0,1,1
grandioser,0,1,1
grandkid,1,1,2
grandkids,16,17,33
grandma,652,472,1124
grandmaa,0,2,2
grandmaaa,1,0,1
grandmaaaaaa,0,1,1
grandmaaaaaaaaa,1,0,1
grandmadre,1,0,1
grandmah,1,0,1
grandmals,1,0,1
grandmama,3,4,7
grandmamas,1,1,2
grandmas,73,75,148
grandmass,1,0,1
grandmaw,2,0,2
grandmaws,0,1,1
grandmither,1,0,1
grandmoh,1,0,1
grandmom,14,4,18
grandmommy,0,1,1
grandmoms,1,1,2
grandmon,0,1,1
grandmothaa,0,1,1
grandmother,163,85,248
grandmothers,15,20,35
grandmums,1,0,1
grando,0,1,1
grandos,1,0,1
grandpa,324,145,469
grandpap,4,0,4
grandpapa,1,1,2
grandparent,10,10,20
grandparently,0,1,1
grandparents,196,200,396
grandparentss,0,1,1
grandparnts,0,1,1
grandpas,20,10,30
grandpast,0,1,1
grandpaw,0,1,1
grandperents,1,1,2
grandpernt,0,1,1
grandperspective,1,0,1
grandpop,3,2,5
grandpoppa,1,0,1
grandpops,1,0,1
grandprix,1,0,1
grandpuppy,0,1,1
grandrapids,1,0,1
grandrents,1,0,1
grands,1,8,9
grandslam,0,2,2
grandslams,0,1,1
grandson,21,34,55
grandsons,4,2,6
grandstand,3,1,4
grandstands,0,1,1
grandstar,1,0,1
grandtarino,1,0,1
grandtastic,1,0,1
grandtime,0,1,1
grandtorino,1,0,1
granduer,0,1,1
granduncle,0,1,1
grandview,0,5,5
grandy,2,2,4
granfalloons,1,0,1
granffathers,1,0,1
grange,8,3,11
grangehill,0,1,1
grangemouth,1,0,1
granger,1,1,2
granholm,2,1,3
grani,1,0,1
granie,0,1,1
graniies,0,1,1
granita,0,4,4
granite,7,2,9
granites,1,0,1
granittt,1,0,1
granma,4,9,13
granmama,0,1,1
granmars,1,0,1
granmas,1,0,1
granmother,1,0,1
grann,0,1,1
granni,1,0,1
grannie,2,3,5
grannies,6,3,9
grannis,1,4,5
grannises,0,1,1
grannnd,0,1,1
grannny,0,1,1
granny,95,109,204
grannys,6,11,17
granol,0,1,1
granola,26,28,54
granose,0,1,1
granpa,7,3,10
granparents,5,5,10
granpas,2,0,2
granrodeo,0,1,1
grans,18,18,36
granson,1,0,1
gransport,0,1,1
granss,0,1,1
grant,83,91,174
grantagious,0,1,1
grantathon,1,0,1
grantbourque,0,1,1
grantd,1,0,1
granted,63,67,130
grantgrant,0,1,1
grantham,2,1,3
granting,2,1,3
granton,0,1,1
grants,20,10,30
granty,2,0,2
granular,0,1,1
granulated,1,0,1
granulation,1,0,1
granules,1,0,1
granville,3,1,4
grany,1,0,1
grap,3,1,4
grapari,1,0,1
grapchis,1,0,1
grape,42,70,112
grapefield,1,0,1
grapefruit,23,13,36
grapefruitrobics,0,1,1
grapefruits,1,0,1
grapelli,0,1,1
grapenut,0,1,1
grapenuts,2,0,2
grapes,49,89,138
grapest,1,0,1
grapevine,12,10,22
grapevinejobs,0,1,1
grapfruit,0,1,1
graph,16,18,34
grapher,0,1,1
graphi,1,0,1
graphic,118,157,275
graphical,4,3,7
graphically,3,1,4
graphicartist,0,1,1
graphicnovel,1,0,1
graphics,143,116,259
graphicsmaker,1,0,1
graphicssss,1,0,1
graphiks,0,1,1
graphing,2,0,2
graphire,2,1,3
graphists,0,1,1
graphite,1,5,6
graphix,1,1,2
graphologist,0,2,2
graphs,12,14,26
graphyx,1,0,1
graphzzz,1,0,1
grapics,0,1,1
grapist,0,1,1
grapjas,0,1,1
grapje,0,1,1
grapjehoor,0,1,1
grapmen,1,0,1
grapooki,0,1,1
grappa,0,2,2
grappas,0,1,1
grappig,0,1,1
grapple,4,0,4
grapplers,2,0,2
grapples,0,1,1
grapplin,0,1,1
grappling,3,3,6
grargh,1,0,1
grarrrrr,1,0,1
gras,6,12,18
grashias,0,1,1
grasias,0,1,1
grasier,0,1,1
graslands,0,1,1
grasmere,1,0,1
grasp,14,14,28
grasped,2,2,4
grasping,4,3,7
graspop,2,2,4
grasps,0,1,1
grass,337,262,599
grasses,1,0,1
grasshoppa,1,3,4
grasshopper,10,21,31
grasshoppers,4,8,12
grassing,0,1,1
grassland,1,0,1
grassmarket,0,1,1
grassroot,0,1,1
grassroots,2,6,8
grassroutes,1,0,1
grassss,1,0,1
grassy,4,5,9
grast,0,1,1
grat,1,11,12
grata,0,2,2
gratar,1,1,2
grate,7,9,16
grated,8,6,14
grateeful,0,1,1
grateful,70,295,365
gratefull,0,4,4
gratefully,4,7,11
grater,8,2,10
graters,0,1,1
grates,5,4,9
gratest,0,1,1
gratez,0,1,1
gratian,0,1,1
gratias,1,0,1
gratification,5,7,12
gratified,0,4,4
gratifying,1,3,4
gratifyingly,0,1,1
gratin,0,1,1
gratinated,0,1,1
grating,2,3,5
gratins,0,1,1
gratious,0,1,1
gratis,0,4,4
gratiss,0,1,1
gratissssssssssss,0,1,1
gratitude,4,76,80
gratitudes,0,1,1
gratitue,0,1,1
grato,1,0,1
grats,13,53,66
gratsi,0,1,1
gratter,1,0,1
grattis,0,5,5
gratton,1,1,2
gratuade,1,0,1
gratuated,2,0,2
gratuation,2,0,2
gratuito,0,1,1
gratuitous,2,4,6
gratuituos,0,1,1
gratuity,1,0,1
gratulace,0,1,1
gratulation,0,2,2
gratulations,0,4,4
gratuliere,0,2,2
gratuluju,1,0,1
gratz,4,35,39
gratze,1,0,1
gratzi,0,1,1
gratzies,0,1,1
gratzy,0,1,1
gratzzzzzzzzzzzzzzzzzzzzz,0,1,1
grau,1,0,1
grauation,1,1,2
graudated,0,1,1
graudation,1,1,2
graudtion,1,0,1
grauduate,1,0,1
graunded,1,0,1
grauniad,0,2,2
graut,0,1,1
gravaram,0,1,1
gravat,1,0,1
gravatar,1,2,3
gravatars,1,2,3
gravatt,0,1,1
grave,69,43,112
gravedancer,0,1,1
gravee,1,0,1
gravel,13,12,25
graveler,1,0,1
gravelly,0,1,1
gravelroadjewelry,0,1,1
gravelsucker,1,0,1
gravelsuckers,1,0,1
gravely,10,2,12
graveness,1,0,1
gravenight,1,0,1
graverobber,1,2,3
graves,8,7,15
gravesend,2,0,2
gravesham,0,1,1
graveside,0,1,1
gravesite,1,0,1
gravestone,1,0,1
gravestones,1,1,2
gravevine,0,1,1
gravey,1,3,4
graveyard,31,21,52
graveyards,1,1,2
gravina,0,1,1
graving,1,1,2
gravinski,0,1,1
gravis,1,0,1
gravitas,1,1,2
gravitate,1,3,4
gravitated,0,1,1
gravitation,0,2,2
gravitational,2,2,4
gravities,0,1,1
gravity,56,89,145
gravitys,0,1,1
gravol,4,0,4
gravols,0,1,1
gravulous,1,0,1
gravy,34,74,108
gravyard,1,0,1
graw,0,2,2
grawcock,0,1,1
grawling,1,0,1
grawr,4,0,4
grawrl,0,2,2
grawrrrr,1,1,2
grawrrrrrr,0,1,1
grax,0,3,3
gray,197,96,293
graybill,0,1,1
graycliff,0,1,1
grayden,0,1,1
graydon,1,0,1
grayed,3,0,3
grayer,1,0,1
grayest,1,0,1
graying,0,1,1
grayish,3,0,3
graymac,0,1,1
graymalin,0,1,1
grayness,1,0,1
grayons,1,0,1
grays,5,4,9
grayscale,2,0,2
grayskale,1,0,1
grayskull,1,0,1
grayson,7,5,12
grayton,1,0,1
graytwilight,0,1,1
graz,3,4,7
graza,0,1,1
graze,26,17,43
grazebox,2,1,3
grazeboxtuesday,0,3,3
grazeboxwednesday,0,1,1
grazed,14,2,16
grazers,0,1,1
grazes,2,1,3
grazi,0,1,1
grazia,4,2,6
graziano,0,1,1
grazie,2,12,14
grazin,1,1,2
grazing,2,5,7
graziono,0,1,1
grazr,1,0,1
grazzie,0,1,1
grbe,1,1,2
grbl,1,0,1
grcc,1,0,1
grcias,0,1,1
grd,1,1,2
grdd,1,0,1
grder,0,1,1
grdson,1,0,1
grduating,0,1,1
gre,18,13,31
grea,2,5,7
greaaaaaaaaaaaaaaaaaaaaaaaaaaaaaaaaaaaaaaaaaaaaaaaat,0,2,2
greaaaaaaaaaaaaaaaat,0,2,2
greaaaaaaaaaaat,0,1,1
greaaaaaaaaaat,0,2,2
greaaaaaaaaat,1,2,3
greaaaaaaaat,0,1,1
greaaaaaat,0,3,3
greaaaaaattt,1,0,1
greaaaaat,4,2,6
greaaaat,6,11,17
greaaaatt,0,1,1
greaaaattt,0,1,1
greaaat,5,16,21
greaaatt,2,0,2
greaaattt,2,1,3
greaaattttt,0,1,1
greaat,7,14,21
greaatt,1,0,1
greaattt,0,4,4
greactions,1,0,1
greader,5,3,8
greadering,0,1,1
greadst,0,1,1
gream,0,1,1
grear,0,2,2
grearing,0,1,1
greart,0,1,1
grease,80,121,201
greased,3,2,5
greasefire,0,1,1
greasekit,0,1,1
greasemonkey,2,5,7
greasepaints,0,1,1
greaseproof,1,0,1
greaser,1,0,1
greasers,0,1,1
greases,0,1,1
greasewood,0,1,1
greasiest,0,1,1
greasing,1,0,1
greasseeee,1,0,1
greastest,2,3,5
greasy,54,31,85
greasyyyyyyyy,1,0,1
great,8197,25310,33507
greatamerican,1,0,1
greataunt,0,1,1
greatday,0,1,1
greatdivide,1,0,1
greate,2,7,9
greately,1,0,1
greater,35,73,108
greaterlansingwelcome,1,0,1
greatest,205,451,656
greatfirewallofchina,0,2,2
greatfriends,0,1,1
greatful,9,21,30
greatfull,1,3,4
greatfulllll,0,1,1
greatfully,1,0,1
greatgable,0,1,1
greatgrandad,0,1,1
greatgranddad,1,0,1
greatgrandma,0,1,1
greatgrandparents,1,0,1
greatgreatgreat,0,1,1
greathits,1,0,1
greatidea,0,1,1
greating,0,2,2
greatings,0,3,3
greatist,0,2,2
greatjob,0,1,1
greatkydebate,0,1,1
greatl,0,1,1
greatly,78,108,186
greatness,24,65,89
greatnesss,0,1,1
greatnessxcultureshockmag,0,1,1
greatnight,0,1,1
greatnotion,0,1,1
greats,13,7,20
greatscores,1,0,1
greatsongs,0,1,1
greatsquid,0,1,1
greatstufftv,0,1,1
greatsupercoolfly,0,1,1
greatt,18,35,53
greattacos,1,0,1
greattest,1,0,1
greatto,1,0,1
greattt,10,25,35
greatttt,2,9,11
greattttt,1,7,8
greatttttt,3,3,6
greattttttt,0,2,2
greattttttttt,2,1,3
greattwinsthinkalike,0,1,1
greatweekend,1,0,1
greatworks,1,0,1
greave,0,1,1
greaves,0,1,1
greavsie,1,0,1
greay,2,2,4
greays,1,0,1
grebel,0,1,1
grechen,0,1,1
grecia,1,1,2
grecian,3,5,8
greco,2,3,5
gred,0,1,1
greddy,0,3,3
gree,0,1,1
greeaaaat,1,1,2
greeaat,0,2,2
greeaatt,1,0,1
greeaattt,0,2,2
greeaatttt,1,0,1
greeat,2,2,4
greeatings,0,1,1
greeatt,1,1,2
greeattt,0,2,2
greeatttt,0,1,1
greeattttt,0,1,1
greeblies,1,0,1
greece,83,121,204
greecee,1,0,1
greed,13,12,25
greeday,1,0,1
greedier,0,1,1
greedily,0,1,1
greediness,1,1,2
greedo,0,1,1
greeds,0,1,1
greedy,54,70,124
greedybastid,0,1,1
greedyo,1,0,1
greedz,0,1,1
greeeaaaat,1,0,1
greeeaaat,0,4,4
greeeaaatt,1,0,1
greeeaaattt,1,0,1
greeeaat,0,1,1
greeeat,7,10,17
greeeeaaaat,0,1,1
greeeeaaaattt,1,0,1
greeeeaaaattttt,1,0,1
greeeeaaat,1,1,2
greeeeaaatt,0,1,1
greeeeaaattttttt,0,1,1
greeeeaat,1,1,2
greeeeat,4,6,10
greeeeattttt,0,1,1
greeeeeaaaaaaattt,0,1,1
greeeeeaaaaaatttt,1,0,1
greeeeeaaat,0,1,1
greeeeeat,1,1,2
greeeeeeaaaaatttttttt,0,1,1
greeeeeeat,2,1,3
greeeeeeeat,0,2,2
greeeeeeece,0,1,1
greeeeeeeeeat,0,1,1
greeeeeeeeece,0,1,1
greeeeeeeeeeeat,1,0,1
greeeeeeeeeeeeeeeaaaaaaaaaaattttttt,1,0,1
greeeeeeeeeek,1,0,1
greeeeeeen,0,1,1
greeeeeeens,0,1,1
greeeeeeezy,1,0,1
greeeeen,2,1,3
greeeeenday,1,0,1
greeeeeny,0,1,1
greeeek,1,0,1
greeeetzt,1,0,1
greeek,1,1,2
greeen,2,3,5
greeendayyy,0,1,1
greeener,1,0,1
greeenn,0,1,1
greeennn,0,1,1
greeesed,0,1,1
greeezee,1,0,1
greek,184,227,411
greekdudegreat,0,1,1
greekfest,4,1,5
greekin,0,1,1
greeks,4,14,18
greektown,2,1,3
greektownmusic,1,0,1
greekweekteam,0,1,1
greeky,0,1,1
greeley,3,7,10
greely,0,1,1
greem,0,1,1
green,1176,1615,2791
greenalgh,1,0,1
greenalize,1,0,1
greenavatars,0,1,1
greenaway,0,2,2
greenback,1,2,3
greenbacks,0,1,1
greenbaum,0,1,1
greenbeans,1,0,1
greenbelt,4,9,13
greenberg,3,7,10
greenberry,0,1,1
greenbird,0,1,1
greenbouncyball,0,1,1
greenbrae,1,0,1
greenbriar,1,0,1
greenbrook,1,0,1
greenbud,1,0,1
greencab,1,0,1
greencard,2,2,4
greencullenhale,0,1,1
greenday,28,56,84
greendayday,0,1,1
greendays,1,3,4
greendogwine,0,1,1
greene,8,26,34
greened,1,0,1
greenenbaum,1,0,1
greener,13,29,42
greeneries,1,0,1
greenery,5,3,8
greenes,1,0,1
greeness,1,0,1
greenest,0,3,3
greeneway,0,1,1
greenface,1,0,1
greenfest,2,4,6
greenfestival,0,1,1
greenfield,2,5,7
greenfinch,1,1,2
greenfingers,1,0,1
greenflies,0,2,2
greenfly,5,0,5
greenflys,1,0,1
greenford,1,1,2
greengiantfm,0,1,1
greengiants,0,1,1
greengoo,1,0,1
greengrocer,0,1,1
greengrocers,0,1,1
greengtrs,1,0,1
greenhawk,0,1,1
greenhead,0,1,1
greenhill,0,1,1
greenhills,6,5,11
greenhopper,1,1,2
greenhouse,13,15,28
greenhouses,0,3,3
greenhowe,1,0,1
greenhse,0,1,1
greenie,6,3,9
greenieee,0,1,1
greenies,2,0,2
greenified,3,0,3
greenify,0,1,1
greenifyer,1,0,1
greenifying,1,0,1
greening,3,3,6
greenish,3,1,4
greenisland,1,0,1
greenitics,0,1,1
greenjackets,0,1,1
greenjeans,0,1,1
greenlake,2,2,4
greenland,2,5,7
greenlandic,0,1,1
greenleaf,0,1,1
greenlee,1,0,1
greenlife,1,1,2
greenlight,1,1,2
greenly,1,0,1
greenmachine,0,1,1
greenmini,0,1,1
greenness,2,3,5
greenock,1,2,3
greenpeace,1,6,7
greenpics,0,2,2
greenplanetearth,0,1,1
greenpoint,1,1,2
greenroom,0,2,2
greens,45,56,101
greensboro,20,15,35
greensborough,0,1,1
greensburg,0,1,1
greenscream,0,1,1
greenscreen,0,3,3
greenskeepers,0,2,2
greenskinz,0,1,1
greensleeves,0,2,2
greensleves,1,0,1
greenspan,0,1,1
greenstreet,1,0,1
greensy,0,1,1
greentactics,1,0,1
greentea,2,2,4
greentherestaurant,0,1,1
greentings,0,1,1
greentree,0,1,1
greenup,0,2,2
greenville,32,26,58
greenvillenc,0,3,3
greenway,1,3,4
greenweez,0,1,1
greenwhich,2,0,2
greenwich,7,22,29
greenwichmarket,0,1,1
greenwing,0,1,1
greenwise,1,0,1
greenwithenvy,1,0,1
greenwood,5,1,6
greenwriter,0,1,1
greeny,2,1,3
greenz,0,2,2
greepe,1,0,1
greer,3,5,8
grees,0,1,1
greese,3,2,5
greesy,0,1,1
greet,119,129,248
greetback,0,1,1
greeted,25,33,58
greeter,1,2,3
greeters,0,2,2
greeting,24,87,111
greetingcardland,2,0,2
greetings,37,258,295
greetinx,0,1,1
greets,16,45,61
greetz,1,17,18
greewitch,0,1,1
greez,1,3,4
grefte,1,0,1
greg,110,148,258
gregario,1,0,1
gregarious,1,0,1
gregbraden,0,1,1
gregdek,0,1,1
gregg,8,11,19
greggie,1,0,1
greggles,1,0,1
greggor,0,1,1
greggs,7,6,13
greggy,1,3,4
greggybear,1,0,1
greggz,0,1,1
gregharrison,1,0,1
grego,2,1,3
gregoir,0,2,2
gregor,2,0,2
gregorian,1,2,3
gregorio,1,0,1
gregory,5,20,25
gregoryyyyyyyyyyyyyyyyyyyyyyy,0,1,1
gregs,2,3,5
gregwar,1,0,1
gregwhorey,1,0,1
greig,0,1,1
greigs,1,0,1
greinke,6,0,6
greist,0,2,2
greiving,1,0,1
greivis,0,3,3
grekland,0,1,1
grekul,1,0,1
grele,1,0,1
grellie,0,1,1
gremista,1,0,1
gremlims,1,0,1
gremlin,9,8,17
gremlinbatcatpig,0,1,1
gremlins,8,13,21
gren,1,1,2
grenache,0,1,1
grenada,0,3,3
grenade,6,7,13
grenades,0,7,7
grenadian,0,1,1
grenadine,2,3,5
grench,0,1,1
grendel,1,1,2
grendin,1,0,1
grenfell,1,0,1
grenier,1,1,2
grenn,0,1,1
grenoble,1,1,2
grenouer,0,1,1
grenouilles,0,1,1
grents,0,1,1
greography,1,0,1
grep,1,4,5
gres,1,0,1
gresca,1,0,1
grese,1,0,1
gresford,0,1,1
gresh,0,1,1
gresham,0,3,3
greshamblake,0,1,1
gresit,1,0,1
grest,0,1,1
gret,4,0,4
greta,9,14,23
gretal,1,1,2
gretat,1,0,1
gretch,0,5,5
gretchen,14,9,23
gretchie,2,0,2
gretchs,0,1,1
gretchy,0,1,1
gretchyn,0,1,1
gretel,10,9,19
gretna,1,1,2
gretor,1,0,1
grets,1,1,2
gretsch,0,2,2
gretski,1,0,1
gretskis,0,1,1
gretsky,1,1,2
gretta,1,0,1
grettas,1,0,1
grettie,1,0,1
gretting,0,1,1
grettings,1,2,3
grety,0,1,1
gretzky,1,3,4
greu,4,4,8
greusome,1,0,1
greutati,0,1,1
greva,0,1,1
grevais,0,1,1
grew,150,164,314
grewling,1,0,1
grey,527,353,880
greyer,1,1,2
greygardens,0,1,1
greygoose,2,3,5
greyhound,21,20,41
greyhounds,2,5,7
greyhounf,1,0,1
greyhouse,0,1,1
greying,1,1,2
greyish,0,3,3
greylan,1,0,1
greymatter,1,0,1
greyme,0,3,3
greyness,0,2,2
greynolds,1,0,1
greypatch,0,1,1
greypoupon,0,1,1
greyrock,0,1,1
greys,113,37,150
greysanatomy,1,1,2
greyscale,1,1,2
greyskies,1,0,1
greyskull,0,1,1
greyson,1,0,1
greywater,0,1,1
greywoolf,0,2,2
greyy,0,1,1
grf,1,0,1
grfeat,0,1,1
grggrg,1,0,1
grghhhh,1,0,1
grhhhh,1,0,1
grhhhhhuffff,0,1,1
gri,0,1,1
gribas,0,1,1
gribenes,0,1,1
gribu,1,0,1
grice,0,1,1
gricers,1,0,1
grid,30,46,76
griddle,0,6,6
griddles,0,1,1
griddy,0,1,1
grided,0,1,1
gridiron,3,4,7
gridley,0,1,1
gridlock,2,1,3
gridlocked,1,0,1
grids,2,5,7
gridserver,1,0,1
grieco,3,1,4
grief,77,38,115
griefing,0,1,1
grieg,0,1,1
griend,0,1,1
grienke,1,0,1
grier,0,2,2
grievance,0,1,1
grievances,1,3,4
grieve,5,2,7
grieved,2,0,2
grieves,0,2,2
grieving,33,2,35
grifball,1,0,1
griff,0,3,3
griffen,0,3,3
griffeths,0,1,1
griffey,2,1,3
griffin,43,55,98
griffindor,0,1,1
griffins,2,0,2
griffion,0,1,1
griffith,7,16,23
griffiths,3,1,4
griffo,0,1,1
griffon,1,6,7
griffs,1,0,1
griffster,1,0,1
griffth,0,1,1
grifter,1,1,2
grifters,0,1,1
grifton,1,0,1
griggs,0,1,1
grigio,5,7,12
grignasco,1,0,1
grigo,0,1,1
grigoris,0,1,1
griifon,1,0,1
grija,1,0,1
gril,3,4,7
grilfriend,2,0,2
grill,144,222,366
grilld,1,0,1
grilldaddy,0,1,1
grille,4,12,16
grilled,103,149,252
grilledcheese,1,0,1
grillede,0,1,1
grillen,0,1,1
griller,0,2,2
grilles,1,0,1
grillin,4,11,15
grilling,32,74,106
grillion,0,1,1
grillkrydder,1,0,1
grilll,1,0,1
grillout,2,0,2
grillparty,0,1,1
grills,7,11,18
grillsmith,0,2,2
grillz,3,0,3
grilo,1,0,1
grils,0,1,1
griltongue,1,0,1
grim,68,17,85
grimace,3,3,6
grimaces,1,0,1
grimacing,1,0,1
grimaldi,1,0,1
grimaldis,0,2,2
grimbel,0,1,1
grime,6,3,9
grimeborne,0,1,1
grimeforum,1,0,1
grimer,1,0,1
grimes,4,3,7
grimestopper,1,0,1
grimesy,0,1,1
grimey,2,7,9
grimfreakinreaper,1,0,1
griminess,0,1,1
griming,1,0,1
grimlins,0,1,1
grimlock,0,1,1
grimlok,1,0,1
grimly,0,1,1
grimm,3,6,9
grimmer,1,1,2
grimmmmers,1,0,1
grimmy,9,7,16
grimsby,4,3,7
grimshaw,3,7,10
grimstad,0,1,1
grimtastic,1,0,1
grimy,5,1,6
grin,24,153,177
grinch,1,9,10
grind,175,151,326
grindage,1,1,2
grinddd,0,1,1
grindddd,0,1,1
grindddddd,0,1,1
grinded,2,2,4
grinder,6,8,14
grinders,1,3,4
grindestone,1,0,1
grindhouse,1,3,4
grindin,6,22,28
grinding,37,42,79
grindinnnn,0,1,1
grindmode,0,1,1
grindouse,0,1,1
grinds,5,9,14
grindstone,21,15,36
grindtime,1,0,1
grindy,0,2,2
grines,0,1,1
gringa,1,0,1
gringo,1,4,5
gringos,0,1,1
grining,0,1,1
grinned,0,1,1
grinnell,2,0,2
grinnin,0,1,1
grinning,2,33,35
grinny,0,2,2
grins,11,52,63
grinspoon,0,1,1
grint,1,11,12
grinz,0,1,1
grip,40,34,74
gripe,17,6,23
gripes,1,2,3
griping,2,3,5
gripp,0,1,1
grippage,1,0,1
grippe,2,0,2
gripped,1,3,4
grippeporcine,0,1,1
gripping,2,6,8
gripples,0,1,1
grippped,0,1,1
grippy,1,1,2
grips,15,14,29
gris,1,3,4
grise,0,1,1
grisets,1,0,1
grish,0,1,1
grisha,1,0,1
grisham,0,4,4
grishom,1,0,1
grisly,0,1,1
grissini,0,1,1
grissinis,0,1,1
grissom,18,0,18
grissome,1,0,1
grissum,1,0,1
grissylove,0,1,1
grist,0,2,2
gristedes,1,1,2
gristle,1,0,1
gristlelizer,1,0,1
gristly,1,0,1
griswalls,1,0,1
griswold,0,1,1
griswolds,0,1,1
grit,6,8,14
grita,0,2,2
gritando,0,1,1
griting,0,1,1
gritmaster,0,1,1
grito,0,1,1
grits,22,29,51
gritsy,0,1,1
gritted,1,0,1
gritter,0,1,1
gritting,1,0,1
gritts,0,1,1
gritty,9,8,17
gritz,0,2,2
gritzatl,0,1,1
griya,0,1,1
griz,1,1,2
grizli,1,0,1
grizoooos,1,0,1
grizy,1,0,1
grizz,1,0,1
grizzle,0,1,1
grizzled,0,1,1
grizzler,1,0,1
grizzley,0,1,1
grizzlies,3,3,6
grizzly,31,21,52
grizzy,3,1,4
grl,21,16,37
grlasgow,0,1,1
grlfriend,1,1,2
grlll,1,1,2
grllllll,1,0,1
grls,10,5,15
grly,0,1,1
grlz,2,1,3
grmbl,6,0,6
grmblh,1,0,1
grml,1,1,2
grmpf,2,0,2
grmph,2,0,2
grn,0,1,1
grnd,0,1,1
grndmaa,1,0,1
grndpa,1,0,1
grndparents,1,0,1
grndpas,0,1,1
grnt,0,1,1
gro,5,6,11
groan,27,15,42
groaned,0,1,1
groaner,0,1,1
groaning,5,3,8
groans,7,2,9
groat,1,0,1
groats,0,1,1
groban,5,22,27
grobb,0,1,1
grobbelaar,0,1,1
groben,0,1,1
grobie,3,0,3
grobin,0,1,1
groc,1,2,3
grocceries,1,0,1
grocer,3,2,5
grocerie,1,0,1
groceries,94,82,176
groceriesss,1,0,1
grocerries,0,1,1
grocers,0,1,1
grocery,336,305,641
grocerys,0,2,2
groceryshops,1,0,1
grociery,0,1,1
grocies,1,0,1
grock,2,0,2
grockles,0,1,1
grocophile,0,1,1
grocry,1,0,1
grodie,0,1,1
grody,2,2,4
groechel,0,1,1
groen,0,1,1
groening,0,1,1
groenlinks,1,0,1
groesbeek,0,1,1
groeschel,1,0,1
groetjes,0,1,1
groezrock,2,1,3
groffman,1,0,1
grog,6,3,9
grogan,1,1,2
grogg,1,0,1
groggily,0,1,1
grogginess,2,0,2
groggy,44,22,66
groggyness,1,0,1
groginess,1,0,1
grogis,1,0,1
grogmonster,1,0,1
grohl,0,2,2
grohs,1,0,1
groin,17,3,20
grok,2,1,3
grolloo,0,1,1
grolsch,1,2,3
grom,2,0,2
groming,1,0,1
gromit,6,5,11
grommet,1,1,2
grommets,1,0,1
grommit,2,1,3
grona,1,0,1
grond,2,1,3
groningen,6,7,13
grono,1,0,1
gronola,0,1,1
grontier,1,0,1
groo,2,1,3
grood,2,5,7
groogrux,1,9,10
grool,2,0,2
groom,21,33,54
groomed,7,4,11
groomer,10,8,18
groomers,4,4,8
grooming,8,20,28
grooms,2,2,4
groomsman,1,0,1
groomsport,0,1,1
groomzilla,0,1,1
grooooaaaaarr,1,0,1
groooooo,0,1,1
groooooooosssssss,1,0,1
groooooooow,1,0,1
grooooooovvyyyyy,1,0,1
groooossss,2,0,2
groooosssscary,1,0,1
groooovy,0,1,1
grooossss,1,0,1
grooovin,0,2,2
grooovy,0,1,1
grooovyyy,0,1,1
groose,1,0,1
groosss,1,0,1
groossss,0,1,1
groot,0,1,1
grootstalselaan,0,1,1
groovalicious,1,0,1
groovay,0,1,1
groove,33,80,113
groovebug,1,0,1
grooverider,0,1,1
groovers,0,1,1
grooves,0,5,5
grooveshark,11,17,28
grooveticket,0,1,1
groovey,1,1,2
groovie,0,1,1
grooviest,0,3,3
groovin,3,12,15
grooviness,0,1,1
grooving,4,6,10
groovlet,0,1,1
groovy,18,70,88
groovymag,0,1,1
grope,3,6,9
groped,3,1,4
gropes,0,1,1
groping,1,4,5
groque,0,1,1
gros,2,0,2
grosa,0,1,1
grosch,1,0,1
grose,2,1,3
grosene,0,1,1
grosera,0,1,1
groseria,1,0,1
grosery,0,1,1
groso,0,1,1
gross,680,178,858
grosscoffee,1,0,1
grosse,5,2,7
grossed,21,7,28
grossenhain,1,0,1
grosser,1,2,3
grossery,0,1,1
grosses,5,1,6
grossest,14,1,15
grossgross,1,0,1
grossie,1,0,1
grossing,2,1,3
grossley,1,0,1
grossly,4,3,7
grossman,0,2,2
grossmont,1,0,1
grossness,5,3,8
grosss,10,0,10
grosssee,1,0,1
grossss,5,1,6
grosssss,5,1,6
grossssss,1,2,3
grosssssss,1,0,1
grosssssssss,1,0,1
grosvener,0,1,1
grosvenor,0,1,1
grot,0,1,1
grotbags,1,0,1
grote,1,0,1
grotesque,1,1,2
grotfang,1,1,2
grotle,0,1,1
groton,1,1,2
grotowski,1,0,1
grott,1,0,1
grotto,1,7,8
grotty,12,2,14
grotzke,1,0,1
grou,1,1,2
groublogpon,1,0,1
grouch,7,3,10
grouchiest,1,0,1
grouchiness,1,1,2
grouchland,0,4,4
groucho,1,1,2
grouchy,39,17,56
groudned,1,0,1
grouling,0,1,1
groumers,0,1,1
groun,0,1,1
ground,279,220,499
groundation,1,0,1
groundbreaking,3,4,7
groundctrl,4,2,6
grounded,232,58,290
groundedd,3,1,4
groundeddd,2,0,2
groundedddd,1,0,1
groundeddddd,1,0,1
groundede,1,0,1
groundeed,1,0,1
grounder,1,2,3
grounders,0,1,1
groundhog,20,15,35
groundhogs,0,1,1
grounding,2,4,6
groundling,0,1,1
groundlings,0,1,1
grounds,29,40,69
groundshog,0,1,1
groundskeeper,1,1,2
groundspeak,2,0,2
groundswell,1,5,6
groundup,0,1,1
groundwater,1,0,1
groundwork,1,4,5
groundworks,1,0,1
groundz,0,1,1
grouned,0,1,1
group,648,992,1640
groupa,1,0,1
groupcard,0,1,1
groupchat,1,0,1
grouped,2,4,6
grouper,0,1,1
groupes,1,0,1
grouphug,0,1,1
groupi,1,0,1
groupie,12,48,60
groupiegirl,0,1,1
groupies,3,19,22
groupiness,2,0,2
grouping,11,5,16
groupings,0,2,2
grouplocomotives,0,1,1
grouplunch,0,1,1
groupmanagement,1,0,1
groupmates,2,1,3
groupmembers,1,0,1
groupon,1,1,2
groupons,1,0,1
groupp,0,1,1
grouppp,0,1,1
grouppppp,0,1,1
groups,133,125,258
groupwork,0,2,2
groupx,1,0,1
grouse,1,2,3
grousing,0,3,3
grousome,1,0,1
grout,3,4,7
grouting,2,3,5
grove,65,71,136
grovel,2,1,3
grovela,0,1,1
groveling,0,1,1
grovelled,0,1,1
grovelling,1,1,2
grovels,1,0,1
grovemurm,0,1,1
groveport,0,1,1
grover,5,5,10
groves,2,5,7
groveshark,0,1,1
grovetown,1,0,1
grovum,0,1,1
grow,485,415,900
growbag,0,1,1
growd,0,1,1
growed,6,3,9
grower,4,4,8
growers,1,1,2
growin,13,13,26
growing,401,345,746
growinn,1,0,1
growinnnn,0,1,1
growl,17,17,34
growled,6,3,9
growler,1,1,2
growlers,1,1,2
growlin,0,2,2
growling,43,16,59
growlingggg,0,1,1
growlithe,0,1,1
growls,15,5,20
growly,1,0,1
growlyface,1,0,1
grown,286,258,544
grownded,1,0,1
growned,2,1,3
grownfolks,0,1,1
grownig,1,0,1
growning,2,0,2
growns,1,1,2
grownup,8,6,14
grownups,1,7,8
grows,43,67,110
growse,0,1,1
growth,33,45,78
growths,2,0,2
growupppp,0,1,1
groww,0,1,1
growwiinngggg,0,1,1
grozea,0,1,1
grp,13,6,19
grpahic,0,1,1
grps,1,3,4
grr,743,108,851
grraf,1,0,1
grrah,1,0,1
grrarr,1,0,1
grrat,0,1,1
grray,0,1,1
grre,1,0,1
grreaaaat,0,1,1
grreat,3,7,10
grreatt,0,2,2
grrebirth,1,0,1
grreeaaaaat,1,0,1
grreeaaat,0,1,1
grreeaaattt,0,1,1
grreeatttt,0,1,1
grreeeaaaat,1,0,1
grreeeaat,0,1,1
grreeeeaattt,1,0,1
grren,0,1,1
grrey,0,1,1
grrggg,1,0,1
grrgh,1,0,1
grrh,3,1,4
grrhhh,1,0,1
grrinder,1,0,1
grrl,3,10,13
grrlfrnd,0,1,1
grrll,1,0,1
grrls,0,1,1
grrlz,0,1,1
grrm,1,1,2
grrow,0,1,1
grrowwl,1,0,1
grrr,877,124,1001
grrrarrgh,2,0,2
grrreat,5,12,17
grrreatt,0,1,1
grrreeaaattt,1,0,1
grrreeat,0,1,1
grrreeeaaat,0,1,1
grrreeeaat,1,1,2
grrrgghhh,1,0,1
grrrh,2,0,2
grrrhhh,2,0,2
grrrhisss,1,0,1
grrrind,0,1,1
grrring,1,0,1
grrrl,0,1,1
grrrllllllll,0,1,1
grrrls,2,0,2
grrrmph,1,0,1
grrrness,2,0,2
grrrnufiedjknsc,1,0,1
grrrr,458,69,527
grrrrahahhhhhhhhhaaaaaaaaa,1,0,1
grrrreat,12,12,24
grrrreeaaat,0,1,1
grrrreeeaaaaattt,0,1,1
grrrreeeaaat,1,1,2
grrrring,1,0,1
grrrrl,1,1,2
grrrrls,0,1,1
grrrrr,202,26,228
grrrrreat,3,4,7
grrrrreattt,1,0,1
grrrrreeaatt,1,0,1
grrrrreeeeaat,1,0,1
grrrrreeeeeatt,0,1,1
grrrrri,1,0,1
grrrrrls,0,1,1
grrrrrooooossssss,0,1,1
grrrrrowling,0,1,1
grrrrrowls,1,0,1
grrrrrr,99,9,108
grrrrrrate,1,0,1
grrrrrreaat,1,0,1
grrrrrreat,2,1,3
grrrrrreeeeeaat,0,1,1
grrrrrrr,62,8,70
grrrrrrreat,0,1,1
grrrrrrrerr,1,0,1
grrrrrrrr,41,7,48
grrrrrrrreat,0,4,4
grrrrrrrrr,25,2,27
grrrrrrrrreat,0,2,2
grrrrrrrrrr,19,0,19
grrrrrrrrrreat,1,0,1
grrrrrrrrrreater,0,1,1
grrrrrrrrrrr,15,1,16
grrrrrrrrrrrr,8,1,9
grrrrrrrrrrrreat,0,1,1
grrrrrrrrrrrrh,1,0,1
grrrrrrrrrrrrr,8,1,9
grrrrrrrrrrrrrr,8,0,8
grrrrrrrrrrrrrrr,6,0,6
grrrrrrrrrrrrrrrr,4,0,4
grrrrrrrrrrrrrrrrr,3,1,4
grrrrrrrrrrrrrrrrrr,1,0,1
grrrrrrrrrrrrrrrrrrr,5,0,5
grrrrrrrrrrrrrrrrrrrr,2,2,4
grrrrrrrrrrrrrrrrrrrreat,0,1,1
grrrrrrrrrrrrrrrrrrrrr,1,1,2
grrrrrrrrrrrrrrrrrrrrrrr,1,0,1
grrrrrrrrrrrrrrrrrrrrrrrr,3,0,3
grrrrrrrrrrrrrrrrrrrrrrrrr,1,0,1
grrrrrrrrrrrrrrrrrrrrrrrrrrr,1,0,1
grrrrrrrrrrrrrrrrrrrrrrrrrrrrrr,0,2,2
grrrrrrrrrrrrrrrrrrrrrrrrrrrrrrr,1,1,2
grrrrrrrrrrrrrrrrrrrrrrrrrrrrrrrr,1,0,1
grrrrrrrrrrrrrrrrrrrrrrrrrrrrrrrrrrr,2,0,2
grrrrrrrrrrrrrrrrrrrrrrrrrrrrrrrrrrrrrrrrrr,1,0,1
grrrrz,0,1,1
grrrs,1,0,1
grrrsville,1,0,1
grrs,2,1,3
grrtrr,1,0,1
grruub,0,1,1
grs,1,0,1
grsant,0,1,1
grt,11,46,57
grtandma,0,1,1
grtngs,0,1,1
grtsat,0,1,1
grtting,1,0,1
grtz,1,3,4
gru,1,3,4
gruaduate,0,1,1
gruaud,1,0,1
grub,36,61,97
grubb,1,1,2
grubbbb,0,1,1
grubbd,0,1,1
grubbed,2,0,2
grubbers,1,0,1
grubbies,0,1,1
grubbin,4,6,10
grubbing,2,6,8
grubby,1,4,5
grubcio,1,0,1
gruber,0,2,2
grubiest,1,0,1
grubs,1,2,3
grubstake,1,0,1
grubstick,1,0,1
gruchacz,0,1,1
gruckle,0,1,1
gruden,1,0,1
grudge,18,13,31
grudges,2,3,5
grudging,1,1,2
grudgingly,3,0,3
grue,1,0,1
gruel,0,1,1
grueling,10,12,22
gruellin,1,0,1
gruelling,3,1,4
gruen,2,2,4
gruene,1,3,4
gruenevw,0,1,1
gruesome,19,7,26
gruezi,0,1,1
gruezo,1,0,1
gruff,0,2,2
gruffaloooooo,1,0,1
gruh,1,0,1
grum,0,1,1
grumbelin,1,0,1
grumble,54,13,67
grumbled,2,3,5
grumbles,18,1,19
grumbling,9,13,22
grumbly,1,3,4
grummpy,1,0,1
grump,17,3,20
grumpalinas,0,1,1
grumperbear,1,0,1
grumpier,3,0,3
grumpies,1,0,1
grumpiest,1,1,2
grumpily,0,1,1
grumpiness,4,3,7
grumping,0,1,1
grumplestiltskin,1,0,1
grumpmonster,1,0,1
grumps,6,4,10
grumpsus,1,0,1
grumpus,0,1,1
grumpy,264,100,364
grumpyboy,0,1,1
grumpygirl,0,1,1
grumpyness,0,1,1
grumpz,1,0,1
grunberg,1,3,4
grunches,0,1,1
grund,1,0,1
grundenation,1,0,1
grundfeldt,0,1,1
grundgetta,0,1,1
grungaoke,1,0,1
grunge,3,7,10
grungefail,0,1,1
grungey,1,0,1
grungy,4,4,8
grunion,1,1,2
grunions,0,1,1
grunny,0,2,2
grunt,3,8,11
grunted,0,1,1
grunting,6,5,11
gruntleds,0,1,1
grunts,1,2,3
grunty,1,1,2
gruonds,0,1,1
gruop,0,1,1
grupo,0,1,1
grupoo,1,0,1
gruru,0,1,1
gruuk,0,1,1
gruv,1,0,1
grux,1,2,3
gruyere,2,3,5
grv,1,4,5
grvyrd,1,0,1
grw,0,1,1
grwatest,0,1,1
grwing,1,0,1
grwoing,1,0,1
grwwoing,1,0,1
grxx,1,0,1
gry,0,2,2
grybauskait,0,1,1
grybauskaite,0,1,1
gryff,1,0,1
gryffindor,4,1,5
gryhlls,0,1,1
grylles,0,1,1
grylls,6,11,17
gryphon,2,1,3
gryphons,1,0,1
grz,0,1,1
gs,539,73,612
gsa,2,3,5
gsc,1,0,1
gsce,5,3,8
gsces,1,0,1
gschafft,0,1,1
gsd,7,3,10
gsdgdbgkdj,1,0,1
gsdkdadf,1,0,1
gse,1,0,1
gsf,2,0,2
gsh,1,3,4
gshdkghdkfhds,1,0,1
gsher,0,1,1
gshit,1,1,2
gshock,1,1,2
gsing,1,0,1
gsk,1,1,2
gskank,0,1,1
gsl,3,4,7
gsm,20,13,33
gsn,4,0,4
gso,0,2,2
gsoc,3,5,8
gson,0,2,2
gsorl,2,0,2
gsp,4,5,9
gspm,1,0,1
gspn,0,2,2
gspot,0,1,1
gsr,1,0,1
gsrollcall,0,1,1
gss,10,13,23
gssa,1,1,2
gssl,1,0,1
gst,1,3,4
gstar,1,1,2
gstars,1,0,1
gstlrf,1,0,1
gstop,1,0,1
gstricker,0,1,1
gsu,2,4,6
gsuk,0,1,1
gsus,0,2,2
gsw,2,0,2
gsx,0,1,1
gsxr,2,0,2
gt,185,113,298
gta,64,54,118
gtac,0,1,1
gtaiv,1,2,3
gtalk,31,28,59
gtalks,1,0,1
gtar,1,0,1
gtau,1,0,1
gtaustin,1,0,1
gtc,0,1,1
gtconference,1,0,1
gtd,10,13,23
gte,2,3,5
gtec,1,0,1
gteen,0,1,1
gtf,1,1,2
gtfaway,1,0,1
gtfo,25,12,37
gtg,54,70,124
gtgren,0,2,2
gtgs,1,0,1
gthat,0,1,1
gthea,0,1,1
gthr,3,1,4
gti,5,1,6
gtimes,0,2,2
gtin,1,1,2
gting,1,0,1
gtk,0,2,2
gtky,0,1,1
gtl,0,1,1
gtm,1,0,1
gtmo,0,1,1
gtmz,0,1,1
gtn,0,2,2
gtnrdy,0,1,1
gto,7,4,11
gtown,4,1,5
gtp,1,3,4
gtr,2,5,7
gtretweet,2,1,3
gtrs,0,2,2
gts,8,1,9
gtspirit,0,1,1
gtst,1,0,1
gtta,7,4,11
gttd,0,1,1
gttin,4,1,5
gtting,4,1,5
gttn,2,0,2
gttng,1,1,2
gttr,1,0,1
gttt,1,1,2
gtu,2,5,7
gtugkl,0,1,1
gtugs,0,1,1
gtuu,1,2,3
gtv,2,2,4
gtw,1,0,1
gtwitter,2,0,2
gtx,3,5,8
gu,15,15,30
gua,8,8,16
guac,9,11,20
guacamol,0,1,1
guacamole,12,22,34
guachi,1,0,1
guacmle,0,1,1
guacomole,1,4,5
guada,0,2,2
guadalaharad,0,1,1
guadalajara,2,2,4
guadalupe,3,3,6
guadec,1,0,1
guadeloupe,0,2,2
guadelupe,0,1,1
guadiance,0,1,1
guads,1,1,2
guage,1,1,2
guages,2,2,4
guajillo,0,1,1
gualler,3,0,3
guam,12,14,26
guan,2,1,3
guanabana,2,0,2
guanatos,0,1,1
guang,0,1,1
guangdong,2,0,2
guangzhou,3,3,6
guanio,0,3,3
guano,1,4,5
guanping,0,1,1
guantanamo,4,5,9
guantanomo,0,1,1
guap,3,0,3
guapa,0,1,1
guapisimo,0,1,1
guapo,6,4,10
guar,0,1,1
guaran,0,1,1
guarana,0,2,2
guarani,1,0,1
guarantee,35,47,82
guaranteed,30,42,72
guaranteeing,0,1,1
guarantees,4,7,11
guarantor,1,0,1
guarapo,0,1,1
guard,73,73,146
guarda,1,0,1
guarddog,0,1,1
guarded,1,1,2
guardens,0,1,1
guardia,2,4,6
guardian,30,39,69
guardianangel,0,1,1
guardianista,1,0,1
guardians,2,2,4
guardin,1,0,1
guarding,7,5,12
guardiola,0,1,1
guardrail,1,1,2
guards,19,19,38
guarentee,2,5,7
guarenteed,2,4,6
guareteed,1,0,1
guarneteed,0,1,1
guarnieri,1,0,1
guarntee,0,2,2
guaruj,0,1,1
guat,1,0,1
guatamala,1,0,1
guate,2,1,3
guatemala,17,17,34
guatemalan,1,0,1
guatemalen,1,0,1
guaten,0,1,1
guatenteed,1,0,1
guateva,1,0,1
guava,4,5,9
guavaberry,0,1,1
guavas,0,1,1
guavate,1,0,1
guayamas,0,1,1
guayaquil,1,0,1
gub,0,2,2
gubb,1,0,1
gubbe,0,1,1
gubbed,2,0,2
gubben,1,0,1
gubbie,2,0,2
gubbings,0,1,1
gubbins,2,1,3
gubbj,0,1,1
gubby,0,1,1
gubernatorial,1,0,1
gubia,0,1,1
gubler,0,1,1
gubraaaakkk,0,1,1
guccci,0,1,1
gucci,42,57,99
guccii,1,0,1
guccis,0,1,1
guch,1,1,2
guck,2,5,7
gucke,1,1,2
gucken,0,3,3
gucks,0,1,1
guckst,0,1,1
guckt,0,1,1
gucp,1,0,1
gud,181,276,457
gudafternoon,1,2,3
gudaftnun,0,1,1
gudaftrnon,1,0,1
gudafty,0,1,1
gudam,0,1,1
gudang,1,0,1
gudasai,0,1,1
gudbye,2,1,3
gudd,3,1,4
guddd,0,1,1
gudddnight,0,1,1
gudde,0,2,2
gudden,0,2,2
gudeg,1,0,1
gudeve,0,4,4
gudevening,0,3,3
gudib,0,1,1
gudlak,0,3,3
gudluck,2,14,16
gudmonin,0,1,1
gudmood,1,0,1
gudmorn,0,1,1
gudmornin,3,1,4
gudmorning,1,3,4
gudmourin,1,0,1
gudmrn,0,1,1
gudmrng,0,1,1
gudmurning,0,1,1
gudnight,0,4,4
gudnite,4,11,15
gudniteeeeee,1,0,1
gudnyt,3,11,14
gudnyte,0,2,2
gudnyteeee,0,1,1
gudnyters,0,1,1
gudrun,0,2,2
gudslush,0,1,1
gudsnax,1,0,1
gudy,0,1,1
gue,104,60,164
guee,2,1,3
gueee,1,0,1
gueeee,0,1,1
gueeeeeess,1,0,1
gueeessss,1,0,1
guees,1,0,1
gueess,0,1,1
gueesss,1,0,1
guelph,3,9,12
guera,0,1,1
guerilla,8,7,15
guerin,1,2,3
guerlain,1,2,3
guerneville,0,1,1
guernica,1,1,2
guernsey,3,2,5
guero,0,1,1
gueros,1,0,1
guerpissez,1,0,1
guerra,0,2,2
guerrero,1,0,1
guerrilla,7,6,13
gues,19,17,36
guesa,0,1,1
guesd,0,1,1
guesed,0,1,1
guesing,0,1,1
guess,7011,4497,11508
guessa,1,0,1
guessd,0,1,1
guessed,69,103,172
guesser,2,2,4
guesses,6,27,33
guessig,1,0,1
guessim,0,1,1
guessin,11,4,15
guessing,221,236,457
guessiowe,0,1,1
guessitmation,1,0,1
guesss,10,8,18
guessshirts,1,0,1
guessss,1,1,2
guesssss,1,1,2
guessssss,1,1,2
guessssssssssssss,1,0,1
guesstimate,1,1,2
guesswork,1,0,1
guest,125,314,439
guestbook,3,6,9
guestbooks,0,1,1
guestdt,0,1,1
guested,1,3,4
guesthouse,2,0,2
guesting,6,6,12
guestings,1,2,3
guestlan,1,0,1
guestlist,10,17,27
guestlisted,0,1,1
guestlists,1,1,2
guestmix,0,2,2
guestroom,0,1,1
guests,101,118,219
guestspots,0,1,1
guete,0,1,1
guetta,3,6,9
guevara,0,2,2
gueve,0,1,1
gueverra,1,0,1
guey,2,3,5
guez,1,1,2
guezz,0,2,2
guezzzz,1,0,1
guf,1,0,1
guff,2,1,3
guffaw,0,1,1
guffawing,1,1,2
guffaws,0,1,1
gufn,1,0,1
guggenheim,1,2,3
gugs,0,1,1
gugu,3,1,4
gugugud,1,0,1
gugugulong,0,1,1
guh,51,11,62
guhantara,0,1,1
guhd,4,4,8
guhh,3,2,5
guhhh,8,0,8
guhhhh,1,0,1
guhhhhh,0,1,1
guhhhhhh,2,0,2
guhhhhhs,0,1,1
guhhs,0,1,1
guhl,1,1,2
guhreat,0,1,1
guhroogamesh,1,0,1
guhrossss,1,0,1
guhrosssss,1,0,1
guhrrreat,0,1,1
guhs,1,0,1
gui,19,21,40
guia,0,2,2
guiao,1,0,1
guiatr,1,0,1
guice,1,2,3
guichard,1,0,1
guichi,1,0,1
guid,4,3,7
guida,2,0,2
guidance,17,27,44
guide,129,229,358
guidebook,0,3,3
guidebooks,0,1,1
guided,2,5,7
guideline,2,2,4
guidelines,14,5,19
guidence,0,1,1
guides,16,26,42
guidestones,0,1,1
guidi,0,2,2
guiding,6,7,13
guidinglight,3,1,4
guidline,1,0,1
guidlines,0,2,2
guido,6,6,12
guidos,1,0,1
guidothewiifetishist,0,2,2
guidrys,0,1,1
guieppe,0,1,1
guies,0,1,1
guigg,0,1,1
guiiiiiiiiiiiiiiiiido,1,0,1
guiiiseee,0,1,1
guiiitar,1,1,2
guiitar,0,1,1
guijo,0,1,1
guiks,1,0,1
guild,51,49,100
guildenstern,1,0,1
guildford,6,10,16
guildfordium,1,0,1
guildhall,1,2,3
guildie,1,0,1
guildies,3,1,4
guildlines,0,1,1
guildmaster,1,0,1
guildmate,1,0,1
guildmates,1,0,1
guilds,4,2,6
guildwars,3,2,5
guile,1,1,2
guilfest,1,0,1
guilford,1,2,3
guilherme,0,1,1
guiliani,0,1,1
guilick,0,1,1
guilin,1,1,2
guility,1,0,1
guill,1,0,1
guillaume,2,3,5
guillemots,0,1,1
guillermo,6,12,18
guillian,1,1,2
guillot,1,0,1
guillou,1,0,1
guillyford,0,1,1
guilong,1,0,1
guilt,92,64,156
guiltar,1,0,1
guilted,3,1,4
guiltiest,0,2,2
guiltily,1,0,1
guiltless,1,0,1
guiltlessly,0,1,1
guilts,2,0,2
guilty,456,246,702
guiltyly,1,0,1
guiltypleasure,0,2,2
guiltypleasures,0,2,2
guiltyyyyyyyy,1,0,1
guily,0,1,1
guin,1,2,3
guinan,2,0,2
guinea,67,37,104
guineapig,3,1,4
guineas,2,2,4
guinee,1,0,1
guiness,9,13,22
guinesse,1,0,1
guinesses,1,0,1
guinipigs,0,1,1
guinisang,0,1,1
guinn,0,1,1
guinness,34,50,84
guinnesses,0,1,1
guins,1,1,2
guipulp,0,1,1
guirars,0,1,1
guire,0,1,1
guirilla,0,1,1
guis,0,2,2
guisada,0,1,1
guisborough,1,0,1
guise,10,9,19
guiseeeee,1,0,1
guiseley,0,1,1
guiseppe,0,1,1
guiss,1,0,1
guit,0,1,1
guita,1,0,1
guitaaar,0,1,1
guitaar,0,1,1
guitar,840,1097,1937
guitara,0,2,2
guitarhero,3,1,4
guitaring,3,3,6
guitarist,23,27,50
guitarists,3,3,6
guitarness,1,1,2
guitarpick,1,0,1
guitarr,1,8,9
guitarra,0,2,2
guitarriot,1,0,1
guitarrr,1,3,4
guitarrrrr,1,1,2
guitars,34,66,100
guitarst,0,1,1
guitartest,0,1,1
guitarto,0,1,1
guitartutee,0,1,1
guite,0,1,1
guiter,2,0,2
guiterrez,1,0,1
guittarrr,0,1,1
guitted,1,0,1
guity,0,1,1
guiutar,0,1,1
guixt,0,1,1
guiy,1,0,1
guiys,2,0,2
guiz,1,0,1
guj,1,0,1
gujab,0,1,1
gujarat,2,1,3
gujarati,0,2,2
gujariti,1,0,1
guji,0,1,1
gujju,3,3,6
gujjuland,1,0,1
gujrat,1,0,1
gujrati,0,2,2
guju,0,2,2
guk,3,0,3
gukpt,1,0,1
gul,8,15,23
gula,0,1,1
gulable,1,0,1
gulag,0,1,1
gulags,1,0,1
gulai,1,1,2
gulaman,1,0,1
gulardi,1,0,1
gulasch,1,0,1
gulatis,0,1,1
gulay,2,1,3
gulayyy,2,0,2
gulb,1,0,1
gulbis,1,0,1
gulch,3,1,4
guld,1,0,1
guldagervej,0,1,1
gulded,0,1,1
gulden,0,1,1
gule,0,2,2
gulf,25,32,57
gulfnews,0,1,1
gulfport,2,0,2
gulfstream,0,1,1
guliani,0,1,1
guling,1,0,1
gulit,2,0,2
gulity,0,2,2
gulji,0,1,1
gull,1,1,2
gullable,0,1,1
gullah,0,2,2
gullash,0,1,1
gullbrannafestivalen,0,1,1
gullen,0,1,1
gullens,1,0,1
gullible,9,6,15
gulliboard,1,0,1
gullies,1,1,2
gulliver,0,1,1
gullkalven,0,1,1
gullll,0,1,1
gullo,0,1,1
gulloped,0,1,1
gulls,1,2,3
gullu,0,1,1
gullwing,0,1,1
gully,3,2,5
gullywasher,1,0,1
gulo,1,1,2
gulosh,0,1,1
gulp,34,29,63
gulpanag,1,1,2
gulped,1,3,4
gulph,1,0,1
gulping,4,4,8
gulps,3,1,4
gulshan,1,0,1
gulshicks,0,1,1
gultas,0,1,1
gulti,0,1,1
gulty,1,0,1
guluhin,1,0,1
gulung,0,1,1
gum,149,92,241
gumache,1,0,1
gumagalaw,1,0,1
gumagamit,0,1,1
gumagana,1,1,2
gumaganun,0,1,1
gumagawa,1,0,1
gumaling,1,1,2
gumana,1,1,2
gumar,1,0,1
gumawa,0,5,5
gumbal,0,1,1
gumball,3,1,4
gumballs,0,2,2
gumbians,0,1,1
gumbiens,1,0,1
gumbirasg,0,1,1
gumblar,1,0,1
gumble,1,0,1
gumbo,9,13,22
gumboots,1,3,4
gumby,5,7,12
gumdo,0,1,1
gumdrop,1,2,3
gumdrops,1,1,2
gumising,1,0,1
gumitwist,0,1,1
gumm,0,2,2
gummed,1,1,2
gummer,1,0,1
gummers,1,0,1
gummi,14,17,31
gummie,3,2,5
gummieeeess,0,1,1
gummies,7,5,12
gummint,1,0,1
gummit,1,0,1
gummut,1,0,1
gummy,34,49,83
gummybear,0,2,2
gummylips,0,1,1
gumornng,0,1,1
gumov,0,2,2
gump,12,36,48
gumpaste,0,1,1
gumps,0,3,3
gumption,0,1,1
gums,81,14,95
gumtree,9,1,10
gumu,1,0,1
gumus,0,1,1
gun,142,171,313
guna,116,85,201
gunaa,0,3,3
gunadi,1,0,1
gunain,0,1,1
gunan,1,1,2
gunaydin,0,1,1
gunba,0,1,1
gunbad,0,1,1
gunbarrel,1,0,1
gunbound,0,2,2
gunbounder,1,0,1
gunda,1,0,1
gundagai,1,0,1
gundam,6,9,15
gundegai,0,1,1
gundum,0,1,1
gundy,0,2,2
guneeta,0,1,1
gunfire,4,1,5
gung,2,0,2
gungahlin,2,0,2
gungry,2,1,3
gungy,1,0,1
guni,0,1,1
guniea,2,0,2
gunk,5,2,7
gunkan,0,1,1
gunked,1,0,1
gunking,1,0,1
gunky,1,0,1
gunline,0,1,1
gunman,1,1,2
gunmen,3,1,4
gunmetal,0,1,1
gunn,12,6,18
gunna,683,526,1209
gunnaa,0,1,1
gunnaaa,1,0,1
gunnabe,1,0,1
gunnah,1,1,2
gunnar,2,1,3
gunnarsson,1,0,1
gunne,1,1,2
gunned,4,1,5
gunnel,0,1,1
gunnels,1,1,2
gunner,4,3,7
gunners,6,4,10
gunnery,0,1,1
gunnesbury,0,1,1
gunni,0,1,1
gunnin,0,1,1
gunning,3,5,8
gunnito,1,0,1
gunnna,3,1,4
gunnnna,1,0,1
gunno,0,1,1
gunns,1,1,2
gunnu,0,1,1
gunnub,1,0,1
gunny,3,1,4
gunpowder,2,1,3
gunr,1,0,1
gunrack,0,1,1
guns,92,117,209
gunships,0,1,1
gunshot,4,0,4
gunshots,14,2,16
gunslinger,2,1,3
gunslingers,1,1,2
gunslinging,0,1,1
gunsmoke,0,1,1
gunsnspeedo,0,1,1
gunstar,2,1,3
gunster,1,0,1
gunter,0,2,2
gunther,1,4,5
gunting,0,1,1
guntur,0,1,1
gunwharf,1,1,2
gunz,1,4,5
guo,0,2,2
guomeng,0,1,1
gup,1,0,1
gupet,0,1,1
gupit,0,1,1
guppay,0,1,1
guppe,0,1,1
guppies,7,5,12
guppy,9,4,13
guppys,0,1,1
gupshup,1,1,2
gupta,2,5,7
guptaji,1,0,1
gur,4,1,5
gura,0,1,1
gurad,0,1,1
gural,0,1,1
guran,0,1,1
gurantee,2,1,3
guranteed,2,1,3
guranteee,0,1,1
gurd,7,4,11
gurds,0,1,1
gurdwara,0,1,1
gurdy,0,3,3
gure,1,0,1
gurer,1,0,1
gurero,0,1,1
guress,0,1,1
gurgaon,15,8,23
gurgawan,0,1,1
gurgle,1,2,3
gurgles,2,0,2
gurgley,2,0,2
gurgling,4,4,8
gurgly,1,0,1
guriben,0,1,1
gurindie,0,2,2
guris,0,1,1
gurker,0,1,1
gurkha,0,1,1
gurl,121,190,311
gurleh,1,0,1
gurlfrendzz,0,1,1
gurlfriend,2,1,3
gurlie,3,9,12
gurlieeeeee,0,1,1
gurlies,0,8,8
gurll,4,5,9
gurlll,4,2,6
gurllll,1,2,3
gurllllll,0,1,1
gurlllllll,1,0,1
gurllls,0,1,1
gurlllss,1,0,1
gurllsssss,0,1,1
gurls,19,16,35
gurlssssss,0,1,1
gurly,1,2,3
gurlyy,0,1,1
gurlz,7,6,13
gurlzz,0,1,1
gurlzzz,0,1,1
gurnee,3,1,4
gurney,2,4,6
gurns,1,0,1
guro,2,1,3
gurpreet,0,1,1
gurps,1,2,3
gurpurab,0,2,2
gurr,4,1,5
gurrantee,1,0,1
gurrd,1,0,1
gurrdd,0,2,2
gurren,3,1,4
gurrfrann,0,1,1
gurrl,2,5,7
gurrll,0,1,1
gurrlliesss,0,1,1
gurrlll,0,1,1
gurrrd,0,1,1
gurrreat,0,1,1
gurrrl,3,5,8
gurrrlfriend,0,1,1
gurrrliiess,0,1,1
gurrrll,1,1,2
gurrrlsss,1,0,1
gurrrr,0,1,1
gurrrrl,0,2,2
gurrrrrl,1,1,2
gurrrrrllll,0,1,1
gurrrrrrl,0,1,1
gurrrrrrrrl,0,1,1
gurrrrrrrrrrrd,0,1,1
gurrrrrrrrrrrrrl,0,1,1
gurrs,0,1,1
gurrumul,1,0,1
gurss,0,1,1
gurston,1,3,4
gurt,2,2,4
gurtenfestival,0,1,1
gurthreyn,1,0,1
gurts,1,0,1
guru,26,61,87
guruji,0,1,1
gurus,9,12,21
gus,18,29,47
gusanos,0,1,1
gusesss,1,0,1
gusgus,1,0,1
gush,4,11,15
gushed,1,1,2
gusher,2,0,2
gushers,1,2,3
gushing,7,11,18
gushings,1,0,1
gushness,0,1,1
gushy,2,3,5
gusiku,1,0,1
guslifters,1,0,1
guss,1,8,9
gusse,1,0,1
gussed,1,0,1
gusset,0,2,2
gussie,0,1,1
gussied,0,2,2
gussy,0,1,1
gust,7,2,9
gusta,35,16,51
gustaf,0,1,1
gustan,2,2,4
gustapizza,0,1,1
gustar,0,3,3
gustaria,1,0,1
gustas,1,0,1
gustatorially,0,1,1
gustav,10,3,13
gustavhalling,0,1,1
gustavo,1,2,3
gustavsson,1,0,1
gustbook,0,1,1
guste,0,1,1
guster,0,4,4
gustika,0,1,1
gusting,1,0,1
gusto,39,29,68
gusts,4,3,7
gustu,0,1,1
gusty,2,2,4
gusy,0,4,4
gusying,0,1,1
gut,70,76,146
gutair,0,4,4
gutan,0,2,2
gutans,0,1,1
gutar,1,1,2
gutawa,1,0,1
gutchies,1,0,1
gute,5,26,31
guted,5,0,5
guteed,1,0,1
guten,5,67,72
gutenberg,0,2,2
gutenburg,0,1,1
guter,1,3,4
gutfeeling,1,0,1
guthrie,2,2,4
gutiar,4,3,7
gutierrez,2,1,3
gutku,0,1,1
gutlak,0,2,2
gutom,3,4,7
gutoms,0,1,1
gutreaction,1,0,1
guts,95,48,143
gutsache,1,0,1
gutshot,1,0,1
gutsss,2,0,2
gutsy,2,5,7
gutt,1,1,2
gutta,1,1,2
guttah,1,1,2
guttd,0,1,1
gutte,1,1,2
gutted,1339,84,1423
guttedd,2,0,2
gutteddd,2,0,2
guttedddd,1,0,1
guttenberg,0,1,1
gutter,33,45,78
gutterball,1,0,1
gutterballing,1,0,1
gutterballs,1,1,2
gutterbutt,1,0,1
gutterbutttrolip,0,1,1
gutterd,4,0,4
gutterdom,1,0,1
guttered,11,1,12
guttering,2,0,2
guttermind,0,1,1
guttermouth,1,0,1
gutterrr,1,0,1
gutters,5,1,6
guttete,0,1,1
guttin,2,0,2
gutting,26,3,29
guttit,1,0,1
gutts,2,1,3
guttted,2,2,4
guttteddddd,1,0,1
gutttted,2,0,2
guttttted,2,0,2
guttural,2,0,2
gutum,0,1,1
gutwrenching,1,0,1
gutz,1,0,1
gutzanu,0,1,1
gutzzzzzzz,0,1,1
guu,0,2,2
guua,1,0,1
guud,5,6,11
guudd,0,1,1
guuele,1,0,1
guues,0,1,1
guuhhh,1,0,1
guuhhrreat,1,0,1
guurl,4,7,11
guurls,0,1,1
guurlz,0,1,1
guurrl,1,0,1
guurrll,1,0,1
guurrrl,1,0,1
guus,8,5,13
guuud,1,3,4
guuuh,1,0,1
guuurl,2,8,10
guuurll,0,1,1
guuuud,0,2,2
guuuuhhh,1,0,1
guuuurl,3,3,6
guuuurrrrl,0,1,1
guuuuruntee,0,1,1
guuuuud,1,0,1
guuuuurl,0,1,1
guuuuuul,1,0,1
guuuuuuurl,0,1,1
guuuuuuuud,0,1,1
guuuuuuuutted,1,0,1
guuuuuuuuu,0,1,1
guuuuuuuuuh,1,0,1
guuuuuuuuuuuuuuuud,0,1,1
guuuuuuys,1,0,1
guuuuuuyyyyyyyssssss,1,0,1
guuuuuy,1,0,1
guuuuuys,0,1,1
guuuuys,2,1,3
guuuys,2,1,3
guuuyyyss,0,1,1
guuys,4,2,6
guuyss,1,0,1
guuyyys,3,1,4
guv,1,3,4
guve,1,0,1
guvment,1,0,1
guvmint,0,1,1
gux,0,1,1
guy,2716,2893,5609
guyabano,0,1,1
guyana,1,1,2
guybrush,2,0,2
guyd,0,1,1
guyes,0,2,2
guyfreind,3,0,3
guyfriend,1,1,2
guyfriends,0,2,2
guygina,0,1,1
guykawasaki,0,2,2
guylian,0,2,2
guyliner,1,3,4
guynemer,0,1,1
guynes,0,1,1
guyness,0,1,1
guys,5802,8282,14084
guysd,1,0,1
guyses,1,0,1
guyskinnies,0,1,1
guysplayingps,1,0,1
guyss,22,24,46
guysss,9,21,30
guyssss,5,7,12
guysssss,2,0,2
guyssssss,0,1,1
guysssssss,0,1,1
guysssssssss,0,1,1
guyssssssssssssss,2,0,2
guysu,0,1,1
guysz,1,0,1
guyszs,1,0,1
guyton,1,0,1
guyy,0,2,2
guyys,5,7,12
guyyss,0,1,1
guyysss,0,2,2
guyyssss,1,0,1
guyysssssssss,1,0,1
guyyy,2,1,3
guyyyy,1,1,2
guyyyys,1,0,1
guyyyyys,1,1,2
guyyyyyy,1,0,1
guyyyyyyyys,1,0,1
guyz,47,59,106
guyzz,3,3,6
guyzzz,1,0,1
guyzzzz,1,1,2
guyzzzzz,1,1,2
guyzzzzzzzzz,0,1,1
guz,1,2,3
guzel,0,1,1
guzheng,1,0,1
guzman,0,1,1
guzzanti,1,0,1
guzzeglammed,1,0,1
guzzle,2,1,3
guzzler,2,1,3
guzzles,1,1,2
guzzling,2,3,5
guzzumped,1,0,1
gv,8,2,10
gva,1,3,4
gvab,1,0,1
gvb,2,0,2
gvc,0,1,1
gve,4,1,5
gvegas,1,0,1
gveny,1,0,1
gvfi,1,0,1
gvh,0,1,1
gvie,0,1,1
gville,15,6,21
gvim,0,1,1
gvine,0,1,1
gving,1,4,5
gvk,0,1,1
gvl,0,2,2
gvlle,1,0,1
gvmt,0,1,1
gvnmt,0,1,1
gvork,1,0,1
gvr,1,0,1
gvraduation,1,0,1
gvsu,3,0,3
gvt,1,2,3
gvu,1,0,1
gw,145,102,247
gwa,1,0,1
gwab,1,0,1
gwad,0,1,1
gwah,1,0,1
gwahahaha,0,1,1
gwai,0,2,2
gwailo,0,2,2
gwailos,0,1,1
gwak,0,1,1
gwaka,0,1,1
gwakymoly,0,1,1
gwam,1,0,1
gwamma,0,1,1
gwan,3,4,7
gwanin,1,0,1
gwaninn,0,1,1
gwants,1,0,1
gwap,1,1,2
gwape,1,0,1
gwapo,1,4,5
gwar,2,2,4
gwarl,1,1,2
gwarna,1,0,1
gwarnn,0,1,1
gwars,0,1,1
gwary,0,1,1
gwasanaeth,1,0,1
gwat,1,0,1
gwave,0,2,2
gway,0,2,2
gwb,1,2,3
gwbasic,0,1,1
gwc,0,1,1
gwcville,0,1,1
gwd,2,1,3
gwe,1,0,1
gweat,0,1,1
gweeb,0,1,1
gweedo,0,2,2
gweedore,0,2,2
gweeee,0,1,1
gweenbrier,1,0,1
gweetin,0,1,1
gweg,1,0,1
gweithio,2,0,2
gweld,1,0,1
gwen,26,33,59
gwendolyn,0,1,1
gwened,0,1,1
gweneth,0,1,1
gwenie,1,0,1
gwennie,0,2,2
gwennnnn,1,0,1
gwenny,0,1,1
gwens,2,0,2
gwenyth,1,1,2
gwergles,0,1,1
gwet,1,0,1
gwetting,1,0,1
gwhahahaha,0,1,1
gwht,1,0,1
gwibber,10,3,13
gwilt,0,1,1
gwilym,1,1,2
gwin,2,0,2
gwinn,0,1,1
gwinnett,3,1,4
gwitter,0,1,1
gwiz,0,1,1
gwl,2,0,2
gwn,1,1,2
gwnia,1,0,1
gwok,1,0,1
gwom,1,0,1
gwoman,0,1,1
gwon,0,1,1
gwood,1,0,1
gwoodnight,0,1,1
gworldz,1,0,1
gwosh,0,1,1
gwot,1,0,1
gwp,1,0,1
gwpaddict,0,1,1
gwrando,1,0,1
gwrthod,1,0,1
gws,8,6,14
gwt,7,6,13
gwts,1,0,1
gwtting,3,1,4
gwu,1,2,3
gwylie,0,1,1
gwyn,1,1,2
gwyneth,1,5,6
gwynn,1,1,2
gwynne,0,1,1
gwynny,0,1,1
gx,1,3,4
gxx,1,1,2
gy,3,3,6
gyaaaah,1,0,1
gyaaahhh,1,0,1
gyaaal,1,0,1
gyaan,0,4,4
gyaani,0,1,1
gyah,1,2,3
gyahahaha,0,1,1
gyakuten,0,1,1
gyal,3,6,9
gyaldem,1,0,1
gyalies,0,1,1
gyalis,0,1,1
gyalist,1,0,1
gyals,2,1,3
gyan,1,7,8
gyant,0,1,1
gyapon,1,0,1
gyar,1,0,1
gyda,1,1,2
gyeah,0,1,1
gyee,0,1,1
gyenari,0,1,1
gyes,0,1,1
gylc,0,1,1
gyles,1,0,1
gylfi,0,1,1
gyllene,1,0,1
gyllenhaal,4,1,5
gym,1771,1658,3429
gymboree,1,1,2
gymcloses,1,0,1
gyme,0,1,1
gymed,1,1,2
gymin,2,2,4
gyminee,1,0,1
gyming,2,0,2
gymkhana,2,0,2
gymkhanas,1,0,1
gymm,5,9,14
gymmed,1,1,2
gymming,2,3,5
gymmm,4,4,8
gymmmm,3,1,4
gymmmmm,1,0,1
gymmmmmmm,1,0,1
gymmmmmmmmmmmm,0,1,1
gymmy,0,1,1
gymn,0,1,1
gymnasie,0,1,1
gymnasio,0,1,1
gymnasium,2,4,6
gymnast,7,1,8
gymnastic,2,5,7
gymnasticals,0,1,1
gymnastics,36,35,71
gymnasts,0,3,3
gymnicball,0,1,1
gymnop,0,1,1
gymnopedie,0,1,1
gympie,0,1,1
gyms,7,8,15
gymtime,1,1,2
gyn,5,3,8
gynae,1,1,2
gynaec,0,1,1
gynaecologist,1,0,1
gynaecologists,1,0,1
gyne,2,0,2
gynecologist,2,2,4
gyno,4,0,4
gyobook,1,0,1
gyoen,0,1,1
gyokoro,0,1,1
gyokuro,1,1,2
gyoza,3,2,5
gyp,2,2,4
gyped,2,0,2
gypped,3,0,3
gypsey,0,1,1
gypsie,1,0,1
gypsies,2,2,4
gypsy,13,15,28
gypsydreamsproductions,0,1,1
gyrate,0,1,1
gyrating,0,2,2
gyratory,1,0,1
gyre,0,1,1
gyres,0,1,1
gyrl,2,3,5
gyrls,0,2,2
gyro,4,5,9
gyros,7,0,7
gyroscope,0,1,1
gyroscopic,0,1,1
gyrraedd,1,0,1
gys,1,2,3
gyspie,1,0,1
gytud,1,0,1
gyu,1,2,3
gyuber,0,1,1
gyukaku,1,2,3
gyul,1,0,1
gyula,1,0,1
gyuudon,0,1,1
gyyped,1,0,1
gyyyymmmmnasee,0,1,1
gyyyyymmmm,0,1,1
gyz,1,0,1
gz,3,5,8
gza,0,1,1
gzb,1,0,1
gzcp,2,0,2
gzip,1,0,1
gzus,0,1,1
gzz,0,2,2
gzzz,1,0,1
ha,1811,4666,6477
haa,67,170,237
haaa,29,78,107
haaaa,22,30,52
haaaaa,13,11,24
haaaaaa,4,9,13
haaaaaaa,2,2,4
haaaaaaaa,0,4,4
haaaaaaaaa,1,3,4
haaaaaaaaaa,1,1,2
haaaaaaaaaaa,1,0,1
haaaaaaaaaaaa,0,2,2
haaaaaaaaaaaaa,1,0,1
haaaaaaaaaaaaaa,0,1,1
haaaaaaaaaaaaaaa,0,1,1
haaaaaaaaaaaaaaaa,1,1,2
haaaaaaaaaaaaaaaaaaaaa,1,0,1
haaaaaaaaaaaaaaaaaaaaaaaaaaaaaa,0,1,1
haaaaaaaaaaaaaaaaaaaaaaaaaaaaaatttteee,2,0,2
haaaaaaaaaaaaaaaaaaaaaaaaate,1,0,1
haaaaaaaaaaaaaaaaaaaaaaaaay,1,0,1
haaaaaaaaaaaaaaaaaaaaaaangover,1,0,1
haaaaaaaaaaaaaaaaaaaaaappy,0,1,1
haaaaaaaaaaaaaaaaate,1,0,1
haaaaaaaaaaaaaaate,1,0,1
haaaaaaaaaaaaaaayhhhhhhhaaaaaaaaa,0,1,1
haaaaaaaaaaaaate,0,1,1
haaaaaaaaaaaaay,1,0,1
haaaaaaaaaaaaayyst,0,1,1
haaaaaaaaaaaaircut,0,1,1
haaaaaaaaaaaan,1,0,1
haaaaaaaaaaaapppyyyyyyyyy,0,1,1
haaaaaaaaaaappy,0,1,1
haaaaaaaaaaay,1,0,1
haaaaaaaaaappyyyyyyy,0,1,1
haaaaaaaaaardbase,0,1,1
haaaaaaaaaate,1,0,1
haaaaaaaaaates,1,0,1
haaaaaaaaahahahahahah,0,1,1
haaaaaaaaate,3,0,3
haaaaaaaaay,0,1,1
haaaaaaaah,1,0,1
haaaaaaaaiiiiiiir,0,1,1
haaaaaaaalf,1,0,1
haaaaaaaan,1,0,1
haaaaaaaard,1,0,1
haaaaaaaate,2,0,2
haaaaaaaating,1,0,1
haaaaaaahhh,1,0,1
haaaaaaallo,0,1,1
haaaaaaap,1,0,1
haaaaaaate,3,0,3
haaaaaaave,1,0,1
haaaaaaay,0,2,2
haaaaaaayyyyy,1,0,1
haaaaaah,1,0,1
haaaaaaha,0,1,1
haaaaaapy,0,1,1
haaaaaard,0,1,1
haaaaaate,1,2,3
haaaaaatnin,0,1,1
haaaaaave,2,0,2
haaaaaaveeee,1,0,1
haaaaaay,1,1,2
haaaaacked,1,0,1
haaaaad,1,0,1
haaaaah,0,1,1
haaaaahahaha,1,0,1
haaaaahhaaaahaa,0,1,1
haaaaahhh,1,0,1
haaaaair,2,0,2
haaaaale,0,1,1
haaaaand,1,0,1
haaaaang,0,1,1
haaaaappppppppppyyyyyyyyyy,1,0,1
haaaaappy,0,2,2
haaaaard,2,0,2
haaaaate,14,0,14
haaaaattteee,1,0,1
haaaaay,5,3,8
haaaaayyyy,0,1,1
haaaackl,0,1,1
haaaah,0,1,1
haaaahaaaa,1,0,1
haaaahah,0,1,1
haaaahaha,0,1,1
haaaai,0,1,1
haaaaiiii,1,0,1
haaaail,0,1,1
haaaair,2,0,2
haaaalllloo,0,1,1
haaaalllooo,1,0,1
haaaalp,1,0,1
haaaand,1,1,2
haaaang,2,1,3
haaaanging,1,0,1
haaaapppyy,0,1,1
haaaappy,0,3,3
haaaard,1,1,2
haaaasaa,0,1,1
haaaate,16,2,18
haaaates,2,0,2
haaaave,3,1,4
haaaaveee,0,1,1
haaaay,8,4,12
haaaayley,1,1,2
haaaaysshhh,1,0,1
haaaayyy,1,0,1
haaaayz,0,1,1
haaachoo,1,0,1
haaad,1,2,3
haaah,1,5,6
haaaha,0,4,4
haaahaa,0,1,1
haaahaaa,0,3,3
haaahaaha,0,1,1
haaahaha,1,0,1
haaail,0,1,1
haaair,3,2,5
haaal,0,1,1
haaaliday,1,0,1
haaan,0,3,3
haaang,1,0,1
haaangover,1,0,1
haaanies,0,1,1
haaappeeennnn,0,1,1
haaappened,1,0,1
haaappppy,0,1,1
haaapppy,1,0,1
haaappy,1,1,2
haaappybirthday,0,1,1
haaappyy,0,1,1
haaappyyy,0,1,1
haaar,2,0,2
haaard,2,0,2
haaardd,1,0,1
haaarddd,1,0,1
haaarrddd,1,0,1
haaarrrdddd,1,0,1
haaat,0,1,1
haaate,12,2,14
haaates,2,0,2
haaatteee,1,0,1
haaattte,1,0,1
haaattteee,1,0,1
haaavvvee,0,1,1
haaaw,1,0,1
haaay,15,11,26
haaayy,1,1,2
haaayyy,3,1,4
haaayyyyy,0,1,1
haaayz,1,0,1
haablo,0,1,1
haacht,1,0,1
haack,1,0,1
haad,1,3,4
haadh,0,1,1
haadha,1,0,1
haads,0,1,1
haaee,0,1,1
haafu,0,1,1
haag,2,1,3
haagan,1,0,1
haagen,14,18,32
haagsche,0,1,1
haah,24,49,73
haaha,16,30,46
haahaa,7,12,19
haahaaa,0,4,4
haahaaaaa,0,2,2
haahah,7,15,22
haahaha,6,4,10
haahahaah,0,1,1
haahahah,2,3,5
haahahaha,1,1,2
haahahahaa,1,0,1
haahahahah,0,1,1
haahahahha,0,1,1
haahahhahaa,0,1,1
haahahhahahha,0,1,1
haahahhh,1,0,1
haahdiqniancka,1,0,1
haahh,0,2,2
haahha,6,5,11
haahhaa,1,2,3
haahhaahah,0,1,1
haahhaahahahha,1,0,1
haahhaha,1,1,2
haahhahaa,0,1,1
haahhahahahaha,0,1,1
haahhahahha,0,1,1
haahhahhaha,0,1,1
haahhhaa,1,0,1
haahr,1,0,1
haai,1,1,2
haaiaaa,0,1,1
haaiii,0,1,1
haaiiii,0,1,1
haair,1,1,2
haal,0,1,1
haalf,1,0,1
haalllooooo,0,1,1
haame,1,0,1
haan,3,6,9
haanz,1,0,1
haaparanta,0,1,1
haappppyy,0,1,1
haappy,1,4,5
haappyy,0,3,3
haappyyy,0,1,1
haapy,2,1,3
haapyy,0,1,1
haar,1,0,1
haard,1,0,1
haarlem,5,1,6
haarms,1,0,1
haarp,1,1,2
haarrr,0,1,1
haarvision,0,1,1
haas,13,11,24
haasdesignsis,0,1,1
haasil,1,0,1
haass,0,1,1
haat,0,1,1
haate,6,0,6
haatee,1,0,1
haates,1,0,1
haatess,1,0,1
haatethis,1,0,1
haath,1,2,3
haattee,2,0,2
haave,7,3,10
haavee,2,0,2
haavent,1,0,1
haaving,1,0,1
haavv,1,0,1
haaw,1,0,1
haawt,1,0,1
haaww,0,1,1
haawwt,0,1,1
haawww,0,1,1
haay,12,7,19
haayley,0,1,1
haayy,2,0,2
haayyeee,0,1,1
haayyy,2,0,2
haayyyssstttt,1,0,1
haayyyyy,1,0,1
haayyzzz,1,0,1
haayz,1,0,1
haaz,0,1,1
haaza,0,1,1
hab,8,11,19
haba,5,4,9
habachi,2,1,3
habacuc,1,0,1
habadasher,1,0,1
habana,4,4,8
habanero,4,3,7
habaneros,0,1,1
habano,0,1,1
habanos,1,1,2
habari,1,3,4
habb,0,1,1
habbbeee,0,1,1
habbcrazy,0,1,1
habbit,12,5,17
habbits,2,1,3
habbles,0,1,1
habbo,13,10,23
habbohotel,1,0,1
habbos,0,2,2
habbosoup,0,1,1
habbox,1,0,1
habby,1,0,1
habd,0,1,1
habe,6,8,14
habed,1,0,1
habeeus,1,0,1
habemus,0,1,1
haben,0,4,4
habenaros,2,0,2
haber,1,1,2
haberdasher,0,2,2
haberdashery,2,1,3
haberfelde,1,0,1
habermann,1,0,1
habgout,1,0,1
habgy,1,0,1
habgz,0,1,1
habia,1,0,1
habib,0,5,5
habibatees,1,0,1
habibi,4,6,10
habibty,0,1,1
habis,14,13,27
habislah,0,1,1
habisss,1,0,1
habit,135,114,249
habitable,2,0,2
habitat,20,18,38
habitated,1,0,1
habitation,2,0,2
habitats,1,1,2
habite,1,1,2
habits,57,56,113
habitt,0,1,1
habituado,0,1,1
habitual,3,1,4
habitualbeauty,1,0,1
habitually,2,3,5
habituate,0,1,1
habituated,0,1,1
habituation,0,1,1
habla,3,0,3
hablaaaaame,1,0,1
hablabamos,1,0,1
hablando,1,0,1
hablar,0,2,2
hablas,0,1,1
hable,0,1,1
habliss,0,1,1
hablo,0,3,3
habloo,1,0,1
habol,0,1,1
haboob,0,1,1
habooobbbbb,1,0,1
habour,0,1,1
habourmaster,1,0,1
habr,2,2,4
habra,3,1,4
habre,1,0,1
habs,10,16,26
habtipsvalues,0,1,1
habu,1,0,1
habulin,0,1,1
hac,3,2,5
hace,10,14,24
hacees,0,1,1
hacen,1,0,1
hacer,7,6,13
hacerme,1,0,1
haces,2,1,3
hacess,0,1,1
hach,1,0,1
hachette,0,1,1
hachi,0,2,2
hachibi,1,0,1
hachie,0,1,1
hachiko,0,1,1
hachimitsu,1,0,1
hachkay,0,1,1
hacian,0,1,1
hacienda,2,4,6
haciendo,1,2,3
hacing,1,0,1
hacintosh,0,1,1
hack,114,77,191
hackable,1,2,3
hackathon,5,2,7
hackberry,0,3,3
hackbook,0,3,3
hackcomic,0,2,2
hackday,3,2,5
hackearon,1,0,1
hacked,272,84,356
hackedd,1,1,2
hackedu,0,1,1
hackeedd,0,1,1
hackensack,2,0,2
hackentosh,0,1,1
hacker,32,23,55
hackerers,1,0,1
hackergod,1,0,1
hackernews,2,0,2
hackers,26,25,51
hackersp,0,1,1
hackerspace,2,3,5
hackerspam,1,0,1
hackery,1,0,1
hacket,1,0,1
hacketon,1,0,1
hackett,0,1,1
hackey,0,1,1
hackfest,0,1,1
hackfood,0,1,1
hackin,6,5,11
hacking,64,50,114
hackint,1,1,2
hackintosh,17,16,33
hackity,1,0,1
hackked,1,0,1
hackled,1,0,1
hackman,0,1,1
hackmii,1,0,1
hackney,7,2,9
hackneys,0,1,1
hackntosh,1,0,1
hackorz,0,1,1
hacks,16,15,31
hacksactually,0,1,1
hacksaw,4,1,5
hackspace,1,0,1
hackthissite,0,1,1
hacktivated,3,0,3
hacktually,0,1,1
hacky,3,2,5
hackysack,0,1,1
hackysacks,0,1,1
hacrs,1,0,1
hactching,0,1,1
hactic,1,0,1
hactually,1,0,1
hacve,0,1,1
hacven,1,0,1
hacving,1,0,1
hacy,1,0,1
had,28215,20553,48768
hada,15,9,24
hadar,1,1,2
hadath,1,0,1
hadd,6,14,20
hadda,16,8,24
haddaa,1,0,1
haddad,1,1,2
haddadcaf,0,2,2
haddaway,0,1,1
haddd,0,2,2
hadddd,1,1,2
hadded,2,0,2
haddem,1,0,1
haddenin,1,0,1
haddent,2,0,2
haddock,1,4,5
haddon,0,2,2
haddow,1,0,1
hade,9,3,12
hadeache,1,0,1
hadeha,0,1,1
hadehaha,1,0,1
hademu,0,1,1
haden,3,2,5
hadent,1,1,2
hader,3,3,6
hades,11,2,13
hadfun,2,0,2
hadhis,1,0,1
hadi,1,2,3
hadiah,1,1,2
hadid,0,1,1
hading,0,1,1
hadir,1,0,1
hadis,0,1,1
hadise,0,4,4
hadisuwarno,0,1,1
hadji,1,0,1
hadleigh,0,2,2
hadley,4,3,7
hadma,1,0,1
hadmoney,1,0,1
hadn,0,1,1
hadno,1,0,1
hadnt,74,22,96
hado,1,0,1
hadoih,1,0,1
hadoken,0,1,1
hadone,0,1,1
hadooooh,1,0,1
hadoop,3,4,7
hadopi,4,2,6
hadouken,0,2,2
hadrd,1,0,1
hadrians,0,1,1
hadron,2,2,4
hads,3,0,3
hadsome,0,1,1
hadston,0,1,1
hadsuntan,1,0,1
hadta,2,0,2
hadte,1,0,1
hadthebestdayever,0,1,1
hadto,0,1,1
hadtopeeandgotlostcomingback,1,0,1
hadugihausig,0,1,1
haduken,0,1,1
hae,21,11,32
haeche,0,1,1
haed,1,0,1
haedache,2,0,2
haedaches,1,0,1
haedset,0,1,1
haeing,0,1,1
haeiohohaosho,1,0,1
haeisuhaei,1,0,1
haeji,0,1,1
haematology,1,0,1
haematoma,1,0,1
haemoroids,1,0,1
haemorrhaging,1,0,1
haen,1,1,2
haenel,0,1,1
haeo,0,1,1
haeps,1,0,1
haer,0,1,1
haers,1,0,1
haert,0,1,1
haestens,0,1,1
haev,2,2,4
haevnt,1,0,1
haf,19,7,26
hafd,0,1,1
hafeez,1,0,1
hafen,2,0,2
hafez,1,1,2
haff,1,3,4
haffi,0,1,1
haffun,0,1,1
hafg,1,0,1
hafin,1,0,1
hafing,1,0,1
hafiy,2,0,2
hafiz,2,6,8
hafizah,1,1,2
hafla,1,1,2
haflinger,1,0,1
haft,0,2,2
hafta,72,37,109
haftaa,1,0,1
haftabas,0,1,1
hafte,1,0,1
hafto,0,2,2
hag,8,14,22
haga,1,2,3
hagahagdg,1,0,1
hagan,3,0,3
hagar,0,1,1
hagard,0,1,1
hagd,0,5,5
hagdola,0,2,2
hagdyke,0,1,1
hage,0,1,1
hagen,6,3,9
hagenbeck,1,0,1
hagens,0,2,2
hagerstown,0,1,1
hagersville,0,1,1
hagetaka,0,1,1
hageu,0,1,1
hagfish,0,1,1
hagg,1,0,1
haggad,1,0,1
haggar,1,0,1
haggard,10,7,17
haggen,1,1,2
haggens,0,1,1
haggis,4,5,9
haggish,0,1,1
haggle,1,3,4
haggler,1,0,1
haggles,0,2,2
haggling,1,1,2
haghe,1,1,2
hagin,2,0,2
haging,1,0,1
hagio,1,0,1
hagley,0,1,1
haglund,0,1,1
hagn,1,3,4
hagnauer,0,1,1
hagnsz,0,1,1
hago,3,1,4
hagrid,2,1,3
hagrids,1,0,1
hags,2,2,4
hague,5,11,16
hah,344,689,1033
haha,9835,21667,31502
hahaa,107,224,331
hahaaa,20,40,60
hahaaaa,5,18,23
hahaaaaa,1,5,6
hahaaaaaa,0,3,3
hahaaaaaaa,0,1,1
hahaaaaaaaa,0,1,1
hahaaaaha,0,1,1
hahaaaha,0,1,1
hahaaahahaaaaahahaahaaa,1,0,1
hahaah,10,28,38
hahaaha,7,11,18
hahaahaaa,0,1,1
hahaahaah,0,1,1
hahaahaaha,1,0,1
hahaahah,2,4,6
hahaahaha,2,3,5
hahaahahahaahahah,0,1,1
hahaahahahaha,1,1,2
hahaahahahahaaha,0,1,1
hahaahahahahaha,0,1,1
hahaahahahahha,0,1,1
hahaahahhahahahahahhaha,0,1,1
hahaahh,1,1,2
hahaahha,2,3,5
hahaahhah,1,0,1
hahaas,0,1,1
hahaay,0,2,2
hahad,0,1,1
hahaenjoy,0,1,1
hahah,655,1287,1942
hahaha,1969,4959,6928
hahahaa,34,59,93
hahahaaa,5,18,23
hahahaaaa,0,6,6
hahahaaaaa,2,6,8
hahahaaaaaa,0,1,1
hahahaaaaaaaa,0,1,1
hahahaaaaaaaaaa,0,1,1
hahahaaah,0,1,1
hahahaaahah,0,1,1
hahahaah,5,15,20
hahahaaha,2,5,7
hahahaahah,1,1,2
hahahaahaha,1,1,2
hahahaahahaa,0,2,2
hahahaahahah,1,0,1
hahahaahahahaaha,1,0,1
hahahaahahahaha,0,2,2
hahahaahahahahaahahaaha,0,1,1
hahahaahahahahah,0,2,2
hahahaahahahahahah,1,1,2
hahahaahahahahahahah,0,1,1
hahahaahahahahahahahahahahahahahahahah,0,1,1
hahahaahha,1,0,1
hahahaahhaaa,1,0,1
hahahaahhahah,1,0,1
hahahaahhahahahahaha,1,0,1
hahahagt,0,1,1
hahahah,155,337,492
hahahaha,408,1008,1416
hahahahaa,2,18,20
hahahahaaa,2,7,9
hahahahaaaa,1,2,3
hahahahaaaaa,0,1,1
hahahahaaaaaaaaa,0,1,1
hahahahaaaaaaaaaa,0,1,1
hahahahaaaaaaaaaaa,0,1,1
hahahahaah,2,4,6
hahahahaaha,1,1,2
hahahahaahah,0,1,1
hahahahaahaha,1,1,2
hahahahaahahahahahaahha,0,1,1
hahahahaahahhaahhaahahahahhaahahah,0,1,1
hahahahah,41,87,128
hahahahaha,100,242,342
hahahahahaa,2,6,8
hahahahahaaa,0,2,2
hahahahahaaaa,1,0,1
hahahahahaah,0,1,1
hahahahahaaha,0,2,2
hahahahahaahhaha,0,1,1
hahahahahaahhahahaha,0,1,1
hahahahahaahhhh,0,1,1
hahahahahah,15,23,38
hahahahahaha,41,81,122
hahahahahahaa,0,1,1
hahahahahahaaa,0,2,2
hahahahahahaaaa,0,1,1
hahahahahahaah,1,0,1
hahahahahahaaha,1,2,3
hahahahahahah,3,7,10
hahahahahahaha,9,35,44
hahahahahahahaa,0,2,2
hahahahahahahaaah,0,1,1
hahahahahahahaaha,0,2,2
hahahahahahahaahaahha,0,1,1
hahahahahahahaahha,1,0,1
hahahahahahahah,2,8,10
hahahahahahahaha,5,12,17
hahahahahahahahaaaa,0,1,1
hahahahahahahahah,0,3,3
hahahahahahahahaha,4,6,10
hahahahahahahahahaaaaaaaaaaaaa,0,1,1
hahahahahahahahahah,1,2,3
hahahahahahahahahaha,2,4,6
hahahahahahahahahahaha,2,2,4
hahahahahahahahahahahaha,1,3,4
hahahahahahahahahahahahaha,0,2,2
hahahahahahahahahahahahahaha,0,1,1
hahahahahahahahahahahahahahaa,0,1,1
hahahahahahahahahahahahahahaha,0,1,1
hahahahahahahahahahahahahahahahahahaha,0,1,1
hahahahahahahahahahahahahahahahahahahaha,0,1,1
hahahahahahahahha,0,1,1
hahahahahahahahhahaha,0,1,1
hahahahahahahha,3,3,6
hahahahahahahhahahahah,0,1,1
hahahahahahahhahahhaha,1,0,1
hahahahahahahhahhahaha,0,1,1
hahahahahahahhh,0,1,1
hahahahahahahz,0,1,1
hahahahahahayyyzzz,0,1,1
hahahahahahha,1,1,2
hahahahahahhaaaa,0,1,1
hahahahahahhah,1,0,1
hahahahahahhaha,1,0,1
hahahahahahhahaaha,0,1,1
hahahahahahhahaha,0,2,2
hahahahahaididacrappypunhahhaahaa,1,0,1
hahahahahaiyohahaha,0,1,1
hahahahahanice,0,1,1
hahahahahh,0,1,1
hahahahahha,1,10,11
hahahahahhaa,0,2,2
hahahahahhaah,0,1,1
hahahahahhaga,0,1,1
hahahahahhaha,2,0,2
hahahahahhahaha,1,0,1
hahahahahhahahaaaa,0,1,1
hahahahahhahahah,0,1,1
hahahahahhahahaha,1,0,1
hahahahahhahahahahhaha,0,1,1
hahahahahhahahha,1,0,1
hahahahahhhahaah,1,0,1
hahahahaing,1,0,1
hahahahaxd,1,0,1
hahahahh,1,6,7
hahahahha,16,36,52
hahahahhaa,1,6,7
hahahahhaaa,1,0,1
hahahahhaah,1,2,3
hahahahhaaha,0,1,1
hahahahhaahahaa,1,0,1
hahahahhah,1,1,2
hahahahhaha,6,13,19
hahahahhahaa,0,1,1
hahahahhahaaaa,0,1,1
hahahahhahaaaaa,0,1,1
hahahahhahaah,0,1,1
hahahahhahah,0,4,4
hahahahhahaha,2,1,3
hahahahhahahaahahahaha,0,1,1
hahahahhahahahah,1,0,1
hahahahhahahahahahah,0,1,1
hahahahhahahha,0,1,1
hahahahhahha,0,3,3
hahahahhha,1,0,1
hahahahhhha,0,1,1
hahahaing,0,1,1
hahahanan,0,1,1
hahahanom,0,1,1
hahahaoh,1,0,1
hahahas,2,0,2
hahahaw,1,0,1
hahahaxd,0,1,1
hahahay,2,0,2
hahahaz,0,2,2
hahahcool,0,1,1
hahahe,0,1,1
hahahehe,0,1,1
hahahh,9,17,26
hahahha,36,81,117
hahahhaa,6,14,20
hahahhaaa,0,2,2
hahahhaaahah,0,1,1
hahahhaahaha,0,1,1
hahahhaahh,0,1,1
hahahhah,4,13,17
hahahhaha,15,26,41
hahahhahaa,1,3,4
hahahhahaah,2,0,2
hahahhahah,0,1,1
hahahhahaha,7,5,12
hahahhahahaaaaaaa,0,1,1
hahahhahahah,1,1,2
hahahhahahaha,1,2,3
hahahhahahahaa,0,1,1
hahahhahahahah,0,1,1
hahahhahahahahahaha,0,1,1
hahahhahahahahahs,1,0,1
hahahhahahahha,1,0,1
hahahhahahha,1,1,2
hahahhahahhah,0,1,1
hahahhahahhahh,0,1,1
hahahhahhah,0,1,1
hahahhahhaha,0,1,1
hahahhh,0,1,1
hahahi,0,1,1
hahahits,0,1,1
hahahs,0,4,4
hahai,0,3,3
hahaill,1,0,1
hahaits,1,0,1
hahaiz,1,0,1
hahajk,0,1,1
hahalksdjlkfj,0,1,1
hahalol,0,1,1
hahaminus,1,0,1
hahaoh,0,1,1
hahapia,0,1,1
hahapshtt,0,1,1
hahar,2,2,4
hahas,7,18,25
hahash,1,0,1
hahathe,0,1,1
hahau,0,1,1
hahawe,0,1,1
hahawell,0,1,1
hahaxd,0,1,1
hahay,2,0,2
hahays,1,0,1
hahaz,1,5,6
hahd,0,1,1
hahee,1,0,1
haheh,0,1,1
hahehaha,0,1,1
hahh,10,20,30
hahha,70,128,198
hahhaa,14,31,45
hahhaaa,1,1,2
hahhaaaa,1,0,1
hahhaaaaaaha,0,1,1
hahhaaaahaaaa,1,0,1
hahhaah,2,3,5
hahhaaha,0,1,1
hahhaay,1,0,1
hahhah,6,13,19
hahhaha,17,32,49
hahhahaa,0,1,1
hahhahaaa,0,1,1
hahhahaah,0,1,1
hahhahaahhaha,0,1,1
hahhahah,4,7,11
hahhahaha,4,12,16
hahhahahaa,1,2,3
hahhahahaah,0,1,1
hahhahahaha,0,2,2
hahhahahahah,0,3,3
hahhahahahaha,1,2,3
hahhahahahahaah,0,1,1
hahhahahahahaha,1,0,1
hahhahahahahahhaaha,1,0,1
hahhahahahahh,1,0,1
hahhahahahahhahhaha,0,1,1
hahhahahahh,1,0,1
hahhahahh,1,1,2
hahhahahha,1,1,2
hahhahahhahahahaha,0,1,1
hahhahas,0,1,1
hahhahha,1,1,2
hahhahhaha,0,2,2
hahhahhhaha,0,1,1
hahhh,5,4,9
hahhha,2,2,4
hahhhaha,1,1,2
hahhhahaha,1,0,1
hahhhh,0,2,2
hahje,0,1,1
hahm,0,1,1
hahn,3,3,6
hahnaa,1,0,1
hahs,0,4,4
haht,0,1,1
hahu,0,1,1
hahuahauhauhaa,1,0,1
hahuntingin,0,1,1
hahuuuu,1,0,1
hai,96,156,252
haia,0,1,1
haiaa,0,1,1
haiaaah,0,1,1
haiarious,0,1,1
haibao,0,1,1
haibay,0,1,1
haicaz,0,1,1
haicut,0,2,2
haid,2,0,2
haidee,0,1,1
haidresser,0,1,1
haie,1,0,1
haif,1,0,1
haifa,1,1,2
haifeng,1,0,1
haig,2,0,2
haigh,2,0,2
haighs,0,1,1
haight,7,2,9
haih,14,1,15
haihhhhhhh,1,0,1
haihz,1,0,1
haii,8,14,22
haiii,5,6,11
haiiii,3,3,6
haiiiii,0,3,3
haiiiiii,0,1,1
haiiiiiiiiiii,0,1,1
haiiiiiiiiiiiiii,1,0,1
haiiiiizz,1,0,1
haiiiir,1,0,1
haiiiirrrrr,1,0,1
haiiir,0,3,3
haiiirrr,0,1,1
haiiirrrrrrrrr,2,0,2
haiiiss,1,0,1
haiir,4,3,7
haiirrr,0,1,1
haiirrrr,1,0,1
haiiyyy,1,0,1
haike,1,0,1
haiku,31,63,94
haikuduo,0,1,1
haikus,2,9,11
haikuthursday,0,1,1
haikuwordgame,0,3,3
hail,112,99,211
hailed,7,0,7
hailee,0,4,4
haileigh,1,1,2
hailer,0,1,1
hailes,1,0,1
hailey,7,27,34
haileybury,1,0,1
haileyd,1,0,1
haileys,2,0,2
hailez,1,0,1
hailie,1,0,1
hailing,19,13,32
hailinssfililgyinslaigeeixayaymr,1,0,1
hailley,1,0,1
hailll,2,1,3
hails,2,7,9
hailsatan,1,2,3
hailstoned,0,1,1
hailstones,4,3,7
hailstorm,4,4,8
hailstorms,3,0,3
hailun,1,0,1
haily,0,1,1
hailymamas,0,1,1
haim,1,3,4
haims,0,1,1
hain,8,14,22
haine,2,1,3
haines,1,3,4
haing,1,0,1
hainga,0,1,1
hainous,1,0,1
haioooooooooo,1,0,1
haiqal,1,0,1
hair,3948,3869,7817
hairatein,0,1,1
hairball,9,4,13
hairballs,2,0,2
hairband,6,2,8
hairbands,0,2,2
hairbow,1,0,1
hairbrush,8,6,14
hairbrushless,1,0,1
haircare,2,0,2
hairclip,1,0,1
hairclips,0,1,1
haircolor,1,2,3
haircoloring,0,1,1
haircolour,0,3,3
haircut,348,427,775
haircuts,13,11,24
haircutt,0,1,1
haircutted,0,1,1
haircutter,1,1,2
haircutting,2,0,2
haircuttt,0,2,2
haircutttt,0,1,1
hairday,0,2,2
hairdid,0,1,1
hairdo,8,16,24
hairdoo,2,1,3
hairdresers,0,1,1
hairdresser,60,47,107
hairdressers,29,26,55
hairdressing,2,2,4
hairdrier,1,0,1
hairdryer,16,8,24
hairdye,4,1,5
haire,1,0,1
haired,16,33,49
hairflip,1,0,1
hairgrease,0,1,1
hairhousewarehouse,1,0,1
hairi,0,1,1
hairl,0,1,1
hairles,1,0,1
hairless,4,5,9
hairline,18,2,20
hairlines,1,0,1
hairloss,1,0,1
hairmann,1,0,1
hairmetal,0,1,1
hairnets,0,1,1
hairpiece,0,1,1
hairpieces,1,0,1
hairpin,0,1,1
hairpins,0,2,2
hairr,2,17,19
hairrr,5,8,13
hairrrr,5,5,10
hairrrrr,2,3,5
hairrrrrcuuuuttt,0,1,1
hairrrrrr,1,0,1
hairrrrrrrr,0,1,1
hairrrrrrrrr,0,1,1
hairrrrrrrrrrrrrrrrrrrrrrrrrrrrrrrrrrrrrrrrr,1,0,1
hairs,85,53,138
hairsay,0,1,1
hairshow,1,1,2
hairspary,0,1,1
hairspray,33,54,87
hairsprays,0,1,1
hairsss,1,1,2
hairssss,0,1,1
hairstatus,0,1,1
hairstlist,1,0,1
hairstlye,1,1,2
hairstraight,1,0,1
hairstraightenes,1,0,1
hairstraightner,0,1,1
hairstyle,28,46,74
hairstyles,3,10,13
hairstyling,0,1,1
hairstylist,7,4,11
hairstype,0,1,1
hairsyle,0,1,1
hairthing,1,0,1
hairties,2,1,3
hairtreatments,0,1,1
hairtye,2,0,2
hairul,1,0,1
hairwashing,0,1,1
hairwired,0,1,1
hairy,50,50,100
hairyfluffypussy,1,0,1
hairypussies,0,1,1
hairzzz,1,0,1
hais,4,0,4
haish,0,1,1
haisoos,0,1,1
haist,1,0,1
haiszt,0,1,1
hait,2,1,3
haiti,9,4,13
haitian,3,6,9
haitians,1,2,3
haitus,1,0,1
haiuheuahea,1,0,1
haiwaiian,0,1,1
haix,1,0,1
haixt,1,0,1
haiya,2,1,3
haiyaa,0,1,1
haiyaaa,0,1,1
haiyah,4,0,4
haiyahhh,1,0,1
haiyer,1,0,1
haiyo,1,0,1
haiyya,1,0,1
haiz,28,4,32
haizt,2,0,2
haizul,0,1,1
haizz,10,1,11
haizzz,5,1,6
haizzzzz,1,0,1
haizzzzzzzzzzz,2,0,2
haj,4,1,5
haja,2,1,3
hajaha,0,1,1
hajam,0,1,1
haji,2,2,4
hajime,0,1,1
hajjah,0,2,2
hajjar,0,1,1
hajji,0,4,4
hajni,1,0,1
hajra,1,0,1
hajui,0,1,1
hajz,1,0,1
hak,1,0,1
haka,0,4,4
hakakak,0,1,1
hakam,1,0,1
hakama,0,1,1
hakan,0,1,1
hakata,0,1,1
hakavod,0,2,2
haked,1,0,1
hakeem,2,2,4
haker,0,1,1
hakgdlhsfljhfslkjgfsklgjdsfgklsfj,1,0,1
hakhakhak,0,2,2
hakhksafhakshfask,1,0,1
haki,0,1,1
hakim,1,0,1
hakish,1,0,1
hakka,2,1,3
hakkar,0,1,1
hakkuh,0,1,1
hakon,0,1,1
hakot,0,1,1
hakuna,3,6,9
hakunah,0,1,1
hakunnah,0,1,1
hakusho,1,1,2
hakz,1,0,1
hal,16,16,32
hala,11,12,23
halaaa,1,0,1
halaaaaaa,0,1,1
halaaaaku,0,1,1
halafu,1,0,1
halah,2,1,3
halak,1,0,1
halal,9,3,12
halalalove,0,1,1
halalughia,0,1,1
halamak,1,0,1
halarious,5,10,15
halariously,0,1,1
halat,1,0,1
halata,0,1,1
halatang,1,1,2
halb,0,3,3
halbe,0,1,1
halcium,1,0,1
halcon,0,2,2
halcyon,1,2,3
hald,2,1,3
haldaflkjjsdfkljkejiokncl,1,0,1
haldeman,0,1,1
haldern,0,1,1
haldi,1,0,1
haldir,0,1,1
haldiram,0,1,1
haldon,0,1,1
hale,11,13,24
haleakala,0,1,1
halecx,0,1,1
haledon,1,0,1
halee,1,0,1
haleigh,2,1,3
haleighs,0,1,1
halelu,0,1,1
halelujaaaa,0,1,1
halen,6,7,13
halequin,0,1,1
hales,0,3,3
haleshon,1,0,1
halestorm,2,1,3
halex,0,1,1
haley,48,66,114
haleybell,0,1,1
haleykid,0,1,1
haleys,2,2,4
haleyy,0,1,1
half,3393,2308,5701
halfanhour,1,0,1
halfauds,1,0,1
halfaversary,0,1,1
halfayearwasted,1,0,1
halfbloodprince,0,1,1
halfday,1,3,4
halfdays,0,1,1
halfdome,1,0,1
halfed,1,0,1
halfempty,0,1,1
halff,0,2,2
halfff,0,1,1
halffff,1,1,2
halfhour,0,1,1
halfie,1,1,2
halfiron,1,0,1
halfish,2,0,2
halfmarathon,1,0,1
halfmoon,0,1,1
halfmost,0,1,1
halfofnothing,1,0,1
halford,0,1,1
halfords,4,1,5
halforum,1,0,1
halforumettes,1,0,1
halfpenny,2,1,3
halfs,4,4,8
halfshit,1,0,1
halfsies,1,0,1
halfsister,0,1,1
halfterm,2,0,2
halftermm,1,0,1
halftime,18,9,27
halfway,172,124,296
halfwelshdragon,1,0,1
halfwit,28,9,37
halfwits,3,0,3
halfwitt,3,0,3
halfwritten,1,0,1
halfwway,0,1,1
halfy,1,0,1
halfyear,0,1,1
hali,2,2,4
halibel,0,1,1
haliburton,1,0,1
halibut,5,2,7
halie,0,1,1
halifax,20,27,47
halifaxchicks,0,1,1
halifaxdudes,0,1,1
halifaxeunuchs,0,1,1
haligonians,1,0,1
halik,0,1,1
halili,3,4,7
halilintar,1,0,1
halim,1,2,3
halima,1,0,1
halimarie,0,1,1
halime,2,0,2
haline,0,1,1
haling,1,0,1
halit,0,1,1
halitosis,1,1,2
halitsky,0,1,1
hall,201,219,420
halla,1,3,4
halladay,2,0,2
hallam,3,3,6
hallamshire,1,0,1
hallandale,2,0,2
hallarious,0,2,2
hallary,0,1,1
hallberg,0,1,1
halle,14,20,34
halleeee,0,1,1
hallellujah,0,1,1
halleluja,4,3,7
hallelujaaaaah,0,1,1
hallelujaaaahhhhhh,0,1,1
hallelujah,14,53,67
hallelujiah,1,0,1
halleluuujaa,1,0,1
halleluya,0,1,1
halleluyah,0,1,1
halleluyerrr,0,1,1
hallendale,1,0,1
hallera,0,1,1
halles,2,2,4
hallet,2,0,2
halleujah,0,1,1
halley,3,1,4
halleys,1,0,1
hallfway,1,0,1
halli,0,1,1
hallicarnasus,1,0,1
hallicious,0,1,1
halliday,0,1,1
hallie,3,2,5
hallieeeeee,1,0,1
hallihallohall,0,1,1
hallio,0,1,1
halliwell,1,3,4
halll,0,2,2
halllaaaaaaaaaaaaaaaaaaaa,1,0,1
hallleee,1,0,1
hallll,2,0,2
halllleee,1,0,1
halllll,1,0,1
halllllaaeeee,0,1,1
hallllloooo,0,1,1
halllmark,0,1,1
halllooooo,0,1,1
halllp,1,0,1
hallmark,18,17,35
hallmarks,0,1,1
hallmates,0,1,1
hallo,12,58,70
hallogram,0,1,1
halloo,0,3,3
hallooo,2,1,3
halloooo,1,3,4
halloooooo,0,9,9
hallooooooo,0,1,1
halloran,3,0,3
halloumi,4,3,7
hallow,2,1,3
halloway,1,0,1
hallowed,2,0,2
halloweeen,0,2,2
halloween,43,68,111
halloweenies,0,1,1
halloweens,1,0,1
hallowhedon,1,0,1
hallowistmas,1,0,1
hallows,5,6,11
hallowssss,0,1,1
halls,42,24,66
hallsss,0,1,1
hallstar,1,0,1
hallucenate,0,1,1
hallucenated,0,1,1
hallucinate,3,2,5
hallucinated,2,0,2
hallucinating,6,6,12
hallucination,1,2,3
hallucinations,5,2,7
hallucinatory,0,1,1
hallway,44,27,71
hallways,3,4,7
hally,0,2,2
hallza,0,1,1
halmark,1,1,2
halmiton,1,0,1
halmonee,1,0,1
halmstad,0,3,3
halo,153,204,357
halocaust,1,1,2
halocharts,1,0,1
haloes,0,1,1
halofenomen,0,1,1
halogen,1,1,2
halograms,0,1,1
haloing,1,0,1
haloo,2,6,8
haloodst,1,0,1
haloom,0,1,1
halooo,0,1,1
haloooo,0,1,1
haloooooo,0,1,1
halos,3,2,5
haloscan,2,0,2
haloumi,0,2,2
haloushaaaa,0,1,1
halow,0,1,1
haloz,1,0,1
halp,39,8,47
halpan,1,0,1
halpern,0,1,1
halpert,1,5,6
halpins,0,1,1
halppp,1,0,1
halppppp,1,0,1
halps,1,0,1
halqa,0,1,1
hals,1,1,2
halsaw,1,0,1
halse,0,1,1
halsen,3,0,3
halseys,0,1,1
halsfluss,1,0,1
halsont,1,0,1
halsted,1,2,3
halt,20,12,32
halted,6,1,7
halter,5,4,9
halterneck,0,2,2
halting,3,1,4
halu,1,2,3
halucinating,1,0,1
halumi,1,0,1
haluuuu,0,1,1
halva,0,1,1
halvars,0,1,1
halve,1,0,1
halved,5,2,7
halverson,0,1,1
halves,8,7,15
halving,1,0,1
halvo,3,1,4
halvtime,0,1,1
halwa,3,1,4
halwfay,0,1,1
ham,116,160,276
hama,0,2,2
hamaaaar,1,0,1
hamaare,0,1,1
hamachi,0,1,1
hamad,0,2,2
hamaddar,0,1,1
hamady,1,0,1
hamak,1,0,1
hamakua,1,0,1
hamanahah,0,1,1
hamar,0,1,1
hamara,0,1,1
hamaray,1,0,1
hamare,0,1,1
hamari,1,0,1
hamasho,1,0,1
hambach,0,1,1
hamberger,0,1,1
hamble,0,1,1
hambledon,1,0,1
hambleton,0,1,1
hambly,0,1,1
hambourg,0,1,1
hambre,5,2,7
hambreeee,1,0,1
hambric,0,2,2
hamburg,28,43,71
hamburgarrs,0,1,1
hamburgcity,1,0,1
hamburger,37,35,72
hamburgerhelper,1,0,1
hamburgers,11,22,33
hamburgler,0,1,1
hamburguer,0,2,2
hamburguers,0,1,1
hamburq,1,0,1
hambush,1,0,1
hamcrest,1,1,2
hamda,1,0,1
hamdemic,1,1,2
hamden,2,1,3
hamdentown,0,1,1
hamdullah,0,1,1
hame,2,2,4
hamed,1,0,1
hamel,2,2,4
hamelldaeme,0,1,1
hamels,1,0,1
hamelt,0,1,1
hamersmith,1,0,1
hamesha,0,1,1
hamester,1,0,1
hamfatter,0,1,1
hamfest,0,2,2
hamg,0,1,1
hamgin,1,0,1
hamgover,1,0,1
hami,1,1,2
hamid,2,0,2
hamido,0,1,1
hamiie,0,1,1
hamiilllll,0,1,1
hamil,2,1,3
hamill,1,0,1
hamilton,96,61,157
hamiltonian,1,0,1
hamiltons,2,0,2
haminjaha,1,0,1
hamish,11,30,41
hamishegi,1,0,1
hamiton,0,1,1
hamko,0,1,1
haml,0,1,1
hamlet,18,20,38
hamletgasm,1,0,1
hamleys,1,1,2
hamlin,2,1,3
hamline,0,1,1
hamm,2,3,5
hammacher,0,1,1
hammam,0,2,2
hammeck,0,1,1
hammed,1,0,1
hammer,72,87,159
hammerback,0,1,1
hammerd,1,0,1
hammered,34,15,49
hammerhead,1,0,1
hammerheads,0,2,2
hammerin,1,0,1
hammering,21,10,31
hammerite,1,0,1
hammerklavier,1,0,1
hammers,9,7,16
hammersmit,0,1,1
hammersmith,10,21,31
hammersmithing,1,0,1
hammerstein,0,3,3
hammertime,4,9,13
hammett,0,1,1
hammey,0,1,1
hammie,2,0,2
hammies,2,2,4
hammilton,0,1,1
hamminess,0,1,1
hammmmerdddd,0,1,1
hammmmy,1,0,1
hammo,0,1,1
hammock,35,73,108
hammocking,1,0,1
hammocks,1,5,6
hammocky,1,0,1
hammok,0,1,1
hammond,10,14,24
hammonton,0,1,1
hammovck,0,1,1
hammurabi,1,0,1
hammy,12,4,16
hammys,1,0,1
hammytown,1,0,1
hamock,3,1,4
hamoodi,1,0,1
hamp,1,3,4
hampa,1,0,1
hampden,9,8,17
hampen,1,0,1
hamper,11,7,18
hampered,8,1,9
hampering,2,0,2
hampers,1,0,1
hampir,3,2,5
hampsh,0,1,1
hampshire,16,20,36
hampshireeeeee,0,1,1
hampstead,6,8,14
hampster,6,0,6
hampsters,1,2,3
hampton,19,22,41
hamptons,21,26,47
hamptonstweetup,1,0,1
hampus,1,0,1
hampy,0,1,1
hampyons,1,0,1
hamr,4,0,4
hamra,1,0,1
hamradio,1,0,1
hams,2,3,5
hamsa,0,3,3
hamsptead,1,0,1
hamstead,0,1,1
hamster,110,49,159
hamsterdam,0,1,1
hamsters,30,9,39
hamstring,27,4,31
hamstrings,7,0,7
hamsty,1,1,2
hamsyong,1,0,1
hamtaro,1,0,1
hamthrax,9,7,16
hamtown,0,1,1
hamtramck,0,1,1
hamtunes,1,0,1
hamu,0,1,1
hamur,0,1,1
hamura,1,0,1
hamurg,1,0,1
hamventions,1,0,1
hamy,0,1,1
han,27,29,56
hana,15,33,48
hanaa,0,1,1
hanaaa,1,0,1
hanabana,1,0,1
hanachan,0,1,1
hanachi,1,0,1
hanadi,2,0,2
hanafi,0,1,1
hanafiah,0,4,4
hanage,1,0,1
hanagie,0,1,1
hanah,1,4,5
hanahan,0,1,1
hanahs,0,1,1
hanalei,1,1,2
hanamasa,0,1,1
hanami,1,2,3
hanamuke,0,1,1
hanan,3,0,3
hanannaaahh,0,1,1
hanapin,0,3,3
hanas,1,0,1
hanasaki,0,1,1
hanase,1,0,1
hanau,0,1,1
hanauma,1,0,1
hanaxvito,0,1,1
hanayori,0,1,1
hanazono,1,0,1
hancock,15,18,33
hancur,2,1,3
hand,1571,1174,2745
handa,1,1,2
handbag,20,28,48
handbags,9,19,28
handball,8,16,24
handballweekend,0,1,1
handbaskets,0,1,1
handboard,0,1,1
handbook,5,12,17
handbooks,1,1,2
handbrake,5,3,8
handcarry,1,0,1
handcart,0,1,1
handcatch,2,0,2
handclap,1,0,1
handclaps,0,1,1
handcoding,0,1,1
handcraft,0,1,1
handcrafted,0,2,2
handcramps,1,0,1
handcreams,0,1,1
handcuff,0,2,2
handcuffed,5,2,7
handcuffs,3,10,13
handd,2,1,3
handdd,1,0,1
handddd,1,0,1
handdddd,1,0,1
hande,0,1,1
handed,129,100,229
handedly,8,5,13
handel,2,4,6
handeling,2,0,2
handend,0,1,1
hander,1,0,1
handers,2,0,2
handey,0,1,1
handface,0,1,1
handfeed,0,1,1
handful,21,36,57
handfull,3,1,4
handfulls,0,1,1
handfuls,3,1,4
handgrenades,1,0,1
handgun,3,3,6
handheld,10,5,15
handhelds,0,1,1
handi,0,1,1
handicap,13,5,18
handicaped,2,0,2
handicapped,15,7,22
handicraft,1,0,1
handier,0,1,1
handily,0,1,1
handin,1,0,1
handing,28,39,67
handis,1,0,1
handist,0,1,1
handiwork,0,3,3
handjob,1,3,4
handjobs,0,1,1
handkerchief,2,2,4
handkerchiefs,2,0,2
handl,0,1,1
handle,454,375,829
handlebar,3,1,4
handlebars,6,1,7
handled,14,35,49
handleing,1,0,1
handleman,0,1,1
handler,11,10,21
handleresponse,1,0,1
handlers,3,3,6
handles,24,22,46
handlin,3,2,5
handling,46,36,82
handly,1,1,2
handmade,8,55,63
handmadenews,0,1,1
handmaid,0,2,2
handmedown,1,0,1
handoff,1,1,2
handome,0,1,1
handosme,0,1,1
handout,1,2,3
handouts,2,4,6
handover,3,1,4
handpainted,0,4,4
handpainteds,1,0,1
handphone,13,4,17
handpick,0,1,1
handpicked,0,2,2
handpiece,1,0,1
handpose,0,1,1
handprint,2,3,5
handprints,1,0,1
handrail,1,0,1
handrolls,1,1,2
hands,826,818,1644
handsanitizer,0,1,1
handsaw,1,1,2
handsdown,1,0,1
handset,17,3,20
handsets,6,3,9
handsfree,4,1,5
handsful,1,0,1
handshake,11,20,31
handshakes,1,9,10
handsoap,1,0,1
handsom,1,2,3
handsome,55,242,297
handsomee,0,2,2
handsomeee,0,1,1
handsomeness,0,2,2
handsomer,0,2,2
handsomest,0,2,2
handsooome,0,1,1
handspring,0,1,1
handsprings,1,0,1
handspun,1,2,3
handss,1,0,1
handssss,0,1,1
handsssss,0,1,1
handstand,5,5,10
handstands,3,3,6
handsworth,1,0,1
handsy,1,0,1
handup,0,1,1
handwash,1,3,4
handwashing,2,1,3
handweights,0,1,1
handworks,0,1,1
handwraps,0,1,1
handwrite,2,1,3
handwriten,0,1,1
handwriting,17,25,42
handwritten,3,3,6
handwrote,0,1,1
handy,58,193,251
handycaaaam,0,1,1
handycam,1,0,1
handycap,1,0,1
handyman,4,6,10
handymen,0,1,1
handyto,0,1,1
handz,3,1,4
hane,2,0,2
haneke,1,0,1
hanel,0,1,1
hanes,1,1,2
hanescu,2,0,2
hanford,1,1,2
hanfull,1,0,1
hang,1557,1699,3256
hangad,1,0,1
hangar,3,7,10
hangatnya,0,1,1
hangbags,0,1,1
hangdame,1,0,1
hangdog,0,1,1
hanged,10,11,21
hangedover,1,0,1
hangen,2,0,2
hangeng,0,2,2
hangeout,0,1,1
hanger,20,8,28
hangerover,1,0,1
hangers,12,12,24
hangf,0,1,1
hangg,2,1,3
hangga,0,1,1
hanggang,4,2,6
hanggar,0,1,1
hanggg,1,1,2
hanggingg,0,1,1
hanggover,0,1,1
hanghanghang,0,1,1
hangi,0,1,1
hangiing,0,1,1
hangin,147,301,448
hanginaround,1,0,1
hanging,871,1740,2611
hangingg,0,3,3
hangingggg,0,1,1
hangingout,0,4,4
hangingover,0,1,1
hangings,0,1,1
hanginh,0,1,1
hanginhg,0,1,1
hangiver,1,0,1
hangle,0,1,1
hangn,3,4,7
hangnail,4,0,4
hangng,0,1,1
hangnon,1,0,1
hangnover,0,1,1
hango,1,0,1
hangout,90,84,174
hangouts,4,11,15
hangoutt,1,0,1
hangova,11,2,13
hangove,0,1,1
hangover,973,906,1879
hangoverday,0,1,1
hangoverish,0,1,1
hangoverr,1,4,5
hangoverrrr,1,0,1
hangoverrrrr,2,0,2
hangoverrrrrr,1,0,1
hangoverrrrrrr,0,1,1
hangoverrrrrrrrrrrrr,1,0,1
hangoverrrs,1,0,1
hangovers,75,39,114
hangoverstilldrunk,0,1,1
hangovr,1,0,1
hangovvver,0,1,1
hangry,3,1,4
hangs,69,27,96
hangtime,0,1,1
hangtown,1,1,2
hangugorul,1,0,1
hangul,2,1,3
hangunders,1,0,1
hangung,1,0,1
hangup,1,2,3
hangups,0,2,2
hangy,2,0,2
hangz,0,2,2
hangzhou,4,3,7
hangziez,1,0,1
hanh,1,3,4
hanham,0,1,1
hanhover,0,1,1
hanhovers,1,0,1
hani,1,3,4
haniah,0,1,1
hanieh,1,0,1
hanif,0,1,1
hanigng,0,1,1
hanim,0,2,2
hanin,1,1,2
haning,6,7,13
haningout,0,1,1
hanity,0,1,1
haniya,1,0,1
hanja,0,1,1
hank,19,24,43
hanka,0,2,2
hankabear,1,0,1
hanker,0,1,1
hankerchief,0,1,1
hankered,0,2,2
hankerin,1,2,3
hankering,6,3,9
hankie,1,3,4
hankies,2,2,4
hankins,1,0,1
hanks,14,66,80
hanksite,0,1,1
hanky,5,5,10
hanley,7,10,17
hanleys,0,1,1
hann,2,2,4
hanna,21,47,68
hannababy,1,0,1
hannabeth,0,1,1
hannabeths,1,0,1
hannacle,0,1,1
hannaford,3,1,4
hannafords,1,0,1
hannah,452,844,1296
hannahating,1,0,1
hannahh,1,1,2
hannahhh,0,1,1
hannahhhh,0,1,1
hannahisdead,0,1,1
hannahm,0,1,1
hannahmitrovich,0,1,1
hannahmontana,2,7,9
hannahmovie,0,1,1
hannahn,0,1,1
hannahoke,0,1,1
hannahporntana,1,0,1
hannahraetaylor,0,1,1
hannahrosekeys,1,0,1
hannahs,10,11,21
hannahsss,0,1,1
hannahys,0,1,1
hannamontana,0,2,2
hannanananana,2,0,2
hannari,1,0,1
hannas,2,2,4
hannay,1,0,1
hanne,2,2,4
hannelore,0,2,2
hannes,0,1,1
hanngover,0,1,1
hanni,2,1,3
hannibal,5,8,13
hannicle,0,1,1
hannie,3,0,3
hannigan,2,2,4
hannin,0,1,1
hannity,4,5,9
hannnaaaah,0,1,1
hannnah,1,0,1
hannnahh,0,1,1
hanno,1,1,2
hannoh,0,1,1
hannon,0,2,2
hannoth,0,1,1
hannover,3,12,15
hanns,1,0,1
hannu,0,2,2
hanny,0,1,1
hannys,1,1,2
hano,1,0,1
hanogvers,1,0,1
hanoi,5,8,13
hanon,1,0,1
hanover,4,4,8
hanoverian,0,1,1
hanphone,0,1,1
hanq,0,1,1
hanqinq,1,2,3
hanqout,0,1,1
hanqovaa,0,1,1
hanr,1,0,1
hans,13,18,31
hansa,0,1,1
hansard,0,2,2
hansberry,0,1,1
hansbrough,0,1,1
hansd,1,0,1
hansee,1,0,1
hansel,1,2,3
hanselcade,0,2,2
hanselminutes,0,1,1
hansen,8,10,18
hansenssd,1,0,1
hanset,1,0,1
hanshwar,0,1,1
hanslope,1,0,1
hansome,0,2,2
hanson,16,28,44
hanssel,0,1,1
hanstholm,1,0,1
hansy,0,1,1
hant,1,0,1
hantar,0,1,1
hanthas,0,1,1
hantu,0,1,1
hantuchova,0,1,1
hantucova,1,0,1
hanum,0,1,1
hanuman,0,1,1
hanvt,0,1,1
hanx,0,1,1
hany,1,0,1
hanya,4,3,7
hanyeoooooooooooooooo,1,0,1
hanyu,0,1,1
hanz,1,2,3
hanzie,0,1,1
hanzo,1,1,2
hao,3,16,19
haole,1,2,3
haooy,0,1,1
haopefully,0,1,1
haoppened,0,1,1
haoppy,1,0,1
haor,0,1,1
haorizons,1,0,1
haox,1,0,1
haoxjakld,0,1,1
hap,10,6,16
hapa,0,2,2
hapapened,1,0,1
haparanda,0,2,2
hapas,1,0,1
hapciuuuuu,0,1,1
hapdi,1,0,1
hape,0,1,1
hapee,0,2,2
hapen,4,2,6
hapend,2,1,3
hapened,6,1,7
hapening,0,1,1
hapenned,1,0,1
hapenning,0,1,1
hapenningg,1,0,1
hapennn,1,0,1
hapens,3,0,3
hapequ,1,0,1
haphapppy,0,1,1
haphazard,2,0,2
haphazardly,0,1,1
haphazardness,1,0,1
hapi,3,3,6
hapier,0,1,1
hapii,1,2,3
hapiie,0,1,1
hapiii,0,1,1
hapiness,2,4,6
hapit,1,1,2
hapkido,1,0,1
hapless,1,0,1
haplo,0,1,1
haploid,1,0,1
haply,0,1,1
hapn,2,0,2
hapnd,3,1,4
hapnin,2,1,3
hapning,1,0,1
hapon,2,2,4
happ,4,6,10
happalong,0,1,1
happay,2,2,4
happe,2,1,3
happed,4,0,4
happedned,1,0,1
happee,2,2,4
happeee,0,2,2
happeeh,0,1,1
happeend,0,1,1
happeened,1,0,1
happeenn,1,0,1
happeenndd,1,0,1
happeeyyy,0,1,1
happeh,0,4,4
happen,2154,1303,3457
happend,171,40,211
happended,2,0,2
happends,10,3,13
happene,2,0,2
happened,2952,752,3704
happenedd,1,0,1
happenedddd,0,1,1
happeneddddd,1,0,1
happeneds,1,0,1
happeneing,3,0,3
happenend,0,1,1
happenenig,0,1,1
happenening,1,1,2
happener,0,2,2
happenes,1,0,1
happenfd,1,0,1
happenigns,1,0,1
happeniiiiing,1,0,1
happenin,38,29,67
happening,891,382,1273
happenings,14,17,31
happeningx,1,0,1
happeninthis,1,0,1
happenn,0,1,1
happenned,3,2,5
happenng,0,1,1
happenning,2,0,2
happennn,0,1,1
happennnnsss,2,0,2
happenns,1,0,1
happens,1177,881,2058
happensed,1,0,1
happensss,0,1,1
happent,0,1,1
happenz,2,0,2
happeren,1,0,1
happey,1,2,3
happi,5,10,15
happie,2,4,6
happieness,0,1,1
happier,113,280,393
happies,1,5,6
happiesss,0,1,1
happiest,48,125,173
happiestguyontwitter,1,0,1
happified,0,1,1
happigasm,0,1,1
happii,2,1,3
happiie,0,1,1
happiletter,0,1,1
happilly,0,1,1
happily,56,169,225
happilychaotic,0,1,1
happine,1,0,1
happines,2,6,8
happiness,163,485,648
happinesses,0,1,1
happinessss,0,1,1
happinesssssssss,0,1,1
happinez,0,1,1
happing,5,2,7
happining,1,0,1
happly,0,2,2
happn,4,2,6
happnd,1,2,3
happned,7,1,8
happnend,0,1,1
happnes,1,0,1
happnin,1,1,2
happns,1,1,2
happpen,4,0,4
happpend,1,0,1
happpened,2,0,2
happphapphappyyy,0,1,1
happpie,0,1,1
happpiii,0,1,1
happppay,0,1,1
happppening,0,1,1
happppppppppppyyyyy,0,1,1
happpppppppppy,1,1,2
happppppppppy,1,0,1
happppppppy,1,3,4
happppppppyyyyyyy,0,1,1
happpppppy,1,2,3
happppppy,1,7,8
happppppyyyy,0,4,4
happpppy,4,5,9
happpppyyy,0,1,1
happppy,3,17,20
happppyyy,0,2,2
happppyyyyy,1,0,1
happppyyyyyy,0,1,1
happpy,14,42,56
happpyy,1,5,6
happpyyy,0,2,2
happpyyyy,0,4,4
happpyyyyy,0,2,2
happpyyyyyyy,0,1,1
happpyyyyyyyy,0,1,1
happry,0,1,1
happs,4,5,9
happt,1,1,2
happu,0,1,1
happy,6497,20533,27030
happyb,0,1,1
happybday,1,4,5
happybdaykrisallen,71,0,71
happybirthday,1,5,6
happybirthdaydrew,1,0,1
happybirthdaydrewryanscott,5,0,5
happybirthdaymoz,0,1,1
happybirthdaytome,1,0,1
happybirthdaytupac,0,1,1
happybithday,0,1,1
happycat,1,0,1
happychat,0,1,1
happyclam,0,1,1
happydance,0,3,3
happydave,0,2,2
happydays,0,3,3
happydog,1,0,1
happyest,0,1,1
happyexperiment,0,1,1
happyface,0,1,1
happyfathersday,2,0,2
happyfatherssday,1,0,1
happyfish,0,1,1
happyformanymany,0,1,1
happyfortheeze,0,1,1
happyful,0,2,2
happyg,0,1,1
happygirl,0,2,2
happyhappy,0,1,1
happyhappyhappy,0,4,4
happyherbivores,0,1,1
happyhomosunday,0,1,1
happyhour,1,0,1
happyhumpday,0,1,1
happyie,0,1,1
happyier,0,2,2
happyjonasday,0,1,1
happyland,1,1,2
happymaking,1,3,4
happyme,0,1,1
happymeal,0,1,1
happymoon,2,0,2
happymothers,0,1,1
happymothersday,0,2,2
happyness,14,17,31
happyoz,0,2,2
happypill,0,1,1
happys,0,2,2
happyshooting,1,1,2
happyslip,0,3,3
happyslipvideoscough,0,1,1
happysome,0,1,1
happysquash,1,0,1
happysunday,0,3,3
happytimes,0,2,2
happyto,0,1,1
happytobeirish,0,1,1
happytweet,0,1,1
happytweets,1,0,1
happywala,0,1,1
happyy,5,19,24
happyyellow,1,0,1
happyyy,2,12,14
happyyyy,1,15,16
happyyyyy,1,4,5
happyyyyyy,0,7,7
happyyyyyyy,0,1,1
happyyyyyyyy,0,4,4
happyyyyyyyyyy,0,1,1
happyyyyyyyyyyyyy,0,1,1
happyyyyyyyyyyyyyy,0,1,1
happyz,0,1,1
haps,3,2,5
hapshire,0,1,1
hapshuuuu,1,0,1
hapsicord,1,0,1
haptic,0,1,1
hapticpop,1,0,1
hapticpro,1,0,1
hapuna,1,1,2
hapus,1,1,2
hapuslah,0,1,1
hapy,7,12,19
hapyns,1,0,1
hapyp,0,1,1
hapypy,0,1,1
hapyy,0,1,1
hapyyyyy,0,1,1
haq,0,3,3
haqeem,1,0,1
haqiqi,0,1,1
haque,0,1,1
har,32,96,128
hara,0,3,3
haraaam,0,1,1
haraam,0,1,1
harada,1,0,1
harahan,0,1,1
harajuku,7,14,21
harajukuuu,0,1,1
harajukuuuuu,0,1,1
harakami,1,0,1
harakiri,1,1,2
harald,0,2,2
haralson,2,0,2
haram,1,1,2
harambee,2,0,2
haramse,1,0,1
haran,3,0,3
harana,0,1,1
harangued,0,1,1
harap,0,1,1
harapan,2,1,3
harapp,0,1,1
harara,1,0,1
harasho,1,0,1
harass,14,7,21
harassed,17,0,17
harasser,0,2,2
harasses,1,0,1
harassing,14,13,27
harassment,3,4,7
harbar,0,2,2
harbibo,0,1,1
harbin,1,0,1
harbinger,2,0,2
harbingers,1,0,1
harbl,0,1,1
harbor,49,44,93
harbored,1,0,1
harborfront,0,1,1
harboring,1,0,1
harborough,1,0,1
harbors,0,1,1
harborside,1,0,1
harborview,2,0,2
harbour,27,49,76
harbourfront,2,1,3
harbourside,2,2,4
harburg,0,1,1
harby,1,0,1
harch,0,1,1
harcore,1,1,2
harcourt,1,0,1
hard,6230,3491,9721
hardass,2,2,4
hardback,2,3,5
hardbacks,1,0,1
hardball,0,1,1
hardbase,0,1,1
hardbean,1,0,1
hardbody,1,0,1
hardboiled,1,0,1
hardbound,1,1,2
hardcode,1,2,3
hardcoded,0,1,1
hardcoding,0,1,1
hardcopes,0,1,1
hardcopy,5,0,5
hardcordly,0,1,1
hardcore,166,174,340
hardcored,1,1,2
hardcorefreak,0,1,1
hardcourt,0,1,1
hardcover,5,6,11
hardd,8,0,8
harddd,13,2,15
hardddd,3,2,5
harddddd,2,1,3
hardddddd,1,1,2
hardddest,0,1,1
harddisk,11,5,16
harddisks,1,0,1
harddrive,31,8,39
harddrives,3,2,5
hardeck,0,1,1
hardee,2,1,3
hardees,3,3,6
harden,2,5,7
hardened,2,1,3
hardening,1,2,3
hardens,0,2,2
harder,467,206,673
harderive,1,0,1
harderr,1,0,1
harderwijk,0,1,1
hardest,233,92,325
hardewijk,0,1,1
hardey,0,1,1
hardfest,0,1,1
hardfloor,0,1,1
hardgainers,0,1,1
hardhardhard,0,1,1
hardhead,0,1,1
hardheaded,1,0,1
hardhitta,0,1,1
hardic,0,1,1
hardie,1,0,1
hardiest,1,0,1
hardiiiieee,1,0,1
hardika,1,0,1
hardin,0,1,1
harding,2,4,6
hardison,1,0,1
hardist,0,1,1
hardjosasmito,0,1,1
hardley,7,0,7
hardline,1,0,1
hardliners,2,0,2
hardlly,1,0,1
hardlt,1,0,1
hardluck,2,0,2
hardly,527,269,796
hardman,2,0,2
hardmode,2,0,2
hardnox,0,1,1
hardon,1,0,1
hardore,0,1,1
hardout,0,1,1
hardrive,3,2,5
hardrock,3,9,12
hardroll,0,1,1
hards,0,4,4
hardscrable,1,0,1
hardsell,0,1,1
hardshell,1,0,1
hardship,4,4,8
hardships,3,0,3
hardshoe,0,1,1
hardstyle,1,3,4
hardt,1,0,1
hardtail,0,2,2
hardtime,1,0,1
hardto,1,0,1
hardtop,0,1,1
hardware,98,64,162
hardwarestore,0,1,1
hardway,1,1,2
hardwick,1,3,4
hardwicke,3,3,6
hardwired,1,1,2
hardwiring,0,1,1
hardwood,14,3,17
hardwoods,0,2,2
hardwork,9,12,21
hardworker,1,2,3
hardworking,8,7,15
hardy,48,72,120
hardys,1,2,3
hare,24,14,38
haredly,1,0,1
harefield,1,0,1
harelipped,0,1,1
harem,6,11,17
haremos,0,1,1
haren,1,0,1
hares,0,1,1
haresh,0,1,1
haret,0,1,1
harewood,0,2,2
harey,0,2,2
harf,0,1,1
harford,0,1,1
harfoush,0,1,1
harga,0,2,2
harganya,0,1,1
harger,1,0,1
harggggggggg,1,0,1
hargitay,1,0,1
hargreaves,1,1,2
hargrid,1,0,1
hargrove,1,0,1
harhar,6,8,14
harharhar,1,1,2
hari,38,34,72
harian,1,0,1
haribae,1,0,1
haribo,12,14,26
haribooooo,1,0,1
haribos,3,0,3
haricot,0,1,1
haricut,1,1,2
haridas,0,2,2
haridresser,1,0,1
haridressers,1,0,1
hariet,2,0,2
hariiii,2,0,2
harin,1,0,1
harinezumi,0,1,1
harini,1,0,1
haris,1,2,3
harisburg,1,0,1
harish,0,2,2
harith,0,2,2
harits,1,0,1
hariyali,0,1,1
harjas,1,0,1
hark,1,5,6
harker,1,0,1
harket,0,1,1
harkins,1,3,4
harks,0,1,1
harl,1,1,2
harlan,1,9,10
harland,1,2,3
harlanesque,0,1,1
harlaxton,2,0,2
harldy,0,1,1
harlee,2,2,4
harleigh,1,0,1
harlem,45,39,84
harlemite,0,1,1
harlemmmmmmmmmm,0,1,1
harlems,0,1,1
harlequin,2,2,4
harlequins,3,0,3
harleton,1,0,1
harley,48,50,98
harleyfied,0,1,1
harleying,1,0,1
harleys,1,2,3
harleyyyy,0,1,1
harlies,1,0,1
harling,0,1,1
harlingen,0,3,3
harlington,1,0,1
harlo,0,1,1
harlod,0,1,1
harlot,4,4,8
harlow,7,18,25
harlyn,1,0,1
harlz,1,0,1
harm,36,50,86
harman,3,3,6
harmas,0,1,1
harmed,7,6,13
harmfree,0,1,1
harmful,10,5,15
harming,2,0,2
harmione,0,1,1
harmless,21,27,48
harmon,1,2,3
harmonautica,0,1,1
harmone,1,0,1
harmoni,1,1,2
harmonia,0,1,1
harmonic,1,1,2
harmonica,5,13,18
harmonicas,0,1,1
harmonics,0,2,2
harmonie,0,2,2
harmonies,1,8,9
harmonious,2,1,3
harmoniously,1,0,1
harmonisation,0,1,1
harmonised,0,1,1
harmonising,0,1,1
harmonix,1,2,3
harmonize,2,0,2
harmonized,0,1,1
harmonizers,0,1,1
harmonizing,0,2,2
harmonuium,1,0,1
harmony,22,37,59
harmonys,1,0,1
harms,2,1,3
harnagued,1,0,1
harnee,1,0,1
harness,6,8,14
harnessing,0,1,1
harnet,0,1,1
harney,0,2,2
harnham,1,0,1
haro,1,7,8
haroatl,1,0,1
harod,0,1,1
harold,27,46,73
harolds,2,0,2
harout,1,0,1
harp,7,8,15
harpenden,1,1,2
harper,48,61,109
harperaudio,1,0,1
harpercollins,0,1,1
harperites,0,1,1
harpers,23,31,54
harpersglobe,7,11,18
harpersisland,8,4,12
harperson,0,1,1
harperstudio,1,0,1
harpic,0,1,1
harpie,1,0,1
harpies,2,0,2
harping,2,1,3
harpist,2,0,2
harpmanhatter,0,1,1
harpo,0,2,2
harpoon,2,2,4
harpooned,2,0,2
harpoonfest,1,0,1
harpooning,1,0,1
harpors,0,1,1
harpot,2,0,2
harps,1,0,1
harpscord,0,1,1
harpsicord,0,2,2
harpwood,1,0,1
harpy,1,1,2
harr,1,1,2
harrah,1,4,5
harrahs,1,1,2
harrar,0,1,1
harrari,0,1,1
harras,0,1,1
harrased,1,0,1
harrasing,3,2,5
harrass,6,4,10
harrassed,7,2,9
harrassing,4,6,10
harrassment,5,0,5
harrd,2,0,2
harrddd,1,0,1
harrell,0,1,1
harrghh,1,0,1
harri,1,3,4
harried,1,0,1
harriers,0,1,1
harries,0,1,1
harriet,6,12,18
harriets,1,0,1
harrietss,0,1,1
harriett,1,1,2
harrigan,1,0,1
harrigton,0,1,1
harriman,0,1,1
harrington,0,2,2
harriot,1,0,1
harris,38,74,112
harrisburg,6,7,13
harrises,1,0,1
harrison,20,39,59
harrisonburg,3,0,3
harrod,0,2,2
harrods,7,8,15
harrogate,3,4,7
harrold,2,2,4
harroooo,0,1,1
harrow,4,3,7
harrowing,9,1,10
harrrd,3,1,4
harrrghh,1,0,1
harrrow,0,1,1
harrrr,0,1,1
harrrrd,2,0,2
harrrrrd,3,0,3
harrrrrdddddddd,1,0,1
harrrrrharrrrrrrharrrrrrrr,0,1,1
harrry,2,0,2
harrummphing,1,0,1
harrump,1,0,1
harrumpf,1,0,1
harrumph,3,1,4
harry,420,677,1097
harrydewhirst,0,1,1
harryforpresident,0,1,1
harryhamburger,0,1,1
harryhausen,1,1,2
harrykalas,1,0,1
harrymcflytosing,3,1,4
harrypotter,1,7,8
harrys,6,3,9
harrywilly,0,1,1
harse,0,1,1
harsfield,1,0,1
harsh,151,72,223
harsha,0,2,2
harshbarger,0,1,1
harshed,1,0,1
harsher,0,4,4
harshes,0,1,1
harshest,0,1,1
harshh,0,1,1
harshhh,1,0,1
harshing,1,0,1
harshley,1,0,1
harshly,5,1,6
harshness,3,2,5
harsin,1,0,1
harssshhh,1,0,1
harstad,1,0,1
harsya,0,1,1
hart,24,35,59
hartal,1,0,1
hartamas,2,0,2
hartattack,0,1,1
hartbeats,0,1,1
harte,0,2,2
harterei,0,1,1
hartford,19,21,40
hartke,1,1,2
hartlepool,8,1,9
hartlet,1,0,1
hartley,4,3,7
hartly,1,2,3
hartlys,0,1,1
hartman,4,2,6
hartmann,1,0,1
hartmark,0,1,1
hartnett,1,4,5
hartpury,1,0,1
harts,2,2,4
hartsfield,0,4,4
hartsons,1,0,1
hartsook,1,0,1
hartwell,0,1,1
harty,1,1,2
haru,3,9,12
harue,0,1,1
haruhi,8,3,11
haruka,2,2,4
haruki,1,1,2
harum,0,2,2
harummph,1,0,1
harumpfffing,1,0,1
harumph,12,0,12
harun,0,1,1
harunhilton,1,0,1
haruo,1,0,1
harus,19,7,26
haruto,0,1,1
harv,2,3,5
harvard,13,25,38
harveen,1,0,1
harvest,27,41,68
harvested,4,4,8
harvester,2,2,4
harvesters,1,0,1
harvesting,0,5,5
harvestmoon,1,1,2
harveston,1,0,1
harvey,54,51,105
harveylevintmz,0,1,1
harveys,1,3,4
harvford,0,1,1
harvi,0,1,1
harvick,1,0,1
harvie,0,2,2
harvs,1,0,1
harwich,1,0,1
harwin,0,2,2
harwood,0,1,1
haryana,0,2,2
haryaton,0,1,1
has,22123,12346,34469
hasa,1,1,2
hasan,1,0,1
hasanah,1,0,1
hasans,1,0,1
hasasdgad,1,0,1
hasbeencalled,1,0,1
hasbro,4,4,8
hasbrowns,0,1,1
hasclass,0,1,1
hasde,0,1,1
hase,2,0,2
hasechel,0,1,1
hasegawa,0,1,1
haselnuth,1,0,1
haseminist,0,1,1
hasen,3,1,4
hasengeschichte,0,1,1
hasent,5,1,6
hasenyager,0,1,1
haseyo,0,3,3
hasfgh,1,0,1
hasfjasfkjsd,0,1,1
hasgtag,0,1,1
hash,43,77,120
hashad,0,1,1
hashahajihfiop,0,1,1
hasharon,0,1,1
hashbrown,5,4,9
hashbrowns,10,16,26
hashcube,0,1,1
hashdrupalcms,1,0,1
hashed,0,2,2
hasher,1,0,1
hashes,1,1,2
hashfail,0,1,1
hashhhhhhh,1,0,1
hashim,1,1,2
hashing,1,3,4
hashizume,1,0,1
hashmark,1,1,2
hashmarks,1,0,1
hashmi,2,0,2
hashmina,1,0,1
hashoah,0,1,1
hashrocket,0,1,1
hashset,0,1,1
hashtableiterator,1,0,1
hashtads,0,1,1
hashtag,40,100,140
hashtagged,1,1,2
hashtagger,0,1,1
hashtagging,0,1,1
hashtagmafia,0,1,1
hashtagrebelalliance,0,1,1
hashtags,17,26,43
hasidic,0,1,1
hasil,2,0,2
hasilnya,2,1,3
hasin,1,0,1
hasing,0,1,1
hasipfote,0,1,1
hasis,0,1,1
hasitha,0,1,1
hasiuoehae,1,0,1
haskell,0,9,9
hasket,0,1,1
haslaw,1,0,1
hasler,0,1,1
hasls,0,1,1
hasmanythroughsourceassociationmacroerror,1,0,1
hasmi,1,0,1
hasmin,1,0,1
hasmter,2,0,2
hasn,3,1,4
hasnt,328,71,399
hasonl,0,1,1
haspe,1,0,1
hasrate,1,0,1
hass,7,3,10
hassan,2,3,5
hassayampa,1,0,1
hasse,11,0,11
hasseeeekk,0,1,1
hassel,1,1,2
hasselback,0,1,1
hasselbeck,0,2,2
hasselblad,1,2,3
hasselhof,0,1,1
hasselhoff,3,2,5
hasselt,1,0,1
hasshy,0,1,1
hassiling,1,0,1
hassin,0,1,1
hassle,75,73,148
hassled,3,0,3
hasslehoff,0,1,1
hassles,2,4,6
hasslin,1,0,1
hassling,5,2,7
hassn,0,1,1
hassrass,0,1,1
hasss,0,1,1
hassss,0,1,1
hassssss,1,0,1
hasst,1,0,1
hasstlehoff,0,1,1
hassu,0,1,1
hast,5,15,20
hasta,17,24,41
hastag,2,7,9
hastags,1,1,2
hastam,0,1,1
hastay,1,0,1
haste,13,10,23
hasten,1,2,3
hastening,1,0,1
hasthag,0,1,1
hasthags,0,1,1
hasthtag,0,1,1
hastily,1,1,2
hasting,1,1,2
hastings,9,12,21
hastle,1,0,1
hasto,0,2,2
hasts,0,1,1
hastudent,0,1,1
hastxting,1,0,1
hasty,2,5,7
hasu,1,0,1
hasuahushauhsuhushauhsuhs,0,1,1
hasuhasuhasu,0,1,1
hasya,0,1,1
hasyim,1,0,1
hasz,0,1,1
haszn,0,1,1
hat,358,465,823
hata,0,3,3
hatalan,1,0,1
hatalmas,0,1,1
hatar,1,0,1
hatas,1,2,3
hatastic,0,1,1
hataz,0,4,4
hatazz,0,1,1
hatboro,2,0,2
hatbox,0,1,1
hatch,20,15,35
hatchards,0,1,1
hatchback,1,3,4
hatched,8,15,23
hatcher,0,3,3
hatches,2,2,4
hatchet,4,3,7
hatchetgirl,0,1,1
hatchie,1,1,2
hatchiiii,2,0,2
hatchiiiiiii,1,0,1
hatchin,0,1,1
hatching,8,47,55
hatchling,2,1,3
hatchlings,4,3,7
hatd,1,0,1
hate,17207,2614,19821
hateable,1,0,1
hatebreed,0,6,6
hatebut,1,0,1
hatechu,2,1,3
hated,277,118,395
hatedoing,1,0,1
hatee,26,3,29
hateed,0,2,2
hateedddd,1,0,1
hateee,25,2,27
hateeee,14,3,17
hateeeee,8,0,8
hateeeeee,4,0,4
hateeeeeeee,1,0,1
hateeeeeeeeee,1,0,1
hateeeeeeeeeeeee,1,0,1
hateeeeeeeeeeeeeeeeee,1,0,1
hateeeeeees,1,0,1
hatees,1,0,1
hatefarage,0,1,1
hateful,26,6,32
hatefull,1,0,1
hatefulmonday,1,0,1
hatehatehate,3,1,4
hatehatehatehatehate,1,0,1
hateing,7,1,8
hatemonday,1,0,1
hatemonger,0,1,1
hatemongers,1,0,1
haten,0,1,1
hatenight,0,1,1
hateperez,10,1,11
hater,78,110,188
haterade,1,3,4
hateraide,0,1,1
hateration,0,2,2
haterbmotivatrs,1,0,1
haterday,1,0,1
haterrr,1,1,2
haterrrrr,0,1,1
haterrrrrrrrr,0,1,1
haterrrrs,0,1,1
haters,117,170,287
haterss,0,1,1
hatersss,1,0,1
haterssss,2,1,3
haterz,4,8,12
hates,1872,229,2101
hatesme,1,0,1
hatess,2,0,2
hatesss,3,0,3
hatesssssssssss,1,0,1
hatethesewords,1,0,1
hatew,1,0,1
hateyou,2,0,2
hatez,7,0,7
hatezz,1,0,1
hatfever,1,0,1
hatfield,4,2,6
hatfully,1,0,1
hath,15,10,25
hatha,3,4,7
hathaway,10,13,23
hathien,1,0,1
hathor,1,0,1
hathway,1,0,1
hati,11,10,21
hatice,0,1,1
hatiestest,1,0,1
hatiiiing,0,1,1
hatiku,1,0,1
hatim,0,1,1
hatin,68,43,111
hating,507,119,626
hatis,1,0,1
hatless,1,0,1
hatn,1,0,1
hatorade,0,1,1
hatp,2,0,2
hatred,29,19,48
hatrick,1,0,1
hatroade,0,1,1
hats,62,124,186
hatshepsut,1,0,1
hatsjoe,0,1,1
hatss,0,1,1
hatsune,0,1,1
hatsworth,4,2,6
hatt,0,1,1
hatta,1,0,1
hatte,4,4,8
hatted,1,0,1
hatteeee,1,0,1
hatteeloovveeeyouu,1,0,1
hattenin,0,1,1
hatter,1,4,5
hatteras,2,2,4
hatters,1,2,3
hattest,0,1,1
hatti,1,1,2
hattie,2,3,5
hattiemichaudsooo,0,1,1
hattiesburg,3,1,4
hattin,1,1,2
hatting,2,0,2
hatton,70,44,114
hattori,1,0,1
hattrick,0,3,3
hattte,1,0,1
hatttee,1,0,1
hattteee,1,0,1
hatttte,1,0,1
hattttt,1,0,1
hatttttiiinnggggg,1,0,1
hattttting,1,0,1
hatttttttte,1,0,1
hattudying,0,1,1
hatty,1,0,1
hatumpfff,1,0,1
hatvey,0,1,1
hatz,2,0,2
hatzies,1,0,1
hau,2,2,4
hauahahaua,1,0,1
hauauhauahau,0,1,1
haue,3,0,3
haueaueua,1,0,1
hauent,0,1,1
hauer,1,1,2
hauge,0,1,1
haugesund,0,1,1
haughey,1,0,1
haughty,0,1,1
hauhahu,1,0,1
hauhau,1,0,1
hauhaua,1,1,2
hauhauahua,1,0,1
hauhauh,1,0,1
hauhauhau,1,0,1
hauhauhauha,0,1,1
hauhauhauhauhaua,0,1,1
hauhauhauhuahauhau,0,1,1
hauheauehauehae,0,1,1
hauhsuas,0,1,1
hauihsuiahsauishau,0,1,1
hauihueh,1,0,1
haul,44,54,98
haulage,1,1,2
haule,0,2,2
hauled,5,3,8
hauler,1,2,3
haulers,1,1,2
haulhaulhaul,0,1,1
haulin,0,3,3
hauling,9,2,11
hauls,0,2,2
haulted,1,1,2
haunt,44,15,59
haunted,42,41,83
haunter,1,0,1
hauntes,1,0,1
haunting,33,23,56
hauntings,0,1,1
hauntingxealot,1,0,1
haunts,10,8,18
haupia,1,1,2
haur,1,0,1
haurhi,0,1,1
hauries,0,1,1
haus,8,18,26
hause,3,1,4
hausehausehasue,0,1,1
hauser,0,2,2
hausfrau,0,1,1
haushaus,1,0,1
haushaushasuahsuahsaus,0,1,1
haushaushaushaus,0,1,1
haushaushuhusua,1,0,1
hauska,0,1,1
hausmate,0,1,1
hausss,1,0,1
haute,6,5,11
hauted,1,0,1
hautelook,2,0,2
hauteness,1,0,1
hauuuuuuuss,1,0,1
haux,0,1,1
hauz,0,2,2
hav,725,347,1072
hava,4,16,20
havag,0,1,1
havah,0,1,1
havaianas,5,4,9
havainas,1,2,3
havan,0,1,1
havana,5,14,19
havanas,3,1,4
havanese,0,1,1
havaniceday,0,1,1
havant,0,1,1
havasu,6,5,11
havasuapai,0,1,1
havbe,1,0,1
havd,3,0,3
havdallah,1,1,2
have,88399,65582,153981
havea,3,6,9
haveanap,0,1,1
haveaniceday,0,1,1
haveant,0,1,1
haveb,1,0,1
havebeen,2,0,2
haved,2,0,2
havee,24,25,49
haveee,3,7,10
haveeee,3,4,7
haveeeee,2,2,4
haveeeeee,2,1,3
haveeeeeee,1,0,1
havefun,0,1,1
havehavehave,0,1,1
havein,0,3,3
haveing,20,21,41
haveliterally,0,1,1
havelunch,1,0,1
havem,1,0,1
haven,101,68,169
havend,1,0,1
havening,1,0,1
havennt,1,0,1
haveno,2,0,2
havenot,0,1,1
havenothin,1,0,1
havenothing,1,0,1
havenowhere,1,0,1
havenson,0,1,1
havent,1703,704,2407
haventcriedoveraguyinalongwhile,0,1,1
haventt,1,0,1
haveny,1,0,1
haver,1,2,3
haverly,1,0,1
haverstraw,0,1,1
haverte,0,1,1
haves,10,7,17
havesex,0,1,1
havesu,1,0,1
havet,3,0,3
haveta,7,4,11
havethe,0,2,2
havetime,0,1,1
haveto,3,2,5
havety,1,0,1
haveuever,1,1,2
havevn,0,1,1
havew,0,1,1
havework,1,0,1
havex,1,0,1
havexdand,1,0,1
haveyouever,103,71,174
havfing,1,0,1
havfun,1,1,2
havg,1,0,1
havi,1,3,4
havia,1,1,2
havianas,1,0,1
havic,1,0,1
havies,0,1,1
havig,3,1,4
havign,2,3,5
haviinq,1,0,1
havin,373,390,763
havinbg,0,1,1
having,8843,7189,16032
havingfun,0,2,2
havingg,2,3,5
havinn,1,0,1
havinnn,0,2,2
havinnng,0,1,1
havinq,1,3,4
havinqq,0,1,1
havint,1,0,1
havisu,0,1,1
havjng,0,1,1
havn,112,57,169
havne,0,1,1
havnet,1,1,2
havnevikings,0,1,1
havng,7,4,11
havnt,229,92,321
havnted,1,0,1
havo,1,1,2
havoc,22,9,31
havock,0,1,1
havok,1,2,3
havr,1,1,2
havregryn,0,1,1
havs,1,5,6
havt,2,1,3
havta,10,7,17
havto,0,1,1
havva,0,2,2
havve,2,3,5
havveee,1,0,1
havvent,2,0,2
havvn,1,0,1
havvunt,1,0,1
havvve,0,1,1
havvvve,1,0,1
havvy,1,0,1
havw,1,0,1
havwe,1,0,1
havwent,1,0,1
havy,1,0,1
haw,16,15,31
hawa,2,3,5
hawaaaian,1,0,1
hawai,6,7,13
hawaian,2,1,3
hawaii,255,260,515
hawaiian,32,54,86
hawaiianchicken,0,1,1
hawaiians,0,4,4
hawaiidaydreams,0,1,1
hawaiihta,2,3,5
hawaiiii,0,1,1
hawaiin,3,4,7
hawaiingardens,0,1,1
hawaiireal,0,1,1
hawaiishirts,1,0,1
hawain,0,3,3
haway,1,0,1
hawaya,1,0,1
hawbaker,0,1,1
hawd,2,0,2
hawe,0,1,1
hawes,0,3,3
hawg,0,1,1
hawgh,1,0,1
hawh,1,0,1
hawig,0,1,1
hawii,1,0,1
hawiian,2,1,3
hawisa,0,1,1
hawk,33,36,69
hawkcam,21,22,43
hawke,1,2,3
hawker,5,2,7
hawkes,1,4,5
hawkesbury,0,1,1
hawkeye,2,1,3
hawkeyes,0,1,1
hawkfest,1,0,1
hawkhost,0,1,1
hawking,6,5,11
hawkins,5,1,6
hawkinsrise,1,0,1
hawkmoth,0,1,1
hawkoholic,0,1,1
hawkoholics,1,0,1
hawks,49,36,85
hawksley,1,0,1
hawksmoor,0,1,1
hawksss,0,1,1
hawkstrider,0,1,1
hawkwind,0,2,2
hawkwood,1,0,1
hawl,1,0,1
hawley,1,1,2
hawleys,1,0,1
hawluh,1,0,1
hawn,2,1,3
hawndog,0,1,1
haworth,1,1,2
hawrts,0,1,1
hawrtz,0,1,1
haws,3,2,5
hawskaw,0,1,1
hawt,39,83,122
hawtboys,1,0,1
hawthorn,7,4,11
hawthorne,19,14,33
hawthrone,1,0,1
hawtie,0,1,1
hawties,0,1,1
hawtin,1,2,3
hawting,0,1,1
hawtner,0,1,1
hawtness,1,1,2
hawtpawket,0,1,1
hawtry,0,1,1
hawts,1,0,1
hawtstuff,1,0,1
hawtt,1,1,2
hawty,1,0,1
hawu,0,1,1
haww,5,1,6
hawwa,1,0,1
hawwllll,0,1,1
hawwt,2,2,4
hawwtt,1,1,2
hawwttt,0,1,1
hawww,0,1,1
hawwwt,0,3,3
hawwwwwt,2,0,2
hawwy,0,1,1
hawx,3,4,7
hax,3,1,4
haxed,1,0,1
haxhax,0,1,1
haxing,0,1,1
haxor,1,1,2
haxored,1,0,1
haxton,1,0,1
haxx,0,2,2
haxzaactly,1,0,1
hay,320,268,588
haya,1,1,2
hayaaaaa,1,0,1
hayaaahhh,1,0,1
hayabusa,0,1,1
hayah,1,0,1
hayam,1,0,1
hayami,2,0,2
hayas,0,1,1
hayate,4,3,7
hayato,1,0,1
hayayay,2,0,2
haycorns,0,1,1
hayday,2,1,3
haydee,1,0,1
hayden,32,26,58
haydenkhocrap,0,1,1
haydens,0,1,1
haydenwilliams,1,0,1
haydn,3,7,10
haydo,2,2,4
haydock,0,1,1
haydons,0,1,1
haydos,0,2,2
haye,3,0,3
hayek,0,3,3
hayela,1,0,1
hayell,0,1,1
hayes,6,11,17
hayever,3,0,3
hayfaver,1,0,1
hayfeaver,4,0,4
hayfestival,1,0,1
hayfever,596,52,648
hayfevered,3,0,3
hayfeverish,2,0,2
hayfeverness,0,1,1
hayfevers,9,1,10
hayfeversucks,1,0,1
hayfevery,5,0,5
hayfevr,1,0,1
hayfiever,1,0,1
haygate,0,1,1
haygood,0,1,1
hayhayhay,0,1,1
hayhoe,1,0,1
hayhouse,0,1,1
haying,1,1,2
hayjoeliecarrots,1,0,1
hayk,0,1,1
haykatt,0,1,1
haykkkz,1,0,1
haykrdmak,0,1,1
haykuro,0,1,1
hayl,3,1,4
hayle,0,4,4
haylea,0,1,1
hayleas,1,0,1
haylee,1,7,8
hayleeeeeeeeys,0,1,1
haylehhhhhhhs,1,0,1
hayleighg,0,1,1
hayles,3,0,3
haylesbear,0,1,1
hayley,57,125,182
hayleyn,0,1,1
hayleyp,0,3,3
hayleys,4,3,7
hayleyy,1,0,1
haylezas,1,0,1
haylie,3,11,14
haylo,0,1,1
hayls,1,0,1
haylz,0,1,1
haymaking,0,1,1
haymanator,0,1,1
haymarket,2,0,2
haymax,1,0,1
haymsad,1,0,1
haynakohaydenkho,1,0,1
hayne,5,2,7
haynes,3,3,6
hayo,0,1,1
hayoooo,0,1,1
haypee,0,1,1
hayproj,1,0,1
hayraa,1,0,1
hays,7,1,8
haysbert,1,0,1
hayseeds,1,0,1
haysh,0,1,1
haysneezer,1,0,1
hayss,1,0,1
haysss,0,1,1
hayst,1,0,1
haystack,10,2,12
haystacks,0,2,2
haystyle,1,0,1
hayton,1,0,1
hayu,0,1,1
hayuuk,1,0,1
hayward,5,5,10
haywee,1,0,1
haywire,11,6,17
haywood,1,0,1
hayy,10,9,19
hayya,0,1,1
hayyy,4,8,12
hayyyy,2,6,8
hayyyyy,0,4,4
hayyyyyyy,1,0,1
hayyyyyyyyy,1,1,2
hayyzz,2,0,2
hayz,3,1,4
hayzz,0,1,1
haz,161,106,267
hazaa,0,1,1
hazaah,0,1,1
hazaar,2,0,2
hazaaron,0,1,1
hazard,12,11,23
hazarded,1,0,1
hazardous,4,4,8
hazards,3,2,5
hazdawg,0,1,1
haze,28,14,42
hazel,23,37,60
hazell,0,1,1
hazelluve,1,0,1
hazelnut,18,31,49
hazelnuts,3,1,4
hazelnutty,0,1,1
hazels,1,3,4
hazelwood,1,0,1
hazem,0,1,1
hazen,2,0,2
hazens,1,0,1
hazey,3,0,3
hazily,1,0,1
hazimov,0,1,1
hazin,1,0,1
haziness,0,2,2
hazing,1,4,5
haziq,0,1,1
hazir,0,1,1
haziran,0,1,1
hazlenut,1,2,3
hazlet,1,0,1
hazmat,4,0,4
hazme,0,1,1
hazmey,1,0,1
hazn,0,1,1
hazpot,1,0,1
hazrat,1,0,1
hazy,18,9,27
hazz,2,0,2
hazza,1,0,1
hazzah,0,2,2
hazzar,0,1,1
hazze,0,1,1
hazzle,1,0,1
hazzunt,1,0,1
hazzy,2,0,2
hazzza,1,0,1
hb,22,41,63
hba,1,0,1
hbabo,1,0,1
hbaby,0,1,1
hbase,0,1,1
hbave,1,0,1
hbazaar,2,0,2
hbc,3,11,14
hbcss,1,0,1
hbcu,1,1,2
hbd,3,17,20
hbdandyhurley,0,12,12
hbday,0,1,1
hbdpetefobr,0,1,1
hbdvdvhjd,0,1,1
hbe,1,0,1
hbf,1,1,2
hbff,0,2,2
hbfkjewnbfkwef,1,0,1
hbfnt,1,0,1
hbh,3,3,6
hbic,6,3,9
hbk,0,2,2
hbl,0,1,1
hbmf,1,0,1
hbng,1,0,1
hbo,143,99,242
hboasia,1,0,1
hbob,0,1,1
hboc,1,0,1
hbos,2,2,4
hbox,0,1,1
hboy,0,1,1
hbp,14,19,33
hbph,0,1,1
hbpl,0,1,1
hbr,0,2,2
hbs,3,4,7
hbt,0,2,2
hbu,16,44,60
hburg,1,0,1
hburgnews,1,0,1
hburs,1,0,1
hbuu,0,1,1
hbuuu,1,0,1
hbxb,1,0,1
hby,3,2,5
hbyu,0,1,1
hc,13,15,28
hcb,1,17,18
hcc,1,47,48
hccups,1,0,1
hcd,2,0,2
hce,1,0,1
hcf,0,1,1
hcg,4,3,7
hch,0,1,1
hci,2,8,10
hcibthwdfm,2,0,2
hck,1,0,1
hcky,1,0,1
hcl,1,1,2
hcm,1,2,3
hcmc,2,3,5
hcmd,1,0,1
hcmktg,0,4,4
hcn,6,2,8
hcnaged,1,0,1
hco,3,2,5
hcr,1,0,1
hcsc,1,0,1
hcsm,0,11,11
hct,2,1,3
hctib,2,0,2
hctz,1,0,1
hcu,0,1,1
hd,335,289,624
hda,1,1,2
hdaniels,1,0,1
hdaoop,0,1,1
hdasuidhsaidh,1,0,1
hday,1,0,1
hdb,0,2,2
hdc,2,5,7
hdcomms,0,1,1
hdd,79,35,114
hdddd,1,0,1
hdds,3,3,6
hdf,1,0,1
hdfc,0,2,2
hdggggggdl,0,1,1
hdgjjvf,1,0,1
hdh,0,1,1
hdhhnnnchdnjcnssa,0,1,1
hdi,0,1,1
hdieiofnrjwvwudvjdir,1,0,1
hdis,0,1,1
hdjsbdj,1,0,1
hdjwudhfjfh,1,0,1
hdl,1,1,2
hdlgp,1,0,1
hdmdl,1,0,1
hdmi,17,5,22
hdnet,6,3,9
hdogg,0,1,1
hdpvrt,1,0,1
hdq,0,1,1
hdqrs,0,1,1
hdr,4,6,10
hdrive,1,0,1
hds,2,6,8
hdsehjsd,1,0,1
hdt,1,0,1
hdtv,19,19,38
hdtvs,0,1,1
hdu,2,1,3
hdub,0,1,1
hdusaihuisahd,0,1,1
hdware,0,1,1
hdx,1,0,1
hdys,0,1,1
hdz,1,0,1
he,21294,17523,38817
hea,15,8,23
heaaaaaaaaad,1,0,1
heaaaaad,1,0,1
heaaaad,1,0,1
heaaaadaaache,1,0,1
heaaaaps,0,1,1
heaaaaven,0,1,1
heaaaavy,1,0,1
heaaad,1,0,1
heaaard,1,0,1
heaaarrr,1,0,1
heaad,3,0,3
heaadachee,0,1,1
heaadd,0,1,1
heaading,1,1,2
heaaii,0,1,1
heaard,1,1,2
heacache,1,0,1
heaches,0,1,1
head,5549,3155,8704
headaaaaaaaaaaaaaache,1,0,1
headaaaaaaaaaaaache,1,0,1
headaaaache,1,0,1
headaaache,1,0,1
headaaachhhee,1,0,1
headaache,2,0,2
headaccccche,1,0,1
headacchee,1,0,1
headace,20,0,20
headaceh,1,0,1
headaces,1,0,1
headach,23,2,25
headache,5317,421,5738
headached,1,0,1
headachee,16,1,17
headacheee,14,1,15
headacheeee,5,1,6
headacheeeee,5,0,5
headacheeeeee,4,1,5
headacheeeeeee,2,0,2
headacheeeeeeee,2,0,2
headacheeeeeeeeee,1,0,1
headacheeeeeeeeeee,1,0,1
headacheeeeeeeeeeeee,1,0,1
headacheeeeeeeeeeeeeeeeeeeeee,1,0,1
headachees,1,0,1
headacheheadache,1,0,1
headaches,339,66,405
headachessss,1,0,1
headachey,25,0,25
headacheyness,1,0,1
headacheyy,2,0,2
headachhee,1,0,1
headachheee,1,0,1
headachhhe,1,0,1
headachhhhe,1,0,1
headaching,1,0,1
headachs,1,0,1
headachy,17,0,17
headack,3,0,3
headacke,2,1,3
headackes,0,1,1
headahce,4,0,4
headahces,1,0,1
headahe,1,0,1
headahes,3,0,3
headake,5,0,5
headband,30,28,58
headbands,9,13,22
headbang,3,4,7
headbanger,0,2,2
headbangers,2,4,6
headbangersball,1,0,1
headbangin,0,2,2
headbanging,3,4,7
headbangs,0,1,1
headbin,1,0,1
headboard,1,1,2
headbumpies,0,1,1
headbuts,1,0,1
headbutt,2,1,3
headbuttd,1,0,1
headbutted,8,4,12
headbutting,2,0,2
headbutts,1,1,2
headcahe,1,0,1
headcake,1,0,1
headcase,1,1,2
headch,2,0,2
headchae,1,0,1
headche,4,0,4
headchef,0,1,1
headcold,11,1,12
headcolds,1,0,1
headconference,0,1,1
headcount,2,2,4
headcrab,0,1,1
headcrack,1,0,1
headcrash,0,1,1
headcut,1,0,1
headd,2,2,4
headdache,0,1,1
headdd,5,2,7
headddachhhe,1,0,1
headddd,1,1,2
headdddaaacheee,1,0,1
headdddd,4,1,5
headddddachhhhheeee,1,0,1
headddddd,1,0,1
headdead,1,0,1
headded,0,1,1
headdesk,7,1,8
headdin,1,0,1
headding,1,0,1
heade,1,0,1
headeache,2,0,2
headed,853,954,1807
headedness,1,0,1
headegg,1,0,1
header,38,67,105
headers,5,7,12
headerul,0,1,1
headfi,1,0,1
headfirst,3,18,21
headfone,1,0,1
headfones,5,0,5
headfucked,1,0,1
headg,1,0,1
headgasket,1,0,1
headgear,1,5,6
headgirlsday,1,0,1
headhache,1,0,1
headhaches,1,0,1
headhunter,0,1,1
headhurts,3,0,3
headicle,0,1,1
headig,1,1,2
headign,1,0,1
headiiing,0,1,1
headiin,1,0,1
headiing,0,1,1
headiinq,1,0,1
headin,135,177,312
headinb,0,1,1
headiness,0,1,1
heading,1757,2330,4087
headingg,2,0,2
headinggg,1,0,1
headingley,0,2,2
headings,2,1,3
headinngg,1,0,1
headinq,0,3,3
headinqq,1,0,1
headint,2,0,2
headless,8,8,16
headley,0,1,1
headlight,6,7,13
headlights,16,14,30
headligths,1,0,1
headline,41,43,84
headlined,0,1,1
headlineeeeeeeeeeesss,1,0,1
headliner,2,1,3
headlinerrrrrr,0,1,1
headliners,2,2,4
headlines,27,24,51
headlinesindia,1,1,2
headling,1,2,3
headlining,10,13,23
headlline,1,0,1
headlock,0,1,1
headlong,1,1,2
headmaster,2,2,4
headn,12,10,22
headness,1,0,1
headning,1,0,1
headover,0,2,2
headpad,1,0,1
headpain,1,0,1
headph,1,0,1
headphone,26,15,41
headphonees,1,0,1
headphoners,1,0,1
headphones,332,110,442
headphonesss,0,1,1
headphs,0,1,1
headpillow,1,0,1
headqtrs,0,1,1
headquartaz,0,1,1
headquarter,2,0,2
headquartered,1,0,1
headquarters,2,10,12
headquater,1,0,1
headress,0,1,1
headrest,1,2,3
headroom,1,3,4
headrush,1,2,3
heads,240,397,637
headscarf,1,0,1
headsche,1,0,1
headscratching,0,1,1
headseat,1,0,1
headsed,1,0,1
headset,43,20,63
headsets,6,3,9
headshop,1,0,1
headshot,8,12,20
headshots,4,18,22
headshotss,0,1,1
headslap,0,2,2
headspace,2,2,4
headspin,0,10,10
headspins,0,1,1
headsss,0,1,1
headstand,0,1,1
headstart,6,1,7
headstartsummer,1,0,1
headstets,1,0,1
headstock,1,0,1
headstone,0,1,1
headstones,1,0,1
headstrong,0,3,3
headsup,1,10,11
headsweatband,1,0,1
headswells,0,1,1
headteacher,3,1,4
headung,0,1,1
headup,1,1,2
headwaters,0,2,2
headway,6,6,12
headwind,3,0,3
headwinds,1,2,3
headwounds,1,0,1
headwrecking,0,1,1
headxo,0,1,1
heady,2,5,7
headz,0,3,3
headzup,0,1,1
heaeache,1,0,1
heaetbroken,1,0,1
heah,2,2,4
heahache,0,1,1
heahacheeeeee,1,0,1
heahhh,0,1,1
heaintwentnowheresince,1,0,1
heair,0,2,2
heal,153,56,209
heald,1,0,1
healed,34,25,59
healer,11,8,19
healeravalaura,0,1,1
healers,2,3,5
healesville,0,1,1
healey,0,1,1
healfy,1,0,1
healhier,0,1,1
healing,99,125,224
healings,1,0,1
healither,0,1,1
heally,1,0,1
heals,45,37,82
healss,1,0,1
health,409,375,784
healthalicious,0,1,1
healthcare,21,18,39
healthchallenge,0,1,1
healthclub,0,1,1
healthcraft,1,0,1
healther,0,2,2
healthfair,0,1,1
healthfood,1,0,1
healthfor,1,0,1
healthful,0,1,1
healthfully,0,3,3
healthfulness,1,0,1
healthhhh,1,0,1
healthier,23,44,67
healthiest,1,8,9
healthified,0,1,1
healthily,3,1,4
healthiness,1,1,2
healthly,0,3,3
healthmex,0,1,1
healthreform,1,0,1
healthrider,0,1,1
healthspo,0,1,1
healthstream,1,0,1
healthvault,0,1,1
healthwise,1,2,3
healthy,371,539,910
healthychallenge,0,2,2
healthyish,1,0,1
healthyliving,0,1,1
healthyy,1,0,1
healthyyy,0,1,1
healthyyyyyy,1,0,1
healty,5,4,9
healy,2,3,5
healz,0,1,1
heamophilia,1,0,1
heand,1,0,1
heaney,0,2,2
heaohieioaehioaeh,0,1,1
heaos,0,1,1
heap,35,39,74
heapa,1,0,1
heapdump,1,1,2
heaped,0,1,1
heaphy,1,0,1
heaping,0,1,1
heappens,1,0,1
heappppppsss,1,0,1
heappppppssssssss,1,0,1
heapppps,1,0,1
heapppsss,0,1,1
heappss,1,1,2
heaps,146,194,340
heapsleep,0,1,1
heapsort,0,1,1
heapss,0,1,1
heapsss,1,0,1
heapssss,0,1,1
heapssssss,1,0,1
heaptweets,0,1,1
heapza,0,1,1
hear,5446,4601,10047
hearbeats,1,0,1
hearbreaking,3,0,3
hearbroken,2,0,2
hearby,0,1,1
heard,2582,2378,4960
heardd,0,2,2
hearddd,1,1,2
hearded,1,0,1
heardest,1,0,1
heardrock,0,1,1
heardz,0,1,1
heared,4,8,12
hearem,0,1,1
hearers,0,2,2
hearin,14,10,24
hearing,489,462,951
hearingggg,1,0,1
hearings,0,3,3
hearinq,1,0,1
hearn,4,1,5
hearrr,1,1,2
hearrrrrr,0,1,1
hearrrt,1,0,1
hears,28,32,60
hearsay,3,0,3
hearse,0,2,2
hearsemen,0,1,1
hearst,3,3,6
heart,2926,2070,4996
heartache,48,6,54
heartaches,3,0,3
heartaching,1,0,1
heartake,1,0,1
heartattac,1,0,1
heartattack,8,8,16
heartattackalicious,0,1,1
heartattacks,0,1,1
heartballoon,1,0,1
heartbeat,45,41,86
heartbeats,6,8,14
heartbrake,2,0,2
heartbrakes,1,0,1
heartbreak,57,13,70
heartbreaken,1,0,1
heartbreaker,16,11,27
heartbreakers,2,2,4
heartbreaking,164,10,174
heartbreakingly,2,0,2
heartbreaks,5,2,7
heartbroken,223,9,232
heartburn,121,6,127
heartburnnnnnnnn,1,0,1
heartburns,2,0,2
heartburny,1,0,1
heartcakes,0,1,1
heartchu,0,1,1
heartdropdead,0,1,1
heartdrops,0,1,1
hearteche,1,0,1
hearted,58,34,92
heartedly,4,8,12
heartening,2,2,4
heartesly,0,1,1
heartfelt,9,16,25
heartfest,1,0,1
heartful,1,0,1
hearth,2,5,7
hearthquake,1,0,1
hearties,0,1,1
heartily,1,3,4
heartilye,0,1,1
hearting,0,2,2
heartiscoming,0,1,1
heartizzles,0,1,1
heartl,0,1,1
heartland,1,4,5
heartless,41,46,87
heartlesss,1,0,1
heartlessss,1,0,1
heartlezz,1,2,3
heartofmoney,0,1,1
heartparts,1,0,1
heartpine,0,1,1
heartrate,3,0,3
hearts,175,213,388
heartsadness,1,0,1
heartshaped,1,0,1
heartshattering,1,0,1
heartsheartshearts,0,1,1
heartsick,1,0,1
heartsonsleeve,0,1,1
heartsss,0,1,1
heartstardot,1,0,1
heartstring,1,0,1
heartstrings,2,4,6
heartsucker,0,1,1
heartsvia,1,0,1
heartswithlove,1,0,1
heartswonfrancheska,0,1,1
heartsy,1,0,1
heartt,0,1,1
heartthrob,0,3,3
heartthrobs,0,1,1
hearttouching,1,0,1
hearttt,1,0,1
heartttt,0,3,3
heartwarming,2,14,16
heartwits,0,1,1
heartworm,0,1,1
heartworms,8,0,8
heartwrencher,1,0,1
heartwrenching,2,0,2
heartwrenchingly,1,0,1
heartwrmg,0,1,1
hearty,2,36,38
heartyouneener,1,0,1
heartz,0,4,4
heartzi,1,0,1
heartzzz,0,1,1
hearyou,0,1,1
heasing,1,0,1
heat,1107,458,1565
heatable,0,1,1
heatbean,0,1,1
heatbox,1,0,1
heatbreak,0,1,1
heatbroken,1,0,1
heated,46,30,76
heater,114,62,176
heaterr,1,0,1
heaters,9,4,13
heaterz,0,1,1
heath,80,38,118
heathaaa,0,1,1
heathcliff,3,3,6
heathcotes,0,1,1
heathe,1,0,1
heathen,7,7,14
heathens,1,3,4
heatheow,1,0,1
heather,97,156,253
heatherbee,1,0,1
heatherbiondio,0,1,1
heatherism,0,1,1
heatherlee,0,1,1
heatherrr,1,0,1
heatherrrr,1,0,1
heatherrrrrrrrrrrrr,0,1,1
heathers,8,19,27
heatherwhaling,0,1,1
heathfox,0,1,1
heathh,1,0,1
heathier,0,1,1
heathl,1,0,1
heathledger,1,0,1
heathly,1,0,1
heathrow,42,28,70
heaths,1,0,1
heathur,1,0,1
heathus,1,0,1
heathy,3,1,4
heatin,1,1,2
heating,101,38,139
heatings,2,0,2
heatley,2,0,2
heaton,5,11,16
heatons,0,1,1
heatpress,1,0,1
heatprotective,1,0,1
heatran,0,1,1
heatrash,1,1,2
heats,7,6,13
heatseeker,0,1,1
heatsink,1,1,2
heatstroke,7,0,7
heatt,1,0,1
heattt,1,1,2
heatup,1,0,1
heatwave,14,11,25
heatwavee,0,1,1
heatwaves,2,0,2
heatworlds,0,1,1
heaty,4,2,6
heatyupy,0,1,1
heauheua,0,1,1
heauiheiuaheiae,0,1,1
heav,2,2,4
heavan,1,2,3
heavanly,0,1,1
heave,0,7,7
heaveeen,0,1,1
heavely,0,1,1
heaven,227,489,716
heavenandhell,0,1,1
heavenely,0,1,1
heavenly,19,68,87
heavenlybed,0,1,1
heavenlyyyy,1,0,1
heavennn,0,1,1
heavennnn,0,1,1
heavennnnnn,0,1,1
heavens,39,42,81
heaver,0,1,1
heaves,3,0,3
heavey,1,0,1
heavier,20,14,34
heaviest,3,5,8
heavily,74,36,110
heavin,1,1,2
heaviness,1,1,2
heaving,10,3,13
heavty,0,1,1
heavtymetal,0,1,1
heavvvvyyyy,1,0,1
heavvvy,1,0,1
heavvy,1,0,1
heavy,608,319,927
heavyass,0,1,1
heavygrinder,0,1,1
heavyhead,1,0,1
heavyish,1,0,1
heavyly,1,0,1
heavysnatch,0,1,1
heavyweight,2,3,5
heavyweights,1,3,4
heavyworkload,1,0,1
heavyy,1,1,2
heavyyyyyyy,1,0,1
heay,1,1,2
heb,14,8,22
hebat,2,0,2
hebbal,0,1,1
hebbie,1,1,2
hebbile,1,0,1
hebden,2,1,3
hebe,0,1,1
hebert,1,0,1
heboh,0,1,1
hebrew,12,40,52
hebrews,1,2,3
hebrides,0,2,2
hebron,1,1,2
hebrow,0,1,1
hebt,0,1,1
hebu,0,1,1
heby,0,1,1
hec,3,3,6
hecalled,1,0,1
heced,0,1,1
heches,0,1,1
hecho,0,1,1
heck,448,444,892
hecka,22,15,37
heckaa,1,0,1
hecker,2,0,2
heckic,0,1,1
hecking,1,0,1
heckitty,0,1,1
heckk,2,0,2
heckkk,5,0,5
heckkka,1,0,1
heckkkferrrrr,0,1,1
heckkkkkkk,1,0,1
heckkuh,1,0,1
heckle,1,1,2
heckled,1,0,1
heckler,1,1,2
hecklers,0,2,2
heckles,1,0,1
hecklez,0,1,1
heckling,1,5,6
heckof,2,0,2
hecks,4,4,8
hecksher,1,0,1
hecksss,1,0,1
hecktic,1,0,1
hecktict,1,0,1
hecktik,0,1,1
heckuva,1,1,2
hecky,1,1,2
heckyes,0,4,4
heckyesssss,0,1,1
hectare,1,0,1
hectares,2,0,2
hectic,147,136,283
hectically,0,1,1
hectick,0,1,1
hecticly,0,1,1
hectiv,0,1,1
hector,13,18,31
hectors,1,1,2
hed,23,9,32
hedache,10,0,10
hedah,1,0,1
hedberg,2,2,4
hedburg,0,1,1
hedda,0,1,1
heddesheim,1,0,1
heddiw,2,0,2
heddon,0,1,1
heddur,1,0,1
hedeha,0,1,1
hedenham,1,0,1
heder,0,1,1
hedge,18,22,40
hedgefund,1,0,1
hedgehog,25,18,43
hedgehogs,11,4,15
hedgerow,0,1,1
hedges,5,5,10
hedghog,0,1,1
hedgie,3,0,3
hedging,1,1,2
hedi,1,3,4
hedin,3,0,3
heding,2,1,3
hedison,0,1,1
hedland,1,1,2
hedley,6,2,8
hedleyyyyy,1,0,1
hedlytz,1,0,1
hedman,0,1,1
hedn,1,0,1
hedo,8,6,14
hedon,0,1,1
hedonism,0,2,2
hedonist,0,3,3
hedough,0,1,1
hedphones,1,0,1
hedra,1,0,1
hedraaweezy,1,0,1
hedrick,0,1,1
hedro,0,1,1
heds,0,1,1
hedwig,10,4,14
hedwigs,0,1,1
hedy,0,1,1
hee,98,583,681
heea,1,0,1
heeaaaaadddd,1,0,1
heeaaaaps,1,0,1
heeaaavily,1,0,1
heeaad,1,0,1
heeaaddaachhee,1,0,1
heeaathheer,1,0,1
heeadache,1,0,1
heeaddingg,1,0,1
heeaps,0,1,1
heear,0,1,1
heebie,1,1,2
heebies,1,0,1
heeby,1,0,1
heecccckkk,1,0,1
heech,0,1,1
heechul,1,2,3
heed,4,17,21
heeded,2,1,3
heeder,1,0,1
heee,8,37,45
heeeadachhee,1,0,1
heeeaps,1,0,1
heeeat,0,2,2
heeeby,1,0,1
heeeck,1,1,2
heeed,1,0,1
heeee,3,20,23
heeeeaaaaadd,1,0,1
heeeeaaaad,3,0,3
heeeealing,0,1,1
heeeee,2,7,9
heeeeealing,0,1,1
heeeeee,2,7,9
heeeeeee,0,2,2
heeeeeeee,0,3,3
heeeeeeeeap,0,1,1
heeeeeeeee,1,1,2
heeeeeeeeeead,1,0,1
heeeeeeeeeeeeeee,0,1,1
heeeeeeeeeeeeeeeeeeee,0,1,1
heeeeeeeeeeeeeeeeeeeeeeeeeeeeeeeeeeeeeeeeeeeeeeeeeeeeeeeeeeeeeeeeeeeeeeeeeeeeeeeeeeeeeeeeeeey,0,1,1
heeeeeeeeeeeeeeeeeeeeeeeeeeeeeeeello,0,1,1
heeeeeeeeeeeeeeeeeeeeeeeeeeeeeeeeyy,0,1,1
heeeeeeeeeeeeeeeeeeeeeellllllllllllllllllllllllllllpp,1,0,1
heeeeeeeeeeeeeeeeeelp,1,0,1
heeeeeeeeeeeeeeeeey,0,1,1
heeeeeeeeeeeeeeeello,0,1,1
heeeeeeeeeeeeeell,1,0,1
heeeeeeeeeeeeeey,0,1,1
heeeeeeeeeeeeeeyyyyyyyyyyyyyy,0,1,1
heeeeeeeeeeeellll,0,1,1
heeeeeeeeeeeelp,1,0,1
heeeeeeeeeeeey,1,3,4
heeeeeeeeeeeeyyyy,0,2,2
heeeeeeeeeeelp,1,0,1
heeeeeeeeeeeree,0,1,1
heeeeeeeeeeey,0,3,3
heeeeeeeeeelp,2,0,2
heeeeeeeeeey,4,1,5
heeeeeeeeelllllllllllllllsssssssssssss,0,1,1
heeeeeeeeello,0,1,1
heeeeeeeeere,0,1,1
heeeeeeeeey,4,7,11
heeeeeeeey,3,4,7
heeeeeeelp,1,0,1
heeeeeeer,1,0,1
heeeeeeere,2,1,3
heeeeeeey,1,9,10
heeeeeeeyyyyy,0,1,1
heeeeeeeyyyyyyy,0,1,1
heeeeeeeyyyyyyyy,1,0,1
heeeeeeheeeee,0,1,1
heeeeeeiiii,0,1,1
heeeeeellloooooooooo,0,1,1
heeeeeelp,3,0,3
heeeeeer,0,1,1
heeeeeere,0,1,1
heeeeeey,1,7,8
heeeeeeyyyyy,0,1,1
heeeeeeyyyyyyyyyy,0,1,1
heeeeeheeee,1,0,1
heeeeelium,1,0,1
heeeeella,0,1,1
heeeeelllllllllooooooooo,0,1,1
heeeeelllllpppppp,1,0,1
heeeeelllpppp,1,0,1
heeeeelp,5,1,6
heeeeere,2,2,4
heeeeeuuuuuwwww,0,1,1
heeeeey,8,21,29
heeeeeyo,0,1,1
heeeeeyy,0,1,1
heeeeeyyy,0,1,1
heeeeeyyyy,1,1,2
heeeeeyyyyyyyy,0,1,1
heeeehe,0,2,2
heeeehee,1,0,1
heeeeheeeee,0,1,1
heeeehoooheeehoooo,0,1,1
heeeel,1,0,1
heeeell,1,0,1
heeeelllll,1,0,1
heeeellllppp,1,0,1
heeeellllpppp,0,1,1
heeeello,0,1,1
heeeellp,1,0,1
heeeelp,2,0,2
heeeels,0,1,1
heeeem,0,1,1
heeeere,3,3,6
heeeereeee,0,2,2
heeeereeeee,0,1,1
heeeero,0,1,1
heeeerr,1,0,1
heeeerrrree,1,0,1
heeeeuge,0,1,1
heeeey,23,38,61
heeeeyy,0,3,3
heeeeyylllooooo,1,0,1
heeeeyyy,0,1,1
heeeeyyyy,0,1,1
heeeeyyyyy,0,2,2
heeeeyyyyyyyyyyyy,1,0,1
heeehee,0,1,1
heeeheee,2,0,2
heeeheeehee,0,1,1
heeeheehahahaha,0,1,1
heeehehee,0,1,1
heeei,1,0,1
heeel,0,1,1
heeell,0,2,2
heeelllll,0,1,1
heeellllllllp,1,0,1
heeellllllooooo,0,1,1
heeellllooooo,2,0,2
heeellloo,1,0,1
heeelllp,1,0,1
heeelllpp,1,0,1
heeelllppppp,2,0,2
heeellpppp,1,0,1
heeelp,9,0,9
heeels,1,0,1
heeem,0,2,2
heeere,2,3,5
heeerrr,1,0,1
heeerrreee,1,0,1
heeerrrrrr,0,1,1
heeeuhh,0,1,1
heeex,0,1,1
heeey,35,111,146
heeeyooooooooooooooooh,1,0,1
heeeyy,1,8,9
heeeyyy,2,4,6
heeeyyyy,2,4,6
heeeyyyyy,1,1,2
heeh,4,6,10
heehaw,0,1,1
heehe,2,4,6
heehee,26,155,181
heeheee,2,3,5
heeheeee,0,1,1
heeheeeeeeeee,0,1,1
heeheehee,1,10,11
heeheh,0,2,2
heehehe,0,1,1
heehehee,1,0,1
heeheheh,0,2,2
heehehehe,0,2,2
heehehehee,0,1,1
heehh,1,0,1
heei,0,1,1
heeim,0,1,1
heeiughighieheai,1,0,1
heej,0,1,1
heekk,0,1,1
heel,79,15,94
heelariousss,0,1,1
heeled,4,3,7
heeler,0,1,1
heelers,0,1,1
heelfuck,0,1,1
heelhook,1,0,1
heelies,0,1,1
heeling,0,1,1
heell,1,0,1
heelll,1,0,1
heellll,1,0,1
heelllll,1,0,1
heellllooooo,1,0,1
heellllppp,1,0,1
heelllooo,1,0,1
heelllp,1,0,1
heelllppp,1,0,1
heelllpppp,1,0,1
heello,1,3,4
heelloo,0,1,1
heellpp,1,0,1
heellppp,1,0,1
heelo,0,3,3
heelp,4,0,4
heelppp,1,0,1
heels,284,230,514
heelsandhightops,0,1,1
heelys,1,0,1
heelz,0,1,1
heem,0,2,2
heematoma,1,0,1
heen,0,2,2
heena,1,1,2
heenim,0,1,1
heep,1,1,2
heeps,3,1,4
heequack,0,1,1
heer,2,1,3
heera,0,1,1
heerde,0,1,1
heere,2,1,3
heeren,2,1,3
heerlen,1,0,1
heerlijk,0,2,2
heerreee,0,1,1
hees,1,1,2
heese,0,1,1
heesh,2,0,2
heesy,0,1,1
heet,0,3,3
heetwe,0,1,1
heeww,2,0,2
heex,0,1,1
heexheex,0,1,1
heey,24,140,164
heeya,0,1,1
heeyaaaaaaaaa,0,1,1
heeyy,3,7,10
heeyyy,4,6,10
heeyyyy,1,2,3
heeyyyyy,0,1,1
heeyyyyyy,1,0,1
heeyyyyyyy,0,1,1
heez,0,1,1
heezey,0,1,1
heezy,1,2,3
hef,6,8,14
hefe,1,2,3
hefer,1,0,1
hefeweisens,0,1,1
hefeweizen,2,0,2
hefeweizens,0,1,1
heff,3,3,6
heffa,6,2,8
heffalump,1,0,1
heffalumps,1,0,1
heffas,2,1,3
heffer,1,3,4
heffers,1,1,2
heffewizen,1,0,1
hefff,1,0,1
hefffy,1,0,1
heffy,0,2,2
hefner,1,2,3
heft,1,0,1
hefting,1,0,1
hefty,8,10,18
hegarty,2,1,3
hegdish,1,0,1
hegel,2,1,3
hegemon,1,0,1
hegemony,0,2,2
heggart,1,0,1
hegh,0,2,2
hegley,1,0,1
hegwood,1,0,1
heh,205,822,1027
heha,1,1,2
hehaha,0,1,1
hehaheahaaaa,1,0,1
hehas,0,1,1
hehe,974,4042,5016
heheand,0,1,1
heheboired,1,1,2
hehee,6,40,46
heheee,1,13,14
heheeee,0,1,1
heheeeeee,0,2,2
heheeeeeee,0,1,1
heheeeeeeeee,1,1,2
heheeh,3,8,11
heheehe,1,2,3
heheehee,0,2,2
heheeheh,0,1,1
heheeheheehee,0,1,1
heheehehehe,1,0,1
heheehhehe,0,1,1
heheh,33,158,191
hehehahahoohoo,0,1,1
hehehe,176,863,1039
hehehee,1,12,13
heheheee,0,2,2
heheheeee,1,0,1
heheheeh,3,2,5
heheheehe,1,2,3
heheheehehehehe,0,1,1
heheheh,5,43,48
hehehehe,25,121,146
hehehehee,0,1,1
heheheheee,0,1,1
heheheheeeeee,0,1,1
heheheheeh,0,1,1
heheheheehe,0,1,1
heheheheh,3,13,16
hehehehehe,6,26,32
hehehehehee,0,1,1
heheheheheeee,0,1,1
heheheheheh,0,1,1
hehehehehehahahahahaha,0,1,1
hehehehehehe,2,7,9
hehehehehehead,0,1,1
hehehehehehee,1,0,1
hehehehehehehe,2,2,4
hehehehehehehehehe,0,1,1
hehehehehehhe,0,1,1
hehehehehn,0,1,1
hehehehhe,0,5,5
hehehehhee,0,1,1
hehehehi,0,1,1
hehehellow,0,1,1
hehehes,0,2,2
hehehh,0,3,3
hehehhe,1,12,13
hehehhee,1,4,5
hehehheeeeep,0,1,1
hehehhehe,0,3,3
hehehhehehe,0,2,2
hehehhhee,0,1,1
hehehs,0,1,1
hehek,0,1,1
hehes,1,3,4
hehex,0,1,1
hehh,1,6,7
hehhe,4,12,16
hehhee,1,5,6
hehheh,0,2,2
hehhehe,0,2,2
hehhehehe,0,1,1
hehhh,1,0,1
hehhhee,0,1,1
hehm,0,1,1
hehr,0,1,1
hehuehuehue,0,1,1
hehzeus,0,1,1
hei,13,26,39
heia,0,2,2
heid,4,1,5
heide,1,3,4
heidegger,1,0,1
heidelberg,1,6,7
heidi,96,128,224
heidiii,0,1,1
heidimontag,0,1,1
heidis,0,3,3
heidster,0,1,1
heidy,1,1,2
heidz,0,1,1
heif,1,0,1
heifer,0,1,1
heigh,1,6,7
heighl,0,1,1
height,40,45,85
heightedness,1,0,1
heighten,0,1,1
heightened,3,1,4
heights,48,60,108
heightss,0,1,1
heightz,1,0,1
heigl,3,0,3
heigth,0,1,1
heiheaiaehieahiae,1,0,1
heihoo,0,1,1
heii,1,8,9
heiii,0,3,3
heiiii,0,1,1
heiin,0,1,1
heijn,1,2,3
heiki,0,1,1
heikki,4,7,11
heikolein,0,1,1
heikotel,0,1,1
heil,0,2,2
heilman,2,0,2
heim,4,1,5
heima,0,3,3
heimatbesuch,1,0,1
heimdall,1,0,1
heimi,1,0,1
heimlich,0,1,1
heimliched,1,0,1
heimlick,1,0,1
heimowitz,1,0,1
heims,1,0,1
hein,16,21,37
heine,1,1,2
heineke,1,0,1
heineken,15,23,38
heinekencup,0,1,1
heinekens,0,1,1
heinekensquare,1,0,1
heinekin,3,1,4
heiney,1,2,3
heineys,0,1,1
heinie,1,0,1
heinies,1,0,1
heinikus,1,0,1
heinis,0,1,1
heinlein,0,2,2
heinous,8,1,9
heinsberg,1,0,1
heiny,0,2,2
heinz,4,6,10
heinze,0,1,1
heir,1,8,9
heirat,0,1,1
heirate,0,1,1
heiress,2,2,4
heiressofslytherin,1,0,1
heiritage,0,1,1
heirloom,5,6,11
heirlooms,2,2,4
heirophant,1,0,1
heirsche,1,0,1
heise,0,2,2
heisenbugs,0,1,1
heislers,0,1,1
heiss,0,1,1
heist,2,2,4
heistheebest,0,1,1
heit,0,1,1
heitman,1,0,1
heitz,1,0,1
hej,1,13,14
heja,0,2,2
hejjjj,1,0,1
hek,0,5,5
heka,2,2,4
hekasiiiiii,1,0,1
hekka,3,3,6
heklp,1,0,1
hekp,0,1,1
heksher,2,0,2
hel,4,15,19
hela,0,3,3
helaas,4,1,5
helacious,1,0,1
helado,0,1,1
helag,1,0,1
helalalallalalalla,0,1,1
helaled,0,1,1
helaynas,0,1,1
held,180,144,324
helden,0,5,5
helder,1,0,1
heldin,1,0,1
helding,1,0,1
heldovers,1,0,1
hele,0,2,2
helecopter,0,1,1
helecoptor,1,0,1
heleen,0,1,1
helem,0,1,1
helemaal,0,3,3
helen,41,74,115
helena,10,26,36
helenator,1,0,1
helene,1,3,4
helenes,0,1,1
helennnnnn,0,1,1
helens,4,7,11
helensburgh,0,2,2
helenuh,0,1,1
helenwrites,1,0,1
helep,3,0,3
helf,0,1,1
helfen,0,2,2
helfer,0,1,1
helfty,0,1,1
helg,0,2,2
helga,1,3,4
helgaaaaaaaa,1,0,1
helge,0,1,1
helgeland,0,1,1
helgen,1,0,1
helgevakt,1,0,1
heli,4,6,10
helican,0,1,1
helicoper,1,0,1
helicopter,43,24,67
helicopters,16,15,31
helicoptor,3,0,3
helicoptors,1,0,1
helier,1,0,1
heligan,0,1,1
helio,6,5,11
helioasia,0,1,1
helios,1,2,3
heliped,0,1,1
helipppppp,1,0,1
helis,2,0,2
helium,6,14,20
helix,3,4,7
helixir,1,0,1
helk,0,1,1
hell,3424,2140,5564
hella,518,345,863
hellaa,1,1,2
hellaaa,2,2,4
hellaaaa,0,1,1
hellaaaaa,0,1,1
hellabama,1,0,1
hellacious,4,2,6
hellacopters,1,0,1
hellah,3,5,8
hellalalalalalalalalala,1,0,1
hellapalooza,1,0,1
hellas,2,0,2
hellasia,1,0,1
hellasious,1,0,1
hellayea,0,1,1
hellbabies,1,0,1
hellbilies,0,1,1
hellblazer,1,0,1
hellbound,0,1,1
hellboy,5,7,12
hellcat,1,0,1
hellcity,1,0,1
helldorado,0,1,1
helldump,1,0,1
helle,2,1,3
hellen,4,5,9
hellenic,0,1,1
heller,2,3,5
hellerrr,0,1,1
hellerrrrr,0,1,1
hellertown,1,0,1
hellew,1,1,2
hellfest,5,2,7
hellfire,3,2,5
hellfirecomms,1,0,1
hellgate,1,0,1
hellhold,0,1,1
hellhole,5,2,7
hellhouse,1,0,1
hellia,1,0,1
helliar,1,1,2
hellibit,1,0,1
hellicopter,1,0,1
hellified,1,0,1
hellion,0,1,1
hellions,1,0,1
hellish,28,11,39
hellishly,1,1,2
hellium,0,1,1
hellivina,0,1,1
helll,13,10,23
hellla,12,6,18
helllaa,0,2,2
helllaaa,2,1,3
helllerrrr,0,1,1
helllerssshhhhh,0,1,1
hellll,6,5,11
helllla,4,4,8
hellllaaaa,0,1,1
helllll,10,12,22
hellllla,4,2,6
helllllaa,1,0,1
hellllll,7,3,10
helllllla,2,2,4
hellllllaaaaaa,1,0,1
helllllll,4,2,6
hellllllla,2,0,2
hellllllll,3,1,4
helllllllla,1,0,1
helllllllll,2,0,2
helllllllllla,0,1,1
helllllllllll,1,0,1
hellllllllllllla,1,0,1
hellllllllllllllll,1,0,1
helllllllllllllllla,0,1,1
hellllllllllllllllllllllla,1,0,1
hellllllllllllllllllloooooo,0,1,1
helllllllllllllllllpppppppppppppppppp,1,0,1
helllllllllloooooo,0,1,1
helllllllllo,0,2,2
helllllllllp,1,1,2
hellllllllo,0,2,2
hellllllllpp,1,0,1
hellllllllsssssss,0,1,1
hellllllllz,0,1,1
helllllllo,2,1,3
hellllllo,0,2,2
helllllloo,0,1,1
hellllllooo,0,1,1
hellllllooooo,0,1,1
helllllloooooo,0,1,1
hellllllooooooooooo,0,1,1
helllllloooooooooooo,1,0,1
hellllllp,1,1,2
hellllllz,0,1,1
helllllo,2,5,7
hellllloo,1,0,1
hellllloooolo,0,1,1
helllllooooo,0,2,2
hellllloooooo,0,2,2
helllllooooooooo,1,0,1
helllllp,1,0,1
helllllppp,1,0,1
helllllpppp,1,0,1
hellllluh,1,0,1
helllllz,1,0,1
hellllo,1,6,7
helllloo,0,2,2
hellllooo,1,0,1
helllloooo,2,4,6
hellllooooo,2,1,3
helllloooooo,1,1,2
hellllooooooo,0,1,1
helllloooow,0,1,1
hellllp,5,2,7
hellllppp,1,0,1
hellllpppp,1,0,1
hellllz,0,1,1
hellllzz,0,1,1
helllo,5,14,19
hellloo,0,3,3
helllooo,2,9,11
hellloooo,4,10,14
helllooooo,4,4,8
hellloooooo,1,5,6
helllooooooo,0,3,3
hellloooooooooo,0,1,1
helllooooooooooooo,0,1,1
helllooooooooooooooooooooooo,0,1,1
hellloooouu,1,0,1
helllpmeeeeeee,1,0,1
helllpppp,1,0,1
helllppppp,1,0,1
hellls,1,1,2
helllssss,0,1,1
hellluh,0,1,1
helllza,1,0,1
hellman,1,0,1
hellmouth,1,0,1
hellnand,1,0,1
hellno,0,1,1
hello,1122,4524,5646
helloew,1,0,1
hellof,1,1,2
hellofa,3,0,3
hellofagood,0,1,1
hellogoodbye,3,10,13
hellogoodybye,0,1,1
hellohello,0,1,1
hellohhhh,1,0,1
helloimd,0,1,1
helloish,0,1,1
hellokitty,1,3,4
hellolizzi,0,1,1
helloo,18,36,54
hellooo,16,62,78
helloooiiii,0,1,1
helloooo,8,51,59
hellooooo,6,29,35
helloooooo,3,26,29
hellooooooo,0,10,10
helloooooooo,1,5,6
hellooooooooo,0,4,4
hellooooooooooo,1,2,3
helloooooooooooo,1,4,5
hellooooooooooooo,0,2,2
helloooooooooooooooooooooo,0,2,2
helloooooow,0,1,1
hellooooos,0,1,1
hellooorrr,1,0,1
hellooos,1,0,1
helloowz,0,1,1
hellorhiannon,1,0,1
hellos,5,9,14
hellosascha,0,1,1
helloseattle,0,1,1
hellossoolciz,1,0,1
hellothere,0,1,1
hellotipi,0,1,1
hellotom,0,1,1
hellotxt,3,6,9
hellotxtfeed,1,0,1
hellouu,0,1,1
hellouuuu,0,1,1
helloveggies,0,1,1
hellow,2,14,16
helloween,0,1,1
helloworld,1,0,1
helloww,1,1,2
hellowww,0,2,2
helloz,0,1,1
hellp,3,0,3
hellpp,1,0,1
hellppp,4,1,5
hellpppp,1,0,1
hellraiser,2,0,2
hells,32,72,104
hellsinki,1,0,1
hellskitchen,1,0,1
hellsoap,0,1,1
hellss,0,1,1
hellsss,0,2,2
hellsyeah,0,2,2
hellsyeahhh,0,1,1
hellu,1,1,2
helluh,5,5,10
hellur,1,2,3
hellurr,0,1,1
helluv,0,1,1
helluva,20,17,37
helluver,0,1,1
helluvit,1,0,1
hellva,0,1,1
hellwafashion,1,0,1
hellwan,1,0,1
hellweg,0,1,1
helly,2,4,6
hellya,0,1,1
hellyaa,0,1,1
hellyeah,1,6,7
hellyeahh,1,0,1
hellyes,1,1,2
hellyesss,0,1,1
hellz,9,27,36
hellzy,0,1,1
hellzyeh,0,1,1
hellzyes,0,1,1
hellzzz,0,3,3
hellzzzz,0,1,1
hellzzzzzz,0,1,1
helm,6,5,11
helmax,0,1,1
helmemt,0,1,1
helment,0,2,2
helmes,0,1,1
helmet,46,61,107
helmetcam,0,1,1
helmeted,1,0,1
helmetless,1,0,1
helmets,4,5,9
helmi,1,2,3
helms,2,6,8
helmsley,1,0,1
helmsman,0,1,1
helmsmen,1,0,1
helmut,1,7,8
helmuts,0,1,1
helo,3,10,13
heloc,0,1,1
helocopter,1,0,1
heloo,0,4,4
helooo,1,4,5
heloooo,2,3,5
helooooo,1,0,1
helooooooooo,1,0,1
heloow,0,2,2
helotes,0,1,1
helou,0,2,2
helow,0,1,1
help,6611,5208,11819
helpbot,0,1,1
helpd,4,0,4
helpdesk,8,5,13
helpe,0,1,1
helped,253,497,750
helpedddd,0,1,1
helper,25,30,55
helpers,6,9,15
helpful,102,264,366
helpfulbut,1,0,1
helpfuled,1,0,1
helpfull,2,1,3
helpfully,0,1,1
helpfulness,0,1,1
helpher,1,0,1
helpie,0,1,1
helpies,0,1,1
helpin,25,29,54
helping,680,710,1390
helpingfriends,1,0,1
helpingg,0,1,1
helpinggg,1,0,1
helpinq,1,0,1
helpio,1,0,1
helpiranelection,2,0,2
helpl,0,1,1
helpless,91,9,100
helplessly,1,2,3
helplessness,2,0,2
helplessssss,1,0,1
helpline,2,0,2
helpmate,1,0,1
helpme,3,3,6
helpmedecide,0,1,1
helpmeee,1,0,1
helpmeeee,1,0,1
helpn,3,0,3
helpndoc,0,1,1
helpness,1,0,1
helpo,1,0,1
helpp,27,5,32
helppp,15,0,15
helpppp,16,0,16
helppppp,6,0,6
helpppppp,2,0,2
helppppppp,1,0,1
helpppppppp,2,0,2
helppppppppp,3,0,3
helpppppppppppppp,1,0,1
helppppppppppppppp,1,0,1
helpppppppppppppppppp,1,0,1
helps,283,723,1006
helpsies,1,0,1
helpspot,0,1,1
helpted,0,1,1
helpufully,0,1,1
helpz,0,2,2
hels,2,3,5
helsburg,1,0,1
helsing,0,3,3
helsingborg,2,0,2
helsinki,13,36,49
helt,0,2,2
helter,1,0,1
heltershelter,1,0,1
heluuu,0,1,1
helvellyn,0,1,1
helvete,0,1,1
helvetica,3,13,16
hely,1,0,1
helyre,0,1,1
helziieh,1,0,1
helzzzz,0,1,1
hem,17,22,39
hema,2,0,2
hemal,0,2,2
hemalradia,0,1,1
heman,1,0,1
hemat,0,1,1
hematite,1,1,2
hematoma,1,0,1
hemcore,3,0,3
hemd,1,0,1
hemda,1,0,1
hemel,4,3,7
hemelvaart,0,1,1
hemen,0,1,1
hemendex,1,0,1
hemet,0,2,2
hemetoma,1,0,1
hemh,0,1,1
hemi,3,4,7
hemily,1,0,1
hemingway,2,8,10
hemingways,0,1,1
hemispere,1,0,1
hemisphere,12,13,25
hemispheres,0,1,1
hemline,1,0,1
hemlock,4,0,4
hemlocks,1,0,1
hemm,3,1,4
hemma,0,2,2
hemmed,3,2,5
hemming,1,0,1
hemmingway,1,2,3
hemmingways,0,1,1
hemmm,0,1,1
hemmo,0,1,1
hemmorage,1,0,1
hemmoraging,1,0,1
hemmorhage,0,1,1
hemmy,2,1,3
hemo,1,0,1
hemogloban,1,0,1
hemoglobin,1,0,1
hemoni,1,0,1
hemoraghic,0,1,1
hemorrhage,2,0,2
hemorrhagic,2,0,2
hemorrhoids,2,0,2
hemotologist,1,0,1
hemp,5,15,20
hempfest,0,1,1
hemphill,1,0,1
hemponku,0,1,1
hemponnya,0,1,1
hempstead,4,5,9
hems,2,1,3
hemsk,0,1,1
hemsworth,5,4,9
hen,48,31,79
hena,0,1,1
henamn,1,0,1
henares,1,0,1
henbok,0,1,1
hence,126,176,302
henceforth,1,3,4
henceimawake,1,0,1
hench,2,1,3
henching,1,0,1
henchmen,0,1,1
hend,0,1,1
hendada,0,1,1
henders,1,0,1
henderson,10,12,22
hendersons,1,1,2
hendersonville,1,4,5
hendik,0,1,1
hendl,0,1,1
hendon,1,1,2
hendrick,1,3,4
hendricks,0,3,3
hendrickson,0,1,1
hendrik,0,1,1
hendrikks,1,0,1
hendrix,7,22,29
hendrx,0,1,1
hendry,0,1,1
hendryx,0,1,1
hendu,1,0,1
hendy,1,0,1
henessey,1,0,1
henessy,1,0,1
heng,1,0,1
henge,2,1,3
hengelo,0,2,2
henie,1,3,4
henikan,0,1,1
henin,2,0,2
henire,0,1,1
heniwei,0,1,1
henk,0,2,2
henka,0,1,1
henke,1,0,1
henkei,0,1,1
henkel,1,0,1
henley,6,6,12
henleys,0,2,2
henly,2,0,2
henman,3,0,3
henn,0,4,4
henna,18,22,40
hennaing,0,1,1
hennalicious,1,0,1
henne,1,0,1
hennepin,1,0,1
hennes,1,0,1
hennesey,0,1,1
hennessey,1,3,4
hennessy,2,6,8
hennesy,2,0,2
henney,5,9,14
henni,0,1,1
henning,0,1,1
hennings,1,0,1
henno,0,1,1
henny,15,12,27
henpecking,1,0,1
henri,2,6,8
henrie,4,22,26
henrieeeee,1,0,1
henrietta,0,2,2
henrik,4,6,10
henriksen,0,1,1
henriqueriot,1,0,1
henrix,0,1,1
henry,74,99,173
henryhenryhenry,1,0,1
henrys,0,3,3
henryvutran,1,0,1
henrywoodhouse,1,0,1
hens,11,11,22
hense,2,0,2
hensem,0,2,2
henshall,0,5,5
henshaw,1,0,1
henshin,0,1,1
hensley,0,1,1
henson,5,3,8
hensons,0,1,1
hentai,4,6,10
henter,1,0,1
henyekoe,1,0,1
henyo,1,3,4
henzo,1,0,1
heo,0,2,2
heolin,0,1,1
heores,0,2,2
heorot,1,0,1
heouehoueheuheouheue,1,0,1
hep,12,8,20
hepa,3,0,3
hepatitis,7,0,7
hepburn,3,21,24
hepc,1,0,1
hepel,0,1,1
hephurn,1,0,1
hephzibah,0,1,1
hepi,0,7,7
hepimize,0,1,1
hepititis,2,0,2
hepl,2,0,2
heplful,1,0,1
hepling,1,0,1
heplme,0,1,1
hepp,0,1,1
heppell,1,0,1
heppi,0,2,2
heppie,0,1,1
heppo,1,0,1
heppy,1,2,3
heprim,1,0,1
heprin,1,0,1
hepworth,0,2,2
hepzis,1,0,1
heqrtbreaker,0,1,1
her,17590,13559,31149
hera,4,3,7
heraclitus,0,1,1
herad,1,1,2
heraklio,0,1,1
heraklion,0,1,1
herald,7,6,13
heralded,1,1,2
heralds,0,1,1
heraldsun,0,1,1
heraldtweetup,1,1,2
heralready,1,0,1
heran,3,0,3
heratbreak,0,1,1
herb,23,39,62
herbaceous,0,1,1
herbadmother,0,1,1
herbag,1,0,1
herbal,17,29,46
herbalife,1,4,5
herbalist,0,1,1
herbals,0,1,1
herbarium,1,0,1
herbda,0,1,1
herbe,0,1,1
herbed,0,1,1
herbeh,1,0,1
herbel,0,1,1
herbert,5,10,15
herberts,1,0,1
herbie,4,3,7
herbing,1,0,1
herbivore,1,2,3
herbrightskies,0,1,1
herbs,17,43,60
herbsie,0,1,1
herby,0,2,2
herc,2,2,4
hercamera,0,1,1
herceptin,0,1,1
herclues,0,1,1
hercule,0,2,2
herculean,0,1,1
hercules,16,8,24
herd,27,29,56
herda,1,0,1
herded,1,1,2
herder,1,3,4
herdez,0,1,1
herding,1,2,3
herdsires,0,1,1
here,19680,18099,37779
hereabouts,0,1,1
hereafter,0,2,2
hereagain,0,1,1
hereall,1,0,1
herealso,0,1,1
herebeforeaplusk,0,2,2
herebeforeoprah,2,8,10
herebeforeoprahandashton,0,1,1
hereby,8,16,24
herecometherealdrugs,1,0,1
heredero,0,1,1
heredforshire,1,0,1
herediano,1,0,1
hereditary,2,1,3
heredity,2,0,2
heree,26,24,50
hereee,17,24,41
hereeee,12,16,28
hereeeee,8,4,12
hereeeeee,3,3,6
hereeeeeee,2,0,2
hereeeeeeee,1,2,3
hereeeeeeeee,2,1,3
hereeeeeeeeee,1,0,1
hereeeeeeeeeeeee,0,1,1
hereeeeeeeeeeeeeeeeeee,1,0,1
hereesake,0,1,1
hereford,2,8,10
hereforfriday,1,0,1
heregoesnothing,1,0,1
herei,0,1,1
hereim,0,1,1
herein,0,1,1
hereing,0,4,4
hereinphoenix,1,0,1
hereis,1,0,1
herem,1,0,1
hereni,0,1,1
hereon,1,1,2
hereos,1,2,3
herer,1,2,3
heres,49,108,157
heresay,1,0,1
heresy,2,4,6
heretic,0,2,2
heretical,0,2,2
heretics,2,0,2
hereuxe,0,1,1
herew,1,0,1
herford,0,1,1
hergiswil,0,1,1
herhaircut,0,1,1
herhsey,0,1,1
hericane,1,0,1
heriditary,1,0,1
herione,0,1,1
heriot,1,0,1
heriotdale,0,1,1
heritage,14,38,52
heritagevillage,0,1,1
herkansing,1,0,1
herke,0,1,1
herkesi,1,0,1
herky,1,0,1
herm,2,2,4
herman,9,14,23
hermana,6,10,16
hermanas,2,1,3
hermanita,2,2,4
hermanitas,0,1,1
hermann,0,2,2
hermannsburg,0,2,2
hermano,5,4,9
hermanos,2,0,2
hermans,0,2,2
hermanshermits,0,1,1
hermansson,0,1,1
hermanus,1,0,1
hermanzeniiiiito,1,0,1
hermaphrodite,1,1,2
herme,0,1,1
hermeneutics,1,0,1
hermes,6,6,12
hermetica,1,0,1
hermeticism,0,1,1
hermida,0,1,1
hermie,2,0,2
hermine,0,1,1
hermione,11,17,28
hermionie,1,0,1
hermit,18,18,36
hermitage,0,3,3
hermits,0,2,2
hermitstargazericon,0,1,1
hermoine,0,1,1
hermon,3,0,3
hermosa,8,11,19
hermosillo,5,0,5
hermoso,0,2,2
hermosos,0,1,1
hermuniney,0,1,1
hermy,0,1,1
hername,0,1,1
hernameisvita,1,0,1
hernan,1,1,2
hernandez,3,5,8
hernbay,0,1,1
herndon,0,2,2
herne,2,2,4
herng,0,1,1
hernia,8,3,11
hernias,0,1,1
herniated,9,1,10
hero,310,557,867
heroclix,0,2,2
herod,0,1,1
herodian,0,1,1
heroe,1,0,1
heroes,169,218,387
heroescon,1,0,1
heroesiii,1,0,1
heroic,2,7,9
heroicly,1,0,1
heroics,7,1,8
heroin,13,23,36
heroine,7,13,20
heroines,3,1,4
heroing,1,0,1
heroism,1,0,1
heroku,3,0,3
heron,6,4,10
herons,1,2,3
heroo,1,0,1
herooftheday,0,3,3
heroooo,1,0,1
herooooo,0,1,1
heros,7,21,28
heroscape,1,3,4
heroy,1,0,1
herpes,21,6,27
herpetic,1,0,1
herpies,1,1,2
herr,17,35,52
herra,1,2,3
herre,0,5,5
herree,1,0,1
herreee,0,1,1
herreewdferunnk,1,0,1
herregud,1,1,2
herren,0,1,1
herrenberg,0,1,1
herrera,0,1,1
herrero,0,1,1
herreys,0,1,1
herrible,1,0,1
herrick,0,1,1
herrin,0,1,1
herring,4,3,7
herringbone,1,0,1
herrington,1,0,1
herriot,0,1,1
herro,1,3,4
herron,0,2,2
herround,0,1,1
herrr,11,17,28
herrra,0,1,1
herrree,1,0,1
herrreee,1,0,1
herrreeee,0,2,2
herrreeeee,0,2,2
herrro,1,0,1
herrroh,0,1,1
herrrow,0,1,1
herrrr,7,6,13
herrrre,1,0,1
herrrros,0,1,1
herrrrr,3,5,8
herrrrre,0,1,1
herrrrrliiig,0,1,1
herrrrrr,0,1,1
herrrrrro,0,1,1
herrrrrrr,1,1,2
herrtutorial,0,1,1
hers,100,72,172
herscel,0,1,1
herschel,1,6,7
herseelf,1,0,1
herself,311,202,513
hersey,0,1,1
hershal,0,1,1
hershe,1,0,1
hershels,1,0,1
hershey,41,49,90
hersheypark,2,1,3
hersheys,5,10,15
hersheyss,1,1,2
hersheyyyyy,0,1,1
hershlay,0,1,1
hershy,0,2,2
hershys,1,0,1
herslef,1,0,1
hersonissos,0,1,1
herstory,0,1,1
hert,1,0,1
hertbeat,1,0,1
hertford,0,1,1
hertfordshire,6,4,10
hertha,2,0,2
hertling,0,1,1
hertogenbosch,2,0,2
herts,14,1,15
hertz,1,1,2
hertzelia,0,1,1
hertzfeldt,0,1,1
hertzog,1,0,1
heru,1,0,1
herup,1,0,1
herv,0,1,1
herve,1,2,3
hervey,2,2,4
herwedding,0,1,1
herwo,1,0,1
herxx,0,1,1
heryerden,0,1,1
herzeliya,0,1,1
herzig,0,1,1
herzigova,0,1,1
herzlich,0,1,1
herzliches,2,0,2
herzliya,0,1,1
herzog,1,2,3
herztfeldt,0,1,1
hes,709,629,1338
hesabi,1,0,1
heschel,1,0,1
hese,1,1,2
hesegni,0,1,1
hesgettingamazingreviews,1,0,1
hesh,1,1,2
heshe,0,1,1
heshows,0,1,1
hesing,0,1,1
hesirruuunn,1,0,1
hesistanting,1,0,1
hesistated,1,0,1
hesit,0,2,2
hesitant,6,10,16
hesitate,7,20,27
hesitated,1,2,3
hesitates,0,1,1
hesitating,2,2,4
hesitation,3,2,5
hesketh,0,1,1
heskey,0,1,1
hesmondhalgh,1,0,1
hespera,0,1,1
hesperia,0,2,2
hess,3,5,8
hessa,0,2,2
hessary,0,1,1
hesse,0,2,2
hessen,0,1,1
hessian,1,1,2
hessica,0,1,1
hessilink,0,1,1
hessman,1,0,1
hester,1,4,5
hesterical,1,0,1
hesther,0,1,1
hestite,0,1,1
heston,0,3,3
hesz,2,0,2
het,19,30,49
hetalia,1,4,5
hete,1,0,1
hetearchs,1,0,1
heter,0,1,1
heterarchs,1,0,1
hetero,2,4,6
heterogeneity,0,1,1
heterosexual,0,4,4
hethertonnnn,0,1,1
hetic,0,1,1
heto,0,1,1
hetookmytoyaway,0,1,1
hetro,0,2,2
hets,0,1,1
hette,0,2,2
hetting,0,1,1
hetty,1,1,2
hetzner,2,0,2
heu,4,2,6
heuahe,0,1,1
heubel,0,1,1
heuer,0,1,1
heueue,0,1,1
heuhe,0,2,2
heuhuhhhuhu,1,0,1
heuioah,1,0,1
heul,2,0,2
heun,1,0,1
heunis,0,2,2
heunisch,0,1,1
heure,1,0,1
heures,0,2,2
heureuxe,0,1,1
heuristic,0,1,1
heuristics,0,2,2
heusaeusauhea,1,0,1
heusen,0,1,1
heuston,0,2,2
heut,0,1,1
heute,4,13,17
heutige,1,0,1
hev,3,3,6
heva,1,0,1
hevaen,0,1,1
hevaing,1,0,1
heve,1,0,1
hevewae,0,1,1
hevin,1,0,1
heving,0,1,1
hevington,1,0,1
hevydevy,1,0,1
hew,1,3,4
heweb,0,1,1
hewer,1,1,2
hewes,0,1,1
hewill,1,0,1
hewin,0,1,1
hewis,0,1,1
hewit,1,0,1
hewitson,2,0,2
hewitt,10,13,23
hewitts,0,1,1
hewmon,0,1,1
hewo,0,1,1
hewouldbeluckytobebuttercupdsboyfriend,0,1,1
hewph,0,1,1
hewpoe,1,0,1
hewr,1,0,1
hews,1,0,1
hewson,0,1,1
hewwit,0,1,1
hewwo,0,2,2
hewy,1,1,2
hex,8,7,15
hexa,2,0,2
hexachordal,0,1,1
hexadecimal,0,1,1
hexagon,1,0,1
hexam,0,1,1
hexcodes,1,0,1
hexed,0,1,1
hexercycling,1,0,1
hexes,1,0,1
hexham,1,0,1
hexic,0,1,1
hexidecimal,1,0,1
hexley,0,1,1
hexogonal,0,1,1
hexor,0,1,1
hexrpg,0,1,1
hexum,0,1,1
hexy,0,2,2
hey,5043,14053,19096
heya,27,162,189
heyaa,3,6,9
heyaaa,2,6,8
heyaaaa,0,1,1
heyaaaaa,1,0,1
heyah,1,1,2
heyahh,0,3,3
heyapprceiate,0,1,1
heyas,0,1,1
heybaby,0,6,6
heybabyhowyoudoin,1,0,1
heybroccoli,1,0,1
heychelsea,0,1,1
heyday,0,1,1
heydemi,0,1,1
heydi,1,0,1
heydon,1,0,1
heyena,1,0,1
heyer,0,1,1
heyfever,3,1,4
heygang,0,1,1
heygirl,0,1,1
heygirlhey,0,1,1
heygirlimturningtwitteroffnow,0,1,1
heyguys,1,0,1
heyhey,5,14,19
heyheyhey,1,7,8
heyheyheyheyehyeyyyyyyyyyyyyyyyy,1,0,1
heyheyheyy,0,1,1
heyheyyyy,0,1,1
heyho,3,5,8
heyhoihallo,0,1,1
heyhomie,0,1,1
heyi,0,1,1
heyisabelle,0,1,1
heyl,0,1,1
heyleys,0,1,1
heyllo,0,2,2
heylloo,0,1,1
heyllooo,0,1,1
heylo,2,8,10
heyloo,0,2,2
heylooo,1,0,1
heylooooo,0,1,1
heylooooooo,0,1,1
heylow,0,1,1
heyman,1,0,1
heymonday,0,1,1
heyo,5,9,14
heyoka,1,0,1
heyooo,0,1,1
heyoooh,1,0,1
heyooooooo,0,1,1
heyoooooooo,1,0,1
heyos,0,1,1
heyree,1,2,3
heyreeeee,0,1,1
heys,1,7,8
heysan,0,1,1
heyshas,0,1,1
heyt,1,0,1
heythat,0,1,1
heythere,0,1,1
heythrop,1,0,1
heyup,1,0,1
heyuurrr,0,1,1
heyward,1,0,1
heyway,1,0,1
heywood,0,1,1
heyxboxlive,1,1,2
heyxjude,0,1,1
heyxx,0,1,1
heyy,143,530,673
heyya,7,13,20
heyyaa,1,3,4
heyyaaa,0,1,1
heyyah,1,4,5
heyyarrr,0,1,1
heyyhoo,0,1,1
heyyo,0,2,2
heyys,0,1,1
heyyuh,0,1,1
heyyy,81,230,311
heyyya,0,1,1
heyyyy,22,92,114
heyyyya,1,0,1
heyyyyo,0,1,1
heyyyyy,9,50,59
heyyyyyy,8,26,34
heyyyyyyy,0,8,8
heyyyyyyyy,1,5,6
heyyyyyyyyy,0,8,8
heyyyyyyyyyy,1,1,2
heyyyyyyyyyyy,2,4,6
heyyyyyyyyyyyy,2,2,4
heyyyyyyyyyyyyy,1,2,3
heyyyyyyyyyyyyyya,0,1,1
heyyyyyyyyyyyyyyy,0,1,1
heyyyyyyyyyyyyyyyy,0,1,1
heyyyyyyyyyyyyyyyyyy,0,1,1
heyyyyyyyyyyyyyyyyyyyy,1,1,2
heyyyyyyyyyyyyyyyyyyyyy,0,1,1
heyyyyyyyyyyyyyyyyyyyyyyyyyyyy,0,1,1
heyyyyyyyyyyyyyyyyyyyyyyyyyyyyyyyyyyyyyyyyy,0,1,1
heyyyyz,0,1,1
heyyyz,0,1,1
heyz,1,2,3
heyzels,1,0,1
heyzz,0,1,1
hez,6,7,13
hezballah,1,0,1
hezbollah,3,0,3
hezekiah,0,1,1
hezke,0,1,1
hezky,0,1,1
hezoun,1,0,1
hf,2,7,9
hfa,2,0,2
hfal,0,2,2
hfasss,1,0,1
hfc,1,2,3
hfcs,2,2,4
hfd,2,0,2
hfdkaljfkaljfskla,1,0,1
hfdkjfdlsgjkfdj,1,0,1
hfeliltrae,1,0,1
hfety,0,1,1
hff,1,1,2
hffff,1,0,1
hffffff,1,0,1
hffm,2,0,2
hfh,3,1,4
hfhscp,0,1,1
hfitness,1,0,1
hfjdkser,1,0,1
hfljahadfhjlaskd,1,0,1
hfm,1,0,1
hfmd,0,1,1
hfox,0,1,1
hfp,1,0,1
hfs,2,1,3
hfu,0,1,1
hfw,0,1,1
hfx,2,0,2
hfy,1,12,13
hg,10,7,17
hgad,1,0,1
hgavent,1,0,1
hgdghf,0,1,1
hge,2,1,3
hget,1,1,2
hgf,1,0,1
hgfjhsdgfhg,1,0,1
hgh,1,0,1
hghw,0,1,1
hgim,0,1,1
hgistory,1,0,1
hgmmm,1,0,1
hgoing,1,0,1
hgot,1,0,1
hgs,0,1,1
hgskfhkfhk,1,1,2
hgte,1,0,1
hgtv,11,22,33
hguc,0,1,1
hh,32,39,71
hha,16,38,54
hhaa,5,10,15
hhaaa,0,2,2
hhaaahah,0,1,1
hhaaahaha,0,1,1
hhaah,1,3,4
hhaaha,1,4,5
hhaahha,1,0,1
hhaapppyyyyy,1,0,1
hhad,1,0,1
hhah,3,6,9
hhaha,17,42,59
hhahaa,1,1,2
hhahaaha,0,1,1
hhahaahahah,1,0,1
hhahaahahaha,0,1,1
hhahah,2,8,10
hhahaha,5,10,15
hhahahaa,0,3,3
hhahahaahhahahaha,1,0,1
hhahahah,0,6,6
hhahahaha,3,8,11
hhahahahaa,0,1,1
hhahahahaahhaha,1,0,1
hhahahahah,0,2,2
hhahahahaha,0,1,1
hhahahahahahaha,0,1,1
hhahahh,0,1,1
hhahahhaha,1,0,1
hhahahhahhaahahaha,0,1,1
hhahha,1,3,4
hhahhahaa,0,1,1
hhahhh,0,1,1
hhahisklfas,0,1,1
hhapppyyy,0,1,1
hhappy,0,2,2
hhas,1,1,2
hhate,1,0,1
hhave,3,2,5
hhbtm,1,0,1
hhc,2,2,4
hhd,0,1,1
hhdl,1,0,1
hhe,1,20,21
hhee,1,0,1
hheee,0,1,1
hheeeeeeeeelllppp,1,0,1
hheeeellllppp,1,0,1
hheeellllooooo,1,0,1
hheeew,0,1,1
hheeeyyy,0,1,1
hheellpp,1,0,1
hheellppp,1,0,1
hheeya,0,1,1
hheeyy,1,0,1
hheh,0,1,1
hhehe,1,3,4
hhehehe,0,6,6
hhehhe,0,2,2
hhehhhheh,0,1,1
hhey,1,0,1
hhfff,1,0,1
hhfs,1,0,1
hhh,15,9,24
hhha,2,0,2
hhhaaa,0,1,1
hhhaaaa,1,0,1
hhhaaaahhhaa,0,1,1
hhhaaaasssss,1,0,1
hhhaaah,1,0,1
hhhaaappppppyyy,0,1,1
hhhaaattteee,0,1,1
hhhaahah,0,1,1
hhhahah,0,1,1
hhhahaha,1,1,2
hhhahahahaha,1,0,1
hhhave,0,1,1
hhheee,0,1,1
hhheeeeeyyyy,0,1,1
hhheeeyyy,0,1,1
hhheerrreee,0,1,1
hhherb,0,1,1
hhheyyy,0,1,1
hhhh,7,3,10
hhhhaaaaaayyyyyyyylllllllleeeeeeeeeeyyyyyyyyyy,0,1,1
hhhhaaaayyyyy,0,1,1
hhhhahah,1,0,1
hhhheeeeellllppppp,1,0,1
hhhheeelllpppp,1,0,1
hhhhh,3,1,4
hhhhheeeeeellllooooooooooo,0,1,1
hhhhhh,3,0,3
hhhhhhaaaaaaaaaaaaa,1,0,1
hhhhhhad,1,0,1
hhhhhhhhaaaaaaaaaaaaaaattttttttttttttteeeeeeeeeeee,1,0,1
hhhhhhhhh,1,0,1
hhhhhhhhhhhhhhhhhhhhhhhhhhhhhhhhhhhhhhhhhhhhhhhhh,1,0,1
hhhhhhhhhhhhhhhhhhhhhhho,0,1,1
hhhhhhhhhhhhuuuuuuuuuuuuuuuuuuhhhhhhhh,1,0,1
hhhhhhhhhhhoo,0,1,1
hhhhhhhhhhugggs,1,0,1
hhhhhhhoooooooooooo,0,1,1
hhhhhi,0,1,1
hhhhhissssss,1,0,1
hhhhmmm,0,2,2
hhhhoooooo,0,1,1
hhhm,1,0,1
hhhmm,0,3,3
hhhmmm,4,6,10
hhhmmmfff,1,0,1
hhhmmmm,1,4,5
hhhmmmmm,1,0,1
hhhmmmmmm,2,0,2
hhhmmmnnn,1,0,1
hhhmmmpppp,1,0,1
hhhmmp,1,0,1
hhho,0,1,1
hhhooooo,0,1,1
hhhoooow,1,0,1
hhhooottt,1,0,1
hhhoouuusseee,0,1,1
hhhoouuuuuusse,1,0,1
hhhooww,1,0,1
hhhuggss,0,1,1
hhhwy,1,0,1
hhi,5,9,14
hhihihuahauu,0,1,1
hhii,0,2,2
hhiigghh,1,0,1
hhiiiiiiiiiiiieeeeeeeeeeeeee,0,1,1
hhiimmmm,1,0,1
hhilarious,0,1,1
hhjh,1,1,2
hhl,2,0,2
hhm,2,0,2
hhmm,12,16,28
hhmmm,5,9,14
hhmmmm,1,0,1
hhmmmmm,2,1,3
hhmmmppp,1,0,1
hhmmph,1,0,1
hhmmpph,1,0,1
hhnn,0,1,1
hho,0,1,1
hhoho,0,1,1
hhome,0,1,1
hhomeeworkk,1,0,1
hhooooo,0,1,1
hhoooott,1,0,1
hhooottt,0,1,1
hhot,1,0,1
hhouse,0,1,1
hhow,0,1,1
hhr,2,0,2
hhrmpf,0,1,1
hhrs,22,85,107
hhs,1,3,4
hhttp,0,1,1
hhu,2,1,3
hhuahauh,0,1,1
hhuft,1,0,1
hhuh,1,0,1
hhuhu,1,0,1
hhuhuhu,1,0,1
hhum,0,1,1
hhun,0,1,1
hhuufffff,1,0,1
hhuumm,0,1,1
hhuuuaaa,1,0,1
hhuuuurrtttt,1,0,1
hhv,2,0,2
hhw,2,0,2
hhzuiwjsjk,1,0,1
hi,2176,7214,9390
hia,1,6,7
hiaa,1,0,1
hiaah,1,0,1
hiace,0,6,6
hiak,0,5,5
hialeah,1,2,3
hiar,1,0,1
hiarspray,0,1,1
hiatias,0,1,1
hiatt,0,1,1
hiatus,58,35,93
hiawatha,1,0,1
hiay,0,1,1
hiba,1,3,4
hibachi,5,11,16
hibah,1,0,1
hibatchi,1,1,2
hibatchis,1,0,1
hibbert,1,1,2
hibbi,1,0,1
hibees,1,0,1
hibernate,11,14,25
hibernated,2,0,2
hibernating,6,3,9
hibernation,14,8,22
hibernian,0,2,2
hibert,1,0,1
hibi,0,1,1
hibiscus,3,4,7
hibiya,1,0,1
hiboucards,0,1,1
hibrent,0,1,1
hibs,5,1,6
hic,32,19,51
hica,0,1,1
hiccoughs,4,0,4
hiccup,14,12,26
hiccuped,0,1,1
hiccuping,2,1,3
hiccupps,3,0,3
hiccups,226,27,253
hiccupsss,1,0,1
hiccupy,1,0,1
hiccuupppss,1,0,1
hiccuuppsss,1,0,1
hice,5,12,17
hicee,1,0,1
hiceee,1,0,1
hiceeee,0,1,1
hiceeeeeeeeeeeeeeee,1,0,1
hich,2,0,2
hichews,1,0,1
hichi,2,1,3
hichic,0,1,1
hicieron,1,0,1
hicierooon,1,0,1
hiciste,1,2,3
hicisteis,0,1,1
hick,15,15,30
hicken,0,1,1
hickey,4,3,7
hickie,1,0,1
hickies,1,0,1
hickling,0,1,1
hickman,0,2,2
hickory,7,7,14
hickox,1,0,1
hicks,12,15,27
hicksville,1,0,1
hickup,0,1,1
hickuping,1,0,1
hickups,17,3,20
hicter,0,1,1
hicup,1,0,1
hicups,9,0,9
hid,56,37,93
hidalgo,2,2,4
hidang,0,1,1
hidapriscila,0,1,1
hidded,1,0,1
hiddedn,0,1,1
hidden,76,105,181
hiddenbrooke,0,1,1
hiddenmickey,0,1,1
hiddenpalms,1,0,1
hiddent,1,0,1
hiddeous,1,0,1
hidding,7,4,11
hiddink,2,5,7
hiddious,1,0,1
hiddy,2,1,3
hide,258,252,510
hideaki,0,1,1
hideaway,2,3,5
hideaways,0,1,1
hidecodesgalore,1,0,1
hidef,0,1,1
hideing,2,0,2
hidemyass,0,1,1
hidenseek,1,0,1
hideo,2,1,3
hideous,62,17,79
hideously,13,3,16
hideousss,1,0,1
hideout,3,5,8
hider,2,2,4
hides,39,23,62
hidetoshi,0,1,1
hidey,3,1,4
hidin,1,2,3
hiding,249,192,441
hidious,1,0,1
hidlaw,0,1,1
hidrolisis,1,0,1
hids,0,2,2
hidung,0,1,1
hidup,0,2,2
hidy,0,2,2
hie,1,3,4
hiedi,1,1,2
hiee,0,1,1
hieeeeeeeeeeee,1,0,1
hieght,1,1,2
hieiswiffee,0,1,1
hielo,0,1,1
hien,2,1,3
hier,3,7,10
hierarchical,1,2,3
hierarchy,0,4,4
hierd,0,1,1
hiering,1,0,1
hiermee,0,1,1
hieroglyphics,0,1,1
hieroglyphs,0,1,1
hierom,1,0,1
hif,0,1,1
hifa,2,0,2
hiff,0,1,1
hifi,9,9,18
hifiisadouche,2,0,2
hifive,0,1,1
hifives,1,0,1
hig,1,2,3
higa,0,3,3
higad,0,1,1
higail,0,1,1
higashi,1,0,1
higb,1,0,1
hige,2,0,2
higest,2,0,2
higgenson,1,0,1
higgggggggggggghhh,0,1,1
higgggh,0,1,1
higgghhly,1,0,1
higgi,0,1,1
higgins,8,17,25
higginson,0,1,1
higgledy,0,1,1
higgo,1,0,1
higgs,0,1,1
high,1899,1978,3877
highasfuck,0,1,1
highballs,0,1,1
highbrow,0,1,1
highbury,1,0,1
highchair,3,2,5
highcliff,0,1,1
highcourt,0,1,1
highedweb,1,1,2
higheels,1,0,1
highely,1,0,1
highen,1,0,1
higher,151,185,336
higherground,0,1,1
higherrrr,0,1,1
highers,5,6,11
higherscore,1,0,1
highest,60,72,132
highfive,3,8,11
highfives,0,2,2
highgate,0,2,2
highground,0,2,2
highgrove,1,0,1
highh,2,2,4
highheel,1,0,1
highheels,0,1,1
highhh,0,2,2
highhhh,1,4,5
highhhhh,0,3,3
highhhlarious,0,1,1
highhopes,0,1,1
highiqsociety,0,1,1
highjack,0,1,1
highjacked,1,0,1
highjump,0,1,1
highkey,0,2,2
highland,23,29,52
highlander,2,4,6
highlanders,2,1,3
highlands,9,32,41
highlarious,0,3,3
highlife,1,0,1
highlighs,0,1,1
highlight,66,125,191
highlighted,10,8,18
highlighter,5,7,12
highlighters,3,4,7
highlighting,8,9,17
highlights,78,112,190
highline,2,3,5
highlited,0,1,1
highlites,0,1,1
highlts,1,0,1
highly,131,365,496
highlytechnicalstuff,0,1,1
highness,1,5,6
highnote,0,1,1
highnotes,0,1,1
highpants,0,1,1
highpark,0,1,1
highpitch,0,1,1
highpoint,2,2,4
highpowered,0,1,1
highpreformance,0,1,1
highpriestess,0,1,1
highq,0,1,1
highqualityness,1,0,1
highres,0,1,1
highrise,4,2,6
highrises,0,1,1
highrollerz,0,1,1
highs,12,14,26
highscholer,0,1,1
highschool,107,83,190
highschooler,1,0,1
highschoolers,1,0,1
highschoollll,0,1,1
highschoolmusical,1,1,2
highschools,0,1,1
highschoooooool,0,1,1
highscore,3,2,5
highshool,1,0,1
highside,1,0,1
highskul,1,0,1
highsmith,1,0,1
highspeed,4,1,5
highstreet,1,3,4
hight,5,6,11
hightailed,1,0,1
hightech,0,1,1
highth,0,1,1
hightide,0,1,1
hightimesisslow,1,0,1
hightlight,3,2,5
hightlights,1,0,1
hightly,1,0,1
hightone,1,0,1
hightops,0,3,3
hightower,0,2,2
highview,0,1,1
highwaisted,0,1,1
highway,112,67,179
highwayphantom,1,0,1
highways,8,6,14
highwayyy,0,1,1
higlet,0,1,1
higlight,0,1,1
higlights,0,1,1
higly,1,1,2
hignfw,0,1,1
hignfy,4,4,8
higs,0,3,3
higschool,1,0,1
higshool,0,1,1
higthened,1,0,1
higuain,1,1,2
higurashi,0,1,1
hih,1,3,4
hihhi,0,2,2
hihi,33,183,216
hihih,1,11,12
hihihi,12,41,53
hihihih,1,1,2
hihihihi,0,7,7
hihihihih,1,0,1
hihihihihi,1,3,4
hihihihihihi,0,3,3
hihihihihihihi,0,1,1
hihihii,0,1,1
hihihiii,0,1,1
hihii,1,4,5
hihiih,0,1,1
hihiihii,0,1,1
hihiii,1,0,1
hihiiiii,0,1,1
hihingalo,1,0,1
hihingi,1,0,1
hihiohohaha,0,1,1
hihiw,1,0,1
hiho,5,0,5
hihohiho,0,1,1
hihooo,0,1,1
hihu,1,0,1
hii,46,123,169
hiia,2,1,3
hiide,0,1,1
hiighest,0,1,1
hiihhi,0,1,1
hiihhihih,0,1,1
hiihii,0,2,2
hiii,21,93,114
hiiieee,1,0,1
hiiighlarious,0,1,1
hiiighway,0,1,1
hiiihi,0,1,1
hiiii,12,56,68
hiiiide,1,0,1
hiiiigh,1,1,2
hiiiii,7,41,48
hiiiiigh,1,2,3
hiiiiii,5,14,19
hiiiiiigh,1,1,2
hiiiiiii,2,9,11
hiiiiiiieeeeeeee,1,0,1
hiiiiiiii,0,10,10
hiiiiiiiii,3,6,9
hiiiiiiiiii,0,5,5
hiiiiiiiiiii,3,6,9
hiiiiiiiiiiii,0,6,6
hiiiiiiiiiiiiii,1,1,2
hiiiiiiiiiiiiiii,1,1,2
hiiiiiiiiiiiiiiidey,0,1,1
hiiiiiiiiiiiiiiii,1,0,1
hiiiiiiiiiiiiiiiiiii,0,1,1
hiiiiiiiiiiiiiiiiiiii,0,1,1
hiiiiiiiiiiiiiiiiiiiii,0,3,3
hiiiiiiiiiiiiiiiiiiiiii,0,1,1
hiiiiiiiiiiiiiiiiiiiiiiii,0,1,1
hiiiiiiiiiiiiiiiiiiiiiiiiiiiiiiii,0,1,1
hiiiiiiiiiiiiiiiiiiiiiiiiiiiiiiiiiiiiiiiiiiiiiiiiiiiiiiiiiiiiiiiiiiiiiiiiiiiiiiiiiiiiiiiiiiiii,1,0,1
hiiiiiyyyaaaahhhhhhh,0,1,1
hiiiilarious,0,1,1
hiiiimmm,1,0,1
hiiiimmmm,1,0,1
hiiiiyaaaaa,0,1,1
hiill,0,1,1
hiills,1,0,1
hiim,8,6,14
hiip,0,1,1
hiis,2,2,4
hiit,3,5,8
hiiting,1,0,1
hiiumaa,0,1,1
hiiy,0,1,1
hiiya,0,2,2
hiiyaaa,0,1,1
hiiyah,2,0,2
hiiyyya,0,1,1
hiiz,1,0,1
hij,0,2,2
hija,1,0,1
hijab,1,1,2
hijack,9,9,18
hijacked,22,8,30
hijackers,1,0,1
hijacking,3,4,7
hijacks,1,1,2
hijau,0,1,1
hijaxing,1,0,1
hijinks,2,1,3
hijinx,0,3,3
hijntiy,1,0,1
hijo,1,0,1
hijole,0,1,1
hijos,2,1,3
hik,1,3,4
hika,2,0,2
hikai,0,1,1
hikari,1,1,2
hikaru,3,4,7
hikarusind,0,1,1
hike,86,133,219
hiked,8,8,16
hiker,2,1,3
hikers,4,4,8
hikes,4,9,13
hikey,0,1,1
hikhik,0,1,1
hikhikhik,1,0,1
hikhikhikhik,0,1,1
hikikomori,0,1,1
hikin,0,1,1
hiking,83,120,203
hikings,0,1,1
hikki,1,1,2
hikmatyar,0,1,1
hikoy,0,1,1
hiks,79,5,84
hikshiks,1,0,1
hikss,4,0,4
hiksss,4,0,4
hikssss,1,0,1
hikup,1,0,1
hikz,5,1,6
hikzzzzzz,0,1,1
hil,8,13,21
hila,1,0,1
hilaaaaarious,1,0,1
hilaaarious,0,1,1
hilaang,1,0,1
hilaious,0,1,1
hilair,0,1,1
hilairious,1,0,1
hilairous,0,1,1
hilal,0,2,2
hilang,1,3,4
hilar,2,5,7
hilareous,0,1,1
hilari,1,0,1
hilarians,1,0,1
hilarie,11,4,15
hilario,2,2,4
hilarious,292,1254,1546
hilariouse,0,1,1
hilariously,6,15,21
hilariousness,1,2,3
hilariouss,0,10,10
hilariousss,1,1,2
hilarioussss,1,4,5
hilariousssss,0,2,2
hilarioussssss,0,1,1
hilariouuus,1,0,1
hilarities,0,1,1
hilarity,6,23,29
hilariuos,0,2,2
hilarius,0,1,1
hilarous,1,18,19
hilarrious,0,1,1
hilary,20,35,55
hilaryduff,0,2,2
hilarynews,0,1,1
hilarys,0,1,1
hilaryyyyy,0,1,1
hilbert,0,3,3
hilburn,0,1,1
hilcreast,1,0,1
hilda,2,3,5
hilde,1,4,5
hildenborough,2,0,2
hilderbrand,0,1,1
hilds,1,0,1
hildy,0,1,1
hile,1,0,1
hilerious,0,2,2
hileyi,1,0,1
hilfe,0,1,1
hilfiger,2,3,5
hiliarious,3,1,4
hiliarous,0,1,1
hilig,0,1,1
hilight,2,1,3
hilir,0,1,1
hilite,0,1,1
hilites,0,1,1
hill,390,431,821
hilla,1,2,3
hillage,0,1,1
hillard,0,3,3
hillarious,12,43,55
hillariouse,0,1,1
hillarous,0,1,1
hillarreeoussss,0,1,1
hillary,21,19,40
hillaryy,0,1,1
hillbilles,1,0,1
hillbillies,1,4,5
hillbilly,8,10,18
hillcats,0,1,1
hillclimb,2,0,2
hillcoat,0,1,1
hillcrest,4,1,5
hillegass,0,1,1
hillegrass,1,0,1
hiller,1,0,1
hillesha,0,1,1
hillharper,0,1,1
hillhead,1,1,2
hillhouse,1,0,1
hilliards,1,0,1
hillie,0,2,2
hilling,0,1,1
hilliourous,0,1,1
hillirous,0,1,1
hilll,1,0,1
hillll,2,1,3
hillllllary,0,1,1
hilllllll,0,1,1
hilllllllarious,0,1,1
hillllllllls,1,0,1
hillllllls,1,0,1
hilllllls,0,1,1
hilllls,0,1,1
hillls,2,3,5
hilllsss,0,1,1
hillltop,0,1,1
hillman,1,1,2
hillo,0,1,1
hills,792,686,1478
hillsboro,3,0,3
hillsborough,5,1,6
hillsdale,2,5,7
hillsdon,0,1,1
hillsfinale,1,0,1
hillside,3,2,5
hillson,0,1,1
hillsong,19,70,89
hillsonging,0,1,1
hillsongs,0,1,1
hillsongshow,0,1,1
hillsongunited,0,1,1
hillss,0,4,4
hillsss,2,0,2
hillsssss,1,0,1
hillssssss,0,1,1
hillsssssssss,1,0,1
hillsssssssssssssssssssssssssss,0,1,1
hillstomp,0,1,1
hilltop,3,8,11
hillview,0,1,1
hilly,12,17,29
hillybilly,0,1,1
hillywood,0,3,3
hillz,3,2,5
hilmi,1,2,3
hilo,9,4,13
hilorie,1,0,1
hilourus,0,1,1
hilprado,0,1,1
hilraious,0,1,1
hilrious,1,0,1
hils,1,2,3
hilsboro,1,0,1
hilsborough,1,0,1
hilson,29,26,55
hilsonhilson,0,1,1
hilsonn,0,1,1
hilsonnnnn,1,0,1
hilsons,0,2,2
hilsville,1,0,1
hilt,3,0,3
hilter,1,0,1
hilton,123,143,266
hiltons,7,6,13
hilts,0,1,1
hilty,0,2,2
hiltz,1,0,1
hilux,1,0,1
hilversum,0,2,2
hilz,1,0,1
hilzfuld,1,0,1
him,11445,8165,19610
hima,3,1,4
himalaya,1,1,2
himalayan,1,4,5
himalayas,2,2,4
himathewdavid,1,0,1
himax,0,1,1
himb,0,1,1
himba,0,1,1
himbeer,0,1,1
himbo,1,0,1
himby,0,1,1
himc,1,0,1
himdownstairs,1,0,1
hime,5,6,11
himee,1,0,1
himesh,0,1,1
himeslf,1,0,1
himey,0,1,1
himiona,0,1,1
himitcho,0,1,1
himitsu,1,1,2
himk,0,1,1
himlic,0,1,1
himm,25,12,37
himmalayen,0,1,1
himmel,3,0,3
himmelfart,0,1,1
himmm,8,13,21
himmmm,5,2,7
himmmmm,5,2,7
himmmmmmm,0,1,1
himmmmmmmmm,1,0,1
himmmmmmmmmm,0,1,1
himmmmmmmmmmmmm,1,0,1
himmmmn,0,1,1
himow,0,1,1
hims,4,0,4
himself,320,271,591
himselves,1,0,1
himslef,1,0,1
himt,1,0,1
himto,1,1,2
himvats,1,0,1
himym,17,31,48
himymday,0,2,2
himymweekend,0,1,1
himyt,0,1,1
hin,12,9,21
hina,2,0,2
hinack,0,1,1
hinagap,0,1,1
hinagpis,0,1,1
hinahawakan,0,1,1
hinamorisohma,1,0,1
hinano,1,0,1
hinault,2,0,2
hinay,0,4,4
hincapie,2,0,2
hincha,1,0,1
hinckley,2,1,3
hind,7,6,13
hindarin,1,0,1
hinde,2,0,2
hindenburg,0,1,1
hindequarters,0,1,1
hinder,10,11,21
hinderance,1,0,1
hindered,3,1,4
hindering,4,0,4
hinders,5,1,6
hindi,62,72,134
hindidiwas,0,1,1
hindivision,0,1,1
hindlegs,0,1,1
hindley,2,0,2
hindmarch,0,1,1
hindquarter,0,1,1
hindrance,3,0,3
hindsight,7,8,15
hindu,5,8,13
hinduism,1,1,2
hindupm,0,1,1
hindus,0,2,2
hindustan,0,4,4
hineass,0,1,1
hines,1,2,3
hiney,1,5,6
hing,3,4,7
hingarian,0,1,1
hinge,4,4,8
hinges,4,3,7
hingham,1,1,2
hingis,0,1,1
hings,3,2,5
hinh,1,2,3
hini,1,1,2
hinire,1,0,1
hinjewadi,0,1,1
hink,6,5,11
hinkin,0,1,1
hinking,1,1,2
hinkle,1,0,1
hinkley,0,1,1
hinks,1,0,1
hinky,1,0,1
hinnaa,1,0,1
hinned,0,1,1
hinney,0,1,1
hinnnnt,0,1,1
hinouchi,1,1,2
hinrichson,0,1,1
hins,0,1,1
hinsdale,1,1,2
hinshaw,1,0,1
hinson,0,1,1
hinstell,0,1,1
hint,113,242,355
hintay,1,0,1
hinted,4,2,6
hinterlands,0,1,1
hintfail,1,0,1
hinthint,2,0,2
hinting,2,2,4
hints,26,35,61
hintt,0,1,1
hinweis,0,1,1
hinwil,0,1,1
hinwill,1,0,1
hinz,1,0,1
hiob,1,0,1
hiodheaoihde,1,0,1
hip,287,269,556
hipchecking,0,1,1
hipcup,1,0,1
hipcups,1,0,1
hipe,3,0,3
hiper,0,3,3
hipermas,0,1,1
hiperventilated,0,1,1
hipfabric,0,1,1
hiphip,0,3,3
hiphop,20,36,56
hiphopfriday,0,1,1
hiphophits,0,1,1
hiphoppers,1,1,2
hipico,1,0,1
hiping,0,1,1
hipness,1,1,2
hipo,2,1,3
hipocracy,1,0,1
hipocrisy,1,0,1
hipon,0,2,2
hipp,1,5,6
hipped,1,1,2
hipper,0,1,1
hippest,0,1,1
hippi,0,1,1
hippidy,0,2,2
hippie,18,48,66
hippies,7,24,31
hippiez,1,0,1
hippig,0,1,1
hippikajee,0,1,1
hipping,1,0,1
hippity,0,2,2
hippo,19,13,32
hippocampus,1,0,1
hippocritical,1,0,1
hippodrome,1,3,4
hippogriff,1,0,1
hippogriffs,1,0,1
hippogryph,0,1,1
hippolotamus,0,1,1
hippopotamous,1,0,1
hippopotamus,0,1,1
hippopotumus,0,1,1
hippos,6,7,13
hipps,0,1,1
hippy,8,22,30
hippychikky,0,1,1
hippys,1,2,3
hips,60,57,117
hipsssss,0,1,1
hipster,21,14,35
hipsterdom,1,1,2
hipsterplease,0,1,1
hipsterrunoffs,1,0,1
hipsters,3,4,7
hipstertracks,0,1,1
hiptop,19,11,30
hiptoping,1,0,1
hiptops,1,1,2
hiptronicsoul,0,1,1
hipv,1,0,1
hiqh,1,2,3
hiqhly,0,1,1
hir,5,6,11
hira,0,4,4
hiragana,2,1,3
hiragushi,0,1,1
hirajuku,1,0,1
hiram,2,0,2
hirap,13,2,15
hire,126,119,245
hired,47,51,98
hireing,0,1,1
hirenboot,1,0,1
hires,5,7,12
hiresweetsofgeorgia,1,0,1
hireyou,1,0,1
hirigana,1,0,1
hirin,1,0,1
hiring,93,57,150
hirit,0,3,3
hirnk,0,1,1
hiro,5,14,19
hiroki,1,1,2
hirokomima,0,1,1
hiromi,1,1,2
hiroo,1,0,1
hiroshi,0,3,3
hiroshige,0,1,1
hiroshima,1,1,2
hiroyo,0,1,1
hirr,1,0,1
hirsch,3,3,6
hirschhorn,0,1,1
hirsi,0,2,2
hirst,0,2,2
hirt,1,0,1
hirtosy,1,0,1
hirts,1,0,1
hirufm,0,1,1
hirushaka,1,0,1
hirvonen,0,1,1
his,8387,7152,15539
hiself,1,0,1
hisfriends,0,1,1
hisg,0,1,1
hisgh,0,1,1
hisgoldeneyes,2,2,4
hish,0,1,1
hishaam,1,0,1
hishh,0,1,1
hishki,1,0,1
hisho,0,1,1
hisien,0,1,1
hiskool,1,0,1
hislain,0,1,1
hismusic,0,1,1
hiso,0,1,1
hisocieti,0,1,1
hisory,1,0,1
hispanic,6,17,23
hispanics,2,2,4
hispano,0,1,1
hiss,64,10,74
hissed,1,2,3
hisself,2,0,2
hisselff,1,0,1
hisses,4,0,4
hissing,15,6,21
hissiyat,0,1,1
hisss,1,3,4
hissss,2,1,3
hisssss,2,1,3
hisssssss,0,1,1
hissssssssssssssssssss,1,0,1
hissstory,1,0,1
hissy,11,5,16
hissyfit,1,0,1
hist,14,9,23
histamin,1,0,1
histamine,3,0,3
histamines,5,1,6
histarical,1,0,1
histarocly,1,0,1
histciv,2,0,2
histerical,2,0,2
histerically,0,1,1
histericly,0,1,1
histexasangel,3,0,3
histle,0,1,1
histo,4,3,7
histoey,1,1,2
histogram,0,2,2
histoire,2,2,4
histology,3,1,4
histoooorrrryyyyyyyy,1,0,1
histoory,0,1,1
histor,1,0,1
historehh,0,1,1
historia,3,2,5
historial,0,1,1
historian,2,7,9
historians,2,1,3
historic,12,21,33
historical,13,23,36
historically,2,8,10
historicals,1,2,3
historie,1,1,2
histories,2,1,3
historiy,1,0,1
historny,1,0,1
historrrrry,2,0,2
historry,0,1,1
history,1118,719,1837
historymaker,0,2,2
historys,5,1,6
historyteacher,1,0,1
historytest,1,0,1
historyy,3,0,3
historyyyy,5,0,5
histoy,1,0,1
histrionic,1,0,1
histroy,1,1,2
histtorryy,1,0,1
hiswater,1,0,1
hit,2760,2249,5009
hitachi,2,1,3
hitam,0,1,1
hitashaa,0,1,1
hitb,0,1,1
hitcents,1,0,1
hitch,23,31,54
hitcha,0,1,1
hitchcock,3,8,11
hitched,12,11,23
hitchens,3,1,4
hitcher,1,3,4
hitches,2,1,3
hitchhike,0,2,2
hitchhiker,0,6,6
hitchhikers,2,7,9
hitchhiking,1,1,2
hitchhinkers,0,1,1
hitchhock,1,0,1
hitchies,1,0,1
hitchiker,1,1,2
hitchikers,0,2,2
hitchiking,1,0,1
hitchin,4,2,6
hitching,4,1,5
hitchu,0,1,1
hitchy,1,0,1
hitdg,0,1,1
hitdorf,1,0,1
hite,1,0,1
hitec,1,0,1
hitech,0,2,2
hithar,0,1,1
hithavaru,0,1,1
hither,0,3,3
hitigbeaed,0,1,1
hitim,0,1,1
hitin,0,1,1
hiting,0,1,1
hititng,0,1,1
hitjes,0,1,1
hitkrant,0,2,2
hitler,26,33,59
hitlers,1,0,1
hitlist,7,3,10
hitman,11,12,23
hitme,1,0,1
hitmeup,0,3,3
hitn,3,1,4
hitokyri,1,0,1
hitomi,2,1,3
hitoride,1,0,1
hitoshi,0,1,1
hitpoints,0,1,1
hitr,0,1,1
hitradio,0,1,1
hitrecord,1,1,2
hits,210,223,433
hitt,0,8,8
hittar,1,0,1
hitted,3,0,3
hitten,4,2,6
hittepit,1,0,1
hitter,10,4,14
hitters,2,0,2
hittest,0,1,1
hittin,64,105,169
hitting,360,350,710
hittmaker,0,1,1
hittman,1,0,1
hittn,1,1,2
hittt,1,0,1
hittting,1,1,2
hitttt,0,1,1
hitttttting,0,1,1
hitu,0,1,1
hitup,1,1,2
hity,1,0,1
hitz,3,9,12
hiuashiuhsiuhsihsuish,1,0,1
hiunny,0,1,1
hiurt,1,0,1
hiv,13,15,28
hive,13,20,33
hivebris,0,2,2
hivejive,1,0,1
hiveminder,1,0,1
hives,64,11,75
hivez,1,0,1
hiwalay,1,0,1
hiway,1,0,1
hiws,0,1,1
hiwtk,0,1,1
hix,16,2,18
hixhix,1,0,1
hixhixhix,1,0,1
hixx,1,0,1
hiy,2,1,3
hiya,86,316,402
hiyaa,1,9,10
hiyaaa,0,10,10
hiyaaaa,1,2,3
hiyaaaaa,1,0,1
hiyaaaaaa,1,1,2
hiyaaaaaaaaaaaaaa,0,1,1
hiyaaaaaaaaaaaaaaaaaaaaaaaaaaaaaaaaaaaaaaaaaaaaaaa,0,1,1
hiyaaz,0,1,1
hiyah,1,0,1
hiyahh,0,1,1
hiyajenny,1,0,1
hiyas,1,3,4
hiyaxx,1,0,1
hiyazzz,1,0,1
hiye,0,4,4
hiyee,0,1,1
hiyer,0,1,1
hiyerr,0,1,1
hiyo,0,1,1
hiyooo,1,0,1
hiyoooo,2,0,2
hiyooooooooooo,1,0,1
hiyu,0,1,1
hiyya,0,1,1
hiyyaa,0,1,1
hiz,6,2,8
hizhiz,1,0,1
hizhouse,0,2,2
hizmetleri,0,1,1
hizo,3,0,3
hizouse,0,2,2
hizumi,0,1,1
hizz,0,1,1
hizzay,0,2,2
hizzead,0,1,1
hizzie,1,1,2
hizzle,0,2,2
hizzles,0,1,1
hizzo,2,0,2
hizzome,1,0,1
hizzouse,0,5,5
hizzy,2,3,5
hizzzzzzzzomeeeeee,0,1,1
hj,22,15,37
hja,0,1,1
hjad,2,0,2
hjaia,0,1,1
hjave,1,0,1
hjaven,1,0,1
hjaybee,1,0,1
hjc,1,0,1
hjdjjsiurjhjfhoipwplkjdhjdhhjhjdxdhueuhrjjjjjaaayyyyyyyyyyyy,0,1,1
hjem,0,2,2
hjerlkrjk,1,0,1
hjgkfdhjkdfjdjkd,1,0,1
hjh,1,0,1
hjhj,0,1,1
hjk,1,0,1
hjkl,0,1,1
hjl,1,1,2
hjm,0,1,1
hjntity,1,0,1
hjntiy,0,2,2
hjo,1,0,1
hjs,1,0,1
hjsdkfsdhfjsd,1,0,1
hjx,2,0,2
hjxhjx,1,0,1
hk,110,98,208
hkapa,1,0,1
hkcc,1,0,1
hkcee,0,1,1
hkd,2,0,2
hkg,1,2,3
hki,0,1,1
hkm,0,1,1
hko,0,1,1
hkpug,1,0,1
hks,2,1,3
hkshdfjhwuh,1,0,1
hksusa,0,1,1
hkt,0,1,1
hl,10,10,20
hla,0,1,1
hlarious,0,1,1
hlava,0,1,1
hlavne,0,1,1
hlc,0,1,1
hld,0,1,1
hlding,1,0,1
hldys,0,1,1
hlen,0,1,1
hlep,1,0,1
hlf,1,0,1
hliches,0,1,1
hlii,0,1,1
hln,1,0,1
hlo,1,0,1
hlol,0,1,1
hlookoff,0,1,1
hlove,0,1,1
hlp,3,6,9
hlpd,0,1,1
hlping,0,1,1
hlsl,1,0,1
hlt,2,0,2
hm,313,391,704
hma,1,0,1
hmac,2,0,2
hmailserver,1,0,1
hmarathon,0,1,1
hmb,1,2,3
hmc,1,1,2
hmd,1,3,4
hmdk,0,1,1
hme,21,17,38
hmel,0,1,1
hmeword,1,0,1
hmework,0,2,2
hmewrk,2,0,2
hmewrkkk,0,1,1
hmf,7,4,11
hmfff,1,0,1
hmfft,1,0,1
hmgh,1,0,1
hmh,2,2,4
hmhm,2,1,3
hmhmh,0,1,1
hmhmhh,1,0,1
hmhmhm,3,1,4
hmhmhmh,0,1,1
hmhmhmhmhmhmmhmhmhmhm,0,1,1
hmhmm,0,1,1
hmi,0,1,1
hmigawdwtfl,0,1,1
hminktakingmydogout,0,1,1
hmk,5,2,7
hmkay,1,0,1
hml,1,1,2
hmm,1441,1671,3112
hmmers,1,0,1
hmmf,2,1,3
hmmff,1,0,1
hmmh,1,1,2
hmmhm,0,1,1
hmmhmm,1,1,2
hmmm,1013,1152,2165
hmmmbrr,1,0,1
hmmmf,2,0,2
hmmmh,0,1,1
hmmmm,228,257,485
hmmmmff,1,0,1
hmmmmh,0,1,1
hmmmmm,68,97,165
hmmmmmm,20,25,45
hmmmmmmm,12,19,31
hmmmmmmmm,5,3,8
hmmmmmmmmm,0,2,2
hmmmmmmmmmm,2,7,9
hmmmmmmmmmmm,1,1,2
hmmmmmmmmmmmm,3,0,3
hmmmmmmmmmmmmm,3,0,3
hmmmmmmmmmmmmmm,1,1,2
hmmmmmmmmmmmmmmm,0,1,1
hmmmmmmmmmmmmmmmm,0,1,1
hmmmmmmmmmmmmmmmmm,0,1,1
hmmmmmmmmmmmmmmmmmmmmmmmmmmmmmm,1,0,1
hmmmmp,1,0,1
hmmmmph,3,1,4
hmmmmpphhhh,1,0,1
hmmmmppppfff,1,0,1
hmmmn,0,2,2
hmmmnow,1,0,1
hmmmp,1,1,2
hmmmpf,1,0,1
hmmmph,6,2,8
hmmmphhh,1,0,1
hmmmpph,1,0,1
hmmmpphhh,1,0,1
hmmmppp,1,0,1
hmmmpppffff,1,0,1
hmmmttt,1,0,1
hmmn,3,0,3
hmmnot,1,0,1
hmmovie,0,1,1
hmmp,5,2,7
hmmpf,1,0,1
hmmpfff,1,1,2
hmmph,33,4,37
hmmphh,2,0,2
hmmphhhhhhhhhhhhh,1,0,1
hmmppff,0,1,1
hmmppffff,1,0,1
hmmpph,0,1,1
hmmpphh,1,0,1
hmmpphrrrmmpph,1,0,1
hmms,3,1,4
hmmwv,1,0,1
hmmz,1,2,3
hmmzz,0,1,1
hmn,5,3,8
hmnm,0,1,1
hmnmmm,0,1,1
hmnmn,0,1,1
hmnn,1,1,2
hmnnnn,0,1,1
hmo,3,0,3
hmong,1,1,2
hmp,4,1,5
hmpf,26,4,30
hmpff,6,0,6
hmpffff,1,0,1
hmpffftt,1,0,1
hmpfgh,0,1,1
hmpft,0,1,1
hmph,204,29,233
hmphff,2,0,2
hmphh,5,0,5
hmphhh,5,0,5
hmphhhhh,1,0,1
hmpp,0,1,1
hmpph,1,1,2
hmpphhh,1,0,1
hmpt,0,1,1
hmrc,2,1,3
hmrw,1,0,1
hms,1,3,4
hmsdpifjsd,1,0,1
hmt,0,1,1
hmtm,3,4,7
hmtwn,0,1,1
hmu,1,2,3
hmv,47,34,81
hmw,4,2,6
hmwk,35,14,49
hmwkk,0,1,1
hmwork,1,0,1
hmwrk,11,5,16
hmx,0,1,1
hmz,1,0,1
hmzz,1,0,1
hmzzzz,1,0,1
hn,7,12,19
hnadfull,1,0,1
hnads,1,0,1
hnai,0,1,1
hnay,3,1,4
hnbzbjh,1,0,1
hnc,2,0,2
hnd,5,2,7
hndate,1,0,1
hnde,0,1,1
hndi,1,1,2
hndymn,1,0,1
hned,0,1,1
hnedsie,0,1,1
hnert,0,1,1
hnet,1,0,1
hney,1,0,1
hng,1,1,2
hngawt,1,0,1
hngers,1,0,1
hnh,0,1,1
hning,0,1,1
hnk,2,1,3
hnl,3,1,4
hnlich,0,2,2
hnmmm,1,0,1
hnmun,1,0,1
hnn,1,0,1
hnnf,1,0,1
hnngh,1,0,1
hnnngh,1,0,1
hno,0,1,1
hnt,1,1,2
hntntn,1,0,1
hnugry,1,0,1
hnuting,0,1,1
hnwn,1,0,1
ho,323,373,696
hoa,4,12,16
hoaaaaaaaaaaaaa,1,0,1
hoaaaaahm,1,0,1
hoaaaahm,1,0,1
hoaaammmph,1,0,1
hoaahm,1,0,1
hoac,1,0,1
hoaemm,0,1,1
hoag,0,1,1
hoagie,1,2,3
hoagies,1,0,1
hoah,2,0,2
hoakaka,0,1,1
hoalu,1,0,1
hoamm,0,1,1
hoammmm,1,0,1
hoan,0,1,1
hoanee,0,1,1
hoang,0,1,1
hoard,1,0,1
hoarded,1,0,1
hoarder,2,2,4
hoarders,1,0,1
hoardes,0,3,3
hoarding,3,1,4
hoarse,10,8,18
hoas,0,1,1
hoat,0,1,1
hoathinh,0,1,1
hoax,14,12,26
hob,29,29,58
hobag,2,0,2
hoban,0,1,1
hobart,12,8,20
hobbbbbyy,0,1,1
hobbe,0,1,1
hobbeling,1,0,1
hobbes,5,4,9
hobbesian,0,1,1
hobbey,0,1,1
hobbie,3,2,5
hobbies,7,16,23
hobbit,10,13,23
hobbithole,0,1,1
hobbits,1,8,9
hobble,5,0,5
hobbled,1,1,2
hobbling,13,0,13
hobbs,3,3,6
hobbster,1,0,1
hobby,49,95,144
hobbycraft,0,3,3
hobbylobby,1,0,1
hobbyproject,0,1,1
hobbys,0,1,1
hobe,2,0,2
hobgoblin,1,1,2
hobie,0,2,2
hobing,1,0,1
hobnob,1,2,3
hobnobbed,0,1,1
hobnobs,3,2,5
hobnox,1,0,1
hobo,32,40,72
hobocast,0,1,1
hobog,0,1,1
hobokan,0,1,1
hoboken,8,8,16
hobolifehack,1,0,1
hobos,3,9,12
hobot,1,0,1
hobsbaum,0,1,1
hobson,0,2,2
hobsons,1,0,1
hoby,2,7,9
hobz,0,1,1
hoc,5,8,13
hocc,0,1,1
hochevar,1,0,1
hochgradig,0,1,1
hochie,0,1,1
hochman,0,1,1
hock,3,3,6
hocked,1,0,1
hockeeeeey,0,1,1
hockey,279,225,504
hockeybuzz,0,1,1
hockeyfanfail,1,0,1
hockeyfightnite,0,1,1
hockeypulse,1,0,1
hockeys,2,0,2
hockeystick,0,1,1
hockeysticks,0,1,1
hockeytime,0,1,1
hockeytomzz,1,0,1
hockeytown,2,5,7
hockeyy,0,1,1
hockeyyy,1,1,2
hockeyyyy,0,1,1
hocki,0,1,1
hocking,1,3,4
hocks,0,1,1
hocky,1,0,1
hocus,5,10,15
hod,3,4,7
hoda,3,0,3
hodai,0,1,1
hoddie,0,1,1
hodel,0,1,1
hodge,2,5,7
hodgela,1,1,2
hodgeman,1,0,1
hodges,3,1,4
hodgi,1,0,1
hodgie,0,1,1
hodgins,0,6,6
hodgkin,1,0,1
hodgkins,1,0,1
hodgman,1,0,1
hodgson,0,2,2
hodie,0,1,1
hodilazzeys,1,0,1
hodin,1,0,1
hodinky,0,1,1
hodiny,1,1,2
hodir,1,3,4
hodit,1,2,3
hodling,1,0,1
hodnet,1,0,1
hodori,0,1,1
hodpital,1,0,1
hods,1,0,1
hody,0,1,1
hoe,83,102,185
hoeasis,0,1,1
hoeass,0,1,1
hoebag,2,1,3
hoebrite,1,0,1
hoeche,1,0,1
hoed,1,1,2
hoedown,21,93,114
hoedwn,0,1,1
hoee,0,3,3
hoeeeeeeeee,0,1,1
hoeeeeey,1,0,1
hoefinger,1,0,1
hoefler,0,1,1
hoegaarden,1,2,3
hoegarden,1,0,1
hoegee,1,0,1
hoeing,0,1,1
hoeish,0,1,1
hoekstraisameme,1,0,1
hoem,4,3,7
hoemance,0,1,1
hoemwork,1,0,1
hoenig,0,1,1
hoep,2,1,3
hoepfner,1,0,1
hoepfully,2,2,4
hoes,35,52,87
hoesef,0,1,1
hoeset,1,0,1
hoeson,0,1,1
hoess,0,1,1
hoesss,0,1,1
hoevelaken,0,1,1
hoew,1,0,1
hoework,1,0,1
hoey,2,2,4
hoez,0,2,2
hof,3,1,4
hofbr,0,1,1
hofbrau,1,0,1
hofbrauhaus,1,0,1
hofbrhs,0,1,1
hoff,4,8,12
hoffa,1,0,1
hoffachino,1,0,1
hoffe,1,1,2
hoffenheim,1,0,1
hoffenhein,1,0,1
hoffentlich,1,1,2
hoffffy,1,0,1
hoffi,1,0,1
hoffman,12,12,24
hoffmann,1,1,2
hoffmans,1,0,1
hoffs,0,1,1
hoffspace,0,1,1
hoffx,1,0,1
hofheim,0,1,1
hofherr,1,0,1
hofland,1,0,1
hofrick,0,1,1
hofstadter,0,2,2
hofstede,1,1,2
hofstra,9,0,9
hofstraaaaaa,1,0,1
hog,37,22,59
hoga,2,1,3
hogaeen,1,0,1
hogan,16,11,27
hogans,0,1,1
hogar,1,0,1
hogaya,1,0,1
hogc,0,2,2
hoge,0,2,2
hogenakal,0,1,1
hoggards,1,0,1
hogged,11,1,12
hoggene,1,0,1
hogger,1,2,3
hoggers,1,0,1
hoggin,2,0,2
hogging,30,11,41
hoggsmart,1,0,1
hogi,1,1,2
hogie,1,0,1
hogies,0,1,1
hogiin,1,0,1
hogle,0,1,1
hogmaney,0,1,1
hogmany,1,0,1
hogmogs,1,0,1
hognose,0,1,1
hogo,0,1,1
hogon,1,0,1
hogs,22,16,38
hogsbreath,0,1,1
hogsmeade,0,1,1
hogtown,1,1,2
hogwarts,13,17,30
hogyne,0,1,1
hogyvolt,0,1,1
hoh,4,8,12
hohemians,0,1,1
hohes,0,1,1
hohhh,1,1,2
hoho,20,31,51
hohoh,0,1,1
hohoho,5,17,22
hohohoho,0,6,6
hohohohoho,1,0,1
hohohohohohohohohohohoh,1,0,1
hohohohoooo,0,1,1
hohos,1,0,1
hohsaas,0,1,1
hohum,6,2,8
hohumm,1,0,1
hohuummm,1,0,1
hoi,2,12,14
hoii,0,2,2
hoilday,4,2,6
hoildays,2,2,4
hoildayz,1,0,1
hoinaresc,0,1,1
hoing,2,2,4
hoipe,0,1,1
hoish,0,1,1
hoisin,1,1,2
hoisptals,2,0,2
hoist,1,3,4
hoisted,0,1,1
hoisting,1,1,2
hoits,1,0,1
hoity,0,1,1
hoitz,2,0,2
hoiuse,1,0,1
hoiw,0,1,1
hoiy,1,0,1
hoize,1,0,1
hoj,0,1,1
hoje,8,25,33
hojee,0,3,3
hojo,0,1,1
hok,1,2,3
hoka,0,3,3
hokaay,1,0,1
hokage,0,1,1
hokay,3,3,6
hoke,0,2,2
hokey,4,11,15
hokeypokey,1,0,1
hokeypokeybandra,0,1,1
hokie,2,3,5
hokies,0,1,1
hokio,1,0,1
hokkaido,2,2,4
hokkien,2,3,5
hokkkay,0,1,1
hokld,0,1,1
hoku,0,3,3
hokulani,1,0,1
hokushin,0,1,1
hokuto,0,1,1
hol,59,45,104
hola,46,190,236
holaa,0,2,2
holaaa,0,2,2
holaaaa,1,3,4
holaaaaa,0,1,1
holaaaaaa,1,0,1
holaaaaaaa,0,1,1
holaaaaaaaaaaa,0,1,1
holand,0,2,2
holanda,0,1,1
holas,0,1,1
holb,1,0,1
holbeck,1,0,1
holborn,3,1,4
holbrook,2,0,2
holby,10,2,12
holbycity,1,0,1
holce,0,1,1
holcomb,2,1,3
hold,959,792,1751
holdability,1,0,1
holdall,1,1,2
holday,2,0,2
holdays,0,1,1
holdddd,0,1,1
holdding,0,1,1
holdem,3,4,7
holden,9,29,38
holdenx,0,1,1
holder,29,26,55
holders,14,10,24
holdfire,1,0,1
holdidays,1,0,1
holdin,21,23,44
holding,331,294,625
holdings,1,1,2
holdn,1,0,1
holdout,1,0,1
holdouts,1,0,1
holds,95,114,209
holdsworh,1,0,1
holdup,5,0,5
hole,478,208,686
holecats,1,0,1
holed,9,2,11
holee,1,1,2
holeeching,1,0,1
holeholeholehole,0,1,1
holes,118,86,204
holetime,1,0,1
holeup,0,1,1
holey,9,6,15
holeycoww,0,1,1
holga,9,12,21
holgate,1,0,1
holger,0,1,1
holgerrr,0,1,1
holi,3,1,4
holiady,1,0,1
holibobs,2,0,2
holic,6,10,16
holicong,1,0,1
holics,0,2,2
holidaaaaaaaays,0,1,1
holidaaaaaaay,0,1,1
holidaaaaay,0,1,1
holidaaaaayy,1,0,1
holidaaaays,1,2,3
holidaaay,0,2,2
holidaaays,0,1,1
holidaaayy,1,0,1
holidaays,0,1,1
holidai,1,0,1
holidaii,1,1,2
holidaty,0,1,1
holiday,1471,1253,2724
holidayed,0,1,1
holidayhappiness,0,1,1
holidayhill,0,1,1
holidayholiday,0,1,1
holidayhouses,1,0,1
holidaying,6,4,10
holidaym,0,1,1
holidays,676,396,1072
holidaysnetherland,0,1,1
holidayss,1,3,4
holidaysss,3,1,4
holidayssss,1,0,1
holidayssssss,1,0,1
holidaystorm,0,1,1
holidayy,4,5,9
holidayys,1,0,1
holidayyy,0,1,1
holidayyyy,0,2,2
holidayyyyy,1,0,1
holidayyyyyy,1,0,1
holidayyyyyyyyyy,0,1,1
holidayz,5,0,5
holidayzz,1,0,1
holidayzzzzz,0,1,1
holideck,1,0,1
holidez,1,0,1
holidy,0,1,1
holier,3,0,3
holiest,0,1,1
holii,1,0,1
holiidaysss,0,1,1
holiness,0,5,5
holing,2,0,2
holis,4,0,4
holister,0,1,1
holistic,5,4,9
holistically,0,1,1
holitas,0,1,1
holky,0,1,1
holl,3,0,3
holla,102,287,389
hollaa,0,2,2
hollaaa,0,9,9
hollaaaa,2,3,5
hollaaaaa,1,2,3
hollaaaaaaaa,0,1,1
hollaaah,0,1,1
hollaah,0,1,1
hollaback,1,5,6
hollace,1,0,1
holladays,1,0,1
hollah,0,6,6
hollaholla,0,1,1
hollahollaholla,0,1,1
hollain,0,1,1
hollamaziing,0,1,1
holland,105,121,226
hollandaise,5,3,8
hollander,2,1,3
hollanders,0,1,1
hollandia,1,0,1
hollands,1,2,3
hollandv,1,0,1
hollar,1,7,8
hollarrrrrr,1,0,1
hollas,0,1,1
hollatme,0,1,1
hollaz,1,1,2
hollazz,0,1,1
holldogga,1,0,1
holle,0,1,1
hollee,1,0,1
holleedayy,1,0,1
holleerr,0,1,1
holler,9,54,63
hollered,5,2,7
hollerin,1,0,1
hollering,1,5,6
hollerinnnn,0,1,1
hollerrr,1,2,3
hollerrrrr,0,2,2
hollers,1,0,1
hollerzz,0,1,1
holley,2,2,4
holli,4,1,5
holliberries,0,1,1
holliday,6,8,14
hollidays,2,4,6
hollidaysburg,0,1,1
hollidayyyy,0,1,1
hollie,44,66,110
holliedays,0,1,1
holliegate,1,1,2
holliers,0,1,1
hollies,3,4,7
holligan,1,0,1
hollin,1,1,2
hollinger,1,0,1
hollingworth,0,1,1
hollins,1,0,1
hollinworth,0,1,1
hollis,2,4,6
hollisdorian,1,0,1
hollister,18,26,44
hollisters,1,0,1
holliwood,0,1,1
hollla,1,5,6
holllaa,0,1,1
holllaaa,0,1,1
holllaaaa,0,3,3
holllaaaaaaaa,0,2,2
hollleer,0,1,1
hollleerrr,0,1,1
holllerrr,1,0,1
holllerrrr,0,1,1
holllerrrz,0,1,1
hollliiidayyyy,0,1,1
holllissterr,0,1,1
holllla,0,3,3
hollllaaa,0,1,1
hollllaaaaaa,0,1,1
hollllah,0,1,1
hollllla,0,2,2
holllllla,0,1,1
hollllllaaaa,1,0,1
holllllllla,1,0,1
holllllllywooood,1,0,1
holllllly,0,1,1
holllly,0,1,1
hollllyy,0,1,1
hollly,2,1,3
holllywood,0,1,1
hollow,17,15,32
holloway,7,4,11
holloways,1,0,1
hollowbabeshere,1,0,1
hollowed,2,1,3
holloween,0,1,1
hollows,2,2,4
holls,4,5,9
hollsiter,0,1,1
hollster,1,0,1
hollt,0,1,1
hollur,1,0,1
hollwood,0,2,2
holly,166,189,355
hollybee,1,0,1
hollyblack,0,1,1
hollydays,2,1,3
hollyfeld,2,0,2
hollygurr,0,1,1
hollyhock,0,1,1
hollyhood,2,5,7
hollykins,1,0,1
hollyland,1,0,1
hollyn,0,1,1
hollyoaks,104,68,172
hollyoakss,0,1,1
hollyre,0,1,1
hollyrock,0,1,1
hollys,5,5,10
hollyshit,1,0,1
hollyw,0,1,1
hollyweerd,0,1,1
hollyweird,4,4,8
hollywelch,0,11,11
hollywest,0,1,1
hollywierd,1,0,1
hollywodd,1,0,1
hollywont,1,0,1
hollywoo,0,2,2
hollywood,207,310,517
hollywoodbound,1,0,1
hollywoodhames,0,1,1
hollywoodp,0,1,1
hollywoodrcds,2,0,2
hollywoods,1,2,3
hollywoodundead,0,1,1
hollywoodunead,1,0,1
hollywoof,0,1,1
hollywoooooood,0,1,1
hollywwod,1,0,1
hollywwood,0,1,1
hollyy,0,1,1
hollyyy,1,0,1
hollyz,0,1,1
holman,0,2,2
holmans,0,1,1
holmberg,0,1,1
holmbury,1,0,1
holmdel,10,7,17
holmes,11,31,42
holmesglen,0,1,1
holmfirth,0,3,3
holmgren,0,1,1
holmi,0,1,1
holming,0,1,1
holms,0,1,1
holmz,0,1,1
holnap,0,3,3
holness,0,1,1
holo,1,1,2
holocaust,23,9,32
holocomb,1,0,1
holodeck,0,3,3
hologic,1,0,1
hologram,2,7,9
holograms,2,1,3
holographic,2,1,3
holographically,0,1,1
holoholo,0,1,1
holon,0,1,1
holonet,0,1,1
holqa,1,0,1
holroyd,1,0,1
hols,176,111,287
holsome,0,1,1
holssssssss,1,0,1
holst,0,2,2
holstein,2,2,4
holster,3,2,5
holt,5,6,11
holter,0,1,1
holts,1,0,1
holtz,1,1,2
holucast,1,0,1
holwell,0,1,1
holy,693,591,1284
holybajibus,1,0,1
holybejesuswearereallydoneatst,0,1,1
holycrap,2,1,3
holydays,6,2,8
holyfield,0,2,2
holyfriggincrap,1,0,1
holyfuck,1,0,1
holyfuckholyfuckholyfuckholyfuckholyfuckholyfuckholyfuckholyfuckholyfuckholyfuck,0,1,1
holyghost,1,0,1
holygrail,1,0,1
holyoaks,0,2,2
holyoke,2,1,3
holyredhotchilipeppers,1,0,1
holyrood,0,1,1
holys,21,0,21
holysh,0,1,1
holyshit,6,1,7
holyshitholyshitholyshitholyshit,0,1,1
holyshitt,1,0,1
holyshxt,0,1,1
holysmokes,0,1,1
holyspirit,0,1,1
holytown,1,0,1
holywars,0,1,1
holywell,0,2,2
holywood,0,3,3
holyy,1,4,5
holyyy,0,2,2
holyyyy,0,1,1
holyyyyyyy,0,1,1
holz,7,4,11
hom,22,9,31
homa,1,5,6
homade,0,1,1
homagawd,2,0,2
homage,5,16,21
homaging,0,1,1
homance,0,1,1
homances,0,1,1
homaygaaaaaad,1,0,1
homaygatt,0,1,1
homayz,0,1,1
hombase,0,1,1
homboi,0,1,1
hombre,2,3,5
hombrecito,1,0,1
hombres,0,1,1
home,24517,15920,40437
homeade,2,2,4
homealive,0,1,1
homealone,2,0,2
homeand,1,0,1
homeandaway,1,0,1
homebank,0,1,1
homebase,11,7,18
homebased,1,3,4
homebasics,1,0,1
homebirth,3,2,5
homebody,6,3,9
homeboi,1,1,2
homebound,6,6,12
homeboy,21,21,42
homeboys,6,2,8
homeboyzzz,0,1,1
homebrand,0,1,1
homebrew,14,14,28
homebrewing,1,1,2
homebrews,1,1,2
homebridge,0,1,1
homebuilders,1,1,2
homebush,0,1,1
homebwoy,0,1,1
homec,1,0,1
homecleaning,1,0,1
homeclub,2,0,2
homecoming,10,26,36
homecook,1,0,1
homecooked,5,8,13
homecooking,1,1,2
homecourt,0,1,1
homecuming,1,0,1
homed,2,0,2
homedawgs,0,1,1
homedepot,0,1,1
homedir,1,0,1
homedog,0,2,2
homedoggs,1,0,1
homee,78,74,152
homeee,46,58,104
homeeee,25,24,49
homeeeee,13,10,23
homeeeeee,4,3,7
homeeeeeee,4,5,9
homeeeeeeee,5,0,5
homeeeeeeeee,4,3,7
homeeeeeeeeee,2,0,2
homeeeeeeeeeeeee,0,1,1
homeeeeeeeeeeeeeee,1,0,1
homeeeeeeeeeeeeeeee,0,1,1
homeeeeeeeeeeeeeeeee,1,1,2
homeeeeeeeeeeeeeeeeeee,0,4,4
homeeeeeeeeeeeeeeeeeeee,0,1,1
homeeeesie,1,0,1
homeeeey,1,0,1
homeework,1,0,1
homeeworkkk,1,0,1
homefeont,1,0,1
homefries,0,1,1
homefront,1,1,2
homefry,1,1,2
homegame,2,1,3
homegirl,15,17,32
homegirls,8,6,14
homegoingfail,1,0,1
homeground,0,2,2
homegroup,1,1,2
homegrown,2,9,11
homegurlie,0,1,1
homehealth,0,1,1
homehome,2,1,3
homehomehome,0,1,1
homeindia,0,1,1
homeisawi,0,1,1
homeish,0,1,1
homekit,1,0,1
homeland,9,13,22
homelands,1,1,2
homelani,0,1,1
homeless,140,51,191
homelessness,8,0,8
homelesss,0,1,1
homely,4,6,10
homem,0,1,1
homemad,0,1,1
homemade,95,283,378
homemademusic,0,1,1
homemaker,0,4,4
homemakers,0,1,1
homemde,0,2,2
homemeade,1,0,1
homemwork,1,0,1
homenagem,0,1,1
homeo,0,1,1
homeoffice,2,0,2
homeopath,0,2,2
homeopathic,2,1,3
homeopaths,0,1,1
homeopathy,2,0,2
homeork,2,1,3
homeorkk,1,0,1
homeostasis,2,0,2
homeowk,1,0,1
homeowner,2,9,11
homeowners,3,1,4
homeownership,1,0,1
homeowork,1,2,3
homeowrk,8,1,9
homepage,55,80,135
homepaged,0,1,1
homepages,1,2,3
homeparty,7,5,12
homepartyger,0,10,10
homeplace,1,0,1
homeplate,0,1,1
homeplug,2,0,2
homeplugs,0,1,1
homeproject,0,1,1
homer,36,34,70
homerdoh,1,0,1
homered,0,2,2
homerfest,1,0,1
homerless,1,0,1
homeroom,5,4,9
homers,3,0,3
homerun,11,12,23
homeruns,2,3,5
homerwork,1,0,1
homerzz,1,0,1
homes,108,60,168
homesafe,1,0,1
homesauces,1,0,1
homeschool,4,8,12
homeschooled,3,4,7
homeschoolers,0,4,4
homeschooling,5,11,16
homeschools,0,1,1
homescreen,4,1,5
homescreens,1,0,1
homeserver,0,1,1
homesexual,0,1,1
homeshop,1,1,2
homeshow,1,3,4
homesick,205,22,227
homesickness,7,2,9
homesiiiick,1,0,1
homesik,1,0,1
homesite,0,1,1
homeski,1,0,1
homeskillet,0,1,1
homeskilletbiscuit,0,1,1
homeskillets,0,1,1
homeslice,2,7,9
homesssssskooooler,1,0,1
homestadium,0,1,1
homestand,3,1,4
homestandby,1,0,1
homestar,0,1,1
homestarrunner,1,0,1
homestate,0,1,1
homestates,0,1,1
homestay,2,1,3
homestead,5,4,9
homestyle,2,0,2
homestyles,1,0,1
homesweet,0,3,3
homesweethome,1,2,3
hometeam,3,0,3
hometh,0,1,1
hometime,5,12,17
hometown,105,113,218
hometownbuffetftw,1,0,1
hometowns,2,1,3
hometowntales,0,1,1
hometwon,0,1,1
homeve,0,1,1
homeverkzzzzz,0,1,1
homevideo,0,1,1
homew,1,1,2
homeward,12,20,32
homewares,0,1,1
homewerc,1,0,1
homewk,0,1,1
homewkr,1,0,1
homewood,0,2,2
homewooooork,0,1,1
homewoooork,1,0,1
homewooork,1,0,1
homeword,1,0,1
homework,2810,983,3793
homeworkhelp,1,0,1
homeworkiess,0,1,1
homeworkin,1,0,1
homeworking,7,2,9
homeworkish,1,0,1
homeworkk,21,8,29
homeworkkk,6,1,7
homeworkkkk,2,1,3
homeworkkkkk,3,0,3
homeworkkkkkk,3,0,3
homeworkkkkkkkkkkkkk,1,0,1
homeworks,95,37,132
homeworksssss,1,0,1
homeworkssssssssssss,1,0,1
homeworkstudy,1,0,1
homeworkt,1,1,2
homeworkz,2,0,2
homeworl,1,0,1
homeworld,1,0,1
homeworrk,2,1,3
homeworrrk,0,1,1
homeworrrrrk,1,0,1
homeworx,0,1,1
homewrecked,1,0,1
homewrecker,3,2,5
homewreckers,1,0,1
homewrecking,1,0,1
homewrk,3,2,5
homewrok,4,0,4
homewurk,1,0,1
homey,13,15,28
homeygadd,0,1,1
homeys,0,1,1
homeyyy,0,1,1
homez,1,1,2
homfgg,1,0,1
homg,1,2,3
homgggg,1,0,1
homgirl,0,1,1
homice,1,0,1
homicidal,0,1,1
homicidalgodchan,1,0,1
homicide,5,6,11
homicides,1,1,2
homie,149,215,364
homiee,0,2,2
homieee,2,2,4
homieeeeeeeeeee,1,0,1
homieeeeeees,0,1,1
homieees,0,1,1
homiees,0,2,2
homies,71,108,179
homiess,0,2,2
homiesss,0,3,3
homiessss,0,3,3
homiesssss,0,1,1
homiez,3,1,4
homiezzz,1,1,2
homiies,0,1,1
homiiie,1,0,1
homiiies,1,0,1
homily,2,2,4
hominem,1,1,2
homing,2,2,4
hominids,1,0,1
hominy,0,1,1
homless,0,1,1
homm,0,1,1
homma,0,1,1
hommage,1,1,2
homme,3,10,13
hommee,1,3,4
hommeee,2,0,2
hommelvik,0,1,1
hommerton,1,0,1
hommie,0,9,9
hommies,3,4,7
hommme,4,2,6
hommmeee,3,0,3
hommmeeee,0,1,1
hommmework,0,1,1
hommmme,2,1,3
hommmmeee,1,0,1
hommmmeeee,1,0,1
hommmmeeeewarrddd,0,1,1
hommmmeeworrkkk,1,0,1
hommmmme,2,0,2
hommmmmme,0,1,1
hommmmmmeee,0,1,1
hommmmmmme,1,0,1
hommmmmmmmmmmmmmme,0,1,1
hommus,0,3,3
hommyyyy,0,1,1
homo,38,52,90
homoeopathy,0,1,1
homogeneity,0,1,1
homogeneous,0,1,1
homohappyhour,0,1,1
homoheroes,0,1,1
homojunction,1,0,1
homophobe,3,0,3
homophobes,4,2,6
homophobia,5,3,8
homophobians,0,1,1
homophobic,12,1,13
homoprobes,1,0,1
homoqueerrr,1,0,1
homorific,0,2,2
homos,7,2,9
homosapien,1,0,1
homosexual,8,9,17
homosexuality,7,2,9
homosexuals,2,0,2
homosocial,1,0,1
homour,0,1,1
homous,0,1,1
hompage,0,1,1
hompus,0,1,1
homr,2,0,2
homrwork,0,1,1
homs,1,0,1
homskis,0,1,1
homw,6,1,7
homwe,0,1,1
homwork,4,2,6
homy,0,1,1
homz,0,1,1
hon,191,254,445
honai,1,0,1
honami,1,0,1
honastly,0,1,1
honcho,4,1,5
hond,1,0,1
honda,50,37,87
hondadan,1,0,1
hondaya,1,0,1
hondi,1,0,1
hondo,2,1,3
honduran,0,1,1
hondurans,0,1,1
honduras,32,24,56
hondureno,1,0,1
hondyai,0,1,1
hone,9,5,14
honed,0,1,1
honee,0,1,1
honeeeeeeeeeeeey,1,0,1
honeeeey,2,1,3
honeeey,0,1,1
honeh,1,1,2
honeies,1,0,1
honeii,0,1,1
honem,0,1,1
honer,1,2,3
honeral,1,0,1
honered,0,1,1
honering,0,1,1
honessssst,0,1,1
honest,265,367,632
honestfriday,0,1,1
honestly,437,335,772
honestsundays,1,0,1
honesttt,1,0,1
honesty,27,50,77
honestysundays,1,0,1
honesy,1,0,1
honet,1,1,2
honew,1,0,1
honework,1,0,1
honey,657,771,1428
honeybaby,1,1,2
honeybean,0,1,1
honeybear,1,0,1
honeybears,0,1,1
honeybee,1,6,7
honeybees,1,2,3
honeybfly,0,1,1
honeyboy,1,0,1
honeybun,4,4,8
honeybunch,1,2,3
honeybunches,2,0,2
honeybunnybra,1,0,1
honeybuns,2,0,2
honeycakes,1,1,2
honeycider,1,0,1
honeycomb,0,6,6
honeycombs,3,0,3
honeycombthursdays,1,0,1
honeydew,3,4,7
honeydews,0,1,1
honeydiipboo,2,0,2
honeydippers,1,0,1
honeydrippers,0,1,1
honeydue,0,1,1
honeyeaters,1,0,1
honeyfried,1,0,1
honeyfund,0,1,1
honeygrove,0,1,1
honeyim,1,0,1
honeyloves,0,1,1
honeylynne,0,1,1
honeymoon,41,69,110
honeymooned,1,0,1
honeymoonin,0,1,1
honeymooning,0,1,1
honeymoons,1,0,1
honeymustard,0,1,1
honeynut,1,1,2
honeynya,1,0,1
honeyoat,0,1,1
honeyontoast,0,1,1
honeypie,0,1,1
honeypot,1,1,2
honeypots,1,0,1
honeys,4,13,17
honeystars,0,1,1
honeysuckle,3,4,7
honeysuckles,0,2,2
honeysyn,1,0,1
honeytint,0,1,1
honeywell,0,1,1
honeyy,3,2,5
honeyyy,0,1,1
honeyyyy,3,1,4
honeyyyyyy,0,1,1
honeyz,0,2,2
honfest,1,0,1
honfleur,0,2,2
hong,72,57,129
hongboseok,0,1,1
hongcheer,1,0,1
hongki,2,2,4
hongkiat,0,1,1
hongkong,13,12,25
hongray,1,0,1
hongrraaaay,0,1,1
hongry,4,0,4
hongy,1,0,1
honh,0,3,3
honi,0,1,1
honie,1,0,1
honies,1,1,2
honiigb,0,1,1
honing,0,4,4
honist,0,1,1
honistly,1,0,1
honji,0,1,1
honk,19,6,25
honked,8,8,16
honken,0,1,1
honker,0,1,1
honkers,1,0,1
honkies,1,0,1
honkin,2,1,3
honking,8,5,13
honks,4,1,5
honky,0,11,11
honma,0,2,2
honn,0,1,1
honnay,1,0,1
honneeeeeey,0,1,1
honnestly,2,0,2
honning,0,1,1
honnor,0,1,1
honokawai,1,0,1
honolua,1,0,1
honolulu,16,18,34
honor,107,259,366
honorable,2,17,19
honorair,0,1,1
honorall,2,0,2
honorary,5,19,24
honord,1,0,1
honored,10,162,172
honoredto,0,1,1
honoria,0,1,1
honoring,3,3,6
honors,25,27,52
honorsociety,0,1,1
honorsocietyyy,0,1,1
honorvets,6,0,6
honour,14,45,59
honourable,0,2,2
honourary,2,2,4
honoured,7,54,61
honourered,0,1,1
honouring,1,1,2
honours,4,8,12
honpa,1,0,1
honrado,0,1,1
hons,2,2,4
honset,0,1,1
honsetly,1,0,1
honstly,1,1,2
hont,0,1,1
hontoni,1,0,1
hontou,0,1,1
honu,1,3,4
hony,1,0,1
honyama,0,1,1
honye,1,0,1
honza,1,0,1
hoo,483,631,1114
hooaaahhh,1,0,1
hooah,0,3,3
hoobastank,6,8,14
hoobie,0,1,1
hoobs,0,1,1
hooburrito,1,2,3
hooch,3,4,7
hoochie,0,2,2
hoochies,1,1,2
hoochy,0,1,1
hoock,0,1,1
hood,173,190,363
hoodean,0,1,1
hooded,9,5,14
hoodest,0,1,1
hoodfuckers,1,0,1
hoodharddjs,0,1,1
hoodi,0,1,1
hoodie,120,83,203
hoodieeee,1,0,1
hoodielicious,1,0,1
hoodies,15,20,35
hoodle,0,1,1
hoodlums,4,2,6
hoodnerdd,0,1,1
hoodoo,0,1,1
hoodpossum,0,1,1
hoodrat,6,3,9
hoodrats,1,2,3
hoodriver,1,0,1
hoods,5,9,14
hoodstarz,0,1,1
hoodwink,1,4,5
hoodwinked,0,1,1
hoody,17,16,33
hoodyhooooooo,0,1,1
hoodys,2,1,3
hooey,0,1,1
hoof,3,2,5
hoofd,0,1,1
hoofddorp,0,1,1
hoofdpijn,1,0,1
hoofdstaan,0,1,1
hoofed,0,1,1
hoofer,1,1,2
hoofess,1,0,1
hoofin,1,0,1
hoofs,1,0,1
hoohaahhh,1,0,1
hoohah,1,0,1
hoohoo,0,1,1
hooigee,1,0,1
hooikoorts,2,0,2
hooing,1,1,2
hooize,1,0,1
hooje,1,2,3
hook,187,297,484
hooka,8,14,22
hookah,36,86,122
hookahh,0,1,1
hookahing,0,1,1
hookahlounge,0,2,2
hookahs,1,0,1
hookayyy,1,0,1
hookd,0,1,1
hookdd,1,0,1
hooke,1,0,1
hooked,148,281,429
hooker,25,32,57
hookerface,0,1,1
hookerlips,1,0,1
hookers,13,13,26
hookershouse,1,0,1
hookey,3,1,4
hookie,12,7,19
hookin,3,8,11
hooking,12,27,39
hookitupppp,0,1,1
hookn,0,2,2
hooks,8,10,18
hooksiel,1,0,1
hookuh,0,1,1
hookup,16,11,27
hookups,6,6,12
hooky,11,13,24
hool,2,1,3
hoola,6,3,9
hoolaaa,0,1,1
hoolahoop,0,1,1
hooley,2,1,3
hooligan,0,5,5
hooliganism,1,0,1
hooligans,7,6,13
hooliguns,0,2,2
hoolllaaa,0,1,1
hoolllllaaaa,0,1,1
hooly,1,0,1
hoom,0,1,1
hooman,2,1,3
hoomans,1,2,3
hoomanz,0,1,1
hoome,7,3,10
hoomee,2,2,4
hoomin,1,0,1
hoomins,1,0,1
hoommee,2,1,3
hoommeeee,1,0,1
hoommewoooork,0,1,1
hoommmee,0,1,1
hoommmeee,0,1,1
hoommmeeee,0,1,1
hoon,11,5,16
hoonfami,1,0,1
hoongry,1,0,1
hoons,0,1,1
hooo,35,92,127
hoood,0,1,1
hooodie,1,0,1
hooody,0,1,1
hoooee,1,0,1
hoooge,1,0,1
hoook,1,2,3
hoookay,0,1,1
hooome,9,11,20
hooomee,0,2,2
hooomeeee,0,1,1
hooommmee,2,0,2
hooommmeee,1,1,2
hooommmmeee,0,1,1
hooommmmeeee,0,1,1
hooon,0,1,1
hoooney,1,0,1
hoooo,22,33,55
hooood,0,1,1
hoooodie,0,1,1
hooooh,0,1,1
hooook,1,0,1
hooookay,0,1,1
hoooole,1,0,1
hoooome,13,8,21
hoooomeeeworks,1,0,1
hoooommmeee,1,2,3
hooooo,8,16,24
hoooood,0,1,1
hoooooe,1,0,1
hoooooh,1,0,1
hoooooii,0,1,1
hooooola,0,1,1
hooooole,1,0,1
hooooome,14,6,20
hooooommeee,1,0,1
hooooommmeeee,1,0,1
hooooommmmmeeee,0,1,1
hooooonnnnkkkk,0,1,1
hoooooo,5,9,14
hooooooje,0,1,1
hooooooly,0,1,1
hoooooome,3,1,4
hoooooomie,1,0,1
hoooooonnnneeeeyyyy,0,1,1
hooooooo,4,3,7
hoooooooey,0,1,1
hooooooome,2,6,8
hooooooommmmmeeeeeee,0,1,1
hooooooommmmmmmeeeeeee,0,1,1
hooooooong,1,0,1
hoooooooo,1,2,3
hoooooooold,1,0,1
hoooooooome,4,0,4
hooooooooo,0,2,2
hoooooooooe,1,0,1
hoooooooooge,0,1,1
hooooooooolw,1,0,1
hoooooooooly,1,0,1
hooooooooome,3,0,3
hoooooooooo,1,1,2
hoooooooooome,0,2,2
hooooooooooo,0,1,1
hooooooooooome,2,0,2
hoooooooooooo,1,1,2
hoooooooooooomeeeee,1,0,1
hooooooooooooo,0,2,2
hooooooooooooome,1,0,1
hooooooooooooooome,0,2,2
hoooooooooooooooome,0,1,1
hooooooooooooooooooo,0,1,1
hoooooooooooooooooooo,0,1,1
hoooooooooooooooooooolla,1,0,1
hooooooooooooooooooooooooooooooooome,1,0,1
hoooooooooooooooot,0,1,1
hoooooooooooooospital,1,0,1
hoooooooooooooow,0,1,1
hoooooooooooowl,1,0,1
hooooooooot,0,1,1
hoooooooray,1,0,1
hooooooorayyyyyy,0,1,1
hooooooot,1,0,1
hooooooray,0,2,2
hoooooot,1,0,1
hoooooott,1,0,1
hoooooottt,1,0,1
hooooootttt,0,1,1
hoooooottttt,0,1,1
hooooootttttttt,0,1,1
hooooope,0,1,1
hooooora,0,1,1
hoooooray,0,1,1
hooooorayyyyy,0,1,1
hooooorts,1,0,1
hooooot,0,3,3
hoooopefully,0,1,1
hooooppped,0,1,1
hooooray,1,4,5
hoooos,1,0,1
hoooot,3,3,6
hoooott,1,0,1
hoooottt,2,0,2
hoooottttt,0,1,1
hoooow,0,2,2
hoooowever,0,1,1
hooope,1,0,1
hooopee,0,1,1
hooopzz,0,1,1
hoooraaaayyyy,0,1,1
hoooraaay,0,1,1
hoooraah,1,0,1
hooorah,0,2,2
hoooray,1,5,6
hooorraaaayyy,0,1,1
hooorray,0,1,1
hooorrraayyy,0,1,1
hooorrriibblle,1,0,1
hooose,0,1,1
hooot,4,5,9
hooott,0,1,1
hooottt,1,1,2
hoootttt,1,0,1
hooou,1,0,1
hooow,1,1,2
hooowever,0,1,1
hoop,23,29,52
hoopdees,1,0,1
hoope,1,3,4
hooped,2,0,2
hoopefully,0,1,1
hooper,0,5,5
hoopfest,1,0,1
hoopin,1,3,4
hooping,8,8,16
hoopla,7,2,9
hooplah,1,0,1
hooplahh,1,0,1
hoopless,1,0,1
hoops,34,31,65
hooptie,1,0,1
hoopties,1,0,1
hoopz,1,3,4
hoor,0,2,2
hooraaaaaaaaaaaaaaaaaaaaaaay,0,1,1
hooraaaaaay,0,1,1
hooraaaah,0,1,1
hooraaaay,0,1,1
hooraaay,0,1,1
hooraayy,1,0,1
hooraayyy,0,1,1
hooraayyyy,0,1,1
hoorah,12,30,42
hoorahhh,0,2,2
hoorahs,0,1,1
hoorai,0,1,1
hoorar,0,1,1
hooraty,0,1,1
hooray,111,352,463
hoorayy,1,3,4
hoorayyy,1,0,1
hoorayyyy,0,1,1
hoorayyyyy,0,1,1
hoorendous,1,0,1
hoorey,0,1,1
hoorn,1,0,1
hooroo,0,1,1
hoorray,0,1,1
hoos,2,1,3
hoose,3,3,6
hoosick,1,0,1
hoosier,0,6,6
hoosiers,7,5,12
hoot,18,62,80
hootchie,1,0,1
hootenanny,2,1,3
hooter,8,1,9
hooterific,0,1,1
hooterpalooza,0,1,1
hooters,23,41,64
hooterssss,0,1,1
hootie,2,4,6
hootin,1,0,1
hooting,1,0,1
hoots,2,1,3
hootsuite,4,9,13
hoott,1,0,1
hoottt,1,1,2
hootttt,0,1,1
hooty,1,0,1
hoousee,1,0,1
hoove,1,1,2
hoover,40,16,56
hooverdust,0,1,1
hoovered,5,7,12
hooverin,0,1,1
hoovering,22,8,30
hoovers,2,1,3
hooves,2,4,6
hoow,1,1,2
hooweellll,0,1,1
hooww,1,0,1
hoowwdyy,0,1,1
hooyah,0,1,1
hooyea,1,0,1
hop,180,290,470
hopah,0,1,1
hopak,0,1,1
hope,14669,19200,33869
hopecarter,0,1,1
hoped,210,73,283
hopee,8,13,21
hopeee,1,2,3
hopeeeee,1,0,1
hopef,2,0,2
hopeflly,1,1,2
hopefly,1,0,1
hopefu,1,1,2
hopeful,75,76,151
hopefull,7,9,16
hopefulli,1,1,2
hopefulllll,0,1,1
hopefullllllyyyy,0,1,1
hopefulllly,0,1,1
hopefullllyyy,0,1,1
hopefullly,1,5,6
hopefulllyy,1,0,1
hopefully,2613,3209,5822
hopefullyi,0,1,1
hopefullyy,1,4,5
hopefullyyy,0,1,1
hopefullyyyyy,1,0,1
hopefullyyyyyyy,0,1,1
hopefullyyyyyyyyyyyyyyy,1,0,1
hopefuls,2,0,2
hopefulu,1,0,1
hopefuly,14,18,32
hopefulyl,1,0,1
hopefulyyy,0,1,1
hopegod,1,0,1
hopehis,1,0,1
hopehollywood,1,0,1
hopehully,0,1,1
hopei,1,0,1
hopeigetit,0,3,3
hopein,3,2,5
hopeing,17,10,27
hopeit,1,1,2
hopeitgetit,0,2,2
hopekeepsus,1,3,4
hopeless,96,44,140
hopelessly,16,6,22
hopelessness,0,1,1
hopelessromantic,0,1,1
hopelessy,0,1,1
hopelovepeace,2,1,3
hopemybangs,0,1,1
hopen,1,1,2
hopeni,0,1,1
hoper,2,0,2
hoperfully,1,0,1
hopes,548,296,844
hopeschooliscool,0,1,1
hopeso,0,2,2
hopethat,1,0,1
hopetheres,1,0,1
hopetoun,0,1,1
hopetown,1,0,1
hopeu,0,2,2
hopeuflly,0,1,1
hopeully,1,1,2
hopevale,0,1,1
hopewell,1,0,1
hopey,2,1,3
hopeyou,0,1,1
hopez,1,0,1
hopf,0,1,1
hopfuli,0,1,1
hopfully,14,19,33
hopfuly,1,0,1
hophop,0,1,1
hopi,0,3,3
hopia,1,3,4
hopianghapon,0,1,1
hopie,0,1,1
hopig,1,0,1
hopin,66,44,110
hopinf,1,0,1
hoping,2220,1655,3875
hopingg,1,1,2
hopinggg,0,1,1
hopingly,1,0,1
hopingnfor,0,1,1
hopingto,1,0,1
hopinh,1,0,1
hopinng,0,1,1
hopital,3,2,5
hopkin,0,1,1
hopkins,14,4,18
hopkirk,0,1,1
hopland,1,0,1
hopless,1,1,2
hoplink,0,1,1
hopluia,0,1,1
hoply,1,0,1
hopman,1,0,1
hopnoxious,1,0,1
hopoate,0,1,1
hopoe,1,0,1
hopp,0,2,2
hoppa,1,0,1
hoppe,1,0,1
hopped,27,31,58
hoppedd,0,1,1
hopper,5,5,10
hoppers,3,3,6
hoppfully,0,1,1
hoppi,0,1,1
hoppimike,0,1,1
hoppin,12,18,30
hoppiness,0,1,1
hopping,50,75,125
hoppings,6,0,6
hoppipolla,0,1,1
hoppity,0,1,1
hoppmom,1,0,1
hoppotamus,0,1,1
hoppping,0,1,1
hoppus,5,23,28
hoppusday,17,83,100
hoppuspleasefollowmcfly,0,1,1
hoppy,5,2,7
hopr,0,2,2
hops,11,9,20
hopscotch,1,7,8
hopsical,1,0,1
hopsital,2,0,2
hopsitial,1,0,1
hopson,0,1,1
hopsquatch,0,1,1
hopstaken,1,0,1
hopstop,0,1,1
hoptoad,0,1,1
hoptown,0,1,1
hopurs,1,0,1
hopurwel,1,0,1
hopuse,0,1,1
hopw,1,6,7
hopwe,0,1,1
hopwood,0,1,1
hopyfully,1,0,1
hopz,0,1,1
hor,11,17,28
hora,3,10,13
horaaaaaaaaaay,0,1,1
horaaaay,0,1,1
horaaay,0,1,1
horable,1,0,1
horace,3,4,7
horas,6,0,6
horase,1,0,1
horatio,6,3,9
horay,3,5,8
horayyyayayay,0,1,1
horchata,3,4,7
horchatas,0,1,1
horchow,0,1,1
hordachuck,0,1,1
hordai,0,1,1
hordak,0,2,2
hordawn,1,0,1
horde,17,24,41
horded,1,0,1
hordern,0,1,1
hordes,7,5,12
hordexp,1,0,1
hordie,0,1,1
hordies,1,0,1
hording,0,1,1
hore,1,4,5
horecordings,0,1,1
horedern,0,1,1
horee,0,1,1
horeee,1,2,3
horeeeee,0,1,1
horeeeeeee,0,1,1
horeiblw,1,0,1
horen,0,2,2
horendous,2,1,3
hores,1,1,2
horesback,0,1,1
horescopes,0,1,1
horeur,5,2,7
horfed,1,0,1
horga,1,0,1
horh,0,1,1
horhay,1,0,1
hori,1,3,4
horibb,0,1,1
horibbble,1,0,1
horibble,4,0,4
horible,15,1,16
horid,2,0,2
horise,1,0,1
horison,0,1,1
horiz,1,0,1
horizon,37,70,107
horizonnn,1,0,1
horizonnnnnn,0,1,1
horizons,1,16,17
horizontal,23,15,38
horizontally,3,3,6
horizonte,8,1,9
horizonwatch,1,0,1
hork,0,1,1
horkou,0,1,1
horley,0,1,1
horlicks,2,1,3
horlics,1,0,1
hormiguero,1,1,2
hormonal,15,9,24
hormonally,2,0,2
hormonauts,1,0,1
hormone,3,13,16
hormones,33,17,50
hormonezies,1,0,1
horn,35,45,80
hornachos,0,1,1
hornady,1,0,1
hornatina,1,0,1
hornay,0,1,1
hornayyy,0,1,1
hornbach,0,2,2
hornbeam,0,1,1
hornbeck,1,0,1
hornblower,1,1,2
hornby,1,2,3
hornchurch,0,1,1
horne,3,6,9
horned,0,2,2
horner,2,1,3
hornes,0,1,1
hornet,5,3,8
hornets,7,3,10
horney,0,2,2
hornie,3,1,4
horniman,1,0,1
horniness,0,1,1
hornish,0,1,1
hornomes,0,1,1
hornpipes,1,0,1
horns,20,24,44
hornsby,1,2,3
horny,173,132,305
hornyest,0,1,1
hornyhottie,2,0,2
hornykitty,0,1,1
horo,2,0,2
horor,1,1,2
horoscope,28,35,63
horoscopegame,0,1,1
horoscopes,5,4,9
horoscopr,0,1,1
horosho,1,0,1
horowitz,2,0,2
horpy,0,1,1
horr,1,0,1
horraayy,0,1,1
horrable,4,1,5
horrah,2,2,4
horray,6,27,33
horrays,0,1,1
horrble,1,0,1
horrebel,1,0,1
horredous,0,1,1
horrendified,0,1,1
horrendise,1,0,1
horrendous,44,13,57
horrendously,3,6,9
horrendusly,1,0,1
horres,0,1,1
horrey,0,1,1
horriable,2,1,3
horribe,4,0,4
horribel,1,0,1
horribile,1,0,1
horribl,3,0,3
horrible,2596,336,2932
horriblee,2,2,4
horribleee,6,0,6
horribleeee,2,0,2
horribleeeee,3,0,3
horribleeeeeeeeeeeeee,1,0,1
horribleh,0,1,1
horriblel,1,0,1
horriblely,1,0,1
horribleness,1,0,1
horribles,1,1,2
horriblest,2,0,2
horribley,3,0,3
horriblr,1,0,1
horribly,149,41,190
horrid,176,29,205
horridness,1,0,1
horrifc,0,1,1
horrifed,0,1,1
horriffic,2,0,2
horrific,65,14,79
horrifically,3,2,5
horrificly,1,0,1
horrified,25,16,41
horrify,0,1,1
horrifying,20,7,27
horrifyingly,1,1,2
horriible,1,0,1
horrilarious,0,1,1
horrile,1,0,1
horrillo,0,1,1
horriterrible,1,0,1
horrivel,1,0,1
horro,1,0,1
horroble,1,0,1
horrofilms,0,1,1
horror,187,173,360
horrores,1,1,2
horrorfilm,1,0,1
horrorfiummusic,0,1,1
horrorish,0,1,1
horrorlando,0,1,1
horrormovies,1,1,2
horrorology,1,0,1
horrorpunkband,0,1,1
horrors,27,20,47
horrorscope,2,0,2
horroscope,0,1,1
horrow,0,1,1
horrrible,3,0,3
horrribleee,1,0,1
horrrrible,2,0,2
horrrrrible,2,0,2
horrrrribleee,1,0,1
horrrrriiiiid,1,0,1
horrrrrrible,1,1,2
horrrrrribleeeeeee,0,1,1
horruh,0,1,1
horry,2,2,4
hors,1,2,3
horse,317,327,644
horseback,7,17,24
horsebacking,1,0,1
horsebackriding,1,0,1
horsebox,1,1,2
horsee,1,1,2
horsefacetrace,1,0,1
horsefly,2,0,2
horseflys,1,0,1
horseforth,0,1,1
horsehair,0,1,1
horseheads,0,1,1
horsehoes,0,1,1
horseies,0,1,1
horseman,1,3,4
horsemanship,0,1,1
horsens,1,0,1
horsepersons,0,1,1
horseplay,1,0,1
horseplaying,1,0,1
horsepower,1,1,2
horserace,1,0,1
horseraces,0,1,1
horseraddish,1,0,1
horseradish,2,4,6
horseradishes,1,0,1
horseriders,0,1,1
horseriding,2,3,5
horseridng,1,0,1
horses,117,147,264
horseshoe,4,8,12
horseshoes,6,3,9
horseshow,0,2,2
horsess,0,1,1
horsethief,1,0,1
horsetraining,0,1,1
horsey,13,12,25
horseygirl,0,1,1
horseys,3,1,4
horsforth,0,1,1
horsham,3,0,3
horsie,6,3,9
horsies,3,8,11
horsing,0,2,2
horsseyy,1,0,1
horst,2,1,3
horstman,0,1,1
hort,2,0,2
hortans,1,0,1
horten,1,1,2
hortensia,1,0,1
horti,0,1,1
horticultural,0,2,2
horticulturalists,0,1,1
horticulture,1,2,3
hortis,0,1,1
horton,7,19,26
hortons,14,14,28
hortonss,1,0,1
horty,0,1,1
hos,14,12,26
hosa,0,1,1
hosan,1,0,1
hosanna,5,2,7
hose,37,44,81
hosea,3,1,4
hoseachanchez,1,0,1
hoseasons,1,0,1
hosed,18,1,19
hosehold,0,1,1
hosein,1,0,1
hosen,1,0,1
hosenbugler,0,1,1
hosentasche,0,1,1
hosepipe,0,2,2
hoser,0,15,15
hoses,3,4,7
hosgeldin,0,1,1
hosha,1,0,1
hoshi,1,0,1
hoshit,2,0,2
hosick,0,1,1
hosiery,0,1,1
hosing,2,0,2
hosiptal,1,0,1
hosital,1,0,1
hosm,1,0,1
hosp,52,9,61
hospedar,1,0,1
hospial,2,0,2
hospice,28,7,35
hospiital,1,0,1
hospis,1,0,1
hospita,1,0,1
hospitable,0,2,2
hospitak,1,0,1
hospital,1819,379,2198
hospitali,1,0,1
hospitalised,3,0,3
hospitality,9,36,45
hospitalization,3,0,3
hospitalize,1,0,1
hospitalized,24,1,25
hospitalllll,1,0,1
hospitals,85,13,98
hospitalty,1,0,1
hospitell,1,0,1
hospitial,4,0,4
hospitl,1,0,1
hospitle,2,0,2
hospitol,1,1,2
hospo,4,1,5
hospoital,1,0,1
hosppital,1,0,1
hosps,1,0,1
hosptal,1,1,2
hosptial,2,0,2
hosptials,1,0,1
hosptital,0,1,1
hosptlzd,1,0,1
hospy,2,0,2
hoss,1,3,4
hossa,3,5,8
hossak,1,0,1
hossam,0,1,1
hossein,0,2,2
hosseini,0,1,1
hossest,1,0,1
hossie,1,1,2
hossy,1,0,1
host,214,253,467
hosta,1,2,3
hostable,1,0,1
hostage,42,11,53
hostages,1,2,3
hostal,1,0,1
hostas,0,2,2
hostcentral,1,0,1
hostcolor,0,1,1
hosted,37,52,89
hostee,1,1,2
hostees,1,0,1
hostel,40,25,65
hosteling,1,0,1
hostelry,0,1,1
hostels,5,5,10
hostelstaff,0,1,1
hoster,0,1,1
hosters,0,1,1
hostes,0,1,1
hostess,9,19,28
hostesses,3,1,4
hosteurope,5,0,5
hostfam,1,0,1
hostfamily,0,1,1
hostgator,2,5,7
hostheaders,1,0,1
hostibal,1,0,1
hostign,1,0,1
hostile,6,9,15
hostilities,1,0,1
hostility,4,3,7
hostin,0,2,2
hosting,148,191,339
hostip,1,0,1
hostipal,3,3,6
hostle,0,2,2
hostmom,0,1,1
hostmonster,2,1,3
hostname,1,0,1
hostos,0,1,1
hostpapa,0,1,1
hostpital,2,1,3
hosts,24,27,51
hostul,0,1,1
hosty,1,1,2
hosue,2,2,4
hosuebunny,0,1,1
hosur,1,1,2
hot,6051,4933,10984
hota,1,1,2
hotair,2,0,2
hotal,0,1,1
hotaru,0,1,1
hotass,0,1,1
hotassmess,0,1,1
hotasspact,1,0,1
hotatl,0,1,1
hotbabe,0,2,2
hotbed,1,0,1
hotbird,1,0,1
hotbirth,1,0,1
hotbowl,0,1,1
hotbox,1,2,3
hotcakes,3,4,7
hotch,0,2,2
hotchicks,0,1,1
hotchock,1,0,1
hotchoco,0,1,1
hotchocolate,0,2,2
hotcholate,1,0,1
hotchpotch,1,0,1
hotcookiex,0,1,1
hotcrossbun,1,0,1
hotd,1,0,1
hotdish,1,0,1
hotdof,0,1,1
hotdog,22,22,44
hotdogging,1,0,1
hotdogs,33,34,67
hotdougs,0,1,1
hote,2,4,6
hotee,1,0,1
hotei,0,1,1
hotel,919,846,1765
hotelchocolat,0,1,1
hoteles,0,1,1
hotelie,0,1,1
hotelier,0,1,1
hoteling,1,0,1
hotell,1,3,4
hotelll,0,1,1
hotellllll,1,0,1
hotells,0,1,1
hotelmax,1,2,3
hotelroom,1,1,2
hotels,70,59,129
hoteltimes,1,0,1
hotest,3,4,7
hotfix,1,0,1
hotfixes,1,0,1
hotflashes,2,0,2
hotforwords,1,0,1
hotfries,0,1,1
hotg,0,1,1
hotglue,1,0,1
hotguyland,1,0,1
hoth,0,1,1
hothead,1,1,2
hother,0,1,1
hothon,0,1,1
hothothot,6,4,10
hothothothot,0,1,1
hothothott,0,1,1
hothouse,1,0,1
hotish,1,0,1
hotit,0,1,1
hotjam,1,0,1
hotjobs,1,0,1
hotkey,1,4,5
hotkeys,0,1,1
hotlanta,8,19,27
hotlata,0,1,1
hotle,1,0,1
hotlesbiantwitterlovin,1,0,1
hotline,9,7,16
hotlink,0,1,1
hotlinking,1,0,1
hotlist,2,0,2
hotly,2,0,2
hotmail,52,33,85
hotmama,0,1,1
hotmann,1,0,1
hotmess,2,1,3
hotmilk,0,1,1
hotnamelist,1,0,1
hotncold,0,1,1
hotness,15,53,68
hotnesss,0,1,1
hotnesssss,0,1,1
hotnewhiphop,0,1,1
hotnickcartervids,0,1,1
hotov,1,0,1
hotovo,0,1,1
hotpants,1,5,6
hotpink,2,2,4
hotplate,3,0,3
hotplug,0,1,1
hotpocket,2,2,4
hotpockets,1,0,1
hotpot,5,4,9
hotrevolver,0,1,1
hotrock,0,1,1
hotrod,3,2,5
hotrollers,1,0,1
hots,3,6,9
hotsauce,1,1,2
hotsauces,0,1,1
hotscripts,0,1,1
hotseat,0,1,1
hotshield,1,0,1
hotshot,0,5,5
hotshower,1,0,1
hotsling,1,0,1
hotspot,13,8,21
hotspotmanager,0,1,1
hotspots,7,5,12
hotspotshield,2,0,2
hotsprings,1,0,1
hotspur,0,2,2
hotstreak,2,0,2
hotstuff,0,2,2
hotsyncing,1,0,1
hott,140,149,289
hottass,0,1,1
hotte,1,0,1
hotteefreak,1,0,1
hottel,1,0,1
hotter,120,121,241
hottest,74,124,198
hottie,69,138,207
hottieann,0,1,1
hottieeees,0,1,1
hottiemcsuperbob,1,0,1
hotties,21,42,63
hottiess,0,1,1
hotting,1,3,4
hottist,0,1,1
hottlanta,0,1,1
hottly,1,0,1
hottmess,0,1,1
hottness,5,12,17
hottnesss,0,1,1
hottop,0,4,4
hottopic,1,1,2
hotts,0,1,1
hottstick,1,0,1
hottstuff,0,1,1
hottt,18,34,52
hottter,0,1,1
hotttie,1,0,1
hottties,0,1,1
hotttiiiieee,0,1,1
hotttiisss,0,1,1
hotttina,0,1,1
hotttt,16,12,28
hotttterrrr,0,1,1
hottttt,6,7,13
hotttttel,0,1,1
hotttttie,0,1,1
hotttttt,7,4,11
hottttttie,0,1,1
hottttttt,1,3,4
hotttttttt,1,3,4
hottttttttt,2,2,4
hotttttttttt,2,0,2
hottttttttttt,0,1,1
hottttttttttttttttttt,0,1,1
hottttttttttttttttttttttttttttttttttttt,0,1,1
hottttttttttttttttttttttttttttttttttttttttt,0,1,1
hottub,5,12,17
hottubbing,0,2,2
hotty,3,7,10
hottyyy,1,0,1
hotu,1,0,1
hotub,1,0,1
hotubs,1,0,1
hotvibes,1,0,1
hotwater,0,1,1
hotwings,0,2,2
hotwire,0,2,2
hotwords,5,74,79
hotx,0,1,1
hotyella,0,2,2
hou,4,10,14
houase,0,1,1
houchin,1,0,1
houd,0,1,1
houde,0,1,1
houden,0,1,1
houdini,1,4,5
houdl,0,1,1
houdou,0,1,1
houe,0,1,1
houea,1,0,1
houers,3,0,3
houes,3,1,4
houfg,0,1,1
hougang,2,0,2
hough,4,7,11
hought,1,0,1
houghton,1,3,4
houir,1,0,1
houise,1,0,1
houky,0,1,1
houl,0,1,1
houlahan,0,1,1
hould,0,2,2
houlihan,1,0,1
houma,3,0,3
houmous,0,1,1
hound,18,18,36
hounddogs,1,0,1
hounded,8,1,9
houndhaven,0,1,1
hounding,7,2,9
hounds,12,8,20
hounest,1,0,1
houngang,1,0,1
houngry,1,0,1
hounslow,3,2,5
hounsou,0,2,2
hour,4860,2788,7648
houra,0,1,1
hourani,0,1,1
houras,0,1,1
houre,1,2,3
houred,1,0,1
hourer,0,1,1
houres,1,4,5
hourfamine,0,2,2
hourglass,9,5,14
hourish,0,1,1
hourly,12,13,25
hourm,1,0,1
hourpizzahutplox,1,0,1
hourr,1,2,3
hourrain,1,0,1
hourray,1,0,1
hourrr,1,3,4
hourrrr,1,0,1
hourrrrr,1,0,1
hourrrrrr,0,1,1
hourrrrrrrr,1,0,1
hourrs,1,0,1
hours,8634,4744,13378
hourse,2,1,3
hourshift,1,0,1
hoursish,1,0,1
hoursleep,2,0,2
hoursnz,0,2,2
hourss,4,5,9
hoursss,4,0,4
hourssss,3,1,4
hoursssss,1,2,3
hoursssssss,1,0,1
hourssssssssss,0,1,1
hourst,0,1,1
hourto,0,1,1
hourz,4,0,4
hous,7,3,10
house,7245,5821,13066
houseband,0,1,1
housebarge,0,1,1
housebitchin,0,1,1
houseboat,0,4,4
houseboating,1,0,1
houseboats,0,1,1
housebound,13,2,15
houseboy,2,1,3
housebroken,2,1,3
housebunny,0,1,1
housebunnys,0,1,1
houseburgers,0,1,1
housecall,2,0,2
housecat,0,1,1
housechores,4,0,4
housecleaning,6,3,9
housed,1,1,2
housedjs,0,1,1
housee,13,23,36
houseee,8,10,18
houseeee,3,6,9
houseeeee,2,3,5
houseeeeee,1,2,3
houseeeeeeeee,0,1,1
houseeeeeeeeee,0,1,1
houseeyyyy,1,0,1
housefire,1,0,1
housefly,1,0,1
houseforum,0,1,1
houseful,1,0,1
houseguest,3,2,5
houseguests,2,1,3
household,64,58,122
householdhacker,0,1,1
households,0,1,1
househunters,1,0,1
househunting,2,2,4
househusband,0,1,1
houseisms,0,1,1
houseives,1,0,1
housekeeper,13,4,17
housekeeping,6,10,16
housekeys,1,0,1
houselective,0,1,1
housem,1,0,1
housemade,1,0,1
housemaid,3,0,3
houseman,1,1,2
housemartines,0,1,1
housemartins,0,1,1
housemate,42,23,65
housemates,35,21,56
housemd,1,0,1
housemeat,1,0,1
housemusic,1,1,2
houseofgems,2,0,2
houseofrock,0,1,1
houseowner,1,0,1
houseparties,0,1,1
houseparty,3,3,6
housephone,0,1,1
houseplant,4,0,4
houseplants,3,1,4
housequake,0,1,1
houser,3,0,3
houses,145,130,275
housesearch,1,0,1
houseshow,0,2,2
housesit,0,1,1
housesitter,1,1,2
housesitters,1,0,1
housesitting,2,4,6
houseswives,0,1,1
housethis,1,0,1
housetrained,1,0,1
housetrip,0,2,2
housetrippers,0,1,1
houseware,0,1,1
housewares,1,0,1
housewarming,8,23,31
housewarmings,1,1,2
housewatching,1,0,1
housewife,26,20,46
housewifely,1,0,1
housewifes,1,4,5
housewifey,0,2,2
housewifing,1,0,1
housewives,132,149,281
housewivessss,0,1,1
housewk,1,0,1
housework,185,113,298
houseworks,0,1,1
housewvies,0,1,1
housewvs,0,1,1
housey,3,3,6
housez,1,0,1
houshold,0,1,1
housie,0,1,1
housiee,0,1,1
housiewives,1,0,1
housin,2,0,2
housing,45,34,79
housingg,0,1,1
housman,1,0,1
housmates,0,1,1
housse,1,0,1
houssewives,0,2,2
houst,1,0,1
houstatlantavegas,1,2,3
housten,0,2,2
houston,332,228,560
houstonn,0,1,1
houstons,3,3,6
housty,0,1,1
housue,1,0,1
housw,0,1,1
houswe,1,0,1
houswife,0,1,1
houswives,1,4,5
houswork,2,0,2
housy,1,0,1
hout,0,2,2
houten,1,1,2
houton,1,0,1
houuse,1,2,3
houuurs,1,1,2
houuuuse,0,1,1
houve,2,0,2
houw,1,0,1
houz,1,1,2
hov,15,8,23
hova,1,3,4
hovaaaaa,1,0,1
hovadoposrate,1,0,1
hovawart,1,0,1
hove,7,5,12
hover,13,12,25
hoverboard,2,0,2
hoverboards,0,2,2
hovercraft,3,5,8
hovered,1,2,3
hoverfly,0,2,2
hoverin,1,0,1
hovering,11,6,17
hoverkart,1,0,1
hoves,1,1,2
hovin,0,1,1
hovito,0,1,1
hovno,0,1,1
hovsays,1,0,1
hovt,0,1,1
how,20762,23366,44128
howa,3,7,10
howaa,0,2,2
howaaa,1,1,2
howaaaaaaaaaa,1,0,1
howabout,0,1,1
howan,1,0,1
howard,83,125,208
howarda,1,0,1
howardddd,1,0,1
howardforums,1,0,1
howards,0,2,2
howardstern,0,1,1
howare,1,1,2
howareuu,0,1,1
howarewe,8,8,16
howarth,0,2,2
howarya,1,0,1
howas,0,1,1
howaya,0,1,1
howbie,0,1,1
howcollege,1,0,1
howcome,9,4,13
howconf,1,0,1
howd,14,18,32
howdaaaay,0,1,1
howdee,0,1,1
howdi,0,2,2
howdie,1,1,2
howdied,0,1,1
howdii,0,1,1
howdo,0,1,1
howdown,1,1,2
howdy,17,128,145
howdya,1,1,2
howdyyy,0,1,1
howe,5,9,14
howee,0,1,1
howeeer,1,0,1
howel,1,0,1
howell,4,15,19
howells,1,1,2
howendless,0,1,1
howerever,1,0,1
howerr,0,1,1
howes,1,0,1
howev,0,1,1
howeva,2,3,5
however,795,498,1293
howeverrrr,0,1,1
howework,1,0,1
howey,0,1,1
howfckncute,0,1,1
howi,0,2,2
howick,1,1,2
howie,13,23,36
howies,1,2,3
howis,1,0,1
howitends,2,0,2
howitt,1,0,1
howitzer,0,1,1
howks,0,1,1
howl,8,28,36
howled,1,0,1
howlin,2,1,3
howling,22,13,35
howlo,1,0,1
howls,2,4,6
howm,1,0,1
howmake,1,0,1
howman,0,1,1
howmany,0,1,1
howmanypeoplenow,0,1,1
howmework,1,0,1
howmuch,0,1,1
howmuchwouldcouldawoodchuckchuck,0,1,1
hown,1,0,1
howqua,1,0,1
howquickly,0,1,1
howr,0,2,2
howran,0,1,1
howre,3,6,9
howru,1,1,2
howry,3,0,3
howrya,0,1,1
hows,297,662,959
howsaa,0,1,1
howse,1,1,2
howser,0,2,2
howsit,0,2,2
howsoever,0,1,1
howss,0,1,1
howsss,0,1,1
howstuffworks,1,1,2
howsyourday,0,1,1
howsyours,0,1,1
howsz,0,1,1
howtf,1,0,1
howth,0,2,2
howthmalahide,1,0,1
howto,3,5,8
howtobe,1,0,1
howtobeadumbass,0,1,1
howtobypass,0,1,1
howtopassby,0,1,1
howtopleaseawoman,0,1,1
howtos,0,2,2
howu,1,2,3
howurts,1,0,1
howve,2,3,5
howver,0,1,1
howw,5,7,12
howwa,0,2,2
howwrrya,0,1,1
howww,3,1,4
howya,2,2,4
howyou,2,0,2
howz,12,43,55
howza,1,0,1
howzabout,1,0,1
howzit,2,5,7
howzzzit,0,1,1
hoxe,0,1,1
hoxhord,0,1,1
hoxton,0,1,1
hoy,22,28,50
hoya,1,0,1
hoye,0,1,1
hoyeah,0,1,1
hoyechilo,1,0,1
hoyegechilo,1,0,1
hoyes,0,2,2
hoyi,0,1,1
hoying,1,0,1
hoylake,0,1,1
hoyswives,1,0,1
hoyt,2,2,4
hoyts,3,1,4
hoytu,0,1,1
hoyy,0,1,1
hoyyyy,1,0,1
hoz,1,1,2
hozia,1,0,1
hp,188,199,387
hpa,1,1,2
hpak,0,1,1
hpapi,6,0,6
hpb,1,1,2
hpbtour,1,0,1
hpc,4,2,6
hpe,7,4,11
hpefuli,0,1,1
hpefully,3,3,6
hpfz,1,0,1
hpgirl,0,1,1
hph,1,0,1
hphbp,0,1,1
hphones,1,0,1
hpi,0,1,1
hping,1,0,1
hpkchc,1,0,1
hplaunch,0,1,1
hpm,1,1,2
hpmini,0,2,2
hpms,0,1,1
hpn,2,1,3
hpnd,0,1,1
hpned,1,0,1
hpnetbook,1,0,1
hpnotiq,0,1,1
hpoe,1,0,1
hpoing,1,0,1
hpoolange,0,1,1
hpopin,1,0,1
hpotter,0,1,1
hppe,0,1,1
hppen,1,0,1
hppend,1,0,1
hppened,2,0,2
hppens,1,0,1
hppey,0,1,1
hppie,0,2,2
hppnd,2,0,2
hpppfff,1,0,1
hppy,2,6,8
hpr,0,1,1
hpricot,2,0,2
hps,2,0,2
hpt,2,0,2
hptf,1,1,2
hpthemusical,3,0,3
hpttfn,0,1,1
hpu,1,0,1
hpur,0,1,1
hpurs,1,0,1
hpuse,1,0,1
hpv,4,4,8
hpy,1,1,2
hpyt,1,0,1
hq,54,52,106
hql,0,1,1
hqn,0,1,1
hqngover,1,0,1
hqnine,0,1,1
hqppy,0,1,1
hqs,1,1,2
hqu,0,1,1
hqve,1,0,1
hqx,1,0,1
hr,649,366,1015
hrad,1,0,1
hran,1,0,1
hrap,2,0,2
hrard,1,0,1
hrbek,1,0,1
hrbs,0,1,1
hrc,7,8,15
hrceaubrey,0,1,1
hrck,1,0,1
hrcm,0,1,1
hrd,5,7,12
hrdest,1,0,1
hrdly,0,1,1
hrdr,1,0,1
hrdrive,1,0,1
hre,10,9,19
hreat,1,1,2
hree,0,1,1
href,2,1,3
hreik,0,1,1
hrelp,1,0,1
hreoc,1,0,1
hrer,1,1,2
hrere,1,1,2
hrerschein,1,0,1
hrg,1,1,2
hrh,1,0,1
hrhappyhour,2,1,3
hrhf,0,1,1
hrhr,0,7,7
hrhrhr,0,1,1
hrhrhrhrhr,0,1,1
hri,1,0,1
hria,0,1,1
hrim,0,1,1
hrishita,1,0,1
hristos,1,5,6
hritik,1,0,1
hrk,0,1,1
hrld,0,1,1
hrm,41,19,60
hrmm,15,9,24
hrmmm,7,2,9
hrmmph,1,0,1
hrmms,1,0,1
hrmnm,0,1,1
hrmp,1,0,1
hrmpf,7,1,8
hrmph,6,0,6
hrmppphhh,1,0,1
hrnku,0,1,1
hro,1,0,1
hrozne,1,0,1
hrp,1,0,1
hrr,1,1,2
hrrbl,1,0,1
hrrm,1,2,3
hrrmmmm,1,0,1
hrrmph,1,0,1
hrrr,2,0,2
hrrrm,0,1,1
hrrrmm,0,1,1
hrrrr,1,0,1
hrrumph,1,0,1
hrry,0,1,1
hrs,1708,752,2460
hrsi,1,0,1
hrsleave,0,1,1
hrss,1,1,2
hrssssss,1,0,1
hrst,0,2,2
hrt,0,4,4
hrts,2,0,2
hru,3,7,10
hruaite,0,1,1
hrudey,0,1,1
hrumph,2,0,2
hruts,1,0,1
hrva,0,1,1
hrw,0,1,1
hrx,1,0,1
hry,1,3,4
hs,168,150,318
hsa,1,1,2
hsales,1,0,1
hsaoiuaso,0,1,1
hsap,2,1,3
hsas,1,0,1
hsaushhua,0,1,1
hsb,1,0,1
hsband,1,1,2
hsbc,10,7,17
hsbdendkndn,1,0,1
hsbnd,0,1,1
hsbs,0,1,1
hsc,9,2,11
hscat,0,1,1
hsd,1,0,1
hsdpa,7,2,9
hse,17,11,28
hsec,0,1,1
hser,1,0,1
hses,1,0,1
hsf,1,0,1
hsg,2,3,5
hsh,1,1,2
hshahaha,0,1,1
hshddkkskfhgvbv,1,0,1
hshs,1,2,3
hsi,0,1,1
hsie,1,0,1
hsieh,0,2,2
hsien,0,1,1
hsin,1,0,1
hsinchu,1,1,2
hsing,1,0,1
hsirr,1,0,1
hsl,0,1,1
hslc,1,0,1
hsm,49,92,141
hsn,2,2,4
hsnaa,0,1,1
hsnging,2,0,2
hsnt,2,0,2
hsnw,1,0,1
hso,1,0,1
hsodhsodhos,1,0,1
hsow,1,0,1
hspa,0,2,2
hspda,2,0,2
hsppen,0,1,1
hsptl,1,0,1
hsr,1,0,1
hss,4,0,4
hssian,1,0,1
hssm,0,1,1
hst,1,2,3
hste,1,0,1
hster,1,0,1
hstp,1,0,1
hstry,0,1,1
hsu,2,1,3
hsusyhawhsa,1,0,1
hsuthar,1,0,1
hsv,3,4,7
hsve,1,3,4
hsvegas,0,1,1
hsvtweetup,1,0,1
hswg,1,1,2
hsx,1,0,1
hsyongco,0,2,2
hszuyd,0,1,1
ht,20,30,50
hta,0,2,2
htaccess,6,1,7
htan,1,0,1
htat,0,1,1
htb,1,5,6
htc,63,62,125
htcc,0,1,1
htcdream,1,0,1
htd,0,1,1
hte,15,17,32
hteir,1,0,1
htel,1,0,1
htem,2,0,2
hten,1,1,2
htere,1,0,1
htese,0,1,1
htey,2,1,3
htf,1,0,1
htfgianam,0,1,1
htfu,1,2,3
htg,0,1,1
hth,0,4,4
hthele,1,0,1
hthis,1,0,1
hthma,1,0,1
htid,1,1,2
htine,1,0,1
hting,0,1,1
htink,1,1,2
htis,4,1,5
htk,1,0,1
htl,5,1,6
htlagi,1,0,1
htm,1,2,3
htme,1,0,1
html,106,91,197
htmleditor,0,1,1
htmlencode,1,0,1
htmlselectelement,1,0,1
htn,1,0,1
hto,0,1,1
htoel,1,0,1
htoooooooown,1,0,1
htough,0,1,1
htown,8,7,15
htp,0,2,2
htpc,6,1,7
htpp,0,1,1
hts,5,3,8
htsal,0,1,1
htt,2,14,16
http,56,80,136
httpabril,0,1,1
httpclient,0,1,1
httpd,0,1,1
httpmail,0,1,1
https,10,4,14
httpunit,1,0,1
httrack,1,0,1
htttp,1,2,3
htv,0,2,2
htwn,0,1,1
htz,1,0,1
hu,60,49,109
hua,8,7,15
huaa,1,1,2
huaaa,10,2,12
huaaaa,4,3,7
huaaaaa,4,0,4
huaaaaaa,1,1,2
huaaaaaaaa,1,0,1
huaaaaaaaaa,1,0,1
huaaaaaaaaaaaaaaa,1,0,1
huaaaaaaaaaaaaaaaaaaaaa,1,0,1
huaaaaaaaaaaaam,1,0,1
huaaaaah,1,0,1
huaaah,2,2,4
huaaahhh,1,0,1
huaaahhhh,1,0,1
huaaahhhhh,1,0,1
huaah,1,1,2
huaahh,0,1,1
huage,1,0,1
huah,2,0,2
huahah,0,1,1
huahaha,1,2,3
huahahaha,0,1,1
huahahahahaha,0,1,1
huahahhahaha,0,1,1
huahh,1,1,2
huahhh,1,0,1
huahin,0,1,1
huahua,1,1,2
huahuahau,0,1,1
huahuahua,0,1,1
huahuahuahua,1,0,1
huahuahuahuah,0,1,1
huahuahuahuahua,0,1,1
huahuauhahuahu,1,0,1
huakakaka,0,1,1
hualalai,0,1,1
huam,2,0,2
huan,0,2,2
huang,1,2,3
huangy,1,0,1
huanted,1,1,2
huashiasuhisauhisauhsia,1,0,1
huashsauhuhsa,0,1,1
huashuas,0,1,1
huaska,0,1,1
huasteca,0,1,1
huawei,1,2,3
huaweii,0,1,1
huay,1,1,2
huayu,0,1,1
hub,67,56,123
hubaluvin,1,0,1
huband,1,0,1
hubb,1,7,8
hubba,11,15,26
hubband,1,2,3
hubbard,3,7,10
hubbb,0,1,1
hubbbart,1,0,1
hubbbbarrt,1,0,1
hubbbbbbbbbyyy,0,1,1
hubbeee,0,1,1
hubbers,0,1,1
hubbersz,1,0,1
hubberz,0,1,1
hubbg,1,0,1
hubbi,0,2,2
hubbie,22,15,37
hubbies,7,4,11
hubbii,1,0,1
hubbily,1,0,1
hubble,3,11,14
hubbs,8,8,16
hubbss,0,1,1
hubbster,1,1,2
hubbub,1,0,1
hubby,1181,1065,2246
hubbycwas,0,1,1
hubbykins,1,0,1
hubbys,24,14,38
hubbywifey,0,1,1
hubbyyy,1,0,1
hubbz,2,2,4
hubcap,2,0,2
hubcaps,2,1,3
hubchallenge,0,2,2
hubee,0,1,1
huber,1,1,2
huberman,0,1,1
hubers,1,0,1
hubert,0,5,5
hubforhope,1,0,1
hubgry,1,0,1
hubie,0,1,1
hubisan,1,0,1
huble,0,1,1
hubo,2,0,2
hubpages,2,2,4
hubris,0,2,2
hubs,95,82,177
hubspot,2,0,2
hubstation,0,1,1
hubster,3,7,10
hubub,0,1,1
huby,1,3,4
hubz,6,3,9
hubzz,1,0,1
huch,1,2,3
huck,8,8,16
huckabee,1,3,4
huckabees,0,1,1
hucked,1,1,2
hucking,1,0,1
huckleberri,0,1,1
huckleberry,1,2,3
hucks,1,0,1
hucksss,1,0,1
huckville,1,0,1
huculak,0,1,1
hud,7,4,11
huda,1,2,3
hudaaaa,0,1,1
hudas,0,1,1
hudbou,0,1,1
hudd,1,2,3
huddart,0,1,1
huddersfield,5,0,5
huddle,3,8,11
huddled,4,2,6
hudds,1,1,2
huddstock,1,0,1
huddy,1,1,2
huddylicious,1,0,1
huddysex,1,0,1
hude,0,1,1
hudge,0,1,1
hudgenes,0,1,1
hudgens,10,23,33
hudgins,0,1,1
hudhsauihdsuiahudihasiu,0,1,1
hudina,0,1,1
hudreds,1,0,1
hudshduash,0,1,1
hudson,37,45,82
hudsons,1,0,1
hudspeth,0,1,1
hudunifail,1,0,1
hudz,2,0,2
hudzik,0,1,1
hue,6,7,13
huee,1,0,1
hueeehh,1,0,1
hueezy,0,1,1
hueg,1,0,1
huegenot,0,1,1
huehe,0,1,1
huehehe,1,1,2
huehehehehehehe,0,1,1
hueheuheuhe,0,1,1
huehuehe,0,1,1
huehuehue,1,1,2
huehueuhuheuhe,0,1,1
huen,3,0,3
hueneme,1,0,1
huer,1,0,1
huergh,1,0,1
huerta,1,4,5
hues,2,3,5
huesy,0,1,1
huether,0,1,1
hueva,1,0,1
huevo,1,0,1
huevona,1,0,1
huevos,2,4,6
huey,4,6,10
huez,0,1,1
huf,1,0,1
hufana,1,0,1
hufbb,0,1,1
hufen,0,1,1
huff,33,8,41
hufff,4,0,4
huffff,1,0,1
hufffff,0,1,1
hufffh,1,0,1
huffh,2,0,2
huffhh,1,0,1
huffie,0,1,1
huffies,0,1,1
huffin,0,1,1
huffing,5,2,7
huffington,1,7,8
hufflemuffins,1,0,1
hufflepuff,3,4,7
huffpo,1,1,2
huffpost,0,1,1
huffs,3,3,6
hufft,3,0,3
huffy,5,5,10
huffyuv,1,0,1
hufh,3,0,3
hufp,1,0,1
huft,4,0,4
hufvudstadsbladet,0,1,1
hug,1345,856,2201
hugable,0,1,1
hugatelkomtechniciantoday,0,1,1
hugback,0,2,2
huge,1420,1243,2663
hugeass,2,0,2
hugecoffeesuccess,0,1,1
hugecrushonblackkeys,1,0,1
huged,0,1,1
hugedorfhugz,1,0,1
hugee,3,7,10
hugeee,5,11,16
hugeeee,1,3,4
hugeeeee,0,2,2
hugeeeeee,1,0,1
hugeeeeeee,2,0,2
hugeeeeeeeeee,0,1,1
hugeeeeeeeeeeeeeee,0,1,1
hugegropinghug,0,1,1
hugely,22,25,47
hugeness,0,1,1
huger,1,2,3
hugest,13,10,23
hugesttt,0,1,1
hugfest,0,1,1
hugg,11,2,13
huggable,1,4,5
huggard,1,0,1
huggd,0,1,1
hugge,1,1,2
hugged,51,52,103
huggeee,2,2,4
huggels,1,0,1
hugger,3,7,10
huggers,1,5,6
huggg,9,5,14
huggged,0,1,1
hugggeee,0,2,2
hugggg,4,2,6
huggggeee,2,0,2
huggggg,1,0,1
hugggggg,0,1,1
huggggggggg,0,1,1
hugggggggggge,1,0,1
huggggggggggggggggg,0,1,1
huggggggggggggggggggg,0,1,1
huggggggs,0,1,1
hugggggles,2,0,2
hugggggsss,1,0,1
hugggggssss,0,1,1
hugggggsssssss,0,1,1
hugggggsssssssssss,0,1,1
huggggs,2,2,4
huggggsss,0,2,2
huggggz,0,1,1
hugggles,1,0,1
hugggs,2,2,4
hugggsssss,1,1,2
huggie,2,0,2
huggies,6,11,17
huggin,4,4,8
hugging,42,48,90
hugginkiss,0,1,1
huggle,7,10,17
huggled,1,0,1
huggles,61,40,101
hugglesss,1,0,1
hugglesxxx,1,0,1
huggling,0,1,1
hugglz,1,0,1
huggo,1,0,1
huggs,7,17,24
huggss,2,0,2
huggsss,1,1,2
huggui,0,1,1
huggy,3,4,7
huggys,0,1,1
huggywoos,0,1,1
huggz,0,1,1
huggzz,0,1,1
hugh,57,221,278
hughes,20,19,39
hughesnet,1,0,1
hughesy,1,15,16
hughesyyy,0,1,1
hughhhh,1,0,1
hughie,1,1,2
hughies,0,1,1
hughjackman,1,0,1
hughlaurie,0,3,3
hughley,0,1,1
hughs,3,1,4
hughsey,0,1,1
hughsnet,1,0,1
hughson,1,0,1
hughsy,0,1,1
hught,0,1,1
hughug,1,1,2
hughy,2,1,3
hughzy,0,1,1
hughzyyyyyyyyy,0,1,1
hugie,0,1,1
hugin,1,0,1
huginamug,1,0,1
huging,0,1,1
huglove,1,1,2
hugo,9,13,22
hugonic,0,1,1
hugry,2,1,3
hugryyyyy,1,0,1
hugs,1405,1401,2806
hugsback,0,1,1
hugsforchuu,1,0,1
hugshugshugs,2,0,2
hugsies,1,2,3
hugsquish,1,0,1
hugsregardless,1,0,1
hugss,3,1,4
hugsss,8,2,10
hugssss,1,1,2
hugsssss,1,1,2
hugssssss,1,0,1
hugsssssssss,0,1,1
hugssssssssss,1,0,1
hugssssssssssssss,1,1,2
hugsx,0,1,1
hugsy,0,1,1
huguenots,0,1,1
hugunin,3,0,3
hugx,4,0,4
hugz,23,36,59
hugzors,1,0,1
hugzz,0,2,2
hugzzz,0,4,4
hugzzzz,0,4,4
hugzzzzz,1,1,2
hugzzzzzz,0,1,1
hugzzzzzzz,1,0,1
hugzzzzzzzz,0,1,1
hugzzzzzzzzz,1,2,3
hugzzzzzzzzzzzz,2,0,2
hugzzzzzzzzzzzzz,0,1,1
huh,762,1102,1864
huhauha,1,0,1
huhd,0,1,1
huhh,6,4,10
huhhh,5,2,7
huhhhh,4,0,4
huhhhhh,2,1,3
huhhhhhh,2,0,2
huhhhhhhhhh,0,1,1
huhhuhuhuhuhuhu,1,0,1
huhn,1,0,1
huhnhuh,1,0,1
huhot,0,2,2
huhs,1,2,3
huhu,212,35,247
huhug,1,0,1
huhuh,10,0,10
huhuhu,126,8,134
huhuhuh,5,0,5
huhuhuhhh,2,0,2
huhuhuhu,31,0,31
huhuhuhuh,1,0,1
huhuhuhuhu,4,1,5
huhuhuhuhuhu,1,0,1
huhuhuhuhuhuhu,1,0,1
huhuhuhuhuhuhuhuhuhuhu,1,0,1
huhuhuhuhuhuhuhuhuhuhuhuhuhuhu,1,0,1
huhuhuhungover,0,1,1
huhuhuhuuhu,1,0,1
huhuhuhuuuuu,1,0,1
huhuhuhuuuuuuuuuuuu,1,0,1
huhuhuu,1,0,1
huhuhuuh,2,0,2
huhuhuuhuhuuu,1,0,1
huhuhuuuu,1,0,1
huhuhuuuuuuu,1,0,1
huhuu,5,1,6
huhuuhuh,2,0,2
huhuuhuhu,1,0,1
huhuuhuhuhhuuhu,1,0,1
huhuuu,4,1,5
huhuuuu,1,0,1
huhuuuuu,0,1,1
huhuy,0,1,1
hui,5,2,7
huifen,1,0,1
huiheiueh,0,1,1
huii,0,1,1
huila,0,1,1
huiming,0,1,1
huirting,1,0,1
huis,1,0,1
huitter,1,0,1
huiwen,1,0,1
huixin,1,0,1
huizen,0,1,1
huizenga,0,1,1
huj,1,0,1
hujan,3,8,11
huji,0,1,1
hujoo,0,1,1
huk,1,1,2
huka,1,2,3
hukams,1,0,1
hukh,1,0,1
huki,0,1,1
hukilau,1,0,1
hukka,1,0,1
hukksss,2,0,2
huko,0,1,1
huks,2,0,2
hukss,1,0,1
hukumnya,0,1,1
hul,0,2,2
hula,29,36,65
hulahoop,0,2,2
hulam,0,1,1
hulas,1,0,1
hulats,1,0,1
hulen,0,1,1
huli,0,3,3
hulk,32,43,75
hulked,0,1,1
hulkk,0,1,1
hulkness,1,0,1
hulks,1,3,4
hulky,0,1,1
hull,34,23,57
hulla,0,1,1
hullaballoo,0,1,1
hullabaloo,0,1,1
hulldigital,0,1,1
hulle,1,0,1
hulled,1,0,1
hullfc,0,1,1
hulll,1,0,1
hullo,6,10,16
hullooo,0,1,1
hullooooo,0,1,1
hulloooooo,1,1,2
hullos,1,0,1
hulman,1,0,1
hulme,1,1,2
hulo,1,0,1
hulstlah,1,0,1
hultan,0,1,1
hultsfred,1,1,2
hulu,154,134,288
hulus,0,1,1
hulutube,0,1,1
hum,109,76,185
huma,1,1,2
humahabol,1,0,1
humain,1,0,1
humairaaaa,0,1,1
humalit,1,1,2
humality,1,0,1
human,310,402,712
humana,3,0,3
humanbeing,1,0,1
humane,31,9,40
humanely,2,0,2
humanfails,0,1,1
humangummybears,0,1,1
humanhyrokkin,1,0,1
humanism,0,2,2
humanist,0,1,1
humanitarian,3,4,7
humanitarianism,0,1,1
humanitarily,1,0,1
humanite,1,0,1
humanites,2,0,2
humanities,19,13,32
humanity,41,33,74
humanityundersiege,0,1,1
humanizing,0,1,1
humankind,2,2,4
humanly,6,6,12
humanlyimpossible,1,0,1
humann,0,1,1
humannature,1,0,1
humanoid,1,0,1
humanpopsicles,1,0,1
humanrights,0,1,1
humans,80,99,179
humansss,1,0,1
humantrafficking,1,0,1
humb,1,0,1
humback,1,0,1
humber,28,3,31
humberside,4,0,4
humberston,0,1,1
humbies,0,1,1
humble,25,89,114
humbled,7,25,32
humbles,0,2,2
humblest,1,1,2
humbling,3,12,15
humbly,1,3,4
humboldt,1,2,3
humbug,26,9,35
humbugs,1,1,2
humdigadiga,0,1,1
humdinger,0,2,2
humdity,1,0,1
humdrum,1,2,3
humdullah,0,1,1
hume,4,3,7
humein,0,1,1
humelation,1,0,1
humen,1,0,1
humeneme,0,1,1
humerous,1,0,1
humerus,1,0,1
humes,0,1,1
humess,0,1,1
humeur,0,1,1
humf,1,0,1
humfff,1,0,1
humgry,1,0,1
humh,1,0,1
humhum,1,0,1
humi,2,0,2
humid,266,56,322
humide,1,0,1
humidifer,0,1,1
humidified,0,1,1
humidifier,2,0,2
humidities,1,0,1
humidity,201,51,252
humiditysucks,1,0,1
humidor,1,1,2
humidour,1,1,2
humidty,2,1,3
humilated,0,1,1
humilating,1,0,1
humiliate,5,1,6
humiliated,13,1,14
humiliating,9,1,10
humiliation,3,2,5
humiliayed,1,0,1
humility,0,15,15
humillado,1,0,1
huming,0,1,1
huminna,0,1,1
humira,2,0,2
humirit,1,0,1
humity,1,0,1
humle,1,0,1
humling,0,1,1
humm,41,24,65
humma,0,2,2
hummas,0,1,1
hummed,1,2,3
hummel,2,1,3
hummer,20,28,48
hummerlimoservice,0,1,1
hummers,4,1,5
hummersalat,0,1,1
hummfffrhiehmmf,0,1,1
hummid,1,0,1
hummin,0,2,2
hummina,0,1,1
humming,17,30,47
hummingbid,0,1,1
hummingbird,17,21,38
hummingbirds,4,8,12
hummingbords,0,1,1
hummm,27,21,48
hummmm,6,9,15
hummmmm,2,2,4
hummmmmm,1,0,1
hummmn,1,0,1
hummmph,1,0,1
hummmppfff,1,0,1
hummngbird,0,1,1
hummous,0,2,2
hummph,3,0,3
humms,1,0,1
hummudah,0,3,3
hummus,21,42,63
hummy,0,1,1
humn,1,1,2
humnad,1,0,1
humongous,6,3,9
humor,62,223,285
humore,0,1,1
humoresque,0,1,1
humoring,0,2,2
humorist,0,1,1
humoristico,0,1,1
humorless,3,0,3
humorous,2,20,22
humorously,1,1,2
humorvoll,0,1,1
humour,25,94,119
humouring,0,1,1
humourous,1,3,4
humourously,0,1,1
humourus,1,0,1
humous,0,2,2
hump,50,94,144
humpalow,1,0,1
humpback,0,1,1
humpday,5,6,11
humped,10,2,12
humpers,0,1,1
humpf,11,2,13
humpfff,1,0,1
humpfree,1,0,1
humpft,1,0,1
humph,53,3,56
humphh,2,0,2
humphhh,1,0,1
humphires,0,1,1
humphrey,5,6,11
humphries,3,2,5
humphry,0,1,1
humphs,1,0,1
humpin,1,1,2
humping,16,4,20
humprey,1,0,1
humps,1,7,8
humptedy,0,1,1
humpthestump,1,5,6
humpty,6,5,11
humptydumpty,0,1,1
humptz,0,1,1
hums,2,4,6
humse,0,1,1
humsey,1,1,2
humsss,1,0,1
humsszzz,0,1,1
humu,1,0,1
humuhuhlhlhuhuhuhuhhh,1,0,1
humungasuarus,1,0,1
humungo,0,1,1
humungous,2,0,2
humuns,1,0,1
humus,3,1,4
humyo,0,1,1
humz,0,1,1
hun,784,1047,1831
huna,0,1,1
hunan,1,0,1
hunay,1,0,1
hunayyyy,0,1,1
hunbled,0,1,1
hunbun,0,1,1
hunch,6,23,29
huncha,0,2,2
hunchback,6,3,9
hunchbackk,0,1,1
hunched,1,2,3
hunching,1,0,1
hund,1,1,2
hunden,0,1,1
hundested,0,1,1
hundley,1,2,3
hundo,1,0,1
hundos,1,0,1
hundrd,0,1,1
hundre,0,1,1
hundread,1,0,1
hundred,93,91,184
hundreds,74,57,131
hundredth,6,7,13
hundredweight,0,1,1
hundreth,1,3,4
hundry,0,1,1
hundson,0,1,1
hundy,1,0,1
hune,0,3,3
hunedd,0,1,1
hunee,1,0,1
huneee,1,0,1
huneehh,1,0,1
huney,2,3,5
hunf,3,0,3
hung,336,274,610
hungarian,10,24,34
hungarians,2,1,3
hungaroring,0,1,1
hungary,31,35,66
hungarya,1,0,1
hungee,6,0,6
hunger,105,76,181
hungered,2,0,2
hungerii,1,0,1
hungerrrr,1,0,1
hungerrrrrr,1,0,1
hungers,1,0,1
hungerssss,1,0,1
hungerstrike,2,0,2
hungery,8,4,12
hungggrrrrryyy,1,0,1
hunggrry,0,1,1
hunggry,20,0,20
hungie,1,0,1
hunglow,0,1,1
hungoooooover,1,0,1
hungooover,1,0,1
hungout,3,4,7
hungova,3,1,4
hungoveer,1,0,1
hungover,442,131,573
hungoverish,1,0,1
hungoverness,1,0,1
hungoverrr,2,0,2
hungoverrrr,2,0,2
hungoverrrrrr,1,0,1
hungoverrrrrrr,1,0,1
hungoverrrrrrrrrrrrrrr,1,0,1
hungoverz,1,0,1
hungovr,0,1,1
hungr,0,1,1
hungraaaaaaaaay,0,1,1
hungraaayyy,0,1,1
hungray,4,1,5
hungreh,1,1,2
hungrey,2,2,4
hungreyy,1,0,1
hungreyyy,1,0,1
hungrgy,1,0,1
hungri,2,0,2
hungrier,9,3,12
hungries,2,1,3
hungriest,1,0,1
hungrified,1,0,1
hungringgg,1,0,1
hungrrrrrrrrrrrrrry,1,0,1
hungrrrrrrrryyyyyyyyyy,1,0,1
hungrrrrrry,1,0,1
hungrrrrry,0,1,1
hungrrrry,3,2,5
hungrrrryyyyyyy,1,0,1
hungrrry,3,0,3
hungrrryy,1,0,1
hungrrryyy,1,2,3
hungrrryyyy,1,1,2
hungrrryyyyyy,1,0,1
hungrry,1,0,1
hungrryy,1,0,1
hungrryyy,2,1,3
hungrryyyy,1,0,1
hungry,3198,1031,4229
hungryandlazy,0,1,1
hungrygowhere,1,0,1
hungrymothafucka,0,1,1
hungrys,1,0,1
hungryy,24,11,35
hungryyy,19,3,22
hungryyyy,11,5,16
hungryyyyy,11,1,12
hungryyyyyy,4,1,5
hungryyyyyyeh,1,0,1
hungryyyyyyy,1,3,4
hungryyyyyyyy,0,1,1
hungryyyyyyyyy,1,0,1
hungryyyyyyyyyyy,1,0,1
hungryyyyyyyyyyyy,2,0,2
hungryyyyyyyyyyyyy,1,0,1
hungryyyyyyyyyyyyyyyy,1,0,1
hungryyyyyyyyyyyyyyyyyyyyyyyyyyyyyyyyyyyyyyyyyyyyyyyyyyyyyy,1,0,1
hungup,4,0,4
hungwee,1,0,1
hungweee,1,0,1
hungweeeeee,2,0,2
hungweey,1,0,1
hungweys,1,0,1
hungwy,3,0,3
hungy,9,7,16
hungyyyyyy,1,0,1
hunh,3,2,5
hunhin,0,1,1
hunhun,1,0,1
huni,14,15,29
hunibun,0,1,1
hunie,1,0,1
hunington,0,2,2
hunitng,0,1,1
hunk,8,14,22
hunka,0,5,5
hunkalert,0,3,3
hunkalerts,0,5,5
hunkered,1,1,2
hunks,1,3,4
hunktacular,0,1,1
hunkwanted,0,1,1
hunky,3,13,16
hunn,12,13,25
hunnaaay,0,1,1
hunnah,1,0,1
hunnam,2,0,2
hunnay,0,1,1
hunneh,1,0,1
hunnehhh,0,1,1
hunners,2,0,2
hunney,2,1,3
hunneys,1,0,1
hunngrrryyy,1,0,1
hunngrryyy,1,0,1
hunni,29,29,58
hunnid,0,3,3
hunnie,23,31,54
hunniee,1,0,1
hunnieeee,0,1,1
hunnieeeee,0,1,1
hunnieeeeeeee,1,0,1
hunnies,2,5,7
hunniess,0,1,1
hunnii,2,2,4
hunniie,1,0,1
hunniiiie,1,0,1
hunningbirds,0,1,1
hunnington,0,1,1
hunnit,0,1,1
hunniw,0,1,1
hunnn,1,1,2
hunnngggeeerr,0,1,1
hunnngggrrry,1,0,1
hunnngrrry,0,1,1
hunnngry,1,0,1
hunnni,0,1,1
hunnnners,1,0,1
hunnnngryyy,0,1,1
hunnnnn,0,1,1
hunnnnnnn,1,0,1
hunnnyy,1,0,1
hunny,124,110,234
hunnyboo,0,1,1
hunnybun,1,0,1
hunnybunch,0,1,1
hunnybunny,0,2,2
hunnys,0,1,1
hunnyxx,1,0,1
hunnyy,0,1,1
hunqer,0,1,1
hunqry,3,3,6
hunrgy,3,0,3
hunry,1,1,2
huns,6,0,6
hunster,1,0,1
hunt,200,213,413
huntaaah,0,1,1
huntar,1,0,1
hunted,7,9,16
huntelaar,1,0,1
hunter,78,93,171
hunterlizie,1,0,1
hunters,25,23,48
huntersville,0,2,2
huntieee,1,0,1
huntin,3,3,6
hunting,247,208,455
huntingburg,1,0,1
huntingdon,0,1,1
huntingg,0,1,1
huntington,28,17,45
huntley,0,1,1
huntoon,1,0,1
huntress,1,0,1
hunts,2,5,7
huntsman,1,4,5
huntsmans,1,0,1
huntsville,11,8,19
huntting,1,0,1
hunty,2,0,2
hunwick,4,0,4
huny,1,0,1
hunyy,0,1,1
hunz,1,3,4
huoh,2,0,2
huong,1,0,1
huors,0,1,1
huoy,0,1,1
hup,1,3,4
hupdateeeeas,1,0,1
hupi,0,1,1
hupnotisim,1,0,1
huppy,1,0,1
hups,0,1,1
huq,1,0,1
huqe,1,0,1
hur,11,27,38
hura,1,1,2
huracan,1,0,1
hurah,1,3,4
huray,1,0,1
hurays,0,1,1
hurcherson,0,1,1
hurculean,1,0,1
hurd,3,5,8
hurdle,15,8,23
hurdles,3,7,10
hurdy,0,2,2
hurdz,1,0,1
hurely,0,1,1
hurgee,0,1,1
hurghada,1,1,2
hurhaha,0,1,1
hurhur,4,6,10
hurhurhur,0,1,1
huri,0,1,1
huricane,1,0,1
huried,1,0,1
huring,0,1,1
hurit,0,1,1
huriye,0,1,1
hurking,1,0,1
hurl,23,8,31
hurlburt,0,1,1
hurled,1,4,5
hurler,0,1,1
hurley,11,34,45
hurleys,0,1,1
hurling,10,5,15
hurlsey,1,0,1
hurly,0,1,1
hurm,0,1,1
hurmph,1,0,1
hurndon,0,1,1
hurndreds,0,1,1
hurnts,1,0,1
huro,1,0,1
hurog,0,1,1
huron,2,3,5
hurr,18,27,45
hurra,0,6,6
hurraaaahhhh,0,1,1
hurraaaay,0,1,1
hurraahhh,0,1,1
hurraay,0,1,1
hurrah,41,115,156
hurrahs,1,0,1
hurray,38,112,150
hurrayyyy,0,1,1
hurrcut,1,0,1
hurred,0,1,1
hurrend,1,0,1
hurrendous,1,0,1
hurrhurr,0,1,1
hurrican,3,0,3
hurricane,101,65,166
hurricanes,13,9,22
hurried,5,3,8
hurriedly,1,1,2
hurries,3,1,4
hurriken,0,1,1
hurriyet,0,1,1
hurrm,1,1,2
hurromatty,0,1,1
hurrr,2,5,7
hurrraaaaayyy,0,1,1
hurrraaaay,0,1,1
hurrray,1,1,2
hurrrr,0,6,6
hurrrraaayyyyyy,0,1,1
hurrrrr,1,2,3
hurrrrrr,0,1,1
hurrrrrrrr,0,1,1
hurrrrrrrts,2,0,2
hurrrrrrts,3,0,3
hurrrrrryyy,0,1,1
hurrrrrt,1,0,1
hurrrrrts,5,0,5
hurrrrrtttsss,1,0,1
hurrrrrttttt,0,1,1
hurrrrry,0,1,1
hurrrrryy,1,0,1
hurrrrryyyy,1,0,1
hurrrrting,1,0,1
hurrrrts,4,0,4
hurrrrttsss,1,0,1
hurrrrtttttttttttttuh,1,0,1
hurrrry,1,1,2
hurrrryyyy,1,0,1
hurrrs,0,1,1
hurrrt,2,0,2
hurrrts,3,0,3
hurrrtsss,1,0,1
hurrrtts,1,0,1
hurrrtttss,1,0,1
hurrrumph,1,0,1
hurrry,5,3,8
hurrryyy,0,2,2
hurrryyyy,1,0,1
hurrryyyyyy,0,1,1
hurrs,1,0,1
hurrt,6,0,6
hurrts,4,0,4
hurrtss,1,0,1
hurrtts,1,0,1
hurrtttt,1,0,1
hurru,1,0,1
hurrumph,2,0,2
hurry,459,366,825
hurrying,4,3,7
hurrys,1,1,2
hurryup,1,0,1
hurryupdell,1,0,1
hurryyy,2,0,2
hurryyyy,3,0,3
hurryyyyy,0,1,1
hurryyyyyy,2,0,2
hurryyyyyyy,1,0,1
hurryyyyyyyyyyy,0,1,1
hurs,3,0,3
hurse,1,0,1
hursh,3,0,3
hursley,0,2,2
hursss,1,0,1
hurst,13,1,14
hurston,0,1,1
hurstpierpoint,0,1,1
hurstville,1,1,2
hurt,4435,770,5205
hurtbox,0,1,1
hurtd,2,0,2
hurted,26,5,31
hurteded,1,0,1
hurten,0,1,1
hurters,2,0,2
hurtful,55,2,57
hurtfull,3,0,3
hurthss,1,0,1
hurtie,3,0,3
hurties,5,0,5
hurtiesss,1,0,1
hurtig,0,1,1
hurtiiiiiing,1,0,1
hurtiing,1,0,1
hurtin,101,18,119
hurting,991,95,1086
hurtingg,1,0,1
hurtinggggg,1,0,1
hurtinq,2,0,2
hurtless,1,0,1
hurtling,0,3,3
hurtme,2,0,2
hurtn,8,0,8
hurtness,1,0,1
hurts,7204,456,7660
hurtsies,2,0,2
hurtsiess,1,0,1
hurtss,35,0,35
hurtssies,1,0,1
hurtsss,27,0,27
hurtssss,13,1,14
hurtsssss,13,0,13
hurtssssss,3,0,3
hurtsssssss,2,0,2
hurtssssssss,2,0,2
hurtssssssssss,3,0,3
hurtssssssssssssss,1,0,1
hurtssssssssssssssssssssss,1,0,1
hurtssssssssssssssssssssssssssssssssss,1,0,1
hurtsssssssssssssssssssssssssssssssssssssss,1,0,1
hurtsz,1,0,1
hurtt,4,1,5
hurtted,1,0,1
hurtting,3,0,3
hurtts,4,0,4
hurttss,1,0,1
hurttsss,1,0,1
hurttt,7,1,8
hurttts,0,1,1
hurtttss,1,0,1
hurtttsss,1,0,1
hurtttt,2,0,2
hurtttting,1,0,1
hurttttt,3,0,3
hurttttting,1,0,1
hurttttts,1,0,1
hurtttttt,2,0,2
hurttttttttttttttts,1,0,1
hurtttttttttttttttttttttttttttt,1,0,1
hurty,52,5,57
hurtys,2,0,2
hurtz,16,1,17
hurtzors,1,0,1
hurumf,2,0,2
hurumph,4,0,4
hurup,1,0,1
hurwitz,0,1,1
hury,1,1,2
hus,3,3,6
husahushaushauhsuahusahsa,0,1,1
husalah,1,0,1
husam,1,0,1
husanah,1,0,1
husand,0,1,1
husb,6,6,12
husbaaaaaaaand,0,1,1
husband,787,773,1560
husbandd,1,0,1
husbandry,1,0,1
husbands,38,35,73
husbay,1,0,1
husbband,0,1,1
husbear,0,1,1
husbeau,1,0,1
husbee,0,2,2
husbie,1,1,2
husbnd,1,0,1
husbo,1,0,1
husby,6,6,12
huse,0,5,5
husep,1,0,1
husets,1,0,1
husey,0,1,1
hush,63,100,163
hushabye,0,1,1
hushauhusahus,1,0,1
hushdusah,1,0,1
hushed,1,1,2
hushh,1,1,2
hushhh,1,0,1
hushhhhhh,0,1,1
hushhush,0,1,1
hushies,0,1,1
hushpuppies,0,2,2
husile,0,1,1
husk,0,3,3
husker,3,1,4
huskers,1,0,1
huskey,1,0,1
huskeys,1,0,1
huskie,1,0,1
huskieessss,0,1,1
huskies,4,9,13
huskpuppy,0,1,1
husks,0,3,3
husky,22,19,41
huskys,1,0,1
husle,1,1,2
huslt,0,1,1
husnaa,0,1,1
huss,1,0,1
hussain,1,3,4
hussaini,1,0,1
hussein,4,2,6
hussie,1,0,1
hussini,1,0,1
hussle,1,5,6
husssie,0,1,1
hussy,2,1,3
hussyless,1,0,1
hussys,0,1,1
hust,4,8,12
hustel,0,1,1
hustings,0,1,1
hustla,1,6,7
hustlaball,1,0,1
hustle,24,55,79
hustled,2,2,4
hustler,7,10,17
hustlers,6,7,13
hustles,1,0,1
hustlin,9,6,15
hustling,1,14,15
hustlr,0,1,1
husto,1,0,1
huston,1,1,2
husvand,0,1,1
hut,92,90,182
hutang,0,1,1
hutans,1,0,1
hutch,11,3,14
hutchence,2,2,4
hutcherson,2,1,3
hutches,2,2,4
hutchings,0,1,1
hutchins,1,1,2
hutchinson,4,5,9
hutchinsonnnn,0,1,1
hutchison,1,1,2
hutchnall,0,1,1
huting,0,1,1
hutrray,1,0,1
huts,6,5,11
hutt,4,2,6
hutterites,0,2,2
huttin,1,0,1
hutting,2,0,2
hutto,1,0,1
hutton,1,1,2
hutts,1,0,1
huttz,0,1,1
huu,8,3,11
huuf,1,0,1
huufff,1,0,1
huug,2,0,2
huuge,3,3,6
huuggeee,0,1,1
huughjug,1,0,1
huugs,2,1,3
huuh,13,1,14
huuhh,2,0,2
huuhu,1,0,1
huuhuhuhuhu,1,0,1
huuhuhuhuhuuh,1,0,1
huum,0,2,2
huumm,1,0,1
huunn,1,0,1
huunsters,1,0,1
huurr,1,0,1
huurrayy,0,1,1
huurrrrr,0,1,1
huurt,1,0,1
huurts,4,1,5
huurtss,1,0,1
huuu,15,1,16
huuuaaaa,1,0,1
huuuaaaaa,1,0,1
huuuaaaaaaaaa,1,0,1
huuueh,0,1,1
huuuf,1,0,1
huuuff,0,1,1
huuufff,6,0,6
huuufzzz,1,0,1
huuug,2,0,2
huuuge,13,14,27
huuugeee,0,1,1
huuugge,1,0,1
huuuggeee,0,1,1
huuugghh,1,0,1
huuugs,1,0,1
huuuh,7,1,8
huuuhh,2,0,2
huuuhu,1,0,1
huuuhuu,1,0,1
huuuhuuuuu,1,0,1
huuukkkss,1,0,1
huuum,0,2,2
huuungry,3,1,4
huuungryyy,1,0,1
huuunnnggrrryyy,1,0,1
huuur,0,1,1
huuurrrt,1,0,1
huuurrrts,1,0,1
huuurrrtt,1,0,1
huuurrrttts,1,0,1
huuurt,4,0,4
huuurts,6,0,6
huuuu,4,0,4
huuuufff,1,0,1
huuuuffft,1,0,1
huuuug,1,0,1
huuuuge,10,9,19
huuuuggg,0,1,1
huuuuggggeeee,1,0,1
huuuuggggggg,1,0,1
huuuugh,1,0,1
huuuugs,0,2,2
huuuuhh,1,1,2
huuuungovah,1,0,1
huuuungry,1,1,2
huuuunnnggrrryyyy,0,1,1
huuuunnnnngggrryyyyyyyyyyyy,1,0,1
huuuunrrggyss,0,1,1
huuuur,0,1,1
huuuurt,2,0,2
huuuurts,14,0,14
huuuush,0,1,1
huuuuu,2,1,3
huuuuuaaaaa,1,0,1
huuuuuge,5,4,9
huuuuugee,0,1,1
huuuuugsss,0,1,1
huuuuuh,1,0,1
huuuuun,0,1,1
huuuuungggoooovvver,1,0,1
huuuuungrry,1,0,1
huuuuungry,0,2,2
huuuuurt,1,0,1
huuuuurting,2,0,2
huuuuurts,7,0,7
huuuuuu,1,0,1
huuuuuuge,3,1,4
huuuuuugggeeeee,0,1,1
huuuuuungova,1,0,1
huuuuuungry,2,0,2
huuuuuurting,0,1,1
huuuuuurts,3,0,3
huuuuuuu,1,0,1
huuuuuuua,0,1,1
huuuuuuug,0,1,1
huuuuuuuge,0,1,1
huuuuuuugg,1,0,1
huuuuuuughh,1,0,1
huuuuuuuhhh,1,0,1
huuuuuuurt,1,0,1
huuuuuuuu,0,1,1
huuuuuuuug,0,1,1
huuuuuuuuge,1,0,1
huuuuuuuugs,2,1,3
huuuuuuuuh,5,0,5
huuuuuuuuu,0,1,1
huuuuuuuuug,1,0,1
huuuuuuuuunnnnnngggggrrrrryyyyy,1,0,1
huuuuuuuuuug,0,1,1
huuuuuuuuuuh,1,0,1
huuuuuuuuuuuuuge,0,1,1
huuuuuuuuuuuuuuge,0,1,1
huuuuuuuuuuuuuuurts,1,0,1
huuwaaaa,1,0,1
huv,1,2,3
huva,0,1,1
huvahh,0,1,1
huvering,1,0,1
huvin,1,0,1
huw,3,5,8
huwa,1,1,2
huwaa,1,0,1
huwaaa,1,0,1
huwaaaa,1,0,1
huwaaaaa,0,1,1
huwag,2,2,4
huwhy,1,0,1
huwooow,0,1,1
huws,1,0,1
huwts,2,0,2
huwwts,1,0,1
huwwy,1,0,1
hux,0,1,1
huxley,1,3,4
huxtables,1,0,1
huxx,1,0,1
huy,2,1,3
huyck,0,1,1
huyentrang,0,1,1
huyi,1,0,1
huynh,0,1,1
huytin,0,1,1
huyyy,0,1,1
huyyyyyyyyyyyy,1,0,1
huz,1,6,7
huzba,0,1,1
huzbear,0,1,1
huzid,1,0,1
huzzah,21,56,77
huzzahhh,0,1,1
hv,222,208,430
hva,2,1,3
hvac,3,0,3
hvae,1,1,2
hvaing,1,0,1
hvar,1,3,4
hvd,0,1,1
hve,129,71,200
hven,0,1,1
hvent,7,3,10
hvg,0,2,2
hvgn,1,0,1
hvh,1,1,2
hville,2,1,3
hvin,4,3,7
hving,15,8,23
hvis,0,1,1
hvn,4,3,7
hvng,2,1,3
hvnt,28,5,33
hvny,1,0,1
hvs,0,1,1
hvt,1,0,1
hvta,1,1,2
hvung,1,0,1
hvy,1,0,1
hw,453,209,662
hwa,2,1,3
hwaa,0,2,2
hwaaa,0,1,1
hwaaaa,1,1,2
hwaaaaaa,1,0,1
hwaaaaaaahhh,1,0,1
hwah,0,1,1
hwahahah,1,0,1
hwaiting,1,6,7
hwan,1,1,2
hwang,1,2,3
hwangbo,0,1,1
hwanhee,1,0,1
hwat,4,0,4
hwata,1,0,1
hwave,0,1,1
hway,0,1,1
hwdyk,0,1,1
hwen,0,1,1
hwer,0,1,1
hwere,1,0,1
hwever,2,1,3
hwfaa,0,1,1
hwhw,1,0,1
hwhwhw,0,1,1
hwicce,1,0,1
hwitter,0,1,1
hwk,20,7,27
hwly,0,1,1
hwm,1,0,1
hwo,3,3,6
hwolidays,0,1,1
hwood,4,6,10
hwope,0,1,1
hwork,2,0,2
hwosy,0,1,1
hwp,0,1,1
hwpmc,0,1,1
hwre,1,0,1
hwrk,2,0,2
hws,11,11,22
hwvr,1,0,1
hww,0,1,1
hwwa,1,0,1
hwwaappy,0,1,1
hwy,22,12,34
hwys,1,0,1
hwz,1,3,4
hx,1,4,5
hxc,4,6,10
hxhx,1,0,1
hxx,0,1,1
hy,10,27,37
hya,3,2,5
hyacinth,0,2,2
hyacinths,1,2,3
hyack,0,1,1
hyam,1,0,1
hyannis,0,1,1
hyatt,9,10,19
hyattsville,1,0,1
hyb,1,0,1
hybd,1,0,1
hybernating,2,0,2
hybrid,22,38,60
hybridenishi,1,0,1
hybridized,0,1,1
hybrids,0,7,7
hyd,15,12,27
hyde,27,42,69
hydeout,0,1,1
hydepark,1,1,2
hyderabad,13,13,26
hydes,0,1,1
hyding,1,0,1
hydir,0,1,1
hydra,1,3,4
hydrangea,5,3,8
hydrant,6,4,10
hydrants,0,1,1
hydrasence,0,1,1
hydrate,6,7,13
hydrated,7,8,15
hydrating,2,1,3
hydration,5,4,9
hydraulic,3,3,6
hydraulicclutch,1,0,1
hydraulics,1,1,2
hydro,5,3,8
hydrobath,0,1,1
hydrocarbons,1,0,1
hydrocephalic,1,0,1
hydrocephalus,1,0,1
hydrochloric,1,0,1
hydrochlorothiazide,1,0,1
hydrocodone,3,1,4
hydrocorisone,1,0,1
hydrocortisone,1,1,2
hydrodilatation,0,1,1
hydrofoil,1,0,1
hydrogen,23,8,31
hydrogenated,1,0,1
hydrojets,0,1,1
hydrolic,2,0,2
hydrometer,1,0,1
hydrophobic,1,0,1
hydroplane,1,1,2
hydroplaned,1,1,2
hydroponics,0,1,1
hydropool,0,1,1
hydropower,1,0,1
hydrosonic,1,0,1
hydrospa,0,1,1
hydrox,1,0,1
hydroxycut,3,0,3
hydroxyzine,1,0,1
hydz,1,0,1
hye,6,12,18
hyeaah,0,1,1
hyeees,0,1,1
hyena,0,1,1
hyenas,1,0,1
hyeon,0,1,1
hyer,1,0,1
hyeri,0,1,1
hyewha,0,1,1
hyeyoung,1,0,1
hyge,1,0,1
hygeine,1,1,2
hygene,1,0,1
hygenical,0,1,1
hygenist,1,0,1
hygiene,6,13,19
hygienist,1,0,1
hyhtt,0,1,1
hyjal,0,1,1
hykous,1,0,1
hyland,0,1,1
hylands,0,1,1
hylemorphism,1,0,1
hyles,1,0,1
hyline,0,1,1
hyllyjen,0,1,1
hylmn,1,0,1
hylshit,1,0,1
hym,1,2,3
hyman,3,0,3
hymie,1,0,1
hymmm,1,0,1
hymn,4,10,14
hymns,2,3,5
hyms,1,0,1
hyna,0,2,2
hynde,0,1,1
hyndland,1,0,1
hyndrangea,0,1,1
hyneman,0,1,1
hynes,3,2,5
hynotized,0,1,1
hynriethreatts,1,0,1
hynson,1,0,1
hyo,0,2,2
hyoeractive,1,0,1
hyolee,0,1,1
hyooge,1,0,1
hyori,0,1,1
hyotan,0,1,1
hyou,0,1,1
hyoyoonyul,0,1,1
hyp,1,3,4
hype,94,127,221
hypebeast,3,1,4
hypeconfirmed,1,0,1
hyped,41,75,116
hypedc,1,0,1
hypeddd,0,1,1
hypee,0,1,1
hypeeeeeeeeeeeeeeer,1,0,1
hypem,2,0,2
hypeman,2,0,2
hypemhearting,1,0,1
hyper,101,173,274
hyperacidity,3,0,3
hyperactiv,0,1,1
hyperactive,3,8,11
hyperactiveness,1,0,1
hyperactivity,1,0,1
hyperage,1,0,1
hyperballad,0,1,1
hyperbirdies,0,1,1
hyperbole,3,1,4
hyperbolic,1,1,2
hypercam,1,0,1
hypercard,0,1,1
hypercompetitive,0,1,1
hyperconected,0,1,1
hypercritical,1,0,1
hypercube,2,2,4
hyperdome,1,0,1
hyperdrive,0,1,1
hyperdunks,1,0,1
hyperdunkssss,1,1,2
hyperebenen,0,1,1
hyperemphathetic,1,0,1
hyperextended,3,0,3
hyperfest,2,0,2
hyperflea,1,0,1
hyperhydrosis,1,0,1
hypericon,1,0,1
hyperinflation,2,0,2
hyperion,1,0,1
hyperisland,0,1,1
hyperlink,1,2,3
hyperlinks,2,0,2
hyperm,0,1,1
hypermania,1,0,1
hypermarket,0,1,1
hypermarkets,0,1,1
hypermart,2,1,3
hypermax,0,1,1
hypermedia,0,1,1
hypermobile,1,0,1
hypermotivated,0,1,1
hyperness,2,6,8
hypernessss,0,1,1
hyperpersonal,0,1,1
hyperpperualrkerjlk,1,0,1
hyperproductive,0,1,1
hyperquake,1,0,1
hyperr,1,3,4
hyperreal,0,1,1
hyperrness,0,1,1
hyperrr,0,3,3
hyperrrrr,0,2,2
hyperrrrrr,0,1,1
hypersensitive,2,1,3
hypersensitivity,1,0,1
hypersexual,0,1,1
hypershot,0,1,1
hypersomia,1,0,1
hypersomnia,1,0,1
hypersomniac,1,0,1
hyperspeed,1,0,1
hypertension,4,2,6
hyperthermia,0,1,1
hyperthreading,2,0,2
hypertronic,0,1,1
hypertrophy,1,0,1
hypervenilating,1,0,1
hyperventalated,0,1,1
hyperventalating,1,3,4
hyperventilate,5,4,9
hyperventilates,1,2,3
hyperventilating,4,11,15
hyperventilation,1,1,2
hyperventilaton,0,1,1
hyperverplant,0,1,1
hypervisors,0,2,2
hypervm,1,0,1
hyperwords,1,1,2
hypes,3,1,4
hypez,0,1,1
hyphen,1,6,7
hyphenate,0,1,1
hyphenated,1,0,1
hyphenating,0,1,1
hyphy,2,4,6
hyphyrockstar,0,1,1
hyping,1,2,3
hypn,0,1,1
hypno,1,3,4
hypnosis,6,10,16
hypnotherapy,0,1,1
hypnotic,2,10,12
hypnotically,0,1,1
hypnoticasia,0,1,1
hypnotiq,0,1,1
hypnotise,1,1,2
hypnotised,0,1,1
hypnotises,0,1,1
hypnotism,0,1,1
hypnotist,1,1,2
hypnotize,1,1,2
hypnotized,2,10,12
hypnotizes,0,1,1
hypnotizing,0,1,1
hypnotyst,0,1,1
hypo,4,3,7
hypoallergenic,1,2,3
hypocaust,1,0,1
hypochindriac,1,0,1
hypochlorite,1,0,1
hypochondria,1,0,1
hypochondriac,10,1,11
hypochondriach,1,0,1
hypochondriactic,1,0,1
hypocrate,0,1,1
hypocrisy,8,1,9
hypocrit,0,2,2
hypocritcal,0,1,1
hypocrite,13,13,26
hypocritee,1,0,1
hypocrites,2,4,6
hypocritical,4,7,11
hypocritisy,0,1,1
hypodermic,2,0,2
hypodermicneedlestucktomyleg,1,0,1
hypoglaecemic,1,0,1
hypoglycaemic,1,0,1
hypoglycemia,2,0,2
hypoglycemiafail,1,0,1
hypoglycemic,1,0,1
hypos,1,0,1
hypothermia,4,1,5
hypothesis,2,5,7
hypothesized,1,0,1
hypothetical,5,5,10
hypothetically,1,5,6
hypothyroid,1,0,1
hypothyroidism,1,0,1
hyppe,0,1,1
hypper,1,0,1
hyppped,0,1,1
hyptnotise,0,1,1
hyrax,0,1,1
hyrogliphics,0,1,1
hyrul,0,1,1
hyrule,1,0,1
hys,0,2,2
hysterectomy,1,0,1
hysteria,2,12,14
hysteric,0,2,2
hysterical,19,66,85
hystericall,1,0,1
hystericalll,0,1,1
hysterically,15,10,25
hysterics,2,8,10
hysthamines,1,0,1
hythe,0,1,1
hytz,1,0,1
hyuj,1,0,1
hyuk,0,1,1
hyukie,1,0,1
hyukkie,3,0,3
hyukkkk,0,1,1
hyum,0,1,1
hyun,7,15,22
hyunah,1,0,1
hyundai,2,2,4
hyuney,0,1,1
hyung,1,0,1
hyunjoong,1,3,4
hyunjoongkim,0,1,1
hyuuunnnggg,1,0,1
hyv,0,2,2
hyvee,3,1,4
hyves,2,8,10
hyvesredesign,0,2,2
hyypia,2,0,2
hyyyyyyde,1,0,1
hz,2,2,4
hzm,0,1,1
hzz,1,0,1
ia,41,48,89
iaaa,1,0,1
iaaaaaaaaaaaaan,1,0,1
iaaaan,0,1,1
iab,0,1,1
iabc,4,6,10
iabm,1,0,1
iabnet,1,0,1
iac,1,1,2
iaccelerator,0,1,1
iacces,2,0,2
iacgmooh,2,1,3
iach,1,0,1
iachieve,1,0,1
iaciafiaadia,0,1,1
iad,4,3,7
iadmit,1,0,1
iadt,0,1,1
iadvertise,1,0,1
iaet,0,1,1
iaf,1,1,2
iag,2,0,2
iago,1,2,3
iahfiohfiuaehnvukewahfilua,1,0,1
iahiheiuewqlmlqmqwiuhiuh,1,0,1
iahuiahiuahiuhaaiha,0,1,1
iahve,1,0,1
iaido,0,4,4
iain,10,12,22
iains,0,1,1
iaint,5,2,7
iaio,1,0,1
iaj,0,2,2
iak,1,1,2
iakm,1,0,1
ialex,0,1,1
ialf,0,1,1
ialian,0,1,1
iallt,1,2,3
ialok,0,1,1
ialreadysoldmysoultoplantsvszombies,1,0,1
ialso,2,2,4
ialways,1,1,2
iam,151,125,276
iama,0,1,1
iamageek,1,2,3
iamasimplecaveman,0,1,1
iamazing,0,1,1
iamblessed,0,1,1
iamcassiedavis,0,1,1
iamchris,1,0,1
iamchuckdizzle,0,1,1
iamculture,0,1,1
iamdiddy,2,5,7
iamdiddytoday,0,2,2
iamdoinnothing,0,1,1
iamdownloader,1,0,1
iamelliotjames,0,1,1
iamembrace,0,1,1
iamfunky,0,1,1
iamge,0,1,1
iamgiftedtv,1,0,1
iamgladurhere,0,1,1
iamhoodrich,0,1,1
iamjohnsx,1,0,1
iamjonathancook,1,0,1
iamkate,0,2,2
iamkiara,1,0,1
iamking,0,1,1
iamlaetitiafierce,1,0,1
iamlearing,0,1,1
iamlug,0,1,1
iammizanointed,0,1,1
iamnicolesisco,1,0,1
iamnotvladdy,0,1,1
iamoneworld,0,1,1
iamontwitter,1,0,1
iampritty,0,1,1
iams,0,1,1
iamsam,0,1,1
iamserene,0,1,1
iamshellz,0,1,1
iamsoannoyed,0,1,1
iamsograceful,1,0,1
iamsoodope,1,0,1
iamsotired,1,0,1
iamstayingalive,0,1,1
iamthecommodore,0,1,1
iamthemissez,1,0,1
iamveryupsetbutbadlywant,0,1,1
iamvip,0,1,1
iamword,0,1,1
iamx,2,11,13
ian,202,146,348
iana,2,0,2
ianal,0,1,1
iancrawford,1,0,1
iancurtis,0,1,1
iand,3,0,3
iandien,0,1,1
ianhuntley,1,0,1
iankendallmagic,1,0,1
iann,2,0,2
ianne,0,1,1
iannn,0,1,1
iannnn,1,0,1
iannnnn,1,0,1
iannoyyou,1,0,1
iannucci,1,0,1
iano,2,1,3
ians,6,6,12
ianseeing,0,1,1
ianssss,1,0,1
ianto,5,3,8
ianwoc,1,0,1
iany,1,1,2
ianything,0,1,1
iao,0,1,1
iaok,0,1,1
iap,0,2,2
iapparently,1,0,1
iapplaud,0,1,1
iappreciate,0,2,2
iapps,0,1,1
iaquinta,1,0,1
iar,2,6,8
iara,1,0,1
ias,2,0,2
iasa,1,0,1
iasi,0,2,2
iasked,0,1,1
iasks,0,1,1
iast,2,0,2
iasuhfiysafygasifgs,1,0,1
iat,2,1,3
iata,0,2,2
iatah,0,1,1
iatan,1,0,1
iatel,1,0,1
iater,1,1,2
iation,0,1,1
iatkos,1,1,2
iatm,0,1,1
iatpotkytywtt,0,1,1
iattackfood,1,0,1
iatytily,1,1,2
iau,0,2,2
iaustin,1,0,1
iawards,0,1,1
iawn,2,0,2
iawtc,1,0,1
iayd,1,0,1
ib,21,21,42
iba,10,9,19
ibabalik,1,0,1
ibaby,1,2,3
ibague,1,0,1
iball,1,1,2
ibama,1,0,1
iban,0,1,1
ibanez,5,1,6
ibang,6,5,11
ibank,0,1,1
ibar,1,1,2
ibarista,1,0,1
ibarra,1,0,1
ibati,0,1,1
ibav,0,1,1
ibbabjasbfsaaifj,1,0,1
ibbotson,0,1,1
ibc,1,2,3
ibd,1,0,1
ibdawamkum,1,0,1
ibdg,1,0,1
ibdweeps,0,1,1
ibe,1,0,1
ibeam,0,1,1
ibeatcancrtwice,0,1,1
ibeatyou,0,2,2
ibeefa,1,0,1
ibeen,1,0,1
iberia,1,0,1
iberian,1,0,1
iberostar,1,0,1
iberry,2,1,3
ibertwitter,1,0,1
iberville,1,0,1
ibet,1,0,1
ibex,0,1,1
ibff,0,1,1
ibhad,1,0,1
ibhave,1,0,1
ibhkjj,1,0,1
ibi,1,1,2
ibiatcl,0,1,1
ibible,0,1,1
ibig,1,0,1
ibigay,1,0,1
ibirapuera,0,2,2
ibird,1,1,2
ibis,2,0,2
ibiy,0,1,1
ibiza,58,38,96
ibizaa,0,1,1
ibizaaa,0,1,1
ibizaaaaaaaa,1,0,1
ibizanana,0,1,1
ibizasonica,1,0,1
ibizia,0,1,1
ibj,1,1,2
ibjad,1,0,1
ibl,1,0,1
iblamedrewscancer,1,0,1
iblc,2,0,2
iblizzard,0,1,1
iblmt,0,4,4
iblock,0,3,3
iblocking,0,1,1
iblog,0,1,1
iblue,0,1,1
ibly,1,0,1
ibm,25,26,51
ibmcf,1,0,1
ibmer,0,1,1
ibmers,1,1,2
ibn,3,0,3
ibng,1,0,1
ibnma,1,0,1
ibnur,0,1,1
ibo,0,5,5
iboard,0,1,1
iboc,0,1,1
ibody,2,0,2
ibondi,0,1,1
ibone,1,0,1
ibonsai,0,1,1
iboo,1,0,1
ibood,2,1,3
ibook,17,6,23
ibope,0,1,1
iboprofen,1,0,1
ibored,1,0,1
ibostin,0,1,1
ibp,1,0,1
ibprofen,2,0,2
ibprofin,1,0,1
ibprophen,0,1,1
ibproufen,1,0,1
ibr,0,1,1
ibra,1,0,1
ibrahim,1,2,3
ibrahimovic,0,2,2
ibreckon,0,1,1
ibrick,2,0,2
ibricked,1,0,1
ibroprofen,0,1,1
ibrox,1,0,1
ibruprofen,1,0,1
ibs,17,2,19
ibshoupd,0,1,1
ibstructions,1,0,1
ibt,1,0,1
ibtc,1,0,1
ibternets,1,0,1
ibu,6,12,18
ibufrofen,1,0,1
ibugs,0,1,1
ibuk,1,0,1
ibund,2,0,2
ibunya,1,0,1
ibuprof,1,0,1
ibuprofain,1,0,1
ibuprofen,55,14,69
ibuprofens,1,0,1
ibuprofin,2,1,3
ibuprpfen,1,0,1
iburst,1,0,1
ibus,0,1,1
ibusy,0,1,1
ibuuuuuu,0,1,1
ibuuuuuuu,1,0,1
ibvanmat,0,1,1
ibwanna,1,0,1
ibwas,1,0,1
ibwqs,1,0,1
ibyers,0,1,1
ic,25,37,62
ica,7,9,16
icaaaaant,1,0,1
icaac,1,0,1
icac,0,1,1
icacf,0,1,1
icahn,1,0,1
icaisfrank,1,0,1
ical,22,6,28
icalendars,1,0,1
icalled,1,0,1
icam,1,1,2
icame,1,0,1
ican,8,8,16
icanbuyhappiness,0,1,1
icandy,1,0,1
icanhascb,0,1,1
icanhascheezburger,0,3,3
icanhelp,0,1,1
icann,4,4,8
icanread,2,2,4
icans,1,0,1
icant,21,4,25
icantalk,0,1,1
icantfigureoutdmonmyblackberry,1,0,1
icantplayit,1,0,1
icantstand,3,0,3
icanttakethishospitality,1,0,1
icar,0,2,2
icarian,1,0,1
icarly,40,100,140
icarlyy,0,1,1
icarus,2,3,5
icary,0,1,1
icas,1,0,1
icasa,0,1,1
icasm,0,1,1
icawns,0,1,1
icb,0,2,2
icbc,0,1,1
icbm,2,0,2
icc,6,8,14
iccc,0,1,1
icccecream,1,0,1
iccck,1,0,1
icce,0,2,2
iccee,1,0,1
icch,1,0,1
iccha,1,0,1
iccle,1,0,1
icconfiscate,1,0,1
iccream,1,0,1
iccs,0,1,1
icct,0,1,1
iccu,1,0,1
iccvb,0,1,1
iccw,2,0,2
icd,1,0,1
ice,1736,2310,4046
iceagetetris,0,1,1
icebar,3,0,3
icebath,1,0,1
iceberg,9,4,13
icebergs,1,4,5
iceblended,1,0,1
iceblendeddd,0,1,1
iceblock,0,2,2
iceblocking,0,1,1
iceblocks,1,1,2
iceblue,0,1,1
icebox,4,1,5
icebreaker,1,3,4
iceburg,2,0,2
icecap,0,1,1
icecast,0,1,1
icecatcher,1,0,1
icecoffee,0,1,1
icecold,0,1,1
icecram,0,1,1
icecreaaaaaaaaaaam,0,1,1
icecream,181,194,375
icecreamf,0,1,1
icecreamm,1,0,1
icecreammmmm,0,1,1
icecreams,2,3,5
icecrown,1,0,1
icecube,2,1,3
icecubes,1,1,2
iced,155,259,414
icedown,1,0,1
icedragon,1,0,1
icee,9,7,16
iceeecream,0,1,1
iceeee,1,0,1
iceeeee,0,1,1
iceeeeeeeee,0,1,1
iceefresh,0,1,1
icees,2,3,5
iceeys,0,1,1
icefilms,1,0,1
icehockey,1,2,3
icehot,0,1,1
icehouse,0,4,4
iceing,2,0,2
iceland,15,46,61
icelandic,5,8,13
icelantic,0,1,1
icelolly,0,1,1
icemagic,0,1,1
iceman,1,1,2
icepack,8,0,8
icepan,0,1,1
icepop,1,2,3
icepops,0,1,1
iceream,1,0,1
iceroadtruckers,0,1,1
icertainly,0,1,1
ices,0,3,3
icescream,1,0,1
iceskate,0,1,1
iceskating,3,0,3
icetea,0,1,1
icetime,0,1,1
icets,1,0,1
icetv,2,0,2
icewater,1,0,1
iceweasel,1,1,2
icewm,0,1,1
iceworld,1,0,1
icexnrep,0,1,1
icey,8,3,11
icf,1,0,1
icfp,2,0,2
ich,69,81,150
icha,1,7,8
ichabod,0,1,1
ichad,1,0,1
ichalinaaa,0,1,1
ichanged,0,1,1
icharger,0,1,1
ichasayangrudisayangichakamisalingmenyayangi,0,1,1
ichat,52,50,102
ichating,0,2,2
ichatshit,1,1,2
ichatting,1,9,10
ichc,3,4,7
iche,1,1,2
iched,1,0,1
ichess,0,1,1
ichi,0,2,2
ichiban,7,4,11
ichibans,0,2,2
ichigo,2,4,6
ichijou,1,0,1
iching,0,2,2
ichinuke,0,1,1
ichiro,6,2,8
ichiza,0,2,2
ichliebe,1,0,1
ichthus,1,1,2
ichthusfestival,0,1,1
ichy,5,1,6
ici,6,2,8
icic,1,9,10
icici,2,2,4
icicidirect,1,1,2
icicle,1,1,2
icicles,2,1,3
icie,0,2,2
icii,1,0,1
icil,0,2,2
icin,2,0,2
icing,85,62,147
icings,1,0,1
icingstores,0,1,1
icio,0,1,1
icious,1,0,1
icip,0,1,1
ick,159,22,181
ickburgh,1,0,1
ickenham,1,0,1
ickest,1,0,1
ickgrossdisgusting,1,0,1
ickie,1,0,1
ickiness,4,0,4
ickk,1,1,2
ickkk,2,1,3
ickkkk,2,0,2
ickkkkky,2,0,2
ickkkky,1,0,1
ickky,2,0,2
ickkyyy,1,0,1
ickle,8,6,14
icksy,1,0,1
icky,224,36,260
ickyblah,0,1,1
ickyickyyyy,1,0,1
ickyness,3,0,3
ickyrainy,1,0,1
ickyyyy,1,0,1
iclan,1,0,1
icland,0,1,1
icles,1,0,1
iclever,0,1,1
iclick,0,1,1
iclique,0,1,1
iclone,1,1,2
icludes,0,1,1
iclw,0,1,1
icm,0,1,1
icma,1,0,1
icme,0,1,1
icmp,1,0,1
icnt,2,1,3
ico,4,2,6
icof,1,1,2
icol,0,1,1
icolud,0,1,1
icom,0,1,1
icompliment,0,1,1
icon,195,205,400
icondesigner,0,1,1
iconeden,0,1,1
iconers,0,1,1
iconfactory,0,1,1
iconfess,20,0,20
iconfirmed,1,0,1
iconic,2,6,8
iconing,0,1,1
iconnect,1,1,2
iconnnn,0,1,1
iconoclastic,1,0,1
icons,74,84,158
iconset,0,1,1
icontactcz,0,1,1
icontainer,0,1,1
icontweaker,0,1,1
icoonery,0,1,1
icoss,1,0,1
icot,0,1,1
icould,6,1,7
icouldnt,2,0,2
icouldve,1,0,1
icp,2,3,5
icpu,0,1,1
icq,18,15,33
icrack,0,1,1
icracked,1,0,1
icre,1,0,1
icream,0,6,6
icreate,1,0,1
icreep,0,1,1
ics,4,7,11
icsc,0,1,1
icse,0,1,1
icsid,1,0,1
icsr,0,1,1
icstay,0,1,1
ict,94,64,158
icte,0,1,1
ictev,2,4,6
icthus,1,0,1
icthy,1,0,1
ictoria,0,1,1
ictsi,0,1,1
ictt,1,1,2
icture,0,1,1
icu,42,9,51
icuceee,1,0,1
icuk,0,1,1
iculd,1,0,1
icurve,2,0,2
icuthar,1,1,2
icv,0,1,1
icw,0,1,1
icx,1,0,1
icy,23,20,43
icycle,0,1,1
icyhot,2,2,4
icying,0,1,1
icym,0,1,1
icytower,0,1,1
icyunvme,1,0,1
id,731,652,1383
ida,11,15,26
idaft,0,1,1
idag,0,2,2
idaguy,1,0,1
idaho,28,25,53
idaiy,0,1,1
idalia,0,1,1
idan,1,0,1
idance,0,2,2
idann,0,1,1
idapida,0,1,1
idar,1,0,1
idate,2,2,4
idavat,1,0,1
iday,4,2,6
idays,0,1,1
idayu,1,0,1
idberry,0,1,1
idby,0,1,1
idc,35,47,82
idd,4,6,10
iddk,0,1,1
iddo,0,1,1
iddy,1,2,3
ide,25,31,56
idea,2676,2947,5623
ideaa,2,4,6
ideaaa,3,1,4
ideaaaa,2,1,3
ideaaaaa,1,1,2
ideaaaaaaa,2,0,2
ideaaaaaaaaa,0,1,1
ideabounty,0,1,1
ideabut,1,0,1
ideacamper,0,1,1
ideacity,1,0,1
idead,2,0,2
ideal,59,73,132
idealess,1,0,1
idealism,1,3,4
idealist,4,0,4
idealists,0,1,1
ideally,4,17,21
idealpeople,0,1,1
ideals,4,2,6
ideam,1,0,1
ideapad,2,2,4
ideapads,1,0,1
ideaparty,0,1,1
idear,3,4,7
idears,1,1,2
ideas,612,750,1362
ideass,0,2,2
ideation,0,1,1
ideato,0,1,1
ideatorrent,0,1,1
ideaz,1,1,2
idec,1,0,1
ided,1,0,1
idee,1,8,9
ideea,1,3,4
ideeli,0,3,3
ideez,0,1,1
ideff,0,1,1
ideia,2,2,4
ideias,1,0,1
ideing,0,1,1
ideju,0,1,1
idek,13,2,15
idekkkk,0,1,1
idem,2,5,7
ideneb,0,4,4
identi,9,5,14
identica,11,5,16
identical,21,16,37
identifiable,0,1,1
identification,0,7,7
identified,18,11,29
identifies,2,1,3
identifox,1,1,2
identify,10,28,38
identifying,1,4,5
identit,0,1,1
identities,2,8,10
identity,46,42,88
idents,1,2,3
ideo,1,0,1
ideologies,1,0,1
ideology,0,1,1
ideot,1,1,2
ider,0,1,1
ideras,1,0,1
ideratherbedoignsomethingelse,1,0,1
ideride,0,1,1
ides,2,1,3
ideserveaholiday,1,0,1
idesk,0,1,1
idestroy,0,1,1
idet,0,1,1
idev,1,1,2
ideven,0,1,1
idevices,1,0,1
idexx,1,0,1
idf,6,15,21
idfc,1,1,2
idfk,2,3,5
idfollow,0,1,1
idg,0,2,2
idgaf,5,15,20
idgames,0,1,1
idgi,11,1,12
idgjsafg,1,0,1
idgts,0,1,1
idh,0,1,1
idhar,2,1,3
idhu,1,0,1
idi,1,0,1
idialer,0,1,1
idian,0,1,1
idiana,1,0,1
idid,1,1,2
ididn,5,0,5
ididnt,5,0,5
idie,1,0,1
idied,1,0,1
idifl,1,0,1
idiggs,1,0,1
idigital,1,1,2
idignity,1,0,1
idil,0,1,1
idina,4,5,9
iding,1,0,1
idiocracy,0,5,5
idiocy,10,7,17
idiom,0,3,3
idioma,0,1,1
idioms,0,2,2
idiosincracies,1,0,1
idiosync,1,0,1
idiosyncrasies,1,1,2
idiosyncrasy,0,1,1
idiosyncratic,2,0,2
idiot,371,240,611
idiota,1,1,2
idiotacy,1,0,1
idiotat,0,26,26
idiote,1,0,1
idioteque,0,1,1
idiotic,13,6,19
idiotically,1,1,2
idiotictwitterapps,1,0,1
idiots,110,74,184
idiotsss,1,0,1
idiott,2,1,3
idiottt,1,0,1
idiottttttttt,0,1,1
idis,0,1,1
idisagree,1,0,1
idisk,3,1,4
iditarod,1,1,2
idjit,0,1,1
idjits,2,0,2
idk,1827,726,2553
idkay,1,0,1
idkaybictd,1,0,1
idkh,0,1,1
idkidk,0,1,1
idkidkdidk,0,1,1
idkill,1,0,1
idkk,20,8,28
idkkk,5,4,9
idkkkk,4,3,7
idkkkkkk,1,0,1
idkkkkkkk,1,0,1
idks,0,1,1
idkt,0,1,1
idkthose,1,0,1
idkw,1,0,1
idkwhocaresmyinsomniaisback,1,0,1
idkwtf,1,0,1
idky,2,2,4
idkyet,0,1,1
idl,2,0,2
idle,27,20,47
idlethumbs,0,1,1
idlewild,2,5,7
idli,1,4,5
idlies,2,0,2
idlikeadrinkplease,0,1,1
idling,3,2,5
idlis,1,1,2
idlove,0,1,1
idly,1,4,5
idm,3,1,4
idmfinal,1,0,1
idn,3,2,5
idnhu,0,1,1
idno,2,0,2
idns,1,0,1
idnt,5,2,7
idntknoww,0,1,1
idnw,1,0,1
ido,13,2,15
idoit,1,1,2
idol,290,483,773
idola,1,0,1
idolater,0,1,1
idolatry,3,4,7
idolforums,2,0,2
idoli,1,0,1
idolise,0,1,1
idolised,1,0,1
idolize,0,3,3
idoll,0,1,1
idolll,0,1,1
idolo,1,0,1
idols,37,36,73
idolscott,0,1,1
idon,6,1,7
idong,1,0,1
idono,0,1,1
idont,18,1,19
idontevenkno,1,0,1
idontfeelwell,1,0,1
idontgetsusanboyle,0,1,1
idontgiveafuck,1,1,2
idontgiveahell,1,0,1
idonthateacop,0,1,1
idontknow,2,0,2
idontlikewhen,0,1,1
idontunderstand,1,0,1
idontwannagotowoooooork,1,0,1
idontwannaidontwannaidontwanna,1,0,1
idontwanttogotoschool,1,0,1
idontwantyoutofancymeonpurpose,0,1,1
idope,0,1,1
idoru,1,0,1
idos,0,2,2
idot,0,1,1
idotutorials,1,0,1
idou,0,1,1
idoya,0,1,1
idp,3,1,4
idprelief,1,0,1
idq,1,0,1
idr,6,3,9
idra,1,1,2
idraki,0,1,1
idreamed,0,1,1
idreamofu,1,0,1
idreamsbu,0,1,1
idris,5,3,8
idriss,0,1,1
idrivelite,1,0,1
idrivinglicense,1,0,1
idrk,2,0,2
ids,15,7,22
idsbdis,1,0,1
idslexia,1,0,1
idsrjhgkdsrlh,1,0,1
idt,10,4,14
idtf,0,1,1
idthink,0,1,1
idts,2,0,2
idu,2,1,3
iduga,0,1,1
idukki,1,0,1
idump,0,1,1
idun,3,0,3
idungku,1,0,1
idunno,9,2,11
iduno,3,1,4
idunoo,1,0,1
idup,2,0,2
idusit,0,1,1
idvd,3,0,3
idw,4,1,5
idwal,0,1,1
idwant,1,0,1
idwtr,0,1,1
idx,0,1,1
idy,1,0,1
idya,1,0,1
idylic,1,0,1
idylli,0,1,1
idyllic,4,10,14
idyllwild,1,0,1
idz,0,1,1
idzr,2,1,3
ie,393,189,582
iea,1,0,1
iean,0,1,1
ieatishootipost,1,0,1
ieatpoop,1,0,1
ieatxe,0,1,1
iec,0,1,1
ied,3,0,3
iedos,1,0,1
ieds,1,0,1
iedvesmas,0,1,1
ieee,1,2,3
ieeeeeee,0,1,1
ieeeeeeeeeeeeeeee,0,1,1
ieet,0,1,1
ieft,2,0,2
iegar,1,0,1
ieh,1,0,1
ieie,0,1,1
ieiii,0,1,1
iek,1,0,1
ieks,1,0,1
iel,0,2,2
ielts,3,2,5
iem,0,5,5
iemoticons,1,1,2
iems,2,1,3
ien,0,2,2
iend,1,0,1
ienjoyed,3,2,5
ient,0,1,1
ientilucci,1,0,1
iep,0,3,3
ieps,1,0,1
ieri,0,4,4
iero,4,5,9
iers,0,1,1
ies,7,5,12
iesi,1,0,1
iesit,2,0,2
iesniegums,0,1,1
iesp,0,2,2
iesr,0,1,1
iess,1,0,1
iest,0,2,2
iet,0,2,2
ietab,0,1,1
iete,1,0,1
ietester,2,0,2
iether,1,0,1
iev,1,0,1
ieva,1,0,1
ieven,1,0,1
iever,1,0,1
ieves,0,1,1
iexplorer,0,2,2
ieyecaptain,0,1,1
ieyeone,1,0,1
if,19043,24902,43945
ifah,1,0,1
ifail,5,1,6
ifailatpickups,0,1,1
ifall,1,0,1
ifanboy,1,0,1
ifart,0,3,3
ifast,1,0,1
ifastviewer,0,1,1
ifbc,0,1,1
ifbqmwff,0,1,1
ifc,5,3,8
ifd,0,2,2
ife,2,2,4
ifected,1,0,1
ifeel,8,3,11
ifeellikealoser,1,0,1
ifell,1,0,1
ifeoma,0,1,1
ifever,1,0,1
iff,2,5,7
iffa,1,0,1
iffany,0,1,1
iffen,0,1,1
iffy,33,10,43
iffyness,1,0,1
ifg,1,0,1
ifgf,0,2,2
ifhml,2,0,2
ifi,4,1,5
ification,0,1,1
ificouldmeetanyoneitwouldbe,0,2,2
ified,1,2,3
ifig,0,1,1
ifighter,1,0,1
ifigure,0,1,1
ifiknowwhatsgoodforme,0,1,1
ifilter,1,0,1
ifinally,0,1,1
ifindyou,0,1,1
ifineedhelp,0,1,1
ifirday,0,1,1
ifire,1,0,1
ifit,2,0,2
ifitness,1,0,1
ifits,1,0,1
ifl,1,1,2
iflh,0,1,1
iflml,0,1,1
iflookscouldkillms,2,0,2
iflowers,0,1,1
iflu,2,0,2
ifly,5,3,8
iflyy,0,1,1
ifm,3,1,4
ifmx,1,0,1
ifn,0,2,2
ifni,2,0,2
ifollow,0,1,1
ifon,1,0,1
ifone,4,2,6
ifones,1,0,1
iforgot,2,0,2
iformally,0,1,1
iforum,5,3,8
ifound,0,1,1
ifoundthis,1,0,1
ifox,0,1,1
ifpetscouldtype,0,1,1
iframe,6,2,8
iframes,2,1,3
iframeshim,1,0,1
ifratelli,0,2,2
ifreakingmissyou,2,0,2
ifringe,0,1,1
ifrogz,3,3,6
ifs,7,6,13
ifsc,0,1,1
ifshe,1,0,1
ifso,0,1,1
ift,1,1,2
ifthenelse,1,0,1
ifu,0,1,1
ifuck,1,0,1
ifuckinghatepatsies,1,0,1
ifufromnola,2,1,3
ifugao,1,0,1
ifuked,1,0,1
iful,1,0,1
ifwe,0,1,1
ify,4,1,5
ifyaa,1,0,1
ifykwim,1,0,1
ifyou,1,1,2
ig,7,7,14
iga,7,5,12
igal,0,1,1
igas,1,0,1
igate,0,2,2
igbaras,1,0,1
igby,2,0,2
igcse,7,1,8
igda,1,0,1
ige,0,2,2
igelu,1,0,1
igem,1,0,1
igen,5,1,6
igenagamu,0,1,1
igeocache,0,1,1
iget,3,9,12
igetlost,1,0,1
igf,0,1,1
igg,1,0,1
igga,0,1,1
igged,1,0,1
igggnant,0,1,1
iggin,2,0,2
iggle,0,1,1
igglepiggle,0,1,1
igglybiggly,0,1,1
iggy,5,9,14
igh,1,4,5
ighht,1,0,1
ight,18,21,39
igi,0,2,2
igirlypimp,0,1,1
igive,1,3,4
igix,0,1,1
igj,1,0,1
igk,0,1,1
iglasses,0,1,1
iglesia,1,2,3
iglesias,7,6,13
iglesiasss,1,0,1
iglfa,1,0,1
iglobalradio,0,1,1
iglobyoudoggy,0,1,1
igloo,8,15,23
igloos,0,2,2
iglu,1,3,4
ign,24,11,35
igna,0,2,2
ignace,0,1,1
ignacio,2,2,4
ignacius,1,0,1
ignant,1,2,3
ignatius,2,3,5
igneous,0,1,1
igneranous,0,1,1
ignint,1,0,1
ignire,0,1,1
ignis,1,3,4
ignite,6,12,18
igniteboise,1,1,2
ignitecardiff,1,2,3
ignited,2,1,3
ignitedenver,0,1,1
ignitelaw,0,1,1
ignitenyc,0,2,2
ignitephoenix,1,0,1
ignitephx,10,2,12
igniter,3,0,3
ignitesydney,2,2,4
igniting,0,1,1
ignition,6,8,14
ignitions,0,1,1
ignitners,1,0,1
ignment,2,0,2
ignnored,1,0,1
igno,1,0,1
ignominious,1,0,1
ignor,0,2,2
ignoramous,0,1,1
ignoramuses,0,1,1
ignorance,41,47,88
ignorant,44,41,85
ignorants,1,1,2
ignore,265,273,538
ignorecase,1,0,1
ignored,215,43,258
ignoreing,1,0,1
ignorent,2,1,3
ignorer,1,0,1
ignores,29,3,32
ignoret,0,1,1
ignorification,1,0,1
ignorin,10,5,15
ignoring,292,83,375
ignorming,1,0,1
ignre,0,2,2
igny,1,0,1
igo,5,10,15
igod,1,0,1
igoing,1,0,1
igonna,1,0,1
igoogle,16,7,23
igootta,0,1,1
igor,6,10,16
igorandandre,0,1,1
igoring,1,0,1
igot,2,10,12
igotchu,1,0,1
igotmunchies,1,0,1
igotmyswagback,0,1,1
igotta,3,0,3
igp,1,0,1
igradu,0,1,1
igraph,1,0,1
igre,1,0,1
igreja,0,1,1
igrenade,0,1,1
igruska,0,1,1
igt,1,2,3
igtcloud,1,0,1
igtos,1,0,1
igual,3,3,6
iguana,9,6,15
iguanas,2,2,4
igudesman,0,1,1
iguess,6,4,10
igvc,1,0,1
igzy,0,1,1
ih,18,8,26
iha,1,0,1
ihad,12,4,16
ihadadream,1,0,1
ihadith,0,1,1
ihadsexwithhim,0,1,1
ihafta,1,0,1
ihalo,1,0,1
ihammock,1,0,1
ihana,0,1,1
ihangup,1,0,1
ihappygeek,0,1,1
ihas,1,0,1
ihate,23,7,30
ihateactingprojectsandenglish,0,1,1
ihatealgebra,1,0,1
ihateblackberry,0,1,1
ihatechoo,0,1,1
ihatechu,1,0,1
ihatecolds,1,0,1
ihatecrocs,0,1,1
ihatedentists,1,0,1
ihatee,1,0,1
ihateit,1,0,1
ihateitwhen,2,0,2
ihateleaks,1,0,1
ihatemath,2,0,2
ihatemeetings,0,1,1
ihatemyjob,1,0,1
ihatemyself,1,0,1
ihatepublic,0,1,1
ihaterotoscoping,1,0,1
ihateschool,1,0,1
ihatethemegabus,1,0,1
ihatethis,1,0,1
ihatethisplacesomuch,0,1,1
ihatethunderstorms,1,0,1
ihatewhen,1,0,1
ihateyou,2,0,2
ihateyourillegalpig,0,1,1
ihav,1,0,1
ihave,33,9,42
ihaveaproblemwith,1,0,1
ihaveatwittercrushon,0,1,1
ihaveherpes,1,0,1
ihaven,1,0,1
ihavenolife,1,0,1
ihavenopostscript,0,1,1
ihavent,4,0,4
ihazaheadache,1,0,1
ihazfoodinmytummy,0,1,1
ihc,0,1,1
ihcfl,1,0,1
ihd,0,1,1
ihdz,1,0,1
ihe,1,1,2
iheard,1,0,1
iheart,1,1,2
iheartboobies,0,2,2
iheartcinema,1,0,1
iheartdropdead,0,1,1
ihearteggrollzz,1,0,1
iheartgaming,1,0,1
iheartkld,0,1,1
iheartmiles,0,1,1
iheartnttamerica,0,1,1
iheartperez,0,1,1
iheartradio,6,2,8
iheartrate,0,1,1
iheartraxiel,0,1,1
iheartsalad,0,1,1
iheartsl,1,0,1
iheartslitmywristsmusic,0,1,1
iheartsyouharderlikewhoa,1,0,1
iheartsyoulikewhoa,1,1,2
iheartsyousohardicouldcry,0,1,1
iheartsyousohardtwitterbff,1,0,1
ihearttvshows,1,0,1
iheartyou,0,1,1
ihecka,0,1,1
iherb,1,0,1
ihfm,0,1,1
ihh,1,1,2
ihhh,2,0,2
ihhhh,0,1,1
ihi,0,1,1
ihih,0,1,1
ihihih,0,1,1
ihihihi,0,1,1
ihik,1,0,1
ihiy,1,0,1
ihk,1,1,2
ihl,0,1,1
ihloff,0,1,1
ihm,0,2,2
ihmfl,1,0,1
ihml,2,0,2
ihn,2,0,2
ihnen,0,1,1
ihoegiab,0,1,1
iholdhisheart,0,1,1
ihollee,1,0,1
ihome,4,9,13
ihoop,0,1,1
ihop,99,131,230
ihope,8,6,14
ihopenotchkmyblg,1,0,1
ihoppp,1,0,1
ihopppppp,1,0,1
ihops,2,2,4
ihor,1,0,1
ihpoe,0,1,1
ihq,0,1,1
ihr,2,1,3
ihs,5,2,7
ihsaehihaeiuhe,1,0,1
iht,8,5,13
ihts,3,2,5
ihu,1,1,2
ihub,0,1,1
ihug,1,1,2
ihulll,1,0,1
ihurtin,1,0,1
ihuukdzz,1,0,1
ihy,6,0,6
ii,366,310,676
iia,0,1,1
iiabblog,1,0,1
iian,0,1,1
iiansyang,0,1,1
iid,1,1,2
iidea,0,1,1
iidk,1,0,1
iidx,2,0,2
iie,1,1,2
iif,2,4,6
iifa,1,0,1
iiff,1,0,1
iigghhtt,1,0,1
iiggt,1,0,1
iight,23,36,59
iih,1,0,1
iihad,0,1,1
iihfhockey,1,0,1
iihjjj,1,0,1
iii,51,61,112
iiiccee,0,1,1
iiief,0,1,1
iiieuw,1,0,1
iiiggght,0,1,1
iiight,0,2,2
iiihhhhh,0,1,1
iiii,11,9,20
iiiiaan,0,1,1
iiiidk,1,0,1
iiiight,0,3,3
iiiii,4,7,11
iiiiicccee,0,1,1
iiiiidol,0,1,1
iiiiii,4,5,9
iiiiiidddeeeeeea,1,0,1
iiiiiidonttttttttkno,1,0,1
iiiiiihop,0,1,1
iiiiiii,1,4,5
iiiiiiif,0,1,1
iiiiiiii,3,0,3
iiiiiiiii,0,2,2
iiiiiiiiiii,1,2,3
iiiiiiiiiiii,2,0,2
iiiiiiiiiiiiiiiiiit,1,0,1
iiiiiiiiiiiiiiiir,1,0,1
iiiiiiiiiiiiimmmmmmmmm,0,1,1
iiiiiiiiiiiiit,1,0,1
iiiiiiiiiiittttt,1,0,1
iiiiiiiit,0,1,1
iiiiiiillllllyyyyy,0,1,1
iiiiiiit,0,1,1
iiiiiiittttttt,0,1,1
iiiiiinnnn,1,0,1
iiiiiir,1,0,1
iiiiiit,0,2,2
iiiiiittt,0,1,1
iiiiin,1,0,1
iiiiinn,0,1,1
iiiiis,0,1,1
iiiiit,2,0,2
iiiiittt,1,0,1
iiiiittttt,0,1,1
iiiilll,1,0,1
iiiillllyyy,0,1,1
iiiim,2,1,3
iiiinnn,0,2,2
iiiinteresting,0,1,1
iiiis,1,1,2
iiiisland,1,0,1
iiiit,2,3,5
iiiitt,0,1,1
iiill,1,0,1
iiiloveee,0,1,1
iiim,0,1,1
iiinn,0,1,1
iiinsane,1,0,1
iiinteresting,0,1,1
iiironyyyyy,1,0,1
iiis,0,1,1
iiish,2,0,2
iiislaand,0,1,1
iiiss,0,1,1
iiisss,0,1,1
iiisssss,0,1,1
iiit,4,5,9
iiith,1,0,1
iiits,1,1,2
iiitsss,0,1,1
iiittt,0,1,1
iiitttt,1,0,1
iiiuu,0,1,1
iiiuuu,0,1,1
iikagen,0,1,1
iike,2,3,5
iikrr,0,1,1
iil,0,1,1
iila,0,1,1
iill,1,2,3
iillllllllll,1,0,1
iillllllllllllll,1,0,1
iilove,0,1,1
iiloveee,0,1,1
iilu,2,0,2
iilua,1,0,1
iiluv,0,1,1
iily,0,1,1
iilyy,1,0,1
iim,29,15,44
iima,1,2,3
iimb,1,0,1
iimc,0,2,2
iime,0,1,1
iimm,1,0,1
iimmm,1,0,1
iims,1,0,1
iimy,0,1,1
iin,13,11,24
iincluded,1,0,1
iinet,4,3,7
iing,1,0,1
iinsomnia,1,0,1
iinsulto,0,1,1
iinternship,1,0,1
iinterviewhin,1,0,1
iinto,1,1,2
iintroduced,0,1,1
iioii,1,0,1
iioo,0,1,1
iiparis,0,1,1
iiphone,1,0,1
iiqht,0,1,1
iiquess,1,0,1
iirc,6,10,16
iis,32,18,50
iisapp,1,0,1
iish,1,2,3
iishh,0,1,1
iishhh,0,1,1
iiss,1,1,2
iisss,0,1,1
iissshhh,1,0,1
iit,31,24,55
iitians,1,0,1
iits,6,11,17
iitsc,2,0,2
iittala,0,1,1
iittt,0,1,1
iitttt,0,1,1
iitz,1,1,2
iiugh,1,0,1
iiun,1,0,1
iivaf,0,1,1
iiyaaaaaaaaaaa,0,1,1
iiz,4,0,4
ij,3,10,13
ijaaaaooo,0,1,1
ijbd,0,1,1
ijburg,1,1,2
ijdoijodj,1,0,1
ijerk,0,1,1
ijfoaijw,1,0,1
ijgoaejgao,1,0,1
iji,1,1,2
ijimlad,0,1,1
ijin,1,1,2
ijl,0,1,1
ijm,0,1,1
ijmmmm,1,0,1
ijmtv,0,1,1
ijo,1,0,1
ijoy,0,1,1
ijplein,0,1,1
ijs,0,2,2
ijsned,0,1,1
ijssel,0,1,1
ijump,0,1,1
ijuss,1,0,1
ijust,9,4,13
ijustcame,0,1,1
ijustdomytran,0,1,1
ijustdon,0,1,1
ijustine,0,3,3
ijustlovethissong,1,0,1
ijusttrieditwithgore,0,1,1
ijustwannadie,1,0,1
ijuswannasleep,1,0,1
ik,72,46,118
ika,1,4,5
ikaikas,1,0,1
ikama,0,1,1
ikan,2,2,4
ikanji,2,0,2
ikari,0,1,1
ikariam,2,3,5
ikasper,1,0,1
ikasperr,1,0,1
ikat,0,1,1
ikaw,2,9,11
ikawlt,0,1,1
ikay,0,1,1
ikcyyy,0,1,1
ikd,1,0,1
ike,27,19,46
ikea,144,196,340
ikeaaaaaaaa,0,1,1
ikearabbit,0,1,1
ikebukuro,0,1,1
ikeeeaaaa,0,1,1
ikeep,2,1,3
ikeepforgetsallyouguyshavelilmunchkins,0,1,1
ikeeyy,1,0,1
ikelay,0,1,1
ikemen,0,1,1
ikendoitall,0,1,1
iker,8,0,8
ikes,5,3,8
ikestock,1,0,1
ikey,1,1,2
ikh,0,1,1
iki,1,8,9
ikiisha,0,1,1
ikikikki,0,1,1
ikincisi,0,1,1
ikinda,1,1,2
iking,1,0,1
ikiss,0,1,1
ikissed,1,0,1
ikit,0,1,1
ikk,1,1,2
ikki,1,2,3
ikkis,0,1,1
ikkle,1,1,2
ikkoku,0,1,1
ikkyy,1,0,1
ikl,1,0,1
iklan,3,2,5
ikle,0,1,1
ikm,1,0,1
iknew,0,1,1
iknights,1,0,1
ikno,5,3,8
iknoe,1,0,1
iknoee,1,0,1
iknoo,0,1,1
iknooo,1,0,1
iknow,14,13,27
iknowiknow,1,0,1
iknowledge,1,0,1
iknowright,2,0,2
iknowrite,1,0,1
iknowtweet,0,1,1
iknowww,1,1,2
iknw,1,1,2
iknww,1,0,1
iko,1,0,1
ikog,1,0,1
ikon,0,2,2
ikonika,0,1,1
ikot,0,1,1
ikr,104,50,154
ikrmz,1,0,1
ikt,0,1,1
iktpq,1,0,1
ikues,0,1,1
ikus,0,1,1
ikut,15,5,20
ikuta,0,2,2
ikutan,0,2,2
ikuto,1,0,1
ikutt,0,1,1
ikuuuut,1,0,1
ikuuuuut,0,1,1
ikv,0,1,1
ikwym,1,0,1
iky,1,0,1
il,237,253,490
ila,3,3,6
ilaa,9,0,9
ilaaa,0,1,1
ilab,0,1,1
ilackcontrol,1,0,1
iladalen,0,1,1
ilaff,1,0,1
ilahi,1,0,1
ilak,0,1,1
ilamywanya,1,0,1
ilan,4,5,9
ilana,0,1,1
ilanaaaa,0,1,1
ilang,3,4,7
ilanggg,1,0,1
ilaria,0,1,1
ilavayouuu,0,1,1
ilb,0,1,1
ilc,0,1,1
ilched,1,0,1
ilching,0,1,1
ild,4,3,7
ildbj,0,1,1
ile,2,9,11
ilea,0,1,1
ilead,1,0,1
ileagly,0,1,1
ileana,0,2,2
ileap,0,1,1
ilearn,1,1,2
ilec,3,0,3
iled,0,1,1
ileft,1,1,2
ilegal,1,1,2
ileia,1,0,1
ileib,1,0,1
ilene,4,1,5
ileti,0,1,1
ilets,1,0,1
ilford,3,1,4
ilforno,1,0,1
ilfracombe,0,1,1
ilg,1,0,1
ilgi,1,0,1
ilgin,0,1,1
ilgisa,0,1,1
ilh,2,4,6
ilham,0,1,1
ilhan,1,1,2
ilher,0,2,2
ilhim,1,2,3
ilhm,1,0,1
ilhsfm,1,0,1
ilhsm,0,1,1
ili,3,3,6
iliad,2,0,2
iliana,2,2,4
iliang,0,1,1
ilick,0,1,1
ilife,6,9,15
iliff,1,0,1
iligan,0,1,1
iliiiiii,0,1,1
ilija,0,1,1
ilike,6,20,26
ilikeboobs,1,0,1
iliked,0,1,1
ilikeeee,0,1,1
ilikefranchiseking,0,1,1
ilikeit,0,1,1
ilikeitrough,0,1,1
ilikemycutie,0,1,1
iliketodoyourwork,0,1,1
ilikeucoz,0,1,1
ilink,0,1,1
iliotibial,1,0,1
ilist,1,0,1
ilisten,0,1,1
iliterate,2,0,2
ilive,1,0,1
ilived,2,0,2
iliveinomaha,0,1,1
iljimae,1,1,2
ilk,2,3,5
ilka,1,1,2
ilke,0,2,2
ilkeston,2,0,2
ilkley,0,1,1
ilks,1,0,1
ill,4002,2705,6707
illa,0,4,4
illadelph,2,0,2
illage,0,1,1
illah,1,0,1
illahi,1,0,1
illalways,1,0,1
illamasqua,1,1,2
illan,1,0,1
illana,1,0,1
illawarra,1,0,1
illazilla,1,0,1
illbe,1,0,1
illbeyourprisoner,0,1,1
illdo,0,1,1
illeana,0,1,1
illedgible,1,0,1
illegal,109,75,184
illegalannotationexception,1,0,1
illegally,15,16,31
illegals,0,3,3
illegaly,2,1,3
illegalz,0,1,1
illegic,1,0,1
illegit,1,0,1
illegitimacy,1,0,1
illegitimate,0,1,1
iller,1,1,2
illess,1,0,1
illest,9,5,14
illetrate,0,1,1
illgo,1,0,1
illi,1,1,2
illicit,1,2,3
illicitness,1,0,1
illie,0,2,2
illieface,1,0,1
illiegal,0,1,1
illigal,1,2,3
illimit,1,0,1
illin,3,2,5
illingworth,0,1,1
illinoios,1,0,1
illinois,58,35,93
illinoise,2,0,2
illion,0,1,1
illionare,0,1,1
illions,2,0,2
illist,1,0,1
illiteracy,0,1,1
illiterally,1,0,1
illiterate,12,7,19
illiterated,1,0,1
illiterates,0,2,2
illiteration,0,1,1
illl,12,5,17
illlieee,0,1,1
illll,4,0,4
illlll,2,0,2
illllll,1,0,1
illlllll,0,1,1
illllllllll,1,0,1
illlnesssssssss,0,1,1
illlyyy,0,1,1
illmeezy,0,1,1
illn,0,1,1
illness,131,30,161
illnesses,12,4,16
illnessfail,1,0,1
illo,0,1,1
illocutionary,1,0,1
illogical,2,1,3
illokution,1,0,1
illos,1,0,1
illoveeeyouastonio,1,0,1
illoveyou,0,1,1
illovo,1,0,1
illowe,0,1,1
ills,6,3,9
illsuions,1,0,1
illtolerant,1,0,1
illtown,1,0,1
illudium,1,0,1
illuminate,0,7,7
illuminated,1,4,5
illuminates,1,1,2
illuminati,3,7,10
illumination,1,4,5
illuminations,0,1,1
illuminous,1,0,1
illuminti,0,1,1
illus,2,0,2
illusen,1,1,2
illusin,0,1,1
illusion,13,65,78
illusionary,0,1,1
illusionist,2,1,3
illusions,5,4,9
illusive,1,1,2
illusory,0,1,1
illust,0,1,1
illustraion,1,0,1
illustrate,0,8,8
illustrated,6,6,12
illustrates,0,1,1
illustrating,1,9,10
illustration,10,23,33
illustrations,6,17,23
illustrative,1,0,1
illustrator,33,33,66
illustrators,1,0,1
illustrious,1,4,5
illustrtr,0,1,1
illuuuuuuusion,0,1,1
illy,3,7,10
illyill,1,0,1
illynoise,0,1,1
illyria,0,1,1
ilm,4,4,8
ilma,1,1,2
ilmartha,1,0,1
ilmbb,0,1,1
ilmenau,0,1,1
ilmfsfmiu,1,1,2
ilmiley,0,1,1
ilmmthek,0,1,1
ilmsummit,0,1,1
ilness,0,1,1
ilnur,0,1,1
ilnus,0,1,1
ilo,0,1,1
iloathetilatequila,1,0,1
iloc,1,0,1
ilocano,0,2,2
ilocos,1,2,3
iloilo,2,2,4
ilol,1,1,2
ilona,0,2,2
ilonaaaa,0,1,1
ilonely,1,0,1
ilong,0,1,1
ilongga,1,0,1
ilonggo,0,2,2
ilook,2,1,3
ilooked,1,0,1
ilookforwardtotheperformance,0,1,1
ilooooovemynewbackground,0,1,1
iloooove,0,1,1
iloooovehim,0,1,1
iloooveeleeminho,1,0,1
iloooves,0,1,1
iloooveyooubabe,1,0,1
iloove,0,1,1
ilooveeyouuu,0,1,1
ilooveyoujerome,0,1,1
iloseweight,2,0,2
ilost,2,1,3
ilostmyfreakingiphone,1,0,1
ilostthegame,1,0,1
ilounge,2,0,2
ilov,0,1,1
ilova,0,1,1
ilove,14,71,85
iloveallaccess,0,1,1
ilovebasketcase,0,1,1
iloveblackwomen,0,1,1
ilovebryan,0,1,1
ilovecamping,0,1,1
ilovechrisbrown,0,1,1
ilovecooking,0,1,1
ilovecourtney,0,1,1
ilovecraigeryowens,0,1,1
iloved,0,1,1
ilovedit,1,1,2
ilovedylan,1,0,1
ilovee,0,2,2
iloveee,1,0,1
iloveeeyou,0,1,1
iloveeherr,0,1,1
iloveem,0,1,1
iloveemisister,1,0,1
iloveethe,1,0,1
iloveeuwitthallmyheartsoffivanessarollahudgensdefronjonas,1,0,1
iloveeyouuuuhhh,0,1,1
iloveeyutoo,1,0,1
ilovegames,0,1,1
ilovegenehunt,0,1,1
ilovegod,0,1,1
ilovegoogle,0,8,8
iloveharry,0,1,1
iloveher,0,5,5
ilovehertobits,0,1,1
ilovehim,1,5,6
ilovehm,1,0,1
iloveicecream,0,1,1
iloveim,1,0,1
iloveiranbutscrewyouadmindashldasjahedaed,1,0,1
iloveit,1,5,6
iloveitwhen,0,1,1
ilovejacob,1,0,1
ilovejb,0,4,4
ilovejoseph,0,1,1
ilovejuice,0,1,1
ilovekellyclarkson,0,1,1
ilovela,0,1,1
iloveloveloveloveyouuu,0,1,1
iloveloveloveyou,0,1,1
ilovemarley,1,0,1
ilovematt,1,1,2
ilovemcfly,1,0,1
ilovemonkeys,0,1,1
ilovemovies,1,2,3
ilovemrtweet,1,0,1
ilovemybaby,0,1,1
ilovemybff,1,0,1
ilovemyfamily,0,1,1
ilovemyjob,0,2,2
ilovemylife,0,1,1
ilovemymom,0,1,1
ilovemymommy,0,1,1
ilovemynewpuppy,0,1,1
ilovemypool,0,1,1
ilovemysistah,0,3,3
iloveonewordsentences,0,1,1
ilovepixar,1,0,1
ilovesa,0,1,1
iloveseattle,0,1,1
iloveshawniedur,0,1,1
ilovesomuch,1,0,1
ilovestef,0,1,1
ilovesundaay,0,1,1
ilovetaylor,0,1,1
ilovethatlilbrat,0,1,1
ilovethem,1,0,1
ilovethemmm,0,1,1
ilovethemsomuch,0,1,1
ilovethis,0,1,1
ilovethismovie,1,0,1
ilovethisshow,1,0,1
ilovetoronto,1,0,1
iloveu,3,4,7
iloveucoltonletyler,1,0,1
iloveuidol,1,0,1
iloveuiloveu,1,0,1
iloveumore,1,0,1
iloveumysmiley,1,0,1
iloveuoff,0,1,1
iloveusomuch,1,0,1
iloveusooomuch,0,1,1
iloveuu,1,0,1
iloveuudemii,1,0,1
ilovevenice,0,1,1
ilovewilliambradly,0,1,1
iloveya,0,1,1
iloveyew,1,2,3
iloveyooh,0,1,1
iloveyopu,0,1,1
iloveyou,29,117,146
iloveyouall,1,1,2
iloveyoubabe,0,1,1
iloveyoubabi,0,1,1
iloveyoubestfriends,1,0,1
iloveyoudemi,1,0,1
iloveyouguys,0,1,1
iloveyouguysss,0,2,2
iloveyoujesseeeeeeeeeeeeeeeeeeeeeeeeeeeeeeeeeeeeeeeeeeeee,0,1,1
iloveyoujoshuaaa,1,0,1
iloveyoulotsh,1,0,1
iloveyoumore,0,1,1
iloveyoumoreeee,0,1,1
iloveyoumorehthanyouthinkyoulovemecauseinrealityyoudontlovemeatall,0,1,1
iloveyoumorethanblank,0,2,2
iloveyourname,0,1,1
iloveyous,1,0,1
iloveyousabrina,0,1,1
iloveyousarah,1,0,1
iloveyousincethe,1,0,1
iloveyousincewewereinthe,1,0,1
iloveyousomuch,0,3,3
iloveyousomuchdevon,0,1,1
iloveyoutimmy,0,1,1
iloveyoutodiie,0,1,1
iloveyoutoo,1,2,3
iloveyoutoooooo,1,0,1
iloveyoutwoooo,0,1,1
iloveyouu,6,4,10
iloveyouuu,0,3,3
iloveyouuuguys,0,1,1
iloveyouuupunk,0,1,1
iloveyouuuu,0,1,1
iloveyumatt,0,1,1
iloveyuophillywillly,1,0,1
iloveyuouus,0,1,1
iloving,0,1,1
ilp,3,0,3
ilpc,1,0,1
ilpetey,0,1,1
ilptaf,1,0,1
ilready,0,1,1
ilrene,0,1,1
ils,2,2,4
ilsa,1,1,2
ilse,4,5,9
ilson,0,1,1
ilt,1,1,2
ilta,0,3,3
iltaa,0,1,1
ilteja,1,0,1
iltk,0,1,1
iltm,0,1,1
iltsm,0,1,1
ilu,43,39,82
iluc,0,1,1
iludaddy,1,0,1
ilufffit,0,1,1
iluke,1,0,1
ilulongtime,0,1,1
ilum,0,1,1
iluma,2,3,5
ilusdfm,1,0,1
ilusfdm,1,0,1
ilusfdmmm,0,3,3
ilusfdmmmm,0,1,1
ilusion,4,1,5
ilusiones,1,0,1
ilusm,5,2,7
iluu,2,9,11
iluusfdmm,0,2,2
iluusm,0,1,1
iluuu,0,2,2
iluuusfdm,0,1,1
iluuusfdmm,0,1,1
iluuuuuuuuuuu,1,0,1
iluv,2,1,3
iluvcandyxoxo,0,1,1
iluvegb,0,1,1
iluvlive,0,1,1
iluvnkotb,1,0,1
iluvu,0,1,1
ilux,3,2,5
ilx,1,1,2
ily,354,669,1023
ilya,0,4,4
ilyads,0,1,1
ilyb,0,1,1
ilybb,1,0,1
ilybff,0,1,1
ilyc,0,1,1
ilycecily,0,1,1
ilycullex,1,0,1
ilyd,1,2,3
ilyem,0,1,1
ilyfaad,1,0,1
ilygabbana,0,1,1
ilygriffin,0,1,1
ilygsdm,1,0,1
ilyguys,0,3,3
ilyh,0,1,1
ilyily,0,2,2
ilyilyily,1,1,2
ilyilyilyxxx,0,1,1
ilyjack,0,1,1
ilyk,0,1,1
ilykris,1,0,1
ilylc,1,0,1
ilym,0,2,2
ilymax,0,1,1
ilymc,0,1,1
ilymiley,0,1,1
ilymollie,0,1,1
ilymom,1,0,1
ilymore,0,1,1
ilymtf,1,1,2
ilymtulm,0,1,1
ilymybffl,0,1,1
ilyolivia,0,1,1
ilyooou,0,1,1
ilyou,0,1,1
ilys,0,1,1
ilysbxxx,0,1,1
ilysddffm,1,0,1
ilysdfm,1,0,1
ilysdm,0,2,2
ilysfm,2,2,4
ilysfmmmm,0,1,1
ilysm,6,8,14
ilysmmmmmmm,1,0,1
ilysomuch,0,1,1
ilysoulm,0,1,1
ilyssa,0,1,1
ilysss,1,0,1
ilyssssm,0,1,1
ilysssssssssssssssssm,0,1,1
ilyt,5,4,9
ilytd,0,1,1
ilytoby,1,0,1
ilytoo,1,1,2
ilyvvm,0,1,1
ilyxo,1,0,1
ilyy,4,12,16
ilyyy,2,7,9
ilyyyy,2,5,7
ilyyyyy,0,3,3
ilyyyyyssmmmmmm,0,1,1
ilyyyyyy,0,1,1
ilyyyyyyy,0,1,1
ilyyyyyyyy,1,0,1
ilyyyyyyyyyyyy,0,1,1
ilze,0,2,2
im,30609,19967,50576
ima,686,567,1253
imaa,3,1,4
imabit,1,0,1
imac,115,72,187
imacelbritynbc,0,1,1
imacelebrity,1,0,1
imacelebritygetmeouttahere,0,1,1
imacs,7,6,13
imactually,1,0,1
imaculation,1,0,1
imaddicted,0,5,5
imaddictedto,0,1,1
imade,1,0,1
imadeprivedchild,1,0,1
imadethis,0,1,1
imaegs,1,0,1
imaf,0,1,1
imafat,0,1,1
imag,0,1,1
imagay,0,1,1
imagbe,0,1,1
image,311,315,626
imagekind,0,1,1
imageless,1,0,1
imagem,1,0,1
imagemagick,4,0,4
imagemaker,0,1,1
imagen,2,6,8
imagenot,1,0,1
imageoverlay,1,0,1
imagery,3,16,19
images,183,177,360
imageshack,3,1,4
imagessssss,1,0,1
imageviewer,1,0,1
imageworks,1,0,1
imagezz,0,4,4
imagi,0,1,1
imagian,1,0,1
imagic,0,1,1
imagical,0,1,1
imagimagefield,1,0,1
imagin,3,3,6
imagina,0,1,1
imaginable,6,3,9
imaginar,1,0,1
imaginarium,1,0,1
imaginary,44,32,76
imaginarygirls,1,0,1
imaginate,0,2,2
imaginated,1,0,1
imagination,44,85,129
imaginations,0,4,4
imaginative,2,10,12
imagine,607,595,1202
imagineable,0,1,1
imaginecup,2,2,4
imagined,36,49,85
imaginee,1,0,1
imagineee,0,1,1
imaginerit,1,1,2
imaginery,1,1,2
imagineryfriends,1,0,1
imagines,2,3,5
imaging,4,12,16
imaginiff,0,1,1
imaginine,1,0,1
imagining,17,34,51
imaginitive,1,0,1
imagino,1,0,1
imagne,1,0,1
imaj,0,1,1
imajin,0,1,1
imakeup,0,1,1
imakill,1,0,1
imal,1,0,1
imalexevans,1,0,1
imall,0,1,1
imaloserface,0,1,1
imam,1,1,2
imambara,1,0,1
imamo,0,1,1
imams,0,2,2
iman,7,1,8
imancipated,1,0,1
imane,1,0,1
imani,4,4,8
imanisnotfaux,0,1,1
imanness,0,1,1
imao,0,1,1
imap,17,6,23
imapala,0,1,1
imaping,0,1,1
imaplumber,0,1,1
imapmyrun,0,1,1
imaprincess,0,1,1
imaqine,0,1,1
imara,0,1,1
imarc,0,1,1
imas,0,2,2
imasu,0,1,1
imat,1,0,1
imats,41,7,48
imax,98,85,183
imay,0,1,1
imaybe,1,0,1
imayneedprofessionalhelp,0,1,1
imba,3,0,3
imback,0,1,1
imbalance,1,1,2
imbalanced,1,0,1
imbar,1,0,1
imbd,0,1,1
imbecile,2,0,2
imbecili,0,1,1
imbed,1,0,1
imbedded,1,0,1
imbedding,0,1,1
imbee,1,0,1
imbeing,0,1,1
imbibed,0,1,1
imbibing,1,3,4
imbills,1,0,1
imboden,0,1,1
imbosile,1,0,1
imbot,1,0,1
imbrac,1,0,1
imbrace,1,0,1
imbruglia,2,0,2
imbursments,1,0,1
imc,3,2,5
imchrisrich,0,1,1
imcleaningupmylaptopwithmyminivaccum,3,0,3
imcomplaining,0,1,1
imcomplete,2,0,2
imcreases,1,0,1
imculture,1,0,1
imd,1,1,2
imdb,20,28,48
imdbjb,1,1,2
imdbpro,1,0,1
imdeki,0,1,1
imdeprivedtonightandidontlikeit,1,0,1
imdi,0,2,2
imdisliked,1,0,1
imdonee,0,1,1
imdur,1,0,1
ime,6,6,12
imea,1,0,1
imean,0,2,2
imeanwhat,1,0,1
imed,11,2,13
imedia,2,0,2
imediantly,1,0,1
imediately,0,1,1
imee,0,3,3
imeem,19,19,38
imei,2,0,2
imelda,3,1,4
imelikult,1,0,1
imemorize,0,1,1
imensly,0,1,1
imention,0,1,1
imeras,0,1,1
imers,0,1,1
imerse,1,0,1
imesh,1,0,1
imet,0,1,1
imf,2,0,2
imfallingin,0,1,1
imfamous,0,1,1
imfao,0,2,2
imflamation,1,0,1
imflyrdls,0,1,1
imforeveryours,0,1,1
imformed,0,1,1
imfreakingout,0,1,1
imfree,1,0,1
img,11,11,22
imgaine,1,0,1
imgkk,0,1,1
imglink,0,1,1
imgne,1,0,1
imgoing,1,0,1
imgoingtosleep,1,0,1
imgonnaeatyou,0,1,1
imgonnaneed,0,1,1
imgredients,0,1,1
imgs,2,1,3
imguiltyof,1,1,2
imh,2,0,2
imho,27,63,90
imhoi,0,1,1
imhurt,1,0,1
imi,4,7,11
imide,1,0,1
imified,1,0,1
imight,1,0,1
imightbethereincarnationofstalin,1,0,1
imigran,1,2,3
imigration,1,0,1
imigtation,1,0,1
imiiiiinggggggg,1,0,1
imilj,0,1,1
iminant,0,1,1
imindi,0,1,1
imindmap,1,0,1
iminds,1,0,1
iming,17,13,30
iminlikewithyou,0,3,3
imishhyuchooooo,1,0,1
imishu,0,1,1
imiss,19,5,24
imissaaronalottoday,1,0,1
imisscath,52,0,52
imissed,3,2,5
imissedd,1,0,1
imissedyou,1,0,1
imissellie,0,1,1
imissh,1,0,1
imissher,2,0,2
imisshersomuch,1,0,1
imisshim,6,0,6
imissjames,1,0,1
imissjess,1,0,1
imisskimbo,1,0,1
imissmica,1,0,1
imissmonkeh,1,0,1
imissmybestfriendsomuch,1,0,1
imissmycollegeboy,1,0,1
imissmylano,1,0,1
imissmymom,1,0,1
imissmypapi,1,0,1
imisspeoplethatihaventtalkedtoforarealllylongtime,1,0,1
imissssher,1,0,1
imisssyou,1,0,1
imissu,2,1,3
imissusofuckingmuch,1,0,1
imissust,0,1,1
imissya,0,1,1
imissyoouu,0,1,1
imissyou,17,4,21
imissyoudlh,1,0,1
imissyougirl,0,1,1
imissyouna,1,0,1
imissyourfacemore,1,0,1
imissyourfacetoo,1,0,1
imissyourfacewhenyouregone,1,0,1
imissyousomuch,2,0,2
imissyousomuuuuuuch,1,0,1
imissyouumoree,0,1,1
imissyouuu,0,2,2
imissyouuuu,0,1,1
imissyouuuuuu,1,0,1
imitando,1,0,1
imitate,2,2,4
imitated,0,4,4
imitates,1,0,1
imitating,1,1,2
imitation,9,10,19
imitational,1,0,1
imitations,1,2,3
imitrex,2,0,2
imits,1,0,1
imix,0,2,2
imixes,0,1,1
imiz,1,0,1
imj,1,0,1
imjan,0,1,1
imjust,0,1,1
imjustjosh,0,1,1
imjustsayin,1,1,2
imk,1,2,3
imke,3,1,4
imkinda,1,0,1
imkkk,1,0,1
imla,0,1,1
imladris,0,1,1
imlavish,1,0,1
imlazylikewhoa,1,0,1
imlistening,0,1,1
imlive,0,1,1
imlookin,1,0,1
imlooking,0,1,1
imlukedstill,0,1,1
imm,43,26,69
imma,592,480,1072
immaa,3,2,5
immachocoholic,0,1,1
immaculate,1,9,10
immadie,0,1,1
immage,0,1,1
immaginavo,0,1,1
immah,0,1,1
immalazybum,1,0,1
immaluva,0,1,1
immanuel,0,3,3
immarture,0,1,1
immat,0,1,1
immature,32,28,60
immaturity,2,1,3
immboredddd,1,0,1
immdiate,0,1,1
immeadiately,0,1,1
immeasurable,0,1,1
immed,0,1,1
immediacy,0,2,2
immediate,22,18,40
immediatea,0,1,1
immediately,143,109,252
immediatley,2,0,2
immediatly,6,2,8
immedietly,0,1,1
immegration,1,0,1
immem,0,1,1
immene,0,1,1
immense,30,57,87
immensee,0,1,1
immensely,23,31,54
immensley,0,1,1
immensly,5,2,7
immer,5,7,12
immerhin,0,1,1
immerse,0,3,3
immersed,3,3,6
immersing,1,1,2
immersion,5,4,9
immersive,1,1,2
immi,3,8,11
immidiately,0,1,1
immidiatly,1,0,1
immigrant,5,10,15
immigrants,1,3,4
immigranty,1,1,2
immigrated,0,1,1
immigrating,0,2,2
immigration,18,10,28
imminent,21,8,29
imming,0,1,1
imminient,1,0,1
immiserable,1,0,1
immitate,0,1,1
immitrex,1,0,1
immm,9,3,12
immma,3,2,5
immmm,1,1,2
immmma,0,1,1
immmmm,0,3,3
immmmmmmmmmmmmm,1,0,1
immo,0,1,1
immobile,6,0,6
immobiliser,2,1,3
immobilized,2,1,3
immobilizer,1,1,2
immobily,1,0,1
immoble,1,0,1
immoblizer,0,1,1
immodium,1,0,1
immolated,1,0,1
immopukcp,1,0,1
immoral,0,1,1
immoralized,0,1,1
immortal,13,11,24
immortalised,1,0,1
immortality,1,3,4
immortalization,0,1,1
immortalize,1,0,1
immortalized,0,6,6
immortalizing,0,1,1
immortals,1,1,2
immovable,0,1,1
immq,1,0,1
imms,1,2,3
immun,0,1,1
immune,67,18,85
immuned,1,1,2
immunes,1,0,1
immunisation,1,2,3
immunisations,1,0,1
immunised,0,1,1
immunity,5,5,10
immunization,4,0,4
immunizations,4,2,6
immunized,3,1,4
immunlogy,1,0,1
immuno,3,1,4
immunologi,0,1,1
immunologist,0,1,1
immunology,2,1,3
immy,0,2,2
imn,0,1,1
imna,0,2,2
imnabeel,1,0,1
imneedingusomuch,1,0,1
imnosuperman,1,0,1
imnot,1,1,2
imnotitgirl,1,0,1
imnotjoanna,0,1,1
imo,58,103,161
imoaned,0,1,1
imob,4,1,5
imobilizer,1,0,1
imod,0,1,1
imodium,1,1,2
imogen,8,20,28
imogenheap,0,1,1
imogens,0,1,1
imojonty,5,0,5
imola,2,0,2
imon,1,0,1
imonaboat,2,1,3
imonaspaceship,0,1,1
imoneymanager,0,1,1
imong,1,1,2
imonna,0,1,1
imooo,0,1,1
imor,0,1,1
imorn,2,0,2
imorrn,0,1,1
imos,0,1,1
imoto,1,0,1
imovaine,1,0,1
imovie,37,13,50
imovies,2,0,2
imoz,2,0,2
imp,16,11,27
impacient,1,1,2
impact,54,58,112
impactcr,0,1,1
impacted,12,4,16
impactful,1,2,3
impacting,4,0,4
impaction,2,0,2
impacts,2,4,6
impactyouth,1,0,1
impair,2,1,3
impaire,1,0,1
impaired,10,7,17
impala,6,6,12
impalar,0,1,1
impaled,3,0,3
impared,0,1,1
impart,2,2,4
impartial,4,5,9
impartiality,1,0,1
impassable,1,0,1
impassioned,0,1,1
impassive,1,0,1
impatience,3,4,7
impatiens,1,1,2
impatient,92,45,137
impatiently,22,23,45
impatients,0,1,1
impatietly,0,1,1
impbalanced,1,0,1
impeachment,0,1,1
impeaded,0,1,1
impeared,0,1,1
impec,0,2,2
impecable,0,1,1
impeccability,0,1,1
impeccable,1,10,11
impeccably,1,1,2
impecible,1,0,1
impede,1,0,1
impeded,3,1,4
impediment,0,1,1
impeding,2,1,3
impeeding,0,1,1
impellor,1,0,1
impementation,1,0,1
impementor,0,1,1
impending,34,17,51
impendingdoom,1,0,1
imperal,1,0,1
imperative,1,1,2
impereal,0,1,1
imperfect,6,5,11
imperfectangel,2,9,11
imperfection,1,1,2
imperfections,2,5,7
imperfectly,0,2,2
imperia,0,1,1
imperial,11,19,30
imperialism,1,0,1
imperialist,0,1,1
imperials,2,1,3
imperium,1,0,1
impersonal,7,4,11
impersonate,1,4,5
impersonated,1,2,3
impersonater,1,0,1
impersonating,4,5,9
impersonation,5,10,15
impersonations,3,1,4
impersonator,2,4,6
impersonators,4,2,6
imperssed,0,1,1
imperveous,1,0,1
impervious,2,1,3
impessiv,0,1,1
impetuous,0,1,1
impetus,1,0,1
impian,0,1,1
impinge,1,0,1
impingement,0,1,1
impinging,0,1,1
impl,1,0,1
implant,4,6,10
implantable,1,0,1
implantation,1,0,1
implanted,2,1,3
implants,3,11,14
implausibility,1,0,1
implausible,1,1,2
implausibly,1,0,1
implement,26,32,58
implementate,0,1,1
implementation,10,22,32
implementations,3,3,6
implemented,19,17,36
implementiert,0,1,1
implementing,7,14,21
implements,1,0,1
implemeted,0,1,1
implemntin,1,0,1
implentation,1,0,1
implicando,1,0,1
implicated,1,0,1
implication,1,2,3
implications,5,7,12
implicit,2,0,2
implied,6,10,16
implies,5,10,15
implinesc,0,2,2
impling,0,1,1
implings,0,1,1
implode,11,2,13
imploded,5,2,7
implodes,2,3,5
imploding,3,2,5
implore,1,2,3
implosion,2,2,4
implosions,0,1,1
implosive,0,1,1
impls,0,1,1
imply,9,8,17
implying,5,17,22
implys,0,1,1
impolite,3,2,5
impolitic,1,0,1
impomptu,0,1,1
impoortants,1,0,1
imporant,2,0,2
impornet,1,0,1
impornt,1,0,1
imporrted,0,1,1
import,52,25,77
importa,1,3,4
importaint,1,0,1
importallmails,0,1,1
importance,14,30,44
importand,2,0,2
important,515,718,1233
importante,1,6,7
importanteh,0,1,1
importantly,26,60,86
importanto,0,1,1
importants,1,2,3
importantt,0,2,2
importanttt,1,0,1
importantwordstychris,0,5,5
imported,20,19,39
importent,0,2,2
importer,1,0,1
importers,0,1,1
importing,14,14,28
importnt,1,0,1
imports,11,1,12
imporved,1,0,1
imporvements,1,0,1
impos,1,0,1
imposable,1,0,1
impose,6,5,11
imposed,10,8,18
imposible,5,3,8
imposing,1,3,4
imposistion,1,0,1
imposition,0,1,1
impositions,1,0,1
impossibilia,0,1,1
impossibilities,0,1,1
impossibility,2,2,4
impossible,441,159,600
impossibles,0,1,1
impossibly,10,3,13
imposter,9,13,22
imposters,3,3,6
imposting,0,1,1
impostor,8,2,10
impostors,1,2,3
impostorsvon,1,0,1
impotent,0,1,1
impotente,0,1,1
impotring,1,0,1
impound,1,1,2
impounded,1,1,2
impoverished,1,1,2
impowered,1,0,1
impractical,1,1,2
impredded,1,0,1
impregnate,1,0,1
impregnated,0,1,1
impregnates,0,1,1
impreial,0,1,1
imprensa,0,1,1
impresed,1,1,2
impresice,0,1,1
impresion,0,1,1
impresive,0,2,2
impress,23,37,60
impressd,1,1,2
impressed,332,412,744
impresses,1,5,6
impressing,3,6,9
impression,80,76,156
impressionable,3,2,5
impressionant,0,1,1
impressionism,0,1,1
impressionn,0,1,1
impressions,13,28,41
impressive,71,212,283
impressively,1,1,2
impresssed,1,0,1
impreza,1,0,1
imprint,11,17,28
imprinted,4,1,5
imprinting,0,1,1
imprints,2,0,2
imprisone,1,0,1
imprisoned,5,0,5
imprisoning,1,0,1
imprisonment,1,0,1
impro,1,0,1
improbable,2,2,4
impromptu,19,40,59
impromto,0,1,1
impromtu,0,5,5
improoove,1,0,1
improp,0,1,1
improper,1,2,3
improperly,5,1,6
improptu,0,1,1
improtant,1,3,4
improv,15,38,53
improvability,1,1,2
improvaganza,1,0,1
improve,97,144,241
improved,46,95,141
improveing,0,1,1
improvelife,0,1,1
improvement,45,80,125
improvements,16,26,42
improvementware,1,0,1
improves,29,26,55
improveverything,1,0,1
improveverywhere,0,2,2
improvin,1,0,1
improving,36,59,95
improvisation,1,2,3
improvise,8,4,12
improvised,2,4,6
improviseren,1,0,1
improvisiert,0,1,1
improvising,2,2,4
improvision,0,1,1
improvment,2,0,2
improvmusicality,1,0,1
improvs,0,1,1
imprve,1,0,1
imprved,0,1,1
imprvs,0,1,1
imps,0,1,1
impssible,0,1,1
impt,4,13,17
imptly,0,1,1
impudence,0,1,1
impudent,1,0,1
impuesto,1,0,1
impuleses,0,1,1
impulse,16,20,36
impulses,1,2,3
impulsive,11,9,20
impulsively,1,1,2
impulsiveness,1,0,1
impune,1,1,2
impunity,0,1,1
impurities,0,1,1
imput,1,4,5
imr,1,0,1
imran,6,5,11
imrenbikis,1,0,1
imrie,0,1,1
imroving,0,1,1
imrpoved,0,1,1
imru,1,0,1
ims,17,11,28
imsb,0,3,3
imso,3,1,4
imsocool,0,1,1
imsoexcited,0,1,1
imsomnia,1,1,2
imsomniac,1,0,1
imsondag,0,1,1
imsoo,1,0,1
imsorry,1,0,1
imsosleepy,0,1,1
imsovintage,0,1,1
imstorm,0,1,1
imsyre,1,0,1
imt,2,1,3
imtakeya,0,1,1
imterface,1,0,1
imternet,1,0,1
imtetsting,0,1,1
imthespider,0,1,1
imtimate,0,1,1
imtired,0,1,1
imtiredof,2,0,2
imto,0,1,1
imtoo,1,0,1
imtoolazy,0,1,1
imtoxicated,0,1,1
imtribute,0,1,1
imtryingtofind,0,1,1
imtz,0,1,1
imu,18,11,29
imub,1,0,1
imucassi,1,0,1
imucu,1,0,1
imulsively,1,0,1
imun,1,0,1
imune,0,1,1
imus,0,1,1
imusm,1,0,1
imust,0,2,2
imustbegettingold,1,0,1
imustlookrough,1,0,1
imux,1,0,1
imvironment,0,1,1
imvu,1,5,6
imwatchingthatrightnow,0,1,1
imwebgraphics,0,1,1
imwendy,1,0,1
imwifey,0,1,1
imwriteaddicted,1,0,1
imwritingafackingletterificantgetthisworkedouttomorrow,0,1,1
imx,0,1,1
imy,99,42,141
imya,1,0,1
imybidkw,1,0,1
imys,1,0,1
imysdfm,1,0,1
imysfm,2,0,2
imysm,3,3,6
imysmbihbafybikywtw,0,1,1
imyt,1,1,2
imyy,3,1,4
imyyy,1,0,1
imz,1,0,1
in,115542,101160,216702
ina,29,49,78
inaa,1,0,1
inaaa,0,1,1
inaaccept,1,0,1
inaam,1,0,1
inaantay,1,0,1
inaaral,0,1,1
inaasar,1,0,1
inaatupag,0,1,1
inaaway,1,1,2
inabilities,1,0,1
inability,28,7,35
inabit,2,11,13
inabitch,0,1,1
inabizzle,0,1,1
inabled,1,0,1
inabutan,1,0,1
inaccessable,1,0,1
inaccessible,9,0,9
inaccuracies,1,1,2
inaccuracy,1,2,3
inaccurate,6,2,8
inacessible,1,0,1
inaction,1,4,5
inactive,29,17,46
inactivity,4,2,6
inadequacies,1,0,1
inadequacy,1,0,1
inadequate,20,3,23
inadi,1,0,1
inadvance,1,0,1
inadvertantly,2,2,4
inadvertent,1,1,2
inadvertently,12,9,21
inafabulous,0,1,1
inagural,0,1,1
inaguration,1,0,1
inah,3,1,4
inai,0,1,1
inaibt,0,1,1
inainte,1,2,3
inak,0,1,1
inaktvi,1,0,1
inala,1,0,1
inalagaan,0,1,1
inalis,0,1,1
inall,3,0,3
inals,0,1,1
inalter,0,1,1
inamerica,1,0,1
inaminute,0,1,1
inamo,0,1,1
inamorata,0,1,1
inamorato,0,1,1
inane,3,11,14
inanely,1,1,2
inang,0,1,1
inanimate,7,6,13
inaninyonga,1,0,1
inanities,0,1,1
inanity,0,1,1
inanmate,1,0,1
inaperfectworld,189,0,189
inaperfectwould,1,0,1
inapoi,1,1,2
inapp,1,0,1
inapproiately,1,0,1
inapprop,1,0,1
inappropreate,1,0,1
inappropriate,35,33,68
inappropriately,4,2,6
inappropriatemovies,2,7,9
inappropriatly,0,1,1
inapproriate,0,1,1
inapprpt,1,0,1
inapropriate,0,2,2
inapt,1,0,1
inara,3,0,3
inari,0,3,3
inarticle,1,0,1
inasal,0,1,1
inat,1,0,1
inatead,0,1,1
ination,0,1,1
inator,1,0,1
inauckland,1,0,1
inaudible,1,0,1
inaug,0,2,2
inaugrated,0,1,1
inaugura,0,2,2
inaugural,2,6,8
inaugurando,0,1,1
inauguration,2,6,8
inaugust,0,1,1
inauspicious,2,0,2
inav,1,2,3
inavertedly,1,0,1
inawhile,0,1,1
inay,0,2,2
inb,3,0,3
inbar,0,1,1
inbelievable,1,0,1
inbet,1,0,1
inbetn,0,2,2
inbetween,24,24,48
inbetweener,0,1,1
inbetweeners,8,36,44
inbetweeney,0,1,1
inbev,1,0,1
inbit,1,0,1
inbition,0,1,1
inbitttt,0,1,1
inbooklet,1,0,1
inbound,7,9,16
inbounds,1,0,1
inbox,177,149,326
inboxen,1,0,1
inboxes,1,5,6
inboxzero,0,1,1
inbread,0,2,2
inbred,2,2,4
inbredness,0,1,1
inbredy,0,1,1
inbreed,0,1,1
inbreeding,1,0,1
inbruges,0,1,1
inbtime,0,1,1
inbtwn,0,1,1
inbuilding,0,1,1
inbuilt,0,1,1
inc,71,63,134
inca,4,3,7
incadence,0,1,1
incahoot,0,1,1
incalculable,1,0,1
incame,0,1,1
incandescent,0,2,2
incanswers,0,1,1
incantations,0,1,1
incanto,3,0,3
incapable,26,3,29
incapacitated,2,0,2
incapacitating,1,1,2
incapcitated,1,0,1
incarcat,0,1,1
incarcerated,2,1,3
incarcerating,1,0,1
incarceration,1,1,2
incarnate,2,0,2
incarnated,0,1,1
incarnation,2,3,5
incarnations,0,1,1
incase,57,55,112
inccorect,1,0,1
ince,1,0,1
incedible,0,1,1
incence,0,1,1
incendents,0,1,1
incendiary,2,2,4
incendio,1,0,1
incense,7,14,21
incensed,0,1,1
incenses,1,0,1
incentive,15,24,39
incentives,3,4,7
incep,0,1,1
incepe,1,3,4
incepem,0,1,1
incepient,1,0,1
inception,2,1,3
inceput,2,4,6
inceputul,0,1,1
incerc,2,2,4
incercam,0,1,1
incessant,8,6,14
incessantive,1,0,1
incessantly,7,6,13
incessently,1,0,1
incest,4,3,7
incestuous,2,1,3
incetat,0,1,1
inch,146,96,242
incharge,0,2,2
inchc,0,1,1
inche,1,0,1
incheon,2,0,2
incher,2,3,5
inchers,0,2,2
inches,88,66,154
inchide,1,0,1
inching,3,1,4
inchisa,0,1,1
inchu,1,0,1
inchurch,0,1,1
inchy,1,0,1
incidence,0,2,2
incident,100,60,160
incidental,1,1,2
incidentally,7,14,21
incidentals,1,1,2
incidentially,0,1,1
incidently,3,1,4
incidents,3,12,15
incierto,2,0,2
incinerate,1,1,2
incinerated,2,0,2
incineration,1,0,1
incing,0,1,1
incipio,1,0,1
incir,0,1,1
incision,3,0,3
incisive,0,2,2
incisor,2,0,2
incite,0,1,1
incited,0,1,1
inciteful,0,1,1
incites,1,0,1
incl,26,17,43
inclass,0,1,1
inclds,0,1,1
inclement,5,2,7
inclimate,2,0,2
incliment,1,0,1
inclin,0,1,1
inclination,4,5,9
inclinations,0,1,1
incline,3,5,8
inclined,11,33,44
include,143,189,332
included,95,277,372
includeds,0,1,1
includegraphics,0,1,1
includes,53,96,149
includin,2,4,6
includinf,1,0,1
including,248,335,583
includng,1,0,1
incluiding,1,0,1
incluirme,0,1,1
incluse,0,1,1
inclusion,4,6,10
inclusions,0,2,2
inclusive,4,11,15
incluting,0,1,1
inco,0,1,1
incognegro,1,0,1
incognito,5,9,14
incoherant,1,0,1
incoherent,1,4,5
incoherently,0,1,1
incollege,1,0,1
income,67,50,117
incomediary,0,1,1
incomes,0,1,1
incoming,36,30,66
incomming,1,1,2
incommon,1,0,1
incommunicado,2,1,3
incommunication,1,0,1
incomoming,0,1,1
incompadence,1,0,1
incomparable,0,5,5
incomparably,0,1,1
incompatibilities,1,0,1
incompatibility,1,1,2
incompatible,12,0,12
incompetant,2,0,2
incompetence,5,2,7
incompetencies,1,0,1
incompetency,1,0,1
incompetent,16,6,22
incompetently,0,1,1
incompetents,1,0,1
incompitent,1,0,1
incomplete,55,14,69
incompotent,0,1,1
incomprehensible,3,7,10
incomprehension,1,0,1
incomvient,1,0,1
inconceivable,2,3,5
inconcistencies,0,1,1
inconclusive,1,1,2
incongruous,0,1,1
inconny,1,0,1
inconsequential,2,2,4
inconsiderant,2,0,2
inconsiderate,33,11,44
inconsistancies,0,1,1
inconsistencies,4,0,4
inconsistency,0,2,2
inconsistent,17,1,18
inconsistently,2,0,2
inconsitent,1,0,1
inconsolable,4,0,4
inconsolably,3,0,3
inconsolata,1,0,1
inconsoulable,1,0,1
inconspicious,1,0,1
inconspicuous,0,1,1
incontact,1,0,1
incontenent,1,0,1
incontinence,3,4,7
inconv,0,2,2
inconveniant,1,0,1
inconvenience,21,6,27
inconveniences,0,1,1
inconvenient,31,14,45
inconveniently,0,2,2
inconvience,1,0,1
inconvienent,2,0,2
inconvienient,1,1,2
inconvientent,0,1,1
inconvinience,1,0,1
incooommmpllleeettee,0,1,1
incooperation,1,0,1
incorp,0,1,1
incorperate,0,1,1
incorporate,6,14,20
incorporated,4,4,8
incorporates,0,1,1
incorporating,2,2,4
incorrect,17,17,34
incorrectly,11,9,20
incorrigibility,0,1,1
incoumicato,2,0,2
incounted,1,0,1
incounter,1,0,1
incouraging,0,1,1
incovinient,1,0,1
incr,1,0,1
incradibly,0,1,1
incrase,1,0,1
incre,1,1,2
increadible,1,2,3
increaible,1,0,1
increaing,1,0,1
increaingly,1,0,1
incream,0,1,1
increas,1,0,1
increasd,2,0,2
increase,76,73,149
increaseapi,1,0,1
increased,29,34,63
increaselocaltraffic,0,1,1
increasely,1,0,1
increases,18,13,31
increasing,40,33,73
increasingly,33,10,43
increasy,0,1,1
increcible,0,1,1
incred,1,3,4
incredable,0,1,1
incredably,2,0,2
incredble,0,1,1
increddible,1,0,1
increddibllee,0,1,1
incredere,0,1,1
incrediable,0,3,3
incrediably,1,0,1
incredibad,0,7,7
incredibally,1,0,1
incredibilly,1,0,1
incredibily,1,1,2
incredible,158,415,573
incrediblee,0,1,1
incredibleee,0,1,1
incredibleeeeee,0,1,1
incredibleness,0,1,1
incredibles,4,6,10
incredibley,0,1,1
incredibly,254,200,454
incredibored,0,1,1
incredibots,0,2,2
incredidbly,0,1,1
incredily,0,1,1
incredubly,1,0,1
incredulisticly,1,0,1
incredulous,0,1,1
increible,1,4,5
increiblemente,0,1,1
increibly,1,1,2
incremental,2,3,5
increments,7,2,9
increse,2,1,3
incresed,0,1,1
incresing,0,1,1
incresingly,0,1,1
incriminating,3,1,4
incriminatinh,1,0,1
incrivel,0,1,1
incroyable,1,1,2
incspring,0,1,1
incubating,1,0,1
incubation,0,4,4
incubator,1,1,2
incube,0,1,1
incubus,28,27,55
incubusday,1,0,1
incude,0,1,1
incumbent,0,3,3
incurable,2,0,2
incurca,1,0,1
incurred,2,1,3
incurring,2,0,2
incvolve,0,1,1
ind,10,4,14
inda,14,2,16
indaaabalindaa,0,1,1
indae,0,1,1
indah,3,3,6
indain,1,0,1
indains,0,1,1
indanna,0,1,1
inday,2,1,3
indcredibly,1,0,1
indd,0,1,1
indded,2,1,3
inddeeeeeddooo,0,1,1
inddor,1,0,1
inde,0,4,4
indead,0,1,1
indebted,0,1,1
indec,0,1,1
indecember,1,0,1
indecency,0,1,1
indecent,1,1,2
indecently,0,1,1
indecicive,1,0,1
indecision,1,4,5
indecisisve,1,0,1
indecisive,20,14,34
indecisiveness,1,2,3
indecisivenesssss,1,0,1
indeed,533,1314,1847
indeeddddd,1,0,1
indeeders,0,1,1
indeedie,0,2,2
indeedio,2,1,3
indeedo,0,1,1
indeedy,7,30,37
indeeed,1,3,4
indeeeed,1,0,1
indeeeeed,1,2,3
indeeeeeedd,1,0,1
indeeeeeeed,0,1,1
indeeeeeeeeeeeeedy,1,0,1
indefatigable,0,1,1
indefiinantly,0,1,1
indefinate,0,1,1
indefinately,2,2,4
indefinetely,1,0,1
indefiniate,1,0,1
indefinitely,14,3,17
indefinitive,1,0,1
indegestion,3,0,3
indeinting,1,0,1
indelible,1,2,3
indelibly,1,0,1
indemand,2,0,2
indend,1,0,1
indenial,1,0,1
indent,1,4,5
indentation,3,0,3
indented,0,2,2
indenti,0,1,1
indentica,1,0,1
indenting,0,1,1
indention,0,1,1
indents,1,1,2
indenturing,1,0,1
independ,0,1,1
independance,4,0,4
independand,0,1,1
independant,7,3,10
independantly,0,1,1
independants,0,1,1
independence,17,31,48
independent,33,72,105
independently,8,6,14
independents,2,1,3
independtly,1,0,1
indepth,0,1,1
inderdido,0,1,1
inderim,0,1,1
inderstand,1,0,1
inderstood,1,0,1
indes,1,0,1
indesciable,0,1,1
indescribable,4,11,15
indescribably,1,1,2
indesign,16,16,32
indesing,0,1,1
indespensable,0,1,1
indestructable,1,1,2
indestructible,5,4,9
indetad,1,0,1
indeterminate,2,0,2
index,110,34,144
indexable,1,1,2
indexace,0,1,1
indexed,9,10,19
indexes,11,3,14
indexing,9,7,16
indhira,0,1,1
indi,14,6,20
india,323,244,567
indiaaaa,1,1,2
indiagames,1,0,1
indiagovt,0,1,1
indiagsm,1,0,1
indiahotelreview,0,1,1
indian,186,210,396
indiana,99,111,210
indianaaaaa,0,1,1
indianaal,0,1,1
indianajones,0,1,1
indianaland,0,1,1
indianans,0,1,1
indianapolis,19,23,42
indianna,0,1,1
indianness,0,1,1
indianpad,2,1,3
indians,60,38,98
indiavotes,8,16,24
indiblogger,0,1,1
indibloggers,1,0,1
indic,3,1,4
indica,0,1,1
indicast,0,1,1
indicate,12,9,21
indicated,4,2,6
indicates,10,3,13
indicating,4,2,6
indication,21,7,28
indications,5,0,5
indicative,3,0,3
indicator,7,7,14
indicators,3,2,5
indico,0,1,1
indicom,2,2,4
indictments,1,1,2
indie,48,99,147
indiebound,0,2,2
indiegames,1,0,1
indien,0,1,1
indienorth,0,1,1
indiepop,0,1,1
indies,12,13,25
indiespotting,0,1,1
indietits,1,0,1
indieundies,0,1,1
indieworld,0,1,1
indiferent,0,1,1
indifference,2,2,4
indifferent,9,6,15
indigenous,3,3,6
indigestion,21,7,28
indignant,1,0,1
indignation,2,0,2
indignity,1,0,1
indigo,12,16,28
indiiia,0,1,1
indikum,1,0,1
inding,1,0,1
indio,1,3,4
indios,0,1,1
indiot,1,0,1
indira,0,2,2
indirect,1,3,4
indirectly,6,4,10
indireta,1,0,1
indis,1,0,1
indiscernible,0,1,1
indiscretion,1,0,1
indiscribable,0,1,1
indiscrimate,1,0,1
indisn,0,1,1
indispensable,2,3,5
indisposable,1,1,2
indisposed,0,1,1
indisposition,1,0,1
indisputable,0,1,1
indistinguishable,0,2,2
indiv,3,2,5
indivibe,0,1,1
individaul,0,1,1
individual,42,47,89
individualise,1,0,1
individuality,1,2,3
individualized,0,1,1
individually,15,18,33
individuals,15,16,31
individualtourismus,0,1,1
individuel,0,1,1
individuteam,0,1,1
indiya,1,0,1
indo,37,45,82
indoboard,0,1,1
indoc,0,1,1
indochina,0,1,1
indochine,1,1,2
indoctrinate,0,1,1
indoctrinating,1,1,2
indoctrination,1,3,4
indogigs,0,1,1
indolence,1,0,1
indomee,1,1,2
indomie,1,4,5
indomitable,0,2,2
indomitablility,0,1,1
indon,1,1,2
indoneisa,0,1,1
indonesi,1,0,1
indonesia,89,145,234
indonesian,26,33,59
indonesians,1,2,3
indonsia,1,0,1
indoo,1,0,1
indoor,55,50,105
indooroopilly,1,0,1
indoorrr,0,1,1
indoors,243,87,330
indore,3,3,6
indori,2,0,2
indorrs,2,1,3
indosaaaaaattttt,1,0,1
indosat,1,1,2
indosingalaysia,0,1,1
indowebster,0,1,1
indoyyyyyy,1,0,1
indpls,0,1,1
indra,1,3,4
indrajal,0,1,1
indratwas,1,0,1
indraya,0,2,2
indrek,1,1,2
indri,0,1,1
indro,2,0,2
inds,2,1,3
indsia,1,0,1
induce,6,3,9
induced,49,27,76
induces,2,4,6
inducing,8,14,22
inducingly,2,0,2
inducted,2,4,6
inductee,0,1,1
inducting,0,2,2
induction,23,11,34
inductions,1,0,1
inductive,0,3,3
indulgance,1,0,1
indulge,21,44,65
indulged,4,5,9
indulgeee,0,1,1
indulgement,0,1,1
indulgence,3,16,19
indulgences,0,4,4
indulgent,5,5,10
indulges,0,2,2
indulging,9,14,23
indulj,1,1,2
indusrty,1,0,1
industrial,26,23,49
industrialized,0,1,1
industries,4,9,13
industrija,0,1,1
industrious,0,3,3
industry,103,110,213
indy,95,92,187
indya,1,0,1
indycar,7,4,11
indykitty,0,1,1
indymia,1,0,1
ine,7,7,14
inebriated,3,7,10
inebriation,1,0,1
ineck,1,0,1
inedible,2,1,3
ineed,8,4,12
ineedafade,0,3,3
ineedajob,1,0,1
ineedanewmac,1,0,1
ineedat,1,0,1
ineedhelp,3,1,4
ineedjuls,1,0,1
ineedsomewest,0,1,1
ineedthe,1,0,1
ineedtogotoatherocketsummerconcert,0,1,1
ineedumyangel,1,0,1
ineedyou,2,0,2
ineedyouu,1,0,1
ineeeeeed,1,0,1
ineens,0,1,1
inees,0,1,1
ineffable,0,3,3
ineffably,1,0,1
ineffective,6,0,6
ineffectiveness,0,1,1
ineffectual,0,1,1
inefficiency,1,4,5
inefficient,7,1,8
ineffizient,0,1,1
inehhhh,0,1,1
inelegance,1,0,1
ineligible,3,1,4
inell,2,0,2
ineng,0,1,1
inept,4,4,8
ineptitude,4,0,4
ineptness,2,0,2
inequalities,3,0,3
inequalitues,1,0,1
inequality,1,0,1
inequity,1,0,1
iner,1,0,1
ineresting,0,2,2
inerne,1,0,1
inernet,1,1,2
inerpretation,0,1,1
inert,2,0,2
inertia,7,3,10
inertial,1,0,1
ines,5,4,9
inesc,0,1,1
inesquec,1,1,2
iness,0,1,1
inet,15,9,24
inetd,1,0,1
ineteresting,1,0,1
inetrview,0,1,1
inetsrv,1,0,1
inette,0,1,1
ineventful,1,0,1
inever,2,1,3
inevereverwanttofallinloveagain,3,0,3
inevermenttobrag,0,4,4
inevitabil,0,1,1
inevitability,1,1,2
inevitable,68,25,93
inevitably,17,10,27
inevitible,1,1,2
inevitibly,1,0,1
inews,1,0,1
inexcusable,3,0,3
inexcusably,0,1,1
inexhaustible,0,1,1
inexhaustibly,0,1,1
inexistent,1,0,1
inexpensive,8,12,20
inexperience,1,1,2
inexperienced,3,2,5
inexplainably,0,1,1
inexplicable,2,3,5
inexplicably,8,2,10
inexpressible,0,1,1
inexpressive,1,0,1
inez,1,2,3
inezzzzzzzzzzzz,0,1,1
inf,1,0,1
infact,25,38,63
infactuated,1,1,2
infaf,0,1,1
infairness,0,2,2
infallible,1,3,4
infamous,84,91,175
infamously,1,0,1
infamus,2,0,2
infamy,4,1,5
infamytv,0,1,1
infancy,3,0,3
infant,10,11,21
infante,1,0,1
infanticide,1,0,1
infantile,0,3,3
infantly,0,1,1
infantry,1,3,4
infants,8,4,12
infare,1,0,1
infastructure,1,0,1
infatuate,0,1,1
infatuated,2,7,9
infatuation,2,7,9
infatuationnnnnn,0,1,1
infeasible,1,0,1
infec,2,0,2
infecced,0,1,1
infect,21,5,26
infectection,1,0,1
infected,152,31,183
infectedd,1,0,1
infectiion,1,0,1
infecting,7,2,9
infection,573,44,617
infectionnnnnnnnn,1,0,1
infections,61,7,68
infectious,9,16,25
infecton,1,0,1
infects,1,0,1
infectuous,0,1,1
infeection,1,0,1
infeliz,1,0,1
infelizmente,3,0,3
infelizzzzmente,1,0,1
infer,0,3,3
inferction,1,0,1
inference,0,1,1
inferior,20,8,28
inferiority,0,3,3
inferiorly,1,0,1
infernal,3,1,4
infernizzle,1,0,1
inferno,7,9,16
infernyes,1,0,1
inferred,1,0,1
inferring,0,1,1
infertile,2,1,3
infertility,0,2,2
infest,1,2,3
infestation,13,3,16
infestations,0,1,1
infested,33,10,43
infesting,1,0,1
infests,1,0,1
inffection,1,0,1
inffeldgasse,1,0,1
infidel,3,0,3
infidelity,2,0,2
infield,1,4,5
infiltrated,1,0,1
infiltrating,1,1,2
infin,0,1,1
infinate,0,3,3
infinately,1,0,1
infineon,3,0,3
infiniband,0,1,1
infinispan,1,1,2
infinite,27,58,85
infiniteloop,0,1,1
infinitely,4,7,11
infinitest,2,0,2
infiniti,0,7,7
infinitly,1,0,1
infinitum,1,1,2
infinity,22,22,44
infinte,1,0,1
infinty,1,0,1
infirm,1,1,2
infirmary,0,1,1
infite,1,0,1
infj,0,1,1
infl,0,1,1
inflamation,1,1,2
inflamatories,1,0,1
inflamatory,0,1,1
inflamatry,1,0,1
inflamed,13,1,14
inflammation,6,1,7
inflammatories,1,0,1
inflammatory,5,0,5
inflammed,7,0,7
inflatable,9,12,21
inflatables,0,1,1
inflate,2,3,5
inflateable,0,1,1
inflated,5,9,14
inflating,3,2,5
inflation,6,7,13
inflator,1,0,1
inflection,0,1,1
inflections,0,1,1
inflict,8,5,13
inflicte,0,1,1
inflicted,15,11,26
inflictin,1,0,1
inflicting,2,2,4
infliction,2,0,2
inflight,1,5,6
inflightschool,1,0,1
inflikted,1,0,1
influances,0,1,1
influence,46,95,141
influenced,8,17,25
influencer,1,0,1
influencers,0,2,2
influences,2,19,21
influencial,0,2,2
influencing,1,4,5
influening,0,1,1
influential,0,13,13
influenza,17,7,24
influenzas,0,1,1
influlences,1,0,1
influnce,0,1,1
influncing,0,1,1
influx,3,4,7
infmortative,0,1,1
info,554,1104,1658
infocenter,1,0,1
infocomm,0,4,4
infoether,1,0,1
infographic,0,1,1
infographics,0,1,1
infolinks,1,0,1
infomanager,1,0,1
infomania,1,0,1
infomartion,0,1,1
infomation,2,0,2
infomed,1,0,1
infomercial,6,13,19
infomercially,1,0,1
infomercials,18,13,31
infommercials,1,0,1
infomuscinews,0,1,1
infopath,2,1,3
infopreneur,0,1,1
infoq,0,2,2
infor,3,1,4
inforced,1,0,1
inforks,1,0,1
inform,34,55,89
informa,0,1,1
informace,1,0,1
informacoes,0,1,1
informal,4,12,16
informally,1,3,4
informants,0,1,1
informasi,0,1,1
informated,1,0,1
informatic,1,0,1
informatica,0,1,1
informatics,3,6,9
informatie,0,1,1
informatio,1,0,1
information,164,245,409
informational,1,2,3
informationmanagement,1,0,1
informations,5,3,8
informative,16,57,73
informd,0,1,1
informed,129,98,227
informeded,1,0,1
informer,1,1,2
informers,2,0,2
informing,12,12,24
informitive,1,0,1
informix,1,0,1
informs,4,3,7
inforpress,0,1,1
infortunatly,1,0,1
inforum,0,1,1
infos,7,6,13
infoscion,1,0,1
infosec,2,1,3
infostudio,1,0,1
infosys,1,0,1
infotainment,2,2,4
infotrafic,0,1,1
infotrust,1,0,1
infovis,1,0,1
infoviz,0,1,1
infoway,0,1,1
infoworld,0,1,1
infp,0,1,1
infra,0,2,2
infraccion,1,0,1
infractions,1,0,1
infragistic,1,0,1
infrarecorder,0,1,1
infrared,4,3,7
infrastructure,9,3,12
infrequency,0,1,1
infrequent,2,4,6
infrequently,1,1,2
infringe,0,1,1
infringement,7,3,10
infringes,2,0,2
infringing,1,3,4
infringment,1,0,1
infrnt,0,2,2
infromation,1,0,1
infront,77,54,131
infsum,1,0,1
infuckingcredible,0,1,1
infuckingdeed,0,1,1
infultrated,1,0,1
infuriate,1,0,1
infuriated,3,0,3
infuriates,4,0,4
infuriating,10,2,12
infuriatingly,1,0,1
infuriator,0,1,1
infuse,0,3,3
infused,0,7,7
infuses,0,1,1
infusion,10,11,21
infusions,2,1,3
infuson,1,0,1
infussion,0,1,1
infuture,0,1,1
infy,5,4,9
ing,408,443,851
inga,4,4,8
ingabambina,1,0,1
ingaged,1,0,1
ingak,1,0,1
ingalls,0,1,1
ingame,1,4,5
ingas,1,0,1
ingat,4,11,15
ingats,1,3,4
ingay,1,1,2
inge,2,4,6
ingeborg,2,1,3
ingedients,1,0,1
ingelside,1,0,1
ingen,2,0,2
ingeneral,1,0,1
ingenious,2,6,8
ingeniously,0,1,1
ingenting,0,1,1
ingenuity,0,4,4
ingenuous,1,0,1
ingeous,1,0,1
inger,1,1,2
ingerfinger,1,0,1
ingest,4,3,7
ingested,3,0,3
ingesting,1,2,3
ingestion,1,0,1
inget,2,6,8
ingg,1,0,1
ingget,1,0,1
inggg,0,1,1
ingggggg,1,0,1
ingggggggg,0,1,1
inggit,13,3,16
inggris,2,0,2
inggrischaos,0,1,1
inggrisnya,0,1,1
ingham,0,1,1
ingie,0,1,1
ingiiiiiiin,1,0,1
ingilia,0,1,1
ingin,4,2,6
inginku,1,0,1
ingl,7,4,11
ingle,1,4,5
inglees,1,0,1
ingles,4,7,11
inglesa,0,1,1
ingleside,0,1,1
inglesina,1,0,1
inglewood,4,2,6
inglewoooood,1,0,1
inglis,2,1,3
inglish,0,1,1
inglorious,2,1,3
inglot,0,1,1
ingloucester,1,0,1
inglourious,0,1,1
ingmar,1,1,2
ingnore,1,0,1
ingnoring,1,0,1
ingo,0,5,5
ingogneeeeeto,0,1,1
ingognito,0,1,1
ingorin,1,0,1
ingots,1,0,1
ingrahm,1,0,1
ingrained,1,0,1
ingram,4,4,8
ingrat,2,0,2
ingrates,0,1,1
ingred,0,2,2
ingrediant,1,0,1
ingrediates,1,0,1
ingredient,15,20,35
ingredients,50,59,109
ingredrients,0,1,1
ingreds,0,1,1
ingres,0,2,2
ingressed,1,0,1
ingressos,0,1,1
ingrid,12,22,34
ingridients,0,2,2
inground,1,0,1
ingrown,10,3,13
ingrowns,1,0,1
ings,1,0,1
ington,1,0,1
inguny,0,1,1
ingus,1,0,1
ingvar,1,0,1
ingvill,0,1,1
ingy,0,1,1
inh,0,2,2
inhabit,1,9,10
inhabitable,0,1,1
inhabitants,1,5,6
inhabited,2,2,4
inhabitors,1,0,1
inhailing,0,1,1
inhalation,3,1,4
inhale,8,13,21
inhaled,13,6,19
inhaler,28,9,37
inhalers,2,0,2
inhales,1,2,3
inhaling,6,6,12
inhance,1,1,2
inhanced,0,1,1
inhave,1,0,1
inherent,0,4,4
inherently,2,5,7
inherit,4,3,7
inheritance,3,7,10
inheritances,0,1,1
inherited,11,4,15
inheriting,0,2,2
inhibited,1,0,1
inhibition,0,1,1
inhibitions,0,1,1
inhibitor,1,0,1
inhibits,1,0,1
inhibitting,1,0,1
inhilation,1,0,1
inhos,1,0,1
inhospitable,1,0,1
inhouse,0,2,2
inhouston,0,1,1
inhuman,3,0,3
inhumane,4,4,8
inhumanity,3,0,3
inhumorous,1,0,1
ini,50,51,101
inian,1,0,1
iniative,1,0,1
iniba,0,1,1
inibriated,0,1,1
iniceone,0,1,1
iniciando,0,1,1
iniciandome,0,1,1
inidcated,1,0,1
inidie,0,1,1
inidvidual,1,0,1
inies,0,1,1
iniesta,1,1,2
inifine,0,1,1
inig,1,2,3
inigo,0,2,2
iniii,1,0,1
iniiiiiiiiiiiiit,1,0,1
iniisa,0,1,1
iniisip,3,1,4
iniko,0,1,1
inilifesaya,0,1,1
inimaginabil,0,1,1
inimitable,1,1,2
ining,1,0,1
ininja,0,1,1
inintendo,0,1,1
inintroduce,0,1,1
ininvite,0,1,1
inipi,1,0,1
inipit,1,0,1
inique,1,0,1
iniquity,0,2,2
inira,0,1,1
inis,2,1,3
iniscrone,1,0,1
inishbofin,0,1,1
init,27,21,48
inital,1,0,1
initally,1,0,1
initations,1,0,1
initdb,1,0,1
initech,0,1,1
inited,0,1,1
initial,42,46,88
initialisation,1,0,1
initialise,2,0,2
initialization,1,0,1
initialize,1,0,1
initializer,2,0,2
initially,21,18,39
initials,9,24,33
initialy,1,0,1
initiate,5,4,9
initiated,1,13,14
initiating,2,2,4
initiation,5,9,14
initiations,0,1,1
initiativa,0,1,1
initiative,8,29,37
initiatives,2,2,4
initmate,1,0,1
inits,1,0,1
initt,0,1,1
inittttt,1,0,1
inividual,1,0,1
inivted,0,1,1
iniwan,3,2,5
inj,1,0,1
inja,1,0,1
injackson,0,1,1
injader,0,1,1
injahaaa,1,0,1
inject,8,5,13
injected,10,3,13
injecting,1,1,2
injection,71,13,84
injectionns,1,0,1
injections,55,6,61
injector,0,4,4
injectors,1,0,1
injects,1,0,1
injeg,0,2,2
injektshun,1,0,1
injera,1,0,1
injinji,1,0,1
injoing,1,0,1
injoke,1,1,2
injoy,0,5,5
injred,0,1,1
injunction,1,0,1
injunctions,1,0,1
injung,1,0,1
injure,8,5,13
injured,250,23,273
injurers,1,0,1
injures,3,0,3
injuries,84,29,113
injuring,4,3,7
injurious,2,0,2
injury,183,47,230
injuryed,1,0,1
injurys,1,0,1
injustice,12,2,14
injustices,2,0,2
injusto,1,0,1
ink,141,129,270
inka,3,0,3
inkaaa,0,1,1
inkart,1,0,1
inkberrow,0,1,1
inkblot,1,0,1
inkblots,0,1,1
inkd,1,1,2
inkdeath,1,1,2
inked,7,20,27
inkednation,1,0,1
inker,0,2,2
inkermann,1,0,1
inkfrog,2,2,4
inkheart,2,13,15
inkies,0,1,1
inkigayo,4,4,8
inkin,1,1,2
inking,4,4,8
inkings,0,1,1
inkinnen,0,1,1
inkjet,3,2,5
inkling,3,1,4
inklings,0,2,2
inklingstv,0,1,1
inklink,1,0,1
inklore,0,2,2
inkly,0,1,1
inkn,1,0,1
inknew,1,0,1
inkoldskooldesign,1,0,1
inkonsiderut,1,0,1
inkprincess,0,1,1
inkredible,0,1,1
inkrementierung,1,0,1
inks,0,8,8
inkscape,1,1,2
inkscapemag,0,1,1
inkscaper,0,1,1
inkspell,0,2,2
inkstains,0,1,1
inksters,0,1,1
inktomi,0,1,1
inkubacijska,0,1,1
inkvaders,0,1,1
inkwell,1,0,1
inky,3,7,10
inlab,0,1,1
inlaid,0,1,1
inland,4,6,10
inlanders,1,0,1
inlap,1,0,1
inlaw,6,2,8
inlawing,1,0,1
inlaws,27,18,45
inlay,1,1,2
inlays,1,0,1
inlcude,0,1,1
inlcudes,1,0,1
inlcuding,1,0,1
inless,1,1,2
inlet,4,3,7
inlets,0,1,1
inlezen,0,1,1
inlike,1,0,1
inline,10,15,25
inlines,1,0,1
inlineslalom,1,0,1
inlink,1,0,1
inlinks,0,1,1
inlondon,2,0,2
inloove,0,1,1
inlove,28,39,67
inloved,1,0,1
inloveee,0,1,1
inlovew,1,0,1
inlovewithit,1,0,1
inlude,0,1,1
inluding,0,1,1
inluenza,1,0,1
inlurve,0,1,1
inly,1,0,1
inlyba,0,1,1
inm,2,1,3
inma,0,1,1
inman,4,1,5
inmanencia,0,1,1
inmate,2,0,2
inmates,3,5,8
inmature,1,0,1
inmed,0,1,1
inmediately,0,1,1
inmon,1,0,1
inmortal,0,1,1
inmy,4,2,6
inmyhead,1,1,2
inmypants,0,2,2
inmysweetestdreams,1,0,1
inn,56,75,131
inna,9,21,30
innabit,1,0,1
innaface,1,0,1
innagual,0,1,1
innaloo,0,1,1
innane,1,0,1
innappropriate,0,1,1
innapropriate,1,0,1
innards,4,1,5
innate,1,4,5
innately,1,0,1
innawhile,0,1,1
inncident,1,0,1
inne,0,1,1
innebriated,0,1,1
inned,0,1,1
inneed,1,0,1
innen,0,1,1
inner,64,116,180
innerchange,0,1,1
innerchild,1,0,1
innercircle,0,1,1
innercoastal,0,1,1
innerlesbo,0,1,1
innernet,0,2,2
innerpartysystem,0,3,3
inners,1,0,1
innersoul,1,0,1
innertube,1,1,2
innertubes,1,0,1
innerworkings,1,0,1
innes,0,2,2
innest,0,1,1
innie,0,1,1
inniiiitttt,0,1,1
innin,1,0,1
inning,40,22,62
innings,31,23,54
innis,0,1,1
innisfail,1,0,1
innisfil,0,1,1
innisfree,0,1,1
innishannon,0,1,1
innit,33,27,60
innitt,0,2,2
inniu,0,1,1
innkeeper,1,1,2
innn,7,4,11
innner,0,1,1
innning,0,1,1
innnk,0,1,1
innnn,0,3,3
innnnn,1,2,3
innnnnn,1,4,5
innnnnnn,0,1,1
innnteresting,0,2,2
inno,3,0,3
innocence,15,17,32
innocencexo,1,0,1
innocense,1,0,1
innocent,91,99,190
innocently,5,4,9
innocents,1,3,4
innoculation,2,0,2
innoculations,0,1,1
innocuous,0,1,1
innotek,1,0,1
innout,4,2,6
innov,0,1,1
innova,2,2,4
innovate,0,1,1
innovatechurch,0,1,1
innovater,1,0,1
innovating,1,3,4
innovation,10,27,37
innovations,3,5,8
innovationvouchers,0,1,1
innovative,11,21,32
innovativegraphiks,0,1,1
innovator,0,1,1
innovators,0,4,4
innovatronix,0,1,1
innovention,1,0,1
inns,1,2,3
innsbruck,3,1,4
innuendo,4,8,12
innuendos,1,3,4
innumerable,3,1,4
inny,3,3,6
innyc,1,1,2
innyyyyyy,1,0,1
ino,27,10,37
inocalla,1,0,1
inocencio,0,1,1
inocent,3,0,3
inoculated,1,0,1
inodes,1,0,1
inokea,1,0,1
inolving,0,1,1
inom,1,1,2
inoo,2,1,3
inooo,3,1,4
inoooooo,1,0,1
inop,2,0,2
inoperable,5,0,5
inopportune,4,1,5
inorbit,0,1,1
inorder,0,2,2
inordinate,1,1,2
inordinately,0,1,1
inorganic,1,0,1
inorged,1,0,1
inorite,3,7,10
inoriteee,1,0,1
inot,1,1,2
inoteca,0,1,1
inotes,0,1,1
inotia,1,0,1
inoue,1,0,1
inour,0,1,1
inovaprime,0,1,1
inovativ,1,0,1
inoventors,0,1,1
inover,0,1,1
inox,4,1,5
inoying,1,0,1
inpacking,1,0,1
inpact,1,0,1
inpacting,0,1,1
inpage,1,0,1
inparticular,1,2,3
inpassing,0,2,2
inpatient,1,0,1
inpdx,1,0,1
inperson,1,0,1
inperticular,0,1,1
inphotoshop,0,1,1
inpill,1,0,1
inpiration,0,1,1
inpirational,0,1,1
inpired,0,1,1
inpiring,0,1,1
inplace,0,1,1
inplant,1,0,1
inplants,0,1,1
inportant,0,3,3
inpossible,1,0,1
inpound,0,1,1
inpounded,1,0,1
inpowering,0,1,1
inpredictable,0,1,1
inprepared,0,1,1
inpromptu,1,0,1
inprove,1,0,1
inpsect,1,0,1
inpsire,1,0,1
inpulse,0,1,1
input,48,102,150
inputfromfile,0,1,1
inputs,1,4,5
inputted,1,0,1
inputting,7,8,15
inq,2,1,3
inqmobile,1,0,1
inqueery,0,1,1
inquery,1,0,1
inquest,1,1,2
inquiete,1,0,1
inquire,3,6,9
inquired,1,3,4
inquirer,4,0,4
inquires,1,1,2
inquiries,5,7,12
inquiring,3,15,18
inquiry,2,7,9
inquis,1,0,1
inquisition,4,3,7
inquisitios,1,0,1
inquisitive,1,1,2
inquisitor,0,2,2
inquisitorx,1,0,1
inquisitr,1,0,1
inquisitrix,1,0,1
inquizitor,1,0,1
inr,7,1,8
inre,0,1,1
inreconceilable,1,0,1
inreresting,1,0,1
inrerview,0,1,1
inroducing,0,1,1
inront,0,1,1
inrsoul,0,1,1
inrusd,0,1,1
ins,72,63,135
insa,3,1,4
insaaaaaaannneeeeeeeee,0,1,1
insaaaaaane,0,1,1
insaaaaane,1,0,1
insaaaane,1,1,2
insaaannnee,0,1,1
insaannnee,0,1,1
insade,0,1,1
insaine,1,2,3
insainly,0,1,1
insalata,0,3,3
insan,2,1,3
insane,360,280,640
insanedefaults,1,0,1
insanee,2,1,3
insaneee,0,1,1
insaneeee,0,1,1
insaneeeeee,0,1,1
insanejournal,1,0,1
insanely,82,62,144
insanelymac,2,0,2
insani,1,0,1
insania,0,1,1
insanitarium,0,1,1
insanity,27,46,73
insanityyyyy,1,0,1
insanley,0,1,1
insanly,2,1,3
insanneee,0,1,1
insanse,0,1,1
insant,0,1,1
insasne,1,0,1
insated,0,1,1
insatiable,3,2,5
inschool,2,0,2
inscrever,1,0,1
inscrevi,0,1,1
inscribed,0,1,1
inscriber,1,0,1
inscription,2,0,2
inscure,1,0,1
insde,2,0,2
insdide,1,0,1
insdie,1,0,1
insead,2,1,3
inseamna,0,1,1
insearchofnkotb,0,1,1
insect,32,9,41
insecticidal,1,0,1
insects,28,22,50
insecure,38,14,52
insecurities,8,6,14
insecurity,6,5,11
inseland,1,0,1
inseminate,0,1,1
insence,3,0,3
insencitive,1,0,1
insens,1,0,1
insense,1,1,2
insensitive,18,6,24
insent,1,0,1
insentive,0,1,1
inseparable,2,11,13
insepction,1,0,1
inseperable,4,2,6
insert,58,56,114
inserted,6,6,12
inserthowmanydayslefthere,0,1,1
inserting,3,2,5
insertion,1,1,2
inserts,11,8,19
inservice,2,3,5
insestual,1,0,1
inset,3,5,8
insex,1,0,1
insfection,1,0,1
insh,1,0,1
insha,2,6,8
inshaa,0,1,1
inshaallah,3,4,7
inshala,0,1,1
inshalah,1,2,3
inshalla,2,9,11
inshallah,4,20,24
inshalllah,0,1,1
inshape,0,2,2
inside,1585,807,2392
insidebigbrother,1,0,1
insideedition,0,1,1
insidejoke,0,1,1
insidemma,1,0,1
insidemobile,0,1,1
insidents,0,1,1
insideobamawh,0,1,1
insideout,0,1,1
insider,10,19,29
insideria,0,1,1
insiders,2,7,9
insides,41,5,46
insidethisfantasyitseemssoreal,1,0,1
insidious,1,1,2
insight,11,70,81
insightful,4,37,41
insighting,1,0,1
insights,3,22,25
insignia,3,2,5
insignificance,1,0,1
insignificant,11,9,20
insincere,1,2,3
insincerity,0,2,2
insinde,1,0,1
insine,1,0,1
insing,1,1,2
insinuate,1,0,1
insinuated,0,1,1
insinuating,2,1,3
insinuation,1,0,1
insinuations,1,0,1
insipartion,0,1,1
insipid,3,0,3
insipidness,0,1,1
insipiration,0,1,1
insipirations,0,1,1
insipiring,0,1,1
insipred,1,0,1
insirational,0,1,1
insirstion,0,1,1
insist,51,33,84
insistance,0,1,1
insistantly,1,0,1
insistd,1,0,1
insisted,15,10,25
insistence,3,3,6
insistent,1,0,1
insisting,10,6,16
insistoooooo,1,0,1
insists,23,11,34
insit,1,0,1
insite,1,2,3
insitigatin,1,0,1
insititute,0,1,1
insits,1,0,1
insley,1,0,1
insocialmedia,0,1,1
insolation,1,0,1
insole,0,1,1
insolent,0,1,1
insoles,6,1,7
insolvency,1,2,3
insolvent,1,0,1
insom,2,1,3
insomanic,0,1,1
insomia,10,1,11
insomiac,0,2,2
insomic,1,0,1
insomina,6,0,6
insominia,1,2,3
insommia,1,0,1
insommmm,1,0,1
insommnia,1,0,1
insomni,0,2,2
insomnia,485,122,607
insomniaa,3,0,3
insomniaaa,1,0,1
insomniaaaa,1,0,1
insomniaaaaa,0,1,1
insomniaaaaaaa,1,0,1
insomniaaaaaaaaaa,1,0,1
insomniac,58,36,94
insomniacgrafx,0,1,1
insomniacs,6,10,16
insomnias,1,0,1
insomniasex,1,0,1
insomniated,1,0,1
insomniatic,3,1,4
insomniiiaaaaaaaaaaaa,1,0,1
insomnimackie,0,1,1
insomnio,1,0,1
insomnitweets,1,0,1
insomniugh,1,0,1
insomnnia,1,0,1
insonia,3,0,3
insonias,1,0,1
insonmia,1,0,1
inspaaaaaaaa,1,0,1
insparation,0,2,2
inspect,3,7,10
inspected,13,3,16
inspecting,4,2,6
inspection,64,20,84
inspections,6,5,11
inspector,14,11,25
inspectors,4,1,5
inspects,1,0,1
inspektor,0,1,1
insperation,3,4,7
insperational,0,1,1
inspiiiiiiiired,0,1,1
inspir,1,0,1
inspira,1,0,1
inspirated,0,1,1
inspiration,151,440,591
inspirational,24,122,146
inspirations,0,16,16
inspirative,0,1,1
inspiratn,0,1,1
inspirattion,0,1,1
inspire,21,111,132
inspired,92,383,475
inspireing,0,1,1
inspireme,1,0,1
inspires,6,36,42
inspiriat,0,1,1
inspiriation,1,0,1
inspiring,40,247,287
inspiringgg,1,0,1
inspiringly,1,0,1
inspiringness,0,1,1
inspirion,0,2,2
inspiro,0,1,1
inspiron,5,3,8
inspitational,0,1,1
inspite,3,5,8
inspoiration,1,0,1
insprational,1,0,1
inspriation,0,1,1
inspring,0,2,2
insruance,0,1,1
insssane,1,0,1
insstructions,1,0,1
inst,0,1,1
insta,4,3,7
instabanned,1,0,1
instabilities,1,0,1
instability,2,0,2
instable,0,1,1
instablogs,4,2,6
instaed,0,1,1
instaflix,1,0,1
instailed,0,1,1
instal,3,3,6
instalacija,0,1,1
instalado,1,0,1
instalando,0,1,1
instalar,1,0,1
instalation,1,0,1
instaled,1,1,2
install,521,219,740
installable,0,1,1
installateur,0,1,1
installation,50,35,85
installations,4,6,10
installd,1,1,2
installe,0,1,1
installed,294,249,543
installement,0,1,1
installer,19,13,32
installers,2,1,3
installiert,0,1,1
installiin,1,0,1
installin,0,1,1
installing,173,183,356
installling,1,0,1
installment,9,13,22
installments,6,2,8
installn,1,0,1
installous,5,1,6
installs,18,14,32
installthe,1,0,1
instalments,0,1,1
instalous,1,0,1
instaluju,0,1,1
instamapper,1,1,2
instamatic,1,1,2
instancce,0,1,1
instance,25,25,50
instances,5,6,11
instand,0,1,1
instant,145,133,278
instantaneous,2,2,4
instantaneously,2,0,2
instantani,1,0,1
instantdeath,0,1,1
instantiate,0,1,1
instantly,65,59,124
instants,1,0,1
instapaper,2,2,4
instaviz,0,1,1
instaweb,0,1,1
instd,3,0,3
insteaaad,0,1,1
instead,2511,1580,4091
insteada,0,1,1
insteaddd,1,0,1
insteadddd,1,1,2
insteak,0,1,1
insteas,0,1,1
insted,18,8,26
insteda,0,2,2
instelled,1,0,1
instend,1,0,1
instense,1,0,1
instensive,1,0,1
instes,0,1,1
insti,0,2,2
instict,1,2,3
instigate,1,0,1
instigated,0,1,1
instigating,0,1,1
instigator,1,1,2
instigatorrrr,0,1,1
instigators,1,0,1
instill,2,2,4
instilled,1,0,1
instilling,0,2,2
instinct,26,20,46
instinctfully,1,0,1
instinctive,0,1,1
instinctively,1,2,3
instincts,11,16,27
instinxct,1,0,1
instituition,1,0,1
institut,1,1,2
institute,21,25,46
institutes,1,1,2
instituting,0,1,1
institution,10,7,17
institutional,3,0,3
institutionalism,0,1,1
institutions,1,4,5
instock,1,0,1
instore,6,12,18
instores,1,0,1
instr,2,0,2
instresting,0,1,1
instriped,0,1,1
instroment,1,0,1
instruct,0,3,3
instructable,0,2,2
instructables,2,0,2
instructed,6,3,9
instructify,0,1,1
instructiion,1,0,1
instructing,1,0,1
instruction,15,10,25
instructional,4,5,9
instructions,49,69,118
instructor,39,31,70
instructors,8,6,14
instrument,17,38,55
instrumental,9,23,32
instrumentalists,0,1,1
instrumentals,5,7,12
instrumentation,1,0,1
instruments,25,25,50
insttalled,0,1,1
instulting,1,0,1
instument,0,1,1
instumental,0,1,1
instupituous,0,1,1
instyle,1,2,3
instyler,0,1,1
insua,0,1,1
insuance,0,1,1
insubordination,1,0,1
insue,0,2,2
insufferable,1,2,3
insufferably,1,0,1
insufficiency,1,0,1
insufficient,8,2,10
insufflating,1,0,1
insula,0,1,1
insular,1,1,2
insulate,1,0,1
insulated,1,2,3
insulation,6,4,10
insulator,1,0,1
insulin,9,9,18
insulinoma,1,0,1
insult,56,33,89
insulted,22,15,37
insulting,21,8,29
insults,11,11,22
insurace,0,1,1
insuran,2,0,2
insurance,326,90,416
insurancebox,0,1,1
insurancee,0,1,1
insurances,2,0,2
insure,7,6,13
insured,19,3,22
insurence,0,2,2
insurer,0,1,1
insurers,3,1,4
insurging,0,1,1
insuring,2,1,3
insurmountable,0,1,1
insv,1,0,1
insy,0,1,1
insya,0,4,4
insyaallah,0,6,6
insyallah,2,0,2
insyd,1,0,1
insync,0,1,1
int,65,48,113
inta,1,3,4
intact,16,27,43
intactivism,0,1,1
intai,0,1,1
intake,35,31,66
intakes,1,1,2
intalneste,0,1,1
intalnit,1,0,1
intamin,0,1,1
intan,1,2,3
intangible,2,1,3
intantly,0,1,1
intarbutts,1,0,1
intargu,0,1,1
intarrresting,0,1,1
intartubes,2,0,2
intarweb,5,2,7
intarwebs,3,0,3
intarwebz,1,0,1
intay,0,2,2
intchy,1,0,1
inte,6,3,9
intead,1,0,1
inteeegggrraaaa,1,0,1
inteenet,1,0,1
inteface,1,0,1
integer,4,2,6
integr,0,1,1
integra,1,0,1
integraed,0,1,1
integral,1,7,8
integrale,0,1,1
integrals,1,0,1
integrate,10,24,34
integrated,14,23,37
integrates,1,5,6
integrating,2,11,13
integration,47,47,94
integrative,0,2,2
integrator,0,1,1
integrators,1,0,1
integratron,1,0,1
integrity,7,15,22
integrovat,0,1,1
inteira,1,0,1
inteiro,0,1,1
inteklectual,0,1,1
intel,43,17,60
intelclassic,0,1,1
intelectual,2,1,3
intelectually,1,0,1
intelectuals,0,1,1
inteleg,1,0,1
inteligence,0,1,1
inteligent,1,2,3
inteligente,2,1,3
inteligint,0,1,1
intell,1,0,1
intellect,4,8,12
intellectlly,0,1,1
intellectual,10,26,36
intellectually,3,1,4
intellectuals,0,3,3
intellegence,0,1,1
intelli,0,1,1
intellicig,1,0,1
intellient,0,1,1
intelligant,0,2,2
intelligence,11,42,53
intelligent,22,92,114
intelligentis,1,0,1
intelligentsia,1,4,5
intellij,4,5,9
intellinonsense,0,1,1
intelliscreen,1,0,1
intellisense,4,1,5
intells,0,1,1
intence,0,1,1
intencion,0,1,1
intend,29,59,88
intended,58,100,158
intendin,1,0,1
intending,6,4,10
intends,0,7,7
intene,0,1,1
intenet,2,0,2
intensa,1,0,1
intense,202,189,391
intensedebate,1,2,3
intensee,1,1,2
intenseee,0,1,1
intenseeee,0,1,1
intensely,12,11,23
intensified,1,0,1
intensify,0,2,2
intensifying,2,0,2
intension,0,1,1
intensities,1,0,1
intensity,11,13,24
intensive,27,25,52
intensivelly,1,0,1
intensively,1,1,2
intensives,0,1,1
intensly,2,1,3
intensseeee,0,1,1
intent,15,29,44
intentando,1,0,1
intentarem,0,1,1
intentarlo,1,0,1
intential,0,1,1
intention,26,39,65
intentional,13,16,29
intentionally,14,17,31
intentioned,0,1,1
intentions,35,47,82
intently,1,6,7
intents,1,1,2
inter,12,12,24
interact,17,42,59
interacted,1,5,6
interacter,0,1,1
interacting,6,9,15
interactio,0,1,1
interaction,15,48,63
interactions,5,4,9
interactive,15,38,53
interactiveamy,1,0,1
interactivity,0,5,5
interacts,0,4,4
interbatch,0,1,1
interbed,1,0,1
intercept,7,2,9
intercepted,3,0,3
intercepter,1,0,1
intercepting,1,0,1
interception,2,1,3
interceptions,1,0,1
interceptor,0,2,2
interceptors,1,1,2
intercession,0,2,2
interchangable,1,1,2
interchangably,0,1,1
interchange,3,5,8
interchangeable,4,3,7
interchangeably,0,3,3
intercity,1,0,1
intercollege,1,0,1
intercom,1,1,2
interconnect,0,1,1
interconnected,0,2,2
interconnectedness,0,1,1
interconti,0,2,2
intercontinental,4,4,8
intercooler,1,0,1
intercostal,0,1,1
intercourse,3,3,6
intercp,1,0,1
intercultural,0,3,3
interdigital,1,0,1
intere,0,1,1
interenet,5,3,8
interent,7,3,10
interents,0,1,1
interersting,0,1,1
interes,1,2,3
interesant,0,7,7
interesante,2,3,5
intereseted,0,1,1
interesing,0,2,2
interesitng,1,0,1
interessa,1,0,1
interessado,1,0,1
interessant,0,4,4
interessante,0,1,1
interessanter,1,1,2
interessantes,0,1,1
interessar,1,0,1
interessed,1,0,1
interessted,1,1,2
interessting,2,2,4
interest,165,236,401
interestd,0,1,1
interested,272,712,984
interesti,1,0,1
interestig,1,0,1
interestign,0,1,1
interestiing,0,1,1
interestin,13,11,24
interesting,910,2406,3316
interestinggg,0,3,3
interestingly,2,9,11
interestingness,0,1,1
interestink,1,0,1
interestint,0,1,1
interestng,0,1,1
interestning,0,1,1
interestong,0,1,1
interests,17,45,62
intereting,0,2,2
interface,84,85,169
interfaced,1,0,1
interfaces,3,8,11
interfacing,1,2,3
interfaith,0,1,1
interfase,0,2,2
interfear,0,1,1
interfer,2,0,2
interfere,14,11,25
interfered,2,2,4
interference,7,2,9
interferes,7,3,10
interfering,9,5,14
interferring,1,0,1
interfiling,1,0,1
interflora,1,1,2
interfriend,0,1,1
intergalactic,1,1,2
intergalatic,0,1,1
intergenerational,0,1,1
intergestion,2,0,2
intergrated,1,2,3
intergration,0,1,1
interhigh,0,1,1
interhouse,2,0,2
interim,8,4,12
interior,33,28,61
interiordesign,0,3,3
interiors,3,6,9
interisting,0,1,1
interivew,1,1,2
interjected,1,0,1
interjection,0,1,1
interlaced,1,0,1
interlachen,0,1,1
interlacing,1,0,1
interleague,2,1,3
interlerd,1,0,1
interlock,1,1,2
interlocking,1,0,1
interlude,3,3,6
interludes,1,0,1
intermed,0,1,1
intermediair,0,1,1
intermediaries,0,1,1
intermediate,6,3,9
intermets,0,1,1
intermezzo,1,4,5
interminable,1,0,1
intermingled,1,0,1
intermission,9,8,17
intermittant,2,1,3
intermittent,16,3,19
intermittently,5,2,7
intermix,1,2,3
intern,56,68,124
internacionais,0,1,1
internacional,1,1,2
internado,0,1,1
internal,77,52,129
internalize,0,1,1
internally,10,2,12
internals,5,0,5
internation,1,1,2
international,153,197,350
internationalis,0,1,1
internationally,8,8,16
internationalmusicday,0,1,1
internationals,2,1,3
internatzionala,1,0,1
internazionale,0,1,1
internect,1,0,1
interned,2,0,2
interneeeet,1,0,1
interneeet,2,0,2
internel,0,1,1
interner,1,1,2
internert,1,0,1
interness,0,1,1
internests,0,1,1
internet,3520,1366,4886
internetconnection,1,0,1
interneters,0,1,1
internetfor,1,0,1
internetgemeinde,0,1,1
internetically,0,1,1
internetis,1,0,1
internetless,10,1,11
internetlessness,0,1,1
internetlujo,0,1,1
internetness,1,0,1
internetology,0,1,1
internets,145,59,204
internetshop,0,1,1
internetshopping,0,1,1
internetsites,0,1,1
internetsssss,2,1,3
internett,1,0,1
internettery,1,0,1
internetting,1,1,2
internettt,1,0,1
internetvianetbook,1,0,1
internetweek,3,5,8
internetz,25,9,34
internhip,1,0,1
internin,0,1,1
interning,18,17,35
internmates,0,1,1
internment,0,2,2
internode,6,4,10
internoodles,1,0,1
internqueen,0,1,1
interns,29,32,61
internship,136,133,269
internships,8,12,20
internshp,0,1,1
internte,0,1,1
interntet,1,0,1
interntional,0,1,1
interntl,0,1,1
interntzless,1,0,1
interon,1,0,1
interop,5,3,8
interoperability,1,0,1
interoperably,1,0,1
interp,1,0,1
interpald,0,1,1
interperater,1,0,1
interpersonal,3,1,4
interpersonalt,1,0,1
interphex,0,1,1
interplanting,1,0,1
interplay,0,1,1
interpol,1,6,7
interpolll,1,0,1
interpratation,0,1,1
interprate,1,0,1
interpreatation,1,0,1
interpret,2,13,15
interpretation,5,28,33
interpretations,1,3,4
interpreted,8,5,13
interpreter,2,4,6
interpreters,0,1,1
interpreting,4,7,11
interpretive,0,2,2
interpretor,0,1,1
interprets,1,1,2
interpups,1,0,1
interracial,2,3,5
interracially,0,1,1
interrest,0,1,1
interrested,1,0,1
interresting,1,2,3
interrgo,1,0,1
interrnet,1,0,1
interroballs,1,0,1
interrogate,1,2,3
interrogated,3,2,5
interrogation,1,3,4
interrogations,1,0,1
interruped,1,1,2
interrupt,10,12,22
interrupted,61,21,82
interrupting,10,10,20
interruption,7,8,15
interruptions,4,12,16
interrupts,6,2,8
interruptuions,0,1,1
interruptus,1,0,1
interrwined,1,0,1
inters,0,1,1
intersante,0,1,1
interschool,0,1,1
interscope,1,2,3
intersect,1,1,2
intersection,11,6,17
intersections,2,0,2
intersects,0,1,1
intersella,0,1,1
intersem,0,1,1
intersession,1,0,1
intersesting,0,1,1
interset,1,0,1
interseting,0,5,5
intersex,1,0,1
intership,1,1,2
interspecies,0,1,1
interspersed,0,2,2
interspire,2,0,2
interst,2,0,2
interstate,23,13,36
interstates,1,0,1
intersted,1,5,6
interstellar,0,1,1
interstinal,1,0,1
intersting,5,18,23
interstitial,1,0,1
intersubjectively,0,1,1
intert,1,0,1
intertained,0,1,1
intertainmenting,0,1,1
intertel,0,1,1
intertesting,1,0,1
intertextual,1,0,1
intertines,0,1,1
intertube,1,1,2
intertubed,1,0,1
intertubes,4,5,9
intertubez,1,0,1
intertweet,0,1,1
intertwined,1,2,3
intertwining,0,1,1
intertwit,1,0,1
interuppting,0,1,1
interupt,1,0,1
interupted,10,1,11
interupting,4,1,5
interuption,3,0,3
interuptions,1,1,2
interuptting,0,1,1
interuptuss,0,1,1
interval,18,19,37
intervalometer,1,0,1
intervals,18,12,30
interveiw,5,6,11
interveiws,0,1,1
intervene,1,5,6
intervened,1,2,3
intervenes,1,0,1
intervention,47,42,89
interventionist,0,1,1
interventions,2,1,3
intervetion,0,1,1
intervew,1,0,1
intervie,0,1,1
intervieuw,1,1,2
interview,717,1152,1869
interviewd,2,0,2
interviewed,35,67,102
interviewee,0,5,5
interviewees,4,0,4
interviewer,4,4,8
interviewers,0,4,4
interviewhin,0,1,1
interviewin,0,1,1
interviewing,27,38,65
interviewproject,1,0,1
interviews,114,179,293
interviewstreet,0,1,1
intervieww,0,1,1
intervired,1,0,1
intervirw,1,0,1
interviu,1,0,1
interwar,1,0,1
interweb,26,13,39
interwebbed,1,0,1
interwebbing,0,1,1
interwebby,2,0,2
interwebless,1,0,1
interwebnet,1,0,1
interwebs,46,38,84
interwebsss,1,0,1
interwebssss,0,1,1
interweby,1,0,1
interwebz,35,10,45
interweebs,0,1,1
interwiew,0,1,1
interworld,0,2,2
interwoven,0,1,1
interwsting,0,1,1
interwubs,1,0,1
intese,0,1,1
intesive,1,0,1
intestering,1,0,1
intestinal,4,1,5
intestine,3,3,6
intestines,8,7,15
inteview,2,0,2
intexas,1,0,1
intezar,1,0,1
intezone,0,1,1
intf,0,1,1
intfc,0,1,1
intg,1,0,1
intglos,0,1,1
intha,1,2,3
inthe,13,8,21
inthebackgroundsoididn,1,0,1
inthebattle,0,1,1
inthemail,0,1,1
inthemost,1,0,1
inthenicesway,0,1,1
inthepants,1,0,1
inthepressofeverykiss,0,1,1
inthere,0,1,1
intheseriesimnotfuckinhappy,0,1,1
inthespotlight,0,1,1
inthink,1,0,1
inthought,1,0,1
inti,2,1,3
intial,1,0,1
intials,0,2,2
intights,0,1,1
intikam,0,1,1
intil,2,1,3
intill,2,5,7
intimacy,4,3,7
intimadating,1,0,1
intimate,10,17,27
intimately,1,0,1
intimdated,0,1,1
intime,2,1,3
intimedated,0,1,1
intimid,1,0,1
intimidate,5,3,8
intimidated,8,9,17
intimidates,1,0,1
intimidating,14,13,27
intimidation,0,2,2
intimpla,1,0,1
intin,0,1,1
intinya,0,1,1
intip,1,0,1
intire,0,2,2
intitiative,0,1,1
intitled,0,1,1
intj,1,1,2
intl,11,16,27
intld,1,0,1
intlwomanofmystery,0,1,1
intnded,0,1,1
intnet,0,1,1
intnl,1,1,2
into,6037,5301,11338
intofeverdreams,0,1,1
intol,0,1,1
intolence,0,1,1
intolerable,6,0,6
intolerance,22,5,27
intolerances,1,0,1
intolerant,45,7,52
intolerantly,0,1,1
intolerent,1,0,1
intollerant,2,0,2
intollerent,1,0,1
intomy,1,0,1
intonation,0,2,2
intonations,0,1,1
intooo,1,1,2
intoooo,0,1,1
intop,1,0,1
intorduce,0,1,1
intors,2,0,2
intosh,1,0,1
intothe,0,1,1
intouch,3,3,6
intown,4,0,4
intox,1,0,1
intoxicated,10,22,32
intoxicating,2,2,4
intoxicatingly,0,1,1
intoxication,3,2,5
intp,2,3,5
intpc,0,1,1
intr,1,3,4
intra,2,2,4
intracranial,1,0,1
intraday,0,1,1
intradevar,0,1,1
intrahost,0,1,1
intrails,1,0,1
intrams,2,0,2
intramural,1,0,1
intramuros,1,1,2
intraneats,1,0,1
intranet,8,7,15
intranets,2,0,2
intransitive,1,0,1
intrappen,0,1,1
intrat,0,2,2
intravenous,2,4,6
intravenously,1,0,1
intraweb,1,0,1
intrawebz,1,0,1
intray,1,0,1
intre,1,1,2
intreasting,0,1,1
intreb,0,1,1
intrebam,0,1,1
intrebat,1,0,1
intrecciato,0,1,1
intregity,0,1,1
intreguing,0,1,1
intreped,0,1,1
intrepid,3,10,13
intreresting,0,1,1
intreseted,0,2,2
intressted,0,1,1
intressting,0,1,1
intrest,6,0,6
intrestd,1,0,1
intrested,3,6,9
intrestig,0,1,1
intresting,22,17,39
intrewebz,0,1,1
intricate,4,2,6
intricately,1,0,1
intriga,1,0,1
intriging,0,1,1
intrigue,1,10,11
intrigued,23,47,70
intrigues,2,4,6
intriguing,11,51,62
intriguingly,2,0,2
intrinsec,0,1,1
intrinsic,0,1,1
intrinsically,0,1,1
intriuging,0,1,1
intrnet,3,0,3
intrnt,1,0,1
intro,62,151,213
introduce,27,119,146
introduced,26,86,112
introduces,0,2,2
introducing,8,89,97
introducting,0,1,1
introduction,20,31,51
introductions,0,9,9
introductory,1,10,11
intrometida,0,1,1
introoo,0,1,1
introooo,0,1,1
intros,2,10,12
introspection,1,0,1
introspective,0,2,2
introtuced,0,1,1
introuble,2,1,3
introvert,3,6,9
introverted,1,3,4
introverts,1,1,2
intrsn,0,1,1
intrstd,1,0,1
intrsted,0,1,1
intrstng,1,1,2
intructions,0,1,1
intructor,1,0,1
intructors,0,1,1
intrude,3,0,3
intruder,3,3,6
intruders,3,0,3
intruding,1,2,3
intruduction,0,1,1
intruiged,0,1,1
intrument,0,1,1
intrumentals,0,1,1
intruption,1,0,1
intrusion,2,2,4
intrusive,4,2,6
intrusivly,1,0,1
intrview,0,1,1
intrygue,0,1,1
intsead,1,0,1
intsrumental,1,0,1
intstead,0,1,1
intubated,1,0,1
intuicion,1,0,1
intuit,3,3,6
intuition,8,15,23
intuitive,6,17,23
intuitively,1,3,4
intuitivereasoning,1,0,1
intune,0,1,1
intunes,1,0,1
intuos,5,2,7
inturn,1,0,1
inturrupted,2,0,2
intus,1,0,1
intussusception,0,1,1
intute,0,1,1
intvu,1,0,1
intvw,0,1,1
intvwer,0,1,1
intw,0,2,2
intweetion,0,1,1
inty,0,1,1
intyo,1,0,1
intypecommander,1,0,1
inu,3,6,9
inuendo,0,1,1
inuendos,1,0,1
inuits,1,0,1
inukitan,1,0,1
inulit,1,0,1
inuman,0,2,2
inundate,0,1,1
inundated,9,5,14
inundation,0,1,1
inupload,2,0,2
inurance,1,0,1
inutero,0,2,2
inutil,1,0,1
inutos,0,1,1
inuyasha,0,3,3
inv,3,0,3
invad,1,0,1
invade,6,18,24
invaded,17,7,24
invader,4,6,10
invaders,6,13,19
invades,5,3,8
invadin,0,1,1
invading,16,8,24
invalid,58,9,67
invaluable,3,8,11
invariably,6,4,10
invarte,1,0,1
invasion,17,18,35
invasions,2,1,3
invasive,4,4,8
invat,1,0,1
invatacel,0,1,1
invatat,1,2,3
invation,0,2,2
invats,1,0,1
inve,0,1,1
inveigh,0,1,1
inveja,4,3,7
invent,32,32,64
inventar,0,1,1
inventary,0,1,1
invented,61,98,159
inventing,7,9,16
invention,12,31,43
inventions,2,5,7
inventive,0,12,12
inventiveness,0,1,1
inventon,0,1,1
inventor,4,11,15
inventories,1,0,1
inventors,1,3,4
inventory,54,32,86
invents,1,2,3
inveraray,0,1,1
invercargill,1,0,1
inverleith,0,1,1
inverloch,1,1,2
inverness,8,7,15
inverno,1,0,1
invers,1,0,1
inverse,4,8,12
inversely,1,1,2
inversion,2,2,4
invert,3,1,4
invertabrates,0,1,1
inverted,4,6,10
inverter,8,1,9
invertibrate,0,1,1
inverurie,1,1,2
invest,36,50,86
invested,11,16,27
investfest,0,1,1
investigando,1,0,1
investigasi,1,0,1
investigate,17,28,45
investigated,7,4,11
investigates,1,2,3
investigatie,0,1,1
investigating,15,21,36
investigation,21,18,39
investigationing,0,1,1
investigations,3,4,7
investigative,4,4,8
investigator,0,3,3
investigators,2,1,3
investigatory,1,1,2
investimagations,1,0,1
investing,11,18,29
investment,24,63,87
investmentmultiplicator,1,0,1
investments,7,6,13
investor,5,12,17
investors,9,11,20
invests,0,2,2
invi,2,1,3
inviat,0,4,4
inviataion,0,1,1
invicible,1,0,1
invictis,0,1,1
invictus,0,1,1
invidiat,0,1,1
invied,0,1,1
invigelation,1,0,1
invigilate,1,0,1
invigilating,4,0,4
invigilation,1,1,2
invigilator,1,0,1
invigilators,1,0,1
invigorate,0,1,1
invigorated,1,2,3
invigorates,0,1,1
invigorating,1,8,9
invigoration,0,1,1
invigorator,1,0,1
invigulator,1,0,1
invincible,9,10,19
invincibles,1,0,1
invinible,0,1,1
invinsible,1,0,1
invinsibleee,0,1,1
invinted,1,0,1
invis,1,0,1
invisable,5,2,7
invisalign,7,2,9
invisalines,1,0,1
invisble,2,0,2
invisbleshields,0,1,1
invisi,1,1,2
invisibility,3,5,8
invisibillity,0,1,1
invisible,98,57,155
invisiblechildren,0,1,1
invisibles,0,1,1
invisibleshield,4,1,5
invisibly,1,2,3
invisilbe,1,0,1
invisishield,1,0,1
invisivel,1,0,1
invit,2,2,4
invita,1,0,1
invitable,0,1,1
invitado,0,1,1
invitaiton,0,1,1
invitan,2,1,3
invitarion,0,1,1
invitatie,1,0,1
invitatio,1,0,1
invitation,65,93,158
invitational,0,1,1
invitationnn,0,1,1
invitationnya,0,1,1
invitations,24,38,62
invite,574,538,1112
invited,471,283,754
invitee,1,0,1
invitees,1,0,1
invites,66,98,164
invitesy,1,0,1
invitet,0,1,1
invitey,1,0,1
invitiation,0,1,1
invitiiies,0,1,1
invitin,0,1,1
inviting,63,67,130
invitinq,1,0,1
invito,0,1,1
invitro,1,0,1
invitw,1,0,1
invlolved,1,0,1
invloving,0,1,1
invogue,0,1,1
invoice,12,11,23
invoices,16,9,25
invoicing,7,4,11
invoke,2,0,2
invoked,4,2,6
invoking,0,1,1
involed,2,0,2
involes,1,0,1
involucrado,1,0,1
involuntarily,2,0,2
involuntary,6,4,10
involve,59,58,117
involved,217,249,466
involvement,4,4,8
involves,42,61,103
involving,40,27,67
involvment,1,0,1
invovled,3,1,4
invovling,1,0,1
invte,0,1,1
invulnerability,1,0,1
invys,1,0,1
inw,0,1,1
inwales,0,1,1
inwar,0,1,1
inward,2,1,3
inwardly,2,0,2
inwards,0,1,1
inwater,1,0,1
inwebz,0,1,1
inwention,1,0,1
inwhichcase,0,1,1
inworld,1,4,5
inwsop,0,1,1
inxs,3,9,12
inyerface,0,1,1
inyo,1,4,5
inyourproopinion,0,1,1
inyt,0,1,1
inz,0,1,1
inzanely,1,0,1
inzanesupra,1,0,1
inzin,1,0,1
io,22,30,52
ioa,1,3,4
ioan,0,1,1
ioanna,0,1,1
ioc,4,7,11
ioctocat,0,1,1
iod,4,3,7
iodine,2,1,3
iodised,0,1,1
ioffer,1,0,1
iohhh,1,0,1
ioi,0,1,1
iojkakjfekjadf,0,1,1
ioken,0,1,1
iokit,1,0,1
iol,1,3,4
iolani,1,0,1
iolaus,1,0,1
ioli,0,1,1
iom,4,2,6
iomega,1,1,2
iomiss,1,0,1
iommi,0,1,1
iommu,0,1,1
iomtt,2,3,5
ion,26,15,41
iona,4,5,9
ioncubator,1,0,1
ioncube,0,1,1
ione,2,1,3
ionesco,0,1,1
ioneven,0,1,1
ionfiles,0,1,1
ionia,6,0,6
ionian,1,0,1
ionic,0,2,2
ionica,0,1,1
ionio,0,1,1
ionized,0,1,1
ionizer,1,0,1
ionly,1,0,1
ionno,3,0,3
iono,25,11,36
ionoo,0,1,1
ionos,0,1,1
ions,3,2,5
ionsomnia,1,0,1
iont,6,2,8
ioo,2,2,4
iook,3,0,3
iooking,0,1,1
ioooo,0,1,1
ioove,0,1,1
iop,4,0,4
iorg,1,0,1
iorooo,1,0,1
iorwir,0,1,1
ios,6,1,7
iost,1,0,1
iot,4,2,6
iota,4,2,6
iotm,0,1,1
iou,6,4,10
iounno,1,0,1
ious,0,2,2
iovaneee,0,1,1
iove,3,8,11
iover,1,0,1
iow,20,10,30
iowa,75,75,150
iowafoodcoop,1,0,1
iowageeeens,0,1,1
iowan,1,3,4
iowans,0,2,2
iowatasmic,1,0,1
iowaville,0,1,1
iowe,3,5,8
iowfest,1,1,2
ip,72,41,113
ipa,16,14,30
ipabar,1,0,1
ipac,2,0,2
ipaccess,1,0,1
ipadio,1,0,1
ipagluluto,0,1,1
ipagpatuloy,0,1,1
ipairs,1,0,1
ipakita,0,1,1
ipan,1,0,1
ipanema,1,1,2
ipaper,0,1,1
ipaq,2,2,4
ipartyradio,1,0,1
ipas,1,0,1
ipass,1,3,4
ipb,3,4,7
ipc,4,1,5
ipcc,4,2,6
ipcfall,0,1,1
ipchain,1,0,1
ipconfig,1,0,1
ipd,2,0,2
ipecac,1,1,2
ipeep,0,1,1
ipeezy,1,0,1
iperfer,0,1,1
ipernity,1,0,1
ipersonally,1,0,1
ipet,0,1,1
ipg,1,0,1
iph,4,1,5
iphail,1,0,1
iphhone,1,0,1
iphizzy,0,1,1
ipho,1,0,1
iphome,2,1,3
iphon,1,0,1
iphone,5636,2081,7717
iphoneandipodhelp,0,1,1
iphoneapp,2,1,3
iphoneapple,0,1,1
iphoneapps,0,1,1
iphoneclub,0,1,1
iphoned,1,0,1
iphonedev,5,0,5
iphonedom,0,1,1
iphonee,0,1,1
iphoneee,1,1,2
iphoneeeee,1,0,1
iphoneeeeeeeeeeeeee,0,1,1
iphonefail,1,0,1
iphonefails,0,1,1
iphonefanboy,0,1,1
iphoneforalonis,1,0,1
iphonefreelance,0,1,1
iphonegiveway,1,0,1
iphonehelper,0,1,1
iphoneless,2,0,2
iphonelive,1,0,1
iphonenapped,1,0,1
iphoneos,5,2,7
iphoner,1,0,1
iphoners,5,0,5
iphones,132,77,209
iphonestencilkit,1,0,1
iphoneupdate,2,0,2
iphoneupdateiscrap,1,0,1
iphoneus,1,0,1
iphonewin,1,0,1
iphong,1,0,1
iphoniness,1,0,1
iphoto,22,15,37
iphrl,0,1,1
ipics,1,0,1
ipinklemonade,1,0,1
ipis,1,0,1
ipitythefool,1,0,1
ipizzle,0,2,2
ipl,66,53,119
iplay,0,1,1
iplayer,87,54,141
iplayering,2,0,2
iplayerrrrrr,1,0,1
iplayhere,0,1,1
iplonair,1,0,1
iplt,2,0,2
ipm,0,1,1
ipman,1,0,1
ipn,1,0,1
ipo,2,2,4
ipoc,1,0,1
ipod,2237,1258,3495
ipodbattery,0,1,1
ipodbeing,1,0,1
ipoddd,1,1,2
ipodddd,1,2,3
ipodddddd,0,1,1
ipoddrop,1,0,1
ipode,0,1,1
ipodfail,1,0,1
ipodgym,1,0,1
ipoding,0,2,2
ipodino,0,1,1
ipodless,2,0,2
ipods,54,21,75
ipodsss,0,1,1
ipodto,0,1,1
ipodtouch,3,1,4
ipoduch,1,0,1
ipody,0,1,1
ipoh,3,3,6
ipohne,0,1,1
ipoid,1,0,1
ipoints,0,1,1
ipone,3,2,5
ipoo,2,0,2
ipood,1,1,2
ipoood,2,0,2
ipoopis,0,1,1
iportant,0,1,1
ipos,1,0,1
ipost,1,0,1
ipower,1,3,4
ipowerweb,2,0,2
ipp,1,1,2
ippo,1,1,2
ippol,1,0,1
ippooood,1,0,1
ippresent,1,0,1
ipprint,1,0,1
ippt,2,1,3
ippudo,1,1,2
ippy,0,2,2
ipq,1,0,1
ipr,1,1,2
iprayer,1,0,1
iprealez,1,0,1
ipredator,1,0,1
ipressed,1,0,1
iprocrastinate,1,0,1
iproject,1,0,1
ipromise,0,2,2
ips,10,8,18
ipsec,2,0,2
ipsedixit,0,1,1
ipsen,1,0,1
ipshit,1,0,1
ipsmarx,0,1,1
ipsohot,0,1,1
ipsos,0,1,1
ipss,1,0,1
ipsum,0,3,3
ipsw,16,0,16
ipswich,20,15,35
ipswitch,1,2,3
ipt,12,3,15
iptable,1,0,1
iptables,1,0,1
iptf,1,0,1
iptv,0,1,1
ipu,1,0,1
ipunky,1,0,1
ipuppy,0,1,1
ipush,1,0,1
iputstickersonmylaptops,0,1,1
ipv,8,9,17
ipw,0,1,1
ipwn,1,0,1
ipwnd,0,1,1
iq,25,30,55
iqads,1,2,3
iqah,1,0,1
iqbal,2,1,3
iql,0,1,1
iqot,1,1,2
iquesz,1,0,1
ir,46,46,92
ira,8,11,19
iraan,1,0,1
iracema,0,1,1
iracing,2,2,4
iradio,0,1,1
iraheta,5,7,12
irahete,0,1,1
iraklio,1,0,1
iraklion,0,1,1
iran,640,82,722
iranciris,1,0,1
iranelcetion,1,0,1
iranelectio,3,0,3
iranelection,446,80,526
iranelections,6,8,14
iranfreedom,3,0,3
irani,1,0,1
iranian,107,44,151
iranians,54,10,64
iranias,1,0,1
iranin,1,0,1
iranised,1,0,1
iranproxy,1,0,1
iranrevolution,3,0,3
iranriggedelect,1,0,1
irans,2,0,2
iranselection,1,0,1
irape,1,1,2
iraq,104,38,142
iraqi,2,3,5
iraqis,1,2,3
iras,1,2,3
irate,11,0,11
iration,0,1,1
irb,4,4,8
irby,0,1,1
irc,39,39,78
irce,8,2,10
irchester,1,0,1
irchi,0,1,1
irctc,5,4,9
ird,0,2,2
irda,0,1,1
irdc,1,0,1
irdk,1,0,1
ire,9,10,19
iread,0,1,1
ireal,0,1,1
ireally,3,1,4
ireallydontwant,1,0,1
ireallyfelldeepthistime,0,1,1
ireallylovethem,0,1,1
ireallyloveyoumrpresident,0,1,1
ireallymisshim,1,0,1
ireallyreallydontlikeyou,1,0,1
ireallyreallyhatemyhayfever,1,0,1
ireba,1,0,1
iree,1,1,2
ireee,1,0,1
ireeeeeeeeenie,0,1,1
iregret,2,0,2
irei,0,1,1
ireject,1,0,1
ireka,0,1,1
irel,0,1,1
ireland,309,280,589
irelandcos,0,1,1
irelandd,0,1,1
irelandn,0,1,1
irelands,2,0,2
irelate,0,1,1
irelend,1,0,1
irelnad,1,0,1
iremeber,1,0,1
iremember,150,150,300
iremembers,0,1,1
irememberwhen,0,1,1
irena,1,0,1
irene,16,18,34
irenes,0,1,1
ireney,1,0,1
irep,1,1,2
ireport,0,1,1
iresource,1,0,1
ireunite,0,3,3
irex,1,0,1
irf,1,0,1
irfan,0,3,3
irfanview,2,0,2
irg,4,0,4
irgendwann,0,1,1
irgendwas,0,1,1
irgendwo,0,1,1
irglova,0,1,1
iri,1,1,2
iria,0,1,1
irida,0,1,1
iridium,0,1,1
iridology,0,1,1
irie,2,5,7
irigykedek,0,1,1
irii,0,1,1
irina,0,3,3
irine,1,0,1
iris,10,17,27
irises,0,1,1
irish,149,213,362
irisha,1,0,1
irishannahyap,0,1,1
irishattic,0,1,1
irishelection,0,1,1
irisher,1,0,1
irishgirl,0,1,1
irishguy,1,1,2
irishjonasfan,0,1,1
irishlynne,0,1,1
irishman,1,5,6
irishmen,1,2,3
irishpreacherheard,0,1,1
irishrail,0,1,1
irishsearchengine,0,1,1
irishspring,1,0,1
irisk,1,0,1
irissa,1,0,1
irita,1,0,1
iritated,3,1,4
iritating,1,0,1
iritatng,1,0,1
iriver,3,0,3
irivine,0,1,1
irk,5,2,7
irked,8,0,8
irking,2,0,2
irks,8,3,11
irksome,1,1,2
irl,75,78,153
irland,2,0,2
irlanda,0,2,2
irlbabyfailwhale,1,0,1
irleland,0,1,1
irlf,1,0,1
irls,1,0,1
irm,0,1,1
irma,2,10,12
irmaa,0,1,1
irme,1,0,1
irmon,0,1,1
irn,16,18,34
irnbru,3,0,3
irntty,1,0,1
iro,1,0,1
irobort,1,0,1
irobot,0,1,1
iroc,1,0,1
irock,0,2,2
irocked,0,2,2
irodov,0,1,1
iroha,0,1,1
iroic,1,0,1
iron,249,196,445
ironbridge,1,2,3
ironchef,1,0,1
ironclad,0,1,1
irondale,0,1,1
ironed,18,17,35
ironedmy,1,0,1
ironhorse,1,0,1
ironi,1,0,1
ironic,51,78,129
ironical,0,3,3
ironically,33,33,66
ironiccc,0,1,1
ironicly,2,0,2
ironik,2,8,10
ironikk,0,1,1
ironin,4,1,5
ironing,204,93,297
ironman,10,23,33
ironmike,0,1,1
ironpoodonia,0,1,1
ironpython,2,0,2
ironruby,2,1,3
ironrubyonrails,1,0,1
irons,17,11,28
ironside,2,2,4
ironsmalltalk,0,1,1
ironstar,1,0,1
ironstone,1,0,1
ironteam,1,0,1
ironwood,1,1,2
ironworkers,1,0,1
ironwulf,1,0,1
irony,49,65,114
ironyjoking,1,0,1
iroooooning,1,0,1
iroquois,1,0,1
irovr,0,1,1
irp,2,0,2
irpinia,1,0,1
irql,1,0,1
irr,3,0,3
irradiate,0,1,1
irraited,1,0,1
irraplaceable,1,0,1
irratable,1,0,1
irratated,1,1,2
irratatiing,1,0,1
irratating,3,3,6
irratatingly,1,0,1
irrate,0,2,2
irrated,1,0,1
irrates,1,0,1
irratible,1,0,1
irratic,0,1,1
irrational,7,13,20
irrationality,1,1,2
irrationally,1,2,3
irredescent,0,1,1
irreg,1,1,2
irregardless,3,1,4
irregular,10,3,13
irregularly,2,2,4
irrelavant,1,0,1
irrelavent,1,0,1
irrelevance,1,0,1
irrelevant,19,25,44
irrelevent,1,2,3
irreligious,0,1,1
irrellivent,0,1,1
irreparable,2,1,3
irreparably,2,0,2
irrepararble,0,1,1
irreplacable,4,2,6
irreplaceable,6,7,13
irreplaceble,1,0,1
irresistable,1,6,7
irresistible,0,13,13
irresistibly,0,2,2
irresitable,0,1,1
irresitably,0,1,1
irresitible,0,1,1
irrespctive,0,1,1
irrespective,2,0,2
irresponsble,1,0,1
irresponsibility,2,0,2
irresponsible,20,6,26
irresponsvle,1,0,1
irrestistable,0,1,1
irrestistible,0,1,1
irretrievable,1,0,1
irretrievably,2,0,2
irrevalent,1,0,1
irrevelant,0,1,1
irreverent,0,1,1
irreversible,1,0,1
irrevirsible,1,0,1
irrevocably,2,0,2
irriated,0,1,1
irrigate,0,1,1
irrigated,0,1,1
irrigation,0,4,4
irritability,3,1,4
irritable,25,2,27
irritaed,1,0,1
irritant,1,1,2
irritante,0,1,1
irritants,0,1,1
irritate,11,5,16
irritated,146,36,182
irritates,12,3,15
irritating,111,31,142
irritatingly,1,3,4
irritation,12,5,17
irritatttinnn,1,0,1
irrrk,1,0,1
irrrr,1,0,1
irrrrrr,1,0,1
irs,17,5,22
irse,0,1,1
irshaad,1,0,1
irssi,0,1,1
irsyaad,1,0,1
irt,1,1,2
irthdayyyy,0,1,1
irukee,1,0,1
irukkathae,1,0,1
irukken,1,0,1
irundhichu,0,1,1
irv,3,1,4
irvgreeni,0,1,1
irvin,3,2,5
irvine,57,60,117
irvineee,0,1,1
irving,7,7,14
irvings,0,1,1
irw,0,1,1
irwan,0,1,1
irwin,3,5,8
irylee,4,0,4
is,133432,111191,244623
isa,28,36,64
isaa,0,1,1
isaaaa,1,0,1
isaaac,0,1,1
isaac,40,23,63
isaacs,2,3,5
isaacsssss,1,0,1
isaah,0,1,1
isaak,2,2,4
isab,0,1,1
isabeau,1,0,1
isabel,13,15,28
isabela,1,3,4
isabella,15,20,35
isabellas,0,1,1
isabelle,15,14,29
isabellllll,0,1,1
isabeyli,1,0,1
isabout,1,0,1
isac,1,0,1
isaca,0,1,1
isad,1,0,1
isadag,1,0,1
isadora,0,1,1
isaf,0,1,1
isafailure,1,0,1
isag,1,0,1
isagenix,1,1,2
isah,0,3,3
isahang,0,1,1
isahin,0,1,1
isaiah,10,16,26
isaid,0,1,1
isaih,1,0,1
isak,1,1,2
isale,0,1,1
isama,0,1,1
isamar,0,1,1
isan,1,0,1
isand,0,1,1
isane,0,1,1
isang,9,10,19
isant,0,3,3
isas,1,0,1
isat,1,0,1
isation,1,0,1
isaw,6,9,15
isawey,1,0,1
isaww,1,0,1
isay,1,2,3
isayisaid,0,1,1
isb,2,1,3
isbd,1,0,1
isbetter,1,0,1
isbn,3,1,4
isbns,0,1,1
isbt,1,0,1
isc,2,2,4
isca,0,1,1
iscam,1,0,1
iscape,0,2,2
isch,0,2,2
ischia,1,0,1
iscn,0,1,1
isco,1,0,1
iscolation,1,0,1
iscoop,1,0,1
iscream,1,1,2
iscrobble,0,1,1
iscsi,4,1,5
iscuity,0,1,1
iscw,0,1,1
isd,0,1,1
isdc,0,1,1
isdelayed,1,0,1
isdn,0,3,3
isdown,1,0,1
isds,1,0,1
ise,3,6,9
isea,0,1,1
iseabal,0,1,1
isearch,1,1,2
iseaseday,0,1,1
isec,1,2,3
isee,2,3,5
iseeennnggg,1,0,1
iseelondoniseefrance,1,0,1
iseh,1,0,1
iselilja,0,1,1
isembeck,0,1,1
iseng,1,2,3
isengard,0,2,2
isent,4,1,5
isequotes,0,1,1
iseriously,1,0,1
iserlohn,1,0,1
isetan,0,4,4
isevil,0,1,1
isexcitedboutmyholiday,0,1,1
isexpecting,0,1,1
isfahan,3,0,3
isfehan,1,0,1
isfollowingoprahcampaign,0,1,1
isfor,1,0,1
isforprimark,1,0,1
isg,1,1,2
isgetting,1,0,1
isgettingpissedof,1,0,1
isgettingpissedoff,1,0,1
isgoing,3,1,4
isgone,1,0,1
ish,561,566,1127
isha,1,1,2
ishaan,2,1,3
ishal,0,1,1
isham,1,0,1
ishan,2,0,2
ishansharma,1,0,1
ishant,0,1,1
ishaq,1,0,1
ishaun,0,1,1
ishbel,1,0,1
ishc,1,0,1
ishe,1,0,1
ished,1,0,1
ishes,1,0,1
ishh,4,6,10
ishhh,2,4,6
ishhhh,0,1,1
ishi,0,1,1
ishida,0,1,1
ishiguro,0,1,1
ishihara,0,1,1
ishikawa,1,0,1
ishine,1,0,1
ishiro,1,0,1
ishishish,1,0,1
ishittestvisible,1,0,1
ishkabibbles,1,0,1
ishkoborha,1,0,1
ishkybaby,0,1,1
ishler,0,1,1
ishmael,0,1,1
ishmaelshakur,0,1,1
ishnit,0,1,1
isho,1,1,2
ishop,2,0,2
ishotterthanmeganfox,0,1,1
ishould,2,1,3
ishq,0,2,2
ishra,0,1,1
ishs,0,1,1
ishshsihsihssiss,0,1,1
ishsofuckingwavy,1,0,1
isht,3,1,4
ishtudei,1,0,1
ishtyle,0,1,1
ishu,1,0,1
ishuffle,0,1,1
ishwar,0,1,1
ishwaya,1,0,1
isi,6,12,18
isiaaah,0,1,1
isiah,0,2,2
isiahs,1,0,1
iside,1,0,1
isidor,0,1,1
isidro,0,1,1
isie,0,1,1
isight,5,2,7
isihac,3,6,9
isiiiiil,1,0,1
isikirsti,0,1,1
isiklikke,0,1,1
isimli,0,2,2
isims,0,1,1
isin,3,3,6
isine,0,2,2
isint,4,4,8
isinya,1,2,3
isio,1,1,2
isipin,1,1,2
isis,6,6,12
isit,4,8,12
isixhosa,1,0,1
isjh,0,1,1
isk,4,0,4
iska,1,0,1
iskatyprice,0,1,1
isketch,2,1,3
iskin,2,0,2
iskitel,1,0,1
iskitelsssssss,1,0,1
iskl,0,1,1
isklju,0,1,1
isko,0,1,1
iskoot,1,0,1
isl,1,1,2
isla,6,14,20
islaand,0,1,1
islad,1,0,1
islam,6,6,12
islamabad,3,2,5
islamabadis,0,1,1
islamic,9,4,13
islamists,0,1,1
islan,1,0,1
island,472,669,1141
islandd,1,0,1
islanddd,1,0,1
islander,1,3,4
islanders,1,4,5
islandia,0,1,1
islandise,1,0,1
islands,42,72,114
islandsoa,1,0,1
islandss,1,0,1
islantilla,1,0,1
islay,1,4,5
islaypipeband,0,1,1
isle,39,62,101
islebroke,1,0,1
isleep,1,0,1
islelin,0,1,1
isleofmtv,0,1,1
islept,0,1,1
isles,4,4,8
isleta,0,1,1
isley,1,3,4
isleys,0,1,1
islifecorp,0,1,1
islike,0,1,1
islington,2,4,6
islip,1,0,1
isliye,1,2,3
islland,1,0,1
isloo,1,0,1
islookingfor,0,1,1
islts,0,1,1
islye,1,0,1
ism,5,12,17
isma,0,3,3
ismael,1,0,1
ismaking,1,1,2
ismar,0,1,1
ismat,1,0,1
ismaya,1,0,1
ismell,0,3,3
ismerilians,0,1,1
ismfof,0,3,3
isminizi,0,2,2
ismir,1,0,1
isms,4,4,8
ismy,1,1,2
ismyth,1,0,1
isn,62,31,93
isna,2,0,2
isnae,1,0,1
isnap,0,1,1
isnare,1,0,1
isnger,1,0,1
isniff,1,0,1
isnin,1,0,1
isnn,0,1,1
isno,1,0,1
isnort,1,0,1
isnos,0,1,1
isnot,2,0,2
isnpiration,0,1,1
isnt,1578,472,2050
isnta,0,1,1
isntalled,0,1,1
isntalling,1,0,1
isntnmy,0,1,1
isntt,0,1,1
isntttt,0,1,1
isny,0,1,1
iso,33,16,49
isobel,2,4,6
isobelle,1,0,1
isock,1,0,1
isodkfkelkekosiej,0,1,1
isofa,0,1,1
isofixen,1,0,1
isoftru,0,1,1
isoheartssyyoulikewhoa,0,1,1
isohunt,1,0,1
isoj,1,1,2
isojoy,0,1,1
isoke,1,0,1
isola,0,1,1
isolate,5,3,8
isolated,27,33,60
isolating,3,2,5
isolation,17,3,20
isolde,1,3,4
isolove,0,1,1
isomac,0,2,2
isomnia,0,1,1
ison,0,1,1
isoodigyourgoodspirit,0,1,1
isoprophyl,0,1,1
isordil,1,0,1
isorock,0,1,1
isorrie,1,0,1
isos,0,2,2
isotonic,0,2,2
isotope,2,1,3
isotopes,0,1,1
isouljaboytellem,0,1,1
isoulq,0,1,1
isp,57,22,79
ispecting,0,1,1
ispired,0,1,1
ispl,1,0,1
isplayer,210,0,210
ispls,1,0,1
ispoke,0,1,1
ispoor,1,0,1
ispq,0,1,1
isps,7,1,8
ispunk,2,0,2
ispy,2,1,3
ispylevis,1,1,2
isra,0,1,1
israel,92,85,177
israeli,8,16,24
israelis,0,1,1
israelite,0,1,1
israels,2,0,2
isready,1,0,1
isreal,1,1,2
isreali,1,1,2
isrealis,1,0,1
isrealites,0,1,1
isream,1,0,1
isrien,1,0,1
iss,44,41,85
issa,0,4,4
issac,4,9,13
issacs,1,0,1
issamar,0,1,1
issaquah,0,1,1
issay,1,0,1
isseoyo,2,0,2
isses,0,2,2
issey,1,1,2
issf,1,0,1
issh,0,1,1
isshe,1,0,1
isshh,0,1,1
isshhhh,0,1,1
issi,0,1,1
issie,0,1,1
issimo,0,1,1
issing,2,0,2
issit,5,2,7
isso,11,14,25
issocoollike,0,1,1
issoooooooo,1,0,1
issq,1,0,1
isss,9,19,28
isssh,1,1,2
issss,7,7,14
isssss,7,4,11
issssss,3,1,4
isssssss,3,0,3
issssssss,0,1,1
isssssssss,1,0,1
isssssssssssssssss,1,0,1
isssues,1,0,1
isssuesssss,1,0,1
isster,0,1,1
issuance,1,0,1
issue,551,407,958
issued,13,12,25
issueing,1,0,1
issues,873,352,1225
issuesssssssss,1,0,1
issuetrak,0,1,1
issuing,4,0,4
issus,1,1,2
issuse,0,2,2
issuses,1,1,2
issuu,0,1,1
issuz,1,0,1
issy,3,7,10
issybee,1,0,1
issys,0,1,1
ist,74,118,192
ista,0,1,1
istalled,1,0,1
istambul,0,1,1
istana,1,1,2
istanbul,23,29,52
istanbull,1,0,1
istant,1,0,1
istarra,0,1,1
istarrah,0,1,1
istat,2,5,7
istatistik,1,0,1
istayed,1,0,1
iste,1,3,4
isteach,1,0,1
istead,2,2,4
istemal,0,1,1
isten,0,1,1
ister,1,0,1
istermsn,0,1,1
istets,1,0,1
isteyenler,1,0,1
isthat,0,1,1
isthe,1,0,1
isthereaghost,1,0,1
istherecessionoveryet,1,0,1
istheworst,0,2,2
isti,0,1,1
isticker,1,1,2
istiklal,1,0,1
istilah,0,1,1
istill,5,3,8
istillbelieve,0,1,1
istilllovehim,0,1,1
istillloveyou,0,1,1
istilmisyu,1,0,1
istinye,0,1,1
istirahaaat,0,1,1
istirahat,1,2,3
istiyorum,1,1,2
isto,1,6,7
istock,6,1,7
istockphoto,3,1,4
istone,0,1,1
istora,1,1,2
istore,6,2,8
istoria,1,0,1
istou,1,0,1
istqb,0,1,1
istrahat,1,0,1
istri,0,1,1
istrinya,1,0,1
istrycker,0,1,1
istudio,0,1,1
istuff,1,0,1
istusin,1,0,1
istyle,0,1,1
isu,10,14,24
isuck,4,0,4
isuckup,0,1,1
isues,0,1,1
isumthing,1,0,1
isupernissyou,1,0,1
isuperphone,1,0,1
isuploading,0,1,1
isupportselena,0,1,1
isupportthepeopleofiran,1,0,1
isus,1,0,1
isuues,1,0,1
isux,1,0,1
isuzu,2,0,2
isv,0,1,1
isvalcore,0,2,2
isvery,1,0,1
isvsesring,1,0,1
iswc,1,0,1
iswearididntlearnthisatall,0,2,2
isweat,0,1,1
iswipe,0,1,1
isws,1,0,1
isxz,1,0,1
isya,2,0,2
isync,4,0,4
isys,0,1,1
isz,8,4,12
it,157448,147786,305234
ita,7,9,16
itaaaaaaa,0,1,1
itab,1,0,1
itachi,1,0,1
itacho,1,0,1
itaewon,0,1,1
itagg,0,16,16
itah,0,1,1
itaian,1,0,1
itaipava,0,1,1
itaja,0,1,1
itak,0,1,1
ital,1,2,3
itala,1,0,1
italain,0,1,1
italia,13,24,37
italiaa,1,0,1
italiaaaaaa,0,1,1
italiam,0,1,1
italian,200,347,547
italiana,1,2,3
italiane,0,1,1
italianni,1,1,2
italiannnnn,0,1,1
italiano,2,9,11
italians,11,19,30
italic,0,1,1
italicised,1,0,1
italicizing,1,0,1
italics,4,2,6
italie,1,0,1
italieee,1,0,1
italien,2,4,6
italienische,1,0,1
italk,1,0,1
italktoomuch,1,0,1
itall,1,0,1
itallian,0,1,1
itally,0,1,1
italo,0,4,4
italy,358,360,718
italyitas,1,0,1
italytutto,0,1,1
italyyyy,0,1,1
italyyyyy,1,0,1
itamar,2,0,2
itand,0,1,1
itanium,1,0,1
itapat,0,1,1
itas,1,1,2
itasa,0,1,1
itasca,1,2,3
itay,0,7,7
itb,11,3,14
itband,0,1,1
itbstill,1,0,1
itc,5,6,11
itch,91,29,120
itchaaaaa,0,1,1
itched,4,0,4
itches,79,11,90
itchext,1,0,1
itchhhhhhhhh,1,0,1
itchie,1,0,1
itchies,2,1,3
itchiest,3,0,3
itchin,4,1,5
itchiness,3,1,4
itching,104,58,162
itchingggg,1,0,1
itchs,1,0,1
itchy,415,46,461
itchycoo,0,1,1
itchyness,3,0,3
itchysprincessd,0,1,1
itchyworms,0,2,2
itchyy,1,0,1
itchyyy,1,1,2
itchyyyy,3,0,3
itchyyyyy,1,0,1
itchyz,0,1,1
itcos,1,0,1
itcould,0,1,1
itcrowd,0,1,1
itcy,1,0,1
itd,22,27,49
ite,8,5,13
itee,0,1,1
itelephone,1,0,1
itell,1,0,1
itellisense,0,1,1
iteln,1,0,1
item,98,111,209
itemdb,0,1,1
itemised,0,1,1
itemms,0,1,1
items,184,178,362
itemscheduling,1,0,1
itenerary,1,1,2
iter,3,0,3
iterally,1,0,1
iterate,1,0,1
iterated,0,1,1
iterates,1,0,1
iterating,1,0,1
iteration,2,2,4
iterations,3,1,4
iterum,0,1,1
ites,2,5,7
itexa,1,0,1
itext,1,0,1
itextsharp,1,1,2
itfc,0,1,1
itfcontinue,0,1,1
itfe,0,1,1
itfees,1,0,1
itg,3,1,4
itgomna,0,1,1
itgs,1,0,1
ith,2,8,10
ithaca,12,4,16
ithankyou,0,1,1
ithanx,0,1,1
ithe,3,0,3
ithellam,0,1,1
ithen,1,0,1
ither,4,2,6
ithere,1,0,1
ithey,2,0,2
ithick,0,1,1
ithiink,0,1,1
ithingy,1,0,1
ithink,12,8,20
ithinkmusic,0,1,1
ithl,0,1,1
ithnk,1,0,1
ithough,0,2,2
ithought,3,2,5
iths,1,0,1
ithu,1,1,2
ithunt,1,0,1
ithwsop,2,0,2
ithynk,0,1,1
iti,1,2,3
itialians,0,1,1
ities,1,0,1
itil,4,1,5
itilac,1,0,1
itim,1,2,3
itin,1,2,3
itinerary,14,19,33
itinery,0,1,1
itink,0,1,1
itinn,1,0,1
ition,1,0,1
itipster,0,1,1
itired,2,0,2
itis,25,20,45
itisssssssss,1,0,1
itit,0,2,2
itjust,1,0,1
itke,0,1,1
itkeepsyourunning,2,1,3
itkins,0,1,1
itkog,0,1,1
itks,1,0,1
itl,11,9,20
itlay,1,1,2
itleaked,1,0,1
itlexington,1,0,1
itlian,0,1,1
itll,50,73,123
itlog,0,1,1
itlol,1,0,1
itloucjh,0,1,1
itls,0,1,1
itm,7,3,10
itmakesmemisssomeone,1,0,1
itms,1,2,3
itn,2,2,4
itna,1,0,1
itnbut,1,0,1
itnended,0,1,1
itnewb,1,0,1
itnews,0,1,1
itni,0,1,1
ito,7,13,20
itoday,2,0,2
itoff,1,0,1
itokin,1,0,1
itold,2,1,3
itoldyaso,0,1,1
itoner,1,0,1
itong,2,1,3
itonlinelol,1,0,1
itoodles,0,1,1
itook,2,0,2
itooo,1,0,1
itops,1,0,1
itot,3,0,3
itotally,1,0,1
itotallymissedyourface,1,0,1
itou,1,0,1
itouch,156,107,263
itouchapps,0,1,1
itouchhhhh,1,0,1
itour,2,0,2
itout,0,1,1
itowh,1,0,1
itp,2,2,4
itr,1,3,4
itreallyisallabouthavingtherightgear,0,1,1
itricks,0,1,1
itried,1,1,2
itripsyouapart,0,1,1
itriss,0,2,2
itrockstar,1,1,2
itroduced,0,1,1
itrs,0,2,2
itrying,1,0,1
its,25498,19210,44708
itsa,1,4,5
itsabby,1,0,1
itsallgood,0,1,1
itsalmost,1,0,1
itsamazing,0,1,1
itsannabeth,1,0,1
itsbeen,1,0,1
itsbetterthancrappymaui,0,1,1
itsbrendaa,0,1,1
itsbusy,1,0,1
itsc,1,2,3
itscindy,0,1,1
itsd,1,0,1
itsdcampos,1,0,1
itself,368,249,617
itsfreakinmegan,0,1,1
itsgoing,1,0,1
itsgonna,1,0,1
itsgonnabesogooodd,0,1,1
itsgoodtosleepin,0,1,1
itsgrimupnorth,3,1,4
itshard,1,0,1
itshelensfault,0,1,1
itshnishi,0,1,1
itshot,0,1,1
itshows,1,0,1
itsjeff,0,1,1
itsjeminelenaseries,0,1,1
itsjust,1,0,1
itsk,1,0,1
itskay,1,0,1
itskristenbitch,0,1,1
itslauraduggan,0,1,1
itslelf,1,0,1
itsm,1,0,1
itsmay,1,0,1
itsmejennilind,0,1,1
itsmemorphious,0,1,1
itsmemyselfandpie,0,1,1
itsmikie,2,0,2
itsmos,0,1,1
itsmy,0,1,1
itsmyeyes,0,1,1
itsnikkitime,0,1,1
itsnot,0,2,2
itsnt,2,1,3
itso,1,0,1
itsok,0,1,1
itsonlyginax,0,1,1
itsoverforthat,1,0,1
itsrainong,1,0,1
itss,15,23,38
itssbobbie,1,0,1
itsselenabby,1,0,1
itssmarian,0,1,1
itssokrucial,1,0,1
itsss,6,4,10
itssss,1,5,6
itsssss,1,2,3
itstayloryall,0,1,1
itsthefall,1,0,1
itstill,0,1,1
itstryingto,0,1,1
itstudios,0,1,1
itstyleryo,0,1,1
itsu,2,1,3
itsuck,0,1,1
itsucks,13,2,15
itsuckslookingforajobforsolong,1,0,1
itsuckswhen,1,0,1
itsuki,1,0,1
itsumo,1,0,1
itsura,0,1,1
itsurely,0,1,1
itsweird,0,1,1
itswierd,1,0,1
itsy,5,4,9
itsz,4,2,6
itt,42,68,110
ittabucca,0,1,1
itted,0,1,1
itteh,0,1,1
itter,0,2,2
ittext,0,1,1
ittf,2,0,2
itthe,1,0,1
ittill,1,0,1
itting,1,0,1
ittiz,1,0,1
ittl,1,0,1
ittle,3,2,5
ittn,1,0,1
itto,0,1,1
ittrade,0,1,1
ittt,30,67,97
itttsss,0,1,1
itttt,19,47,66
ittttt,9,21,30
itttttt,6,13,19
ittttttt,1,2,3
itttttttt,1,1,2
itttttttttt,0,1,1
ittttttttttt,0,2,2
itttttttttttt,0,1,1
itttttttttttttttt,1,0,1
ittttttttttttttttt,0,1,1
itttttttttttttttttttt,1,0,1
ittttttttttttttttttttt,0,1,1
itttttttttttttttttttttttttt,1,0,1
itty,9,10,19
ittybittytiny,0,1,1
itu,37,60,97
ituch,0,1,1
itulah,1,0,1
itumo,0,1,1
itune,8,3,11
itunes,999,705,1704
itunesfail,1,0,1
itunesss,1,0,1
ituneswtf,1,0,1
itung,0,1,1
ituning,0,1,1
ituns,1,0,1
ituos,0,1,1
itup,0,1,1
ituppp,1,0,1
itus,2,2,4
ituu,3,1,4
ituuu,0,1,1
ituwch,1,0,1
itv,69,47,116
itvfail,1,0,1
itvplayer,1,0,1
itvs,1,0,1
itvwas,1,0,1
itw,1,5,6
itwas,1,1,2
itwasn,1,0,1
itwat,0,1,1
itweb,1,0,1
itweet,6,4,10
itweetdeck,2,0,2
itweeted,0,1,1
itweetreply,2,0,2
itwin,0,2,2
itwinn,0,2,2
itwiterate,1,0,1
itwont,1,0,1
itworks,0,1,1
itwppl,1,0,1
itx,3,1,4
itxt,1,0,1
ity,4,4,8
itypedinnewdemilovatoonyoutubeandthesongbackaround,0,1,1
itz,90,65,155
itza,3,0,3
itzel,0,7,7
itzhak,1,0,1
itzkeylovebaby,1,0,1
itztha,1,0,1
itzy,1,1,2
itzz,2,1,3
itzzz,0,1,1
iu,7,7,14
iua,0,1,1
iub,1,0,1
iud,2,0,2
iufnvdsjnvjnjn,1,0,1
iugergae,0,1,1
iugh,1,0,1
iughhh,1,0,1
iughiugh,1,0,1
iuhasdiuahsdiuh,0,1,1
iuhu,0,1,1
iui,1,1,2
iuliusmall,0,1,1
ium,1,0,1
iunderstand,1,0,1
iunea,0,1,1
iunie,0,1,1
iunno,14,6,20
iuno,4,2,6
iup,2,2,4
iupy,0,1,1
iur,0,1,1
iurghjdhtjihtfh,1,0,1
ius,1,1,2
iusedtobescaredof,1,0,1
iusedtolove,1,0,1
iusethis,0,1,1
iushiuhsaiush,1,0,1
iusually,1,0,1
iuts,1,0,1
iuuuuu,0,1,1
iuwkjjf,1,0,1
iuyoiuytredfv,1,0,1
iv,314,182,496
iva,5,4,9
ivaa,2,1,3
ivaaaaa,0,1,1
ivalyn,0,1,1
ivamp,1,0,1
ivan,21,19,40
ivana,3,5,8
ivanka,0,2,2
ivanlian,1,0,1
ivanna,1,1,2
ivanovic,23,1,24
ivanovics,0,1,1
ivanovoc,1,0,1
ivanrf,0,2,2
ivans,1,1,2
ivar,3,1,4
ivaries,0,1,1
ivarones,0,1,1
ivars,1,0,1
ivayla,0,1,1
ivden,0,1,1
ivdu,0,1,1
ive,2182,1280,3462
ivealwayswantedtosay,1,0,1
ivebeen,1,0,1
ived,1,0,1
ivee,1,3,4
ivela,0,1,1
ivenganza,0,1,1
ivenhoe,0,1,1
ivent,1,1,2
iver,13,13,26
iversally,1,0,1
iversary,0,1,1
ivery,0,2,2
ives,5,6,11
ivest,0,1,1
ivete,0,2,2
ivette,0,3,3
ivey,3,4,7
ivf,5,2,7
ivi,1,4,5
ivideos,1,0,1
iview,1,6,7
ivig,1,0,1
ivin,0,1,1
ivins,1,1,2
ivisible,0,1,1
ivl,0,1,1
ivlove,0,1,1
ivm,0,3,3
ivo,1,2,3
ivocabulary,1,0,1
ivoire,1,0,1
ivona,0,1,1
ivonne,0,1,1
ivor,0,2,2
ivory,13,11,24
ivorydoll,1,0,1
ivoryline,1,0,1
ivote,0,1,1
ivr,1,0,1
ivri,0,1,1
ivs,6,4,10
ivsstatusbar,1,0,1
ivtec,1,0,1
ivvvvvvy,0,1,1
ivy,89,81,170
ivybean,0,2,2
ivyy,0,1,1
iw,13,6,19
iwaaant,1,0,1
iwabo,0,1,1
iwailani,0,1,1
iwait,0,1,1
iwake,0,1,1
iwal,0,1,1
iwalked,0,1,1
iwaly,0,1,1
iwan,2,0,2
iwana,1,0,1
iwanna,10,1,11
iwannabeanaustrianjustforaday,1,0,1
iwannabewithyou,0,2,2
iwannagohome,1,0,1
iwannagoooo,1,0,1
iwant,10,5,15
iwantahippoforchristmas,0,1,1
iwantbluejelly,0,1,1
iwantchocolate,0,1,1
iwantd,1,0,1
iwanted,1,0,1
iwantitrightnow,1,0,1
iwantmydooooodle,1,0,1
iwantocry,1,0,1
iwantoneofthose,1,0,1
iwanttheworld,0,1,1
iwantutoo,0,1,1
iwartine,0,1,1
iwas,17,14,31
iwascalledfirst,0,1,1
iwasnt,3,0,3
iwasscareditwasgonnabeallbubblegumpop,0,1,1
iwatch,0,1,1
iwatched,0,2,2
iwate,0,1,1
iwb,2,1,3
iwbfwist,0,1,1
iwbiy,1,0,1
iwc,0,2,2
iwe,1,0,1
iweargoggles,1,0,1
iwearyourshirt,1,0,1
iweb,11,6,17
iweekend,0,1,1
iweish,1,0,1
iwengiwjnijnme,1,0,1
iwent,0,1,1
iwentto,1,0,1
iwet,0,1,1
iwett,0,1,1
iwfff,0,1,1
iwhbyd,0,2,2
iwhore,1,0,1
iwhs,1,0,1
iwi,1,1,2
iwiah,1,0,1
iwie,1,2,3
iwife,0,2,2
iwil,1,0,1
iwill,5,2,7
iwillalwaysloveu,1,0,1
iwilldoit,0,4,4
iwillmoonu,0,3,3
iwillnotbeafattychallenge,1,0,1
iwish,9,2,11
iwitb,0,1,1
iwjgrkjrbg,1,0,1
iwk,1,0,1
iwll,1,0,1
iwmu,1,0,1
iwmy,1,0,1
iwn,0,2,2
iwnf,1,0,1
iwny,0,5,5
iwoke,1,0,1
iwon,0,1,1
iwonder,1,7,8
iwonderhowtheyaredoing,1,0,1
iwont,1,0,1
iwontsayathing,1,0,1
iwontwait,0,1,1
iwoot,0,1,1
iwork,2,3,5
iwould,4,0,4
iwouldntfollow,0,1,1
iwouldpostatwitpic,1,0,1
iwp,1,0,1
iwrestledabearonce,0,2,2
iws,1,0,1
iwsh,3,0,3
iwsnt,1,0,1
iwtd,1,0,1
iwtffff,1,0,1
iwth,3,2,5
iwubsyoustill,1,0,1
iwush,1,0,1
iwuvyouknowho,0,1,1
iwwitation,1,0,1
iwwwwweeeee,1,0,1
iwyimrn,1,0,1
ix,5,4,9
ixchel,0,1,1
ixd,0,3,3
ixda,1,1,2
ixe,1,0,1
ixed,1,0,1
ixface,1,0,1
ixi,1,0,1
ixia,1,0,1
ixigo,0,3,3
ixigoindia,1,0,1
ixion,0,1,1
ixmedia,0,1,1
ixnay,1,0,1
ixtapa,1,0,1
ixus,3,1,4
iy,8,3,11
iya,49,54,103
iyaa,8,12,20
iyaaa,2,10,12
iyaaaa,4,1,5
iyaaaaaa,1,0,1
iyaaaaaaaaaa,0,1,1
iyaaah,1,0,1
iyaah,0,1,1
iyaahhh,1,0,1
iyah,4,5,9
iyahh,1,0,1
iyakan,1,0,1
iyamyas,0,1,1
iyan,0,1,1
iyanih,3,0,3
iyawo,0,1,1
iye,0,5,5
iyee,0,1,1
iyeeapp,0,1,1
iyengar,1,0,1
iyenk,1,0,1
iyenkto,1,0,1
iyer,1,0,1
iyessssshhh,0,1,1
iyi,0,1,1
iyimi,0,1,1
iyip,1,0,1
iyl,0,1,1
iyla,0,1,1
iylh,0,1,1
iym,1,0,1
iyo,1,3,4
iyok,1,0,1
iyon,0,1,1
iyong,2,0,2
iyou,0,6,6
iyp,1,0,1
iys,1,2,3
iyswim,0,2,2
iyt,2,2,4
iyuh,1,0,1
iyya,0,1,1
iyyakum,0,1,1
iz,198,128,326
iza,1,2,3
izaa,1,0,1
izabel,1,0,1
izabela,0,3,3
izakaya,0,1,1
izakayas,0,1,1
izat,0,1,1
izcepts,0,1,1
izdelano,0,1,1
izdi,0,1,1
izdota,0,1,1
izdzina,0,1,1
ize,4,1,5
izea,0,1,1
izeafest,0,2,2
ized,1,3,4
izejam,0,1,1
izeko,0,1,1
izequini,1,0,1
izer,1,0,1
izibor,1,1,2
izing,2,3,5
izit,0,2,2
izlasi,0,1,1
izlemek,0,1,1
izmazg,1,0,1
izmedju,0,1,1
izmir,0,2,2
izmire,1,0,1
izn,0,1,1
iznik,1,0,1
iznt,1,1,2
izobrazbo,0,1,1
izod,2,2,4
izombie,1,0,1
izon,0,1,1
izone,1,2,3
izquierda,0,1,1
izsad,1,0,1
izskat,0,1,1
izsy,1,1,2
iztur,0,1,1
izurieta,1,0,1
izwinky,0,2,2
izz,7,6,13
izza,2,0,2
izzabooooo,0,1,1
izzah,0,1,1
izzard,8,9,17
izzards,0,1,1
izzat,1,0,1
izzath,0,1,1
izzati,0,1,1
izzatul,0,1,1
izzayyy,0,1,1
izze,2,1,3
izzets,0,1,1
izzi,2,0,2
izzie,27,6,33
izzit,0,1,1
izzle,1,0,1
izzo,0,2,2
izzy,53,44,97
izzybear,1,0,1
izzyboy,1,0,1
izzyj,1,0,1
izzymyster,0,1,1
izzys,1,0,1
izzz,0,3,3
izzzy,1,0,1
izzzzie,1,0,1
izzzzit,1,0,1
izzzzz,0,1,1
izzzzzz,1,0,1
ja,91,134,225
jaa,1,4,5
jaaa,0,1,1
jaaaa,1,1,2
jaaaaa,0,2,2
jaaaaaaaaaaaa,0,1,1
jaaaaaaaaaaaaam,1,0,1
jaaaaaaaaaames,0,1,1
jaaaaaaah,0,1,1
jaaaaaaayde,0,1,1
jaaaaaah,0,1,1
jaaaaames,1,0,1
jaaaack,0,1,1
jaaaake,0,1,1
jaaaammmes,0,1,1
jaaaammmmmm,0,1,1
jaaaannnnnay,0,1,1
jaaaay,0,1,1
jaaaazzzzzz,0,1,1
jaaacckkkkk,1,0,1
jaaack,1,0,1
jaaah,0,1,1
jaaam,2,0,2
jaaamiiieeeee,0,1,1
jaaan,1,0,1
jaadu,0,1,1
jaaekash,0,1,1
jaah,1,2,3
jaai,1,1,2
jaaih,0,1,1
jaaiii,0,1,1
jaajaa,1,0,1
jaajjaaaa,0,1,1
jaalcampaign,0,1,1
jaalous,1,0,1
jaan,0,3,3
jaana,1,1,2
jaanthae,0,1,1
jaao,1,0,1
jaap,1,1,2
jaati,0,1,1
jaavi,1,0,1
jaay,0,2,2
jaaybee,0,1,1
jaazeel,0,1,1
jaazy,1,0,1
jab,41,17,58
jaba,0,1,1
jabalpur,2,0,2
jabaocewz,1,0,1
jabari,0,1,1
jabba,2,11,13
jabbajabba,1,0,1
jabbas,2,1,3
jabbawockee,1,0,1
jabbawockeeeeeeeeez,0,1,1
jabbawockeez,2,7,9
jabbaz,1,0,1
jabbed,8,1,9
jabber,9,10,19
jabbering,0,1,1
jabbimackeho,0,1,1
jabbing,1,1,2
jabbys,1,0,1
jabe,0,1,1
jabibi,0,1,1
jabillionth,1,0,1
jablonci,0,1,1
jabooodydubs,1,0,1
jabrix,1,0,1
jabs,13,3,16
jaburps,0,1,1
jac,15,24,39
jacaranda,1,0,1
jacation,1,0,1
jacc,1,0,1
jacck,2,0,2
jaccuzi,0,1,1
jaccuzzi,0,3,3
jace,10,7,17
jacee,0,1,1
jacek,0,1,1
jacen,0,1,1
jacers,1,0,1
jacey,2,2,4
jach,0,1,1
jaci,1,4,5
jacinta,0,3,3
jacinto,0,1,1
jack,499,585,1084
jacka,2,1,3
jackaaa,1,0,1
jackable,0,1,1
jackal,0,1,1
jackalltimelow,1,0,1
jackalope,0,9,9
jackamn,0,1,1
jackari,0,1,1
jackass,20,28,48
jackassery,1,1,2
jackasses,3,3,6
jackassing,0,1,1
jackassy,1,0,1
jackazz,1,0,1
jackb,1,0,1
jackbeef,1,0,1
jackblack,0,1,1
jackbutt,1,0,1
jackcrute,1,0,1
jackdarling,0,1,1
jackdaw,3,0,3
jacke,0,2,2
jacked,93,22,115
jackee,1,0,1
jackelin,0,1,1
jackelope,1,1,2
jackes,1,0,1
jacket,274,209,483
jacketftw,0,1,1
jacketless,0,1,1
jackets,24,28,52
jackett,0,1,1
jacketttttt,1,0,1
jackflap,0,1,1
jackfm,1,0,1
jackfruit,1,2,3
jackhammer,7,0,7
jackhammering,4,0,4
jackhammers,6,1,7
jackhave,1,0,1
jackholes,1,1,2
jacki,2,4,6
jackie,103,151,254
jackiecake,0,1,1
jackiee,0,2,2
jackieee,0,2,2
jackiefromrosea,1,0,1
jackieo,2,1,3
jackiepie,1,0,1
jackier,0,1,1
jackies,4,4,8
jackin,0,3,3
jacking,7,3,10
jackinthebox,1,0,1
jackjack,2,1,3
jackk,3,1,4
jackkk,0,1,1
jackkkk,0,1,1
jackknife,0,1,1
jackknifed,1,0,1
jacklyn,1,1,2
jackmam,0,1,1
jackman,14,96,110
jackmans,1,0,1
jacknbox,0,1,1
jacknjill,1,0,1
jacknthebox,1,0,1
jacko,9,2,11
jackofalltwists,1,0,1
jackon,0,1,1
jackons,0,1,1
jackpack,0,1,1
jackpot,15,30,45
jackpots,2,2,4
jackr,0,1,1
jackrabbit,0,2,2
jackrabbits,1,1,2
jackruby,2,0,2
jackrussle,0,1,1
jacks,63,59,122
jacksfancybuttons,0,1,1
jacksh,1,0,1
jackshit,0,1,1
jacksinville,1,0,1
jackson,149,201,350
jacksons,3,3,6
jacksonville,26,19,45
jacksoooniiiiiiiii,0,1,1
jacksoul,0,1,1
jacksper,2,1,3
jackthat,0,1,1
jackthreads,0,1,1
jacktramacchi,0,1,1
jacktv,1,0,1
jackuie,1,0,1
jacky,6,11,17
jackyjack,1,0,1
jackyyy,1,0,1
jackz,0,1,1
jackzilla,1,1,2
jaclyn,2,4,6
jaclynn,0,1,1
jaco,1,1,2
jacob,135,228,363
jacobb,0,1,1
jacobbb,0,1,1
jacobe,1,0,1
jacobfuckingblackkkkk,1,0,1
jacobi,0,1,1
jacobman,0,1,1
jacobo,2,2,4
jacobos,0,1,1
jacobs,22,20,42
jacobxbella,1,0,1
jacoby,2,8,10
jacon,1,3,4
jacopo,1,1,2
jacorian,1,0,1
jacq,2,1,3
jacqie,0,1,1
jacqster,1,0,1
jacquard,0,1,1
jacque,1,3,4
jacqueeeeeeeet,0,1,1
jacqueimos,1,0,1
jacqueline,2,11,13
jacquelyn,1,1,2
jacques,9,10,19
jacquese,0,1,1
jacqui,9,15,24
jacquie,0,3,3
jacquiline,1,0,1
jacquis,1,0,1
jacquisha,0,1,1
jacson,0,1,1
jacuuuuzi,0,1,1
jacuzi,1,0,1
jacuzzi,11,40,51
jacuzzies,0,1,1
jacuzzii,0,1,1
jacuzzy,1,0,1
jacuzzzi,0,2,2
jacuzzzing,0,1,1
jacvanek,0,1,1
jacward,0,1,1
jacwee,0,1,1
jacy,2,0,2
jacynta,0,1,1
jad,5,1,6
jada,9,18,27
jadaaaaaakissssss,0,1,1
jadaan,1,0,1
jadakiss,2,3,5
jadas,2,0,2
jaddddddda,1,0,1
jaddes,1,0,1
jaddyy,0,1,1
jade,74,100,174
jadea,1,0,1
jadecraven,0,1,1
jaded,17,13,30
jadee,0,1,1
jadeeeee,0,1,1
jadeite,0,1,1
jadeja,4,1,5
jaden,6,7,13
jaderade,0,1,1
jaderberg,0,1,1
jades,2,5,7
jadesen,1,0,1
jadey,1,2,3
jadeyboo,1,0,1
jadeycakes,0,1,1
jadeyyyy,0,1,1
jadi,27,26,53
jadia,0,1,1
jadian,0,1,1
jadida,1,0,1
jadiee,0,2,2
jadik,1,0,1
jadilah,1,1,2
jadine,1,0,1
jadiny,1,0,1
jadinya,2,4,6
jadminmobile,0,1,1
jadole,0,1,1
jadon,1,1,2
jadore,0,1,1
jadper,1,0,1
jadul,0,1,1
jadwal,1,1,2
jadyn,2,1,3
jadzia,1,1,2
jae,7,11,18
jaeboo,1,0,1
jaecob,1,0,1
jaede,0,1,1
jaeden,5,2,7
jaedon,0,1,1
jaedyn,1,1,2
jaefoo,1,1,2
jaegar,1,0,1
jaeger,2,1,3
jaegerm,1,0,1
jaegermeister,1,0,1
jaejin,1,0,1
jaejoong,3,5,8
jaekob,0,1,1
jael,2,1,3
jaelah,0,1,1
jaellima,1,0,1
jaelyn,0,1,1
jaelynn,2,0,2
jaena,0,1,1
jaeong,0,1,1
jaer,0,1,1
jaeson,0,1,1
jaf,0,1,1
jafagoli,0,1,1
jafaking,0,1,1
jafar,1,1,2
jafargholi,4,6,10
jafargoli,1,1,2
jaff,2,0,2
jaffa,21,17,38
jaffacakes,0,1,1
jaffas,2,1,3
jaffe,2,1,3
jaffee,0,1,1
jaffne,0,1,1
jafo,0,1,1
jafrosax,0,1,1
jaft,0,1,1
jag,19,14,33
jaga,2,1,3
jagaaaa,1,0,1
jagah,1,0,1
jager,14,16,30
jagerbomb,0,3,3
jagerbombs,4,1,5
jagercon,1,0,1
jagermeister,0,1,1
jagex,0,2,2
jagga,0,1,1
jagged,6,4,10
jagger,3,3,6
jaggers,1,1,2
jaggin,1,0,1
jaggy,2,1,3
jaggyroad,0,1,1
jagielka,0,1,1
jagjit,1,0,1
jagk,2,2,4
jago,0,1,1
jagoan,1,0,1
jagoda,1,0,1
jags,6,0,6
jagtesh,0,1,1
jaguar,4,10,14
jaguard,1,0,1
jaguars,2,1,3
jagung,1,2,3
jagwar,0,1,1
jah,5,11,16
jahahahaha,0,1,1
jahaitian,1,0,1
jahan,0,1,1
jahat,1,0,1
jahatnya,1,0,1
jaheen,0,1,1
jaheim,0,1,1
jahh,1,1,2
jahia,0,1,1
jahiem,1,0,1
jahja,1,0,1
jahlia,0,1,1
jahlionnn,1,0,1
jahmekyah,0,1,1
jahmel,0,1,1
jahn,0,1,1
jahni,0,1,1
jahovah,0,1,1
jahr,0,1,1
jahunka,1,0,1
jai,21,59,80
jaibreaking,1,0,1
jaica,1,0,1
jaicy,0,1,1
jaida,0,1,1
jaiddaaaanskia,0,1,1
jaiden,2,5,7
jaidyn,1,0,1
jaiho,1,2,3
jaiii,1,0,1
jaiiii,0,1,1
jaiis,0,1,1
jaijai,1,0,1
jaikbreak,1,0,1
jail,211,89,300
jailbait,2,3,5
jailbbroken,1,0,1
jailbird,1,0,1
jailbirds,0,1,1
jailbrake,0,2,2
jailbraked,0,1,1
jailbraking,2,0,2
jailbreak,176,19,195
jailbreake,1,0,1
jailbreaked,2,0,2
jailbreaken,1,0,1
jailbreakeness,1,0,1
jailbreaker,1,0,1
jailbreakers,0,1,1
jailbreaking,20,6,26
jailbreakland,1,0,1
jailbreaks,0,1,1
jailbroke,7,1,8
jailbrokem,1,0,1
jailbroken,43,11,54
jailbrokeness,1,0,1
jailed,6,5,11
jailer,1,0,1
jailers,0,1,1
jailhouse,0,1,1
jailing,1,0,1
jailor,0,1,1
jails,0,1,1
jailtime,1,0,1
jaim,0,1,1
jaime,20,33,53
jaimee,1,2,3
jaimeleann,0,1,1
jaimemintun,0,1,1
jaimerz,0,1,1
jaimes,0,1,1
jaimi,0,1,1
jaimie,2,8,10
jaimiereneelynn,1,0,1
jaimies,1,1,2
jaimito,1,0,1
jaimster,1,0,1
jain,4,0,4
jaina,1,0,1
jaios,1,0,1
jaipongan,0,1,1
jaipur,4,1,5
jaipuri,1,0,1
jaipurs,0,1,1
jair,3,0,3
jairich,0,1,1
jairrrrr,1,0,1
jaisa,0,1,1
jaisey,0,1,1
jaitley,0,1,1
jaiz,0,1,1
jaj,2,0,2
jaja,34,33,67
jajaa,1,0,1
jajaaa,0,1,1
jajaaj,1,0,1
jajah,1,1,2
jajaj,0,6,6
jajaja,18,23,41
jajajaaj,1,0,1
jajajaj,0,1,1
jajajaja,6,10,16
jajajajaaaaaaaa,1,0,1
jajajajaj,1,0,1
jajajajaja,5,3,8
jajajajajaaww,1,0,1
jajajajajaja,1,0,1
jajajajajajaj,0,1,1
jajajajajajajaja,1,1,2
jajajajajajajajaja,0,1,1
jajajja,1,1,2
jajajjajaa,0,1,1
jajj,0,1,1
jajjaja,0,1,1
jajjajajajaj,1,0,1
jajjajjaja,1,0,1
jajo,0,1,1
jaju,0,1,1
jajuan,1,0,1
jak,9,9,18
jakab,0,1,1
jakarta,81,66,147
jake,190,213,403
jakeashley,0,1,1
jakeb,0,1,1
jakeeee,1,1,2
jakeey,0,1,1
jakeinator,1,0,1
jakeller,0,1,1
jakeoff,0,1,1
jakeowen,0,1,1
jakes,16,17,33
jakesick,1,0,1
jakesoo,1,0,1
jakester,1,0,1
jakey,4,4,8
jakeypoop,1,0,1
jakeywakey,1,0,1
jakeyyy,1,0,1
jakhob,1,0,1
jaki,1,1,2
jakil,1,0,1
jakin,0,1,1
jakk,0,1,1
jakki,1,3,4
jaklar,0,1,1
jako,1,4,5
jakob,3,5,8
jakobbb,0,1,1
jakrta,0,1,1
jaks,1,0,1
jakson,0,1,1
jakttriathlon,0,1,1
jakubrawr,0,1,1
jakun,0,1,1
jakut,0,1,1
jakuzi,0,1,1
jaky,0,1,1
jal,3,1,4
jala,4,2,6
jalaaaaaaaaaaaaaaaaaan,1,0,1
jalalin,1,0,1
jalan,10,13,23
jalanan,0,1,1
jalandhar,1,0,1
jalandoni,0,1,1
jalani,0,1,1
jalanin,0,1,1
jalapainos,1,0,1
jalape,1,2,3
jalapeno,12,17,29
jalapenos,12,6,18
jalapino,1,0,1
jalbroken,1,0,1
jalbum,0,1,1
jale,1,0,1
jalebi,0,1,1
jalebis,0,2,2
jaleel,1,1,2
jaleesa,1,1,2
jaleh,1,0,1
jalen,4,1,5
jalene,0,1,1
jaleo,0,1,1
jalepe,1,1,2
jalepeno,2,5,7
jalepenos,2,4,6
jaley,0,1,1
jalfreezi,1,0,1
jalfrezzi,0,1,1
jalibean,0,1,1
jalice,0,1,1
jalil,0,4,4
jalisco,3,1,4
jalissa,2,0,2
jaljeera,3,38,41
jallard,1,0,1
jalne,1,0,1
jaloerss,0,1,1
jalopeno,0,1,1
jalopy,0,1,1
jalous,1,2,3
jalouse,3,0,3
jalousssssss,0,1,1
jaloux,2,0,2
jalt,0,2,2
jalwa,0,1,1
jalysaaa,0,1,1
jam,425,443,868
jama,0,1,1
jamaaaaas,1,0,1
jamaaican,0,1,1
jamaal,0,1,1
jamacan,1,0,1
jamacia,3,1,4
jamaciaaaa,0,1,1
jamacian,0,1,1
jamai,1,0,1
jamaica,44,42,86
jamaicaa,1,0,1
jamaican,23,24,47
jamaicans,0,3,3
jamaicas,0,1,1
jamaicasbest,0,2,2
jamais,0,2,2
jamaisa,1,0,1
jamal,10,10,20
jamalamas,0,1,1
jamals,0,1,1
jamanda,0,1,1
jamar,1,0,1
jamarcusssssss,0,1,1
jamas,3,1,4
jamasho,1,0,1
jamba,65,59,124
jambacard,1,0,1
jambafail,1,0,1
jambajuice,0,1,1
jambal,1,0,1
jambalaya,3,4,7
jambalya,1,0,1
jambar,2,0,2
jambi,1,0,1
jambinese,0,1,1
jambo,2,2,4
jambon,0,1,1
jambons,1,0,1
jamboree,2,5,7
jamborette,2,0,2
jambu,1,1,2
jambul,0,1,1
jamc,0,1,1
jamcan,0,1,1
jamdown,1,0,1
jame,4,6,10
jameco,1,0,1
jamed,1,0,1
jamee,1,0,1
jameeeeeeyyyyy,0,1,1
jameela,0,1,1
jameer,0,1,1
jameja,0,1,1
jameka,0,1,1
jamendo,0,1,1
jamequa,0,1,1
jamer,1,0,1
jamers,0,1,1
james,426,587,1013
jamesblackmusicnz,0,1,1
jamesclay,2,0,2
jamesehfail,1,0,1
jamesfk,2,2,4
jamesheart,0,1,1
jameson,5,14,19
jamesons,0,1,1
jamess,1,0,1
jamestown,2,1,3
jamestowne,0,1,1
jamestri,1,0,1
jameswyli,0,1,1
jamesy,4,1,5
jamesyface,1,0,1
jamey,2,1,3
jamez,4,1,5
jamfest,0,2,2
jamglue,0,1,1
jami,3,4,7
jamia,0,2,2
jamiaca,1,0,1
jamialinakins,0,1,1
jamie,133,225,358
jamieamos,1,0,1
jamiee,0,1,1
jamieee,0,2,2
jamieeee,1,1,2
jamiekins,0,1,1
jamieleann,0,1,1
jamielita,0,1,1
jamiemcreject,0,1,1
jamiereed,0,1,1
jamies,5,10,15
jamiestwitchen,1,0,1
jamiiiaca,1,0,1
jamil,0,1,1
jamila,0,1,1
jamilla,2,0,2
jamils,1,0,1
jamilyn,0,1,1
jamin,2,6,8
jamina,0,1,1
jaminder,1,0,1
jamine,0,2,2
jaming,0,1,1
jaminn,0,1,1
jamir,1,0,1
jamiroquai,3,7,10
jamis,0,1,1
jamison,3,1,4
jamjam,0,1,1
jamjams,2,0,2
jamjar,1,0,1
jamlegend,0,10,10
jamm,1,3,4
jamma,3,1,4
jammas,0,2,2
jammed,48,24,72
jammen,1,0,1
jammer,7,4,11
jammers,1,1,2
jammie,4,8,12
jammies,28,44,72
jammiez,0,1,1
jammiin,0,1,1
jammin,52,138,190
jamming,23,127,150
jammingg,0,1,1
jamminn,0,1,1
jammmbba,0,1,1
jammmm,1,0,1
jammmmes,0,1,1
jammmmm,1,0,1
jammmms,0,1,1
jammmy,0,1,1
jammn,0,1,1
jammy,14,12,26
jammys,0,3,3
jammyy,1,0,1
jamn,1,0,1
jamo,0,2,2
jamoccha,1,0,1
jamocha,0,2,2
jamoica,0,1,1
jamon,2,2,4
jamooshka,0,1,1
jampacked,2,3,5
jamrock,1,4,5
jams,43,56,99
jamses,0,1,1
jamsession,0,1,1
jamss,3,1,4
jamsss,0,1,1
jamui,1,0,1
jamul,1,0,1
jamunji,0,1,1
jamuns,1,2,3
jamwee,1,1,2
jamy,2,0,2
jamz,4,8,12
jamze,1,0,1
jan,106,86,192
jana,10,17,27
janaa,0,1,1
janae,4,2,6
janaes,1,0,1
janah,0,1,1
janai,0,1,1
janaka,0,1,1
janalounge,0,1,1
janam,0,1,1
janardhon,0,1,1
janas,1,1,2
janay,1,2,3
jancie,1,0,1
jandal,2,0,2
jandals,1,2,3
jandamu,1,0,1
jandelayconcert,0,1,1
jandi,0,2,2
jandk,1,0,1
jandro,2,1,3
jandy,0,1,1
jandytimsamlake,1,0,1
jane,99,154,253
janeane,1,2,3
janee,1,2,3
janeee,0,1,1
janeeeey,1,0,1
janeeeyy,1,0,1
janeet,1,0,1
janefletcher,0,3,3
janeiro,23,21,44
janek,0,1,1
janel,2,1,3
janele,0,1,1
janell,3,0,3
janella,0,1,1
janelle,7,18,25
janelles,1,0,1
janellie,0,1,1
janellio,0,1,1
janelly,0,1,1
janer,0,1,1
janeron,0,1,1
janers,1,0,1
janes,10,20,30
janesaddic,1,0,1
janessa,3,5,8
janesville,0,1,1
janet,38,68,106
janetrigs,1,0,1
janets,2,1,3
janett,0,2,2
janette,4,5,9
janetty,0,1,1
janeway,1,2,3
janey,4,4,8
janeybird,1,0,1
janeyy,0,1,1
jang,1,2,3
jangah,0,1,1
jangan,6,7,13
jangannnn,1,0,1
jangka,0,1,1
jangkung,1,0,1
jangle,0,1,1
jangled,0,1,1
jangles,0,1,1
jangly,0,2,2
jango,3,3,6
jangomail,1,0,1
jangueando,0,1,1
janguin,1,0,1
jani,0,1,1
janice,37,21,58
janicepcheng,0,1,1
janie,3,6,9
janiechaos,0,2,2
janieke,0,1,1
janiero,2,0,2
janies,0,1,1
janiiiii,1,0,1
janil,0,1,1
janina,0,3,3
janine,6,11,17
janis,2,20,22
janise,1,0,1
janissss,0,1,1
janistowserohyea,1,0,1
janith,0,1,1
janitor,9,5,14
janitorial,1,0,1
janitors,1,1,2
janjan,1,1,2
janji,1,0,1
jank,3,2,5
jankee,1,0,1
janki,1,1,2
jankiness,0,1,1
janko,1,0,1
jankovic,1,1,2
jankowarpspeed,1,0,1
janky,8,1,9
janlou,0,1,1
jann,0,1,1
janna,2,4,6
jannah,1,0,1
janne,0,1,1
janneke,1,0,1
jannelly,0,1,1
jannellynn,0,1,1
jannet,0,1,1
jannette,0,2,2
janney,2,2,4
jannicke,0,1,1
jannie,0,1,1
jannik,0,1,1
janno,0,1,1
jannsen,1,0,1
janny,0,3,3
jano,1,1,2
janome,1,0,1
janoris,1,0,1
janos,0,1,1
janosch,0,2,2
janruary,1,0,1
jans,0,2,2
jansel,1,0,1
jansen,3,0,3
jansport,0,1,1
janssen,1,0,1
jansz,1,0,1
janta,0,1,1
jantaburi,1,0,1
jantar,0,1,1
jante,0,1,1
jantiny,0,1,1
janto,1,0,1
jantoque,1,0,1
jants,0,1,1
jantung,2,0,2
janty,0,1,1
jantzen,0,1,1
janu,0,1,1
januari,0,1,1
january,100,67,167
januel,0,1,1
janurary,1,0,1
janus,0,1,1
jany,0,1,1
janz,1,0,1
jao,0,1,1
jaob,0,1,1
jaoge,0,1,1
jaoin,0,1,1
jaoo,1,1,2
jap,17,27,44
japa,0,2,2
japadog,1,1,2
japala,1,0,1
japan,292,275,567
japanator,0,1,1
japanday,1,0,1
japandroids,0,1,1
japanes,0,1,1
japanese,232,356,588
japanesela,1,0,1
japanesey,1,0,1
japanesse,0,1,1
japanized,0,1,1
japanizing,0,1,1
japannaly,1,0,1
japannnnnnn,0,1,1
japanophile,0,1,1
japanorama,0,1,1
japanse,0,1,1
japanses,0,1,1
japansoc,1,2,3
japantech,1,0,1
japantechtalk,1,2,3
japanther,1,0,1
japantravel,0,3,3
japchae,0,1,1
jape,0,1,1
japeiks,0,1,1
japenes,1,1,2
japenese,2,1,3
japheth,0,1,1
japi,0,1,1
japiii,0,1,1
japnese,2,1,3
japolino,0,1,1
japon,1,0,1
japonaises,1,0,1
japonese,0,2,2
japoneses,1,0,1
japonicas,0,1,1
japordize,0,1,1
japorms,0,2,2
japoypoy,0,1,1
jappanesse,1,0,1
japped,1,0,1
jappi,0,1,1
jappy,2,0,2
japs,4,4,8
japshow,1,0,1
japsicans,0,1,1
japtown,0,1,1
jaqls,0,1,1
jaque,0,2,2
jaqueline,0,1,1
jaques,1,2,3
jaquette,1,0,1
jaqui,0,1,1
jaquita,0,1,1
jaqwon,0,1,1
jar,65,54,119
jara,0,1,1
jarabacoa,0,1,1
jarabaraas,0,1,1
jarad,0,1,1
jarakta,0,1,1
jarang,2,0,2
jarate,0,1,1
jarbas,0,2,2
jarbou,0,2,2
jarda,0,1,1
jardadokoupil,0,1,1
jardin,2,1,3
jardine,0,2,2
jardiner,0,1,1
jared,90,153,243
jareddd,1,1,2
jaredleto,0,3,3
jaredlicious,0,1,1
jareds,2,3,5
jaredteenth,1,0,1
jaredweb,1,0,1
jaren,2,1,3
jaret,0,1,1
jareths,1,0,1
jarett,0,2,2
jarful,1,0,1
jargon,7,7,14
jargons,0,1,1
jarhead,1,0,1
jarheads,1,0,1
jari,5,0,5
jaria,1,0,1
jarid,1,0,1
jarilyn,0,1,1
jarita,0,1,1
jarjar,2,0,2
jarley,0,1,1
jarlin,1,0,1
jarlsberg,0,1,1
jarmies,0,2,2
jarmons,1,0,1
jarmusch,1,1,2
jarn,0,1,1
jarnail,1,2,3
jarnling,1,0,1
jaro,1,1,2
jarocho,0,1,1
jarod,0,1,1
jaron,4,0,4
jaronmc,1,0,1
jarons,1,0,1
jarosz,0,1,1
jarr,1,0,1
jarrad,0,3,3
jarrard,1,1,2
jarre,3,4,7
jarred,7,5,12
jarrel,1,0,1
jarrell,0,1,1
jarren,0,1,1
jarret,0,1,1
jarrett,1,5,6
jarring,3,1,4
jarrison,0,1,1
jarrod,7,4,11
jarrodd,0,1,1
jarrods,0,1,1
jarron,1,1,2
jarrott,0,1,1
jarryd,3,4,7
jars,10,18,28
jarsey,1,0,1
jarsofclay,0,1,1
jartel,1,0,1
jarts,1,0,1
jarum,0,1,1
jarun,1,0,1
jarv,1,0,1
jarvis,14,5,19
jarwin,1,0,1
jary,0,1,1
jaryce,0,1,1
jaryll,0,1,1
jas,20,26,46
jasam,0,1,1
jasattack,0,1,1
jase,5,11,16
jaseface,1,0,1
jasen,1,1,2
jasey,1,2,3
jash,1,1,2
jashik,1,0,1
jashley,1,0,1
jasi,0,1,1
jasicaa,0,1,1
jasika,0,1,1
jasim,1,0,1
jasimane,1,0,1
jask,1,0,1
jasleen,1,0,1
jaslene,1,1,2
jaslin,1,0,1
jaslyn,0,1,1
jasmani,0,1,1
jasmannn,0,1,1
jasmin,0,7,7
jasmina,0,1,1
jasmindalton,0,1,1
jasmine,37,63,100
jasminee,0,1,1
jasmines,3,2,5
jasminn,1,0,1
jasmins,1,2,3
jasmintea,0,1,1
jasmmy,1,0,1
jasna,0,1,1
jason,278,425,703
jasonbertrand,1,0,1
jasonboehle,1,0,1
jasonc,0,1,1
jasoncollin,0,1,1
jasonmarkjones,1,0,1
jasonn,2,0,2
jasonnn,0,1,1
jasonnnn,1,0,1
jasonnnnnn,0,1,1
jasons,2,5,7
jasonsechrest,1,0,1
jasonssss,1,0,1
jasonsteven,0,1,1
jasoon,0,1,1
jasooon,1,0,1
jaspar,1,0,1
jasper,41,61,102
jaspercoffee,0,1,1
jasperr,0,1,1
jasperreports,0,1,1
jasperrrr,0,1,1
jaspers,1,1,2
jaspurr,1,0,1
jass,0,3,3
jassie,1,0,1
jassim,0,1,1
jasson,1,0,1
jasssonnnn,0,1,1
jassy,0,1,1
jasta,0,1,1
jastine,1,0,1
jasu,0,2,2
jasus,1,0,1
jasy,0,1,1
jasz,0,1,1
jat,2,0,2
jata,0,1,1
jatah,3,0,3
jatd,1,0,1
jate,4,2,6
jathiros,0,2,2
jathis,0,1,1
jathniel,0,1,1
jathro,0,1,1
jati,1,1,2
jatin,0,1,1
jatoh,0,1,1
jatty,0,1,1
jaty,0,1,1
jau,1,2,3
jauder,1,0,1
jaudyobscurewho,0,1,1
jauh,6,0,6
jauhhh,1,1,2
jauhnya,1,1,2
jauk,0,1,1
jaun,0,1,1
jaunas,0,1,1
jaundice,7,0,7
jaundiced,1,0,1
jaunpur,1,0,1
jaunt,5,4,9
jaunting,1,0,1
jaunts,1,3,4
jaunty,17,22,39
jaurel,0,1,1
jauu,0,1,1
jav,2,1,3
java,158,147,305
javabans,1,0,1
javabeans,0,1,1
javacc,0,1,1
javachip,0,1,1
javaee,1,0,1
javafx,4,5,9
javagmodgamemode,0,1,1
javahelp,0,1,1
javais,1,0,1
javajazz,2,0,2
javakula,1,0,1
javali,1,0,1
javaone,34,43,77
javaoneconf,1,1,2
javapavalion,1,0,1
javaris,1,0,1
javaroma,1,0,1
javas,1,1,2
javascript,49,40,89
javascriptcore,1,0,1
javascripted,1,0,1
javascripting,0,1,1
javascriptkit,1,0,1
javascripts,1,0,1
javazone,0,2,2
jave,6,2,8
javelin,4,5,9
javeline,1,0,1
javelins,1,1,2
javellana,0,1,1
javen,1,0,1
javert,0,1,1
javi,7,8,15
javier,6,6,12
javiera,1,1,2
javiiii,0,1,1
javits,2,0,2
javitz,1,0,1
javon,1,3,4
javs,3,0,3
javy,1,1,2
jaw,178,36,214
jawa,1,1,2
jawaab,0,1,1
jawab,2,0,2
jawabannyaa,1,0,1
jawache,1,0,1
jawaches,0,1,1
jawar,0,3,3
jawbone,6,3,9
jawbreaker,5,1,6
jawbreakerxd,0,1,1
jawbreaking,0,1,1
jawja,0,1,1
jawless,2,0,2
jawn,7,5,12
jawns,2,0,2
jawo,1,0,1
jaworski,0,1,1
jaws,33,24,57
jawsy,1,0,1
jawter,1,0,1
jax,38,33,71
jaxb,2,0,2
jaxer,1,0,1
jaxgasm,0,1,1
jaxin,0,1,1
jaxon,3,2,5
jaxson,2,3,5
jaxx,3,11,14
jaxxy,0,1,1
jay,529,439,968
jaya,6,2,8
jayadeep,0,1,1
jayan,0,1,1
jayanagar,1,0,1
jayandree,0,1,1
jayanti,1,0,1
jayapremhangout,1,0,1
jayapremshangout,1,0,1
jayasuriya,2,1,3
jayawardene,1,0,1
jaybanana,1,0,1
jaybe,0,2,2
jaybee,0,1,1
jaybo,0,2,2
jayboo,0,1,1
jaybrannan,1,0,1
jaybug,1,0,1
jaycar,1,0,1
jayce,1,1,2
jaycee,3,2,5
jaycees,0,5,5
jaychou,0,1,1
jaycie,0,1,1
jaycikah,0,1,1
jaycogames,2,0,2
jayd,1,0,1
jayda,0,6,6
jayde,6,11,17
jaydee,2,0,2
jayden,19,9,28
jaydenelisha,0,1,1
jaydenicole,1,0,1
jaydes,0,1,1
jaydey,0,1,1
jaydiohead,0,1,1
jaydon,1,0,1
jaydoubleu,1,0,1
jaye,4,3,7
jayegi,0,1,1
jayelasolei,1,0,1
jayem,1,0,1
jayenge,0,1,1
jayfresh,0,1,1
jayhawks,1,0,1
jayhsant,1,0,1
jayhundreds,1,0,1
jayiam,0,1,1
jayjay,2,3,5
jayjays,1,0,1
jayk,13,16,29
jaykay,3,5,8
jayla,4,3,7
jayladukespendingthe,0,1,1
jaylen,1,0,1
jayleno,4,1,5
jaylin,1,0,1
jayloh,0,1,1
jaylor,2,1,3
jaylyn,1,0,1
jaylynn,1,2,3
jaymay,0,1,1
jaymayyyy,1,0,1
jayme,2,4,6
jaymee,0,8,8
jaymeebear,0,1,1
jaymeee,0,1,1
jaymeeee,0,1,1
jaymees,1,0,1
jaymes,2,0,2
jaymi,1,0,1
jaymie,2,0,2
jaymieieieieieiesssssssfishieeeesssssss,0,1,1
jaymo,1,0,1
jayms,0,1,1
jaymsg,0,1,1
jayna,0,2,2
jaynay,1,0,1
jayne,8,15,23
jaynee,1,1,2
jayneoni,0,1,1
jaynes,0,1,1
jaynestown,0,1,1
jayney,1,1,2
jaynie,2,1,3
jayod,1,0,1
jayoineys,0,1,1
jayonce,0,2,2
jayp,1,0,1
jaypanda,1,0,1
jaypeepees,0,1,1
jayr,0,1,1
jayrockkk,1,0,1
jays,43,42,85
jaysay,0,1,1
jayseto,1,0,1
jaysia,0,1,1
jaysis,1,0,1
jayson,4,3,7
jayster,1,0,1
jaysun,0,1,1
jaysus,3,1,4
jaytee,0,2,2
jayter,1,0,1
jaythan,0,1,1
jayvon,0,1,1
jayvs,0,1,1
jaywalkers,1,0,1
jaywalking,8,6,14
jayy,2,1,3
jayykayy,0,1,1
jayysuunnnn,0,1,1
jayyy,0,1,1
jayyybayybayy,0,1,1
jayyyy,1,0,1
jayyyyyyyyyyyyyyyyy,0,1,1
jayz,10,6,16
jayzel,0,1,1
jayzer,0,1,1
jaz,13,23,36
jazakallah,0,1,1
jaze,0,1,1
jazeel,0,1,1
jazeera,1,1,2
jazera,1,0,1
jazid,2,0,2
jaziel,0,1,1
jazimen,0,1,1
jazjess,0,1,1
jazkidding,0,1,1
jazmene,1,0,1
jazmin,1,2,3
jazmine,5,11,16
jazminemae,0,1,1
jazminsmusicpage,0,1,1
jazminss,0,1,1
jazmyn,0,1,1
jazs,0,1,1
jazymel,0,1,1
jazz,147,227,374
jazza,3,0,3
jazzcafe,0,1,1
jazzcookbook,0,1,1
jazzed,4,14,18
jazzee,0,1,1
jazzer,0,1,1
jazzercise,8,4,12
jazzfest,2,5,7
jazzfestival,0,1,1
jazzheads,0,1,1
jazzi,2,0,2
jazzie,0,3,3
jazzier,0,1,1
jazzin,1,1,2
jazzing,1,1,2
jazzkat,1,0,1
jazzkeller,0,1,1
jazzmahal,0,1,1
jazzman,1,0,1
jazzmarie,0,1,1
jazzmin,0,2,2
jazzmutant,0,1,1
jazzo,0,1,1
jazzology,0,1,1
jazzonomics,1,0,1
jazzpaige,1,0,1
jazzpiano,0,1,1
jazzrazzmatazz,0,1,1
jazzsquare,0,1,1
jazzvocals,0,1,1
jazzworld,0,1,1
jazzy,23,43,66
jazzyb,1,0,1
jazzyfiierce,0,1,1
jazzyjwella,1,0,1
jazzyphae,0,1,1
jazzys,1,0,1
jazzyyyyyy,1,1,2
jazzzzz,0,2,2
jb,556,621,1177
jba,0,1,1
jbak,0,1,1
jbar,0,1,1
jbargentina,1,1,2
jbarsodmg,0,1,1
jbay,0,1,1
jbazzle,1,0,1
jbc,2,0,2
jbell,0,1,1
jbf,1,2,3
jbfa,1,0,1
jbfbdb,2,1,3
jbff,0,1,1
jbffa,1,1,2
jbg,1,0,1
jbh,1,0,1
jbhifi,1,1,2
jbht,1,0,1
jbigga,0,1,1
jbii,1,1,2
jbird,0,1,1
jbisahhmazing,0,1,1
jbit,1,2,3
jbiz,1,0,1
jbizmadness,0,2,2
jbj,0,1,1
jbl,1,1,2
jblaze,0,1,1
jblock,1,0,1
jblover,0,1,1
jbm,1,1,2
jbnoise,0,1,1
jbnoy,0,1,1
jbnoys,1,3,4
jbob,1,0,1
jbobsessed,1,0,1
jboog,1,0,1
jboss,4,4,8
jbox,0,1,1
jboy,2,0,2
jboyyyyy,0,1,1
jbpo,0,1,1
jbr,0,3,3
jbras,1,0,1
jbreak,1,0,1
jbro,1,0,1
jbroke,1,0,1
jbros,1,5,6
jbs,22,28,50
jbtv,2,0,2
jbu,0,1,1
jbuck,0,1,1
jbulianiah,1,0,1
jbunivisionforum,0,1,1
jbut,1,0,1
jbv,1,0,1
jbw,0,1,1
jbwckz,0,1,1
jbyoutube,1,0,1
jbyoutubesuspended,19,0,19
jc,35,65,100
jca,0,1,1
jcaho,1,0,1
jcb,4,5,9
jcc,3,1,4
jccwilliams,1,0,1
jcd,0,1,1
jcdecaux,0,1,1
jcenaaaa,0,1,1
jcf,0,1,1
jcge,1,1,2
jch,0,1,1
jcho,0,1,1
jchutchins,0,2,2
jci,0,4,4
jck,0,1,1
jckrealty,0,1,1
jcm,2,1,3
jcmc,1,0,1
jco,2,2,4
jcole,0,1,1
jconsole,1,0,1
jcook,2,1,3
jcool,3,0,3
jcot,0,1,1
jcp,4,1,5
jcpenney,0,3,3
jcpenny,1,1,2
jcpennys,1,0,1
jcr,2,1,3
jcrew,4,3,7
jcrook,0,1,1
jcs,0,2,2
jcss,1,0,1
jct,2,1,3
jctn,0,1,1
jcu,2,1,3
jcvd,3,1,4
jd,61,78,139
jdad,1,0,1
jdate,0,3,3
jdavis,1,0,1
jdawg,1,0,1
jdbc,2,0,2
jdc,2,0,2
jdcc,0,2,2
jdcoke,0,1,1
jdd,0,1,1
jde,2,1,3
jdedwards,4,0,4
jdee,1,0,1
jdepp,0,2,2
jdf,1,2,3
jdfsugdsuisdgh,0,1,1
jdges,1,0,1
jdhfdjsfasg,1,0,1
jdhfjdghsdfjs,1,0,1
jdi,2,1,3
jdiny,1,0,1
jdk,4,2,6
jdl,1,0,1
jdlkfa,1,0,1
jdm,1,4,5
jdma,1,0,1
jdmu,1,0,1
jdmwgajd,1,0,1
jdnx,1,0,1
jdnya,3,4,7
jdog,0,2,2
jdoramas,0,2,2
jdou,1,0,1
jdownloader,1,2,3
jdp,0,2,2
jdperry,0,1,1
jdpg,1,0,1
jdpppppppp,0,1,1
jdrama,0,1,1
jdrf,2,0,2
jdrobasaur,0,1,1
jdrobb,0,1,1
jdryden,1,0,1
jds,1,0,1
jdu,1,0,1
jdubb,1,0,1
jduiwh,1,0,1
jdzca,0,1,1
je,68,124,192
jea,2,3,5
jeaaaaannn,0,1,1
jeaaaallllllll,1,0,1
jeaaaalous,1,0,1
jeaaalooous,1,0,1
jeaalous,1,0,1
jeaga,1,0,1
jeah,2,12,14
jeahh,0,1,1
jeaker,1,0,1
jeal,16,2,18
jealin,2,0,2
jealius,0,1,1
jealll,1,0,1
jeallll,0,1,1
jealllllll,1,0,1
jealloousss,1,0,1
jeallouuusss,1,0,1
jeally,3,0,3
jealon,0,1,1
jealooooous,1,0,1
jealoooousssssss,1,0,1
jealoous,1,0,1
jealopus,1,0,1
jealose,1,0,1
jealosusssususus,1,0,1
jealosy,0,2,2
jealous,2780,1258,4038
jealouse,6,2,8
jealoused,0,1,1
jealousengage,2,0,2
jealouses,1,0,1
jealousgoing,0,1,1
jealousi,1,0,1
jealousku,1,0,1
jealously,4,0,4
jealousmuch,1,0,1
jealousness,1,0,1
jealouss,13,5,18
jealousss,14,3,17
jealoussss,13,1,14
jealousssss,8,3,11
jealoussssss,3,1,4
jealousssssss,1,0,1
jealousssssssssss,1,0,1
jealousy,58,39,97
jealouuussss,1,0,1
jealouuuus,0,1,1
jealouuuuss,1,0,1
jealouz,1,0,1
jealouzzz,1,1,2
jeals,1,0,1
jealuos,1,1,2
jealus,3,1,4
jealy,3,0,3
jealz,3,2,5
jean,63,78,141
jeana,1,1,2
jeanage,1,0,1
jeanelle,0,1,1
jeaners,1,0,1
jeanerz,0,1,1
jeanet,1,0,1
jeanette,9,6,15
jeanettem,0,1,1
jeanie,5,6,11
jeanine,6,3,9
jeanmarc,0,1,1
jeanna,0,1,1
jeanne,4,17,21
jeannie,7,10,17
jeannies,1,0,1
jeannine,2,2,4
jeannss,0,1,1
jeanny,0,1,1
jeano,0,1,1
jeans,397,316,713
jeanss,0,2,2
jeansssss,1,0,1
jeanthor,0,1,1
jeany,0,1,1
jeanz,0,4,4
jeaous,1,0,1
jeapordy,0,1,1
jearous,1,1,2
jearsy,1,0,1
jeaslous,1,0,1
jeaulous,1,0,1
jeaze,1,0,1
jeb,2,3,5
jebbajayjay,1,0,1
jebbie,0,1,1
jebby,0,1,1
jebediah,1,1,2
jebni,1,0,1
jebol,1,0,1
jebot,1,0,1
jebus,11,8,19
jebyn,1,0,1
jecca,1,0,1
jeck,1,0,1
jeckle,2,1,3
jeco,0,1,1
jects,1,0,1
jed,8,15,23
jedd,0,1,1
jedda,0,1,1
jeddah,5,4,9
jeddateech,0,1,1
jeddy,0,1,1
jeden,1,1,2
jedi,18,37,55
jedis,2,2,4
jeditable,0,1,1
jedna,1,0,1
jedno,0,1,1
jeds,0,1,1
jedtzn,0,1,1
jedwards,1,0,1
jee,3,12,15
jeeaannn,1,0,1
jeeah,0,1,1
jeeb,1,0,1
jeebieness,0,1,1
jeebies,2,0,2
jeebis,0,1,1
jeebs,2,0,2
jeebus,9,13,22
jeebusxmas,1,0,1
jeee,3,2,5
jeeebers,0,1,1
jeeebus,1,0,1
jeeeealooousss,0,1,1
jeeeee,1,0,1
jeeeeealoussss,1,0,1
jeeeeebus,1,1,2
jeeeeee,1,0,1
jeeeeeeeeeeessica,1,0,1
jeeeeeeeeeiiiiiiiiiiiiiij,0,1,1
jeeeeeeeemmmmmmmmmiiiiiiiiiiiiiiiii,1,0,1
jeeeeeeeezus,0,1,1
jeeeeeeehhhhi,1,0,1
jeeeeeeerry,0,1,1
jeeeeeeez,1,1,2
jeeeeeeeze,2,0,2
jeeeeees,1,0,1
jeeeeeesus,1,0,1
jeeeeeez,0,1,1
jeeeeeezzz,0,2,2
jeeeeez,3,2,5
jeeeeezy,0,1,1
jeeeeezz,1,0,1
jeeeej,0,1,1
jeeeelly,0,1,1
jeeeelou,0,1,1
jeeeen,1,0,1
jeeeep,1,0,1
jeeeepers,1,0,1
jeeeesh,0,1,1
jeeeeshhhh,1,0,1
jeeeesse,0,1,1
jeeeessshhh,1,0,1
jeeeetzt,1,0,1
jeeeez,4,1,5
jeeeeze,1,0,1
jeeeezus,1,0,1
jeeeezz,1,0,1
jeeeezzz,1,0,1
jeeehhhaaaaa,0,1,1
jeeej,1,6,7
jeeenny,0,1,1
jeeepers,1,0,1
jeeest,1,0,1
jeeesus,0,1,1
jeeevz,0,1,1
jeeewana,1,0,1
jeeez,7,9,16
jeeeze,3,0,3
jeeezelaweeeze,1,0,1
jeeezzz,1,0,1
jeeij,0,1,1
jeej,0,3,3
jeek,0,1,1
jeelouussyy,0,1,1
jeelus,1,0,1
jeenah,1,0,1
jeenat,0,1,1
jeep,82,37,119
jeepcherokee,1,0,1
jeepee,1,0,1
jeepers,5,13,18
jeepin,1,0,1
jeeping,1,0,1
jeepney,0,4,4
jeeps,3,0,3
jeepy,1,0,1
jeer,1,1,2
jees,5,0,5
jeese,2,1,3
jeesh,5,2,7
jeesusss,1,0,1
jeet,0,1,1
jeeto,1,0,1
jeeva,0,1,1
jeeves,4,9,13
jeex,1,1,2
jeez,193,86,279
jeeze,20,8,28
jeezi,0,1,1
jeezile,0,1,1
jeezits,1,0,1
jeeziz,1,0,1
jeezj,1,0,1
jeezo,2,1,3
jeezsh,1,0,1
jeezum,1,0,1
jeezus,6,1,7
jeezuz,0,1,1
jeezy,15,11,26
jeezys,0,1,1
jeezz,1,1,2
jeezzz,1,1,2
jeezzzzz,2,0,2
jef,1,3,4
jefa,1,0,1
jefbot,0,1,1
jefe,0,1,1
jeff,229,276,505
jeffarchuleta,1,0,1
jeffco,1,1,2
jeffdeguzman,0,1,1
jeffdy,0,1,1
jefferaldo,0,1,1
jeffers,0,1,1
jefferson,7,7,14
jeffersonians,0,1,1
jeffersonkim,1,0,1
jeffersons,1,2,3
jeffersonville,2,1,3
jeffery,6,7,13
jefferyyyy,1,0,1
jeffeva,1,0,1
jeffey,0,1,1
jefff,0,2,2
jeffff,2,0,2
jeffhardybrand,0,1,1
jeffie,0,1,1
jeffisadouche,1,0,1
jeffklein,0,1,1
jeffmayca,0,1,1
jeffowens,0,1,1
jeffree,12,24,36
jeffreee,0,1,1
jeffrey,14,36,50
jeffreydonovan,1,0,1
jeffreyhardy,0,1,1
jeffreys,1,0,1
jeffries,2,0,2
jeffro,1,0,1
jeffry,0,1,1
jeffs,6,3,9
jeffsladefrickinugh,0,1,1
jeffster,1,1,2
jeffstreet,1,0,1
jeffy,9,5,14
jeffypoo,1,0,1
jefree,1,1,2
jefrey,0,1,1
jefrica,2,0,2
jefster,0,1,1
jeg,1,4,5
jeggings,0,1,1
jeggins,0,1,1
jeglagged,1,0,1
jeh,2,1,3
jehaa,0,2,2
jehakregf,1,0,1
jehan,1,2,3
jeheeez,2,0,2
jehhh,0,1,1
jehovah,6,7,13
jehovas,0,2,2
jehs,2,0,2
jehtskii,1,0,1
jehu,0,1,1
jehugarcia,0,1,1
jehus,1,0,1
jehzlau,0,2,2
jei,2,2,4
jeicob,0,1,1
jeii,0,1,1
jeij,0,1,1
jeiluuh,1,0,1
jeio,1,0,1
jeito,1,0,1
jej,1,1,2
jeje,8,20,28
jejeje,3,7,10
jejejeje,0,5,5
jejjje,1,0,1
jejo,1,0,1
jeju,1,0,1
jek,3,0,3
jeka,0,1,1
jekerz,0,1,1
jekes,1,0,1
jekisa,0,1,1
jekll,0,1,1
jekyll,2,4,6
jel,11,5,16
jelaine,1,0,1
jelany,1,0,1
jelaous,2,2,4
jelapang,1,0,1
jelas,1,5,6
jelasin,0,1,1
jelecia,0,1,1
jelek,3,3,6
jelekk,1,0,1
jelena,2,4,6
jelene,2,1,3
jeleous,0,1,1
jeleq,1,0,1
jeles,2,0,2
jelez,1,0,1
jelious,5,3,8
jelis,1,0,1
jelita,0,1,1
jeliz,0,1,1
jell,6,8,14
jellaous,1,0,1
jellatin,0,1,1
jelled,0,1,1
jelli,0,1,1
jellicle,0,5,5
jellie,1,0,1
jellies,3,2,5
jellin,1,4,5
jelliphiish,0,1,1
jellis,0,1,1
jellllllo,0,1,1
jelllllus,1,0,1
jello,41,44,85
jellof,0,1,1
jellojellybeangirl,0,1,1
jelloooooooooo,0,1,1
jellous,0,1,1
jells,0,1,1
jelly,133,163,296
jellybabes,0,1,1
jellybabies,5,0,5
jellybean,10,8,18
jellybeane,0,1,1
jellybeaniesss,0,1,1
jellybeans,6,8,14
jellybeanz,2,0,2
jellybee,0,1,1
jellycar,0,1,1
jellyfish,9,11,20
jellyfishes,0,1,1
jellyfishy,1,0,1
jellyneo,1,0,1
jellys,2,1,3
jellysg,0,1,1
jellystone,0,1,1
jellytots,2,2,4
jellyyy,0,1,1
jellz,0,1,1
jelmer,0,1,1
jelo,0,1,1
jelou,0,2,2
jelous,86,36,122
jelouse,11,2,13
jelouseee,0,1,1
jelouss,1,0,1
jelousss,0,1,1
jeloussss,1,0,1
jelousssss,1,0,1
jelousy,2,1,3
jelsa,0,1,1
jelus,1,0,1
jeluz,4,0,4
jeluzzzz,1,0,1
jelynn,1,0,1
jelz,2,0,2
jem,8,24,32
jema,3,1,4
jemaine,3,3,6
jemand,4,3,7
jembatan,0,1,1
jemby,1,0,1
jemcgrew,0,1,1
jemez,2,0,2
jemi,7,18,25
jemiii,0,1,1
jemilla,1,1,2
jemima,0,2,2
jemimah,0,1,1
jemlove,0,1,1
jemma,6,3,9
jemmas,1,0,1
jemmmmmmm,0,1,1
jemo,0,1,1
jempol,1,0,1
jemput,1,5,6
jemputan,2,0,2
jems,1,1,2
jemski,1,0,1
jemu,0,1,1
jemur,0,1,1
jen,161,243,404
jena,1,5,6
jenae,0,1,1
jenai,0,1,1
jenarezosung,1,0,1
jenas,1,0,1
jenash,0,1,1
jenavie,0,1,1
jenaya,1,0,1
jenazah,1,1,2
jenben,0,1,1
jenbitch,0,1,1
jenbug,0,1,1
jenci,1,0,1
jendi,0,1,1
jendra,0,1,1
jene,1,1,2
jeneill,0,1,1
jeneka,1,0,1
jenella,0,1,1
jenelle,1,1,2
jeneral,0,1,1
jenertte,1,0,1
jenesis,0,1,1
jenessa,2,0,2
jenette,0,1,1
jenettemccurdy,0,1,1
jeneva,1,1,2
jeng,1,4,5
jenga,6,6,12
jengga,0,1,1
jenguk,1,0,1
jeni,5,7,12
jenice,0,2,2
jenifer,1,6,7
jeniferever,1,0,1
jeniffer,1,0,1
jenin,0,3,3
jenina,1,1,2
jenine,0,2,2
jenious,1,0,1
jenis,1,0,1
jenise,0,1,1
jenison,0,1,1
jenivivo,1,0,1
jenizzle,0,1,1
jenjele,1,0,1
jenjen,1,0,1
jenkins,7,7,14
jenkintown,1,0,1
jenmiester,0,1,1
jenn,57,85,142
jenna,41,76,117
jennabear,1,0,1
jennah,1,1,2
jennahmonet,0,1,1
jennakins,0,1,1
jennarouse,0,1,1
jennas,1,4,5
jennatar,1,0,1
jennay,0,1,1
jennayyy,0,1,1
jennbenn,0,1,1
jenne,0,1,1
jennel,0,1,1
jennennifer,0,1,1
jenner,2,8,10
jenners,1,1,2
jenness,1,0,1
jennette,10,21,31
jennettes,0,1,1
jennhoffman,1,0,1
jenni,13,41,54
jennia,0,1,1
jennie,7,10,17
jennies,0,1,1
jennifeeeeeeer,1,0,1
jennifer,59,105,164
jenniferatfoodallergybuzz,1,0,1
jenniferhodder,1,0,1
jennifers,1,1,2
jenniffer,0,1,1
jennifffaaaa,0,1,1
jennii,0,1,1
jenniii,2,0,2
jennilynne,0,1,1
jennings,3,3,6
jenniper,0,1,1
jennjenn,1,0,1
jennn,1,0,1
jennna,2,0,2
jennnieeee,0,1,1
jennnn,0,1,1
jennnnn,0,1,1
jennnnnn,0,1,1
jennnnnnnnnnnellllll,0,1,1
jennnnnny,1,0,1
jennny,1,0,1
jennnymayi,1,0,1
jennnyyyy,1,1,2
jenns,0,1,1
jennsreverie,1,0,1
jenny,115,143,258
jennybennytoe,1,0,1
jennychevvy,0,1,1
jennyd,0,2,2
jennylove,0,1,1
jennypoo,0,1,1
jennypooh,0,1,1
jennyrom,0,1,1
jennys,5,4,9
jennyvin,0,1,1
jennyy,0,1,1
jenova,0,2,2
jens,7,7,14
jensara,0,3,3
jense,4,2,6
jenseits,0,1,1
jensen,43,52,95
jensennn,1,0,1
jensens,1,3,4
jensiii,0,1,1
jenson,34,42,76
jensonbutton,1,0,1
jensonn,1,0,1
jensons,2,1,3
jenssix,1,0,1
jenster,0,1,1
jenuh,1,0,1
jenx,0,1,1
jenxpodma,0,1,1
jeoaprdy,1,0,1
jeolous,2,0,2
jeon,0,2,2
jeong,2,3,5
jeopardize,2,0,2
jeopardizing,1,0,1
jeopardy,26,22,48
jeoparizeeddd,0,1,1
jeoulous,1,0,1
jeoung,0,1,1
jeouse,0,1,1
jep,2,9,11
jepang,1,0,1
jepardy,0,1,1
jepedo,0,1,1
jeph,0,4,4
jepha,1,0,1
jephaa,0,1,1
jephaaaa,0,1,1
jephthas,0,1,1
jepjep,0,1,1
jepoardy,0,1,1
jepoi,0,1,1
jepordy,1,0,1
jepp,0,1,1
jeppi,0,1,1
jepsen,1,1,2
jer,23,16,39
jerad,0,1,1
jeraldine,0,1,1
jerawaaaaat,1,0,1
jerawats,0,1,1
jerbear,0,1,1
jerboa,0,1,1
jerboas,0,1,1
jerby,1,0,1
jerceeee,1,0,1
jere,3,3,6
jered,3,0,3
jerem,0,1,1
jeremaine,0,1,1
jereme,1,0,1
jeremey,0,3,3
jeremeys,1,0,1
jeremi,0,1,1
jeremiah,14,13,27
jeremie,3,1,4
jeremih,1,10,11
jeremy,82,153,235
jeremyau,0,1,1
jeremycosta,1,0,1
jeremykyle,1,0,1
jeremymayer,0,1,1
jeremys,7,1,8
jeremyyy,1,1,2
jeres,0,2,2
jeresy,0,1,1
jerewizzle,0,1,1
jerey,1,0,1
jerez,0,4,4
jereza,1,0,1
jergens,3,1,4
jergensmaterial,1,0,1
jeri,5,2,7
jerica,0,2,2
jericho,12,13,25
jerichoholic,0,1,1
jerico,0,1,1
jerikah,1,0,1
jerimiah,1,1,2
jerimie,1,0,1
jeris,0,2,2
jerje,1,0,1
jerjer,1,0,1
jerk,270,112,382
jerkass,1,0,1
jerked,3,1,4
jerker,15,5,20
jerkey,2,1,3
jerkfa,1,0,1
jerkface,8,1,9
jerkfaced,1,0,1
jerkfaces,0,1,1
jerkfest,1,0,1
jerkfucks,0,1,1
jerkie,2,1,3
jerkin,4,6,10
jerking,8,8,16
jerkinn,0,1,1
jerkk,2,2,4
jerkkinnn,1,0,1
jerkkkk,1,0,1
jerkkkkk,1,0,1
jerkoff,3,0,3
jerks,86,28,114
jerksss,1,1,2
jerky,17,13,30
jerkz,1,1,2
jerm,1,4,5
jermaine,4,6,10
jermery,1,0,1
jermey,0,1,1
jermeys,1,0,1
jermiah,0,1,1
jermie,0,1,1
jermmss,0,1,1
jerms,1,2,3
jermy,1,1,2
jermyn,1,0,1
jermz,1,0,1
jern,1,0,1
jernieonline,0,2,2
jernigan,0,1,1
jero,1,0,1
jerod,0,2,2
jeroen,1,2,3
jerome,10,5,15
jeromeatherapy,0,1,1
jerr,0,1,1
jerram,1,0,1
jerramyclarkson,0,1,1
jerred,1,0,1
jerrell,2,1,3
jerren,0,1,1
jerri,1,0,1
jerrica,0,1,1
jerrick,2,0,2
jerrie,0,1,1
jerries,2,1,3
jerrod,0,1,1
jerrr,1,0,1
jerrrrrk,1,0,1
jerry,104,166,270
jerrycurl,0,1,1
jerryd,0,1,1
jerrys,19,28,47
jerryyy,1,0,1
jerryyyy,1,0,1
jers,3,2,5
jerseey,0,2,2
jerseeyy,1,1,2
jersery,0,1,1
jersexy,0,1,1
jersey,321,344,665
jerseygirl,1,0,1
jerseyified,0,1,1
jerseylive,0,1,1
jerseys,14,17,31
jerseyy,4,1,5
jerseyyy,0,1,1
jerseyyyy,1,0,1
jerseyz,0,1,1
jersi,1,0,1
jerskaaaaa,0,1,1
jerson,0,2,2
jerssey,1,0,1
jersy,3,0,3
jerudong,1,2,3
jerusalem,4,10,14
jervy,1,0,1
jery,1,0,1
jeryd,0,1,1
jeryll,1,0,1
jerylle,0,1,1
jerys,1,0,1
jerz,7,12,19
jerzak,2,4,6
jerzee,1,0,1
jerzey,1,1,2
jerzy,2,0,2
jes,10,21,31
jesalyns,1,0,1
jesam,0,1,1
jesckaa,0,1,1
jeser,1,0,1
jesery,2,0,2
jesi,0,2,2
jesica,0,2,2
jesicca,1,0,1
jesie,1,0,1
jesika,0,1,1
jesikarasia,0,1,1
jesis,1,0,1
jeska,2,2,4
jeskola,0,2,2
jeslyn,0,1,1
jesmond,1,1,2
jesper,1,2,3
jespo,0,1,1
jess,253,329,582
jessa,0,5,5
jessabelle,0,1,1
jessalyn,0,1,1
jessamyn,0,1,1
jessandnicolemusic,0,1,1
jessay,0,1,1
jessbfanclub,0,1,1
jesscuuhh,1,0,1
jesse,120,166,286
jesseeeee,1,0,1
jesseka,0,1,1
jessel,0,1,1
jessemac,0,1,1
jessemccartney,0,1,1
jesser,1,0,1
jesseryn,0,1,1
jesses,3,4,7
jessethejeep,1,0,1
jessi,19,28,47
jessica,128,219,347
jessicaa,0,2,2
jessicaaaa,1,2,3
jessicaaaaaa,0,1,1
jessicababesss,0,1,1
jessicaclaire,2,0,2
jessicajoy,0,1,1
jessicakenneymusic,0,1,1
jessicalu,0,1,1
jessicas,5,12,17
jessicasmithh,0,1,1
jessicastrust,1,0,1
jessicasveronica,0,1,1
jessicauta,0,1,1
jessicaveronica,3,18,21
jessichu,0,1,1
jessickers,0,1,1
jessicore,0,1,1
jessicow,1,0,1
jessicuh,0,1,1
jessicuhhhh,0,1,1
jessie,45,46,91
jessiebear,0,1,1
jessiee,0,1,1
jessieee,0,1,1
jessieheartsu,0,1,1
jessiekitty,1,0,1
jessiemaguire,1,0,1
jessiemunns,1,0,1
jessieo,1,0,1
jessies,3,2,5
jessiiiiica,0,1,1
jessika,1,1,2
jessiv,0,1,1
jessjess,0,1,1
jesska,1,0,1
jesslyn,0,1,1
jessm,0,1,1
jessnadlisa,0,1,1
jessnextdoorsaudi,1,0,1
jessops,1,1,2
jesss,3,3,6
jesssanta,0,1,1
jessse,1,1,2
jesssica,1,0,1
jessss,1,3,4
jesssss,1,2,3
jessssss,1,1,2
jesssssssica,0,1,1
jessssssssss,0,1,1
jesssssy,0,1,1
jesssuperiorent,0,1,1
jesster,0,1,1
jessup,1,1,2
jessusssss,0,1,1
jessuuuuuuuuuuuuuuuuuuuuuuuuuuuuu,0,1,1
jessw,0,1,1
jessy,13,9,22
jessybessy,1,0,1
jessybob,0,1,1
jessye,0,1,1
jessys,1,1,2
jessyyyyyy,0,1,1
jesszlatos,0,1,1
jest,9,18,27
jestem,1,0,1
jester,4,7,11
jesting,0,5,5
jesu,1,0,1
jesuca,1,0,1
jesuit,0,1,1
jesuits,0,1,1
jesus,318,534,852
jesusboi,1,0,1
jesusfreakhideout,0,1,1
jesusismyfriend,1,1,2
jesusita,2,0,2
jesusito,1,0,1
jesusphone,1,0,1
jesusrawkz,0,1,1
jesusss,1,0,1
jesussss,1,0,1
jesusu,0,1,1
jesusy,1,0,1
jesz,0,2,2
jet,253,190,443
jetblue,8,4,12
jetbluefail,1,0,1
jetbrain,0,1,1
jetbrains,0,2,2
jetconvo,0,1,1
jetdry,0,1,1
jete,2,0,2
jeter,5,9,14
jetfire,0,2,2
jeth,0,2,2
jethro,1,3,4
jetiame,0,1,1
jetin,0,1,1
jetix,3,2,5
jetlack,1,0,1
jetlag,49,24,73
jetlaged,0,1,1
jetlagg,1,1,2
jetlagged,14,6,20
jetlaging,1,0,1
jetlags,1,0,1
jetleg,0,1,1
jetleglive,1,0,1
jetliner,4,0,4
jetlsg,0,1,1
jetne,1,0,1
jetpack,3,7,10
jetplane,4,4,8
jets,20,24,44
jetsam,1,0,1
jetset,2,1,3
jetsetter,3,0,3
jetsetting,1,0,1
jetski,8,4,12
jetskies,3,0,3
jetskiing,4,2,6
jetskis,1,0,1
jetsome,2,0,2
jetsons,1,9,10
jetstar,3,4,7
jetstream,0,1,1
jett,5,5,10
jetta,5,10,15
jettblack,0,2,2
jette,0,1,1
jetted,2,0,2
jetties,0,1,1
jettin,2,1,3
jetting,3,8,11
jettisoned,4,0,4
jettson,1,0,1
jetty,4,4,8
jettyclientpeerarkproxies,1,0,1
jetwashed,1,0,1
jetway,2,0,2
jety,0,3,3
jetzins,1,0,1
jetzt,3,9,12
jeuce,0,1,1
jeudi,2,0,2
jeuj,1,0,1
jeulie,1,0,1
jeune,0,1,1
jeuner,0,1,1
jeung,0,1,1
jeuno,1,0,1
jev,1,0,1
jeva,0,1,1
jevettalynaye,1,0,1
jevi,0,2,2
jevin,0,1,1
jevon,0,1,1
jew,20,26,46
jewb,1,0,1
jewbacca,1,0,1
jewdie,2,0,2
jewed,1,0,1
jewel,12,40,52
jewelcrafting,1,0,1
jeweler,2,1,3
jewelers,1,1,2
jewelery,11,12,23
jewelie,0,1,1
jeweling,1,0,1
jeweliyah,1,0,1
jeweljk,0,2,2
jewell,0,1,1
jeweller,1,1,2
jewellers,1,1,2
jewellery,17,48,65
jewellry,3,3,6
jewelria,0,1,1
jewelry,48,125,173
jewelryeidoscopes,0,1,1
jewels,11,18,29
jewelz,1,0,1
jewerly,1,3,4
jewface,0,1,1
jewing,0,1,1
jewish,27,34,61
jewishdc,0,1,1
jewiz,1,0,1
jewlerry,0,1,1
jewlery,4,9,13
jewlicious,0,1,1
jewllery,1,1,2
jewlry,1,0,1
jewls,2,1,3
jewlsie,1,0,1
jewly,1,0,1
jews,8,10,18
jewtino,0,1,1
jewwcrew,0,1,1
jey,2,4,6
jeyam,0,1,1
jeydon,2,2,4
jeydons,1,1,2
jeyes,1,0,1
jeyz,1,0,1
jez,2,3,5
jezabel,0,2,2
jezdit,1,0,1
jezebel,4,1,5
jezs,1,0,1
jezz,5,5,10
jezza,3,5,8
jezzy,3,0,3
jezzz,1,0,1
jezzzleppy,0,1,1
jf,7,4,11
jfallon,0,1,1
jfaslkjgal,1,0,1
jfc,15,2,17
jfd,1,0,1
jfdl,1,0,1
jfg,1,0,1
jfhadgdajgdakjbgfa,0,1,1
jfietzer,0,1,1
jfk,44,26,70
jfkdsjfljdfs,0,1,1
jfkennedy,1,0,1
jfkhnkjfhnsdfgkgah,1,0,1
jfkhs,0,1,1
jfks,0,1,1
jflajf,1,0,1
jflake,0,1,1
jflkdsfd,1,0,1
jfo,1,1,2
jfokus,0,1,1
jfpl,1,0,1
jfr,0,1,1
jfskfjkj,1,0,1
jfufnfwucnbqjic,0,1,1
jfunk,0,1,1
jfurheveurbdh,0,1,1
jg,44,37,81
jga,1,1,2
jgg,1,0,1
jghostdor,1,0,1
jghsdjsd,1,0,1
jgirl,0,1,1
jgk,0,1,1
jgka,0,1,1
jgkenfieksjgheidfl,1,0,1
jgkk,0,1,1
jglam,0,1,1
jgn,12,10,22
jgooodz,0,1,1
jgplgl,1,0,1
jh,7,4,11
jha,1,1,2
jhadoo,0,1,1
jhahaha,0,1,1
jhahjahj,0,1,1
jhajah,0,1,1
jhajha,0,1,1
jhajhaja,1,0,1
jhajhajaha,1,0,1
jhajhajhaa,1,0,1
jhalak,0,1,1
jhan,0,1,1
jhand,0,1,1
jhangiani,0,1,1
jhann,1,0,1
jhapes,1,0,1
jhappied,1,0,1
jhappy,1,0,1
jhardy,1,0,1
jharkhand,2,0,2
jharp,1,0,1
jhastings,1,0,1
jhatka,1,0,1
jhatkay,1,0,1
jhave,0,1,1
jhay,1,0,1
jhb,4,6,10
jhbuild,1,0,1
jhcc,1,0,1
jhd,1,0,1
jhdfjdskflsdjfl,1,0,1
jhe,0,2,2
jhealous,1,0,1
jheeeze,1,0,1
jheeze,1,0,1
jhem,0,1,1
jhen,0,2,2
jhennyberger,0,1,1
jheri,2,0,2
jhericko,1,0,1
jherrald,0,1,1
jhesset,0,2,2
jhett,1,0,1
jhew,0,1,1
jhf,0,1,1
jhffvuyeui,0,1,1
jhgnfbdvsdfghjkj,1,0,1
jhirki,0,1,1
jhjajkzx,0,1,1
jhkmadesrdsjhxds,0,1,1
jhoii,0,1,1
jhoke,0,1,1
jhol,0,1,1
jholmy,0,1,1
jhon,1,0,1
jhona,0,1,1
jhonen,0,1,1
jhong,1,0,1
jhoot,0,1,1
jhorts,1,0,1
jhovany,0,1,1
jhq,2,1,3
jhs,5,1,6
jhsdkjahs,1,0,1
jhsdlnfkhfksnfksnfknsdkfndl,0,1,1
jht,1,0,1
jhtkas,1,0,1
jhu,4,0,4
jhud,0,1,1
jhumpa,0,2,2
jhus,1,0,1
jhy,0,1,1
jhyaap,0,1,1
jhygtnmk,1,0,1
ji,18,31,49
jia,6,25,31
jiaelah,0,1,1
jiah,0,2,2
jiaho,0,1,1
jiahui,0,2,2
jiajia,0,2,2
jiajiatina,0,1,1
jialat,4,0,4
jiaminzzz,1,0,1
jian,6,1,7
jiang,4,0,4
jiano,1,0,1
jianz,1,0,1
jiaoraja,1,0,1
jiaozi,1,0,1
jiaqi,0,1,1
jiaxing,1,0,1
jiayou,3,11,14
jiayueh,0,1,1
jib,1,5,6
jibb,1,0,1
jibbbbbbssssss,1,0,1
jibbbitz,1,0,1
jibbed,1,0,1
jibber,1,3,4
jibbering,1,0,1
jibberish,3,3,6
jibbit,0,1,1
jibbitz,1,0,1
jibboo,0,1,1
jibbs,3,2,5
jibe,1,1,2
jiberish,0,1,1
jibjab,0,1,1
jibjib,1,1,2
jibon,1,2,3
jiboo,0,1,1
jibran,0,1,1
jibs,0,1,1
jibtv,1,0,1
jic,1,1,2
jicama,1,0,1
jickain,1,0,1
jid,1,2,3
jide,2,0,2
jidodohin,0,1,1
jie,1,7,8
jieha,1,0,1
jiejie,0,1,1
jien,0,1,1
jies,1,0,1
jiewei,0,1,1
jif,0,2,2
jiff,1,0,1
jiffy,5,12,17
jiffypop,1,0,1
jig,6,15,21
jigady,1,0,1
jigeum,1,1,2
jigga,6,6,12
jiggaboo,1,1,2
jiggalation,0,1,1
jiggasaywha,1,0,1
jiggedy,0,1,1
jigger,1,0,1
jiggered,1,0,1
jiggery,1,0,1
jiggety,0,1,1
jiggidy,1,1,2
jigging,1,1,2
jiggity,0,3,3
jiggle,5,7,12
jigglefest,1,0,1
jiggling,2,3,5
jiggly,0,2,2
jigglyparts,0,1,1
jigglypuff,0,1,1
jigglypufff,0,1,1
jiggy,3,7,10
jiggyness,1,0,1
jights,1,0,1
jigitz,0,2,2
jigoku,1,3,4
jigs,1,0,1
jigsaw,3,15,18
jigsaws,1,0,1
jihaaaaaa,1,0,1
jihab,0,1,1
jihad,4,2,6
jihadddddd,1,0,1
jihadists,1,0,1
jihan,0,1,1
jihn,0,1,1
jihns,1,0,1
jihoo,0,3,3
jihoon,0,1,1
jihu,0,1,1
jihuu,0,1,1
jiiha,1,0,1
jiiihaa,0,1,1
jiiihoooo,1,0,1
jiiiimmmmmmmmy,1,0,1
jiim,0,1,1
jiiov,0,1,1
jiipie,0,1,1
jiiz,0,1,1
jij,3,4,7
jiji,0,5,5
jijii,1,0,1
jijiji,0,2,2
jijikiki,0,1,1
jikes,0,1,1
jil,0,1,1
jila,0,1,1
jilary,1,0,1
jilbab,1,0,1
jilbertos,0,1,1
jildo,0,1,1
jiley,2,0,2
jilian,2,1,3
jilianne,1,0,1
jill,53,82,135
jille,0,1,1
jilli,1,2,3
jillian,33,37,70
jillianriscoe,0,1,1
jillians,0,2,2
jillie,2,0,2
jilling,0,1,1
jillion,0,1,1
jilll,0,1,1
jillly,1,0,1
jillpot,0,1,1
jillrenae,0,1,1
jills,1,1,2
jillsters,0,1,1
jilly,4,12,16
jillybean,1,2,3
jillybilly,1,0,1
jillygrieve,0,1,1
jillyian,0,1,1
jillys,1,1,2
jillyyyy,0,1,1
jillz,0,2,2
jillzz,0,1,1
jilted,1,0,1
jilzz,0,1,1
jim,158,243,401
jimbalagha,1,0,1
jimbaran,1,1,2
jimbbbbo,0,1,1
jimbo,4,4,8
jimbob,0,2,2
jimbojose,1,0,1
jimbos,0,1,1
jimboy,1,1,2
jimdeanny,0,1,1
jimeison,0,1,1
jimel,0,1,1
jimena,1,0,1
jimenka,0,1,1
jimes,1,0,1
jimfre,0,1,1
jimi,9,21,30
jimijo,1,0,1
jiminy,1,2,3
jimithy,1,0,1
jimjams,0,6,6
jimjim,0,1,1
jimkrewson,0,1,1
jimm,1,1,2
jimma,0,1,1
jimmaaayy,0,1,1
jimmayyyy,1,0,1
jimme,0,1,1
jimmey,1,0,1
jimmi,1,4,5
jimmie,9,9,18
jimmies,0,1,1
jimming,0,1,1
jimmmy,0,1,1
jimmy,277,280,557
jimmybob,0,1,1
jimmychoos,1,0,1
jimmyfallon,1,3,4
jimmygulp,1,0,1
jimmyismyhero,0,1,1
jimmyjackeddd,0,1,1
jimmyjohnsonii,0,1,1
jimmyneedham,1,0,1
jimmys,5,4,9
jimmysmacks,0,3,3
jimmytv,1,0,1
jimmyyy,1,0,1
jimo,1,0,1
jimojo,3,0,3
jimp,1,1,2
jims,6,4,10
jimsssssssssssss,0,1,1
jin,15,12,27
jinak,1,4,5
jinas,0,1,1
jinathan,1,0,1
jinceyyyy,0,1,1
jindo,1,0,1
jine,1,1,2
jinejch,0,1,1
jinejerk,1,0,1
jing,6,10,16
jingat,0,1,1
jinger,0,1,1
jinggoy,0,1,1
jingky,0,1,1
jingle,10,21,31
jinglee,0,1,1
jingles,5,6,11
jingling,0,2,2
jingly,0,1,1
jingo,1,0,1
jingrong,0,1,1
jings,1,0,1
jingyi,1,0,1
jinhee,0,1,1
jinja,0,1,1
jinkichi,0,1,1
jinkies,1,1,2
jinking,0,1,1
jinks,0,2,2
jinky,0,2,2
jinn,0,1,1
jinni,1,2,3
jinnie,1,0,1
jinnin,0,1,1
jinno,1,0,1
jinro,0,1,1
jinwoon,1,0,1
jinx,31,30,61
jinxed,50,9,59
jinxers,0,1,1
jinxiessecretdiary,0,1,1
jinxing,8,2,10
jinxs,1,0,1
jio,1,2,3
jioni,0,1,1
jiou,0,1,1
jiow,0,1,1
jip,9,3,12
jipii,0,1,1
jipiiiii,0,1,1
jipped,13,2,15
jippie,2,3,5
jippy,0,1,1
jipsi,1,0,1
jira,5,9,14
jiraiya,0,1,1
jiran,1,0,1
jiraya,1,0,1
jiro,1,0,1
jiroux,1,5,6
jirouxx,1,0,1
jiruga,1,0,1
jis,1,5,6
jisc,2,1,3
jiscpress,0,1,1
jiscri,0,1,1
jiscrismall,0,1,1
jiscrscnw,1,0,1
jisele,1,0,1
jiska,1,0,1
jiske,1,0,1
jiskfjdsklf,1,0,1
jisko,1,0,1
jisne,1,0,1
jiss,0,1,1
jist,6,7,13
jiste,0,1,1
jit,1,3,4
jitb,1,0,1
jitec,1,0,1
jitetee,0,1,1
jitney,1,0,1
jitong,1,0,1
jits,0,1,1
jitsu,9,13,22
jitter,4,1,5
jitterbug,1,1,2
jittering,1,0,1
jitters,5,7,12
jittery,22,8,30
jitterz,0,1,1
jittle,0,1,1
jiu,1,13,14
jiujitsu,0,1,1
jiuliani,0,1,1
jiust,2,0,2
jive,16,16,32
jives,0,1,1
jivetalk,2,0,2
jivin,0,1,1
jiving,1,0,1
jiwa,1,0,1
jix,0,1,1
jixed,2,0,2
jixisticks,1,0,1
jixy,1,0,1
jiyahahahaha,0,1,1
jiye,0,1,1
jiyee,0,1,1
jiyin,1,0,1
jiyo,1,1,2
jiyugaoka,1,0,1
jiz,1,0,1
jiznich,1,0,1
jizz,11,17,28
jizzam,1,0,1
jizzbo,0,1,1
jizzed,9,7,16
jizzem,1,0,1
jizzersforlife,0,16,16
jizzin,0,1,1
jizzing,1,2,3
jizzinmypants,1,0,1
jizzinmypantz,2,0,2
jizzle,1,2,3
jizzler,0,1,1
jizzmag,0,1,1
jizztastic,0,15,15
jizzy,1,1,2
jizzzle,0,1,1
jizzzz,1,0,1
jj,91,92,183
jja,1,0,1
jjaja,1,1,2
jjajaja,0,1,1
jjajajaja,1,0,1
jjamz,1,0,1
jjang,0,2,2
jjared,0,1,1
jjaritae,0,1,1
jjay,1,0,1
jjb,3,1,4
jjc,0,1,1
jjdrunk,1,0,1
jjeaah,1,0,1
jjeeeezz,1,0,1
jjesus,1,0,1
jjfad,0,1,1
jjijiji,0,1,1
jjj,7,3,10
jjjaaacccckkksssooonnn,0,1,1
jjjeeeehhhhaaaaa,0,1,1
jjjjammmmiiiinn,1,0,1
jjjkk,0,1,1
jjjoie,0,1,1
jjjust,0,1,1
jjk,0,1,1
jjkk,1,0,1
jjmehtas,1,0,1
jjo,1,0,1
jjohnson,1,1,2
jjonas,0,1,1
jjoooooooooooo,0,1,1
jjrogue,1,0,1
jjs,2,2,4
jjsummer,0,3,3
jjust,9,4,13
jk,469,729,1198
jkaii,0,1,1
jkay,0,1,1
jkc,1,0,1
jkd,1,1,2
jkdbfljhksfnld,1,0,1
jkdsf,0,1,1
jkdshfjs,1,0,1
jkeegs,0,1,1
jkemp,1,0,1
jkes,0,1,1
jkfldsa,0,1,1
jkgjhfdsaf,0,1,1
jkhl,0,1,1
jkidding,1,0,1
jkidreamofu,1,0,1
jkimmel,1,0,1
jkin,1,1,2
jking,1,6,7
jkish,0,1,1
jkj,0,1,1
jkjk,17,32,49
jkjkjk,0,6,6
jkjkjkjk,0,1,1
jkjkjkjkjkjkjk,0,1,1
jkjks,1,0,1
jkk,2,4,6
jkkk,2,1,3
jkkkk,1,1,2
jkkkkk,0,1,1
jkkkkkkkk,0,1,1
jkkkkkkkkkkkkkkkkkkkkkkkk,1,0,1
jkl,1,0,1
jklol,1,0,1
jkpg,0,1,1
jkr,1,0,1
jkras,0,1,1
jkrystallll,0,1,1
jks,15,28,43
jksjks,0,1,1
jkt,20,10,30
jkuk,0,1,1
jkust,0,2,2
jkwan,0,1,1
jkwin,0,1,1
jkz,0,2,2
jl,17,11,28
jla,2,0,2
jlake,1,0,1
jlavert,0,1,1
jlaw,0,2,2
jlc,7,4,11
jlcbiatch,0,1,1
jldundore,0,1,1
jleeimages,1,0,1
jleephotography,1,0,1
jlegend,1,0,1
jleno,1,0,1
jlew,0,1,1
jlewis,1,0,1
jlh,0,1,1
jlist,1,1,2
jljf,1,0,1
jlm,0,1,1
jln,3,2,5
jlo,1,7,8
jlounge,0,1,1
jlp,5,1,6
jlpt,1,1,2
jls,42,57,99
jlsjen,1,0,1
jlsoffical,0,1,1
jlsofficial,2,1,3
jlsss,0,1,1
jlt,0,2,2
jlughh,1,0,1
jluv,1,0,1
jlv,1,0,1
jly,0,1,1
jm,19,41,60
jmac,4,5,9
jmacavelli,0,1,1
jmack,1,0,1
jmadparty,0,1,1
jmama,1,0,1
jman,1,2,3
jmaps,0,1,1
jmariebphotography,1,0,1
jmatch,1,0,1
jmatuk,1,0,1
jmay,0,1,1
jmb,0,1,1
jmc,1,0,1
jmccabe,0,1,1
jmccartney,1,0,1
jmcelestial,0,1,1
jmd,1,0,1
jmdp,1,0,1
jme,0,1,1
jmeno,0,1,1
jmeta,0,1,1
jmeter,0,1,1
jmfanboard,0,1,1
jmh,0,1,1
jmho,0,1,1
jmiah,0,1,1
jmichelle,1,0,1
jmie,0,1,1
jmike,0,1,1
jminer,0,1,1
jmj,3,3,6
jml,2,3,5
jmma,0,8,8
jmmaer,0,1,1
jmmaers,0,1,1
jmmmmmmmmmmmm,1,0,1
jmo,2,1,3
jmod,0,1,1
jmodels,0,1,1
jmoney,1,0,1
jmoos,1,0,1
jmosley,0,1,1
jmpa,1,0,1
jmped,0,1,1
jmping,0,1,1
jmpt,1,0,1
jmpwm,0,1,1
jmr,0,1,1
jms,1,8,9
jmt,0,1,1
jmtf,0,1,1
jmu,2,4,6
jmuk,1,0,1
jmw,1,0,1
jn,5,5,10
jnan,1,0,1
jnasty,0,1,1
jnb,2,0,2
jncarn,0,1,1
jncia,0,1,1
jnd,1,0,1
jne,2,0,2
jneil,0,1,1
jnelson,1,0,1
jnerd,1,0,1
jnf,0,1,1
jni,0,1,1
jnichs,0,1,1
jnk,1,0,1
jnl,0,1,1
jnn,1,0,1
jnnpr,0,1,1
jno,1,0,1
jnoub,0,3,3
jnpnfxem,0,1,1
jnr,3,0,3
jns,0,2,2
jnt,1,0,1
jnu,1,0,1
jnunez,0,1,1
jnuo,1,0,1
jnw,0,1,1
jnz,0,2,2
jo,129,218,347
joa,2,2,4
joab,0,1,1
joachim,1,1,2
joahann,0,1,1
joakim,1,0,1
joammer,1,0,1
joan,21,51,72
joana,4,4,8
joancwebb,0,1,1
joane,0,2,2
joaned,1,0,1
joanie,1,1,2
joanies,1,1,2
joanmarie,1,0,1
joann,2,6,8
joanna,19,42,61
joannas,0,2,2
joanne,14,13,27
joannes,1,1,2
joannie,0,1,1
joanns,1,2,3
joanny,0,2,2
joanrivers,0,1,1
joans,0,4,4
joanster,0,1,1
joany,1,2,3
joao,1,1,2
joaqui,0,1,1
joaquin,7,3,10
joas,2,0,2
joasa,0,1,1
job,4458,4116,8574
joba,0,3,3
jobadder,0,1,1
jobangels,0,2,2
jobat,1,0,1
jobb,3,1,4
jobbaiting,0,1,1
jobbar,0,1,1
jobbb,2,1,3
jobbbb,3,2,5
jobbbbbb,3,0,3
jobbbbbbbb,1,0,1
jobbbbbyyy,1,0,1
jobber,1,0,1
jobbet,0,1,1
jobbie,0,1,1
jobbies,1,1,2
jobbing,1,0,1
jobbless,0,1,1
jobbut,1,0,1
jobby,6,4,10
jobcentre,4,0,4
jobe,2,1,3
jobelle,0,1,1
joben,2,0,2
jobet,0,1,1
jobey,1,0,1
jobfield,1,0,1
jobhunting,4,7,11
jobi,1,2,3
jobinterview,0,1,1
jobinterviews,0,1,1
jobintervju,0,1,1
jobless,60,20,80
joblessness,2,0,2
joblessville,1,0,1
joblist,1,0,1
jobo,3,0,3
jobreqs,0,1,1
jobro,20,18,38
jobrofp,0,1,1
jobroooos,1,0,1
jobros,61,66,127
jobrosfan,0,1,1
jobroslover,0,1,1
jobs,516,278,794
jobsearch,0,1,1
jobseekers,1,0,1
jobseeking,0,1,1
jobshouts,0,1,1
jobsite,2,0,2
jobski,1,0,1
jobsphere,0,1,1
jobsss,0,1,1
jobssss,1,0,1
jobsssss,1,0,1
jobssuck,1,0,1
joburg,4,4,8
jobwork,2,0,2
joby,2,0,2
jobz,1,0,1
jobzzz,0,1,1
joc,1,4,5
jocat,0,1,1
joce,0,2,2
joceeeee,1,0,1
jocelyn,9,13,22
jocelyne,1,0,1
jocelyns,2,0,2
jocey,0,2,2
jochem,1,1,2
jochen,3,1,4
jock,9,9,18
jocked,1,1,2
jockers,0,1,1
jockey,5,12,17
jockeys,2,2,4
jocking,1,1,2
jockland,0,1,1
jocko,1,0,1
jocks,2,3,5
jockstrap,0,1,1
joco,4,2,6
jocobe,0,1,1
jocobo,0,1,1
jocop,1,0,1
jocorequests,0,3,3
jocotes,1,1,2
jocysykes,0,1,1
jod,2,2,4
joda,1,0,1
jodabone,0,1,1
jodan,2,0,2
jodd,0,1,1
jode,0,2,2
jodeci,2,3,5
jodee,0,2,2
jodeeee,0,1,1
joden,1,0,1
jodene,1,0,1
joderall,0,1,1
jodes,0,1,1
jodhpur,2,0,2
jodhpurs,1,1,2
jodi,13,33,46
jodice,0,1,1
jodie,23,32,55
jodieeeee,0,1,1
jodieeeeeeee,1,0,1
jodiekins,2,0,2
jodiekinsss,0,1,1
jodienda,1,0,1
jodiendo,0,1,1
jodies,2,1,3
jodine,0,1,1
jodis,2,1,3
jodoh,1,0,1
jodrell,1,0,1
jods,1,0,1
jody,15,24,39
jodypuppy,1,0,1
jodyw,0,1,1
jodyyyy,0,1,1
joe,650,946,1596
joeaa,1,0,1
joebo,0,1,1
joebox,0,1,1
joecichu,0,1,1
joecullens,0,1,1
joeduenwald,0,1,1
joee,0,1,1
joeee,3,0,3
joeeee,0,2,2
joeeeee,2,1,3
joeeeeeeee,0,1,1
joeeeeys,1,0,1
joeeejoeeee,1,0,1
joeeey,1,1,2
joeeeyy,0,1,1
joegraf,1,0,1
joehawk,1,0,1
joejack,0,1,1
joejoe,0,1,1
joejonas,1,3,4
joejscandy,1,0,1
joel,85,125,210
joelapompe,0,2,2
joelface,0,1,1
joell,1,0,1
joella,2,0,2
joelle,2,2,4
joellea,1,0,1
joellen,1,0,1
joellester,1,0,1
joelly,1,0,1
joelm,1,0,1
joelmadden,0,1,1
joels,4,6,10
joelson,0,1,1
joely,3,2,5
joemac,1,2,3
joeman,0,1,1
joemar,1,0,1
joements,0,1,1
joemo,0,1,1
joemwestbrook,0,1,1
joeniar,1,0,1
joenose,0,2,2
joepa,1,0,1
joepet,0,2,2
joephus,1,0,1
joerg,0,1,1
joes,44,41,85
joesars,1,0,1
joeseph,0,1,1
joesingleladies,0,1,1
joesoliman,1,1,2
joesph,1,1,2
joessss,0,2,2
joesus,1,0,1
joetato,0,1,1
joetrohmanisawesome,0,1,1
joetta,0,1,1
joevemmebuscalogo,0,1,1
joevert,0,1,1
joey,180,248,428
joeyfortman,1,0,1
joeygal,0,1,1
joeyjoe,1,0,1
joeykidd,0,2,2
joeyking,0,2,2
joeykingofficalfansite,1,0,1
joeymcintyre,0,1,1
joeymck,0,1,1
joeypoey,1,0,1
joeys,7,9,16
joeysss,0,1,1
joeyy,1,1,2
joeyyy,1,1,2
joeyyyy,1,0,1
joeyyyyyy,1,0,1
joeyyyyyyyyyyyyy,0,1,1
jof,0,1,1
joff,1,3,4
joffee,0,1,1
joffer,1,0,1
joffrey,2,0,2
jofis,0,1,1
jog,103,117,220
joga,0,2,2
jogando,0,2,2
jogar,4,4,8
joged,0,1,1
jogeshwari,0,1,1
jogg,1,4,5
jogged,9,8,17
jogger,3,1,4
joggers,2,2,4
joggin,4,4,8
jogging,187,95,282
joggler,0,1,1
joggling,0,1,1
joggy,0,2,2
joghurt,0,1,1
jogia,0,1,1
joging,0,1,1
jogja,4,6,10
jogl,0,1,1
jogo,3,0,3
jogs,3,4,7
jogues,1,0,1
jogurt,0,1,1
joh,4,3,7
johahha,0,1,1
johal,0,1,1
johalonos,1,0,1
johan,11,8,19
johana,0,2,2
johann,0,6,6
johanna,4,13,17
johannaaaaaaaaa,0,1,1
johannas,0,1,1
johannerz,1,0,1
johannes,0,1,1
johannesburg,0,6,6
johannson,2,0,2
johansen,1,0,1
johansens,1,0,1
johanson,0,1,1
johanssen,1,0,1
johansson,2,6,8
johar,1,2,3
johawk,0,1,1
johelle,0,1,1
johelles,0,1,1
johhhn,0,1,1
johhny,2,2,4
johhnydamage,0,1,1
johhnys,0,1,1
johi,0,4,4
johisthemostencouraging,0,1,1
john,603,920,1523
johna,0,1,1
johnathan,10,7,17
johnathon,5,5,10
johnathsn,0,1,1
johnboy,1,0,1
johncaparulo,0,1,1
johnchow,4,2,6
johncmayer,1,1,2
johncolombo,0,1,1
johndon,0,1,1
johnie,1,0,1
johnilouise,0,1,1
johnivens,1,0,1
johnjay,3,2,5
johnl,1,0,1
johnlang,1,0,1
johnlynch,0,1,1
johnmu,0,1,1
johnn,1,3,4
johnna,1,0,1
johnnie,4,9,13
johnnnnny,1,0,1
johnnnny,1,0,1
johnno,1,1,2
johnny,159,197,356
johnnybeane,0,1,1
johnnyboyca,1,0,1
johnnyboyxo,1,0,1
johnnycake,0,1,1
johnnycakes,1,0,1
johnnydepp,0,1,1
johnnylingo,1,0,1
johnnyo,0,1,1
johnnys,5,2,7
johnnyv,1,1,2
johnnywander,1,0,1
johnnyy,0,1,1
johno,2,3,5
johnrandel,0,1,1
johns,47,64,111
johnsless,1,0,1
johnson,70,98,168
johnsons,7,5,12
johnsonville,0,1,1
johnspurr,0,1,1
johnston,1,4,5
johnstone,1,1,2
johnstown,0,2,2
johnsville,0,1,1
johnta,2,1,3
johnty,1,0,1
johnubacon,0,2,2
johnv,0,1,1
johny,2,8,10
johnyvieve,0,1,1
johoes,2,0,2
johoh,0,1,1
johor,4,2,6
johore,1,0,1
johorean,1,0,1
johs,1,0,1
johubris,0,1,1
joi,6,8,14
joibella,0,1,1
joice,1,0,1
joick,2,0,2
joico,1,0,1
joicy,0,1,1
joid,0,1,1
joidlove,1,0,1
joie,4,5,9
joielan,1,0,1
joii,0,1,1
joiiiiin,0,1,1
joiin,1,0,1
joiking,1,0,1
joikuspot,0,1,1
joimarie,0,1,1
join,763,1802,2565
joind,0,4,4
joined,229,682,911
joineddd,0,1,1
joinees,1,0,1
joiner,2,1,3
joiners,0,2,2
joing,0,10,10
joinging,0,1,1
joinin,2,4,6
joining,110,284,394
joininghe,0,1,1
joinn,0,1,1
joinnnn,1,1,2
joins,10,21,31
joint,122,116,238
jointeamdork,0,1,1
jointed,1,1,2
joints,57,24,81
jointsz,0,1,1
jointz,0,1,1
jointzzz,0,1,1
joinville,0,1,1
jois,1,0,1
joisey,1,0,1
jojas,1,1,2
joji,1,0,1
jojiiiii,1,0,1
jojima,1,0,1
jojo,29,46,75
jojoba,0,1,1
jojobeannnnn,0,1,1
jojoe,1,0,1
jojofrenchy,0,1,1
jojojo,1,2,3
jojojojo,0,1,1
jojooo,1,0,1
jojorara,0,1,1
jojos,1,1,2
jojovitch,0,1,1
jokaan,0,1,1
jokas,2,0,2
jokaydia,0,1,1
jokc,0,1,1
joke,648,586,1234
joked,6,3,9
jokee,2,0,2
jokeee,0,1,1
jokeeeer,1,0,1
jokein,1,1,2
jokeing,1,0,1
jokejokejoke,1,0,1
joker,23,26,49
jokerjax,1,0,1
jokers,3,5,8
jokes,214,315,529
jokess,1,1,2
jokesss,0,2,2
jokessss,2,1,3
jokester,0,1,1
joketuesday,0,1,1
jokey,2,2,4
jokez,1,0,1
jokezz,0,1,1
jokezzz,0,1,1
jokhadze,0,1,1
jokig,1,0,1
jokiiing,1,0,1
jokiing,1,0,1
jokin,13,16,29
joking,134,188,322
jokinggg,1,0,1
jokingggg,0,1,1
jokingly,2,4,6
jokinng,0,1,1
jokke,0,1,1
jokkeee,0,1,1
jokkkkes,0,1,1
joknee,0,1,1
jokng,0,1,1
joko,2,2,4
jokoy,0,1,1
joks,0,2,2
jokss,1,0,1
jol,0,1,1
jolanda,0,1,1
jolande,0,1,1
jole,0,1,1
jolee,0,2,2
joleen,1,1,2
jolene,3,6,9
joli,4,2,6
jolibee,2,1,3
jolibees,2,0,2
jolicloud,4,2,6
joliclouded,0,1,1
jolie,16,27,43
jolien,0,1,1
joliet,2,4,6
jolin,0,5,5
jolitabrilliant,0,1,1
jolivia,0,3,3
jolkina,0,1,1
jolla,4,15,19
jollibee,5,4,9
jollibeee,0,1,1
jollidayssss,0,1,1
jollier,1,0,1
jollies,2,3,5
jolly,28,70,98
jollybee,2,0,2
jollyes,0,1,1
jollyjinx,0,1,1
jollyranchers,1,1,2
jollys,1,1,2
jollysfastvnc,0,1,1
jolo,2,0,2
jologs,2,1,3
jolt,4,10,14
jolted,1,0,1
jolts,0,1,1
jolty,1,0,1
jolu,0,2,2
joly,0,1,1
jolynn,1,0,1
jolynne,0,1,1
jolynnsworld,0,1,1
jolz,1,0,1
jom,1,6,7
jomanda,0,1,1
jomar,1,0,1
jomari,0,2,2
jombiie,1,0,1
jombo,0,1,1
jomcomment,1,0,1
jomeh,1,0,1
jomi,1,0,1
jommm,0,1,1
jomo,1,2,3
jomosexuals,0,1,1
jomsocial,0,1,1
jon,1134,485,1619
jona,3,3,6
jonaaaaaaaaaaaaaaaaaaaaaas,1,0,1
jonaaaaaaaaaas,0,1,1
jonacheg,0,1,1
jonadaan,0,1,1
jonafied,1,0,1
jonah,17,17,34
jonahan,0,1,1
jonahs,0,1,1
jonai,1,1,2
jonalfredsson,0,1,1
jonandkate,6,0,6
jonandkateplus,1,0,1
jonans,1,0,1
jonanthan,0,2,2
jonas,1038,1863,2901
jonasb,0,2,2
jonasbros,1,3,4
jonasbrother,0,1,1
jonasbrotherbuddy,1,0,1
jonasbrothers,9,15,24
jonasbrothersbackonyoutube,1,4,5
jonasbrothersmerch,1,0,1
jonasbrothersmusic,6,2,8
jonasbrotherss,0,1,1
jonasbrothersworldtour,0,1,1
jonaschik,0,1,1
jonascometopr,0,1,1
jonasconcert,1,0,1
jonascoupon,2,0,2
jonasday,1,0,1
jonases,2,1,3
jonasfansss,0,1,1
jonasfied,0,1,1
jonasfriends,0,1,1
jonashq,1,7,8
jonasinbrasil,0,5,5
jonasing,0,1,1
jonaskevin,17,31,48
jonaskevini,1,0,1
jonaslive,4,17,21
jonasliveonfb,7,35,42
jonasliveonfbcan,1,0,1
jonaslover,1,0,1
jonaslvatt,0,1,1
jonasmerch,0,1,1
jonasnewsongs,2,7,9
jonasonustream,0,1,1
jonasparanoid,1,16,17
jonaspoland,0,5,5
jonasrothersbackonyoutube,1,0,1
jonass,3,6,9
jonasss,0,1,1
jonassss,1,1,2
jonassssssbrothers,1,0,1
jonastunesrock,0,1,1
jonaswebcast,6,10,16
jonasx,1,0,1
jonasz,0,1,1
jonatha,0,1,1
jonathan,87,148,235
jonathandizon,0,1,1
jonathanfromspotify,1,0,1
jonathanmaberry,0,1,1
jonathanrknight,0,1,1
jonathans,2,2,4
jonathanseth,1,0,1
jonathantyler,1,0,1
jonathen,1,3,4
jonathon,14,17,31
jonathula,0,2,2
jonatik,0,1,1
jonats,1,0,1
jonben,1,0,1
jonbenet,1,0,1
jonboy,1,0,1
joncer,0,1,1
jondo,0,1,1
jone,1,2,3
jonel,0,1,1
jonelle,0,1,1
jones,142,246,388
jonesboro,0,2,2
joneses,0,1,1
jonesey,1,0,1
jonesie,1,0,1
jonesin,7,5,12
jonesing,9,4,13
joness,0,1,1
jonestown,1,0,1
jonesville,0,1,1
jonesy,4,1,5
jonfan,1,0,1
jong,5,7,12
jonge,0,2,2
jongeman,0,1,1
jongen,0,1,1
jongg,0,1,1
jonghunmaskedseunghyunmaskedminhwanomigaddd,1,0,1
jonghyun,4,1,5
jongirl,0,2,2
jongirls,1,5,6
jongkey,1,0,1
jongleurs,1,0,1
jongtuig,0,1,1
jonh,1,0,1
jonhs,0,1,1
jonhson,0,1,1
joni,7,12,19
jonie,1,0,1
jonied,0,1,1
joninhas,1,0,1
jonisticas,0,1,1
joniyah,1,0,1
jonjon,1,3,4
jonk,1,0,1
jonlajoie,0,2,2
jonland,0,1,1
jonmodin,0,1,1
jonmw,0,1,1
jonnah,0,1,1
jonne,1,1,2
jonney,1,1,2
jonnie,1,2,3
jonniel,0,1,1
jonnkate,1,0,1
jonnn,1,1,2
jonnnnny,0,1,1
jonno,1,2,3
jonny,37,33,70
jonnybabyyy,0,1,1
jonnyboi,0,2,2
jonnyboyca,1,0,1
jonnyd,0,1,1
jonnyfest,0,1,1
jonnyk,0,1,1
jonnyzavant,0,1,1
jono,5,7,12
jonooooo,0,1,1
jonothan,0,1,1
jonowev,0,1,1
jonpaul,0,1,1
jonpyke,0,1,1
jons,6,11,17
jonscatchupfollowmonday,1,0,1
jonsgirl,0,1,1
jonsie,0,1,1
jonsin,1,0,1
jonsing,1,0,1
jonson,2,1,3
jont,0,2,2
jontee,1,0,1
jonthan,0,1,1
jonthanjay,0,2,2
jonty,0,1,1
jonus,1,0,1
jonverseallstar,1,0,1
jonverting,0,1,1
jony,0,1,1
jonz,1,0,1
jonze,2,1,3
jonzing,1,0,1
joo,7,5,12
joobie,0,1,1
jooce,1,0,1
jooe,1,2,3
joogle,0,1,1
jooke,0,1,1
jookern,0,1,1
jool,1,0,1
joolee,1,1,2
joolma,0,1,1
joolry,0,1,1
jools,6,11,17
joolz,5,1,6
joolzdt,0,1,1
joombar,0,1,1
joomla,27,50,77
joon,4,2,6
joonam,0,1,1
joondalup,1,0,1
joondie,0,1,1
joone,0,1,1
joong,6,9,15
joongie,0,1,1
joonomi,1,0,1
joonto,1,0,1
jooo,0,2,2
jooob,0,1,1
joooeeeyyyyy,1,0,1
joooin,1,0,1
joookee,0,1,1
joookes,0,1,1
jooonas,1,0,1
jooonnnn,1,0,1
joooo,1,0,1
joooob,2,0,2
jooooe,1,0,1
jooooking,2,0,2
joooooin,2,0,2
joooookes,1,0,1
jooooon,0,2,2
joooooob,0,1,1
joooooohhhnnn,0,1,1
jooooooob,1,0,1
joooooooooooooo,1,0,1
joooooooooy,1,0,1
jooooordan,0,1,1
joooooy,0,1,1
joooos,0,1,1
jooooy,1,0,1
jooooyi,1,0,1
jooos,1,0,1
joop,0,3,3
jooped,1,0,1
joopress,0,1,1
joorabchian,0,1,1
joordan,0,1,1
joos,0,1,1
joose,5,8,13
joost,1,2,3
joover,0,1,1
jooyyyyy,1,0,1
jop,1,1,2
jopay,0,1,1
jopefully,1,0,1
jopek,0,1,1
joper,0,1,1
joplin,3,11,14
joppe,0,1,1
joproj,0,1,1
jor,2,3,5
jora,0,1,1
joran,0,1,1
jorb,0,1,1
jord,5,5,10
jorda,1,0,1
jordahn,1,0,1
jordan,247,339,586
jordana,0,2,2
jordancarson,1,0,1
jordancon,1,0,1
jordanians,1,0,1
jordann,1,2,3
jordanpretty,0,3,3
jordanpruitt,0,1,1
jordanrichardson,0,1,1
jordans,16,13,29
jordanstown,1,1,2
jorddann,0,1,1
jorden,1,1,2
jordens,1,0,1
jorders,1,0,1
jordi,2,3,5
jordie,3,6,9
jordin,28,89,117
jordinnnn,1,0,1
jordins,1,1,2
jordison,0,1,1
jordo,0,1,1
jordon,2,6,8
jordons,0,1,1
jordosh,0,1,1
jords,3,1,4
jordsta,0,1,1
jordy,8,11,19
jordybubss,1,0,1
jordyn,6,6,12
jordynn,0,1,1
jordyns,2,0,2
jordz,0,2,2
jore,1,0,1
joren,0,1,1
jorene,0,1,1
jorge,16,13,29
jorgefelix,0,1,1
jorgey,0,1,1
jorgie,2,0,2
jori,1,0,1
jorie,2,0,2
jorin,0,2,2
jorja,4,1,5
jorjas,0,1,1
jork,0,1,1
jorke,0,1,1
jorm,1,1,2
jorma,1,3,4
jorn,0,3,3
jornada,0,2,2
jorney,1,1,2
joro,0,1,1
jorraine,0,1,1
jorrfice,1,0,1
jorrr,1,0,1
jors,0,2,2
jort,0,1,1
jorts,0,3,3
joru,0,1,1
jorx,1,0,1
jory,0,2,2
jos,7,9,16
josa,0,1,1
josayy,0,1,1
joscelin,1,0,1
joscelyn,1,0,1
joschka,0,1,1
joscy,1,0,1
jose,105,102,207
josedura,0,1,1
josee,0,1,1
joseee,0,1,1
joseeee,0,1,1
josef,1,6,7
josefina,0,1,1
josefine,3,1,4
josel,0,1,1
joselyn,0,2,2
joseph,53,87,140
josephh,0,1,1
josephina,0,1,1
josephine,2,4,6
josephs,3,1,4
joseriz,0,1,1
joserizal,0,1,1
joses,0,1,1
josette,1,0,1
joseuhph,0,1,1
josey,4,6,10
josh,318,378,696
joshb,0,1,1
joshberry,0,2,2
joshdftba,0,1,1
joshep,0,3,3
joshes,0,2,2
joshh,1,3,4
joshhh,0,2,2
joshhhhh,1,2,3
joshhhhhhhhhhh,0,1,1
joshhhhhhyyyyyyy,0,1,1
joshi,0,4,4
joshie,6,6,12
joshiee,0,1,1
joshiiii,0,1,1
joshin,0,3,3
joshing,0,7,7
joshjoshjosh,1,0,1
joshley,0,1,1
joshmare,1,0,1
joshmobile,1,0,1
joshs,0,8,8
joshstore,1,0,1
joshstrike,0,2,2
joshthomas,0,1,1
joshua,30,40,70
joshuaa,1,0,1
joshuadanger,1,0,1
joshuas,1,1,2
joshuay,0,1,1
joshuta,0,1,1
joshwa,0,1,1
joshwar,0,1,1
joshy,10,11,21
joshypearson,0,1,1
joshyy,1,1,2
joshyyy,0,1,1
josi,2,4,6
josiah,7,12,19
josie,24,39,63
josieee,0,1,1
josies,0,1,1
josif,1,0,1
josiphina,0,2,2
josmary,1,0,1
jospeh,0,1,1
joss,23,27,50
jossan,1,0,1
jossapalooza,0,1,1
jossays,1,0,1
jossbday,2,0,2
josselin,1,0,1
josseline,2,0,2
josses,0,1,1
josshhyyyy,0,1,1
josso,0,1,1
jossua,1,1,2
jost,3,1,4
jostens,1,1,2
josticks,1,0,1
jostle,0,1,1
jostling,1,0,1
josu,0,1,1
josui,0,1,1
josuttis,0,1,1
joswa,1,0,1
joszeff,0,2,2
jot,3,3,6
jotas,0,1,1
joth,0,1,1
joti,1,0,1
jotoh,0,1,1
jotom,0,1,1
jots,0,2,2
jotted,0,3,3
jotters,2,0,2
jottit,1,0,1
jottonia,0,3,3
jou,4,3,7
joubon,0,1,1
joudrey,1,0,1
joue,0,1,1
jouis,0,1,1
joule,1,0,1
joules,0,3,3
joulnarism,1,0,1
jouls,0,1,1
jounalism,0,1,1
jouney,1,0,1
jounior,1,0,1
jounrey,1,0,1
jour,3,10,13
jourden,1,0,1
journ,2,5,7
journaist,1,0,1
journal,72,105,177
journaling,2,6,8
journalism,46,54,100
journalist,18,40,58
journalistic,1,2,3
journalists,17,25,42
journalisum,1,0,1
journalive,0,1,1
journalled,0,1,1
journalous,0,1,1
journaloust,0,1,1
journals,19,11,30
journay,2,0,2
journchat,1,11,12
journee,2,1,3
journer,0,1,1
journerys,0,1,1
journey,226,326,552
journeyed,1,0,1
journeying,1,3,4
journeylistic,0,1,1
journeyman,2,0,2
journeys,17,12,29
journies,1,1,2
journilists,1,0,1
journo,4,9,13
journojobs,0,1,1
journos,7,7,14
journy,2,1,3
jours,1,1,2
joust,1,3,4
jousters,0,1,1
jousting,5,2,7
jouvenile,0,1,1
jouvert,1,0,1
jov,0,2,2
jovahn,1,0,1
jovan,2,2,4
jovani,2,1,3
jovanka,1,0,1
jove,1,2,3
jovel,1,0,1
jovem,1,0,1
jovemnerd,0,1,1
joven,1,1,2
jovi,14,40,54
jovial,1,0,1
jovic,1,0,1
jovie,1,0,1
jovik,0,1,1
jovino,0,1,1
joviz,0,1,1
jovone,0,1,1
jovovich,0,3,3
jovvzl,1,0,1
jow,3,2,5
jowi,0,1,1
jowki,1,0,1
jowly,1,0,1
joxers,0,1,1
joy,523,705,1228
joya,1,2,3
joyaaaa,0,1,1
joycce,0,1,1
joyce,17,43,60
joycee,1,0,1
joyceepoo,1,0,1
joyces,0,1,1
joycyy,0,1,1
joyed,0,3,3
joyelli,0,1,1
joyent,1,0,1
joyeous,0,1,1
joyeux,0,1,1
joyfm,0,1,1
joyful,8,31,39
joyfulgrl,1,0,1
joyfull,1,2,3
joyfully,0,5,5
joyfulness,0,1,1
joyi,1,0,1
joying,0,1,1
joyious,1,0,1
joyj,1,0,1
joyjoyjohnson,0,1,1
joykill,1,0,1
joyland,0,1,1
joyless,3,0,3
joyn,1,0,1
joyner,2,4,6
joynihan,1,0,1
joynt,1,0,1
joynter,0,1,1
joyoligist,0,1,1
joyologist,0,1,1
joyous,8,31,39
joypod,3,0,3
joyride,2,1,3
joyriding,0,1,1
joys,135,129,264
joyslack,1,0,1
joyss,1,0,1
joyssssssss,1,0,1
joystick,4,6,10
joysticks,2,0,2
joystiq,6,2,8
joythe,0,1,1
joyus,0,1,1
joyvey,0,1,1
joyy,4,3,7
joyyy,0,4,4
joyyyy,0,1,1
joyyyyy,1,1,2
joyyyyyyy,1,0,1
joyz,0,1,1
joz,0,1,1
jozef,0,1,1
jozelle,0,1,1
jozeph,0,1,1
jozi,3,7,10
jozie,0,1,1
jp,48,78,126
jpa,3,2,5
jpad,1,0,1
jpanels,1,0,1
jpase,2,0,2
jpc,3,0,3
jpcc,0,2,2
jpcsvp,0,1,1
jpeckjewelers,1,0,1
jpeg,9,6,15
jpegs,2,1,3
jpg,16,22,38
jpgencoder,1,0,1
jpgs,3,0,3
jphlip,0,1,1
jphoto,0,1,1
jpl,1,0,1
jplopen,0,1,1
jpm,0,2,2
jpn,6,3,9
jpnases,1,0,1
jpnese,1,0,1
jpnnbak,0,1,1
jpod,3,0,3
jpoihdf,0,1,1
jpoint,0,1,1
jpop,4,3,7
jpopsuki,0,1,1
jpp,1,6,7
jppppp,1,0,1
jpqueen,1,0,1
jpr,2,0,2
jps,1,0,1
jpurney,1,0,1
jpy,0,2,2
jpys,0,1,1
jq,3,0,3
jqmodal,0,1,1
jqs,1,1,2
jquan,0,1,1
jquery,43,67,110
jqueryui,0,1,1
jr,159,168,327
jra,2,0,2
jrails,1,0,1
jraquino,2,0,2
jrath,1,0,1
jrawat,1,0,1
jrd,1,1,2
jrdn,1,0,1
jre,1,0,1
jreal,1,0,1
jreb,0,1,1
jrev,1,1,2
jrf,2,0,2
jrfriday,0,1,1
jrg,3,1,4
jrich,1,0,1
jrichh,1,0,1
jrichhh,0,1,1
jrk,7,2,9
jrkfce,0,2,2
jrm,0,1,1
jrn,1,0,1
jrness,0,1,1
jrnhas,0,1,1
jrnylc,1,0,1
jrock,2,2,4
jrockets,0,1,1
jrockit,1,0,1
jrod,0,2,2
jross,2,0,2
jrouth,0,1,1
jrp,1,0,1
jrpg,1,1,2
jrprom,1,0,1
jrr,0,1,1
jrs,3,5,8
jrt,0,1,1
jruby,2,3,5
jrunhappyl,1,0,1
jrztwitterlunch,1,0,1
js,62,73,135
jsa,1,0,1
jsb,0,1,1
jsc,1,1,2
jschloesser,1,0,1
jschool,1,0,1
jscott,0,1,1
jscreenfix,1,0,1
jscroll,1,0,1
jsdeuioslkdjfh,1,0,1
jsdoc,1,0,1
jse,1,0,1
jsem,8,20,28
jsf,6,2,8
jsi,3,2,5
jsikflsagj,1,0,1
jsilvadolla,0,1,1
jsis,1,0,1
jsizzle,0,1,1
jsl,2,0,2
jsla,0,1,1
jslv,1,0,1
jsme,1,1,2
jsmi,0,1,1
jsmith,1,0,1
jsmy,1,0,1
jsmyth,0,1,1
jsn,0,1,1
jsoc,0,2,2
json,8,4,12
jsonview,1,0,1
jsou,3,6,9
jsp,4,5,9
jsquared,0,1,1
jsr,1,0,1
jss,3,4,7
jssss,0,1,1
jst,261,218,479
jstar,2,3,5
jstate,1,0,1
jste,0,1,1
jsth,0,1,1
jsticks,1,2,3
jstor,2,1,3
jstrik,0,1,1
jstt,1,0,1
jsu,3,0,3
jsui,0,1,1
jsuis,1,0,1
jsus,1,0,1
jsut,49,57,106
jswift,0,1,1
jsyk,8,12,20
jt,66,82,148
jta,2,1,3
jtapi,0,1,1
jtard,1,0,1
jtay,0,1,1
jtb,1,0,1
jte,1,0,1
jtek,0,1,1
jtel,0,1,1
jterry,0,1,1
jtf,1,0,1
jtfc,1,0,1
jtg,1,0,1
jth,1,0,1
jthehedgehog,0,1,1
jths,0,1,1
jtl,1,1,2
jtm,1,0,1
jtmm,1,0,1
jtodd,0,1,1
jtown,4,2,6
jtp,1,4,5
jtr,0,1,1
jtrain,0,1,1
jtree,0,1,1
jts,2,1,3
jttw,0,1,1
jtv,39,43,82
jtwits,0,1,1
jtwitter,0,1,1
ju,31,35,66
jua,4,5,9
juaa,3,0,3
juaaaa,1,0,1
juag,0,1,1
juakali,1,0,1
jual,2,1,3
juan,31,35,66
juana,2,1,3
juanathan,0,1,1
juanc,2,1,3
juanchochi,0,1,1
juanda,0,1,1
juande,1,0,1
juaneeeeezy,0,1,1
juanes,0,1,1
juani,1,0,1
juanico,0,1,1
juanita,4,3,7
juanito,0,2,2
juanitoooooooooo,0,1,1
juanjo,1,0,1
juannny,0,1,1
juans,3,0,3
juanson,1,0,1
juany,0,1,1
juanyyy,1,0,1
juanzkeez,1,0,1
juara,1,1,2
juarez,4,4,8
juasmnlgndksineus,1,0,1
juast,2,0,2
juat,9,3,12
jub,1,0,1
juba,2,0,2
jubah,0,1,1
jubail,2,0,2
jubaloop,2,0,2
jubam,0,1,1
jubbles,0,1,1
jubbley,0,1,1
jubbliesssss,0,1,1
jubbly,0,6,6
jubblys,0,1,1
jube,0,1,1
jubee,0,1,1
jubei,1,2,3
jubes,1,0,1
jubey,0,1,1
jubi,0,1,1
jubii,3,0,3
jubilant,1,0,1
jubilate,0,1,1
jubilee,6,10,16
jubillee,2,0,2
jublee,0,1,1
jubley,0,1,1
jublies,0,1,1
jubo,0,2,2
jubu,0,2,2
juca,0,1,1
jucator,0,1,1
juce,1,0,1
juch,0,1,1
juci,1,0,1
juciceman,0,1,1
jucie,1,1,2
jucies,1,1,2
juciest,0,1,1
juciy,2,0,2
juco,0,1,1
juction,1,0,1
juctions,1,0,1
jucuzzi,1,0,1
jucy,1,1,2
jud,9,5,14
juda,0,1,1
judah,2,5,7
judai,0,1,1
judaism,1,3,4
judas,7,5,12
judasism,1,0,1
juday,0,1,1
judd,8,12,20
juddday,0,9,9
judders,1,0,1
jude,27,50,77
judea,1,2,3
judee,0,2,2
judege,0,1,1
judes,1,1,2
judez,0,5,5
judge,135,187,322
judged,8,8,16
judgee,1,0,1
judgejudy,0,1,1
judgeman,0,1,1
judgement,27,41,68
judgemental,6,7,13
judgementdaytonight,0,1,1
judgements,4,3,7
judges,40,28,68
judgin,1,1,2
judging,48,81,129
judgment,13,16,29
judgmental,5,4,9
judgments,0,3,3
judgy,0,2,2
judhi,1,0,1
judi,4,1,5
judiano,1,0,1
judicial,0,3,3
judiciary,2,3,5
judicious,0,2,2
judiciously,1,0,1
judin,0,1,1
judish,2,0,2
judit,0,2,2
judith,5,15,20
juditka,0,1,1
judje,1,0,1
judkins,1,0,1
judo,8,8,16
judoon,0,1,1
judqe,0,1,1
juds,0,1,1
judson,0,1,1
judsss,1,0,1
judst,0,1,1
judt,4,3,7
judul,1,0,1
judulnya,1,0,1
judy,36,39,75
judyann,1,0,1
judybffs,4,0,4
judyobscure,0,1,1
judyy,0,1,1
juego,1,2,3
juelz,4,2,6
juelzx,0,1,1
juemcmusic,1,0,1
juergaa,1,0,1
juergens,1,0,1
jues,0,1,1
jueves,0,3,3
jug,16,12,28
juga,19,45,64
jugaa,0,2,2
jugaar,1,0,1
jugak,2,4,6
jugando,0,3,3
jugar,1,0,1
jugare,0,1,1
jugend,0,2,2
jugendschutz,1,0,1
jugete,0,1,1
juggaa,0,1,1
juggalos,0,1,1
jugganaughts,1,0,1
jugger,0,1,1
juggernaut,1,9,10
juggernauts,0,8,8
juggernautssss,1,0,1
juggers,0,1,1
juggifer,0,1,1
jugging,0,1,1
juggle,8,19,27
jugglecon,2,2,4
juggled,1,1,2
juggler,2,3,5
juggles,0,1,1
jugglin,0,2,2
juggling,20,20,40
juggy,0,1,1
jughead,0,1,1
jughood,1,0,1
juglar,0,1,1
jugo,1,2,3
jugs,6,7,13
jugu,1,0,1
jugular,2,2,4
jugule,0,1,1
jugy,0,1,1
juha,0,1,1
juhachisai,0,1,1
juhannus,0,1,1
juhanson,0,1,1
juhh,1,0,1
juho,1,0,1
juhs,1,2,3
juhst,1,0,1
juhu,2,7,9
juhuu,0,2,2
juhuuu,0,1,1
juhuuuu,1,1,2
juhuuuuzzzz,0,1,1
jui,1,1,2
juia,0,1,1
juice,478,506,984
juicebox,1,2,3
juiced,6,15,21
juicedddd,0,1,1
juicee,1,1,2
juiceeee,1,0,1
juiceeeee,0,1,1
juiceerr,1,0,1
juiceless,1,0,1
juiceman,6,3,9
juicepack,0,1,1
juicepak,0,1,1
juicer,2,2,4
juices,18,27,45
juicey,1,1,2
juicier,2,1,3
juiciest,1,2,3
juicin,1,0,1
juiciness,0,1,1
juicing,3,4,7
juick,3,2,5
juicr,0,1,1
juicy,61,80,141
juicyboo,0,1,1
juicylady,1,0,1
juicymoana,1,0,1
juicystar,1,2,3
juicyy,0,2,2
juicyyy,0,1,1
juierhfruh,1,0,1
juiice,0,1,1
juiiice,0,1,1
juil,0,1,1
juillet,0,1,1
juin,3,4,7
juise,0,1,1
juist,0,3,3
juit,1,0,1
jujitsu,2,2,4
juju,11,23,34
jujube,0,1,1
jujubee,0,1,1
jujubes,0,1,1
jujuju,0,1,1
jujutsu,0,1,1
jujyfruits,0,1,1
jukari,0,2,2
juke,5,4,9
jukebox,15,14,29
jukeboxx,1,0,1
jukie,1,0,1
jukin,0,2,2
juking,0,1,1
jukka,1,0,1
juknys,0,1,1
juku,1,0,1
juky,0,1,1
jul,17,7,24
julan,1,0,1
julbo,1,0,1
julchen,1,0,1
jule,2,3,5
julee,1,2,3
juleesa,1,0,1
julene,0,1,1
julep,3,6,9
juleps,2,5,7
jules,30,38,68
julesburg,1,0,1
julescafe,0,1,1
juley,0,1,1
julez,2,1,3
julho,0,2,2
juli,7,14,21
julia,64,127,191
julian,56,100,156
juliana,3,8,11
julianaaa,0,1,1
julianna,6,5,11
julianne,12,11,23
juliano,0,1,1
julians,4,1,5
julianunes,1,0,1
julias,3,2,5
julibana,0,1,1
julidamizing,0,1,1
julie,94,135,229
julieanne,1,0,1
juliecentric,0,1,1
juliedaniel,0,1,1
julieee,2,2,4
julieeee,0,1,1
julieeeeee,0,1,1
julieeet,0,1,1
julieeette,0,1,1
juliemeyer,0,1,1
julien,5,5,10
juliep,1,0,1
julies,5,4,9
juliet,61,53,114
juliett,1,1,2
juliette,9,7,16
julii,0,1,1
juliieee,1,0,1
juline,1,1,2
julinethaboss,0,1,1
julio,8,10,18
juliooo,0,1,1
julios,1,2,3
julips,0,2,2
julis,1,0,1
julissa,0,1,1
julissssaaaaaaaa,1,0,1
julistira,1,0,1
julito,6,1,7
julius,10,9,19
juliya,1,0,1
jullian,0,1,1
julliard,1,0,1
jullie,0,1,1
julliete,1,0,1
jully,1,1,2
juls,3,5,8
julskylev,0,1,1
jult,1,1,2
july,1287,1209,2496
julya,0,1,1
julyish,1,0,1
julys,1,0,1
julyy,2,1,3
julyyy,0,1,1
julyyyy,0,1,1
julyyyyy,1,1,2
julz,1,6,7
jum,19,4,23
juma,1,0,1
jumaat,1,1,2
jumanji,1,9,10
jumat,4,2,6
jumate,0,1,1
jumba,1,1,2
jumbafund,1,3,4
jumbalaya,0,1,1
jumbie,0,1,1
jumble,3,2,5
jumbled,4,3,7
jumbles,0,1,1
jumbo,13,24,37
jumbolaya,1,0,1
jumbotron,2,1,3
jume,1,0,1
jumeira,0,1,1
jumeriah,1,2,3
juming,0,1,1
jumm,1,0,1
jummed,0,1,1
jummelles,0,1,1
jummm,2,0,2
jummmie,0,1,1
jummmy,0,1,1
jummping,0,1,1
jummy,0,2,2
jumoke,0,1,1
jumonji,1,0,1
jump,324,461,785
jumpa,3,3,6
jumpalitan,0,1,1
jumparounds,0,1,1
jumpcut,4,0,4
jumpd,0,1,1
jumpdrive,3,0,3
jumpe,0,5,5
jumped,181,117,298
jumper,57,53,110
jumperoo,2,0,2
jumperrrr,0,1,1
jumpers,20,8,28
jumpies,1,0,1
jumpin,14,16,30
jumping,141,193,334
jumpinq,0,1,1
jumpn,2,0,2
jumpnow,4,12,16
jumpnows,0,2,2
jumpoff,5,1,6
jumpoing,1,0,1
jumpping,0,1,1
jumprope,1,4,5
jumpropes,0,1,1
jumps,33,50,83
jumpsaround,1,0,1
jumpshot,0,1,1
jumpstart,4,5,9
jumpstarted,1,0,1
jumpstarting,1,1,2
jumpstarts,0,1,1
jumpstyle,1,0,1
jumpsuit,8,10,18
jumpsuits,0,2,2
jumpsun,1,0,1
jumpt,1,0,1
jumptags,6,1,7
jumpy,17,10,27
jums,0,2,2
jumstart,0,1,1
jumu,0,1,1
jumus,0,1,1
jumuseyo,0,1,1
jumy,0,1,1
jun,53,134,187
juna,0,1,1
junal,0,1,1
junc,1,0,1
juncity,0,1,1
junction,15,14,29
jund,1,0,1
june,1886,2442,4328
juneaaan,0,1,1
juneambrose,1,0,1
juneau,2,3,5
junebug,1,1,2
junebugs,5,0,5
junedairy,0,2,2
junedon,1,1,2
junee,2,6,8
juneee,0,1,1
juneeee,0,1,1
juneeeee,0,1,1
juneeyyy,0,1,1
junefair,0,1,1
junegloom,1,0,1
junele,0,1,1
juneo,0,1,1
junes,1,5,6
juneteenth,7,0,7
juneua,1,0,1
juney,0,1,1
juneyboomdata,1,0,1
juneybug,0,1,1
jung,1,13,14
jungberg,0,1,1
jungenchild,1,0,1
jungfrusund,0,1,1
jungian,0,2,2
jungle,83,94,177
junglebook,0,1,1
junglebunny,0,1,1
jungledisk,0,2,2
junglee,0,1,1
jungleland,0,1,1
jungles,1,2,3
jungley,0,1,1
junho,1,0,1
junhong,1,0,1
juni,5,9,14
junia,1,1,2
juniata,0,1,1
junie,4,0,4
junina,1,6,7
juninas,1,0,1
junio,0,1,1
juniooor,1,0,1
junior,157,173,330
juniorlahlah,1,0,1
juniorr,1,0,1
juniorrr,0,1,1
juniors,13,19,32
juniour,0,1,1
juniper,4,2,6
junit,2,1,3
junjou,1,0,1
junjun,0,1,1
junk,216,166,382
junkbox,1,0,1
junkee,0,1,1
junker,2,1,3
junket,0,1,1
junkfood,7,12,19
junkfoods,0,1,1
junkfoodtees,1,2,3
junki,0,1,1
junkie,21,56,77
junkies,6,14,20
junkiez,0,1,1
junkin,0,1,1
junkk,1,1,2
junkmail,1,0,1
junko,0,1,1
junks,2,0,2
junky,8,5,13
junkyard,1,4,5
junkygal,1,0,1
junn,0,1,1
junna,1,1,2
junnie,1,0,1
junnnneeeee,0,1,1
junno,0,1,1
juno,30,59,89
junoior,0,1,1
junoir,0,4,4
junoon,0,1,1
junor,0,1,1
junos,0,1,1
junpei,0,1,1
junpyo,1,3,4
junr,0,1,1
junsu,2,3,5
junt,3,0,3
junta,2,1,3
juntar,1,0,1
juntei,0,1,1
junto,1,0,1
juntos,2,0,2
junts,0,1,1
junu,0,1,1
junx,0,1,1
junxion,0,1,1
juny,3,0,3
junya,1,0,1
junyur,0,1,1
juo,0,1,1
jup,1,5,6
jupaa,1,0,1
jupdating,1,0,1
jupe,0,1,1
jupiler,0,2,2
jupiter,14,21,35
jupiters,2,0,2
juploadr,1,0,1
jupp,0,1,1
juppy,0,1,1
jupy,1,0,1
jur,1,1,2
jura,0,2,2
jurasic,2,1,3
jurasicpork,1,0,1
jurassic,25,28,53
jurava,0,1,1
jurban,0,1,1
jurgen,1,0,1
juri,0,1,1
juridische,0,1,1
juried,1,0,1
juries,0,4,4
jurisdiction,1,1,2
jurisdictional,0,1,1
jurisprudence,0,2,2
jurist,0,1,1
jurkje,1,0,1
jurlique,1,1,2
jurnalisti,0,2,2
jurnalistica,0,1,1
jurney,0,2,2
juro,1,1,2
jurong,4,11,15
juror,4,3,7
jurors,3,0,3
jurp,0,2,2
jurrasic,1,3,4
jurrasik,1,0,1
jurrr,0,1,1
jurusan,0,1,1
jurusannya,1,0,1
jury,157,41,198
juryduty,1,0,1
jurys,1,1,2
jus,1172,877,2049
jusann,1,0,1
jusat,0,1,1
jusco,1,2,3
juse,1,0,1
jusgt,1,0,1
jush,0,2,2
jusilla,0,1,1
jusin,0,1,1
jusing,0,1,1
jusjen,1,0,1
juska,0,1,1
jusko,0,1,1
juslisen,0,1,1
jusm,1,0,1
jusnice,0,1,1
juso,0,1,1
jusr,5,1,6
jusrt,0,1,1
juss,85,94,179
jussaw,0,1,1
jussayin,0,2,2
jussi,1,4,5
jussjamwithme,0,1,1
jusss,4,5,9
jussskiddinn,0,1,1
jussss,1,3,4
jussssss,0,1,1
jussssssssssssssssss,0,1,1
jussssst,1,1,2
jusssssttt,1,0,1
jusssst,0,1,1
jusssstt,0,1,1
jussst,1,3,4
jusst,8,4,12
jussy,1,0,1
jussys,0,1,1
just,64004,62944,126948
justa,2,7,9
justacorp,0,1,1
justacraig,1,0,1
justadded,0,2,2
justagree,0,3,3
justalicecullen,1,0,1
justallein,0,1,1
justanothergirlinyourclass,1,0,1
justappear,1,0,1
justask,0,1,1
justatalk,0,1,1
justayin,0,1,1
justb,0,2,2
justback,0,1,1
justby,0,1,1
justcameback,0,1,1
justcause,1,0,1
justcompleted,1,0,1
justd,1,0,1
justdemi,0,1,1
justdntgiveup,0,1,1
juste,1,7,8
justed,1,6,7
justeeeeen,0,1,1
justement,0,1,1
justfor,1,0,1
justfound,0,1,1
justfritz,0,1,1
justfuckingbingit,1,0,1
justgiving,3,1,4
justgot,3,0,3
justgothome,1,0,1
justhad,2,1,3
justheard,0,1,1
justhw,1,0,1
justi,1,2,3
justice,87,96,183
justiceeee,1,0,1
justices,1,0,1
justie,0,1,1
justifable,1,0,1
justiffying,1,0,1
justifiable,5,2,7
justifiably,0,1,1
justifibaly,0,1,1
justification,8,4,12
justifications,1,0,1
justified,14,14,28
justifies,1,3,4
justify,63,28,91
justifying,4,2,6
justiied,1,0,1
justiin,0,2,2
justin,281,397,678
justina,1,2,3
justine,47,37,84
justineeee,0,1,1
justineey,0,1,1
justines,0,1,1
justing,1,0,1
justinlane,1,0,1
justinn,0,1,1
justinr,0,1,1
justins,15,9,24
justinsmommy,1,0,1
justintimberlake,0,1,1
justintv,3,3,6
justinville,0,1,1
justisminister,0,1,1
justjared,2,0,2
justjaredjr,1,1,2
justjaredjunior,0,1,1
justjeff,1,0,1
justjulie,1,0,1
justkidding,0,1,1
justlove,0,2,2
justly,0,2,2
justn,1,1,2
justnotfeelingiwittytonight,0,1,1
justnow,3,1,4
justo,2,0,2
justonedance,0,1,1
justpray,1,0,1
justr,0,1,1
justrealized,0,1,1
justs,1,1,2
justsaw,1,4,5
justsay,1,0,1
justsayin,2,8,10
justsaying,0,1,1
justsayrawrdude,1,0,1
justsignal,1,0,1
justso,1,0,1
justsouknow,1,0,1
justsu,1,0,1
justt,7,21,28
justta,0,1,1
justthre,1,0,1
justtoblazethingsupthismorning,1,0,1
justtt,3,3,6
justttt,1,6,7
justtttt,1,0,1
justttttttt,0,1,1
justtxt,1,0,1
justvwatched,1,0,1
justwaitin,0,1,1
justwanted,0,1,1
justwatched,7,0,7
justwentto,2,0,2
justwhy,1,0,1
justwriteclick,0,1,1
justy,4,2,6
justyn,2,1,3
justyna,2,1,3
justynka,0,1,1
jusus,0,1,1
jusy,9,10,19
jusz,2,5,7
jut,15,12,27
jutaan,1,0,1
juti,1,0,1
jutin,0,1,1
jutr,0,1,1
jutro,0,1,1
juts,6,4,10
jutsu,1,0,1
juttht,1,0,1
jutting,1,0,1
juu,5,1,6
juuice,0,1,1
juules,0,1,1
juurde,0,1,1
juusssst,0,1,1
juussst,0,1,1
juust,12,7,19
juuu,0,1,1
juuudd,0,1,1
juuuice,0,1,1
juuump,0,1,1
juuune,0,1,1
juuussttt,1,0,1
juuust,7,9,16
juuustiiin,0,1,1
juuuus,0,1,1
juuuusssttt,1,0,1
juuuust,4,8,12
juuuusttttt,0,1,1
juuuuuliiiian,0,1,1
juuuuune,0,1,1
juuuuust,3,5,8
juuuuuune,0,1,1
juuuuuust,2,2,4
juuuuuuust,2,1,3
juuuuuuusttttttt,0,1,1
juuuuuuuust,1,2,3
juuuuuuuuuust,1,0,1
juuuuuuuuuuu,1,0,1
juuuuuuuuuuudeeee,0,1,1
juuuuuuuuuuuuuuuuussssst,0,1,1
juve,5,2,7
juvely,0,1,1
juvenile,6,2,8
juveniles,0,2,2
juvenille,1,0,1
juvenstus,1,0,1
juventud,0,1,1
juventude,0,1,1
juventus,0,3,3
juvetime,1,0,1
juvi,3,0,3
juvie,2,0,2
juvies,2,0,2
juvz,0,1,1
juwan,1,0,1
juwig,1,0,1
juwniorr,1,0,1
juwon,1,0,1
jux,3,4,7
juxt,2,1,3
juxtapose,0,1,1
juxtaposed,0,1,1
juxtaposition,1,2,3
juxtapoz,0,2,2
juxx,1,0,1
juxz,0,1,1
juy,0,1,1
juz,73,70,143
juzai,0,1,1
juzt,2,1,3
juzta,0,1,1
juzu,0,1,1
juzz,0,2,2
juzzy,2,0,2
jv,12,20,32
jva,0,2,2
jvc,3,1,4
jvcing,1,0,1
jver,0,1,1
jvg,0,1,1
jville,0,1,1
jvm,3,2,5
jvoooo,1,0,1
jvp,1,0,1
jvs,0,1,1
jw,13,28,41
jwalker,0,1,1
jwang,0,1,1
jwas,1,0,1
jwatz,1,0,1
jwb,1,1,2
jwbnnya,0,1,1
jwc,1,0,1
jwcfree,0,1,1
jwd,0,1,1
jweippp,1,0,1
jwfr,1,0,1
jwg,2,0,2
jwillsss,1,0,1
jwks,0,1,1
jwood,1,0,1
jworrrrrrrrk,0,1,1
jwu,3,1,4
jww,1,0,1
jwz,0,1,1
jx,1,2,3
jxnmcgouvbo,1,0,1
jxta,0,1,1
jxx,0,1,1
jxxx,1,0,1
jy,1,4,5
jyan,1,0,1
jybt,1,0,1
jyeaah,0,1,1
jykthemuse,0,1,1
jym,1,0,1
jymas,1,0,1
jynx,1,4,5
jynxed,3,1,4
jyo,1,0,1
jyoti,0,1,1
jyr,1,1,2
jyrg,0,1,1
jys,1,0,1
jyske,0,1,1
jyst,1,0,1
jython,3,3,6
jyu,0,1,1
jyv,0,1,1
jz,9,18,27
jzap,1,0,1
jzone,1,0,1
jzt,1,1,2
ka,106,225,331
kaa,3,1,4
kaaaaa,0,1,1
kaaaaaaaaaaa,1,0,1
kaaaaaaaaaaaaak,1,0,1
kaaaaaaaaate,0,1,1
kaaaaaaaaren,0,1,1
kaaaaaaat,1,0,1
kaaaaaaatie,0,1,1
kaaaaaate,0,1,1
kaaaaaaty,0,1,1
kaaaaahhhhnnnn,1,0,1
kaaaak,0,1,1
kaaaay,0,1,1
kaaabooom,0,1,1
kaaalll,0,1,1
kaaani,1,0,1
kaaarrrriiiisssss,1,0,1
kaaate,0,1,1
kaaaty,0,1,1
kaaay,0,1,1
kaaays,0,1,1
kaacee,0,1,1
kaada,0,1,1
kaadikang,0,1,1
kaai,0,1,1
kaajal,0,1,1
kaaju,0,1,1
kaaka,0,1,1
kaal,0,1,1
kaalia,0,1,1
kaam,1,2,3
kaan,1,0,1
kaanapali,0,1,1
kaap,0,1,1
kaapana,1,0,1
kaapi,0,1,1
kaarawan,0,1,1
kaare,0,1,1
kaarinaa,0,1,1
kaarten,0,1,1
kaas,1,1,2
kaasan,0,1,1
kaasar,1,0,1
kaash,1,0,1
kaashoek,0,1,1
kaastengels,1,0,1
kaat,0,1,1
kaath,1,1,2
kaathaala,0,1,1
kaatiee,0,1,1
kaattttt,1,0,1
kaau,3,2,5
kaawa,1,0,1
kaaway,1,1,2
kaay,0,1,1
kaayo,0,5,5
kaayphone,0,1,1
kaayu,1,0,1
kaayy,0,1,1
kaazoooooo,0,1,1
kab,1,3,4
kaba,4,3,7
kabaal,1,0,1
kabab,2,0,2
kababayan,0,1,1
kababs,1,2,3
kabado,0,1,1
kabaduyanne,1,0,1
kabagot,1,0,1
kabalin,1,0,1
kaballah,1,0,1
kabalo,1,0,1
kabam,0,1,1
kabang,0,1,1
kabaong,0,1,1
kabar,2,7,9
kabarin,2,1,3
kabarkada,1,1,2
kabarks,0,1,1
kabarnya,0,1,1
kabash,1,0,1
kabata,0,1,1
kabati,0,1,1
kabaw,1,0,1
kabb,1,0,1
kabbalah,0,4,4
kabelbw,1,0,1
kabhi,2,6,8
kabi,1,0,1
kabigting,1,0,1
kabiliky,0,1,1
kabillions,2,1,3
kabint,0,1,1
kabir,1,1,2
kabisa,0,1,1
kablam,1,1,2
kablaming,1,0,1
kable,0,1,1
kablog,0,1,1
kablooey,1,0,1
kablooie,1,0,1
kabo,1,0,1
kabob,1,3,4
kabobs,5,9,14
kabonfootprint,1,1,2
kaboodle,0,2,2
kaboom,5,2,7
kaboomed,0,1,1
kabooooommms,1,0,1
kabooooooooom,1,0,1
kaboosh,1,0,1
kabootar,0,1,1
kabosh,1,0,1
kabouterworld,0,1,1
kabs,1,0,1
kabu,1,0,1
kabuang,1,0,1
kabub,1,0,1
kabuki,6,6,12
kabul,0,2,2
kabur,0,1,1
kabut,0,1,1
kabuto,1,3,4
kac,1,0,1
kaca,1,1,2
kacamatanya,0,1,1
kacang,3,4,7
kacau,1,0,1
kaccat,0,1,1
kaccio,0,1,1
kace,0,1,1
kacee,0,1,1
kacey,2,2,4
kachara,1,0,1
kachat,0,2,2
kacheapan,1,0,1
kachelmann,0,1,1
kaching,4,1,5
kachinnng,0,1,1
kachiri,0,1,1
kachiroubas,0,1,1
kachori,0,1,1
kachowww,0,1,1
kachy,0,1,1
kaci,1,3,4
kaciaaannn,1,0,1
kacie,1,5,6
kaciekinzer,1,0,1
kacisrainbowworld,0,1,1
kack,1,0,1
kacke,1,0,1
kackered,0,1,1
kackityy,0,1,1
kaclose,1,0,1
kacy,7,2,9
kaczmarek,4,0,4
kad,0,1,1
kada,1,4,5
kadai,0,1,1
kadajie,0,1,1
kadala,1,0,1
kadalai,1,0,1
kadalundy,0,1,1
kadan,1,0,1
kadar,1,1,2
kadarshian,0,1,1
kadaver,0,1,1
kaddy,1,1,2
kaddys,0,1,1
kade,1,4,5
kaden,8,2,10
kadence,2,2,4
kadens,0,1,1
kadi,0,2,2
kadian,0,2,2
kadie,2,1,3
kadien,0,1,1
kadies,0,2,2
kadin,1,0,1
kadiri,0,1,1
kadisha,0,1,1
kadishar,0,1,1
kadiwa,1,0,1
kado,0,2,2
kadoink,1,0,1
kadoos,0,1,1
kadunud,1,0,1
kadushan,0,1,1
kady,3,4,7
kadys,0,1,1
kae,3,2,5
kaea,0,2,2
kaedens,0,1,1
kaedyns,1,0,1
kaegen,1,0,1
kaekekan,1,0,1
kaela,4,1,5
kaelah,1,0,1
kaelas,0,1,1
kaelee,0,1,1
kaeley,1,0,1
kaeli,0,2,2
kaelyn,0,1,1
kaelynne,1,0,1
kaen,0,1,1
kaenons,0,1,1
kaercher,1,0,1
kaes,0,1,1
kaesspaetzle,0,1,1
kafani,0,1,1
kafe,1,0,1
kafei,1,0,1
kafey,1,0,1
kaffa,0,1,1
kaffe,0,1,1
kaffee,2,2,4
kaffeeklatsch,0,1,1
kaffeen,0,1,1
kaffeklatch,0,1,1
kaffrin,0,1,1
kafi,0,1,1
kafir,0,1,1
kafka,2,5,7
kafooo,0,1,1
kafta,0,1,1
kaftan,0,1,1
kaftans,0,1,1
kafu,0,2,2
kag,0,1,1
kaga,3,1,4
kagabi,3,2,5
kagad,1,0,1
kagak,1,1,2
kagaling,0,1,1
kagamin,0,1,1
kagamu,0,1,1
kagan,1,0,1
kagawa,1,0,1
kagaya,1,0,1
kage,2,4,6
kaget,0,1,1
kaggra,1,0,1
kagina,0,1,1
kago,0,1,1
kagome,1,0,1
kagoul,1,0,1
kags,1,0,1
kagura,1,0,1
kaguya,0,1,1
kah,6,6,12
kaha,3,4,7
kahaan,0,1,1
kahak,1,0,1
kahakai,0,1,1
kahala,2,2,4
kahalaasz,1,0,1
kahan,1,1,2
kahanis,0,1,1
kahapon,3,2,5
kahawai,1,0,1
kahe,0,1,1
kahea,1,0,1
kahel,1,0,1
kahiko,0,2,2
kahin,0,1,1
kahit,13,11,24
kahjuks,0,1,1
kahkahaya,0,1,1
kahkis,0,1,1
kahl,0,1,1
kahlan,0,1,1
kahlanswardrobe,1,0,1
kahlelah,0,1,1
kahlen,1,0,1
kahli,0,1,1
kahliang,0,2,2
kahlil,1,2,3
kahlo,1,3,4
kahls,1,0,1
kahlua,3,5,8
kahmunrah,2,0,2
kahn,1,7,8
kahne,4,1,5
kahner,1,0,1
kahs,0,1,1
kahu,0,2,2
kahului,2,0,2
kahuna,2,2,4
kahvaltisi,0,1,1
kahwa,0,1,1
kahwin,1,1,2
kahwoon,0,1,1
kahyau,0,1,1
kai,27,46,73
kaia,0,2,2
kaiali,0,1,1
kaibigan,1,0,1
kaibigans,1,0,1
kaiboshed,1,0,1
kaichou,0,1,1
kaiden,3,2,5
kaiee,0,1,1
kaif,1,0,1
kaifeng,1,0,1
kaifu,0,1,1
kaih,0,1,1
kaihlaniii,0,1,1
kaiiiit,0,1,1
kaij,0,1,1
kaijuu,1,0,1
kaika,1,0,1
kaikane,0,1,1
kaiku,0,1,1
kail,0,1,1
kaila,0,8,8
kailah,0,1,1
kailan,1,3,4
kailangan,3,4,7
kailangang,0,1,1
kailas,1,0,1
kailash,0,1,1
kailashhhhh,0,1,1
kailee,2,4,6
kailees,0,1,1
kaileis,0,1,1
kailen,1,0,1
kailey,7,5,12
kaileys,0,1,1
kaili,0,1,1
kailib,1,0,1
kailua,1,5,6
kailun,1,0,1
kailyn,2,3,5
kailynn,0,1,1
kaimais,0,1,1
kaimuki,1,1,2
kain,5,4,9
kainan,0,1,1
kaine,1,2,3
kainggit,1,1,2
kaingit,1,0,1
kainin,0,1,1
kainis,8,2,10
kainit,1,0,1
kainlove,0,1,1
kainoa,0,1,1
kainourgio,1,0,1
kaint,1,0,1
kaip,0,1,1
kairali,1,0,1
kairee,1,0,1
kairi,1,2,3
kairlin,1,0,1
kairos,4,4,8
kairu,0,1,1
kais,2,0,2
kaisa,1,2,3
kaise,1,2,3
kaiser,15,12,27
kaisers,2,1,3
kaiserslautern,1,1,2
kaison,0,1,1
kait,5,11,16
kaita,1,0,1
kaitat,1,0,1
kaitee,0,1,1
kaiten,2,0,2
kaitey,0,1,1
kaiti,1,0,1
kaitie,0,1,1
kaiting,1,0,1
kaitlan,1,0,1
kaitland,0,1,1
kaitlin,8,12,20
kaitlins,0,4,4
kaitlinxkitkat,0,1,1
kaitlyn,11,25,36
kaitlynn,0,1,1
kaitlynxo,0,1,1
kaito,0,2,2
kaitos,0,2,2
kaits,0,1,1
kaity,0,1,1
kaivari,0,1,1
kaixin,0,2,2
kaiyaeve,1,0,1
kaiyay,0,1,1
kaizen,0,1,1
kaizenguide,0,1,1
kaizers,0,1,1
kaizu,0,1,1
kaj,0,3,3
kaja,0,1,1
kajagoogoo,1,0,1
kajaksj,0,1,1
kajal,1,0,1
kajan,0,1,1
kajeh,0,1,1
kajillion,2,1,3
kajn,0,1,1
kajo,1,0,1
kajol,0,1,1
kajska,0,1,1
kak,22,31,53
kaka,21,16,37
kakaaliw,0,1,1
kakaasar,1,1,2
kakabalik,0,1,1
kakadoo,2,0,2
kakagaling,0,2,2
kakahiaka,0,1,1
kakahilo,1,0,1
kakaiyak,1,0,1
kakak,3,3,6
kakaka,1,0,1
kakakakaka,0,1,1
kakakilig,0,1,1
kakalabas,0,1,1
kakalikot,0,1,1
kakaloka,1,0,1
kakamiss,1,0,1
kakanta,0,1,1
kakantahan,1,0,1
kakantahin,0,1,1
kakapagod,1,1,2
kakapalit,0,1,1
kakapanood,0,1,1
kakapoy,1,0,1
kakasabi,0,1,1
kakashi,0,3,3
kakatamad,0,1,1
kakatapos,0,1,1
kakatawa,0,1,1
kakatuwa,0,1,1
kakauwi,0,2,2
kakayanin,1,0,1
kake,2,3,5
kakela,1,0,1
kakes,1,0,1
kakevin,1,0,1
kaki,8,12,20
kakiache,1,0,1
kakiku,4,0,4
kakilalang,0,1,1
kakingyou,1,0,1
kakinya,2,0,2
kakis,1,0,1
kakk,1,2,3
kakke,0,1,1
kakki,0,1,1
kakkie,1,0,1
kakkkk,1,0,1
kaklase,1,0,1
kakls,1,0,1
kakoii,0,2,2
kaku,1,2,3
kakus,0,1,1
kakuteru,1,0,1
kal,15,11,26
kala,3,9,12
kalaahh,0,1,1
kalabawsky,0,1,1
kaladr,1,0,1
kalagot,1,0,1
kalahari,0,3,3
kalaharigames,0,1,1
kalahh,1,0,1
kalaika,1,0,1
kalait,1,0,1
kalakand,1,0,1
kalakaua,1,0,1
kalam,1,2,3
kalama,1,0,1
kalamans,0,1,1
kalamansi,0,1,1
kalamata,0,2,2
kalamazoo,4,4,8
kalamunda,1,0,1
kalan,1,1,2
kalani,2,0,2
kalaok,0,1,1
kalap,1,0,1
kalapana,0,1,1
kalari,0,1,1
kalas,5,0,5
kalasaari,0,1,1
kalashnikov,1,0,1
kalat,1,0,1
kalau,6,2,8
kalavarama,0,1,1
kalayo,0,1,1
kalbfleisch,0,1,1
kald,1,0,1
kaldereta,1,0,1
kaldis,1,0,1
kale,6,5,11
kaleb,9,13,22
kalebnation,1,2,3
kalebs,3,0,3
kalee,0,1,1
kaleeee,0,1,1
kaleemux,1,0,1
kaleidescope,0,1,1
kaleidoscope,0,3,3
kaleidoscopeapp,0,1,1
kaleigh,0,5,5
kaleiyah,1,0,1
kaleltroper,1,0,1
kalem,0,1,1
kalen,1,1,2
kalenababy,1,0,1
kalene,1,0,1
kalens,1,0,1
kaleo,0,2,2
kales,1,1,2
kalev,0,1,1
kaley,2,7,9
kalgoorlie,0,2,2
kalhmera,1,0,1
kalhua,0,1,1
kali,19,22,41
kaliaaannn,1,0,1
kaliadascope,1,0,1
kalian,3,8,11
kalib,0,2,2
kaliber,0,1,1
kalibo,0,1,1
kaliebelt,0,1,1
kalieda,0,1,1
kaliegh,0,1,1
kalies,0,1,1
kaligayan,1,0,1
kalii,0,1,1
kalik,1,0,1
kalika,1,1,2
kaliki,0,1,1
kalimalang,1,0,1
kalimba,0,1,1
kalimera,2,2,4
kalimutan,0,1,1
kalinawan,0,1,1
kalinungan,1,0,1
kaliny,0,1,1
kalinya,1,0,1
kalis,1,0,1
kalispell,0,1,1
kalispera,0,1,1
kalisz,0,1,1
kalita,1,0,1
kalitay,0,1,1
kaliyug,0,1,1
kalkalator,0,1,1
kalkata,0,1,1
kalki,1,1,2
kall,7,0,7
kalla,1,1,2
kallah,1,0,1
kallakudi,1,0,1
kallang,0,2,2
kalled,2,0,2
kalley,0,1,1
kalli,0,1,1
kallie,0,5,5
kallio,2,2,4
kalliope,0,1,1
kallis,5,1,6
kallista,0,1,1
kalls,2,0,2
kallsz,1,0,1
kallu,1,0,1
kallyn,1,0,1
kalmadi,1,0,1
kalman,1,0,1
kalmar,0,1,1
kalmeta,1,0,1
kalms,0,1,1
kalo,15,27,42
kalofsh,0,1,1
kaloka,0,2,2
kalokohan,2,0,2
kalon,0,1,1
kalopun,0,2,2
kalou,0,1,1
kalpaka,0,1,1
kals,0,1,1
kalsel,1,0,1
kalsoom,2,0,2
kalt,1,0,1
kalu,1,1,2
kalua,1,1,2
kaluha,1,0,1
kalungkutan,0,1,1
kalurkey,0,1,1
kalverstraat,1,0,1
kalvinova,1,0,1
kalvyn,1,0,1
kaly,0,1,1
kalyaana,1,0,1
kalyani,1,0,1
kalyas,1,0,1
kalydo,0,2,2
kalyia,0,1,1
kalyl,1,0,1
kalyn,0,4,4
kalynn,1,0,1
kalyns,1,0,1
kalyug,1,0,1
kam,8,22,30
kama,3,4,7
kamaelia,0,1,1
kamai,0,1,1
kamakage,1,0,1
kamakawiwo,1,1,2
kamakazi,1,0,1
kamakozies,0,1,1
kamakshi,0,1,1
kamakura,1,0,1
kamakus,0,1,1
kamal,0,2,2
kamala,1,0,1
kamalia,0,1,1
kamalji,1,0,1
kaman,1,0,1
kamane,0,1,1
kamanee,0,1,1
kamar,3,0,3
kamarun,1,0,1
kamasutra,0,1,1
kamat,1,0,1
kamata,1,0,1
kamay,0,1,1
kamaya,0,1,1
kambakht,0,1,1
kambal,3,3,6
kambam,0,1,1
kambing,1,1,2
kambuh,2,0,2
kamden,0,1,1
kame,2,3,5
kameda,0,1,1
kameel,0,1,1
kamehameha,1,0,1
kamei,2,0,2
kamel,1,1,2
kamela,0,1,1
kamelot,0,2,2
kamen,0,9,9
kamena,0,1,1
kameni,1,0,1
kameran,1,0,1
kameron,1,3,4
kami,16,30,46
kamie,0,1,1
kamijade,0,1,1
kamikaze,1,6,7
kamikazee,1,1,2
kamikazements,0,1,1
kamil,1,1,2
kamila,0,1,1
kamilah,2,1,3
kamile,1,0,1
kamille,0,1,1
kamillion,0,1,1
kamina,1,1,2
kaminey,3,1,4
kaming,1,0,1
kamini,0,1,1
kaminski,1,0,1
kamirori,2,0,2
kamiru,1,0,1
kamis,3,1,4
kamiya,1,0,1
kamla,0,1,1
kamleshwar,0,1,1
kamloops,2,0,2
kamnet,2,0,2
kamo,1,1,2
kamon,0,1,1
kamote,0,1,1
kamoze,0,1,1
kamp,2,2,4
kampai,0,1,1
kampala,1,1,2
kampanyasi,0,1,1
kampanye,0,2,2
kampar,0,1,1
kampen,0,1,1
kampenhout,1,0,1
kampers,1,0,1
kampf,1,0,1
kampfhund,0,1,1
kampi,0,1,1
kamplecks,1,0,1
kampman,1,0,1
kampong,1,1,2
kamps,1,0,1
kampung,2,5,7
kampungs,1,0,1
kampus,3,1,4
kampyon,0,1,1
kamron,1,0,1
kamrt,0,1,1
kamryn,0,1,1
kamrynne,0,1,1
kamsekam,0,1,1
kamsv,0,1,1
kamtsikis,0,1,1
kamu,14,16,30
kamukha,0,1,1
kamuli,2,0,2
kamusta,2,11,13
kamuuuu,0,1,1
kamy,5,1,6
kan,44,53,97
kana,3,2,5
kanaan,0,1,1
kanadian,1,0,1
kanagosa,0,1,1
kanagroos,0,1,1
kanakattack,0,1,1
kanal,1,0,1
kaname,2,1,3
kananaskis,0,2,2
kanang,0,1,1
kanani,0,1,1
kanashi,0,1,1
kanashii,1,0,1
kanashiiii,0,1,1
kanata,0,1,1
kanav,0,1,1
kanawha,1,0,1
kanban,0,1,1
kanbanklub,1,0,1
kanbatte,0,1,1
kanchipuram,0,1,1
kancing,1,0,1
kanckered,1,0,1
kancruut,1,0,1
kanda,3,1,4
kandace,2,0,2
kandang,0,1,1
kandee,1,2,3
kandi,9,8,17
kandice,0,1,1
kandie,1,0,1
kandii,0,1,1
kandinsky,1,0,1
kandisky,0,1,1
kandivali,1,1,2
kandivli,0,1,1
kandung,1,0,1
kandy,3,2,5
kandyce,0,1,1
kandychazing,0,1,1
kandyland,1,1,2
kane,41,22,63
kanellis,0,1,1
kanemoto,0,1,1
kanemura,1,0,1
kanemure,0,1,1
kaneohe,1,1,2
kanes,3,0,3
kang,1,6,7
kanga,1,3,4
kangal,1,0,1
kangaroo,14,14,28
kangaroooo,0,1,1
kangaroor,0,1,1
kangaroos,5,7,12
kangas,1,0,1
kangen,7,2,9
kangeroo,1,0,1
kangerooland,0,1,1
kangeroos,1,0,1
kangi,0,1,1
kangin,2,0,2
kangkung,0,1,1
kango,0,1,1
kangol,2,0,2
kanhaiyye,0,1,1
kani,4,1,5
kanielle,0,1,1
kanila,0,1,1
kanin,0,2,2
kanina,21,19,40
kaninang,1,0,1
kanins,1,0,1
kanisa,0,1,1
kanishka,0,1,1
kanjam,1,0,1
kanjani,1,0,1
kanji,11,8,19
kanjis,1,0,1
kanjoos,0,2,2
kank,1,0,1
kankakee,2,0,2
kankan,1,0,1
kanker,1,0,1
kankle,1,0,1
kankles,1,1,2
kankuro,1,0,1
kann,2,3,5
kanna,1,2,3
kannada,4,1,5
kannadiga,1,1,2
kannadigas,0,1,1
kannagi,1,0,1
kannan,0,1,1
kannapolis,1,0,1
kanne,0,1,1
kanneganti,0,1,1
kannica,0,1,1
kannte,0,1,1
kannu,0,2,2
kano,1,2,3
kanoa,1,0,1
kanojo,0,1,1
kanom,1,0,1
kanon,2,1,3
kanoodle,0,1,1
kanpai,0,2,2
kanpur,4,1,5
kanpuriya,1,0,1
kanri,0,1,1
kansai,1,3,4
kansan,0,1,1
kansas,80,78,158
kansass,1,0,1
kant,25,11,36
kanta,1,3,4
kantahin,1,0,1
kantaris,1,0,1
kantarli,0,1,1
kanteen,2,0,2
kantian,1,0,1
kantin,2,0,2
kantine,1,0,1
kantion,1,0,1
kanto,1,0,1
kanton,0,1,1
kantor,4,6,10
kantorovich,1,0,1
kantorrr,1,0,1
kantu,1,0,1
kanuckles,1,0,1
kanvaas,0,2,2
kanw,1,0,1
kanya,1,4,5
kanye,44,74,118
kanyeeezy,1,0,1
kanyes,2,3,5
kanyon,0,15,15
kao,2,0,2
kaohsiung,2,0,2
kaomoji,1,0,1
kaon,1,2,3
kaori,0,1,1
kaos,6,4,10
kaoss,0,2,2
kaotic,0,2,2
kaotiks,0,1,1
kap,0,1,1
kapaaan,1,0,1
kapaan,1,0,1
kapag,0,2,2
kapagod,1,0,1
kapahulu,0,1,1
kapal,0,1,1
kapalit,1,0,1
kapamilya,0,4,4
kapan,9,5,14
kapated,1,0,1
kapatid,1,4,5
kapde,1,0,1
kapesh,0,1,1
kaphlumping,1,0,1
kapil,2,0,2
kapitan,3,7,10
kapiti,1,1,2
kapkap,0,1,1
kapke,0,1,1
kaplan,5,6,11
kaplooey,1,0,1
kapluey,1,0,1
kapoi,2,0,2
kapolei,7,0,7
kapono,2,0,2
kapoon,0,1,1
kapoor,0,5,5
kapoot,1,0,1
kapooy,0,1,1
kapot,0,1,1
kapotlachen,0,1,1
kapow,2,4,6
kapowski,4,0,4
kapoww,0,1,1
kapoy,2,1,3
kapoya,0,1,1
kappa,5,6,11
kappas,2,2,4
kappe,0,1,1
kappel,1,0,1
kapper,0,1,1
kappy,0,1,1
kaprekar,0,2,2
kapri,0,1,1
kaps,1,1,2
kapsel,1,0,1
kaptain,0,1,1
kaptainkriz,0,1,1
kaptein,0,1,1
kapu,0,1,1
kapur,1,0,1
kapuso,1,3,4
kaput,29,5,34
kapute,2,0,2
kaputt,2,0,2
kar,18,19,37
kara,26,53,79
karaa,0,1,1
karaass,0,1,1
karach,1,0,1
karachi,13,8,21
karadikong,0,3,3
karadioguardi,0,1,1
karafs,1,0,1
karage,0,1,1
karah,1,1,2
karain,0,1,1
karaiwashi,0,1,1
karaj,2,0,2
karak,0,1,1
karakoke,0,1,1
karam,0,1,1
karama,0,1,1
karamarie,1,1,2
karambol,0,1,1
karamel,2,2,4
karamihang,1,0,1
karan,2,6,8
karang,0,2,2
karangan,1,0,1
karanggg,1,0,1
karani,1,0,1
karantina,1,0,1
karaok,0,1,1
karaoke,109,174,283
karaokean,1,1,2
karaokee,2,0,2
karaokeeeee,0,1,1
karaokeing,1,5,6
karaokes,0,1,1
karaoketu,1,0,1
karapetyan,1,0,1
karashians,0,1,1
karat,2,2,4
karate,43,43,86
karatepimp,0,1,1
karawaci,1,0,1
karazyyy,1,0,1
karazzzy,1,0,1
karbaschi,0,1,1
karbela,0,1,1
karcher,2,0,2
kard,0,1,1
kardam,1,0,1
kardash,0,1,1
kardashian,15,38,53
kardashians,36,87,123
kardashianss,0,1,1
kardashin,0,1,1
kardasian,0,1,1
kardaz,1,0,1
karde,0,1,1
kardi,0,1,1
kardia,1,0,1
kardiac,0,1,1
kardinal,0,1,1
kare,6,4,10
karebear,1,1,2
karebears,1,0,1
kareeeeeen,1,0,1
kareem,1,4,5
kareena,1,4,5
karega,0,1,1
karein,1,0,1
karele,1,0,1
karelman,1,1,2
karely,0,1,1
karen,61,114,175
karena,2,3,5
karenge,1,1,2
karenin,1,0,1
karenina,1,1,2
karenloveskarl,0,1,1
karenmae,0,1,1
karennn,0,1,1
karens,2,2,4
karenskys,0,1,1
karenwild,1,0,1
kareoke,8,14,22
kareokee,0,2,2
kareoking,1,1,2
kareshi,1,0,1
karet,0,1,1
karev,1,0,1
karey,0,1,1
karg,0,1,1
karhai,0,1,1
karhi,0,1,1
karhu,1,0,1
karhunk,0,1,1
kari,9,20,29
karian,1,0,1
karianne,0,2,2
kariannes,1,0,1
karibu,0,1,1
karibuni,0,1,1
karidean,1,0,1
karidosai,0,1,1
karie,1,1,2
karieeee,1,0,1
kariface,1,0,1
kariiiim,1,0,1
kariizz,1,0,1
karilyn,0,1,1
karim,2,6,8
karima,1,1,2
karims,1,0,1
karin,2,11,13
karina,12,19,31
karine,8,2,10
karinina,1,0,1
karinne,0,1,1
kariong,0,1,1
karir,0,1,1
karirin,1,0,1
karis,1,1,2
karisa,0,1,1
karishma,0,1,1
karishmaa,0,1,1
karisma,0,2,2
karissa,2,7,9
karissaaaaaa,0,1,1
karissaknutson,0,1,1
kariz,1,0,1
karizma,0,1,1
karizz,0,1,1
karkasa,1,0,1
karked,1,0,1
karkumatka,0,1,1
karl,30,39,69
karla,15,26,41
karlay,0,1,1
karlee,4,5,9
karleen,0,1,1
karleigh,1,2,3
karlene,0,1,1
karley,2,4,6
karleys,0,1,1
karli,2,2,4
karlia,0,1,1
karlie,0,3,3
karlijn,0,1,1
karlish,0,1,1
karlisle,1,0,1
karlita,1,0,1
karlitos,0,1,1
karlmut,3,0,3
karlo,2,1,3
karlos,0,1,1
karls,0,2,2
karlshamn,1,0,1
karlskoga,0,1,1
karlson,1,1,2
karlsruhe,2,1,3
karlsta,1,0,1
karlstad,0,1,1
karlvee,0,1,1
karly,7,5,12
karlz,0,1,1
karma,185,155,340
karmaaaaa,0,1,1
karmacode,1,0,1
karmacuarius,0,1,1
karmada,1,0,1
karmaloop,2,0,2
karman,1,0,1
karmann,1,0,1
karmanya,1,0,1
karmapa,0,1,1
karmas,4,0,4
karmel,1,1,2
karmen,1,0,1
karmi,1,1,2
karmic,2,4,6
karmichael,1,2,3
karmina,0,1,1
karmoon,1,0,1
karms,0,1,1
karmy,0,1,1
karn,2,2,4
karna,3,1,4
karnak,1,0,1
karnataka,2,1,3
karnazes,0,1,1
karne,1,0,1
karneval,0,1,1
karnevel,0,1,1
karni,1,0,1
karnitia,1,0,1
karnival,1,0,1
karnivool,2,3,5
karnowsky,1,0,1
karnt,0,1,1
karo,0,8,8
karoake,1,4,5
karoeke,1,0,1
karok,0,1,1
karoke,3,3,6
karokean,0,1,1
karokeeeee,0,1,1
karol,2,3,5
karolina,0,2,2
karoline,2,2,4
karolinka,0,1,1
karolis,0,2,2
karolka,0,1,1
karon,0,2,2
karoo,3,0,3
karoon,1,0,1
karos,0,1,1
karoshi,0,1,1
karoubi,1,0,1
karp,0,1,1
karpet,0,1,1
karr,1,0,1
karra,0,2,2
karree,0,1,1
karri,0,1,1
karriann,0,1,1
karrie,1,0,1
karrine,1,0,1
karrison,0,1,1
karro,0,2,2
karrot,1,0,1
karroubi,1,0,1
kars,1,0,1
karsen,0,1,1
karshah,1,0,1
karshas,1,0,1
karson,2,0,2
karstadt,0,1,1
karsten,0,1,1
karsts,0,1,1
karsyn,1,1,2
kart,52,52,104
karta,1,2,3
karte,0,1,1
kartel,1,1,2
karter,0,1,1
karthik,0,2,2
karthikc,1,0,1
karthy,0,1,1
karti,1,0,1
kartick,0,1,1
kartik,2,1,3
kartikakasih,0,1,1
kartina,1,1,2
karting,8,11,19
kartini,1,8,9
karton,0,1,1
karts,3,3,6
kartu,1,0,1
kartzone,0,1,1
karu,2,2,4
karuh,1,0,1
karuhi,1,0,1
karunanidhi,2,0,2
karune,0,1,1
karunga,1,0,1
karupesa,0,1,1
karur,1,0,1
karus,1,0,1
karwoskis,1,0,1
kary,1,1,2
karyn,1,2,3
karyns,0,2,2
karyssa,0,2,2
kas,5,5,10
kasa,1,0,1
kasab,0,1,1
kasabia,1,0,1
kasabian,29,30,59
kasabians,0,1,1
kasabihan,0,1,1
kasai,0,1,1
kasal,0,1,1
kasalanan,1,0,1
kasama,5,3,8
kasamahan,0,1,1
kasarap,0,2,2
kasas,0,1,1
kasauli,2,1,3
kasaysayan,1,0,1
kasbar,0,1,1
kascade,1,0,1
kase,1,5,6
kasem,1,2,3
kaser,0,1,1
kases,0,1,1
kaset,1,0,1
kasexyhan,0,1,1
kasey,20,24,44
kaseys,1,2,3
kaseyyyy,0,1,1
kash,1,2,3
kasha,0,1,1
kashad,1,0,1
kashe,0,1,1
kasher,0,3,3
kashflow,0,1,1
kashi,6,4,10
kashia,0,1,1
kashieca,1,0,1
kashmir,3,2,5
kashmiri,1,1,2
kashni,1,0,1
kashrut,1,0,1
kashtam,1,1,2
kasi,69,51,120
kasia,2,5,7
kasian,4,2,6
kasidy,0,1,1
kasie,1,2,3
kasier,1,0,1
kasih,1,3,4
kasihmu,0,1,1
kasii,2,0,2
kasik,1,0,1
kasing,0,1,1
kasipagan,1,0,1
kasir,0,1,1
kaskade,4,6,10
kaskelot,1,0,1
kasket,1,0,1
kaskus,2,0,2
kaskusing,0,1,1
kaso,11,4,15
kasou,0,1,1
kaspa,1,0,1
kasparov,1,0,1
kasper,1,0,1
kasperlina,1,0,1
kaspersky,3,3,6
kaspil,1,0,1
kasprzak,0,1,1
kasra,1,0,1
kass,1,4,5
kassam,0,1,1
kassandra,1,1,2
kassandraandizabela,0,1,1
kassel,1,1,2
kassi,5,3,8
kassidi,0,1,1
kassidys,1,0,1
kassie,5,7,12
kassies,0,1,1
kassiexo,0,1,1
kasslana,1,0,1
kassy,1,2,3
kasteeled,1,0,1
kasto,0,1,1
kasu,2,0,2
kasus,0,1,1
kasutad,0,1,1
kasutera,1,0,1
kasuway,0,1,1
kasya,0,1,1
kat,133,171,304
kata,2,9,11
kataaaaaaaaaa,0,1,1
kataeb,1,1,2
kataifi,0,2,2
katakana,1,2,3
katakawan,0,1,1
katalinuhan,1,0,1
katalyst,1,1,2
katamad,3,0,3
katamari,2,5,7
katamaris,0,1,1
katamary,0,1,1
katamd,0,1,1
katamoosashi,1,0,1
katamooshi,0,1,1
katana,1,2,3
katanas,0,1,1
katanya,3,4,7
katapat,0,1,1
katapos,0,1,1
katara,0,2,2
katarina,2,0,2
katarinaa,0,1,1
katarinas,0,2,2
katarn,0,1,1
katatapos,0,1,1
katawa,4,0,4
katawan,1,1,2
katay,0,2,2
katbadar,1,0,1
katching,0,1,1
katchup,1,0,1
katchy,1,0,1
kate,1192,378,1570
katea,1,0,1
kateage,1,0,1
kateasa,0,1,1
katee,4,3,7
kategorie,0,1,1
kategorien,0,1,1
katehess,0,1,1
kateisonaboat,1,0,1
katekan,0,1,1
kateland,1,0,1
kateles,0,1,1
katelin,1,0,1
katella,0,1,1
kateltn,0,1,1
katelyn,13,19,32
katelynn,2,2,4
katelynncupcake,0,1,1
katelyns,0,1,1
katem,0,1,1
kateplus,1,0,1
kater,1,1,2
katerella,0,1,1
katerina,0,4,4
katers,1,2,3
kates,14,8,22
katesparty,0,1,1
katester,1,0,1
katet,0,1,1
katethecurst,0,1,1
katewhinesalot,1,0,1
katey,6,5,11
kateys,0,1,1
kateyy,0,1,1
kateyyy,1,0,1
kath,4,16,20
katha,1,4,5
kathak,0,1,1
katharina,0,2,2
katharine,2,9,11
katharinemcphee,0,1,1
kathe,1,0,1
kathee,1,3,4
kathel,1,0,1
katherine,21,31,52
katherines,0,3,3
katheryn,0,3,3
kathi,0,6,6
kathie,3,5,8
kathip,0,1,1
kathl,0,1,1
kathleen,12,21,33
kathleena,1,1,2
kathleenas,0,1,1
kathlene,1,1,2
kathlin,1,0,1
kathmandu,1,2,3
katholou,1,0,1
kathontai,1,1,2
kathreen,0,1,1
kathrin,1,0,1
kathrine,1,1,2
kathryin,0,1,1
kathryn,20,25,45
kathrynelle,0,1,1
kathrynkinney,0,1,1
kathrynns,0,1,1
kathryns,2,1,3
kathrynuk,0,1,1
kathy,44,93,137
kathybbz,0,1,1
kathybom,0,1,1
kathyleeandhoda,0,1,1
kathys,2,0,2
kati,7,9,16
katia,3,2,5
katic,0,1,1
katie,260,345,605
katiealex,1,0,1
katiebug,1,0,1
katiecupcake,1,0,1
katiee,0,3,3
katieee,1,1,2
katieeee,0,2,2
katieeeee,0,1,1
katieeeeeeeeeeeeeeeee,1,0,1
katieeeeees,1,0,1
katiegal,1,0,1
katiejean,0,1,1
katiekinsss,0,1,1
katiel,0,1,1
katielynn,0,1,1
katiemunster,1,0,1
katiepan,0,1,1
katiepotatie,0,1,1
katies,6,19,25
katiex,1,0,1
katihome,0,1,1
katiie,0,1,1
katiiiee,1,0,1
katikates,1,0,1
katim,0,1,1
katimusha,0,1,1
katina,0,2,2
kating,0,1,1
katinka,0,1,1
katio,0,1,1
katip,4,1,5
katips,0,1,1
katipunan,1,5,6
katis,0,1,1
katisha,0,2,2
katita,0,1,1
katja,2,6,8
katjrobertson,0,1,1
katkat,2,0,2
katkooot,0,1,1
katla,0,1,1
katle,0,1,1
katlin,0,1,1
katlyn,0,2,2
katm,0,1,1
katnip,1,0,1
kato,1,0,1
katong,1,0,1
katoomba,3,0,3
katootie,0,1,1
katowice,0,1,1
katr,0,1,1
katresna,0,1,1
katrice,0,1,1
katrillion,0,1,1
katrin,0,1,1
katrina,27,32,59
katrinaaa,0,1,1
katrinaaaa,0,1,1
katrinaislove,0,1,1
katrinak,0,1,1
katrinas,1,1,2
katrine,2,2,4
katrines,0,1,1
katrog,0,1,1
katryna,1,0,1
kats,6,11,17
katsmeo,1,1,2
katss,0,1,1
katsu,8,7,15
katsucon,0,1,1
katsulas,1,0,1
katsuni,0,1,1
katsuya,2,2,4
katsuyas,0,1,1
katt,5,18,23
kattan,1,0,1
kattetweets,0,1,1
katties,0,1,1
kattiya,0,1,1
kattpack,1,0,1
katts,1,0,1
katttttt,1,1,2
kattttttt,0,1,1
katty,4,7,11
kattya,0,1,1
kattykyt,1,0,1
katu,1,0,1
katuty,0,1,1
katwijk,0,1,1
katy,123,222,345
katya,3,1,4
katybug,0,1,1
katycat,1,0,1
katycats,1,0,1
katyee,0,1,1
katylan,0,1,1
katyperry,0,5,5
katysam,0,1,1
katysmiles,1,0,1
katyta,1,0,1
katywhatwhat,0,1,1
katyy,2,1,3
katyyyy,0,1,1
katz,3,6,9
katzenjammer,0,1,1
katzillas,0,1,1
katzki,0,1,1
katzs,0,1,1
katzweiler,2,0,2
kau,6,10,16
kauai,11,6,17
kauaitrip,0,1,1
kaufen,1,1,2
kauffman,1,2,3
kaufland,1,1,2
kaufman,3,2,5
kauft,0,1,1
kauguru,0,1,1
kauhajoki,0,1,1
kaui,1,0,1
kauki,0,1,1
kaul,0,1,1
kaulitz,4,7,11
kaumana,0,1,1
kaunas,1,0,1
kaunhoven,1,0,1
kauni,0,1,1
kauns,1,0,1
kauppalehti,0,1,1
kaur,0,3,3
kaurism,0,1,1
kaurl,0,2,2
kaursmaki,1,0,1
kausap,0,1,1
kausapin,0,1,1
kaushal,0,1,1
kaushik,0,1,1
kaust,1,1,2
kautkas,0,1,1
kautz,1,0,1
kauumpisa,1,0,1
kauze,0,1,1
kav,0,4,4
kava,0,2,2
kavalee,1,0,1
kavalier,0,1,1
kavanagh,1,1,2
kavanaugh,2,0,2
kavarna,1,1,2
kavcic,0,1,1
kave,3,0,3
kavee,0,1,1
kavi,0,1,1
kavics,0,1,1
kavion,0,1,1
kavita,0,1,1
kavities,1,0,1
kavolt,1,0,1
kavos,1,0,1
kavu,1,0,1
kavya,4,5,9
kaw,3,7,10
kawa,1,0,1
kawaaaaaaaaansss,0,1,1
kawaaaai,0,1,1
kawabata,1,0,1
kawada,2,0,2
kawadi,0,1,1
kawagoe,0,1,1
kawagz,0,1,1
kawah,0,1,1
kawai,0,1,1
kawaii,8,17,25
kawakawa,1,0,1
kawan,0,5,5
kawans,0,1,1
kawao,0,1,1
kawasaki,8,7,15
kawasakis,1,0,1
kawawa,17,2,19
kawawaface,1,0,1
kawawah,1,0,1
kawawang,1,0,1
kawazaki,1,0,1
kawi,2,1,3
kawii,1,0,1
kawin,0,1,1
kawinan,1,1,2
kaws,1,0,1
kaxaml,0,1,1
kay,132,258,390
kaya,59,51,110
kayaaa,1,0,1
kayahs,1,0,1
kayak,17,35,52
kayaked,4,1,5
kayaking,22,41,63
kayakking,1,0,1
kayakny,0,1,1
kayaknya,4,2,6
kayaknyah,0,1,1
kayaks,1,4,5
kayala,1,0,1
kayang,0,2,2
kayany,1,1,2
kayanya,3,6,9
kayas,1,0,1
kaybec,0,1,1
kaybee,0,1,1
kayce,1,1,2
kaycee,0,7,7
kayceestroh,0,1,1
kayci,1,0,1
kaycie,0,1,1
kayden,4,6,10
kaydence,0,1,1
kaydences,0,1,1
kaydizzle,0,1,1
kaye,1,9,10
kayela,0,1,1
kayeyen,0,1,1
kayg,1,0,1
kayhude,0,1,1
kayjay,1,0,1
kaykaing,0,1,1
kaykay,1,3,4
kayky,0,1,1
kayl,0,2,2
kayla,84,94,178
kaylaa,0,1,1
kaylaaa,0,1,1
kaylaaaa,0,1,1
kaylabest,0,1,1
kaylabrooketaylormike,2,0,2
kaylad,1,0,1
kaylah,1,3,4
kaylala,0,1,1
kaylamtuttle,1,0,1
kaylan,1,0,1
kaylangan,0,1,1
kaylani,2,1,3
kaylarosie,0,1,1
kaylas,4,2,6
kayle,2,1,3
kaylea,0,1,1
kaylee,15,21,36
kayleebeth,0,1,1
kayleen,0,2,2
kayleia,1,0,1
kayleigh,13,12,25
kaylen,1,1,2
kaylene,1,1,2
kaylens,1,0,1
kayles,1,1,2
kayley,6,6,12
kayli,0,1,1
kaylie,0,2,2
kaylies,0,1,1
kaylin,1,3,4
kaylo,1,0,1
kayluh,0,1,1
kaylyn,1,3,4
kaym,1,0,1
kaymart,1,0,1
kaymer,1,0,1
kaymillerdesigns,0,1,1
kayne,3,1,4
kayno,0,1,1
kayo,10,25,35
kayobi,0,1,1
kayod,1,0,1
kayong,1,0,1
kayooo,0,1,1
kaypo,0,2,2
kays,4,12,16
kaysa,0,2,2
kaysab,1,0,1
kaysaria,1,0,1
kaysee,0,2,2
kaysi,0,1,1
kaysie,0,3,3
kayso,1,1,2
kayson,1,1,2
kayt,0,1,1
kaytay,0,1,1
kayte,1,2,3
kaytee,0,1,1
kaytie,1,1,2
kayu,1,2,3
kayuputri,0,1,1
kayvee,0,1,1
kayveepee,1,0,1
kayy,3,12,15
kayyy,4,1,5
kayyytee,0,1,1
kayyyy,0,3,3
kayyyythanks,0,1,1
kayyyyyy,0,1,1
kayzarr,0,1,1
kaz,1,4,5
kaza,1,0,1
kazaam,1,0,1
kazachstan,0,1,1
kazagirl,0,1,1
kazahst,0,1,1
kazak,1,0,1
kazakh,1,0,1
kazakhstan,3,8,11
kazantzides,0,1,1
kazaxe,1,0,1
kazbegi,1,0,1
kazdej,0,1,1
kaze,1,2,3
kazeman,0,1,1
kazhchagal,2,0,2
kazillion,1,4,5
kazillionaire,0,1,1
kazim,0,2,2
kaziranga,1,2,3
kazle,0,1,1
kazmir,1,0,1
kazoo,3,4,7
kazooie,1,3,4
kazoos,1,2,3
kazoozles,2,1,3
kazuki,0,1,1
kazuko,0,1,1
kazumi,0,1,1
kazuo,1,1,2
kazz,0,2,2
kb,66,46,112
kba,0,2,2
kbac,0,1,1
kbacktosleepnow,0,1,1
kbai,1,2,3
kbal,1,0,1
kbangun,1,0,1
kbar,1,0,1
kbaw,1,0,1
kbbq,3,3,6
kbbz,1,0,1
kbcafe,1,0,1
kbco,1,0,1
kbdabosslive,0,1,1
kbell,2,0,2
kben,7,2,9
kbenshs,1,0,1
kbez,0,1,1
kbg,1,0,1
kbh,1,1,2
kbia,1,0,1
kbibili,0,1,1
kbis,1,0,1
kbit,1,1,2
kbitches,1,0,1
kblo,0,1,1
kbm,1,0,1
kboom,0,1,1
kbow,0,1,1
kbowls,0,1,1
kbox,0,1,1
kboxing,0,1,1
kbps,44,8,52
kbr,0,1,1
kbraun,0,1,1
kbryant,0,1,1
kbs,7,7,14
kbsworld,0,1,1
kbt,0,1,1
kbtln,0,1,1
kbuech,0,3,3
kbuzz,1,1,2
kbw,1,0,1
kbye,4,6,10
kbyee,0,2,2
kbyeworld,0,1,1
kbysies,0,1,1
kbytesps,0,1,1
kc,103,103,206
kca,3,3,6
kcal,3,2,5
kcals,0,1,1
kcam,0,1,1
kcamp,1,0,1
kcas,0,1,1
kcat,0,1,1
kcatz,0,2,2
kcav,0,1,1
kcb,0,1,1
kcbtours,4,2,6
kcc,1,0,1
kcd,0,1,1
kce,1,2,3
kcet,0,1,1
kcg,1,0,1
kch,1,0,1
kchan,0,1,1
kcheet,0,1,1
kchen,1,0,1
kchesney,0,1,1
kchs,0,1,1
kci,2,1,3
kciabc,1,0,1
kcircle,1,0,1
kck,1,1,2
kcl,2,0,2
kclub,0,2,2
kcmo,1,1,2
kcole,1,0,1
kcoms,1,0,1
kcon,1,2,3
kcool,0,4,4
kcp,1,0,1
kcra,1,0,1
kcradio,0,2,2
kcroyals,0,1,1
kcrw,0,1,1
kcs,1,1,2
kcsd,0,1,1
kcstorms,0,2,2
kcstreetteam,0,1,1
kcsu,0,1,1
kct,1,0,1
kcunfjrjcuyb,1,0,1
kcvu,0,1,1
kd,14,15,29
kda,1,2,3
kdav,1,0,1
kdc,1,1,2
kdd,2,1,3
kddng,0,1,1
kde,17,17,34
kdelariva,1,0,1
kdesupport,1,0,1
kdev,1,1,2
kdg,2,0,2
kdh,1,1,2
kdhx,0,1,1
kdjdjisgqdhsjwndids,0,1,1
kdka,1,1,2
kdkdkd,2,0,2
kdkdkdkd,1,0,1
kdng,1,0,1
kdo,2,1,3
kdog,1,0,1
kdon,0,1,1
kdot,1,0,1
kdotgotuwatchn,0,1,1
kdphi,1,0,1
kdpr,1,0,1
kdrama,0,1,1
kdramas,1,3,4
kds,0,1,1
kdslafj,0,1,1
kdu,3,0,3
kdub,2,0,2
kdubs,0,2,2
kduk,0,1,1
kdwb,2,3,5
kdy,3,6,9
kdyby,1,1,2
kdybys,0,1,1
kdyz,1,1,2
ke,96,101,197
kea,4,3,7
keabisan,1,0,1
keadaan,2,0,2
keagan,1,1,2
keaggy,0,1,1
keaha,1,0,1
keahey,0,1,1
keahi,0,2,2
keahiran,0,1,1
keahiwai,0,1,1
keahna,2,0,2
keak,1,0,1
keale,1,0,1
kealey,0,1,1
keali,1,0,1
kealie,0,1,1
keally,0,2,2
kean,2,5,7
keana,2,0,2
keanan,1,0,1
keane,12,18,30
keanly,0,1,1
keano,1,0,1
keanon,0,1,1
keansburg,0,1,1
keansburgh,1,0,1
keanthony,1,0,1
keanu,8,4,12
keany,0,1,1
keanya,1,0,1
keapus,0,1,1
keara,0,1,1
kearbear,0,1,1
kearney,4,7,11
kearns,0,1,1
kearny,0,2,2
kearnyyyy,0,1,1
kearth,1,0,1
keasby,0,1,1
keasha,0,1,1
keaten,0,1,1
keating,0,6,6
keatings,0,1,1
keaton,5,8,13
keatons,0,1,1
keats,1,3,4
keave,1,0,1
keaving,1,0,1
keb,0,2,2
keba,1,0,1
kebab,31,24,55
kebabking,1,0,1
kebabs,6,16,22
kebaby,1,0,1
kebaca,1,0,1
kebahagiaan,1,0,1
kebangsaan,0,1,1
kebanyakan,2,0,2
kebapcheta,0,1,1
kebapi,0,1,1
kebaya,2,3,5
kebayang,1,2,3
kebdg,0,1,1
kebelet,1,0,1
kebin,1,0,1
kebobs,1,2,3
kebon,1,0,1
kebosanan,2,0,2
kebut,0,1,1
keby,0,2,2
kecanduan,1,1,2
kecepetan,1,0,1
kecewa,2,0,2
kecewaaaaaaaa,1,0,1
kechot,0,1,1
kechotea,0,1,1
kecia,1,0,1
kecik,2,1,3
kecil,2,1,3
kecilnya,1,0,1
kecoa,1,0,1
kecoh,0,1,1
ked,17,6,23
keda,0,2,2
kedah,0,1,1
kedai,2,1,3
kedavra,0,1,1
kedding,1,0,1
kedepannya,0,1,1
kediri,0,1,1
kedo,1,0,1
keds,5,1,6
kedsu,1,0,1
kedua,0,2,2
keduluan,1,0,1
kedunno,1,0,1
kedy,0,1,1
kee,9,4,13
keebler,2,1,3
keed,3,9,12
keeddeerr,0,1,1
keeding,0,4,4
keeed,0,1,1
keeedding,1,0,1
keeee,1,0,1
keeeeeeeep,0,1,1
keeeeeeep,0,1,1
keeeeeel,1,0,1
keeeeeen,0,1,1
keeeeeiss,0,1,1
keeeeely,1,0,1
keeeeep,1,2,3
keeeeeps,1,0,1
keeeel,0,1,1
keeeeling,1,0,1
keeeent,0,1,1
keeeep,1,3,4
keeeepin,0,1,1
keeeerrrrriiiiii,1,0,1
keeellyyy,1,0,1
keeen,0,1,1
keeennnn,0,1,1
keeep,3,4,7
keeeping,1,0,1
keef,0,2,2
keefe,0,1,1
keefee,0,1,1
keeffe,1,0,1
keegan,6,5,11
keegs,1,0,1
keeing,0,1,1
keekee,1,0,1
keeks,1,1,2
keel,9,6,15
keelan,1,0,1
keele,2,9,11
keeled,0,1,1
keelee,1,0,1
keelers,0,1,1
keeley,3,6,9
keelhaul,1,1,2
keelhauled,0,1,1
keelie,1,0,1
keelin,0,1,1
keeling,1,0,1
keelow,0,1,1
keels,1,0,1
keely,4,12,16
keelys,0,1,1
keem,2,0,2
keema,0,3,3
keemie,0,2,2
keemy,1,1,2
keen,99,129,228
keena,1,1,2
keenan,6,1,7
keenanbarry,1,0,1
keene,2,3,5
keenen,0,1,1
keener,2,2,4
keeney,0,1,1
keenly,0,1,1
keenochan,0,1,1
keens,1,1,2
keenum,0,1,1
keenwash,0,1,1
keenyas,1,0,1
keeo,2,1,3
keep,4945,6353,11298
keepall,1,0,1
keepeing,1,0,1
keeper,71,72,143
keepers,4,12,16
keepeyes,0,2,2
keepign,1,0,1
keepimg,0,1,1
keepin,37,77,114
keeping,583,757,1340
keepingg,1,0,1
keepingupwithmom,0,1,1
keepingupwmom,0,1,1
keepitcuzzy,0,1,1
keepitreal,1,1,2
keepitup,0,1,1
keepn,1,3,4
keepon,0,1,1
keepong,1,0,1
keepp,0,1,1
keeps,1570,582,2152
keepsafe,0,1,1
keepsake,1,3,4
keepsakes,0,1,1
keepst,0,1,1
keept,1,1,2
keepup,1,0,1
keepwaking,1,0,1
keepwatchin,0,1,1
keepy,0,1,1
keepya,0,1,1
keepyour,1,0,1
keepz,1,0,1
keeque,1,0,1
keer,0,1,1
keera,0,1,1
keerrrii,0,1,1
keerstin,0,1,1
kees,2,1,3
keesh,1,0,1
keesha,2,1,3
keeshounds,0,1,1
keesj,0,1,1
keeta,0,1,1
keetab,1,0,1
keetoom,2,0,2
keets,0,1,1
keeva,0,1,1
keeviiiinnn,0,1,1
keey,1,0,1
keeys,0,1,1
keezhadangiyirikkunnu,0,1,1
keezy,1,2,3
kef,1,0,1
kefa,0,1,1
kefe,1,0,1
kefir,4,3,7
kefka,0,1,1
keft,1,0,1
keg,20,14,34
kegan,2,0,2
kegelbahn,0,1,1
kegels,0,1,1
kegerator,3,2,5
kegg,1,0,1
kegger,4,4,8
keggers,1,0,1
kegging,0,1,1
keggy,1,0,1
kegs,1,4,5
keh,6,1,7
kehabisan,1,1,2
kehe,0,1,1
kehhehehehe,0,1,1
kehkehkehkeh,0,1,1
kehl,0,1,1
kehlys,0,1,1
kehna,0,1,1
kehnay,0,1,1
kehnite,0,1,1
kei,1,7,8
keia,1,0,1
keianna,1,0,1
keibler,0,1,1
keif,1,0,1
keifer,2,1,3
keiffer,0,1,1
keighley,2,4,6
keight,0,1,1
keiji,2,1,3
keikei,1,0,1
keiki,1,2,3
keiko,2,7,9
keil,0,1,1
keila,1,2,3
keiligirl,1,0,1
keilonnor,0,1,1
kein,3,2,5
keine,9,6,15
keinget,1,1,2
keiona,1,0,1
keips,0,1,1
keir,1,2,3
keira,4,7,11
keiran,1,2,3
keiron,0,1,1
keirs,0,1,1
keiser,0,3,3
keisha,5,12,17
keishaaa,1,0,1
keishafn,0,1,1
keishas,1,0,1
keishka,0,1,1
keisi,1,1,2
keisthers,0,1,1
keit,0,1,1
keitai,1,0,1
keith,98,141,239
keitha,0,1,1
keithe,1,0,1
keithington,1,0,1
keiths,3,0,3
keithy,0,1,1
keito,0,1,1
keiu,1,0,1
keivn,0,1,1
kejal,1,0,1
kejam,0,1,1
kejang,1,0,1
kejatohan,0,1,1
keje,2,0,2
kejebak,1,0,1
kejepit,0,1,1
kejer,1,0,1
kejetit,1,0,1
kejsarn,3,0,3
kek,1,1,2
keka,1,0,1
kekai,0,1,1
kekdlfoiodlelld,0,1,1
keke,5,10,15
kekejar,1,0,1
kekeke,1,4,5
kekekeke,0,3,3
kekenut,1,0,1
kekenyangan,1,0,1
keki,1,0,1
kekk,0,1,1
kekkkk,1,0,1
kekny,2,0,2
keknya,0,2,2
kekoa,1,1,2
kekule,0,1,1
kekura,0,1,1
kekurangan,1,0,1
kel,23,28,51
kela,2,1,3
kelam,0,1,1
kelamaan,2,0,2
kelan,3,8,11
kelana,0,1,1
kelangan,1,2,3
kelantan,3,1,4
kelapa,2,2,4
kelaperan,0,1,1
kelar,2,2,4
kelas,3,3,6
kelasmu,0,1,1
kelbell,1,0,1
kelbi,0,1,1
kelby,4,3,7
kelch,0,1,1
kelci,2,2,4
kelcie,0,2,2
kelcy,1,0,1
kelder,0,1,1
keleka,0,1,1
kelena,1,0,1
kelevrauk,0,1,1
kelheim,0,1,1
kelhen,1,0,1
keli,1,7,8
kelian,2,0,2
keliatan,0,3,3
kelila,0,1,1
keliling,0,1,1
kelindes,1,0,1
kelis,12,3,15
keliyai,1,0,1
kelkar,0,1,1
kelkheim,0,1,1
kelkins,1,0,1
kell,7,10,17
kella,1,2,3
kellamity,0,1,1
kellan,15,35,50
kellbell,0,2,2
kelle,2,2,4
kellee,0,1,1
kellehmarie,0,1,1
kellen,3,3,6
kellenburg,0,1,1
keller,6,18,24
kellers,1,0,1
kellerz,0,1,1
kelley,12,16,28
kelleys,1,0,1
kelli,9,38,47
kelliann,1,0,1
kellidaisy,1,0,1
kellie,18,48,66
kelliee,0,1,1
kelliott,1,0,1
kellis,1,1,2
kellllyyyy,1,0,1
kellly,0,1,1
kelllys,1,1,2
kelllyyy,1,0,1
kello,0,1,1
kellogg,2,6,8
kelloggs,4,8,12
kellogs,1,2,3
kells,1,9,10
kellus,0,1,1
kelly,215,390,605
kellyclarkson,0,1,1
kellyg,0,2,2
kellyk,0,1,1
kellykellly,0,1,1
kellykellyreid,0,1,1
kellylove,0,1,1
kellynn,0,1,1
kellyofficial,1,0,1
kellys,12,6,18
kellyvengeance,1,0,1
kellyville,0,2,2
kellyy,0,1,1
kellyyy,0,2,2
kellyyyy,0,1,1
kellz,2,2,4
kelman,1,0,1
keln,0,1,1
keloid,0,1,1
kelosing,1,0,1
kelowa,1,0,1
kelowna,6,4,10
kelp,3,0,3
kelpie,1,1,2
kelps,0,1,1
kels,16,29,45
kelsea,2,3,5
kelsee,1,0,1
kelsen,1,0,1
kelsenator,0,1,1
kelsey,25,75,100
kelseyroxanne,0,1,1
kelseys,1,4,5
kelseytequila,1,0,1
kelseyy,1,2,3
kelseyyy,0,1,1
kelsi,1,3,4
kelsie,3,5,8
kelsipoodle,0,1,1
kelskels,0,1,1
kelslaws,0,1,1
kelso,7,3,10
kelson,0,1,1
kelster,0,1,1
kelsway,1,0,1
kelsy,1,2,3
keltie,3,2,5
keltin,1,0,1
kelton,1,0,1
keluar,5,0,5
keluarga,2,1,3
kelulusan,1,0,1
kelvedon,1,0,1
kelvim,1,0,1
kelvin,6,11,17
kelvingrove,4,2,6
kelvins,2,1,3
kelye,1,0,1
kelz,1,4,5
kelzkitchen,1,0,1
kem,0,6,6
kema,1,1,2
kemah,3,2,5
kemakan,0,1,1
kemal,1,0,1
kemalasan,0,1,1
kemaman,1,0,1
kemampuan,0,1,1
kemana,4,2,6
kemang,6,9,15
kemaren,2,4,6
kemarin,2,1,3
kemas,0,1,1
kematian,0,1,1
kembaran,0,1,1
kembla,0,1,1
kemble,2,0,2
kemeja,0,1,1
kemfunan,1,0,1
kemie,1,0,1
kemnade,1,0,1
kemnay,0,1,1
kemo,1,0,1
kemonart,0,1,1
kemontre,0,1,1
kemp,12,11,23
kemper,1,0,1
kempinski,0,1,1
kempo,0,1,1
kemponan,1,0,1
kempton,0,2,2
kemudian,1,0,1
kemunting,1,0,1
ken,61,77,138
kena,16,12,28
kenab,0,1,1
kenady,1,0,1
kenal,0,6,6
kenalan,0,1,1
kenan,2,4,6
kenangan,0,1,1
kenapa,14,3,17
kenapanya,1,0,1
kenaston,1,0,1
kenbai,0,1,1
kencell,1,0,1
kenceng,0,1,1
kenda,1,0,1
kendal,4,3,7
kendall,10,17,27
kendalla,0,1,1
kendalll,0,1,1
kendallllllll,1,0,1
kendallyn,1,0,1
kendals,0,1,1
kendankicks,1,0,1
kende,0,1,1
kendell,0,1,1
kender,0,2,2
kendig,0,1,1
kendo,4,3,7
kendra,36,56,92
kendras,3,0,3
kendrick,4,0,4
kendrickkkk,0,1,1
kendricks,0,1,1
kendrik,1,0,1
kends,2,0,2
kenduri,1,2,3
kendy,0,1,1
kendyl,2,0,2
kendyll,1,0,1
kendz,0,1,1
kene,5,2,7
kenedys,0,1,1
kenelizabethdrag,1,0,1
kenetria,0,1,1
kenfriend,0,1,1
keng,0,1,1
keni,3,1,4
kenia,0,1,1
kenichi,2,1,3
kenickie,1,1,2
kenilworth,1,1,2
kenin,0,1,1
keningau,2,0,2
kenisha,0,1,1
kenjhons,0,1,1
kenji,4,3,7
kenjiii,0,1,1
kenke,0,1,1
kenloch,0,1,1
kenmare,1,0,1
kenmore,7,3,10
kenn,1,1,2
kenna,2,4,6
kennadi,0,1,1
kennady,0,1,1
kennah,1,0,1
kennan,0,1,1
kennaugh,0,1,1
kennay,1,0,1
kenndy,0,1,1
kenne,0,1,1
kennebunk,1,0,1
kennebunkport,0,1,1
kennedale,0,1,1
kennediiii,0,1,1
kennedy,49,39,88
kennedys,0,2,2
kennedyyyyyyy,1,0,1
kennedyyyyyyyy,0,1,1
kennel,30,13,43
kenneled,0,1,1
kennels,11,6,17
kennerly,1,0,1
kennesaw,4,6,10
kennessaw,1,0,1
kennet,1,0,1
kenneth,17,16,33
kennethcopelandisright,0,1,1
kenneths,0,1,1
kennethxvanity,1,0,1
kennethy,1,0,1
kennett,1,1,2
kennewick,0,1,1
kennewickrescue,0,1,1
kenney,2,3,5
kenni,1,0,1
kennilworth,0,1,1
kennington,0,1,1
kennis,0,1,1
kennismiddag,0,1,1
kenno,2,0,2
kennon,0,1,1
kennot,1,0,1
kennst,0,1,1
kenny,75,119,194
kennychesney,1,0,1
kennyi,1,1,2
kennykins,1,0,1
kennys,0,2,2
kennysavage,0,1,1
kennywood,8,15,23
keno,2,5,7
kenobi,1,0,1
kenora,1,2,3
kenosha,1,1,2
kenot,1,0,1
kenowhere,0,1,1
kenpo,5,4,9
kenpox,1,0,1
kens,8,0,8
kensai,0,1,1
kenseth,3,0,3
kensey,0,1,1
kenshin,2,2,4
kensie,0,1,1
kensington,6,9,15
kensingtons,0,1,1
kent,54,38,92
kenta,0,1,1
kentaco,1,0,1
kentang,1,0,1
kentaro,1,0,1
kentaur,0,1,1
kentia,1,0,1
kenting,1,0,1
kentland,1,0,1
kentmere,0,1,1
kenton,3,4,7
kentucky,70,61,131
kentuckyderby,1,0,1
kentut,3,2,5
kentville,0,1,1
kentwood,0,1,1
kenucky,1,0,1
kenwood,2,2,4
kenworth,1,0,1
keny,0,1,1
kenya,16,25,41
kenyan,6,4,10
kenyang,0,1,1
kenyangg,0,1,1
kenyans,0,1,1
kenyatta,1,0,1
kenyon,4,1,5
kenz,4,6,10
kenza,0,1,1
kenzi,1,2,3
kenzie,11,17,28
kenzieance,1,0,1
kenzielicious,1,0,1
kenzies,0,1,1
kenzilla,1,0,1
kenzo,0,4,4
kenzzz,1,0,1
kenzzzzzzz,0,1,1
keo,1,4,5
keogh,0,1,1
keon,1,3,4
keonashay,1,0,1
keone,0,1,1
keong,1,3,4
keoni,2,0,2
keonia,0,1,1
keotacidosis,1,0,1
keough,0,1,1
kep,2,1,3
kepala,3,1,4
kepe,0,1,1
kepikiran,0,1,1
keping,1,1,2
keplar,1,0,1
kepler,1,1,2
kepner,1,0,1
kepo,0,2,2
kepompong,0,2,2
keponakan,1,0,1
kepong,1,0,1
keposakepoaskpeosakea,0,1,1
kepp,1,3,4
keppel,0,1,1
keppet,0,1,1
kepping,1,1,2
kepps,1,0,1
keps,3,0,3
kept,714,399,1113
kepto,1,0,1
ker,4,10,14
kera,0,1,1
kerajaan,1,0,1
kerajinan,1,0,1
kerala,17,9,26
keralam,0,1,1
keralathinu,1,0,1
keralite,0,1,1
keralites,0,1,1
keram,1,0,1
keramaaass,1,0,1
kerang,1,1,2
kerap,1,0,1
keras,0,1,1
kerasa,1,0,1
kerastase,0,1,1
keratase,1,0,1
keratin,2,2,4
keraunophobia,1,0,1
kerb,2,1,3
kerbear,1,0,1
kerbed,1,0,1
kerberos,1,0,1
kerbey,2,1,3
kerbobbled,1,0,1
kerbstone,1,0,1
kerbusted,1,0,1
kerby,1,0,1
kerching,0,1,1
kerchoons,1,0,1
kerchoonz,1,0,1
kerck,0,1,1
kere,0,1,1
keredcast,0,1,1
kereeeen,0,1,1
kereen,0,3,3
kerekeit,1,0,1
kerel,0,2,2
kerela,1,0,1
kerem,1,2,3
kereme,0,1,1
keren,4,8,12
kerenina,0,1,1
kerfluffel,1,0,1
kerflunkle,0,1,1
kerfuffle,0,1,1
keri,53,64,117
keria,5,1,6
kerian,0,1,1
kerida,1,0,1
kerihilson,0,1,1
kerin,1,0,1
kering,1,1,2
keringatan,1,0,1
kerio,2,0,2
kerja,6,1,7
kerjaaaaaaaaa,1,0,1
kerjaan,4,2,6
kerjanya,1,0,1
kerk,2,2,4
kerkez,0,1,1
kerkyra,1,0,1
kerl,0,1,1
kerli,0,3,3
kerline,1,0,1
kerman,0,1,1
kermesse,1,0,1
kermie,1,1,2
kermiiiiiiiiit,1,0,1
kermit,8,12,20
kermitcard,0,1,1
kermitting,1,0,1
kermode,1,1,2
kern,2,8,10
kernal,1,1,2
kernals,1,0,1
kernel,21,13,34
kernelland,0,1,1
kernels,0,1,1
kernick,0,1,1
kerning,1,2,3
kernow,1,0,1
kerns,1,0,1
kero,1,1,2
keroauconacid,0,1,1
kerokerokeroppi,0,1,1
keron,1,0,1
keroro,0,1,1
kerosene,1,3,4
kerouac,1,2,3
kerozen,1,0,1
kerpin,1,0,1
kerplexed,1,0,1
kerr,7,4,11
kerrang,15,37,52
kerren,0,1,1
kerri,9,16,25
kerrie,6,8,14
kerrigan,0,1,1
kerrihanna,0,1,1
kerrilee,0,1,1
kerrin,0,2,2
kerrins,0,1,1
kerris,1,1,2
kerrisdale,1,0,1
kerrod,1,0,1
kerrrrezehh,1,0,1
kerrrrrrrrry,0,1,1
kerrville,0,1,1
kerry,41,46,87
kerryman,0,1,1
kerryn,1,0,1
kerrys,1,1,2
kers,5,3,8
kersal,1,0,1
kershaw,2,3,5
kersplode,0,1,1
kersti,1,0,1
kerstin,0,3,3
kerstings,0,1,1
kert,0,1,1
kertas,1,0,1
kerudung,1,0,1
keruoac,0,1,1
kerys,1,0,1
keryx,0,1,1
kes,2,4,6
kesa,1,0,1
kesalllllll,1,0,1
kesampean,1,1,2
kesana,3,0,3
kesanaaaa,1,0,1
kesayangan,1,0,1
kesc,3,0,3
kesdave,1,0,1
kesederhanaan,0,1,1
kesehatan,0,2,2
kesekian,1,0,1
kesel,8,1,9
keselowski,0,1,1
kesenian,1,0,1
keseringan,0,1,1
kesfeh,0,1,1
kesh,0,2,2
kesha,0,5,5
keshav,0,1,1
keshia,2,4,6
keshialee,1,0,1
keshian,1,0,1
keshkesh,1,0,1
kesho,0,2,2
kesian,5,3,8
kesiangan,1,0,1
kesiannnn,1,0,1
kesini,2,1,3
keskus,0,1,1
kesley,1,1,2
kesmoodle,1,0,1
keso,1,0,1
kesong,0,1,1
kess,1,1,2
kessel,4,0,4
kessi,3,0,3
kessler,1,1,2
kester,1,0,1
kesti,0,1,1
kestra,0,1,1
kestrel,2,1,3
kestrels,1,0,1
kesulitan,1,0,1
keswick,3,3,6
ket,2,1,3
ketan,1,0,1
ketangkap,1,0,1
ketapang,0,2,2
ketauan,2,1,3
ketauann,1,0,1
ketboard,0,2,2
ketch,1,0,1
ketchikan,2,0,2
ketchop,0,1,1
ketchum,0,1,1
ketchup,48,69,117
ketchuppppp,0,1,1
ketchups,0,1,1
kete,0,1,1
ketebus,0,1,1
keteer,1,0,1
ketei,0,1,1
ketek,1,0,1
ketel,1,1,2
ketemu,7,8,15
ketemuuuu,1,0,1
ketergantungan,1,0,1
kether,1,0,1
kethryvis,0,1,1
ketiduran,0,1,1
ketik,1,0,1
ketika,0,1,1
ketinggalan,1,0,1
ketinggalantah,0,1,1
ketipu,0,1,1
ketley,0,1,1
ketman,1,0,1
keto,0,1,1
ketone,1,0,1
ketones,1,0,1
ketoprak,1,1,2
kets,1,0,1
ketschup,0,1,1
ketsia,1,0,1
ketsup,1,0,1
kettathukaporam,0,1,1
kettering,3,0,3
kettle,59,55,114
kettlebell,6,11,17
kettlebells,4,6,10
kettlecorn,0,4,4
kettlehouse,0,1,1
kettleman,1,0,1
kettles,1,3,4
kettley,0,1,1
kettners,0,1,1
ketuaaa,1,0,1
ketubah,0,1,1
ketularan,3,0,3
keturie,0,1,1
keturunan,1,0,1
kety,0,1,1
ketzup,0,1,1
keuka,1,0,1
keukenhof,0,1,1
keumala,0,1,1
keurig,3,4,7
kev,43,64,107
keva,2,1,3
kevan,2,0,2
kevdev,0,1,1
keve,0,1,1
keven,0,3,3
kevi,0,2,2
kevick,0,1,1
kevie,1,0,1
keviiin,1,0,1
keviin,1,1,2
kevilindo,0,1,1
kevin,333,474,807
kevingarnett,0,1,1
kevinhart,1,0,1
kevinjonas,20,66,86
kevinl,2,0,2
kevinlove,1,0,1
kevinn,1,1,2
kevinngoo,0,1,1
kevinnn,0,1,1
kevinnnnnnn,0,1,1
kevinnnnnnnnnnnnnnnnnnnnnnnnn,1,0,1
kevinpm,0,1,1
kevinpollakshow,1,0,1
kevinprince,1,0,1
kevinrose,1,1,2
kevins,5,13,18
kevinspacey,0,1,1
kevinstuff,0,1,1
kevish,0,1,1
kevjumb,0,1,1
kevjumba,1,3,4
kevjumbaa,0,1,1
kevlar,0,3,3
kevling,1,0,1
kevo,2,2,4
kevoooooo,1,0,1
kevorkian,0,1,1
kevro,1,0,1
kevs,2,0,2
kevviiis,1,0,1
kevvvvvv,0,1,1
kevvy,3,0,3
kevy,4,1,5
kevyn,0,1,1
kew,7,5,12
kewadin,0,1,1
kewajiban,0,1,1
kewanee,1,0,1
kewel,1,0,1
kewell,1,0,1
kewiki,0,1,1
kewl,33,126,159
kewler,0,2,2
kewlest,0,1,1
kewli,0,1,1
kewlies,0,1,1
kewlio,0,1,1
kewll,1,1,2
kewllios,0,1,1
kewlll,0,2,2
kewllll,0,1,1
kewllllll,0,1,1
kewlness,0,1,1
kewpee,0,1,1
kewt,1,2,3
kewtboy,1,1,2
kewwl,0,1,1
kexp,0,1,1
kext,1,1,2
key,433,413,846
keya,2,0,2
keyah,1,0,1
keyana,0,1,1
keyanna,0,1,1
keybabs,1,0,1
keybd,0,1,1
keybeeen,0,1,1
keybindings,0,1,1
keyboaaaarrdd,0,1,1
keyboard,391,284,675
keyboardcat,1,0,1
keyboardd,1,0,1
keyboarded,0,1,1
keyboarder,0,1,1
keyboarding,5,4,9
keyboards,28,25,53
keyboasrd,0,1,1
keyborad,1,0,1
keybord,4,1,5
keybrd,1,0,1
keycard,1,0,1
keycards,1,0,1
keychain,29,15,44
keychainnn,0,1,1
keychains,2,4,6
keycode,2,0,2
keycombo,1,0,1
keydown,0,1,1
keyed,11,2,13
keyen,1,0,1
keyes,2,3,5
keygen,1,1,2
keygenkeyg,0,1,1
keygens,0,1,1
keyh,0,1,1
keyholder,1,0,1
keyhole,3,4,7
keyifliyim,0,1,1
keyimagery,0,1,1
keying,2,0,2
keyka,0,1,1
keykaa,0,1,1
keykey,1,0,1
keyko,1,0,1
keyla,0,1,1
keylargo,0,1,1
keyless,0,1,1
keylight,0,1,1
keylime,0,2,2
keylogger,0,1,1
keymaster,1,0,1
keynes,20,14,34
keynestock,0,1,1
keynote,52,71,123
keynoter,0,1,1
keynotes,7,4,11
keynsham,1,0,1
keyo,1,0,1
keypad,11,14,25
keypads,3,1,4
keypaths,0,1,1
keypoint,0,1,1
keypress,0,1,1
keyquest,1,0,1
keyring,7,6,13
keyrings,0,3,3
keys,395,221,616
keysh,1,1,2
keysha,0,3,3
keyshia,15,18,33
keysinmahcar,1,0,1
keyskills,1,0,1
keyss,0,1,1
keystation,1,0,1
keystone,3,6,9
keystroke,2,1,3
keystrokes,1,2,3
keytar,2,4,6
keytrain,1,0,1
keyword,16,37,53
keywording,1,2,3
keywords,17,18,35
keywurl,0,1,1
keyy,2,2,4
keyyy,0,1,1
keyyyy,1,0,1
keyyyyyyyyyys,0,1,1
keyyyyyyyyyyy,1,0,1
keyz,1,0,1
kez,3,3,6
kezia,3,1,4
keziah,0,2,2
kezo,1,0,1
kezza,1,2,3
kezzie,0,1,1
kezzy,0,1,1
kezzzzzzzzzzzz,0,1,1
kf,4,3,7
kface,1,0,1
kfan,1,0,1
kfanyc,0,1,1
kfar,1,0,1
kfc,135,102,237
kfcphilippines,0,1,1
kfcs,0,3,3
kfdsajfasfnlskj,1,0,1
kfed,2,1,3
kfedz,1,0,1
kfest,5,7,12
kfff,1,0,1
kfi,0,1,1
kfir,0,1,1
kfjhds,1,0,1
kfk,1,0,1
kfm,2,2,4
kfn,1,1,2
kfog,2,0,2
kfood,1,0,1
kfox,1,0,1
kfp,2,0,2
kfr,1,0,1
kft,0,1,1
kftw,1,0,1
kftx,1,0,1
kg,87,78,165
kgb,1,3,4
kgbs,1,0,1
kgc,2,1,3
kgf,0,1,1
kgffs,0,1,1
kghkls,1,0,1
kgjkcvhjvhkj,0,1,1
kgjkghjfhgj,1,0,1
kgmb,0,3,3
kgn,1,0,1
kgo,1,0,1
kgood,0,1,1
kgp,5,0,5
kgrad,0,1,1
kgs,12,10,22
kgsr,0,1,1
kgv,2,1,3
kgw,1,0,1
kgws,1,0,1
kgx,1,0,1
kh,86,58,144
kha,1,4,5
khaaaaan,2,0,2
khaaaan,0,1,1
khaana,0,1,1
khaansing,1,0,1
khaate,0,1,1
khabar,0,1,1
khac,1,1,2
khacked,1,0,1
khackis,0,1,1
khadama,1,0,1
khade,0,1,1
khadija,2,0,2
khadijah,1,0,1
khadime,1,0,1
khadki,0,1,1
khadr,0,1,1
khadra,0,1,1
khafiyen,0,1,1
khai,2,2,4
khail,1,0,1
khaimah,1,0,1
khair,2,2,4
khairatabad,0,1,1
khairiat,0,1,1
khairul,0,1,1
khairy,0,1,1
khaki,6,2,8
khakis,2,1,3
khakki,0,1,1
khal,3,0,3
khala,1,1,2
khalas,2,2,4
khaled,1,3,4
khalee,0,1,1
khaleejesque,0,1,1
khaleek,0,1,1
khaleil,1,0,1
khalel,1,0,1
khalen,0,1,1
khali,0,2,2
khalid,0,2,2
khalids,0,1,1
khalifa,0,1,1
khalil,0,2,2
khalimah,0,1,1
khalisah,1,0,1
khalisha,1,0,1
khalte,1,0,1
khamanei,1,0,1
khamee,1,0,1
khameini,1,0,1
khameneh,0,1,1
khamenei,24,0,24
khameni,1,0,1
khamis,0,1,1
khan,13,28,41
khana,0,2,2
khanada,0,1,1
khandvi,0,1,1
khanh,0,2,2
khanhtoan,1,0,1
khanish,1,0,1
khanna,0,1,1
khannnnn,0,1,1
khanoom,0,1,1
khans,0,1,1
khansama,1,0,1
khanwars,0,1,1
khao,1,4,5
khaos,1,0,1
khaosarn,0,1,1
khaosatl,1,0,1
khara,1,0,1
kharab,2,0,2
kharach,0,1,1
kharagpur,1,0,1
kharbanda,0,1,1
khareedna,0,1,1
kharen,0,1,1
kharghar,1,0,1
khari,0,1,1
kharina,0,1,1
kharma,1,0,1
kharmas,1,0,1
khary,1,0,1
khas,1,1,2
khashoggi,1,0,1
khasi,0,1,1
khast,1,0,1
khastam,1,0,1
khaste,0,1,1
khasteh,0,1,1
khatam,1,0,1
khateebs,1,0,1
khatija,1,0,1
khatz,0,1,1
khaw,0,1,1
khayaal,0,1,1
khayal,0,1,1
khayer,0,1,1
khayr,0,1,1
khayyam,0,2,2
khayyat,1,0,1
khazi,0,1,1
khb,1,0,1
khbr,0,1,1
khctc,1,0,1
khdrn,1,0,1
khds,1,0,1
khe,0,2,2
khea,1,0,1
khed,1,0,1
khedra,0,1,1
kheema,0,2,2
khei,0,1,1
khekhe,0,1,1
kheleia,0,1,1
khelo,1,0,1
khemu,0,1,1
khen,1,3,4
kheng,1,0,1
khepera,0,1,1
kher,0,1,1
kheyann,0,1,1
kheyli,1,0,1
khh,1,0,1
khhute,0,1,1
khi,9,11,20
khia,3,3,6
khiamme,0,1,1
khian,1,0,1
khiara,1,0,1
khichadi,0,1,1
khichdi,1,0,1
khiels,1,0,1
khien,1,0,1
khiiiiiaaaaaa,0,1,1
khikhikhi,0,1,1
khilg,1,0,1
khilla,0,1,1
khilwaar,0,1,1
khimjejung,0,1,1
khinh,1,0,1
khinny,0,1,1
khir,0,1,1
khirshapati,0,1,1
khit,2,1,3
khj,1,1,2
khk,0,1,1
khl,2,0,2
khla,1,0,1
khleo,0,1,1
khlg,1,0,1
khlo,2,2,4
khloe,21,38,59
khloek,1,0,1
khlow,0,1,1
khmer,2,1,3
khmers,1,0,1
khmm,0,1,1
kho,13,5,18
khoa,1,2,3
khoan,0,2,2
khob,1,2,3
khoba,0,1,1
khobar,2,0,2
khobez,0,1,1
khoder,0,1,1
khoe,1,0,1
khoi,3,0,3
khol,1,0,1
khole,0,2,2
kholee,0,1,1
khols,1,3,4
khomani,1,0,1
khon,0,1,1
khong,5,4,9
khonnor,0,1,1
khons,0,1,1
khonsu,0,1,1
khoo,1,2,3
khoob,1,0,1
khoon,0,1,1
khoor,1,0,1
khor,1,0,1
khordam,0,1,1
khoresh,0,1,1
khorovats,1,0,1
khota,1,0,1
khoud,1,0,1
khp,1,0,1
khpon,1,0,1
khqa,1,0,1
khr,2,1,3
khran,1,0,1
khris,2,0,2
khristele,1,0,1
khristina,1,3,4
khristy,1,0,1
khrushchev,0,1,1
khrys,1,0,1
khrysta,1,0,1
khs,3,2,5
khsa,0,1,1
kht,1,1,2
khu,1,1,2
khub,1,0,1
khud,0,2,2
khul,1,0,1
khulasah,1,0,1
khumbu,0,1,1
khumeini,2,0,2
khun,0,2,2
khuong,0,1,1
khush,1,3,4
khushboo,1,0,1
khushi,0,1,1
khusus,0,1,1
khuuuuuuub,1,0,1
khuya,1,1,2
khvorykh,0,1,1
khwahish,0,1,1
khwahishen,0,1,1
khy,2,1,3
khyal,0,1,1
khyi,0,1,1
khyler,1,0,1
khyra,1,0,1
khyts,0,1,1
khyy,1,0,1
khz,2,6,8
ki,48,63,111
kia,20,21,41
kiah,1,3,4
kiai,1,0,1
kiam,0,1,1
kiama,0,4,4
kiampong,1,0,1
kiamuy,0,1,1
kian,6,9,15
kiana,4,6,10
kiandra,0,1,1
kiang,1,0,1
kiani,0,1,1
kianna,0,5,5
kianty,1,0,1
kianxx,0,1,1
kiar,0,1,1
kiara,9,13,22
kiaras,1,1,2
kiarong,0,1,1
kias,1,1,2
kiasi,0,1,1
kiasu,1,0,1
kiat,0,1,1
kiau,1,0,1
kiawah,0,3,3
kiay,0,1,1
kiba,1,1,2
kibbel,0,1,1
kibbeling,0,1,1
kibbelingetje,0,1,1
kibbles,0,1,1
kibbutz,1,1,2
kibe,0,1,1
kibito,1,0,1
kibitzer,1,0,1
kibler,1,0,1
kibo,0,2,2
kibosh,3,1,4
kibrick,0,1,1
kibs,0,1,1
kibum,5,2,7
kibutz,1,0,1
kic,1,2,3
kicevo,0,1,1
kiche,0,1,1
kichen,2,0,2
kici,1,0,1
kick,591,861,1452
kicka,1,0,1
kickable,0,1,1
kickabout,1,1,2
kickapps,1,0,1
kickaround,1,0,1
kickarse,0,2,2
kickass,13,63,76
kickassssss,0,1,1
kickback,6,12,18
kickball,31,23,54
kickboarding,0,1,1
kickbox,1,3,4
kickboxing,25,34,59
kickbutt,0,1,1
kickbxing,0,1,1
kickd,3,0,3
kickdrum,0,1,1
kicked,567,272,839
kickedddd,0,1,1
kicken,3,3,6
kicker,4,4,8
kickers,2,1,3
kickette,0,1,1
kickflip,0,1,1
kickiiinnnnn,1,0,1
kickiin,0,1,1
kickin,82,92,174
kickind,0,1,1
kicking,310,268,578
kickingandscreaming,0,1,1
kickingg,0,1,1
kickinnn,1,0,1
kickinq,1,2,3
kickit,1,0,1
kickk,0,1,1
kickkinnn,0,1,1
kickky,0,1,1
kickn,2,1,3
kickoff,8,19,27
kickpants,0,2,2
kickrockmusic,0,1,1
kicks,127,173,300
kicksass,0,1,1
kicksbutt,0,1,1
kickstart,4,8,12
kickstarting,0,2,2
kickstartz,0,1,1
kickstrt,0,1,1
kickups,1,0,1
kicky,4,0,4
kickyoutube,1,1,2
kictehn,0,1,1
kicthen,1,0,1
kicx,0,1,1
kid,1099,1160,2259
kida,0,1,1
kidani,1,0,1
kidapalooza,0,1,1
kidcity,0,1,1
kidcudi,1,0,1
kidd,14,26,40
kidda,2,0,2
kiddd,0,2,2
kidddd,1,2,3
kiddddddddding,0,1,1
kiddddding,0,1,1
kiddddiinnnggg,0,1,1
kidddds,1,0,1
kidddies,1,0,1
kiddding,1,1,2
kidddingg,0,1,1
kidddinggg,1,0,1
kidddos,0,1,1
kidded,1,0,1
kidden,0,1,1
kiddens,1,1,2
kidderminster,0,1,1
kidders,1,0,1
kiddes,0,2,2
kiddi,1,0,1
kiddie,10,21,31
kiddieish,0,1,1
kiddies,59,88,147
kiddiessss,0,1,1
kiddilies,0,1,1
kiddin,27,59,86
kidding,570,794,1364
kiddingg,2,4,6
kiddinggg,1,2,3
kiddingggggg,1,0,1
kiddink,0,1,1
kiddinngg,1,0,1
kiddinnn,1,0,1
kiddish,1,2,3
kiddkraddic,0,1,1
kiddkraddice,1,0,1
kiddkraddick,1,0,1
kiddles,1,1,2
kiddlets,1,1,2
kiddling,1,0,1
kiddlive,4,6,10
kiddman,0,1,1
kiddnation,1,0,1
kiddng,0,1,1
kiddo,95,98,193
kiddoe,1,0,1
kiddoes,1,1,2
kiddoh,0,1,1
kiddos,65,120,185
kidds,2,5,7
kiddshow,1,0,1
kiddush,0,1,1
kiddy,11,10,21
kiddying,0,1,1
kiddys,0,2,2
kiddywinks,0,1,1
kidgits,1,0,1
kidh,0,1,1
kidhar,0,1,1
kididng,0,1,1
kidiiiiiiiiiiiiin,1,0,1
kidik,2,1,3
kidin,1,1,2
kiding,2,4,6
kidjo,0,2,2
kidkradic,1,0,1
kidless,2,3,5
kidlet,10,8,18
kidlets,5,7,12
kidlife,0,1,1
kidman,6,1,7
kidmin,0,4,4
kidn,0,1,1
kidna,1,1,2
kidnaaaaaap,1,0,1
kidnagarten,1,0,1
kidnap,45,36,81
kidnaped,0,1,1
kidnapp,1,0,1
kidnapped,37,34,71
kidnapper,2,0,2
kidnappers,0,1,1
kidnapping,14,12,26
kidnappings,1,0,1
kidnaps,1,2,3
kidney,138,21,159
kidneys,28,4,32
kidneystone,1,0,1
kidneythieves,0,1,1
kidneyzzz,1,0,1
kido,2,3,5
kidogo,0,1,1
kidoooo,0,1,1
kidos,0,2,2
kidoscomputer,0,1,1
kidpaddle,0,1,1
kidpower,0,1,1
kidquotes,0,1,1
kidrobot,2,0,2
kidrock,2,0,2
kids,2904,3035,5939
kidsare,1,0,1
kidscan,0,1,1
kidscleaning,0,1,1
kidscon,1,0,1
kidscrazy,0,1,1
kidsies,0,1,1
kidsis,0,1,1
kidsmin,1,0,1
kidson,1,1,2
kidspace,0,1,1
kidspring,0,2,2
kidsquest,1,0,1
kidss,2,3,5
kidsss,1,2,3
kidssss,1,1,2
kidsssss,1,0,1
kidssssssss,1,0,1
kidstech,0,1,1
kidston,0,1,1
kidstone,0,1,1
kidstuf,1,0,1
kidtokid,1,0,1
kidventure,0,1,1
kidz,12,24,36
kidzcity,1,0,1
kidzlife,0,1,1
kidzone,0,2,2
kidzui,0,1,1
kidzz,0,1,1
kie,0,3,3
kieereee,1,0,1
kiefer,1,12,13
kiefers,0,1,1
kieffer,0,1,1
kiehl,3,1,4
kiehls,0,1,1
kiehnholzfest,0,1,1
kiekie,1,0,1
kiel,7,6,13
kielbasa,0,4,4
kieler,1,0,1
kieli,1,0,1
kiely,4,3,7
kiem,1,1,2
kien,1,1,2
kient,1,0,1
kier,0,1,1
kiera,4,3,7
kieran,7,3,10
kieras,2,0,2
kieren,1,1,2
kieres,0,1,1
kierin,1,0,1
kierkegaard,0,1,1
kiernan,1,1,2
kiero,1,1,2
kieron,2,1,3
kierra,0,1,1
kiersten,2,2,4
kierstin,0,1,1
kiery,0,1,1
kies,2,3,5
kiesler,0,2,2
kiespijn,1,0,1
kietzke,0,1,1
kieu,1,1,2
kiev,0,13,13
kieven,1,0,1
kievs,1,1,2
kievtskroon,0,1,1
kiew,0,1,1
kiewit,1,0,1
kiewjfnfm,1,0,1
kif,1,0,1
kifejezetten,0,1,1
kiff,0,1,1
kiffe,1,0,1
kigali,1,0,1
kiggity,1,0,1
kigh,2,0,2
kight,1,0,1
kigs,0,1,1
kigurumi,1,0,1
kihei,0,1,1
kihkhikhi,1,0,1
kihla,1,0,1
kihogo,0,1,1
kii,0,3,3
kiickn,1,0,1
kiidd,0,1,1
kiiddiingg,1,0,1
kiidding,0,1,1
kiiidddies,1,0,1
kiiiidddd,0,1,1
kiiiiiiiiiisses,0,1,1
kiiiiiit,1,0,1
kiiiiill,1,0,1
kiiiiillliiinnnng,1,0,1
kiiiiim,0,1,1
kiiiiinda,1,0,1
kiiiiliig,0,1,1
kiiiilling,1,0,1
kiiiilllllled,1,0,1
kiiiinda,1,1,2
kiiiling,1,0,1
kiiilllliiiing,1,0,1
kiiimmm,0,1,1
kiiinda,1,1,2
kiiing,1,0,1
kiiksz,1,0,1
kiiled,1,0,1
kiime,1,0,1
kiimi,0,1,1
kiind,0,1,1
kiinda,2,0,2
kiing,0,1,1
kiings,0,1,1
kiinna,1,0,1
kiire,1,0,1
kiis,6,8,14
kiisfm,0,1,1
kiitos,0,4,4
kijana,0,1,1
kijang,0,1,1
kijken,0,2,2
kik,0,4,4
kika,0,2,2
kikay,0,1,1
kikayness,0,1,1
kikcked,1,0,1
kike,2,1,3
kiki,29,20,49
kikiam,1,0,1
kikibear,1,0,1
kikiboolovesyoo,0,1,1
kikies,0,1,1
kikiiii,0,1,1
kikilp,0,1,1
kikin,3,0,3
kiking,0,1,1
kikirowr,1,0,1
kikita,0,1,1
kikitasunris,0,1,1
kikki,0,2,2
kikko,0,1,1
kikkoman,1,0,1
kiko,7,4,11
kikombe,0,1,1
kikon,0,1,1
kikoo,0,1,1
kikos,0,1,1
kiks,0,3,3
kiku,0,4,4
kikuchio,0,1,1
kil,4,1,5
kila,0,3,3
kilala,0,2,2
kilarney,0,1,1
kilaumeet,1,0,1
kilbane,1,0,1
kilbourne,1,0,1
kilbride,1,3,4
kilburn,2,2,4
kilcher,0,1,1
kilcoy,1,0,1
kilcullen,0,1,1
kilda,7,11,18
kildare,3,2,5
kile,1,0,1
kileen,0,2,2
kiley,3,3,6
kilford,0,1,1
kili,0,1,1
kilian,0,1,1
kilians,1,1,2
kilig,3,8,11
kiligity,1,0,1
kilikili,1,0,1
kilimanjaro,2,2,4
kiling,5,2,7
kiljoy,1,0,1
kilkenny,9,9,18
kilkennys,1,0,1
kill,1493,721,2214
killa,9,12,21
killah,3,3,6
killahbell,0,1,1
killahzzzz,1,0,1
killall,0,1,1
killaqueenz,1,0,1
killarney,7,2,9
killarneys,0,1,1
killarrrrrrrrrr,1,0,1
killasean,1,0,1
killathons,0,1,1
killaz,0,1,1
killbot,1,0,1
killbride,1,0,1
killd,0,3,3
kille,1,1,2
killed,1054,276,1330
killeeeeed,1,0,1
killeeeeeeeeers,0,1,1
killeen,4,2,6
killen,3,0,3
killenny,1,0,1
killer,341,254,595
killerbeejays,0,1,1
killerbyte,0,2,2
killergames,1,0,1
killerheels,0,1,1
killerinstinct,0,1,1
killerpilze,0,1,1
killerr,1,0,1
killerrr,3,0,3
killerrrr,1,0,1
killers,148,118,266
killersa,0,1,1
killes,0,1,1
killex,0,1,1
killhouse,0,1,1
killi,0,1,1
killian,0,2,2
killians,2,1,3
killie,2,1,3
killied,0,1,1
killig,1,0,1
killiiiing,0,1,1
killiiinnn,0,1,1
killiinggg,1,0,1
killilng,1,0,1
killin,167,57,224
killing,1654,311,1965
killingg,1,0,1
killinggg,4,1,5
killingggg,0,2,2
killinggggg,1,0,1
killings,10,3,13
killingsworth,0,1,1
killington,2,0,2
killinn,1,0,1
killinnng,1,0,1
killinnnggggg,1,0,1
killinnnnn,0,1,1
killinq,3,0,3
killionaire,0,1,1
killiong,1,0,1
killish,0,1,1
killjoy,3,0,3
killl,3,0,3
killlerrr,0,1,1
killlin,1,0,1
killling,2,1,3
killlinggg,2,0,2
killll,2,1,3
killlla,0,1,1
killller,2,0,2
killllin,2,0,2
killlling,3,0,3
killlll,1,0,1
killllling,1,0,1
killlllinggggg,1,0,1
killllll,2,0,2
killlllled,0,1,1
killllller,1,0,1
killlllll,2,1,3
killllllled,0,1,1
killllllling,1,0,1
killllllll,1,0,1
killlllllll,1,0,1
killlllllllling,1,0,1
killllllllls,1,0,1
killlllllls,1,0,1
killlllllme,1,0,1
killllls,1,0,1
killllsssssssss,1,0,1
killln,1,0,1
killls,1,1,2
killmadmax,0,1,1
killme,1,0,1
killmenow,2,1,3
killn,4,1,5
killng,1,0,1
killo,0,1,1
killograms,0,1,1
killong,1,1,2
killoran,1,0,1
kills,273,98,371
killshot,1,0,1
killss,1,0,1
killsss,1,0,1
killssss,1,0,1
killsssssss,1,0,1
killswitch,2,5,7
killswtich,0,1,1
killt,0,1,1
killumbus,1,0,1
killuminati,1,0,1
killykeen,0,1,1
killyleagh,1,0,1
killyleigh,1,0,1
killyourself,0,2,2
killyourstereo,0,2,2
killzone,13,17,30
kilmacolm,1,0,1
kilmacud,1,0,1
kilmarnock,0,1,1
kilmer,1,0,1
kiln,4,10,14
kilner,0,1,1
kilnsey,0,1,1
kilo,10,10,20
kilobytes,0,1,1
kilogram,0,3,3
kilograms,0,1,1
kilojoules,1,0,1
kilometer,0,6,6
kilometeres,1,0,1
kilometers,4,6,10
kilometre,0,1,1
kilometres,4,6,10
kilos,11,9,20
kilowatts,0,1,1
kilpatrick,1,0,1
kilroys,0,2,2
kilss,0,1,1
kilsyth,1,0,1
kilt,11,9,20
kilted,0,1,1
kilter,3,3,6
kilteras,1,0,1
kiltmas,0,1,1
kilts,3,9,12
kilwinning,0,1,1
kilwins,1,0,1
kily,0,1,1
kilzar,1,0,1
kim,164,353,517
kima,2,0,2
kimalojado,0,1,1
kimb,1,0,1
kimba,2,4,6
kimball,2,3,5
kimballs,0,1,1
kimbeommie,0,1,1
kimber,2,3,5
kimberface,1,0,1
kimberlay,1,0,1
kimberlee,1,0,1
kimberley,6,8,14
kimberleys,1,0,1
kimberly,14,17,31
kimberlymehta,1,0,1
kimberlys,1,0,1
kimbo,3,11,14
kimbobly,0,1,1
kimbodonk,0,1,1
kimbois,0,1,1
kimbos,1,0,1
kimbot,0,2,2
kimbum,1,4,5
kimby,2,1,3
kimchee,0,2,2
kimchi,7,10,17
kimchiiiiiiiiiiii,0,1,1
kimda,0,1,1
kimerald,1,1,2
kimerley,1,0,1
kimerly,1,1,2
kimeth,1,0,1
kimgary,0,1,1
kimi,42,33,75
kimia,0,2,2
kimicream,0,1,1
kimikarma,0,1,1
kimikee,0,1,1
kimis,1,0,1
kimizzle,0,1,1
kimjoo,0,1,1
kimk,1,1,2
kimkardashian,1,1,2
kimkibum,1,0,1
kimkim,1,0,1
kimkims,1,1,2
kimkin,0,1,1
kimkoi,0,1,1
kimlyx,0,1,1
kimm,4,1,5
kimma,1,0,1
kimmay,1,0,1
kimmel,47,32,79
kimmell,1,0,1
kimmels,0,1,1
kimmer,0,1,1
kimmes,0,1,1
kimmi,3,7,10
kimmie,2,10,12
kimmieee,0,1,1
kimmiekream,0,1,1
kimmii,0,1,1
kimmm,0,1,1
kimmmm,1,1,2
kimmmmm,1,1,2
kimmmmmm,0,2,2
kimmo,0,1,1
kimmoinsanity,0,1,1
kimmoy,0,1,1
kimmuh,1,0,1
kimmy,22,31,53
kimmyboo,0,1,1
kimmykaye,1,0,1
kimmys,0,1,1
kimo,4,8,12
kimono,3,4,7
kimonos,1,0,1
kimora,3,15,18
kimoras,1,1,2
kimosabe,1,0,1
kimosave,0,1,1
kimpachie,1,0,1
kimpton,0,1,1
kimqsfqsf,0,1,1
kims,9,9,18
kimsherrell,0,1,1
kimster,1,1,2
kimura,1,2,3
kimya,1,4,5
kimyew,0,1,1
kin,34,24,58
kina,9,15,24
kinabalu,1,4,5
kinabolu,1,0,1
kinad,0,1,1
kinagrannis,0,1,1
kinah,0,1,1
kinakabahan,1,0,1
kinako,0,1,1
kinalabasan,0,1,1
kinalaman,0,1,1
kinane,0,1,1
kinas,0,1,1
kinaspace,0,1,1
kinatay,0,1,1
kination,0,1,1
kinba,0,1,1
kinbacon,0,1,1
kinbaku,0,1,1
kinbrook,1,0,1
kincaid,1,1,2
kincaids,0,1,1
kincaidston,0,1,1
kincardine,0,1,1
kinch,0,2,2
kinche,1,0,1
kincorth,1,0,1
kind,2027,2804,4831
kinda,3533,2442,5975
kindaa,9,8,17
kindaaa,3,0,3
kindaaaa,1,2,3
kindabummed,1,0,1
kindametalrock,0,1,1
kindasorta,1,0,1
kindave,1,0,1
kindd,1,0,1
kindda,12,9,21
kinddaa,1,1,2
kinddda,1,0,1
kinde,1,0,1
kindegarten,1,0,1
kindenss,0,1,1
kinder,31,21,52
kindergarden,11,6,17
kindergardenparty,0,1,1
kindergarten,42,35,77
kindergartener,4,0,4
kindergarteners,2,3,5
kindergartenerss,1,0,1
kindergartner,2,0,2
kindergartners,0,1,1
kindergator,0,1,1
kinderhook,0,1,1
kinderjoy,1,0,1
kindermannschaft,0,1,1
kindermusik,0,1,1
kinderporno,0,1,1
kinderqarden,1,0,1
kinderroos,1,0,1
kinders,3,5,8
kindess,0,1,1
kindest,4,4,8
kindgom,0,1,1
kindhearted,0,1,1
kindie,0,1,1
kindil,1,0,1
kinding,1,0,1
kindle,90,74,164
kindled,0,1,1
kindledx,0,2,2
kindlefail,1,0,1
kindlegate,1,0,1
kindles,2,0,2
kindling,0,1,1
kindly,13,119,132
kindness,16,90,106
kindnesses,0,1,1
kindo,0,1,1
kindof,16,9,25
kindoff,1,0,1
kindov,0,1,1
kindove,0,1,1
kindred,4,17,21
kinds,151,182,333
kindsa,1,1,2
kindsay,0,1,1
kinduhh,0,1,1
kinduv,1,0,1
kindvater,0,1,1
kindve,1,1,2
kindy,4,3,7
kine,3,5,8
kinekor,0,1,1
kinematics,0,1,1
kinen,0,1,1
kinerase,1,0,1
kinerds,0,1,1
kines,1,0,1
kinesiology,1,1,2
kinesis,1,0,1
kinetic,5,2,7
kinetics,1,1,2
kinf,1,3,4
kinfe,1,0,1
kinfolk,1,1,2
kinfolks,0,1,1
king,431,564,995
kinga,0,1,1
kingaroy,0,1,1
kingaussie,0,1,1
kingberly,0,1,1
kingcup,1,0,1
kingd,1,0,1
kingda,3,5,8
kingdaka,0,1,1
kingdm,0,1,1
kingdom,69,117,186
kingdomguard,0,1,1
kingdomhearts,0,1,1
kingdommm,0,1,1
kingdomplr,0,3,3
kingdoms,2,0,2
kingfish,1,0,1
kingfisher,4,1,5
kingfishers,0,2,2
kinggg,0,1,1
kingggg,1,0,1
kingh,0,1,1
kinghorn,0,1,1
kingisland,1,1,2
kingky,0,1,1
kinglinen,0,1,1
kingman,2,2,4
kingofkong,1,0,1
kingofleon,0,1,1
kingons,0,1,1
kingpen,1,0,1
kingpin,3,0,3
kings,167,300,467
kingsaab,0,1,1
kingsbridge,1,1,2
kingsburg,1,0,1
kingsbury,0,2,2
kingscot,1,0,1
kingsdom,1,0,1
kingsford,1,0,1
kingsgate,2,2,4
kingsland,1,1,2
kingsley,1,0,1
kingsmead,0,2,2
kingsmill,0,1,1
kingsofcode,1,0,1
kingsofleah,1,0,1
kingsofleon,0,1,1
kingsopoly,1,0,1
kingsport,1,1,2
kingss,1,0,1
kingston,28,33,61
kingsville,4,0,4
kingsway,2,2,4
kingswayyy,0,1,1
kingtabs,1,0,1
kingwood,1,0,1
kingy,0,1,1
kingz,0,1,1
kinh,7,1,8
kinhsh,1,0,1
kini,1,1,2
kinie,1,0,1
kinikilig,0,3,3
kinimbla,0,1,1
kinito,1,1,2
kinji,0,1,1
kink,24,9,33
kinked,3,0,3
kinkekaart,0,1,1
kinki,0,1,1
kinkier,0,1,1
kinko,4,1,5
kinkos,7,4,11
kinks,9,21,30
kinksmania,0,1,1
kinkster,0,1,1
kinksters,1,2,3
kinkwoman,0,1,1
kinky,21,39,60
kinkyjohn,1,0,1
kinkys,1,0,1
kinl,1,0,1
kinley,0,1,1
kinlochbervie,0,1,1
kinna,6,0,6
kinnah,1,0,1
kinnd,0,1,1
kinnda,4,0,4
kinnear,0,1,1
kinnearing,0,1,1
kinney,2,2,4
kinnick,0,1,1
kinnie,0,2,2
kinnikun,0,1,1
kinnna,1,0,1
kinnnda,1,0,1
kinnndaaa,1,0,1
kinnock,1,1,2
kinnolon,0,1,1
kinnon,2,0,2
kinny,0,1,1
kino,9,8,17
kinokabaret,0,1,1
kinokuniya,4,8,12
kinoma,1,2,3
kins,1,3,4
kinsale,3,2,5
kinsella,3,4,7
kinsey,5,4,9
kinship,1,0,1
kinsie,1,0,1
kinsler,1,1,2
kinsley,1,0,1
kinsmen,1,0,1
kint,1,0,1
kintail,0,1,1
kintaro,0,1,1
kinton,0,1,1
kinuha,0,2,2
kinukuniya,1,0,1
kinunan,1,0,1
kinyo,1,0,1
kinyobi,0,1,1
kinz,1,1,2
kinza,0,1,1
kinzer,0,1,1
kinzie,0,1,1
kio,2,1,3
kioekoiekeoie,1,0,1
kioken,0,1,1
kioku,0,1,1
kiokudb,0,1,1
kiolas,0,1,1
kionopin,1,0,1
kiosaki,1,0,1
kiosk,12,6,18
kioskiosk,1,0,1
kiosks,2,1,3
kip,21,23,44
kiper,0,1,1
kipferl,0,1,1
kipling,3,5,8
kipnis,0,2,2
kipo,0,1,1
kipp,0,3,3
kippah,1,1,2
kippel,1,0,1
kipper,1,3,4
kippering,0,1,1
kippers,3,2,5
kippis,1,0,1
kipple,0,2,2
kippled,0,1,1
kippy,2,0,2
kipro,0,1,1
kips,0,3,3
kipt,1,0,1
kipton,0,1,1
kiptyn,2,2,4
kir,1,1,2
kira,12,9,21
kiraa,0,1,1
kiracofe,0,1,1
kirain,1,3,4
kirakira,0,1,1
kiraleeann,1,0,1
kiraly,0,1,1
kiran,3,7,10
kirans,0,1,1
kiranti,1,0,1
kirbs,0,1,1
kirby,12,17,29
kirbz,1,0,1
kirchberg,1,0,1
kirchen,1,0,1
kirck,0,1,1
kircudbright,0,2,2
kiren,0,1,1
kiri,3,7,10
kiril,0,1,1
kirilenko,1,0,1
kirill,1,1,2
kirim,1,0,1
kiriman,0,1,1
kirimin,0,1,1
kirimu,0,1,1
kirin,0,5,5
kiriyama,1,0,1
kirjailijaksi,0,1,1
kirjandus,0,1,1
kirk,43,73,116
kirkegard,0,1,1
kirkendall,1,0,1
kirkfield,1,0,1
kirki,1,0,1
kirkland,6,1,7
kirklands,1,0,1
kirkman,3,0,3
kirkmccoy,1,0,1
kirkpatrick,0,1,1
kirks,2,2,4
kirkwood,2,1,3
kirkwoods,0,1,1
kirmes,0,1,1
kiro,2,7,9
kiroo,0,1,1
kiros,0,1,1
kirotv,0,1,1
kirpa,0,1,1
kirra,0,4,4
kirre,0,1,1
kirri,0,1,1
kirribilli,1,2,3
kirrin,0,1,1
kirs,1,0,1
kirsch,0,2,2
kirsha,1,0,1
kirson,0,1,1
kirst,2,7,9
kirsten,20,23,43
kirstenamber,0,1,1
kirstenn,1,0,1
kirstens,0,1,1
kirstie,21,34,55
kirstiealley,0,3,3
kirstiee,1,0,1
kirsties,2,1,3
kirstin,0,2,2
kirstina,1,0,1
kirsty,27,21,48
kirstyn,0,1,1
kirstys,0,1,1
kirstysconcertvideos,0,1,1
kirstyy,0,1,1
kirstyyy,0,1,1
kirsu,0,1,1
kirt,1,0,1
kirtan,1,0,1
kirti,0,1,1
kirtley,1,0,1
kirtsne,0,1,1
kirtsten,0,1,1
kiru,0,1,1
kiruba,1,5,6
kiruna,0,1,1
kirwan,1,0,1
kiryat,0,1,1
kis,3,1,4
kisa,0,1,1
kisani,0,1,1
kisay,1,0,1
kisd,0,1,1
kised,1,0,1
kisees,0,1,1
kises,0,1,1
kish,1,1,2
kisha,2,1,3
kishas,0,1,1
kishee,0,1,1
kisher,0,2,2
kishh,1,0,1
kishi,1,0,1
kishimoto,1,1,2
kishka,0,2,2
kishoreak,0,1,1
kishos,1,0,1
kisi,1,1,2
kiska,0,1,1
kiskis,1,0,1
kisme,1,0,1
kismet,1,2,3
kismets,0,1,1
kisne,1,0,1
kiso,0,3,3
kiss,478,705,1183
kissa,0,2,2
kissable,0,2,2
kissandmakeup,0,1,1
kisschasy,1,0,1
kisschristy,1,0,1
kisse,0,2,2
kissed,75,83,158
kissel,0,1,1
kisser,6,2,8
kisses,215,458,673
kissess,0,1,1
kissessssss,0,1,1
kissez,1,1,2
kissfm,0,1,1
kissgive,1,0,1
kisshugs,0,1,1
kissie,1,2,3
kissimmee,2,3,5
kissin,7,6,13
kissing,53,80,133
kississaknife,0,1,1
kisskass,1,0,1
kisskiss,8,7,15
kissmyairs,0,1,1
kissn,1,0,1
kisss,2,2,4
kissses,1,1,2
kissss,1,0,1
kissssed,0,1,1
kissssss,0,1,1
kissssssss,1,0,1
kissssssssses,0,1,1
kissssssssss,1,0,1
kissteeth,0,1,1
kissus,0,1,1
kissy,7,7,14
kissys,0,1,1
kista,0,1,1
kisy,0,1,1
kisz,1,0,1
kit,150,159,309
kita,40,36,76
kitaa,0,2,2
kitaaaa,1,0,1
kitakits,0,1,1
kitana,1,0,1
kitang,0,1,1
kitaran,1,0,1
kitaro,1,1,2
kitbash,0,1,1
kitch,3,2,5
kitche,1,0,1
kitchen,582,536,1118
kitchenaid,3,1,4
kitchencupboards,0,1,1
kitchener,5,8,13
kitchenfire,3,0,3
kitchenn,1,0,1
kitchens,4,6,10
kitchentable,1,0,1
kitchenware,0,1,1
kitchenzuulcoffee,0,1,1
kitchie,0,1,1
kitchin,0,1,1
kitching,1,2,3
kitchings,1,0,1
kitchn,1,0,1
kitchy,0,1,1
kitcjen,0,1,1
kite,33,64,97
kiteboard,1,0,1
kiteboarders,0,1,1
kiteboarding,2,1,3
kitee,0,1,1
kiteeee,0,1,1
kiteforumno,0,1,1
kiter,2,0,2
kiteretsu,1,0,1
kiters,0,1,1
kiterunner,1,1,2
kites,6,16,22
kiteshi,0,1,1
kitesurf,0,1,1
kitesurfers,0,1,1
kitesurfing,4,4,8
kitey,1,0,1
kith,0,1,1
kithen,1,0,1
kiting,3,0,3
kitkat,12,16,28
kitkats,2,1,3
kitle,1,0,1
kitna,0,1,1
kitni,0,1,1
kito,3,0,3
kitorg,0,1,1
kitra,0,1,1
kitrell,1,0,1
kits,17,26,43
kitsap,0,1,1
kitsch,0,9,9
kitschy,0,1,1
kitsilano,0,1,1
kitson,3,2,5
kitsosmitsos,0,1,1
kitstronaut,0,1,1
kitsune,1,0,1
kitt,4,3,7
kitta,0,2,2
kittah,1,1,2
kittahs,0,2,2
kittay,1,1,2
kitted,1,0,1
kittee,1,0,1
kitteeh,1,0,1
kitteh,38,22,60
kittehcam,1,0,1
kittehs,7,11,18
kittel,0,1,1
kitten,324,186,510
kittencam,1,0,1
kittenitis,1,0,1
kittenlast,0,1,1
kittenless,1,0,1
kittennnnss,1,0,1
kittennnss,0,1,1
kittens,172,102,274
kittensunday,0,1,1
kittentits,1,0,1
kittenz,1,0,1
kitter,1,0,1
kitters,1,0,1
kittery,1,1,2
kittez,1,0,1
kittie,16,19,35
kittiens,0,1,1
kitties,130,100,230
kittiez,1,0,1
kittim,1,0,1
kittin,1,0,1
kittins,0,1,1
kittishes,1,0,1
kittle,5,0,5
kittne,0,1,1
kittnny,1,0,1
kittredge,2,1,3
kitts,4,1,5
kittson,0,2,2
kittten,1,0,1
kittty,2,1,3
kitttyyyy,0,1,1
kittu,1,0,1
kittums,0,1,1
kitty,860,414,1274
kittyback,1,0,1
kittyboos,0,1,1
kittycam,0,1,1
kittycat,2,2,4
kittycatgf,1,0,1
kittycore,1,0,1
kittyfloss,0,1,1
kittykat,2,1,3
kittykisses,0,1,1
kittymalicious,0,1,1
kittyminion,0,1,1
kittymom,0,1,1
kittypigle,0,1,1
kittyrant,0,1,1
kittys,10,14,24
kittyspam,0,1,1
kittystyle,1,0,1
kittytwitter,0,1,1
kittyy,0,1,1
kittyyyyyyyyy,1,0,1
kitzhaber,0,1,1
kiudang,0,1,1
kiv,1,2,3
kiva,0,7,7
kive,1,0,1
kiwanis,0,1,1
kiwaru,1,0,1
kiwein,0,1,1
kiwi,28,89,117
kiwibank,1,0,1
kiwifm,0,1,1
kiwin,1,0,1
kiwis,9,16,25
kiwisada,0,1,1
kiwitravelwriter,0,1,1
kiwitweets,0,1,1
kix,7,9,16
kixpo,1,0,1
kixs,0,1,1
kiya,10,4,14
kiyadon,0,1,1
kiyaking,1,0,1
kiyonna,0,1,1
kiyosaki,0,7,7
kiyuns,1,0,1
kiyyah,0,1,1
kiz,1,1,2
kizlar,0,1,1
kizmit,0,1,1
kizuna,0,1,1
kizz,0,1,1
kizza,0,1,1
kizzez,0,1,1
kizzle,0,1,1
kizzy,1,3,4
kj,15,18,33
kjaannya,1,0,1
kjasdhfiashiure,1,0,1
kjasdkjsdagjklsdgjklasd,1,0,1
kjaslgja,1,0,1
kjb,1,0,1
kjday,0,2,2
kjell,0,1,1
kjers,0,1,1
kjerstie,0,1,1
kjfaskljfds,1,0,1
kjfaslkdfjalklajs,1,0,1
kjfkjdfjdgj,1,0,1
kjh,1,0,1
kjhaj,0,1,1
kjhfkhsd,2,0,2
kji,0,1,1
kjifrkefjsgpoti,1,0,1
kjo,0,2,2
kjoy,0,1,1
kjrjxiejdiehsaocnrishajkdb,1,0,1
kjs,1,1,2
kjsdnkjn,1,0,1
kjshdfuagnrmb,1,0,1
kjv,0,1,1
kjwan,0,1,1
kk,87,145,232
kkal,0,1,1
kkay,0,3,3
kkbb,1,0,1
kkbsa,1,0,1
kkeeeelll,0,1,1
kkeira,0,1,1
kkelllyyy,1,0,1
kkg,1,2,3
kkh,2,0,2
kkick,1,0,1
kkik,0,1,1
kkinda,1,0,1
kkinen,0,1,1
kkingdom,1,0,1
kkj,0,1,1
kkjt,1,0,1
kkk,14,6,20
kkkk,3,5,8
kkkkk,2,2,4
kkkkkk,0,3,3
kkkkkkk,1,1,2
kkkkkkkk,1,1,2
kkkkkkkkk,0,1,1
kkkkkkkkkk,0,1,1
kkkkkkkkkkkk,0,1,1
kkkkkkkkkkkkk,0,1,1
kkkkkkkkkkkkkk,1,0,1
kkkkkkkkkkkkkkkbye,0,1,1
kkkkz,1,0,1
kkkso,1,0,1
kkla,1,0,1
kklb,0,1,1
kkn,2,0,2
kknk,1,0,1
kknooww,0,1,1
kknow,3,1,4
kknyrass,1,0,1
kkob,0,3,3
kkpsi,0,1,1
kkq,1,0,1
kkr,11,9,20
kks,2,1,3
kksf,3,0,3
kku,1,0,1
kkv,0,1,1
kkw,0,1,1
kkx,0,1,1
kkz,2,0,2
kl,76,102,178
klaas,1,0,1
klaatu,0,1,1
klad,0,1,1
kladkou,1,0,1
klaima,1,0,1
klaine,1,1,2
klaire,1,0,1
klairey,0,1,1
klak,0,1,1
klam,1,0,1
klamath,1,0,1
klan,4,1,5
klancee,0,1,1
klandike,0,1,1
klang,1,4,5
klant,0,2,2
klappt,2,1,3
klar,1,2,3
klara,5,3,8
klarenz,1,0,1
klarissa,1,0,1
klaro,0,1,1
klarstellen,0,1,1
klas,2,1,3
klase,2,1,3
klasi,1,0,1
klasisks,0,1,1
klass,2,0,2
klassen,0,1,1
klassenarbeit,1,0,1
klasses,2,0,2
klassy,1,0,1
klatch,1,3,4
klatt,0,1,1
klau,0,1,1
klaud,0,1,1
klaudia,1,0,1
klaudine,0,1,1
klaus,1,5,6
klauses,0,1,1
klausos,1,0,1
klausur,1,0,1
klaxons,4,4,8
klay,1,1,2
klbk,0,1,1
klc,0,1,1
klcc,1,6,7
klccc,0,1,1
klcforever,0,2,2
klci,0,1,1
kldsjfkdsl,1,0,1
kle,0,1,1
klean,1,0,1
kleaner,0,1,1
klear,0,1,1
klecha,0,1,1
klee,1,2,3
kleen,2,0,2
kleenax,1,0,1
kleenex,27,11,38
kleenexes,1,1,2
kleerup,0,1,1
kleets,1,0,1
kleevhage,1,0,1
kleigh,1,0,1
klein,6,10,16
kleine,0,2,2
kleineee,1,0,1
kleiner,0,1,1
kleins,0,1,1
klejsjfksjf,1,0,1
klemm,0,2,2
klemmer,1,0,1
klenger,1,0,1
kleo,1,0,1
klepto,3,1,4
kleptomania,0,1,1
kleptomaniac,0,1,1
kleptomaniacs,1,0,1
kletterwald,0,1,1
klevers,0,1,1
klezmer,0,1,1
klf,0,1,1
klfjhadsklfhk,1,0,1
klfjhsdo,0,1,1
klg,1,1,2
klhoe,1,0,1
klia,1,4,5
kliar,0,1,1
kliatan,0,1,1
kliatannya,1,0,1
klick,0,1,1
klid,0,1,1
klien,0,2,2
kliens,1,1,2
klienty,0,1,1
klikkentgess,1,0,1
klimovsk,1,0,1
kline,1,4,5
kling,1,0,1
klinglers,1,0,1
klingon,4,4,8
klingons,2,2,4
klinick,1,0,1
klinke,0,1,1
klinkt,0,5,5
klinsmann,0,1,1
klint,0,1,1
klipp,1,0,1
klipper,0,1,1
klipps,1,0,1
klipsch,1,0,1
klismaphilia,0,1,1
klitschko,5,0,5
klk,0,1,1
klkl,1,1,2
klkum,1,0,1
klm,3,4,7
klmarathon,0,1,1
klmpk,1,0,1
klng,0,1,1
klo,6,6,12
kloc,1,0,1
klodagh,0,1,1
klodikes,1,0,1
kloee,1,0,1
kloey,0,1,1
klokken,0,1,1
klon,1,0,1
klondike,5,8,13
klonirat,0,1,1
klonk,1,0,1
klonoa,5,1,6
klonopin,1,1,2
klonopins,0,1,1
klons,1,0,1
kloot,1,1,2
klopt,1,3,4
klos,1,0,1
kloset,0,1,1
kloss,1,0,1
klosterman,2,2,4
kloth,0,1,1
klothes,0,1,1
kloudy,0,1,1
klouva,0,1,1
klove,0,1,1
klowey,0,1,1
klowi,1,0,1
klpac,0,2,2
klr,2,0,2
kls,1,1,2
klsabby,0,1,1
klsdjflkdsjfkld,0,1,1
klse,1,1,2
klsjfkldjfakl,0,1,1
klsp,0,1,1
klt,0,1,1
klu,3,1,4
klua,1,0,1
kluar,1,0,1
kluarkan,1,0,1
klub,3,2,5
klubben,0,1,1
klubu,0,1,1
kludge,1,2,3
klue,0,2,2
klug,1,0,1
kluka,0,1,1
klum,0,5,5
klump,0,1,1
klunching,0,1,1
klunky,0,1,1
klussende,0,1,1
klustout,0,1,1
klute,0,2,2
kluthe,1,0,1
klutz,13,7,20
klutze,1,0,1
klutziness,1,0,1
klutzness,1,0,1
klutzy,1,2,3
klux,1,1,2
klye,1,0,1
klymit,0,2,2
klyn,1,2,3
km,167,203,370
kma,1,1,2
kmaaaaaaaaaaaart,0,1,1
kmac,0,1,1
kmack,0,1,1
kmag,1,0,1
kmana,1,1,2
kmaren,2,1,3
kmarin,0,1,1
kmart,11,17,28
kmay,0,1,1
kmb,1,0,1
kmbc,1,0,1
kmbxl,0,1,1
kmc,0,1,1
kme,2,2,4
kmegaplex,0,1,1
kmeister,0,1,1
kmel,0,2,2
kmet,0,1,1
kmf,1,1,2
kmfdm,1,1,2
kmfm,0,1,1
kmft,2,0,2
kmgnbwvngmpjcdvd,1,0,1
kmhd,0,2,2
kmi,2,3,5
kmila,0,1,1
kming,0,1,1
kmjs,0,1,1
kmjuan,0,1,1
kmk,1,1,2
kml,4,2,6
kmn,5,2,7
kmnnn,0,1,1
kmnow,0,2,2
kmnr,0,1,1
kmo,1,0,1
kmodeletedhertwitteraccountbecause,1,0,1
kmon,1,0,1
kmoocd,0,1,1
kmov,0,1,1
kmph,0,1,1
kmphfox,1,0,1
kmps,1,1,2
kmr,0,1,1
kmrn,9,8,17
kms,20,16,36
kmt,12,3,15
kmu,4,10,14
kmusta,0,1,1
kmv,2,1,3
kmw,0,1,1
kmx,0,1,1
kmymoney,1,0,1
kn,30,34,64
kna,1,0,1
knaaaw,1,0,1
knaan,0,1,1
knacckkkerrred,0,1,1
knacjered,0,1,1
knack,3,12,15
knackbok,1,0,1
knacked,3,3,6
knackerd,4,2,6
knackered,175,71,246
knackeredd,0,1,1
knackering,3,0,3
knackerrred,0,1,1
knackers,1,2,3
knackery,1,0,1
knackety,0,1,1
knackin,1,0,1
knackrered,1,0,1
knacks,2,1,3
knah,0,1,1
knakered,1,1,2
knal,0,7,7
knapa,1,3,4
knapae,0,1,1
knapp,0,1,1
knapps,1,0,1
knaps,1,0,1
knapsack,0,1,1
knaresborough,1,0,1
knarliest,0,1,1
knarly,2,1,3
knas,0,1,1
knaughty,1,0,1
knavesmere,0,1,1
knbc,0,1,1
knbt,0,1,1
kncare,1,0,1
kncion,0,2,2
knckd,0,1,1
kncmit,2,0,2
knd,1,0,1
knda,4,2,6
kne,5,3,8
knead,1,3,4
kneading,1,2,3
knebworth,1,3,4
kneck,1,1,2
knee,919,171,1090
kneeboard,0,1,1
kneeboarding,1,0,1
kneeboardingg,0,1,1
kneebone,0,2,2
kneecap,7,0,7
kneecapped,1,0,1
kneecaps,1,2,3
kneed,3,1,4
kneeds,0,1,1
kneee,2,0,2
kneeed,1,0,1
kneeee,1,0,1
kneeeeeeeeel,0,1,1
kneeeees,0,1,1
kneeees,0,1,1
kneegrow,0,2,2
kneeing,1,0,1
kneejerk,1,0,1
kneel,1,2,3
kneeler,0,1,1
kneeling,1,3,4
kneels,0,1,1
kneepads,1,0,1
knees,211,91,302
kneessss,1,0,1
kneesthe,0,1,1
kneesurgery,0,1,1
kneewatch,1,0,1
knefel,1,0,1
knell,1,0,1
knepper,1,0,1
knerr,1,0,1
knerten,0,2,2
knesiyat,0,1,1
kness,1,0,1
knesset,0,2,2
knet,0,1,1
kneus,0,1,1
knew,1601,1608,3209
knewcome,0,1,1
knewist,0,1,1
knewrr,0,1,1
kneww,1,1,2
knewww,1,1,2
knewz,0,1,1
kng,0,4,4
kngeeennn,1,0,1
kngen,1,0,1
kni,0,1,1
knick,5,6,11
knicked,1,1,2
knicker,2,1,3
knickerbocker,1,0,1
knickerbockers,0,2,2
knickernappies,0,1,1
knickers,6,13,19
knickety,0,1,1
knicknamed,1,0,1
knicks,13,18,31
knid,0,2,2
knife,108,63,171
knifed,2,0,2
knifegangfight,0,1,1
knifeomw,0,1,1
knifepoint,2,0,2
knifes,2,2,4
knifing,2,0,2
knig,0,1,1
knight,161,303,464
knightdale,1,0,1
knighting,1,1,2
knightley,1,3,4
knightly,2,1,3
knightmare,1,0,1
knightonline,1,0,1
knightpkf,1,0,1
knightrider,1,0,1
knights,18,28,46
knightsbridge,1,2,3
knightsen,0,1,1
knightsennnn,1,0,1
knightshift,0,1,1
knightshifters,0,1,1
knightswood,1,0,1
knightttt,1,0,1
knighty,3,12,15
knihe,1,0,1
knihu,0,1,1
knihy,0,1,1
knijp,1,0,1
knina,1,2,3
kninda,1,0,1
knindaa,1,0,1
knippelsbro,1,0,1
knish,1,0,1
knishes,1,1,2
knit,60,53,113
knitbits,0,1,1
knitpicks,0,3,3
knitpurlgurl,0,1,1
knits,3,4,7
knitsforneeds,0,1,1
knitt,0,1,1
knitta,0,1,1
knitted,6,18,24
knitter,3,10,13
knitterati,0,1,1
knitters,2,1,3
knittin,0,2,2
knitting,87,104,191
knittings,0,1,1
knitwear,0,1,1
knive,5,1,6
knivery,1,0,1
knives,24,17,41
kniw,2,1,3
knl,0,1,1
knly,0,1,1
knna,1,0,1
knnccb,1,0,1
knnnow,1,0,1
knnoo,1,0,1
knnooow,1,0,1
knnow,1,1,2
kno,874,583,1457
knoany,0,1,1
knob,18,15,33
knobber,1,0,1
knobbers,1,0,1
knobbly,1,0,1
knobby,1,0,1
knobduddy,1,0,1
knobed,0,2,2
knobels,1,0,1
knobhead,0,2,2
knobheads,1,1,2
knobnot,0,1,1
knobs,7,5,12
knocauseeee,0,1,1
knock,159,250,409
knockage,1,0,1
knockd,1,0,1
knockdown,1,1,2
knocked,274,124,398
knockels,0,1,1
knockemdead,0,1,1
knocker,3,2,5
knockers,0,2,2
knockhill,0,1,1
knockin,6,22,28
knocking,45,49,94
knockinqq,1,0,1
knockk,0,1,1
knockknock,2,0,2
knockn,1,0,1
knockoff,7,1,8
knockoffs,2,1,3
knockoneback,0,1,1
knockonwood,0,1,1
knockout,8,10,18
knockouts,3,0,3
knocks,20,24,44
knockss,0,1,1
knockwurst,0,1,1
knocky,1,1,2
knocled,1,0,1
knod,1,0,1
knoe,9,11,20
knoebel,1,0,1
knoebels,1,1,2
knoee,1,0,1
knoeeee,0,1,1
knoeeeee,1,0,1
knoeeeeeeeeeeeeeeeeeeeeeeeeee,1,0,1
knoelb,0,1,1
knoes,1,0,1
knohow,1,0,1
knoiw,1,0,1
knok,0,1,1
knoked,1,0,1
knokes,0,1,1
knokk,0,1,1
knol,0,1,1
knoledge,0,2,2
knoll,3,2,5
knoller,1,2,3
knolls,1,0,1
knollwood,1,0,1
knome,1,0,1
knoo,10,11,21
knooo,15,2,17
knoooo,11,3,14
knooooo,9,1,10
knooooooo,2,0,2
knoooooooo,2,0,2
knooooooooooc,1,0,1
knooooooooooooooooooow,1,0,1
knooooooooooooow,0,1,1
knoooooooooooow,1,1,2
knoooooooooow,1,2,3
knooooooooow,1,1,2
knoooooooow,1,0,1
knooooooow,1,1,2
knoooooow,4,3,7
knooooow,14,2,16
knoooow,20,9,29
knoooown,1,0,1
knoooows,0,1,1
knooooww,0,1,1
knoooowww,1,0,1
knoooowwww,1,0,1
knooow,29,17,46
knoooww,2,1,3
knooowww,2,1,3
knoow,28,7,35
knooww,8,4,12
knoowww,2,1,3
knopfknopf,0,1,1
knopfler,2,1,3
knopik,0,1,1
knopp,1,0,1
knopper,0,1,1
knoppers,0,1,1
knoright,1,0,1
knorkator,1,0,1
knorr,0,1,1
knos,3,8,11
knost,0,1,1
knot,50,21,71
knotb,1,1,2
knotch,1,0,1
knothole,0,1,1
knots,34,11,45
knott,6,5,11
knotted,4,4,8
knottie,0,1,1
knotting,0,1,1
knotts,10,13,23
knotty,2,1,3
knottynaomi,0,1,1
knotweed,1,0,1
knotwork,1,0,1
knov,0,1,1
know,26322,25747,52069
knowa,0,1,1
knowbody,2,0,2
knowed,0,1,1
knowedge,1,0,1
knowehere,1,0,1
knowem,0,3,3
knowho,1,0,1
knowhow,0,1,1
knowhowers,0,1,1
knowi,2,0,2
knowif,1,0,1
knowiing,1,0,1
knowin,23,13,36
knowing,468,393,861
knowingly,2,2,4
knowinly,0,1,1
knowiowe,1,0,1
knowle,1,0,1
knowledgable,2,1,3
knowledge,84,168,252
knowledgeable,2,10,12
knowlege,2,2,4
knowles,4,3,7
knowlton,1,0,1
known,424,389,813
knowng,1,0,1
knowning,2,1,3
knowones,0,1,1
knowowwwowwowwwwwwwww,1,0,1
knows,914,1127,2041
knowsnotmuch,0,1,1
knowss,4,0,4
knowsss,0,3,3
knowsz,1,0,1
knoww,96,65,161
knowwhat,1,0,1
knowwsss,0,1,1
knowww,58,22,80
knowwws,0,1,1
knowwww,22,8,30
knowwwww,2,1,3
knowwwwww,1,0,1
knowwwwwwww,2,0,2
knowwwwwwwwwwwwwwwwwwww,1,0,1
knowz,0,1,1
knowzzzz,1,0,1
knox,11,9,20
knoxville,21,20,41
knoxy,0,1,1
knp,13,3,16
knpa,1,1,2
knpr,1,0,1
kns,1,0,1
knsee,1,0,1
knt,7,1,8
knta,0,1,1
kntr,0,2,2
knuckel,1,0,1
knuckels,1,0,1
knuckl,1,0,1
knuckle,26,7,33
knuckleballs,1,0,1
knuckled,1,0,1
knucklehead,1,2,3
knuckleheads,0,1,1
knuckles,29,5,34
knucklesmack,0,1,1
knuckling,2,0,2
knucks,0,1,1
knucle,1,0,1
knud,0,1,1
knuddel,0,2,2
knudsen,1,0,1
knudson,0,1,1
knuff,1,0,1
knukwento,0,1,1
knunchuks,0,1,1
knurl,1,0,1
knut,1,2,3
knuth,0,1,1
knuu,0,1,1
knux,1,1,2
knw,181,145,326
knwin,1,0,1
knwk,1,0,1
knwldge,1,0,1
knwn,3,1,4
knwo,9,15,24
knwoledge,0,1,1
knwonhost,1,0,1
knwown,0,1,1
knws,3,5,8
knww,1,3,4
knwwww,1,0,1
knx,0,1,1
knytkalas,0,1,1
ko,363,335,698
koa,7,2,9
koaa,0,1,1
koala,11,17,28
koalas,3,5,8
koalasrcute,0,1,1
koali,0,2,2
koalie,1,0,1
koan,1,0,1
koated,1,0,1
koay,1,1,2
kobaa,1,0,1
kobayashi,1,2,3
kobbeee,0,1,1
kobe,205,273,478
kobee,0,1,1
kobeee,0,1,1
kobeeee,0,1,1
kobeeeeee,0,2,2
kobeeeeeee,0,1,1
kobeeeeeeeeeee,0,1,1
kober,0,2,2
kobes,2,2,4
kobesamurai,1,0,1
kobi,0,2,2
kobitch,0,1,1
koblers,0,1,1
kobold,2,1,3
kobr,0,1,1
kobron,0,1,1
kobs,1,1,2
kobster,0,1,1
kobus,0,2,2
koby,2,3,5
koc,0,1,1
kocak,0,1,1
koch,1,0,1
kocham,1,0,1
kochen,0,1,1
kochi,3,0,3
kochie,1,0,1
kochijan,0,1,1
kochuka,0,1,1
koci,0,1,1
kock,3,1,4
kocovinou,0,1,1
koda,3,4,7
kodachrome,24,1,25
kodagu,1,0,1
kodai,0,1,1
kodak,22,11,33
kodakgallery,1,0,1
kodakkkan,0,1,1
kodakoda,1,0,1
kodan,0,1,1
kodanad,0,1,1
kodas,0,1,1
kode,0,1,1
kodi,3,3,6
kodiak,3,2,5
kodis,1,0,1
kodithe,0,1,1
kodjoe,0,1,1
kodo,0,3,3
kodocha,0,1,1
kodoliga,0,1,1
kodomo,1,1,2
kodos,2,0,2
kods,1,0,1
kodumai,1,0,1
kodus,1,0,1
kody,7,6,13
kodychamberlain,0,2,2
kodz,1,0,1
koe,2,0,2
koehler,1,0,1
koeken,0,1,1
koeksisters,0,1,1
koel,1,2,3
koele,0,1,1
koeln,1,1,2
koen,1,1,2
koenigsegg,0,8,8
koenigssaab,0,1,1
koentje,0,1,1
koep,1,0,1
koetnay,0,1,1
koets,0,1,1
kof,3,1,4
koffe,0,1,1
koffee,0,2,2
kofffieapparaat,0,1,1
koffice,1,1,2
koffie,0,2,2
koffiekoeken,1,2,3
koffiesalon,0,1,1
kofi,4,2,6
koflets,1,0,1
kofta,1,1,2
kog,1,2,3
kogan,0,2,2
kogi,17,13,30
kogibbq,0,1,1
kogs,1,0,1
koh,7,8,15
koha,3,0,3
kohala,0,1,1
kohana,4,0,4
kohanga,0,1,1
koharski,0,1,1
kohe,1,0,1
kohesion,3,0,3
kohkohpuff,1,0,1
kohl,7,7,14
kohler,0,1,1
kohli,0,1,1
kohlrabizirkus,0,1,1
kohls,7,9,16
kohlscheiber,1,0,1
kohn,2,1,3
kohu,2,0,2
koi,21,26,47
koibito,0,1,1
koichiro,0,1,1
koined,1,0,1
koios,0,1,1
kois,0,2,2
koit,0,2,2
koivu,0,1,1
koj,1,0,1
kojak,1,0,1
kojas,0,1,1
kojast,1,0,1
kojayee,1,0,1
koje,0,1,1
koji,0,3,3
kojikun,0,1,1
kojima,12,6,18
kojo,1,1,2
kok,28,26,54
kokamo,0,1,1
koke,1,1,2
kokeshi,0,1,1
kokhon,1,0,1
koki,0,3,3
kokie,0,1,1
kokkari,0,2,2
kokko,0,1,1
koko,12,12,24
kokol,0,1,1
kokomo,1,4,5
kokonuts,1,0,1
kokopelli,1,0,1
kokoro,0,1,1
koks,1,0,1
koky,1,1,2
kol,35,41,76
kola,2,0,2
kolache,2,3,5
kolachefactory,1,0,1
kolaches,6,2,8
kolam,0,1,1
kolama,0,1,1
kolan,1,0,1
kolar,0,1,1
kolarcik,0,1,1
kolari,1,0,1
kolas,1,0,1
kolayah,0,1,1
kolbe,0,1,1
kolbi,1,0,1
kolbster,0,1,1
kolby,2,1,3
koldsk,0,1,1
kole,2,2,4
koleba,1,0,1
kolektor,0,1,1
kolene,1,0,1
kolets,1,0,1
koli,0,1,1
kolin,0,1,1
kolk,0,1,1
kolkata,11,6,17
kolkatta,1,1,2
kolkman,1,0,1
kolkota,0,1,1
koll,0,1,1
kolla,0,1,1
kollam,1,0,1
kollar,1,0,1
kolleg,0,1,1
kollene,1,0,1
kollesche,0,1,1
koln,2,1,3
kolo,2,2,4
kolodny,0,1,1
kologarn,1,1,2
kolohe,0,1,1
kolokithas,1,0,1
kolombiam,1,0,1
kolonade,1,0,1
kolonne,0,1,1
kolonopin,2,0,2
kolors,0,1,1
kolotouros,1,0,1
kols,1,0,1
kolsch,0,1,1
kolt,1,0,1
kolton,1,1,2
kolya,2,1,3
kom,2,1,3
komarl,2,0,2
komat,1,0,1
kombat,5,9,14
kombi,2,1,3
kombucha,6,4,10
kome,3,0,3
komedia,3,0,3
komen,5,10,15
kometi,0,1,1
komez,0,1,1
komiks,0,2,2
komm,1,0,1
komme,0,2,2
kommentar,0,2,2
kommetjie,11,1,12
kommt,2,1,3
kommts,0,1,1
kommunikations,0,1,1
kommunity,0,1,1
komodo,3,4,7
komos,0,1,1
komp,3,1,4
kompas,3,0,3
kompasiana,1,0,1
kompi,1,0,1
kompia,0,1,1
kompinya,1,0,1
kompis,0,2,2
komplain,0,1,1
komplek,0,1,1
komplekts,0,1,1
komplexer,0,1,1
komplicerat,0,1,1
komplimente,1,0,1
komposit,1,0,1
kompre,1,0,1
komprengan,0,1,1
kompromitoval,0,1,1
komputer,0,3,3
komputernya,0,1,1
komt,0,2,2
komu,2,2,4
komvux,0,1,1
kon,9,11,20
kona,7,27,34
konad,0,1,1
konam,3,0,3
konami,5,8,13
konan,2,0,2
konar,0,2,2
konarski,0,1,1
konas,1,0,1
konatanator,0,1,1
konati,0,1,1
konboot,1,0,1
konc,0,1,1
konce,1,1,2
koncert,1,4,5
koncerthuset,0,1,1
koncertu,0,2,2
koncham,1,0,1
konci,1,1,2
kondangan,0,2,2
kondaveti,0,1,1
konditioning,1,0,1
konduras,0,1,1
kone,2,1,3
koneko,1,0,1
konfewsed,1,0,1
konfi,0,1,1
konfident,0,1,1
konfirmasi,1,0,1
konfirmation,0,2,2
konflik,1,0,1
kong,98,86,184
kongens,1,0,1
konggg,0,1,1
kongkow,0,1,1
konglomerat,1,0,1
kongregate,1,1,2
konichihua,1,0,1
konichiwa,0,3,3
konid,1,0,1
konin,0,1,1
konjuma,0,1,1
konk,1,2,3
konking,2,0,2
konkle,0,1,1
konkurenciu,1,0,1
konnection,0,1,1
konner,1,0,1
konnichiwa,0,8,8
konnor,0,1,1
konnte,0,1,1
konoha,1,1,2
konomic,1,0,1
konon,1,0,1
konquerer,1,0,1
konqueror,3,0,3
konran,1,0,1
konsep,1,0,1
konser,0,1,1
konservatorium,0,1,1
konstan,1,1,2
konstantin,0,2,2
konstantine,0,2,2
konstantino,0,1,1
konstanz,0,1,1
konstellation,0,1,1
konsulent,0,1,1
konsultacia,1,0,1
konsuy,0,1,1
kont,0,1,1
konta,1,0,1
kontact,1,0,1
kontagious,1,0,1
kontakt,1,0,1
kontakte,2,0,2
kontakty,0,1,1
kontantkort,1,0,1
kontemporer,1,0,1
kontera,1,0,1
konti,4,3,7
konting,1,0,1
kontra,0,1,1
kontrollin,0,1,1
konvergensi,1,0,1
konw,3,4,7
konzert,1,2,3
konzi,0,1,1
koo,15,21,36
koobi,1,0,1
koochi,0,1,1
kooda,1,0,1
koodi,0,1,1
koodies,0,1,1
koodo,2,0,2
koof,1,0,1
koogie,1,0,1
koogle,0,1,1
kooglef,0,1,1
kook,0,2,2
kookaburra,0,2,2
kookai,0,1,1
kookas,0,1,1
kookawhateva,1,0,1
kooked,0,1,1
kooki,1,0,1
kookie,0,1,1
kookies,2,1,3
kookiness,0,1,1
kooking,1,0,1
kookish,1,0,1
kooks,28,21,49
kooky,3,10,13
kool,97,146,243
koolaid,10,18,28
koolant,0,1,1
koolbeans,0,1,1
koolcatandwakey,0,1,1
kooleo,1,0,1
koolest,0,2,2
koolhaas,1,1,2
kooli,1,1,2
koolieo,0,1,1
koolies,1,3,4
koolin,1,0,1
koolina,1,2,3
koolio,0,1,1
koolkidz,1,0,1
kooll,1,1,2
koolness,1,0,1
koolz,0,2,2
koon,1,2,3
koondog,0,1,1
koondogs,0,1,1
koonichiwa,0,1,1
koons,1,1,2
koontz,0,2,2
kooo,1,2,3
koool,2,4,6
koooling,0,1,1
koooo,0,1,1
kooool,0,1,1
kooooool,1,1,2
koooooooooo,0,1,1
koop,0,1,1
koopa,1,1,2
koos,1,0,1
koosho,1,0,1
koosje,0,1,1
koot,1,0,1
kootah,1,0,1
koothrappali,0,1,1
koots,1,0,1
koowel,1,0,1
kooz,0,1,1
kooza,1,0,1
koozie,1,0,1
koozies,0,2,2
kop,5,3,8
kopat,0,1,1
kopce,1,0,1
kopen,1,0,1
kopenhagen,0,1,1
koper,0,2,2
koperasi,1,0,1
kopete,1,0,1
kopi,4,5,9
kopiert,0,1,1
kopiroti,1,1,2
kopitiam,1,2,3
kopje,0,1,1
koplak,0,1,1
kopo,2,0,2
kopong,1,0,1
kopozky,0,1,1
kopp,0,1,1
koppang,0,1,1
kopparberg,0,3,3
kopper,0,1,1
kopperberg,0,1,1
koppites,0,1,1
kopplookk,1,0,1
kopps,0,2,2
kopser,1,0,1
koq,2,1,3
kor,2,6,8
kora,1,3,4
koraaak,0,1,1
korach,1,0,1
koraku,0,1,1
koram,0,1,1
koramangala,0,1,1
korang,0,1,1
korar,1,1,2
koray,0,1,1
korb,0,1,1
korbe,1,0,1
korben,1,0,1
korbo,1,0,1
korchzyk,0,1,1
kord,1,1,2
korda,0,1,1
kore,2,0,2
korea,171,109,280
korean,145,181,326
koreanovela,0,3,3
koreans,7,11,18
koreatown,2,1,3
kored,0,1,1
koree,1,0,1
korek,1,0,1
koren,1,1,2
koret,2,0,2
korey,0,3,3
korfbal,1,0,1
korfball,1,1,2
korflex,1,0,1
korg,3,2,5
korgath,1,0,1
korgnold,0,1,1
korgzzzz,0,1,1
kori,1,10,11
korie,0,1,1
korin,0,1,1
korine,1,0,1
korma,4,8,12
korn,10,19,29
kornbread,1,0,1
korner,1,2,3
kornurz,1,0,1
korny,0,1,1
korova,0,1,1
korpiklaani,2,1,3
korpiklanni,1,0,1
korrell,0,1,1
korres,1,0,1
korrine,0,1,1
korrupt,0,1,1
kors,4,6,10
korsakoff,0,1,1
korsakov,0,1,1
korsi,2,0,2
korsmoes,0,1,1
korsow,1,0,1
kort,0,1,1
kortalian,0,1,1
korte,2,0,2
korting,0,1,1
kortingkaartjes,0,1,1
kortnee,1,0,1
kortnie,1,0,1
kortrijk,0,2,2
koru,1,0,1
koruna,0,1,1
korver,1,0,1
kory,2,5,7
koryo,0,1,1
korzo,0,1,1
kos,11,8,19
kosan,1,0,1
kosbab,0,2,2
kose,0,1,1
kosezah,0,1,1
kosher,10,10,20
kosherfail,1,0,1
koshte,1,0,1
kosice,0,1,1
koskikeskus,1,0,1
kosme,1,0,1
kosmetik,0,1,1
kosmo,0,2,2
kosmopol,0,1,1
kosmos,0,2,2
kosong,2,1,3
kosova,1,1,2
kosovar,1,0,1
kosovo,4,3,7
koss,6,0,6
kossack,0,1,1
kossenko,1,1,2
kosso,0,1,1
kost,1,1,2
kosta,1,0,1
kostar,0,1,1
kostas,1,1,2
koste,0,1,1
kosten,0,1,1
kostet,0,1,1
kosti,1,0,1
kosto,0,2,2
koston,0,1,1
kostyas,1,0,1
koszi,0,1,1
kot,6,10,16
kota,5,4,9
kotaco,0,1,1
kotagiri,0,1,1
kotak,1,1,2
kotaku,4,3,7
kotara,0,2,2
kotatsu,1,0,1
kotbah,0,1,1
kotchy,0,1,1
kotcjen,0,1,1
kotcs,1,0,1
koteesss,1,0,1
kotek,0,1,1
koten,0,1,1
koth,0,1,1
kotha,0,1,1
kothamangalam,1,1,2
kothrud,1,0,1
kotlets,0,1,1
koto,1,3,4
kotobukiya,1,0,1
kotonoha,0,1,1
kotor,7,7,14
kotr,1,0,1
kots,1,0,1
kotta,0,1,1
kotter,0,1,1
kottonmout,1,0,1
kottu,1,0,1
kotym,1,0,1
kou,1,1,2
kougra,0,1,1
kouing,0,1,1
koukam,0,1,1
koukei,1,0,1
koukla,0,1,1
koulalalompour,0,1,1
kould,1,0,1
kouldnt,1,0,1
koumi,1,0,1
koung,1,0,1
kount,0,1,1
kountiing,0,1,1
kountry,2,0,2
koupil,1,1,2
koupit,1,0,1
koura,1,0,1
kourse,0,1,1
kourt,1,9,10
kourtnee,1,1,2
kourtney,3,11,14
kourtni,0,1,1
kourtniejade,0,1,1
kourts,1,0,1
kouryn,1,0,1
kousagi,0,1,1
kouse,0,1,1
koushary,0,1,1
koutour,0,1,1
kouya,1,0,1
kouzina,0,1,1
kouzmanoff,1,0,1
kov,0,1,1
kovacova,0,2,2
kovalainen,2,0,2
kovalam,0,1,1
kovan,2,0,2
kovar,0,1,1
kovasisthefuture,1,0,1
kovu,1,1,2
kow,11,9,20
kowabunga,1,0,1
kowai,0,1,1
kowar,0,1,1
kowk,0,1,1
kowloon,1,3,4
kown,1,0,1
koxp,6,0,6
koxper,1,0,1
koxpers,3,0,3
koy,1,2,3
koya,0,1,1
koyak,1,0,1
koyan,1,0,1
koyote,1,0,1
koz,3,2,5
kozha,2,0,2
kozhi,0,2,2
kozhikode,1,0,1
kozia,0,1,1
kozlowski,0,1,1
kozmo,0,1,1
kozunaaak,0,1,1
kozy,1,1,2
kp,36,28,64
kpann,0,1,1
kpc,1,0,1
kpcc,0,1,1
kpce,1,0,1
kpcs,2,1,3
kpd,0,1,1
kpdown,1,0,1
kpdt,1,0,1
kpee,0,1,1
kpereira,1,0,1
kpeta,0,1,1
kpft,0,1,1
kpgotv,0,1,1
kph,3,4,7
kpi,1,1,2
kpj,0,1,1
kpkb,1,0,1
kplc,0,1,1
kplus,1,0,1
kpmg,3,1,4
kpn,7,7,14
kpng,1,0,1
kpo,1,1,2
kponakan,1,0,1
kpop,3,6,9
kprincessw,0,1,1
kpriv,1,0,1
kps,3,1,4
kpsw,0,1,1
kpt,1,0,1
kpublish,0,1,1
kpweb,0,1,1
kpwr,0,1,1
kpwtsylt,1,0,1
kpy,1,0,1
kq,5,3,8
kqed,2,0,2
kqq,1,0,1
kqraoke,1,0,1
kqs,1,0,1
kqu,1,0,1
kquinn,0,1,1
kr,11,9,20
kra,2,1,3
kraaazy,1,0,1
krab,0,2,2
krabby,2,1,3
krabi,2,2,4
krabs,0,1,1
krach,1,0,1
krachel,0,1,1
kracken,1,0,1
krad,1,0,1
kradam,5,10,15
kradammm,1,0,1
kraddam,1,0,1
kraddick,3,2,5
kradison,2,0,2
krae,0,1,1
kraft,7,10,17
kraftbomb,0,1,1
kraftwerk,4,4,8
krafty,0,1,1
krager,0,1,1
krain,0,1,1
krajcz,1,0,1
krak,1,1,2
krakaus,0,1,1
kraken,1,3,4
krakers,0,1,1
krakow,6,5,11
kralingse,0,1,1
krall,3,4,7
kram,0,1,1
krambles,1,0,1
kramer,3,4,7
kramerica,1,0,1
kramers,0,2,2
kramming,1,0,1
krang,2,0,2
kranji,0,1,1
krank,1,2,3
kranke,1,0,1
krankeste,0,1,1
krankie,0,1,1
kranky,1,0,1
krannis,0,1,1
kranoop,1,0,1
kranskies,0,1,1
kranskis,0,1,1
kransky,0,1,1
krap,1,0,1
krapp,0,1,1
krappy,1,0,1
krash,1,0,1
krashd,0,1,1
krasinski,5,7,12
krasse,1,0,1
krat,0,1,1
krathong,0,1,1
krathseis,1,0,1
kratos,1,3,4
kraty,1,0,1
kraus,1,0,1
krause,0,2,2
krauss,2,1,3
krausse,1,0,1
kraussey,0,1,1
kraut,0,4,4
krautrock,0,1,1
krautweigel,1,0,1
krauze,0,1,1
krav,3,2,5
krave,1,3,4
kravin,2,0,2
kravis,1,0,1
kravits,1,0,1
kravitz,3,6,9
krawlers,1,0,1
kray,0,2,2
krazay,1,0,1
krazeh,0,1,1
krazinski,0,1,1
kraznpimpnay,1,0,1
krazr,1,0,1
krazy,13,11,24
krazys,1,0,1
krazyy,0,1,1
krazyyy,1,0,1
krazzy,1,0,1
krazzyy,0,1,1
krazzyyy,0,1,1
krcha,0,1,1
kre,0,1,1
kreactive,0,1,1
kream,6,0,6
kreate,0,1,1
kreative,0,2,2
kreativity,0,1,1
krebs,0,2,2
kredex,0,1,1
kredibilno,0,1,1
kredit,1,0,1
kree,0,2,2
kreeluh,1,0,1
kreepa,1,0,1
kreeper,0,1,1
kreepo,1,0,1
kreepy,1,1,2
kreesha,0,1,1
kreestoe,0,1,1
kreeyate,0,1,1
krefeld,1,0,1
kreisi,1,0,1
krejci,1,0,1
krelborn,1,0,1
krem,0,1,1
kreme,78,56,134
kremeee,0,1,1
kremes,16,12,28
kremlin,0,1,1
kreng,2,0,2
kreplach,1,0,1
kres,0,1,1
kresley,0,1,1
kress,5,6,11
kresssssss,0,1,1
kresta,1,0,1
krets,0,1,1
kreuk,1,0,1
kreuzberg,1,2,3
kreviazuk,0,1,1
krew,3,4,7
kreyol,0,1,1
kreysi,0,1,1
kreza,0,1,1
krffdjeufgd,1,0,1
krg,1,2,3
kri,2,1,3
krib,2,2,4
kribaal,0,1,1
kribensis,0,1,1
krick,0,1,1
kricket,0,5,5
kricketot,1,0,1
krictine,0,1,1
kriek,1,4,5
kriffin,0,1,1
krigs,0,1,1
krii,0,1,1
kriiiiista,1,0,1
kriiis,0,1,1
krijg,1,0,1
krik,2,0,2
krill,0,5,5
krim,2,0,2
krimstix,1,0,1
kring,1,0,1
kringle,0,1,1
krinke,0,1,1
krinn,1,0,1
krio,1,0,1
kripahlu,0,1,1
kripalu,0,3,3
kripke,3,1,4
kripsy,1,2,3
kriptics,1,0,1
kriptonite,0,1,1
kriptonyte,1,0,1
kris,182,390,572
krisa,0,2,2
krisallen,0,1,1
krisallenation,1,1,2
krisallenmusic,0,1,1
krisb,0,1,1
kriscut,0,1,1
kriselle,1,1,2
krisexy,0,1,1
krisflyer,3,0,3
krish,1,0,1
krisha,0,2,2
krishashok,0,1,1
krishi,1,0,1
krishine,1,0,1
krishna,3,10,13
krishnadas,0,1,1
krishnan,1,0,1
krishtalyn,1,0,1
krisis,2,1,3
krisitin,1,0,1
krisitn,1,0,1
krislund,0,1,1
krislyn,1,0,1
krisna,1,1,2
krisnan,0,2,2
krisp,1,0,1
krispe,1,0,1
krispie,4,3,7
krispies,8,6,14
krispities,0,1,1
krisprolls,0,1,1
krispy,102,68,170
krispykreme,2,2,4
krispykremedoughnuts,0,1,1
krispyu,0,1,1
kriss,7,7,14
krissa,0,1,1
krissi,0,1,1
krissian,1,0,1
krissieee,0,1,1
krisskross,0,1,1
krissss,0,1,1
krisstraub,1,0,1
krissy,9,17,26
krissys,2,1,3
krist,1,1,2
krista,10,17,27
kristaaa,0,1,1
kristain,1,0,1
kristal,1,4,5
kristalea,1,0,1
kriste,0,1,1
kristee,0,1,1
kristel,3,2,5
kristelle,1,1,2
kristen,169,224,393
kristenan,0,1,1
kristenboo,1,0,1
kristene,0,1,1
kristenjstewart,1,1,2
kristennnnnaaaaaaaaaa,0,1,1
kristens,3,3,6
kristensen,1,0,1
kristenstew,1,0,1
kristenstewart,1,2,3
kristi,11,29,40
kristian,5,11,16
kristianc,0,1,1
kristianne,0,1,1
kristians,1,0,1
kristiansand,1,2,3
kristiansund,0,1,1
kristicody,1,0,1
kristie,12,13,25
kristiee,0,1,1
kristiina,0,1,1
kristin,70,65,135
kristina,15,23,38
kristinalynn,0,1,1
kristinas,3,0,3
kristinbong,0,1,1
kristine,6,15,21
kristinee,0,1,1
kristinejthai,1,0,1
kristines,0,1,1
kristinet,0,1,1
kristinia,1,1,2
kristinnnaa,2,1,3
kristins,3,1,4
kristis,0,1,1
kristj,0,1,1
kristjen,1,0,1
kristoff,1,0,1
kristoffer,2,1,3
kristofferson,0,1,1
kristopher,1,1,2
kristopherf,0,1,1
kristy,13,17,30
kristyan,1,0,1
kristyn,1,3,4
kristys,0,2,2
krisy,0,1,1
kriszti,0,1,1
krisztian,0,1,1
krit,1,0,1
kritela,0,1,1
kriten,0,1,1
kriti,0,2,2
kritikas,0,1,1
kriuk,2,0,2
kriya,0,1,1
kriz,2,0,2
krizia,0,2,2
krj,1,0,1
krjaanny,0,1,1
krjnya,0,1,1
krk,1,0,1
krlz,1,0,1
krn,3,4,7
krneki,0,1,1
kro,1,2,3
kroc,0,1,1
krocknsoul,1,0,1
krod,3,2,5
kroeger,0,1,1
kroenenberg,1,0,1
krog,1,0,1
kroger,21,8,29
krogerfail,1,0,1
krogers,5,3,8
kroket,0,1,1
kroll,0,1,1
krom,0,1,1
krome,1,1,2
kromer,1,0,1
kron,0,3,3
krone,1,0,1
kroneage,0,1,1
kronenberg,2,0,2
kronenbourg,1,1,2
kronenburg,0,1,1
kroner,0,2,2
kronor,0,2,2
kronors,0,1,1
kronos,0,1,1
kronwall,1,0,1
kroo,1,0,1
krookz,1,0,1
kroon,1,0,1
krop,0,1,1
kroq,10,5,15
kros,0,1,1
krose,1,0,1
kross,5,5,10
krosse,0,1,1
kroston,1,0,1
kroylan,0,1,1
krq,2,0,2
krrrrkzik,0,1,1
krtnout,1,0,1
krts,0,1,1
krtv,0,4,4
krub,2,14,16
kruciaal,0,1,1
krucial,1,1,2
krucil,0,1,1
krucils,0,2,2
krud,1,0,1
krudd,6,7,13
krueger,1,4,5
krug,1,1,2
kruger,4,3,7
krugersdorp,1,0,1
krugman,1,3,4
kruitvat,0,1,1
kruk,0,1,1
krullers,1,0,1
krum,2,2,4
krumholtz,0,2,2
krump,2,2,4
krumping,0,2,2
krunch,0,1,1
krunk,0,1,1
krunner,1,0,1
krusade,0,1,1
kruse,1,2,3
kruser,0,2,2
krush,0,5,5
krushed,1,0,1
krushradio,0,1,1
krust,1,0,1
krusty,1,0,1
krutch,0,2,2
krutches,1,0,1
krutu,1,0,1
krutz,0,1,1
kruzers,0,1,1
krwci,0,1,1
krxq,1,1,2
kry,2,1,3
kryal,0,1,1
krylon,1,1,2
kryolan,0,1,1
kryon,0,1,1
kryptik,1,0,1
kryptographik,0,1,1
krypton,1,1,2
kryptonian,0,1,1
kryptonight,0,1,1
kryptonite,9,9,18
krys,5,8,13
krysh,1,0,1
krysha,1,1,2
kryshelle,0,1,1
kryss,1,1,2
krysta,1,2,3
krystaaal,1,0,1
krystal,19,22,41
krystallouise,0,1,1
krystals,6,4,10
krystel,2,0,2
krysti,1,0,1
krystian,1,0,1
krystie,0,1,1
krystin,2,1,3
krystina,2,2,4
krystinas,0,1,1
krystl,1,1,2
krystle,4,5,9
krystles,1,0,1
krystol,0,1,1
krystuhl,1,0,1
krystyn,0,1,1
kryta,0,1,1
kryten,0,3,3
krzmarzick,0,1,1
krzq,1,1,2
krzr,1,0,1
krzy,1,0,1
krzykee,1,0,1
krzyzewski,0,1,1
ks,38,59,97
ksa,4,9,13
ksadl,1,0,1
ksam,1,0,1
ksana,2,0,2
ksanka,0,1,1
ksankas,1,0,1
ksat,1,0,1
ksaying,1,0,1
ksc,3,0,3
kschocolat,1,0,1
kscssd,1,0,1
ksd,0,2,2
ksdfjsd,0,1,1
ksdjgl,0,1,1
kse,2,5,7
kseb,2,0,2
ksenia,1,0,1
kserei,0,1,1
ksezoumizei,1,0,1
ksh,0,6,6
kshas,1,0,1
kshe,0,1,1
ksi,2,2,4
ksian,1,1,2
ksing,1,0,1
ksini,1,0,1
ksite,0,1,1
ksj,1,0,1
ksjad,1,0,1
ksjghksjfghkjfhgksfjhgkdfghdkgfhkjfhgkdjhgf,1,0,1
ksjo,1,0,1
ksl,0,1,1
ksloss,0,1,1
ksm,2,6,8
ksme,0,1,1
ksmserver,1,0,1
ksn,0,1,1
ksneaky,0,1,1
ksni,1,0,1
ksnm,0,1,1
kso,4,3,7
ksotd,0,1,1
ksp,1,0,1
kss,0,1,1
kssu,1,0,1
kst,0,1,1
kstategal,0,1,1
kstew,20,13,33
kstewart,0,3,3
kstewwy,0,1,1
ksth,0,1,1
kstr,1,0,1
kstw,1,0,1
ksu,0,1,1
ksubi,2,2,4
ksurl,1,0,1
ksw,2,1,3
kswiss,3,0,3
kswizzle,0,1,1
ksyn,0,1,1
ksyrium,1,0,1
kt,24,38,62
ktacpa,2,0,2
ktb,0,4,4
ktbffh,0,1,1
ktbi,1,0,1
ktbpa,0,1,1
ktbsbpa,0,1,1
ktbspa,2,16,18
ktbx,1,1,2
kte,1,1,2
kteer,2,0,2
ktemu,2,0,2
kter,0,1,1
ktery,0,1,1
ktfo,3,2,5
kth,0,1,1
kthanks,1,14,15
kthanksbai,1,1,2
kthanksbye,1,0,1
kthanx,0,2,2
kthanxbai,1,0,1
kthanxbaii,1,0,1
kthnks,0,2,2
kthnkxbai,1,0,1
kthnkz,1,0,1
kthnx,5,8,13
kthnxbai,1,4,5
kthnxbi,1,1,2
kthnxbye,1,1,2
kthnxs,1,0,1
kthx,4,12,16
kthxbai,2,12,14
kthxbaii,0,1,1
kthxbi,1,0,1
kthxby,0,1,1
kthxbye,3,8,11
ktichen,1,2,3
ktiduran,0,1,1
ktis,1,0,1
ktk,1,0,1
ktl,0,1,1
ktla,1,2,3
ktm,4,4,8
ktmu,7,0,7
ktn,2,0,2
ktncpa,2,0,2
ktnx,0,1,1
ktnxbai,0,1,1
ktnya,0,3,3
kto,1,2,3
ktos,1,0,1
ktown,7,5,12
ktpg,0,1,1
ktr,3,1,4
ktrnya,0,1,1
ktrog,0,1,1
kts,3,2,5
ktsf,1,1,2
ktsummer,0,2,2
ktt,0,4,4
kttpos,1,0,1
ktts,0,1,1
ktuh,0,1,1
ktulu,0,1,1
ktuve,0,1,1
ktv,1,9,10
ktva,1,0,1
ktvu,1,0,1
ktw,1,0,1
ktwa,0,1,1
ktxs,1,0,1
ktyamaha,0,1,1
ktymtrfngt,1,0,1
ktys,1,0,1
ku,44,39,83
kua,1,1,2
kuai,0,3,3
kual,1,1,2
kuala,6,11,17
kualitasnya,0,1,1
kuam,0,2,2
kuan,15,2,17
kuantan,0,4,4
kuar,1,2,3
kuat,1,1,2
kuaui,1,0,1
kuay,3,0,3
kuba,2,1,3
kubach,1,0,1
kubbb,1,0,1
kubby,0,1,1
kubek,0,1,1
kubel,2,0,2
kuberadio,1,0,1
kubiac,0,1,1
kubiak,2,0,2
kubica,3,1,4
kublai,1,0,1
kublais,0,1,1
kubo,0,1,1
kubok,0,1,1
kubos,1,0,1
kubotan,1,0,1
kubrick,1,1,2
kubuntu,7,4,11
kubur,1,0,1
kuburan,0,1,1
kuby,1,0,1
kuceng,0,1,1
kuch,4,13,17
kucha,1,3,4
kuchar,1,0,1
kuchh,1,0,1
kuching,10,3,13
kuci,2,1,3
kucing,0,2,2
kud,2,2,4
kudai,0,1,1
kudasai,0,2,2
kudasi,1,0,1
kudat,1,0,1
kuddos,0,1,1
kudi,1,0,1
kudisch,1,0,1
kudnt,1,0,1
kudo,0,4,4
kudokareru,0,1,1
kudos,29,151,180
kudosssss,0,1,1
kudrow,1,0,1
kudtarkar,0,1,1
kudu,2,1,3
kudzi,1,0,1
kudzu,1,0,1
kue,0,1,1
kuec,1,0,1
kuei,0,1,1
kuenne,1,0,1
kuennes,0,1,1
kuenta,0,1,1
kuesioner,0,1,1
kuey,0,2,2
kufel,0,1,1
kuff,0,1,1
kuffufel,1,0,1
kugel,0,1,1
kugh,0,2,2
kugis,0,1,1
kuhawk,1,0,1
kuhio,0,1,1
kuhn,3,0,3
kuhol,0,1,1
kuhyute,0,1,1
kui,1,0,1
kuia,0,1,1
kuigi,1,0,1
kuiken,0,1,1
kuil,0,1,1
kuingisha,0,1,1
kuiytfghbnjkuiytrfcgv,1,0,1
kuja,0,1,1
kujem,0,1,1
kujhvc,1,0,1
kuk,1,0,1
kukkha,1,0,1
kukkii,0,1,1
kukku,0,1,1
kuksypie,1,0,1
kukta,1,0,1
kuku,4,0,4
kukula,0,1,1
kukunin,0,1,1
kul,2,3,5
kula,2,0,2
kulaaaang,1,0,1
kulada,1,0,1
kulak,0,1,1
kulang,5,3,8
kulay,1,0,1
kulbhushan,0,1,1
kulendayz,0,1,1
kuler,0,1,1
kulervouci,1,0,1
kulfi,0,2,2
kuli,1,0,1
kuliab,0,1,1
kuliah,4,2,6
kulikov,1,0,1
kulintang,0,1,1
kulir,1,0,1
kulit,0,3,3
kuliti,2,0,2
kullen,0,1,1
kulmbach,0,1,1
kulot,0,1,1
kulots,0,1,1
kulov,0,1,1
kulpa,1,0,1
kulps,0,1,1
kult,0,3,3
kultur,0,1,1
kultura,0,2,2
kultural,0,1,1
kulture,1,0,1
kulturen,1,1,2
kulturfestivalen,0,1,1
kulula,2,0,2
kuly,0,1,1
kum,6,7,13
kuma,6,2,8
kumailht,0,3,3
kumain,4,2,6
kumakaen,0,1,1
kumakanta,0,1,1
kumang,0,1,1
kumaon,1,0,1
kumar,11,19,30
kumara,1,1,2
kumaran,0,1,1
kumares,0,1,1
kumaris,0,1,1
kumars,0,1,1
kumasan,0,1,1
kumat,1,0,1
kumbaya,0,4,4
kumbayah,1,0,1
kumbe,0,1,1
kumbh,0,1,1
kumble,1,2,3
kumfs,0,1,1
kumho,0,1,1
kumi,1,3,4
kumichan,1,0,1
kumming,1,0,1
kumn,0,1,1
kumo,1,2,3
kumon,5,2,7
kumonti,1,0,1
kumori,0,1,1
kumoricon,1,0,1
kumos,1,0,1
kumot,0,2,2
kumpares,0,1,1
kumpette,0,2,2
kumpul,2,0,2
kumquat,0,2,2
kumquats,1,1,2
kumu,0,1,1
kumud,0,1,1
kumukulog,1,0,1
kumusta,0,1,1
kumustaka,0,1,1
kun,9,6,15
kuna,1,0,1
kunais,0,1,1
kunal,0,1,1
kunard,0,1,1
kunci,0,1,1
kundasang,1,0,1
kunde,1,0,1
kundero,0,1,1
kundra,0,1,1
kundu,1,0,1
kunduz,0,1,1
kune,1,1,2
kuney,0,2,2
kunfu,0,1,1
kunfusn,1,0,1
kung,68,77,145
kungasaab,0,1,1
kungdi,1,0,1
kungfu,3,6,9
kungssaab,0,1,1
kunguma,0,1,1
kunin,0,2,2
kuning,2,2,4
kuningan,5,0,5
kunis,0,3,3
kunitsyn,1,0,1
kunitz,0,1,1
kuniyoshi,0,1,1
kunj,1,0,1
kunmi,0,1,1
kunming,0,1,1
kunnakudi,0,1,1
kuno,1,3,4
kunst,2,0,2
kunsthaus,1,0,1
kunstiajaloole,0,1,1
kunt,0,1,1
kunta,1,1,2
kuntah,1,0,1
kunti,1,0,1
kuntry,0,1,1
kuntucky,1,0,1
kunwari,0,1,1
kuny,1,0,1
kunyare,0,1,1
kunyuk,1,0,1
kuo,0,2,2
kuodos,0,1,1
kuolema,0,1,1
kuote,0,1,1
kup,0,1,1
kupad,0,1,1
kupat,0,1,1
kupd,0,1,1
kupo,2,0,2
kupodivu,0,1,1
kupoley,1,0,1
kupono,21,1,22
kuponocandance,0,1,1
kuppa,0,2,2
kuppersmith,0,1,1
kuppono,1,0,1
kupujem,0,1,1
kur,2,2,4
kura,1,1,2
kurage,1,0,1
kurama,1,0,1
kuraman,1,0,1
kuramathi,0,1,1
kuranda,0,1,1
kurang,9,7,16
kuras,0,1,1
kurasaraksasa,0,1,1
kurat,1,0,1
kurawa,0,1,1
kurayumei,0,1,1
kurb,1,1,2
kurd,1,0,1
kurdistan,0,3,3
kure,3,0,3
kurecka,0,1,1
kurei,0,1,1
kurenai,0,1,1
kuri,1,1,2
kurilpa,1,0,1
kurilyfriesaredelish,0,1,1
kurimaw,0,1,1
kuripot,1,0,1
kurissuchan,0,1,1
kurka,0,2,2
kurkure,2,0,2
kurla,0,1,1
kurly,2,0,2
kurnia,0,2,2
kurns,1,0,1
kuro,1,2,3
kuroda,1,0,1
kuroir,0,1,1
kuroky,0,1,1
kuromi,2,1,3
kuronatto,0,1,1
kurong,0,1,1
kurosagi,1,0,1
kurosawa,1,1,2
kurosawas,0,1,1
kuroshitsuji,0,4,4
kurr,1,0,1
kurrajong,0,2,2
kurs,0,2,2
kursi,0,1,1
kurt,18,30,48
kurth,1,0,1
kurtis,1,3,4
kurtles,1,0,1
kurts,1,0,1
kurtvile,2,0,2
kurty,0,1,1
kurtz,1,1,2
kurtzmann,1,0,1
kuru,0,1,1
kurume,0,1,1
kurumi,0,1,1
kurung,1,2,3
kurupt,0,2,2
kurus,1,0,1
kurusssssssssssss,1,0,1
kuruuuuss,1,0,1
kuryakin,0,1,1
kuryrey,0,1,1
kurz,0,1,1
kurzweil,0,2,2
kus,8,7,15
kusadasi,1,0,1
kusanagi,2,0,2
kush,11,18,29
kushes,0,1,1
kushh,0,1,1
kushi,0,1,1
kushiel,1,1,2
kushii,1,0,1
kushiya,1,0,1
kushmoney,0,2,2
kushtyyyyyyyy,1,0,1
kusi,1,0,1
kusins,1,0,1
kusked,0,1,1
kuskus,0,1,1
kuso,1,0,1
kuss,2,2,4
kussi,0,1,1
kussie,1,0,1
kust,1,2,3
kustavi,0,1,1
kustera,0,1,1
kusthad,1,0,1
kustom,1,0,1
kusuma,0,1,1
kusuri,0,1,1
kusz,1,0,1
kut,3,5,8
kuta,1,2,3
kutai,0,1,1
kutano,0,1,1
kutar,1,0,1
kutch,0,2,2
kutcher,12,29,41
kutcherized,2,0,2
kutchers,1,1,2
kutchi,0,1,1
kutchner,0,1,1
kute,2,1,3
kutie,2,1,3
kutless,2,2,4
kutner,31,5,36
kutnerrrr,2,0,2
kuto,1,0,1
kutti,0,1,1
kuttner,0,1,1
kutty,1,0,1
kutunggu,1,0,1
kutz,0,1,1
kutztown,0,2,2
kuu,1,2,3
kuulen,1,0,1
kuush,0,1,1
kuuu,1,2,3
kuvasz,1,0,1
kuvees,1,0,1
kuwait,22,15,37
kuwaiti,2,2,4
kuwaitis,1,0,1
kuwawa,2,0,2
kuwento,0,2,2
kuwk,1,0,1
kuwtk,3,4,7
kuya,34,56,90
kuyas,3,2,5
kuyawa,0,1,1
kuyg,0,1,1
kuyog,0,1,1
kuyper,1,1,2
kuyt,3,3,6
kuz,25,11,36
kuza,1,0,1
kuzco,1,2,3
kuze,0,1,1
kuzhiyil,0,1,1
kuzie,0,1,1
kuzin,1,0,1
kuzn,0,1,1
kuznetsova,3,5,8
kuznetzova,0,1,1
kuzu,1,0,1
kuzumochi,1,0,1
kuzy,1,0,1
kuzzin,2,0,2
kuzzo,0,1,1
kuzzos,0,2,2
kv,2,6,8
kvam,1,0,1
kvartal,1,0,1
kvb,0,1,1
kvd,0,2,2
kvetch,0,3,3
kvetching,0,2,2
kvickly,0,1,1
kvie,0,1,1
kville,2,1,3
kvinbib,0,1,1
kvinder,0,1,1
kvinner,0,1,1
kvlt,0,1,1
kvm,3,2,5
kvms,0,1,1
kvno,1,1,2
kvo,1,0,1
kvuly,0,1,1
kw,7,6,13
kwa,1,1,2
kwagos,1,0,1
kwaheri,0,1,1
kwahish,1,0,1
kwai,6,0,6
kwaii,0,1,1
kwaito,0,1,1
kwak,1,0,1
kwame,3,1,4
kwameeee,1,0,1
kwan,2,4,6
kwanghock,1,0,1
kwanten,1,0,1
kwanzaa,0,1,1
kwanzoo,0,1,1
kward,1,0,1
kwarto,0,1,1
kwasniewski,0,1,1
kwasny,0,1,1
kwassa,0,2,2
kwau,1,0,1
kway,4,0,4
kwayes,0,1,1
kways,0,1,1
kwaz,0,1,1
kwazy,0,1,1
kwc,0,1,1
kwe,1,0,1
kwednesdays,0,1,1
kween,0,1,1
kwek,2,0,2
kwel,2,0,2
kwelest,0,1,1
kweli,1,3,4
kweller,0,1,1
kwen,1,0,1
kwento,10,13,23
kwentoo,0,1,1
kwentooo,1,1,2
kwentos,1,1,2
kwentosize,0,1,1
kwentuhan,0,1,1
kwesachu,0,2,2
kwetiauw,0,1,1
kwetiaw,0,1,1
kwh,0,2,2
kwick,2,3,5
kwickly,0,1,1
kwiet,0,1,1
kwight,0,1,1
kwijt,1,0,1
kwik,2,2,4
kwim,1,3,4
kwinanafreeway,1,0,1
kwinzy,1,0,1
kwist,1,0,1
kwith,0,1,1
kwits,1,0,1
kwl,5,12,17
kwlio,1,2,3
kwlkwl,0,2,2
kwn,1,0,1
kwod,22,0,22
kwok,2,1,3
kwoksiong,0,1,1
kwokwokwo,0,1,1
kwon,10,7,17
kwong,1,0,1
kwood,0,1,1
kword,0,1,1
kworth,0,1,1
kwou,0,1,1
kwow,1,0,1
kwr,1,1,2
kwt,2,0,2
kwweecill,1,0,1
kx,4,4,8
kxd,1,0,1
kxi,0,1,1
kxip,1,0,1
kxl,1,0,1
kxly,0,1,1
kxp,1,0,1
ky,61,72,133
kya,22,19,41
kyaa,1,2,3
kyaaaa,0,1,1
kyaaaaaaaaaaa,0,1,1
kyacking,1,1,2
kyakaat,0,1,1
kyaking,1,2,3
kyan,2,2,4
kyana,1,0,1
kyanna,0,1,1
kyara,0,1,1
kyare,0,1,1
kyat,1,0,1
kyboard,1,0,1
kybrd,0,1,1
kyckling,0,1,1
kyco,1,0,1
kydnice,1,0,1
kyds,1,0,1
kydzz,0,1,1
kye,4,5,9
kyee,1,0,1
kyeee,1,0,1
kyela,1,0,1
kyenton,0,1,1
kyes,0,2,2
kyi,2,1,3
kyila,0,1,1
kyile,0,1,1
kyis,1,0,1
kyiv,0,2,2
kyjana,0,1,1
kyjiw,0,1,1
kyk,0,3,3
kyken,1,0,1
kyknya,2,2,4
kyky,1,1,2
kyla,6,14,20
kylah,0,1,1
kylar,1,0,1
kylas,1,0,1
kyle,166,250,416
kylebet,1,0,1
kylebusch,0,2,2
kylee,3,4,7
kyleee,0,1,1
kyleeeeeeeeee,0,1,1
kyleen,1,0,1
kylehase,0,1,1
kyleigh,1,1,2
kylemonkey,0,1,1
kylemore,1,0,1
kylen,0,1,1
kyler,4,3,7
kyles,7,10,17
kylester,0,1,1
kylesters,0,1,1
kylez,0,1,1
kyli,1,1,2
kylie,26,43,69
kyliebt,0,1,1
kyliedinner,0,1,1
kyliedinners,0,2,2
kylieeeeeeeee,0,1,1
kylieminogue,0,1,1
kym,5,6,11
kymber,0,2,2
kymbo,0,1,1
kymora,0,1,1
kymri,0,1,1
kyms,0,1,1
kyna,1,2,3
kynan,0,1,1
kynd,1,0,1
kyndra,1,0,1
kyneton,4,2,6
kynitekia,0,1,1
kynnedy,1,0,1
kyny,0,2,2
kyo,3,9,12
kyoa,0,1,1
kyoanime,1,0,1
kyojin,1,0,1
kyokai,0,1,1
kyoko,1,1,2
kyokyo,1,0,1
kyon,0,1,1
kyonnae,0,1,1
kyoot,1,3,4
kyosho,1,0,1
kyoto,8,10,18
kyou,0,2,2
kyouhei,0,1,1
kyousuke,0,1,1
kyoutube,1,0,1
kyper,1,0,1
kypton,0,2,2
kyr,0,1,1
kyra,11,10,21
kyran,3,3,6
kyras,1,0,1
kyrgyzstan,1,0,1
kyri,1,0,1
kyrie,1,0,1
kyrstie,2,0,2
kys,2,2,4
kyss,0,1,1
kyssja,2,0,2
kyte,17,18,35
kyteman,1,1,2
kytemovies,1,0,1
kytes,2,0,2
kythe,0,1,1
kyu,2,6,8
kyuhouji,0,1,1
kyuhyun,1,4,5
kyuki,0,1,1
kyun,0,2,2
kyung,0,1,1
kyunki,1,0,1
kyut,1,0,1
kyuutai,1,0,1
kyuuuuuuu,1,0,1
kyxi,1,0,1
kyy,0,1,1
kyyyyyleeee,0,1,1
kyziah,0,1,1
kz,9,3,12
kzaa,1,0,1
kzdkcmd,0,1,1
kzle,0,1,1
kzn,1,1,2
kzoo,3,1,4
la,1976,2270,4246
laa,14,19,33
laaa,4,6,10
laaaa,4,4,8
laaaaa,2,1,3
laaaaaa,0,2,2
laaaaaaa,1,0,1
laaaaaaaa,0,1,1
laaaaaaaaaa,0,1,1
laaaaaaaaaaaaaate,1,0,1
laaaaaaaaaaaaate,1,0,1
laaaaaaaaaaaame,2,0,2
laaaaaaaaaaazy,0,1,1
laaaaaaaaaame,1,0,1
laaaaaaaaaazy,1,0,1
laaaaaaaaame,1,0,1
laaaaaaaaammmmeeee,1,0,1
laaaaaaaaave,0,1,1
laaaaaaaate,1,0,1
laaaaaaame,2,0,2
laaaaaaargee,0,1,1
laaaaaaate,1,0,1
laaaaaadies,0,1,1
laaaaaahv,0,1,1
laaaaaame,1,0,1
laaaaaane,0,1,1
laaaaaateee,0,1,1
laaaaaave,0,1,1
laaaaakers,0,1,1
laaaaakkkeeerrrrssss,0,1,1
laaaaame,9,1,10
laaaaammmmmmmmmeee,1,0,1
laaaaar,1,0,1
laaaaater,0,1,1
laaaaavely,0,1,1
laaaaazy,0,1,1
laaaaazzzy,0,1,1
laaaah,0,1,1
laaaahhhh,0,1,1
laaaame,11,3,14
laaaameee,2,0,2
laaaamesauce,1,0,1
laaaank,1,0,1
laaaate,3,2,5
laaaateee,1,0,1
laaaater,0,2,2
laaaaters,0,1,1
laaaav,0,2,2
laaaavely,0,3,3
laaaavly,0,2,2
laaaay,0,1,1
laaaazy,0,3,3
laaaazzy,1,0,1
laaaazzzzyyyy,1,0,1
laaab,0,1,1
laaah,1,1,2
laaahhh,1,0,1
laaahs,0,1,1
laaake,0,1,1
laaaker,0,1,1
laaame,16,3,19
laaameee,1,0,1
laaameeeeeeo,1,0,1
laaames,1,0,1
laaamme,3,0,3
laaammeee,1,0,1
laaammmeeee,1,0,1
laaandaaan,0,1,1
laaandan,1,0,1
laaap,1,0,1
laaarve,1,0,1
laaate,1,4,5
laaater,1,1,2
laaaters,0,1,1
laaattttteeeeeer,0,1,1
laaaugh,0,1,1
laaauve,0,1,1
laaav,0,7,7
laaave,0,1,1
laaavee,1,0,1
laaavely,0,1,1
laaavvv,0,1,1
laaaying,1,0,1
laaazy,1,0,1
laag,0,1,1
laahvee,0,1,1
laal,0,1,1
laalaa,0,1,1
laalalala,1,1,2
laalallalalaalalla,1,0,1
laalu,1,0,1
laame,2,0,2
laameeee,1,0,1
laammee,1,0,1
laan,2,1,3
laanti,0,1,1
laarjed,1,0,1
laarzen,1,0,1
laas,0,2,2
laassssttt,1,0,1
laast,3,1,4
laat,0,1,1
laate,1,0,1
laater,0,2,2
laaura,0,1,1
laavly,1,0,1
laavvelyyy,0,1,1
laawl,1,0,1
laaws,0,1,1
laayyyzzz,0,1,1
laazy,1,0,1
laazzzzy,1,0,1
lab,364,226,590
laba,0,2,2
labadlabad,1,0,1
labahin,1,0,1
laban,0,1,1
labana,0,1,1
labanaktis,0,1,1
labar,1,0,1
labas,2,0,2
labatt,0,1,1
labatts,1,0,1
labb,0,1,1
labbadiasistersstreetteam,0,1,1
labbb,0,1,1
labbbb,0,1,1
labbisoni,0,1,1
labbits,1,0,1
labby,0,1,1
labcoat,0,1,1
labe,0,1,1
label,52,107,159
labeldaddy,0,1,1
labeled,15,11,26
labeler,0,1,1
labeling,3,1,4
labelle,1,4,5
labelled,5,4,9
labelling,1,1,2
labello,0,1,1
labelmate,1,0,1
labels,25,28,53
labelwriter,0,2,2
labeouf,13,27,40
labeouff,0,1,1
labeoufffffff,0,1,1
laberdoodle,1,0,1
labete,0,1,1
labhours,1,0,1
labi,0,2,2
labia,0,1,1
labido,0,1,1
labih,0,1,1
labine,1,0,1
labled,0,1,1
lables,2,0,2
labmate,0,1,1
labo,3,1,4
laboeuf,0,1,1
labonte,1,0,1
labor,79,72,151
laboral,1,0,1
laboratories,1,0,1
laboratorium,0,1,1
laboratory,5,7,12
laboratorylogocontest,0,1,1
labored,2,0,2
laborers,0,1,1
laborious,1,0,1
laborits,0,1,1
labors,1,2,3
labouef,1,0,1
labouf,0,2,2
labour,75,43,118
labourers,4,2,6
labourius,0,1,1
labours,0,1,1
labradog,0,1,1
labradoodle,0,5,5
labradoodles,2,0,2
labrador,12,10,22
labradors,1,0,1
labrae,0,1,1
labrat,0,1,1
labratory,0,1,1
labrea,1,0,1
labret,6,3,9
labrin,0,1,1
labrinth,0,1,1
labrodorite,0,1,1
labron,7,2,9
labrum,2,0,2
labry,0,2,2
labrynth,0,1,1
labryth,1,0,1
labs,55,29,84
labsaa,1,0,1
labshoo,0,1,1
labshuu,0,1,1
labsky,0,1,1
labtech,2,0,2
labtop,9,3,12
labu,0,2,2
labuan,1,4,5
labuf,0,1,1
labute,1,0,1
labwork,1,1,2
labyo,0,8,8
labyrinth,7,21,28
labyrinthitis,1,0,1
labyrinths,1,0,1
labyu,0,2,2
lac,4,7,11
lacan,1,0,1
lacarte,1,0,1
lacasting,1,0,1
lacay,0,1,1
lacayo,0,1,1
lacc,2,0,2
lace,24,49,73
laced,5,16,21
lacee,1,1,2
lacefront,0,1,1
lacefronts,1,2,3
laceing,0,1,1
laceless,0,1,1
lacerated,1,1,2
laceration,1,0,1
lacerations,1,0,1
laces,9,9,18
lacetti,0,1,1
laceweight,0,1,1
lacey,20,22,42
laceyadams,0,1,1
laceylynnwilliams,0,1,1
laceys,0,1,1
lach,0,6,6
lache,0,1,1
lachelns,0,1,1
lachen,0,3,3
lachendes,0,1,1
lacher,0,1,1
lachey,2,3,5
lachflash,0,1,1
lachgar,1,0,1
lachie,1,0,1
lachlan,2,3,5
lachlans,0,1,1
lachlen,1,1,2
lachlennnnnn,0,1,1
lachrad,1,0,1
lacht,0,1,1
lachy,1,0,1
laci,2,2,4
lacie,6,6,12
lacii,0,1,1
lacina,0,1,1
lacing,0,2,2
lacis,0,1,1
lack,717,255,972
lacka,0,2,2
lackadaisical,2,1,3
lackadaisy,0,1,1
lacked,14,4,18
lacker,0,3,3
lackers,0,1,1
lackey,2,4,6
lackeys,1,0,1
lackies,2,0,2
lackin,1,1,2
lacking,117,37,154
lackland,3,0,3
lackluster,6,2,8
lacklustre,3,0,3
lackn,1,0,1
lackof,1,0,1
lackohumoratosis,0,5,5
lackpool,0,1,1
lacks,41,11,52
lacktivation,1,0,1
lacky,1,0,1
laclos,0,1,1
lacma,4,7,11
lacno,1,0,1
lacock,0,1,1
laconi,1,2,3
laconica,6,2,8
lacoste,3,3,6
lacquer,0,2,2
lacquered,0,1,1
lacram,1,0,1
lacrimal,1,0,1
lacrimosa,1,0,1
lacroix,11,3,14
lacross,1,1,2
lacrosse,34,21,55
lacrossee,0,1,1
lacs,0,1,1
lacson,0,1,1
lactaid,3,3,6
lactaids,1,0,1
lactate,0,1,1
lactating,1,0,1
lactation,1,1,2
lactic,1,0,1
lacto,0,2,2
lactobacillus,0,1,1
lactose,53,11,64
lactoseee,1,0,1
lactous,1,0,1
lactum,1,0,1
lacuna,3,4,7
lacunacoil,1,0,1
lacy,5,6,11
lacyn,0,1,1
lacyproof,1,0,1
lad,45,60,105
lada,0,2,2
ladages,0,1,1
ladakh,2,7,9
ladbroke,0,1,1
ladbrokes,0,1,1
ladd,1,4,5
laddakh,0,1,1
laddas,1,0,1
laddat,0,1,1
laddazz,1,0,1
ladder,24,31,55
ladders,3,4,7
laddette,1,1,2
laddhakh,1,0,1
laddie,3,1,4
laddieess,0,1,1
laddoo,1,0,1
laddy,0,2,2
laddyy,1,0,1
laddyyy,1,0,1
lade,1,0,1
ladead,1,0,1
laded,0,1,1
ladeda,1,1,2
ladedade,0,1,1
ladee,0,1,1
ladeeda,0,1,1
ladeedadee,0,1,1
ladeeeeh,0,1,1
ladeez,0,1,1
ladeh,0,1,1
ladekabel,1,0,1
ladel,0,1,1
laden,6,7,13
lades,0,1,1
ladette,0,3,3
ladettes,0,1,1
ladged,1,0,1
ladi,0,2,2
ladida,2,11,13
ladidadida,1,0,1
ladidahhhh,0,1,1
ladie,2,6,8
ladieez,1,0,1
ladies,384,928,1312
ladiesrun,1,0,1
ladiess,0,1,1
ladiesss,0,2,2
ladiez,2,3,5
ladii,0,1,1
ladiieees,0,1,1
ladiiezzz,0,1,1
ladilla,1,0,1
laditruth,0,1,1
ladki,1,3,4
ladle,0,1,1
ladley,1,0,1
ladmag,0,1,1
ladner,0,1,1
ladovina,0,1,1
ladro,1,0,1
lads,45,55,100
ladson,0,1,1
ladss,0,1,1
ladu,1,0,1
lady,1075,1714,2789
ladyb,0,1,1
ladybar,2,0,2
ladybeetle,0,1,1
ladybird,0,2,2
ladybirds,2,0,2
ladyboys,1,3,4
ladybug,15,13,28
ladybugs,2,2,4
ladycaca,1,0,1
ladycakes,0,1,1
ladycarolina,1,0,1
ladychellez,0,1,1
ladydoo,0,1,1
ladyenvy,1,0,1
ladyface,0,1,1
ladyfest,0,1,1
ladyfingers,1,2,3
ladyfreind,1,0,1
ladyfriend,2,2,4
ladyg,0,1,1
ladygaga,3,14,17
ladygagas,0,1,1
ladygame,1,0,1
ladygeneral,1,0,1
ladyhawke,5,13,18
ladyhawkes,0,2,2
ladyheat,1,0,1
ladyinthestreets,0,1,1
ladykillers,1,1,2
ladykillerz,0,1,1
ladyland,1,0,1
ladyleshurr,1,0,1
ladylike,3,3,6
ladyloveslondonatgmaildotcom,1,0,1
ladym,0,1,1
ladymysticmusic,0,1,1
ladyofleisure,0,1,1
ladypants,0,1,1
ladypn,0,1,1
ladypoo,1,0,1
ladys,6,13,19
ladyscholar,1,1,2
ladyslippers,0,1,1
ladysmith,0,1,1
ladysov,0,1,1
ladytees,0,1,1
ladytron,7,7,14
ladytsuki,0,1,1
ladywood,1,0,1
ladyy,3,1,4
ladyyy,0,1,1
ladyyyy,1,1,2
ladyyyyy,1,0,1
ladyyyyyy,0,1,1
lae,1,1,2
laela,1,1,2
laemelle,0,1,1
laemmle,0,1,1
laen,1,1,2
laertesgirl,0,1,1
laetitia,0,1,1
laew,1,1,2
laf,1,7,8
lafa,1,2,3
lafang,1,0,1
lafaunda,1,0,1
lafaves,0,1,1
lafayette,23,9,32
lafd,2,0,2
lafee,1,0,1
lafene,1,0,1
lafette,1,0,1
lafeyette,2,0,2
laff,13,14,27
laffed,2,1,3
lafferty,2,1,3
lafff,0,1,1
laffin,2,1,3
laffing,1,2,3
laffn,1,1,2
laffs,0,4,4
laffter,0,1,1
laffy,6,2,8
laffz,1,0,1
lafilmfest,1,0,1
lafing,1,0,1
lafitte,1,0,1
lafixed,1,0,1
lafjlafndalkdsjagl,1,0,1
laflare,0,1,1
lafn,0,1,1
laforge,0,2,2
lafraud,0,1,1
lafter,1,0,1
laftw,1,0,1
lafurniturestore,1,0,1
lag,119,80,199
laga,4,3,7
lagado,0,1,1
lagan,1,0,1
laganas,0,3,3
lagann,3,1,4
lagarith,1,0,1
lagaurdia,1,0,1
lagavulin,0,1,1
lagazine,0,1,1
lage,2,2,4
lagee,1,0,1
lager,9,5,14
lagerfeld,0,3,3
lagerl,3,0,3
lagers,0,2,2
lagg,5,2,7
laggage,1,0,1
laggan,0,2,2
lagged,19,12,31
lagger,2,0,2
laggg,0,1,1
laggier,1,0,1
laggin,6,3,9
lagging,38,10,48
laggs,1,0,1
laggy,31,5,36
laggyyy,1,0,1
lagh,0,1,1
laght,0,1,1
lagi,51,53,104
lagias,1,0,1
lagii,2,0,2
lagiii,1,0,1
lagiiii,0,1,1
lagiiiii,1,0,1
lagiiik,1,0,1
lagilagi,1,0,1
laging,3,0,3
laglag,0,1,1
laglo,0,1,1
lagnat,1,0,1
lagniappe,0,1,1
lago,0,2,2
lagoon,11,16,27
lagos,1,3,4
lagrange,0,2,2
lags,17,5,22
lagss,1,0,1
lagsss,1,0,1
lagta,0,2,2
lagte,1,0,1
lagu,5,10,15
laguardia,3,4,7
laguna,40,47,87
lagunitas,3,2,5
lagunya,0,2,2
lagvine,0,1,1
lagwagon,1,0,1
lagy,1,0,1
lagyness,1,0,1
lah,98,93,191
lahaina,2,3,5
lahat,17,27,44
lahey,1,0,1
lahh,6,2,8
lahha,0,1,1
lahhdy,0,1,1
lahhh,2,0,2
lahhhhb,0,1,1
lahhhhhhh,1,0,1
lahhhhhhhhhh,1,0,1
lahi,0,1,1
lahina,0,1,1
lahir,1,2,3
lahiran,0,2,2
lahiri,0,2,2
lahk,0,1,1
lahko,1,0,1
lahlahlahhhhhhhhhhhhhhhhhhh,0,1,1
lahn,0,2,2
lahore,27,8,35
lahottan,1,0,1
lahr,0,1,1
lahsin,1,0,1
lahti,0,2,2
lahv,0,1,1
lahves,0,1,1
lahz,2,2,4
lai,5,14,19
laia,0,2,2
laiba,0,1,1
laibspeise,1,0,1
laic,0,1,1
laica,1,1,2
laicaaaa,2,0,2
laice,0,1,1
laics,1,1,2
laid,261,117,378
laida,0,1,1
laidback,4,6,10
laidd,0,1,1
laidddd,1,0,1
laide,0,1,1
laides,1,0,1
laidlaw,0,1,1
laidley,4,1,5
laidoff,1,0,1
laidoffcamp,0,1,1
laigh,0,1,1
laigiinb,1,0,1
laih,1,0,1
laiiiiiidddd,0,1,1
laik,1,0,1
laika,1,1,2
laiks,1,0,1
laila,5,4,9
lailai,0,1,1
laim,0,1,1
lain,10,9,19
laina,3,3,6
laine,4,3,7
lainey,2,2,4
laineygossip,1,0,1
laing,1,0,1
laings,0,2,2
lainie,1,1,2
laink,0,1,1
lainn,0,1,1
laino,0,1,1
lair,4,10,14
laird,0,2,2
laire,0,2,2
lairs,1,0,1
lairy,0,1,1
lais,0,1,1
laish,6,0,6
laissez,0,1,1
laisy,0,1,1
lait,0,2,2
laiter,1,0,1
laiti,0,1,1
laitse,1,0,1
laiza,0,2,2
laj,0,1,1
lajara,0,1,1
lajhnm,0,1,1
lajkhsbzdjbh,1,0,1
lajko,0,1,1
lajutah,1,0,1
lak,1,1,2
laka,0,2,2
lakad,2,1,3
lakaers,1,0,1
lakai,1,1,2
lakan,0,1,1
lakas,4,3,7
lake,526,734,1260
lakedistrict,0,1,1
lakee,0,3,3
lakeee,1,5,6
lakeeee,0,1,1
lakeeersss,0,1,1
lakeeffectkid,0,1,1
lakeen,0,1,1
lakeerrs,0,1,1
lakefront,2,3,5
lakehill,1,0,1
lakehouse,4,9,13
lakeland,4,3,7
lakeline,1,1,2
lakeman,1,0,1
lakemont,1,0,1
lakepoint,0,1,1
lakeport,1,1,2
laker,166,162,328
lakeres,1,0,1
lakerf,1,0,1
lakerfans,1,1,2
lakerita,0,1,1
lakerness,0,1,1
lakeros,0,1,1
lakerr,0,1,1
lakerrrrss,0,1,1
lakerrrsss,0,1,1
lakers,630,1237,1867
lakerss,0,2,2
lakersss,0,2,2
lakerssss,1,4,5
lakersssss,1,2,3
lakerssssss,0,2,2
lakerssssssss,0,1,1
lakersssssssss,0,1,1
lakerz,1,3,4
lakes,36,33,69
lakeshore,6,5,11
lakeshow,4,7,11
lakeside,12,14,26
lakesideestatecare,0,1,1
lakess,1,0,1
laketriathlon,1,0,1
lakeview,5,6,11
lakeville,1,0,1
lakewood,11,16,27
lakey,1,2,3
lakh,1,3,4
lakhfdkhgdsg,1,0,1
lakhs,4,1,5
laki,3,3,6
lakin,2,1,3
laking,2,1,3
lakini,0,2,2
lakisha,0,1,1
lakjgladgjadlfghdfjgsdajg,1,0,1
lakkee,0,1,1
lakkerrsss,0,1,1
lakkkerrsss,0,1,1
lakland,1,0,1
lakme,1,0,1
lakoda,0,2,2
lakors,0,1,1
lakota,1,1,2
lakrz,0,1,1
laksa,7,13,20
laksafail,1,0,1
laksana,0,1,1
laksdjf,1,0,1
lakshadweep,1,0,1
lakshmi,0,3,3
lakslakl,0,1,1
laksono,2,0,2
lakuata,1,0,1
lakukan,1,0,1
lakwatsa,1,0,1
lal,5,18,23
lala,41,93,134
lalaaaa,0,1,1
lalaaaaaaaaaaa,0,1,1
lalaala,0,1,1
lalab,0,1,1
lalaina,0,1,1
lalaine,0,1,1
lalajenny,1,0,1
lalake,2,1,3
lalaki,0,1,1
lalal,0,1,1
lalala,27,77,104
lalalaa,3,2,5
lalalaaa,1,3,4
lalalaaaaa,0,1,1
lalalaaaaaaaa,0,1,1
lalalaaand,1,0,1
lalalaaaves,0,1,1
lalalab,0,1,1
lalalakers,0,1,1
lalalal,2,1,3
lalalala,5,27,32
lalalalaa,0,2,2
lalalalaaa,2,1,3
lalalalaaaa,1,0,1
lalalalaaaah,0,1,1
lalalalaala,1,0,1
lalalalaalala,1,0,1
lalalalahh,0,1,1
lalalalakers,0,1,1
lalalalal,0,3,3
lalalalala,9,11,20
lalalalalaaaaaa,1,0,1
lalalalalaican,0,1,1
lalalalalal,1,0,1
lalalalalala,0,5,5
lalalalalalala,0,2,2
lalalalalalalaaa,0,1,1
lalalalalalalala,0,1,1
lalalalalalalalalalalalala,0,1,1
lalalalalast,0,1,1
lalalalalayadiiido,0,1,1
lalalalalove,0,3,3
lalalalalovelove,0,1,1
lalalaland,0,1,1
lalalalla,1,0,1
lalalallaa,0,2,2
lalalallalalalalalallaa,1,0,1
lalalallalallaa,1,0,1
lalalaloooovveeeeee,1,0,1
lalalalooove,0,1,1
lalalalove,2,3,5
lalalalovee,0,1,1
lalalalulululololelelelaaa,1,0,1
lalaland,7,9,16
lalalandia,1,0,1
lalalas,0,1,1
lalalaura,0,1,1
lalalauren,1,0,1
lalallaa,1,0,1
lalallalalalalalalalalla,0,1,1
lalaloo,0,1,1
lalalove,2,5,7
lalandii,0,1,1
lalanne,0,1,1
lalas,2,4,6
lalasong,0,1,1
lalay,2,0,2
lale,1,0,1
lalee,1,0,1
laleewan,1,0,1
lalet,1,0,1
laleuf,0,1,1
lali,1,2,3
lalii,1,0,1
lalisa,1,0,1
lalit,0,1,1
lalith,0,1,1
lalla,0,2,2
lallaa,0,1,1
lallaby,1,0,1
lallalalla,1,0,1
lallapoloza,1,0,1
lalli,0,1,1
lalllaalaa,0,1,1
lallll,1,0,1
lalloo,1,0,1
lalm,0,2,2
laln,0,3,3
lalo,3,6,9
lalola,2,0,2
laloo,1,1,2
lalool,1,0,1
lalos,0,1,1
lalotsa,0,1,1
lalou,1,0,1
lals,0,1,1
laltey,1,0,1
lalu,3,3,6
lalung,1,0,1
laly,1,0,1
lalyn,1,0,1
lam,10,21,31
lama,17,32,49
lamaaaaa,1,0,1
lamacq,2,1,3
lamahh,0,1,1
lamai,0,1,1
lamaie,0,1,1
lamang,3,1,4
lamanna,1,0,1
lamar,8,20,28
lamarr,1,0,1
lamarrrrr,1,0,1
lamars,0,1,1
lamas,1,1,2
lamay,0,2,2
lamayclinic,0,1,1
lamaze,0,1,1
lamb,70,147,217
lambak,0,1,1
lambastes,0,1,1
lambasting,0,1,1
lambat,1,0,1
lambchop,0,2,2
lambda,0,7,7
lambdas,0,1,1
lambe,1,0,1
lambed,0,2,2
lambeer,1,0,1
lamber,0,1,1
lamberg,1,0,1
lambert,97,173,270
lamberts,10,7,17
lambertville,0,1,1
lambeth,0,1,1
lambi,0,1,1
lambic,1,1,2
lambie,0,2,2
lambies,1,2,3
lambing,2,0,2
lamblia,1,0,1
lambo,7,3,10
lamborghini,3,4,7
lamborghinimoss,0,1,1
lamborghinis,0,2,2
lambos,1,0,1
lambrini,1,2,3
lambrusco,0,2,2
lambs,23,43,66
lambsie,0,1,1
lambsquarters,1,0,1
lambungkuuuu,1,0,1
lambuth,0,2,2
lambville,1,0,1
lamby,0,2,2
lamda,0,1,1
lame,1584,569,2153
lameass,2,0,2
lamebert,0,1,1
lameboy,1,0,1
lamebrain,1,0,1
lamebuckeyepride,0,1,1
lamecore,1,0,1
lamed,1,0,1
lamee,9,3,12
lameee,23,5,28
lameeee,12,2,14
lameeeee,7,2,9
lameeeeee,2,3,5
lameeeeeeee,1,1,2
lameeeeeeeeee,0,1,1
lameeeeeeeeeeee,1,0,1
lameeeeeeeeeeeeeee,0,1,1
lameeeeeg,1,0,1
lamefaces,0,1,1
lamelamelame,1,0,1
lamelas,0,1,1
lamely,2,1,3
lamenate,1,0,1
lameness,12,7,19
lament,4,2,6
lamenta,0,1,1
lamentable,1,0,1
lamentablemente,1,0,1
lamentably,1,0,1
lamented,1,1,2
lamenting,20,3,23
lamento,1,0,1
laments,3,0,3
lameo,3,3,6
lameos,0,1,1
lameover,0,2,2
lamer,9,3,12
lamers,1,2,3
lames,3,9,12
lamesauce,14,3,17
lameskis,1,0,1
lamess,0,1,1
lamest,23,11,34
lamesville,1,0,1
lametitanicquotescomeinhandysometimes,0,1,1
lametown,1,0,1
lamey,0,1,1
lami,0,1,1
lamia,1,1,2
lamias,1,0,1
lamig,2,1,3
lamiggg,0,1,1
laminate,3,3,6
laminated,2,5,7
laminating,0,2,2
lamination,1,0,1
laminator,1,1,2
lamington,1,0,1
lamingtons,3,1,4
lamini,0,1,1
laminitis,1,0,1
laminted,0,1,1
lamish,0,1,1
lamkey,1,0,1
lamm,0,2,2
lamma,0,1,1
lammee,1,0,1
lammeeee,2,0,2
lammeeeee,1,0,1
lammie,1,0,1
lamming,0,1,1
lammme,2,0,2
lammmee,2,1,3
lammmeeee,1,0,1
lammmme,1,0,1
lammmmee,0,1,1
lammmmeee,1,0,1
lammmmme,1,0,1
lammmmmeee,1,0,1
lammmmmme,1,1,2
lammy,2,0,2
lamo,8,6,14
lamon,0,1,1
lamond,0,1,1
lamonf,0,1,1
lamoni,1,1,2
lamonia,0,1,1
lamont,0,1,1
lamontagne,1,4,5
lamontlovin,0,1,1
lamonze,1,0,1
lamoo,0,1,1
lamos,2,0,2
lamott,1,0,1
lamp,55,46,101
lampa,0,2,2
lampanelli,0,1,1
lampard,7,5,12
lampas,0,1,1
lampe,0,1,1
lampert,2,0,2
lampeter,2,0,2
lampin,2,0,2
lamping,1,1,2
lampions,1,0,1
lamplighter,1,0,1
lampo,0,1,1
lampoon,1,0,1
lampoons,0,2,2
lampost,0,1,1
lamprinidis,0,1,1
lamps,8,10,18
lampshade,5,1,6
lampshades,1,1,2
lampskin,0,1,1
lampss,0,1,1
lampsy,0,2,2
lamptrimmer,1,0,1
lampu,2,1,3
lampwork,0,6,6
lampworking,0,1,1
lampy,0,1,1
lams,0,2,2
lamu,0,1,1
lamy,1,0,1
lan,50,44,94
lana,22,17,39
lanabanana,1,1,2
lanague,0,1,1
lanai,2,2,4
lanakila,1,0,1
laname,0,1,1
lanark,1,0,1
lanarkshire,1,2,3
lanarote,1,0,1
lanas,0,1,1
lanati,1,0,1
lanbon,1,0,1
lanc,2,1,3
lancar,0,1,1
lancashire,6,6,12
lancaster,29,21,50
lance,23,64,87
lancearmstrong,1,0,1
lancefield,1,1,2
lancelot,2,3,5
lancement,0,1,1
lancer,3,5,8
lances,1,0,1
lancets,1,0,1
lancey,2,2,4
lanche,0,1,1
lanchie,0,1,1
lancia,2,1,3
lancie,1,0,1
lancifer,0,1,1
lancome,4,2,6
lancs,2,1,3
lancup,1,0,1
land,433,690,1123
landan,3,1,4
landcross,0,1,1
landcruiser,0,3,3
landd,0,4,4
lande,1,2,3
landed,239,245,484
landedddd,1,0,1
landen,2,1,3
landeros,1,0,1
landers,0,2,2
landfall,1,0,1
landfill,4,2,6
landfills,1,0,1
landfolks,0,1,1
landgericht,1,0,1
landgraaf,0,1,1
landhouse,0,1,1
landi,2,4,6
landice,2,1,3
landid,1,0,1
landileigh,0,1,1
landin,5,0,5
landing,64,64,128
landings,10,6,16
landis,0,1,1
landladies,1,0,1
landlady,7,4,11
landline,17,11,28
landlines,1,0,1
landlocked,4,5,9
landlord,71,23,94
landlords,7,3,10
landlubber,0,1,1
landmachtdagen,0,1,1
landmark,21,10,31
landmarks,3,3,6
landmesser,0,1,1
landmine,1,0,1
landmines,1,0,1
landng,1,0,1
lando,0,6,6
landon,21,14,35
landons,0,1,1
landoon,0,1,1
landords,1,0,1
landover,0,1,1
landphone,1,0,1
landra,0,1,1
landrover,3,2,5
landry,2,3,5
lands,14,16,30
landsbury,0,1,1
landscap,0,1,1
landscape,47,37,84
landscaped,1,1,2
landscaper,0,4,4
landscapers,5,1,6
landscapes,3,7,10
landscaping,6,8,14
landschaft,0,1,1
landsdowne,0,1,1
landsend,0,1,1
landshark,0,2,2
landshut,1,0,1
landskrona,0,1,1
landslide,2,8,10
landslides,1,1,2
landsliiddeee,1,0,1
landstra,0,1,1
landstuhl,1,0,1
landta,0,1,1
landwehr,0,1,1
landy,1,3,4
landyn,1,0,1
lane,71,110,181
lanee,0,1,1
lanegan,0,1,1
lanegarrisonlgo,0,1,1
laneige,1,0,1
lanes,29,24,53
lanet,0,1,1
lanetea,1,3,4
laneway,0,1,1
laney,10,5,15
lang,173,278,451
langan,1,0,1
langar,0,1,1
langara,1,0,1
langat,0,1,1
langauges,1,0,1
langdon,1,2,3
langdorp,0,1,1
lange,2,9,11
langefamilyscam,1,0,1
langeler,0,1,1
langella,0,1,1
langeluddecke,0,1,1
langer,2,1,3
langerhans,1,0,1
langetwins,0,1,1
langford,1,2,3
langgaard,1,0,1
langgar,1,0,1
langh,0,1,1
langholm,0,1,1
langhorne,1,0,1
langi,0,1,1
langit,1,2,3
langkawi,5,0,5
langland,1,1,2
langlang,0,1,1
langlen,0,1,1
langley,4,5,9
langosta,0,1,1
langrish,0,1,1
langs,3,2,5
langsam,1,0,1
langsat,1,0,1
langsir,1,0,1
langsung,3,3,6
langton,1,0,1
languag,0,1,1
language,221,368,589
languaged,0,1,1
languagelab,0,1,1
languagers,1,0,1
languages,31,85,116
languagey,1,0,1
languange,1,2,3
languauge,0,1,1
langue,1,1,2
langugage,0,1,1
languge,0,1,1
languish,2,1,3
languished,0,1,1
languishes,0,1,1
languishing,3,1,4
langweilig,1,1,2
langzaam,1,0,1
lanh,1,0,1
lanham,1,0,1
lani,10,4,14
laniah,0,1,1
lanie,4,3,7
lanier,2,0,2
lanimers,0,1,1
laning,0,1,1
lanis,0,2,2
lanisng,1,0,1
lanjut,0,2,2
lanjutkan,0,2,2
lank,1,0,1
lanka,28,15,43
lankan,2,3,5
lankans,1,0,1
lanken,0,1,1
lankershim,1,0,1
lankford,1,0,1
lanky,1,7,8
lanna,4,1,5
lannas,1,0,1
lannen,0,3,3
lanner,1,0,1
lanni,1,0,1
lanning,0,1,1
lannndannn,0,1,1
lannnna,0,1,1
lannoy,0,1,1
lanny,2,0,2
lannyy,0,1,1
lano,0,2,2
lanolizing,0,1,1
lanparty,0,1,1
lans,1,0,1
lansbury,0,5,5
lanscape,2,0,2
lansdale,0,1,1
lansdowne,0,2,2
lanseaza,0,1,1
lanseria,1,0,1
lanshop,1,0,1
lansing,21,13,34
lanta,0,4,4
lantana,3,0,3
lantau,1,0,1
lante,1,1,2
lanter,1,3,4
lantern,8,17,25
lanterns,2,5,7
lantjar,0,1,1
lants,0,1,1
lantugi,0,1,1
lantus,1,0,1
lantz,2,1,3
lanuage,0,1,1
lanugage,0,1,1
lanvin,4,4,8
lanvins,0,1,1
lanyard,4,0,4
lanyarddddddddddddddddddddddd,1,0,1
lanyards,0,2,2
lanza,1,1,2
lanzarote,7,6,13
lanzi,0,1,1
lanzo,0,1,1
lanzorote,1,1,2
lanzorotte,0,1,1
lao,6,6,12
laodicean,2,2,4
laods,0,1,1
laoghaire,1,2,3
laoighre,1,0,1
laons,1,0,1
laos,1,6,7
laoshi,0,1,1
laowai,0,1,1
laowe,0,1,1
lap,166,173,339
lapa,2,0,2
lapaneli,1,0,1
lapar,9,2,11
laparotomy,1,0,1
lapbook,0,2,2
lapcat,0,1,1
lapd,1,0,1
lapdance,2,3,5
lapdancer,1,0,1
lapdances,0,1,1
lapdancing,0,1,1
lape,1,0,1
lapeeerrrr,1,0,1
lapeeete,1,0,1
lapeer,1,0,1
lapel,1,1,2
lapels,0,2,2
laper,3,2,5
laperr,1,1,2
lapersonal,0,3,3
lapey,0,1,1
laphoroaig,0,1,1
laphroaig,0,3,3
laphroig,1,1,2
lapin,0,1,1
lapindo,1,0,1
lapit,1,4,5
lapitan,0,1,1
lapity,1,0,1
lapiz,0,1,1
lapl,1,0,1
laplace,2,1,3
lapland,0,2,2
lapnes,0,1,1
lapoint,0,1,1
lapop,2,0,2
laporan,0,1,1
laporte,2,13,15
lapotop,1,0,1
lapotp,1,0,1
lapped,3,2,5
lapper,1,0,1
lappie,18,11,29
lappies,3,0,3
lapping,5,7,12
lappy,103,53,156
lappys,0,1,1
lappytop,4,1,5
lapree,1,0,1
laproscopy,1,0,1
laps,55,48,103
lapsang,2,2,4
lapsap,0,1,1
lapse,11,7,18
lapsed,4,2,6
lapses,0,2,2
lapsing,0,2,2
lapsus,1,0,1
lapt,2,1,3
lapte,0,1,1
laptie,1,0,1
laptimes,1,0,1
lapto,1,0,1
laptop,2554,1079,3633
laptopi,1,0,1
laptopless,4,0,4
laptopper,1,0,1
laptoppers,0,1,1
laptopping,0,1,1
laptoppp,2,0,2
laptopppp,1,0,1
laptops,95,81,176
laptopscreen,1,0,1
laptoptomy,0,1,1
laptopz,0,1,1
laptp,3,0,3
laptpop,1,1,2
lapu,0,2,2
lapurpa,1,0,1
lapush,1,0,1
laputa,1,2,3
lapwing,0,1,1
laquay,0,1,1
laqueesha,0,2,2
laquer,3,0,3
laqueshaa,0,1,1
laquiesha,0,1,1
lar,10,18,28
lara,15,31,46
larabie,0,1,1
larae,0,1,1
laralou,0,1,1
laralyn,0,2,2
laramie,2,3,5
laramy,0,1,1
larangyt,0,1,1
laras,0,1,1
larat,1,0,1
larawr,0,1,1
larceny,0,1,1
larch,1,0,1
larchmon,1,0,1
larchmont,1,2,3
larcom,0,1,1
lard,8,2,10
lardass,0,1,1
lardee,0,1,1
larder,1,0,1
lardinator,0,1,1
lardons,0,1,1
lardy,2,2,4
lare,1,0,1
laredinnova,1,0,1
laredo,10,3,13
laredoans,0,1,1
laree,1,0,1
lareesa,0,1,1
lareine,0,1,1
larelle,0,1,1
laren,0,2,2
larena,0,1,1
larenz,0,1,1
larf,1,6,7
larffff,0,1,1
larffing,1,0,1
larfin,0,1,1
larfing,0,2,2
larfter,0,1,1
larg,0,2,2
largamos,1,0,1
largar,1,0,1
large,292,300,592
largeish,1,0,1
largelly,1,0,1
largely,12,8,20
largepussies,0,1,1
largepussy,1,2,3
larger,45,44,89
largerfeld,0,1,1
largerwith,0,1,1
larges,1,0,1
largest,35,35,70
largo,4,7,11
largr,0,1,1
largs,0,4,4
larh,1,1,2
larhh,1,0,1
larhs,0,1,1
lari,3,2,5
lariat,1,0,1
larico,1,0,1
lariii,0,1,1
lariitran,0,2,2
larimer,0,1,1
larin,0,1,1
laringitis,1,1,2
lariots,0,1,1
larious,0,6,6
lariouse,0,1,1
laris,0,1,1
larisa,2,1,3
larissa,5,7,12
lark,9,29,38
larkie,0,1,1
larkin,1,0,1
larkitarr,0,1,1
larkko,0,1,1
larks,0,1,1
larlyrr,0,1,1
larnie,0,1,1
larnin,0,1,1
laroche,1,0,1
laron,1,1,2
laronde,0,3,3
larosas,0,2,2
larose,1,0,1
larounde,0,1,1
larp,0,3,3
larpers,1,0,1
larping,0,4,4
larra,0,1,1
larrain,0,1,1
larrieux,1,2,3
larris,1,0,1
larrisa,0,1,1
larrry,0,1,1
larry,93,125,218
larryh,0,1,1
larryonation,1,0,1
larryquotes,1,0,1
larryyyyyy,1,0,1
lars,16,22,38
larsell,0,1,1
larsen,1,1,2
larsian,0,1,1
larson,0,8,8
larsool,0,1,1
larsson,2,2,4
larsy,0,1,1
larter,1,2,3
larty,1,0,1
larue,3,1,4
larussa,0,1,1
larva,1,0,1
larve,1,0,1
larveeeeeeeee,0,1,1
larvely,0,1,1
larves,0,1,1
larvik,1,2,3
lary,2,0,2
laryngitis,17,1,18
laryngitus,1,0,1
larynoscopy,1,0,1
larynx,3,0,3
las,144,166,310
lasa,0,1,1
lasagna,52,78,130
lasagnas,0,2,2
lasagne,15,28,43
lasagnes,0,1,1
lasalle,6,6,12
lasalles,0,1,1
lasallian,1,0,1
lasange,2,1,3
lasaro,0,1,1
lasat,0,3,3
lascars,1,0,1
lascio,1,0,1
lasco,1,0,1
lascou,1,0,1
lasdt,1,0,1
lase,0,1,1
lased,0,1,1
lasenza,1,1,2
laser,51,62,113
lasercard,0,1,1
lasercut,1,0,1
laserdisc,3,1,4
laserdome,0,1,1
lasered,1,0,1
laserforce,0,1,1
lasering,1,0,1
laserjet,1,0,1
laserpoint,0,1,1
laserprinter,0,1,1
laserquest,0,3,3
lasers,5,8,13
lasershooting,1,1,2
lasertag,2,2,4
lasertron,1,0,1
lasfm,2,0,2
lash,10,16,26
lasha,1,0,1
lashaun,1,0,1
lashed,6,1,7
lasher,0,2,2
lashes,32,42,74
lashin,0,1,1
lashind,1,0,1
lashing,17,6,23
lashings,1,5,6
lashur,1,0,1
lasik,9,3,12
lasits,1,0,1
lask,1,0,1
laskar,1,0,1
lasko,1,0,1
lasnit,1,0,1
laso,0,1,1
lasoo,1,0,1
laspag,1,0,1
lasquirt,0,1,1
lasr,1,1,2
lass,18,30,48
lasse,1,0,1
lassekongo,0,1,1
lassen,0,1,1
lasses,3,5,8
lassetti,1,0,1
lassi,0,7,7
lassic,1,0,1
lassie,1,4,5
lassirra,0,1,1
lasso,1,2,3
lasss,1,0,1
lasssssst,0,1,1
lassst,0,2,2
lasst,2,1,3
lasswell,1,0,1
last,22454,13278,35732
lastchancethu,2,0,2
lastday,4,1,5
lastdrunkentweetforthenight,1,0,1
laste,1,1,2
lasted,200,83,283
lastedd,1,0,1
laster,2,0,2
lastest,6,7,13
lastfm,33,12,45
lastfmpic,0,1,1
lastima,3,0,3
lastimaron,1,0,1
lastime,0,1,1
lasting,25,18,43
lastkaled,0,1,1
lastlatter,0,1,1
lastly,2,7,9
lastmasters,1,0,1
lastmin,1,0,1
lastminute,5,0,5
lastminutelolleft,1,0,1
lastn,0,1,1
lastname,1,2,3
lastnigh,1,0,1
lastnight,133,77,210
lastnights,1,3,4
lastniqht,0,1,1
lastnit,1,0,1
lastnite,21,10,31
lastnites,1,0,1
lastnte,0,1,1
lastpaw,1,0,1
lastrada,0,1,1
lasts,82,121,203
lastt,10,6,16
lasttime,2,0,2
lasttt,1,2,3
lastttt,1,1,2
lasttttt,0,1,1
lastttttttt,0,1,1
lastupdate,0,2,2
lastweeeeeeek,1,0,1
lastweeg,1,0,1
lastweek,3,0,3
lasty,1,0,1
lastyear,1,1,2
lasula,1,0,1
laswell,3,1,4
lasy,3,2,5
lasztani,0,1,1
lat,16,18,34
lata,32,62,94
lataa,2,0,2
lataaaa,0,2,2
lataaah,1,0,1
lataah,0,1,1
latadidi,0,1,1
latah,6,7,13
latahhh,0,1,1
latam,1,1,2
latanica,0,1,1
latas,0,2,2
latashas,0,1,1
lataya,0,1,1
lataz,3,4,7
latbf,0,1,1
latch,7,4,11
latched,1,2,3
latches,1,0,1
latching,1,0,1
latdy,0,1,1
late,5776,3455,9231
lateaka,0,1,1
lated,1,2,3
latee,12,10,22
lateee,7,3,10
lateeee,5,0,5
lateeeee,2,1,3
lateeeeee,1,0,1
lateeeeeeeeee,1,0,1
lateeeeeeeer,0,1,1
lateeer,1,1,2
lateef,1,0,1
lateer,1,2,3
lateerr,0,1,1
lateerrrr,0,1,1
latein,1,0,1
lateish,2,1,3
latel,1,1,2
latelatelateee,1,0,1
latelateshow,0,1,1
lateline,1,0,1
lately,1199,632,1831
latelyy,1,1,2
latelyyy,1,0,1
latelyyyyyyyyyyy,0,1,1
latency,10,5,15
lateness,3,1,4
latenesss,0,1,1
latenight,4,7,11
latenightcereal,0,2,2
latenite,1,0,1
latent,2,1,3
later,3814,6397,10211
lateral,7,2,9
lateralis,1,0,1
laterally,1,0,1
lateralus,0,1,1
latern,0,1,1
lateron,2,0,2
laterr,16,48,64
laterrr,13,42,55
laterrro,1,0,1
laterrrr,6,17,23
laterrrrr,2,1,3
laterrrrrr,1,7,8
laterrrrrrr,0,1,1
laterrrrrrrrr,0,1,1
laterrrrrrrrrrrr,1,0,1
laterrrrzzzzzzzzzz,0,1,1
laterrrs,0,1,1
laterrrzz,0,1,1
laterrz,1,0,1
laters,56,111,167
laterss,2,3,5
latersss,0,3,3
laterssss,1,2,3
laterssssss,1,0,1
latersssssss,0,1,1
latersz,0,1,1
laterxxxxx,0,1,1
latery,1,0,1
laterz,11,37,48
laterzxs,0,1,1
laterzz,1,6,7
laterzzz,2,9,11
laterzzzzz,0,1,1
laterzzzzzz,0,1,1
lates,12,9,21
latesa,0,1,1
lateser,0,1,1
lateshift,1,0,1
latespace,1,0,1
latesss,1,0,1
latest,379,550,929
latestet,0,1,1
latests,0,1,1
latetly,0,1,1
latetlyy,1,0,1
latex,13,17,30
latey,2,1,3
latez,2,0,2
latgoldderby,1,0,1
lathaeria,1,0,1
latham,2,1,3
lathan,0,3,3
lathargic,2,0,2
lathe,0,1,1
lather,0,1,1
lathered,1,2,3
lathering,3,0,3
lathers,0,1,1
lathkildale,0,1,1
lathrop,3,1,4
lathrup,1,0,1
laths,1,0,1
lati,0,1,1
latian,1,1,2
latice,0,2,2
latifa,0,1,1
latifah,1,1,2
latihan,1,1,2
latika,1,1,2
latimes,0,1,1
latin,84,86,170
latina,6,7,13
latinamerica,3,5,8
latinamerican,4,0,4
latinas,1,2,3
latinegro,0,1,1
lating,1,0,1
latino,8,15,23
latinoamerica,1,1,2
latinoamerik,0,1,1
latinos,2,3,5
latins,1,0,1
latinum,1,0,1
latis,2,0,2
latish,2,0,2
latisha,1,0,1
latitude,14,18,32
latitudes,1,1,2
latkes,4,1,5
latle,0,1,1
latley,11,8,19
latlon,1,0,1
latly,3,3,6
latm,0,1,1
latner,0,1,1
latoir,0,1,1
latona,1,0,1
latonya,1,0,1
latonyanicole,0,1,1
latop,2,3,5
lator,1,2,3
latoya,1,2,3
latoyajenkins,0,1,1
latr,1,4,5
latray,0,1,1
latrell,1,0,1
latrest,1,0,1
latrine,1,0,1
latro,1,0,1
latrobe,0,4,4
latrophobia,1,0,1
latrzzzz,0,1,1
lats,2,1,3
latsnight,1,0,1
latst,0,2,2
latt,2,5,7
latta,0,1,1
lattc,2,1,3
latte,107,185,292
lattee,0,1,1
latteeeeee,0,1,1
latteeeeeeeeeee,1,0,1
latteerr,0,1,1
latter,48,66,114
latterly,0,1,1
latters,0,1,1
lattes,10,13,23
lattest,0,1,1
lattie,0,1,1
lattimore,0,2,2
lattin,0,1,1
lattisaw,0,1,1
lattitude,0,2,2
latto,1,0,1
lattop,1,0,1
lattrell,1,0,1
lattte,1,0,1
lattteerrrr,0,1,1
lattterrr,0,1,1
latttteeee,0,1,1
latttter,0,1,1
latttters,0,1,1
lattttttttttte,0,1,1
latur,2,0,2
laturr,0,1,1
latuuurr,0,1,1
latv,0,1,1
latvia,9,13,22
latvian,3,3,6
latvians,0,1,1
latvie,0,1,1
latya,0,1,1
lau,6,11,17
lauch,0,1,1
lauched,0,1,1
lauching,1,0,1
laucnhes,0,1,1
laud,3,1,4
lauda,0,1,1
laudable,0,1,1
laude,1,5,6
lauder,1,1,2
lauderdale,7,15,22
laudnry,1,0,1
laudromat,1,0,1
laudry,5,3,8
laudy,1,0,1
lauer,0,2,2
lauern,1,0,1
lauf,2,0,2
lauflin,1,0,1
lauggghh,0,1,1
laugghh,1,0,1
laugh,558,1713,2271
laughable,2,4,6
laughd,2,0,2
laughed,181,284,465
laugheddd,0,1,1
laughen,0,1,1
laugher,1,1,2
laughes,1,2,3
laughh,1,0,1
laughhh,0,1,1
laughhhhh,0,1,1
laughhhs,0,1,1
laughin,37,36,73
laughing,318,778,1096
laughinggg,0,2,2
laughingmotheratopera,1,0,1
laughingstock,1,0,1
laughlin,5,1,6
laughn,2,0,2
laughs,76,229,305
laughsxx,0,1,1
laught,5,12,17
laughted,0,1,1
laughteeer,1,0,1
laughter,33,166,199
laughters,1,2,3
laughting,0,1,1
laughtner,0,2,2
laughtrip,1,2,3
laughy,1,1,2
lauging,1,3,4
laugj,1,0,1
lauglin,1,0,1
lauhed,1,0,1
lauhgh,0,1,1
lauhing,0,1,1
lauj,0,1,1
lauke,0,1,1
laul,1,0,1
laulau,0,1,1
laulen,0,1,1
laulo,1,0,1
laun,0,1,1
launa,1,1,2
launc,0,1,1
launce,1,0,1
launch,277,342,619
launchd,0,1,1
launched,34,102,136
launcher,3,6,9
launches,12,24,36
launching,20,65,85
launchpad,3,1,4
launchy,0,1,1
launder,0,1,1
laundered,1,1,2
launderette,1,0,1
laundering,2,2,4
laundery,1,1,2
laundra,1,0,1
laundramat,1,0,1
laundrette,4,0,4
laundrey,0,1,1
laundried,1,0,1
laundries,2,0,2
laundromat,20,6,26
laundromattttttttttt,1,0,1
laundry,858,599,1457
laundrying,0,1,1
laundrymat,4,2,6
laundrys,1,0,1
laundryview,1,0,1
laundryy,0,1,1
laundryyy,1,0,1
laundy,2,1,3
laune,0,1,1
launer,1,0,1
launnie,0,1,1
launry,0,1,1
launter,2,6,8
launtler,0,1,1
launtner,1,1,2
lauper,3,10,13
lauphlin,1,0,1
lauqhed,2,0,2
laur,3,9,12
laura,165,271,436
lauraa,2,1,3
lauraaa,0,3,3
lauraaaa,0,1,1
lauraaaaaaaa,1,0,1
lauraaaaaaaaaaaa,0,1,1
laurablaker,1,0,1
lauraeagles,0,1,1
lauraface,1,0,1
laurafaye,0,1,1
laurag,0,1,1
laurah,1,0,1
laural,1,0,1
lauraleii,1,0,1
laurapasik,0,1,1
lauras,3,16,19
laurasboobs,1,0,1
laure,1,0,1
laureate,0,1,1
laureates,0,1,1
lauredhel,1,0,1
laureeen,0,2,2
laureen,0,2,2
laureena,0,1,1
laureennn,0,1,1
laurel,10,19,29
laurelhurst,0,1,1
laurell,1,5,6
laurels,0,4,4
lauren,460,329,789
laurena,2,0,2
laurence,3,4,7
laurendo,0,1,1
laurenelizabethadam,0,1,1
laurenfurze,0,2,2
laurenhawks,0,1,1
laurenlemon,0,1,1
laurenmalone,0,1,1
laurenn,0,1,1
laurennmcc,1,0,1
laurennn,0,1,1
laurennnn,1,0,1
laurennnnn,1,0,1
laurennroth,0,1,1
laurens,33,34,67
laurent,8,7,15
laurenwampole,0,1,1
laurenzelle,0,1,1
lauri,1,6,7
laurice,0,2,2
lauricella,1,0,1
laurices,0,1,1
laurie,27,89,116
laurieeeee,0,1,1
laurier,1,1,2
lauries,0,3,3
lauriess,0,1,1
laurika,0,1,1
laurin,1,1,2
laurina,3,0,3
laurinha,0,1,1
lauriol,1,1,2
lauris,0,1,1
lauritzen,1,0,1
laurla,1,0,1
laurner,0,1,1
laurs,1,0,1
laury,1,1,2
lauryn,15,15,30
laurysa,0,1,1
laurz,1,1,2
laus,0,1,1
lausanne,0,3,3
lausitz,0,1,1
laut,0,1,1
lauta,0,1,1
lautan,1,0,1
lauter,1,0,1
lautern,1,0,1
lautghting,0,1,1
lauthter,0,1,1
lautner,41,125,166
lautnerrr,0,1,1
lautnerrrr,1,1,2
lautnerrrrrr,0,1,1
lautners,0,3,3
lauttner,0,1,1
lauus,0,1,1
lauxanh,0,1,1
lauxx,1,0,1
lauz,1,0,1
lauzee,1,0,1
lav,10,10,20
lava,29,23,52
lavaca,0,1,1
lavacuted,0,1,1
lavadora,1,0,1
lavagirl,1,3,4
lavahead,1,0,1
laval,0,1,1
lavalamp,1,0,1
lavalanche,2,0,2
lavalle,0,1,1
lavallee,1,0,1
lavalu,0,1,1
lavaman,1,0,1
lavander,0,1,1
lavar,1,1,2
lavarras,1,0,1
lavasani,1,0,1
lavash,0,2,2
lavato,3,1,4
lavatory,1,2,3
lavatt,0,2,2
lavazza,0,1,1
lave,1,2,3
laved,1,0,1
lavee,0,1,1
lavei,0,1,1
lavela,0,1,1
lavels,1,0,1
lavencia,0,1,1
lavendar,0,3,3
lavender,17,37,54
lavenders,0,1,1
laver,1,0,1
lavern,2,0,2
laverne,2,3,5
laverton,1,0,1
lavesta,1,0,1
lavette,0,1,1
lavics,0,1,1
lavie,0,3,3
lavigne,6,22,28
lavilla,0,1,1
lavinge,0,1,1
lavingne,0,1,1
lavinia,0,3,3
lavish,2,3,5
lavishing,0,1,1
lavishly,0,1,1
lavleh,0,1,1
lavly,1,0,1
lavo,0,4,4
lavoie,1,0,1
lavoir,0,1,1
lavoisier,0,1,1
lavonda,1,0,1
lavonne,0,1,1
lavoro,0,1,1
lavrinhas,0,1,1
lavs,0,1,1
lavu,0,1,1
lavv,0,1,1
lavvu,0,1,1
lavvv,0,1,1
lavvvlly,0,1,1
lavvvvve,0,1,1
lavvvvvv,0,1,1
lavvy,0,1,1
law,601,538,1139
lawa,0,3,3
lawaaaaaaaaaaaaaaaaa,1,1,2
lawan,1,1,2
lawanda,1,0,1
lawar,0,1,1
lawas,0,1,1
lawbox,0,1,1
lawd,35,17,52
lawdd,1,1,2
lawdie,0,1,1
lawds,1,2,3
lawdy,2,3,5
lawed,1,0,1
lawfail,1,0,1
lawfirm,1,0,1
lawfoundah,1,0,1
lawful,0,1,1
lawfully,0,1,1
lawgov,1,0,1
lawgurl,0,1,1
lawks,0,2,2
lawl,24,41,65
lawler,4,0,4
lawless,3,3,6
lawlessness,0,1,1
lawley,1,0,1
lawll,0,1,1
lawllll,1,0,1
lawlllllle,0,1,1
lawls,2,4,6
lawly,0,1,1
lawlz,4,10,14
lawmakers,3,0,3
lawman,0,1,1
lawmmower,1,0,1
lawmower,0,1,1
lawn,311,228,539
lawnchair,0,1,1
lawndale,1,2,3
lawning,1,0,1
lawnmother,0,1,1
lawnmothering,1,0,1
lawnmower,22,14,36
lawnmowers,0,3,3
lawnmowing,1,0,1
lawnn,0,1,1
lawnord,1,0,1
lawns,22,15,37
lawnwork,0,2,2
lawr,0,1,1
lawren,0,1,1
lawrence,30,25,55
lawrenced,1,0,1
lawrenceville,0,1,1
lawrens,0,1,1
lawrenzo,1,0,1
lawrie,1,3,4
lawro,1,0,1
laws,132,139,271
lawschool,1,1,2
lawsheas,0,1,1
lawson,1,11,12
lawsonia,0,1,1
lawsttttt,1,0,1
lawstudy,0,1,1
lawsuit,9,3,12
lawsuits,2,1,3
lawtey,1,0,1
lawthorn,0,1,1
lawton,2,3,5
lawwddd,1,0,1
lawwn,0,1,1
lawww,0,1,1
lawwy,1,0,1
lawyer,42,56,98
lawyered,0,1,1
lawyers,21,18,39
lawys,1,0,1
lawz,0,1,1
lax,96,62,158
laxamana,0,1,1
laxative,2,3,5
laxatives,2,1,3
laxed,1,1,2
laxin,0,3,3
laxing,0,1,1
laxitave,0,1,1
laxman,1,1,2
laxpaperboys,0,1,1
lay,594,457,1051
layabout,1,0,1
layabouts,1,0,1
layal,0,1,1
layan,2,3,5
layang,0,2,2
layani,0,1,1
layar,3,0,3
layaway,0,2,2
laybuy,1,0,1
layby,3,4,7
laychee,0,1,1
layd,1,1,2
layday,0,1,1
laydee,0,2,2
laydeee,1,2,3
laydeeeez,0,1,1
laydees,1,0,1
laydeez,1,0,1
laydown,6,1,7
laydying,0,1,1
layed,28,18,46
layedoff,1,0,1
layenn,1,0,1
layer,39,43,82
layered,4,17,21
layering,0,2,2
layers,30,39,69
layfyette,1,0,1
layhawke,0,1,1
layiee,0,3,3
layin,141,104,245
laying,811,725,1536
layingg,1,2,3
layingin,0,1,1
layingoff,1,0,1
layinlow,0,1,1
layinnn,1,0,1
layinq,2,1,3
layinqq,1,0,1
layirfs,1,0,1
layissa,1,0,1
layla,19,13,32
laylael,2,1,3
laylas,1,0,1
laylay,0,1,1
laylor,0,1,1
layman,0,1,1
laymen,1,0,1
laymon,0,1,1
layn,7,5,12
layne,3,3,6
layners,1,0,1
layni,1,0,1
laynuhs,0,1,1
layo,1,1,2
layoff,13,0,13
layoffs,25,3,28
layon,0,1,1
layor,1,1,2
layou,0,1,1
layouer,1,0,1
layout,146,285,431
layouted,0,1,1
layouting,1,0,1
layouts,25,29,54
layoutt,0,2,2
layover,44,21,65
layovers,4,5,9
laypersons,1,0,1
lays,13,25,38
laysay,0,1,1
laysia,1,0,1
layta,1,0,1
laytaaa,0,1,1
laytah,0,2,2
layton,7,6,13
laytta,0,1,1
layuan,1,0,1
layup,4,1,5
laywers,1,0,1
layy,2,6,8
layyiiing,0,1,1
layyin,1,0,1
layying,1,0,1
layyingg,0,1,1
layyytaaa,0,1,1
layzell,1,0,1
laz,3,5,8
lazaaay,1,0,1
lazar,0,1,1
lazara,1,0,1
lazards,0,1,1
lazaro,1,2,3
lazarra,1,1,2
lazarus,0,1,1
lazay,1,0,1
lazboy,0,1,1
laze,10,9,19
lazed,2,1,3
lazee,0,1,1
lazeeeeeeeeeee,0,1,1
lazeeeyyy,1,0,1
lazer,4,11,15
lazerfest,2,1,3
lazerquest,1,0,1
lazers,1,1,2
lazershark,0,1,1
lazertag,0,2,2
lazerus,0,1,1
lazerzone,2,0,2
lazier,4,6,10
lazies,2,0,2
laziest,7,9,16
lazily,2,5,7
lazim,2,2,4
lazima,1,0,1
lazin,0,1,1
laziness,31,44,75
lazing,23,16,39
laziza,0,2,2
lazlo,0,1,1
lazlos,1,0,1
lazo,2,0,2
lazor,0,3,3
lazrtag,0,1,1
lazt,1,1,2
lazy,1253,1309,2562
lazybone,1,0,1
lazybones,0,1,1
lazyboy,0,2,2
lazybum,1,0,1
lazybutt,0,1,1
lazyday,0,1,1
lazyest,2,1,3
lazyeye,1,0,1
lazygamer,0,1,1
lazyin,0,2,2
lazying,6,4,10
lazylazylazylazyyyyyyy,1,0,1
lazymaster,0,1,1
lazyness,5,8,13
lazys,0,3,3
lazytown,0,1,1
lazyweb,3,3,6
lazyy,5,7,12
lazyyy,1,2,3
lazyyyy,4,1,5
lazyyyyy,0,1,1
lazyyyyyy,0,2,2
lazzaayyyy,1,0,1
lazzara,2,2,4
lazzi,1,1,2
lazzy,2,3,5
lazzzy,1,3,4
lazzzyyyy,0,1,1
lazzzzybum,0,1,1
lazzzzyyy,0,1,1
lazzzzyyyy,0,1,1
lazzzzzy,0,1,1
lazzzzzzzzzzzy,1,0,1
lazzzzzzzzzzzzzzzy,0,1,1
lb,108,123,231
lbaq,1,0,1
lbas,0,1,1
lbc,7,16,23
lbcc,1,0,1
lbctweetup,1,0,1
lbd,1,3,4
lbda,1,0,1
lbf,4,3,7
lbfl,1,1,2
lbg,0,1,1
lbh,1,1,2
lbi,5,7,12
lbih,0,1,1
lbj,9,12,21
lbjday,0,1,1
lbk,5,2,7
lbl,2,1,3
lbm,1,0,1
lbmodel,0,1,1
lbovine,0,1,1
lbp,9,10,19
lbq,0,1,1
lbries,1,0,1
lbruton,0,1,1
lbs,204,161,365
lbsu,0,1,1
lbt,1,0,1
lbtc,0,2,2
lbum,1,3,4
lbw,1,0,1
lbyn,0,1,1
lc,130,44,174
lca,2,2,4
lcars,0,1,1
lcatch,0,1,1
lcb,1,0,1
lcbc,0,1,1
lcbo,11,3,14
lcc,0,2,2
lccc,2,2,4
lcct,3,2,5
lcd,47,31,78
lcds,2,2,4
lcers,1,0,1
lcert,1,0,1
lcf,1,0,1
lcg,0,2,2
lchiz,1,0,1
lcict,0,1,1
lcky,0,1,1
lclt,1,0,1
lcms,1,1,2
lcp,1,1,2
lcps,0,1,1
lcr,0,1,1
lcrew,2,0,2
lcross,6,0,6
lcrs,0,1,1
lcs,3,3,6
lcsmith,0,1,1
lcstranslations,0,1,1
lct,3,0,3
lcu,0,2,2
lcub,1,0,1
lcukkky,0,1,1
lcum,0,1,1
lcutm,0,1,1
lcw,1,0,1
lcwiabd,0,1,1
ld,23,17,40
lda,1,1,2
ldac,0,1,1
ldal,0,2,2
ldap,3,1,4
lday,0,1,1
ldb,1,1,2
ldbf,1,0,1
lde,1,0,1
lder,0,1,1
ldfjsad,0,1,1
ldfkjlk,0,1,1
ldjeofjvnkkdjvhnsjwjfp,1,0,1
ldk,1,0,1
ldkgkjgldjfgdg,1,0,1
ldkjfdag,0,1,1
ldlkjdga,1,0,1
ldn,46,30,76
ldnchikhas,1,0,1
ldnug,0,1,1
ldo,1,0,1
ldoscd,1,0,1
ldow,1,1,2
ldp,2,1,3
ldr,4,2,6
ldre,0,1,1
ldrs,4,2,6
lds,2,5,7
ldsjournal,1,0,1
ldtkband,0,1,1
ldv,0,1,1
ldy,0,1,1
le,251,283,534
lea,20,44,64
leaaaa,1,1,2
leaaaaaaaaaaaave,1,0,1
leaaaaave,4,0,4
leaaaaveee,1,0,1
leaaaaving,0,1,1
leaaah,1,0,1
leaaan,0,2,2
leaaave,1,0,1
leaaaving,1,0,1
leaaavvveee,1,0,1
leaarning,0,1,1
leaast,0,1,1
leaave,1,0,1
leaavin,1,0,1
leaaving,0,1,1
leaavveee,1,0,1
leaba,1,0,1
leabe,1,0,1
leace,1,1,2
leach,2,0,2
leaches,1,0,1
leaching,1,0,1
leacing,2,0,2
lead,269,330,599
leaden,0,1,1
leader,77,101,178
leaderbd,0,1,1
leaderboard,5,2,7
leaderboards,1,0,1
leaders,24,49,73
leadership,44,61,105
leadger,1,0,1
leadig,0,1,1
leadin,2,1,3
leading,79,95,174
leadinn,1,0,1
leadmill,0,1,1
leadoff,1,0,1
leadout,1,0,1
leadouts,0,1,1
leads,76,82,158
leadtime,0,1,1
leadville,0,1,1
leae,0,1,1
leaf,43,59,102
leafblower,1,0,1
leafbusters,0,1,1
leafed,1,0,1
leafeon,0,1,1
leafers,1,1,2
leafhanger,1,0,1
leafies,1,0,1
leafing,1,0,1
leaflet,12,6,18
leafleting,0,1,1
leaflets,4,4,8
leaflettin,1,0,1
leafpeddler,0,1,1
leafs,9,9,18
leaft,1,1,2
leafy,2,1,3
leagacy,0,1,1
leages,0,1,1
leagisla,1,0,1
leaglly,0,1,1
league,176,174,350
leaguecup,0,1,1
leagueoflegends,0,1,1
leagues,3,6,9
leah,69,96,165
leahh,1,0,1
leahhebert,0,1,1
leahoneill,0,1,1
leahs,1,3,4
leahy,0,2,2
leak,142,39,181
leakage,6,1,7
leake,0,1,1
leaked,99,51,150
leakerrrs,1,0,1
leakers,1,0,1
leakey,0,1,1
leakin,4,0,4
leaking,89,15,104
leaks,32,24,56
leaky,25,6,31
leakycon,12,6,18
leakyfloo,1,0,1
leakyflu,1,0,1
leal,2,1,3
leam,0,2,2
leame,1,0,1
leamer,1,0,1
leamington,4,7,11
lean,48,59,107
leanalove,0,1,1
leander,1,2,3
leandra,1,0,1
leandro,1,2,3
leane,0,2,2
leaned,2,5,7
leaner,2,2,4
leanin,2,1,3
leaning,43,64,107
leanings,0,3,3
leann,2,12,14
leanna,4,1,5
leanne,16,23,39
leannee,0,1,1
leannes,0,3,3
leanr,0,1,1
leans,3,1,4
leant,3,2,5
leanzack,0,1,1
leap,20,38,58
leaped,2,1,3
leapfrog,1,2,3
leapgamers,0,1,1
leaping,1,6,7
leapord,1,0,1
leaps,2,4,6
leapt,2,3,5
leapyear,1,0,1
lear,7,3,10
leared,0,1,1
learin,1,0,1
learing,9,13,22
learining,1,0,1
learjet,0,1,1
learly,0,1,1
learn,1113,1324,2437
learncourtney,1,0,1
learnd,2,4,6
learndirect,1,0,1
learned,378,548,926
learnedon,1,0,1
learnedtoday,1,0,1
learner,4,16,20
learnerd,0,1,1
learners,2,7,9
learnf,1,0,1
learng,1,0,1
learnhub,0,1,1
learnig,3,1,4
learnin,20,20,40
learninf,0,1,1
learning,546,887,1433
learningplace,1,0,1
learnings,1,3,4
learninnn,0,1,1
learnjapanesepod,0,1,1
learnmktingsim,0,1,1
learnn,1,0,1
learnng,0,1,1
learns,11,10,21
learnt,90,107,197
learntagalognow,0,1,1
lears,1,0,1
leary,2,7,9
learys,0,1,1
leas,2,0,2
leasat,0,1,1
lease,64,43,107
leased,1,1,2
leaseee,1,0,1
leaseeeeeeeee,1,0,1
leaseeeeeeeeee,1,0,1
leasehold,1,0,1
leaser,0,1,1
leases,1,2,3
leaseweb,0,2,2
leash,16,19,35
leasha,1,0,1
leashed,2,1,3
leashes,2,2,4
leaside,2,0,2
leasing,4,4,8
leason,2,0,2
leasr,1,0,1
leasssst,1,0,1
leassuitcase,0,1,1
least,4202,3816,8018
leaste,1,0,1
leasting,1,0,1
leasttt,0,1,1
leastvi,0,1,1
leastwise,0,1,1
leasure,0,1,1
leasy,1,0,1
leat,1,4,5
leata,0,2,2
leaters,1,0,1
leathal,1,1,2
leatham,1,0,1
leathenhall,0,1,1
leather,103,109,212
leatherbys,1,0,1
leatherclad,0,1,1
leathered,1,0,1
leatherette,1,1,2
leatherhead,3,1,4
leatherman,3,1,4
leathermouth,3,5,8
leathers,7,4,11
leatherwood,0,1,1
leathery,1,1,2
leathr,0,1,1
leats,1,5,6
leauge,4,0,4
leav,7,3,10
leave,5548,2351,7899
leaved,3,1,4
leaveded,1,0,1
leavee,9,3,12
leaveee,4,3,7
leaveeee,5,1,6
leaveeeee,3,2,5
leaveeeeee,6,1,7
leaveeeeeee,1,0,1
leavein,4,0,4
leaveing,9,5,14
leaveinggggggg,1,0,1
leaveit,0,1,1
leavel,1,1,2
leaven,1,0,1
leavenotrace,0,1,1
leavenworth,1,1,2
leaver,0,3,3
leaverobalone,1,0,1
leavers,25,14,39
leaves,742,179,921
leavess,1,0,1
leavestomorrow,1,0,1
leavethe,0,1,1
leavi,1,0,1
leavig,0,1,1
leaviiing,1,0,1
leaviin,0,1,1
leaviinnggg,0,1,1
leavimg,2,0,2
leavin,237,86,323
leaving,3957,1376,5333
leavingg,5,2,7
leavinggg,2,3,5
leavingggg,4,1,5
leavinggggggg,1,0,1
leavings,2,0,2
leavinng,1,0,1
leavinq,5,1,6
leavinqq,1,0,1
leavins,2,0,2
leavitt,0,1,1
leavn,13,1,14
leavng,2,0,2
leavs,0,1,1
leavve,1,0,1
leavvin,1,0,1
leavvvinng,1,1,2
leawood,0,1,1
leaww,2,0,2
leayshia,0,2,2
leb,1,4,5
lebah,1,1,2
lebaih,1,0,1
lebananana,1,0,1
lebanese,12,12,24
lebanon,16,23,39
lebanonelections,1,6,7
lebaran,0,1,1
lebaron,1,0,1
lebasket,1,0,1
lebat,0,1,1
lebay,1,3,4
lebeau,0,2,2
leben,1,2,3
lebeouf,1,2,3
lebeoufjsnbsh,0,1,1
lebi,1,0,1
lebih,8,11,19
leblanc,0,1,1
leblon,1,1,2
lebnani,0,1,1
lebon,1,0,1
lebonon,1,0,1
lebootcamp,0,1,1
lebouf,0,2,2
lebouff,0,1,1
lebowski,5,8,13
lebron,261,156,417
lebronda,0,1,1
lebrons,4,0,4
lebroo,1,0,1
lebs,1,0,1
lebt,0,1,1
leburrrrr,1,0,1
lec,5,2,7
lecanto,0,1,1
leccy,1,0,1
leceh,1,0,1
lecek,0,1,1
lech,1,0,1
lechai,1,0,1
leche,8,7,15
lecheng,1,1,2
leches,4,2,6
lechessss,1,0,1
lechon,1,4,5
lechuck,2,0,2
lechuga,1,1,2
leciester,0,1,1
lecister,1,0,1
lecker,0,3,3
lecky,1,0,1
leclerc,1,0,1
lecole,0,1,1
lecom,1,0,1
lecool,1,0,1
lecrae,0,2,2
lecruring,1,0,1
lecso,0,1,1
lecter,2,2,4
lectionary,0,1,1
lector,0,1,1
lectoring,0,1,1
lectors,0,1,1
lectric,1,0,1
lects,1,0,1
lecture,130,84,214
lectured,7,3,10
lectureer,1,0,1
lecturer,15,12,27
lecturers,3,3,6
lectures,48,31,79
lecturing,5,5,10
led,90,82,172
leda,1,0,1
ledbury,0,2,2
ledd,2,4,6
leddy,1,0,1
ledebronx,0,1,1
lederhosen,1,3,4
ledg,1,0,1
ledgand,0,1,1
ledge,21,19,40
ledgeeee,0,2,2
ledgend,3,4,7
ledgendary,1,0,1
ledgendddd,0,1,1
ledgends,0,2,2
ledger,48,11,59
ledgers,0,1,1
ledges,2,1,3
ledi,1,0,1
ledisi,2,1,3
ledj,0,1,1
ledley,2,0,2
ledn,1,0,1
ledo,1,0,1
ledouche,0,1,1
ledoux,0,1,1
leds,2,4,6
ledzep,1,0,1
ledzepplin,0,1,1
lee,214,304,518
leea,3,0,3
leeaave,1,0,1
leeadership,1,0,1
leeana,1,0,1
leeandra,0,1,1
leeann,2,1,3
leeanna,1,0,1
leeanne,1,1,2
leeantz,1,0,1
leeast,1,0,1
leeave,1,0,1
leeb,0,1,1
leebrick,1,0,1
leech,5,2,7
leechblock,0,1,1
leechburg,1,0,1
leechee,1,0,1
leecher,1,0,1
leechers,4,0,4
leeches,2,5,7
leeching,3,1,4
leechon,0,1,1
leed,9,4,13
leedom,1,0,1
leedrake,1,0,1
leeds,131,109,240
leedsbizweek,0,1,1
leedsing,1,0,1
leedsunited,1,0,1
leedy,3,0,3
leee,0,4,4
leeeaaavvvee,1,0,1
leeee,3,1,4
leeeeaaaave,1,0,1
leeeeaaarrrniing,1,0,1
leeeeader,0,1,1
leeeeave,2,0,2
leeeee,0,2,2
leeeeeave,1,0,1
leeeeeavin,0,1,1
leeeeeds,0,1,1
leeeeeeeeds,1,0,1
leeeeeeeeeave,1,0,1
leeeeeeeeeeeeeeeeeeeee,1,0,1
leeeeeeeeeeeeeeeeeeeeeeeeeeeeeeee,1,0,1
leeeeeeeeeeeeeroy,0,1,1
leeeeeeft,0,1,1
leeeeets,0,1,1
leeeeze,0,1,1
leeefftt,1,0,1
leeenta,1,0,1
leees,1,1,2
leeetiiciareally,1,0,1
leeetle,2,0,2
leeets,0,1,1
leeft,1,1,2
leeftijd,0,1,1
leeftovers,1,0,1
leeg,1,0,1
leeh,0,2,2
leehao,1,0,1
leehom,0,1,1
leej,0,1,1
leejay,0,1,1
leek,9,8,17
leekanghee,0,1,1
leekkkk,1,0,1
leeks,1,5,6
leekspin,0,1,1
leeky,0,1,1
leela,6,3,9
leelan,0,1,1
leeland,1,2,3
leelee,1,0,1
leeleered,1,2,3
leelees,0,1,1
leelo,0,1,1
leeloo,2,1,3
leemacaulay,1,0,1
leeme,1,0,1
leemelooonee,1,0,1
leemur,1,1,2
leen,3,0,3
leena,0,1,1
leenie,0,1,1
leens,1,1,2
leeodden,0,1,1
leep,3,1,4
leepies,0,1,1
leepunx,1,0,1
leepy,0,1,1
leer,5,3,8
leerone,0,1,1
leery,2,0,2
lees,4,4,8
leesa,0,1,1
leesan,0,1,1
leesburg,4,0,4
leesh,4,7,11
leesha,2,7,9
leeshpaugasol,0,1,1
leeshriveragasol,0,1,1
leeshrivergasol,0,1,1
leeshy,1,1,2
leesmallwood,0,1,1
leeson,1,1,2
leess,0,1,1
leessh,0,1,1
leest,0,2,2
leesville,0,1,1
leesylvania,1,0,1
leet,3,5,8
leetard,1,0,1
leeted,1,0,1
leeter,1,0,1
leeting,0,1,1
leetle,3,2,5
leets,0,3,3
leeuloop,0,1,1
leeum,1,0,1
leeuw,1,0,1
leeuwarden,3,0,3
leeuwtje,1,0,1
leeve,1,0,1
leevi,1,0,1
leevn,0,1,1
leewang,0,1,1
leeway,1,0,1
leeyah,1,0,1
leez,0,1,1
leeza,1,2,3
leeze,2,2,4
leezle,1,0,1
leezy,0,1,1
leezzz,0,1,1
lef,2,3,5
lefal,0,1,1
lefebvre,1,0,1
lefernan,1,0,1
lefevre,0,1,1
leff,1,0,1
leffacer,0,1,1
leffe,0,5,5
lefffffffff,0,1,1
leffffttt,1,0,1
leffingwell,0,1,1
lefft,1,0,1
lefftt,1,0,1
lefleur,1,0,1
lefover,0,1,1
lefside,1,0,1
left,8262,3234,11496
lefted,6,0,6
leftfield,0,2,2
lefthand,0,1,1
lefthanded,1,0,1
lefthanders,0,1,1
leftie,1,1,2
lefties,3,2,5
leftist,0,2,2
leftists,1,1,2
leftlaneceo,0,1,1
leftlower,1,0,1
leftout,1,0,1
leftover,54,74,128
leftovers,54,67,121
leftoversforlunch,0,1,1
leftoverture,1,0,1
leftrightleft,1,1,2
leftrightleftrightleft,2,3,5
lefts,1,3,4
leftside,1,0,1
leftt,5,2,7
leftted,1,0,1
lefttt,2,4,6
leftttt,0,3,3
lefttttt,0,1,1
leftttttt,0,2,2
lefttttttttttttttttt,0,1,1
lefty,4,18,22
leftys,0,1,1
leg,1038,327,1365
lega,0,2,2
legaaa,0,1,1
legaaaa,0,1,1
legaaaal,0,1,1
legaal,0,3,3
legacies,0,1,1
legacy,29,35,64
legais,1,0,1
legal,126,209,335
legaldocs,0,1,1
legalese,1,1,2
legalisation,0,1,1
legalise,2,1,3
legalities,3,0,3
legality,2,1,3
legalization,3,2,5
legalize,1,5,6
legalized,1,4,5
legalizes,0,1,1
legalizing,0,3,3
legalll,0,1,1
legalllll,0,1,1
legally,53,67,120
legals,1,1,2
legaltorrents,1,0,1
legalzinhoo,0,1,1
legand,0,1,1
legands,0,1,1
legard,1,2,3
legarda,0,1,1
legards,0,1,1
legaspi,0,1,1
legato,1,0,1
legaue,0,1,1
legazpi,1,1,2
legba,0,1,1
legen,3,1,4
legend,99,212,311
legendary,30,47,77
legendceo,0,1,1
legendd,0,1,1
legenddd,0,1,1
legende,0,3,3
legenderyy,0,1,1
legendoftheseeker,1,0,1
legendry,0,2,2
legends,20,48,68
legendz,0,1,1
leger,1,1,2
leges,1,0,1
legfreeze,1,0,1
legg,1,1,2
leggage,0,1,1
leggard,2,0,2
legge,1,1,2
legged,17,22,39
leggedand,0,1,1
leggedness,0,1,1
leggeds,0,1,1
legger,1,2,3
leggers,1,2,3
leggete,0,1,1
leggetter,0,1,1
leggg,1,1,2
leggggggggg,0,1,1
leggggsss,1,0,1
leggies,3,0,3
leggin,0,1,1
legging,2,1,3
leggings,25,28,53
leggins,2,1,3
leggo,1,0,1
leggs,1,0,1
leggy,6,1,7
leghumping,1,0,1
legibility,0,1,1
legible,3,2,5
legiitt,1,0,1
legio,0,1,1
legion,1,10,11
legions,0,2,2
legislated,1,1,2
legislation,6,3,9
legislations,0,1,1
legislative,1,2,3
legislators,0,1,1
legislature,2,1,3
legit,115,141,256
legitemate,0,1,1
legitimacy,1,0,1
legitimate,10,19,29
legitimately,8,5,13
legitimized,0,1,1
legitimizing,0,1,1
legitly,2,0,2
legits,0,1,1
legittt,0,2,2
legittttt,0,1,1
legjobb,0,1,1
legless,3,2,5
leglis,0,1,1
legnth,1,0,1
lego,59,61,120
legoland,4,10,14
legolas,1,2,3
legon,0,1,1
legong,0,1,1
legos,10,13,23
legroom,2,0,2
legros,0,1,1
legs,1005,488,1493
legss,1,1,2
legsss,2,0,2
legssss,0,1,1
legt,1,0,1
leguin,0,2,2
legumes,1,0,1
legups,1,0,1
legwarmers,1,1,2
legwear,0,1,1
legwork,1,0,1
legz,1,0,1
leh,42,22,64
lehearche,1,0,1
lehet,1,0,1
lehh,1,0,1
lehhh,1,2,3
lehhhh,1,1,2
lehhhhh,1,0,1
lehhhhhhh,1,0,1
lehi,1,1,2
lehigh,0,4,4
lehit,0,1,1
lehitraot,1,0,1
lehman,1,0,1
lehmo,0,1,1
lehmsml,1,0,1
lehne,1,0,1
lehrer,1,2,3
lehua,0,1,1
lehz,2,5,7
lei,16,21,37
leia,9,16,25
leiahs,1,0,1
leiann,0,1,1
leibe,0,1,1
leibovitz,0,2,2
leibowitz,0,2,2
leic,1,0,1
leica,10,11,21
leicester,35,39,74
leicesterionians,1,0,1
leicestershire,2,2,4
leicestersquare,1,0,1
leicestertwesta,1,0,1
leichart,0,1,1
leichester,1,0,1
leichhardt,0,2,2
leics,1,1,2
leicster,1,2,3
leid,3,1,4
leidelys,1,0,1
leiden,4,4,8
leider,2,0,2
leiderhossen,0,1,1
leidseplein,0,1,1
leied,0,1,1
leif,0,2,2
leifert,1,0,1
leifnisan,1,0,1
leigh,21,34,55
leigha,1,2,3
leighan,0,1,1
leighann,2,0,2
leighanne,1,1,2
leighinas,1,0,1
leighkid,0,1,1
leighton,44,42,86
leii,1,0,1
leiii,1,0,1
leiiin,0,1,1
leik,1,0,1
leila,12,6,18
leilani,2,2,4
leilas,0,1,1
leilet,1,0,1
leili,1,0,1
leiline,0,1,1
leim,1,0,1
lein,1,1,2
leinad,0,1,1
leinenkugel,0,1,1
leing,1,0,1
leinie,2,0,2
leinies,0,1,1
leinster,10,6,16
leinweber,0,1,1
leipheimer,1,0,1
leipzig,2,8,10
leiry,1,0,1
leis,1,7,8
leish,1,0,1
leisha,3,0,3
leisten,1,0,1
leisure,16,30,46
leisureee,0,1,1
leisurely,8,12,20
leite,0,1,1
leiters,0,1,1
leites,3,0,3
leith,2,2,4
leitrim,0,1,1
leiu,0,1,1
leixlip,0,1,1
leixslipp,1,0,1
leizbein,0,1,1
lej,0,1,1
lejal,1,0,1
lejeune,1,2,3
lejewski,0,1,1
lejog,0,1,1
lejos,1,0,1
lek,3,1,4
lekarstwo,0,1,1
lekaslah,1,0,1
leke,0,1,1
lekers,0,1,1
leki,2,0,2
lekin,0,1,1
lekke,1,0,1
lekker,0,3,3
lekman,1,2,3
leks,0,1,1
lektions,1,0,1
lel,1,1,2
lela,0,4,4
lelah,1,0,1
lelaina,0,1,1
lelajarse,0,1,1
lelame,1,0,1
leland,3,6,9
lele,7,5,12
lelekins,0,1,1
lelelelele,0,1,1
lelet,2,1,3
leli,0,1,1
lelli,0,1,1
lello,1,1,2
lellow,1,0,1
lelly,0,1,1
lelong,0,1,1
leloo,1,0,1
lelouch,1,3,4
leloup,0,1,1
lely,1,0,1
lelystad,0,1,1
lem,7,2,9
lemah,1,0,1
lemak,12,8,20
lemans,2,3,5
lemar,4,1,5
lemars,0,1,1
lemarvin,0,1,1
lembap,1,0,1
lembi,0,1,1
lembra,1,1,2
lembrando,1,0,1
lembrar,0,1,1
lembro,1,1,2
leme,2,7,9
lemeeeeees,1,0,1
lemeeesss,1,0,1
lement,2,0,2
lemes,3,0,3
lemesee,0,1,1
lemesh,1,0,1
lemeul,1,0,1
lemi,0,3,3
lemieux,0,2,2
leming,2,1,3
lemington,1,0,1
lemlers,0,1,1
lemma,3,0,3
lemme,123,289,412
lemmeknow,0,1,1
lemmi,0,1,1
lemmie,0,6,6
lemmiiiin,0,1,1
lemming,3,2,5
lemmings,2,3,5
lemmme,0,1,1
lemmon,1,2,3
lemmons,1,0,1
lemmy,4,3,7
lemo,0,1,1
lemon,130,266,396
lemonade,86,157,243
lemonadeday,0,1,1
lemonadee,0,1,1
lemonades,2,3,5
lemonaid,1,2,3
lemonaide,3,2,5
lemonaids,1,0,1
lemonberry,0,1,1
lemoncello,0,2,2
lemond,3,1,4
lemondade,0,1,1
lemondetox,1,0,1
lemondowneys,1,0,1
lemondrop,0,3,3
lemondrops,0,1,1
lemondta,1,0,1
lemongeneration,0,1,1
lemongrass,3,9,12
lemonhead,0,3,3
lemonheads,0,5,5
lemonjello,1,0,1
lemonjuice,0,1,1
lemons,33,43,76
lemont,0,1,1
lemontea,1,0,1
lemontree,1,0,1
lemony,2,6,8
lemoore,1,0,1
lemot,3,0,3
lemott,1,0,1
lempar,0,1,1
lempicka,1,0,1
lempsip,1,0,1
lempsips,1,0,1
lemsip,30,8,38
lemsips,1,0,1
lemuel,0,1,1
lemur,4,8,12
lemuria,1,1,2
lemurs,3,3,6
len,19,14,33
lena,21,27,48
lenaaa,1,0,1
lenaheadeylove,1,0,1
lenara,1,0,1
lenard,0,1,1
lenards,0,1,1
lenceli,0,2,2
lenchen,0,1,1
lend,72,57,129
lenddddd,1,0,1
lended,1,0,1
lendee,0,1,1
lendel,1,0,1
lender,2,3,5
lenders,3,1,4
lendi,0,1,1
lending,12,18,30
lendingrights,1,0,1
lendinkegul,1,0,1
lendo,1,3,4
lendog,1,0,1
lendon,2,0,2
lendrum,1,0,1
lends,1,1,2
lene,8,3,11
lenee,0,1,1
lenevesc,0,1,1
leng,1,4,5
lenga,1,0,1
lengad,1,0,1
lengang,0,1,1
lenge,1,0,1
lengendary,0,1,1
lengends,1,0,1
lenggok,1,0,1
lenght,1,2,3
lenghth,1,0,1
lenghts,1,0,1
lengkap,1,0,1
lengkapnya,0,1,1
lenglen,1,2,3
length,72,66,138
lengthen,0,2,2
lengthened,0,1,1
lengthening,1,0,1
lengthly,0,1,1
lengths,8,17,25
lengthy,10,7,17
lengua,0,2,2
lenguage,0,1,1
lenguaje,0,1,1
leni,6,3,9
leniant,0,1,1
leniantly,1,0,1
leniency,0,1,1
lenient,0,4,4
leniiiii,0,1,1
lenin,2,5,7
leningradskoe,0,1,1
leninists,1,0,1
lenk,0,1,1
lenka,4,17,21
lenkaaa,0,1,1
lenkas,1,0,1
lenke,0,1,1
lenkkkk,0,1,1
lenlow,1,0,1
lenn,1,0,1
lennart,0,1,1
lennertz,1,0,1
lenni,2,0,2
lennie,2,0,2
lennnyy,0,1,1
lenno,1,0,1
lennon,15,26,41
lennons,0,1,1
lennox,0,3,3
lennoxtown,1,0,1
lenny,23,29,52
lennys,1,1,2
leno,338,127,465
lenoleaves,1,0,1
lenon,0,1,1
lenorelolita,0,1,1
lenos,14,1,15
lenoss,0,1,1
lenovo,15,7,22
lenox,10,5,15
lenoxdale,0,1,1
lenoxsex,1,0,1
lenry,0,1,1
lens,134,118,252
lensbaby,1,4,5
lenscrafters,1,0,1
lense,12,3,15
lenses,49,65,114
lensey,1,0,1
lensing,0,1,1
lensmasters,0,1,1
lenspro,1,0,1
lenss,0,1,1
lent,30,16,46
lental,0,1,1
lente,0,1,1
lentels,1,0,1
lenten,0,1,1
lentil,4,13,17
lentils,3,6,9
lentilsoupbetch,1,0,1
lento,2,0,2
lentor,0,1,1
lenty,1,0,1
lentz,1,0,1
leny,0,2,2
lenya,1,0,1
lenzie,1,0,1
lenzy,1,0,1
leo,62,122,184
leobra,0,1,1
leoburnett,0,1,1
leodis,0,1,1
leoguy,0,1,1
leon,77,159,236
leona,17,19,36
leonade,0,1,1
leonard,27,28,55
leonardo,11,8,19
leonardos,1,0,1
leonards,2,0,2
leonas,1,0,1
leonda,1,0,1
leone,1,1,2
leonens,1,0,1
leonerie,0,1,1
leong,1,2,3
leoni,1,0,1
leonidas,2,1,3
leonie,5,2,7
leoning,0,1,1
leonistc,1,0,1
leonjackson,0,1,1
leonnard,0,1,1
leonnie,1,0,1
leonnn,0,1,1
leonnnnnnn,0,1,1
leonora,1,1,2
leonorams,1,0,1
leonrad,0,1,1
leons,4,1,5
leoooo,1,0,1
leopard,91,72,163
leopards,3,3,6
leopaz,0,1,1
leoplurodon,0,1,1
leopold,6,7,13
leos,1,5,6
leotard,2,12,14
leotards,0,2,2
leoy,2,0,2
lep,2,5,7
lepak,0,4,4
lepaking,1,2,3
lepard,0,1,1
lepards,0,1,1
lepas,0,4,4
lepe,0,1,1
lepearl,1,0,1
lepeep,1,0,1
leper,3,0,3
lepercans,1,0,1
lepi,0,1,1
lepliage,1,0,1
lepo,0,1,1
lepoint,0,1,1
lepord,1,1,2
lepore,1,0,1
leppan,0,1,1
leppard,11,13,24
leppers,1,0,1
leppord,1,0,1
lepracy,1,0,1
leprasia,1,0,1
leprasy,0,1,1
leprechan,1,0,1
leprechaun,8,5,13
leprechauns,3,2,5
lepromatous,0,1,1
leprosia,1,0,1
leprosy,1,2,3
lept,1,0,1
leptons,1,0,1
leptop,1,0,1
lepu,1,1,2
leqq,1,0,1
leqs,1,0,1
leqving,1,0,1
ler,10,10,20
leran,1,0,1
leraning,1,1,2
lerche,0,1,1
lerdo,1,1,2
leren,3,0,3
lerenga,1,1,2
lerff,0,1,1
lergy,1,0,1
lerin,0,1,1
lerk,1,0,1
lerker,0,1,1
lerking,1,0,1
lermall,0,1,1
lermas,0,1,1
lermont,0,1,1
lern,4,1,5
lernd,1,0,1
lernen,1,0,1
lerning,1,2,3
lernt,0,1,1
lero,1,1,2
leroi,8,0,8
lerose,0,1,1
leroux,0,1,1
leroy,4,3,7
lerry,1,0,1
lert,0,1,1
lerve,1,0,1
lervz,0,1,1
lerwes,0,1,1
lerwick,1,0,1
les,78,128,206
lesa,1,7,8
lesangna,1,0,1
lesarmitage,1,0,1
lesbatron,1,0,1
lesbi,0,1,1
lesbian,65,73,138
lesbianas,0,1,1
lesbianisity,0,1,1
lesbianism,1,0,1
lesbians,16,17,33
lesbiansss,0,1,1
lesbiians,0,1,1
lesbion,0,1,1
lesbo,2,8,10
lesbong,1,0,1
lesbos,1,3,4
leschi,0,1,1
lesciter,1,0,1
lese,2,0,2
lesem,1,0,1
lesen,2,1,3
lesers,0,2,2
lesesal,1,0,1
lesgo,0,1,1
lesh,0,4,4
lesha,0,1,1
leshawns,1,0,1
lesia,0,2,2
lesigh,0,2,2
lesin,0,1,1
lesla,0,1,1
leslea,0,1,1
lesleh,1,0,1
leslerrrs,1,0,1
lesley,14,21,35
lesleys,2,0,2
lesli,1,2,3
leslie,39,52,91
lesliee,0,1,1
leslies,1,0,1
lesma,1,0,1
lesmiester,1,0,1
lesmills,0,1,1
lesnac,1,0,1
lesnar,1,0,1
lesnodorski,0,1,1
leso,0,1,1
lesoon,0,1,1
lesportsac,0,1,1
lespresso,0,1,1
less,1901,1606,3507
lessaccounting,1,0,1
lessan,0,1,1
lessat,0,1,1
lessay,0,1,1
lessbe,0,1,1
lesscss,1,0,1
lesse,1,0,1
lessen,5,4,9
lessened,5,1,6
lessening,1,3,4
lessens,1,0,1
lesseon,1,0,1
lesser,14,19,33
lessh,0,1,1
lessig,0,2,2
lession,0,2,2
lessions,1,1,2
lessly,1,0,1
lesso,0,1,1
lesson,555,503,1058
lessong,1,0,1
lessons,256,319,575
lessoon,0,1,1
lessoooooooooon,1,0,1
lesssbeehon,0,1,1
lesssss,1,0,1
lessssson,0,1,1
lest,18,12,30
lestat,4,4,8
lestatquotes,0,1,1
leste,0,1,1
lester,7,14,21
lesters,1,0,1
lestoil,0,1,1
lestrange,0,1,1
lesvos,1,0,1
lesz,2,2,4
leszno,1,0,1
let,6530,8517,15047
leta,0,1,1
letade,0,1,1
letadla,1,0,1
letadlu,1,0,1
letang,1,1,2
letangsexhair,1,1,2
letangssexhair,0,2,2
letch,0,2,2
letcha,1,5,6
letdown,49,8,57
letdowns,1,0,1
letds,1,0,1
lete,0,1,1
letech,2,2,4
leter,1,1,2
leters,1,0,1
letests,1,0,1
letgetthis,1,0,1
letgo,1,0,1
lethal,9,13,22
lethargic,40,5,45
lethargy,6,1,7
lethbridge,2,1,3
lethe,0,1,1
lether,1,0,1
lethes,0,1,1
lethon,0,1,1
lethtweetup,1,0,1
lethy,0,1,1
leti,0,3,3
leticia,0,1,1
leticiaah,0,1,1
letih,1,0,1
letin,4,1,5
letina,0,1,1
leting,2,1,3
letitia,1,1,2
letme,1,3,4
letmego,1,0,1
letmesign,1,0,1
letn,1,1,2
letna,0,1,1
letng,1,0,1
leto,7,8,15
letocq,0,2,2
letos,0,1,1
letoy,1,0,1
letoya,2,10,12
letragique,0,1,1
letran,0,1,1
lets,688,1819,2507
letsall,1,0,1
letscme,1,0,1
letsdancebaby,0,1,1
letsdobusiness,1,0,1
letsdrumthis,0,1,1
letseatstrawpasta,0,1,1
letsgetthis,1,5,6
letsgetthisorg,2,0,2
letsgo,1,0,1
letsgopens,0,3,3
letsgoredwings,0,1,1
letshost,1,0,1
letsjust,0,1,1
letsmakeamess,0,2,2
letsmakeamesstour,0,1,1
letsmakeastartupbycopyinsomeyanks,0,1,1
letss,1,1,2
letssss,0,1,1
letstalkfatloss,1,0,1
letsz,2,0,2
lett,0,1,1
letta,0,1,1
lette,1,1,2
letter,330,289,619
letterblox,0,1,1
letterbomb,1,0,1
letterbox,9,4,13
letterboxed,1,0,1
letterboxing,0,1,1
letterday,1,0,1
lettered,1,1,2
letterettes,0,1,1
letterfrack,1,1,2
lettergirl,0,1,1
letterhead,1,4,5
lettering,3,3,6
letterkenny,2,0,2
letterma,0,1,1
letterman,51,33,84
lettermen,0,1,1
letterpress,2,4,6
letterreconicer,0,1,1
letters,141,144,285
lettersnshit,1,0,1
letti,1,1,2
lettics,0,1,1
lettiing,1,0,1
lettin,32,16,48
letting,582,489,1071
lettingg,1,0,1
lettings,1,0,1
lettinq,0,1,1
lettle,1,0,1
lettler,1,0,1
lettn,2,0,2
lettng,0,1,1
lettrs,1,0,1
letts,1,0,1
lettt,1,0,1
lettting,0,1,1
letttt,0,1,1
lettttt,0,1,1
lettuce,49,62,111
lettucegirl,1,0,1
lettuces,5,2,7
lettus,0,1,1
letty,1,2,3
letu,1,0,1
letuce,2,0,2
letus,1,0,1
letwellshavespotifybackonhercomputer,1,0,1
lety,1,0,1
letyou,0,1,1
letz,0,3,3
letzte,2,0,2
letzteres,1,0,1
leu,0,1,1
leuk,0,11,11
leukaemia,2,1,3
leuke,0,7,7
leukemia,14,3,17
leukimia,1,0,1
leundeadhorreur,1,0,1
leung,0,2,2
leurs,1,0,1
leusa,0,1,1
leusden,0,1,1
leute,0,5,5
leutkirch,0,1,1
leutz,1,0,1
leuven,3,2,5
leuzinger,0,1,1
lev,3,5,8
leva,1,0,1
levae,1,1,2
levain,1,0,1
leval,1,0,1
levando,1,0,1
levant,0,1,1
levar,1,3,4
levato,1,0,1
leve,4,5,9
levee,2,1,3
levees,0,1,1
levefre,1,0,1
level,445,443,888
leveland,1,0,1
leveled,8,6,14
leveling,10,7,17
levelled,2,1,3
levelling,1,2,3
levels,158,125,283
levene,1,0,1
leventar,1,0,1
levenwicker,1,0,1
lever,7,2,9
leverage,10,22,32
leveragers,1,0,1
leveraging,2,2,4
leverkusen,1,1,2
leverluti,1,0,1
levers,1,1,2
levert,0,1,1
levesque,0,1,1
levetating,1,0,1
levi,19,26,45
leviathan,3,2,5
levien,1,0,1
levin,2,2,4
levine,3,5,8
leving,2,0,2
levinson,1,0,1
levion,0,1,1
levis,2,4,6
levistone,0,1,1
levitate,2,2,4
levitating,1,0,1
levitation,1,0,1
levites,1,0,1
leviticus,0,3,3
levitt,5,1,6
levittown,1,0,1
levity,0,2,2
levje,1,0,1
levon,1,2,3
levre,1,0,1
levu,0,1,1
levvy,2,0,2
levy,2,13,15
levyhoneymoon,1,0,1
levywedding,0,11,11
lew,5,4,9
lewakowski,1,0,1
lewat,4,1,5
lewd,3,2,5
lewdy,0,1,1
lewe,1,0,1
lewes,2,4,6
lewesrocks,0,1,1
lewi,1,1,2
lewie,1,3,4
lewimoore,1,0,1
lewin,0,1,1
lewington,1,0,1
lewinsky,1,0,1
lewis,104,113,217
lewisblack,0,1,1
lewisham,1,0,1
lewishhh,0,1,1
lewisky,0,1,1
lewiston,1,0,1
lewisville,7,2,9
lewknor,1,0,1
lewl,0,1,1
lewlian,0,1,1
lewser,1,0,1
lewsey,1,0,1
lewsi,0,1,1
lewy,1,0,1
lewzure,0,1,1
lex,38,53,91
lexa,1,2,3
lexany,0,1,1
lexanys,0,1,1
lexapro,1,0,1
lexar,0,1,1
lexas,0,1,1
lexashnexa,0,1,1
lexay,0,1,1
lexeedaly,0,1,1
lexey,0,1,1
lexi,28,35,63
lexiboo,0,1,1
lexical,0,1,1
lexicon,1,4,5
lexidust,0,1,1
lexie,12,11,23
lexies,0,1,1
lexii,0,1,1
lexingtion,0,1,1
lexington,28,20,48
lexingtong,0,1,1
lexis,0,2,2
lexismore,0,1,1
lexmark,6,0,6
lexo,1,0,1
lexography,0,1,1
lexs,1,2,3
lextain,1,0,1
lexulous,2,1,3
lexus,13,15,28
lexvegas,0,1,1
lexx,3,6,9
lexxa,0,1,1
lexxiiiiii,0,1,1
lexxo,1,0,1
lexxy,1,0,1
lexy,5,5,10
lexyy,0,1,1
lexyyy,0,1,1
lexz,0,1,1
lexzshmexa,0,1,1
ley,3,5,8
leya,1,0,1
leyanlo,0,1,1
leydas,0,1,1
leyendo,1,2,3
leyhunter,0,1,1
leyka,0,1,1
leyla,3,5,8
leyland,0,4,4
leylandii,1,0,1
leylines,0,1,1
leyna,0,1,1
leynalu,1,0,1
leyrock,1,0,1
leys,1,0,1
leysch,0,1,1
leysh,1,0,1
leyszsx,1,0,1
leyte,0,1,1
leyton,6,1,7
lez,3,5,8
lezado,0,1,1
lezba,1,0,1
lezbeans,1,0,1
lezbian,0,1,1
lezbo,0,1,1
leze,0,1,1
lezem,0,1,1
lezgo,1,0,1
lezlee,1,0,1
lezza,1,0,1
lezzer,0,1,1
lezzie,1,0,1
lezzies,0,1,1
lezzy,1,1,2
lezzymom,0,1,1
lezzz,0,1,1
lf,11,4,15
lfa,1,0,1
lfair,0,1,1
lfbaooooooooooooooooooo,0,1,1
lfc,6,4,10
lfcc,2,0,2
lfctv,0,2,2
lfd,0,1,1
lfe,5,2,7
lfg,1,3,4
lfh,0,1,1
lfie,0,1,1
lfj,0,1,1
lfjgsosd,1,0,1
lfkm,1,0,1
lfksajfksjfa,1,0,1
lfksl,1,0,1
lfl,1,2,3
lfmaolfmao,0,1,1
lfms,0,1,1
lfnc,0,1,1
lfns,0,1,1
lfo,2,5,7
lfol,0,2,2
lfp,1,0,1
lfpa,1,0,1
lfs,0,2,2
lfshs,1,0,1
lfsq,1,0,1
lft,9,1,10
lftd,1,0,1
lften,0,1,1
lftf,1,0,1
lftp,1,0,1
lfu,1,0,1
lfy,0,1,1
lfylady,1,0,1
lg,117,108,225
lga,15,5,20
lgan,0,1,1
lgast,1,0,1
lgbt,6,12,18
lgbta,1,0,1
lgbtnetwork,1,0,1
lgbtq,0,3,3
lgc,0,1,1
lge,2,3,5
lget,1,0,1
lgfu,0,1,1
lghed,1,0,1
lghom,1,0,1
lghtwt,0,1,1
lgi,1,2,3
lgirl,0,1,1
lgit,1,0,1
lgjdkla,0,1,1
lgkp,1,0,1
lgm,0,1,1
lgmates,0,1,1
lgoing,1,1,2
lgp,1,1,2
lgr,1,0,1
lgs,2,1,3
lgsg,1,1,2
lgt,1,8,9
lgtf,0,2,2
lgu,0,1,1
lgv,1,1,2
lgw,1,1,2
lgy,0,1,1
lh,8,11,19
lhao,0,1,1
lhasa,3,2,5
lhat,2,0,2
lhc,0,2,2
lhcf,1,0,1
lhdp,0,1,1
lhe,1,1,2
lhen,0,2,2
lhfh,1,0,1
lhh,1,0,1
lhinhui,1,0,1
lho,4,3,7
lhoo,1,0,1
lhooo,1,0,1
lhotp,0,2,2
lhr,18,7,25
lhs,2,2,4
lht,2,3,5
lhurve,1,0,1
li,72,106,178
lia,14,32,46
liaaaaaaaaaaaar,1,0,1
liabary,0,1,1
liabilitie,1,0,1
liabilities,2,0,2
liability,2,3,5
liable,2,2,4
liad,0,1,1
liaf,1,0,1
liagment,1,0,1
liah,1,0,1
liaison,0,2,2
liaisons,0,1,1
liam,52,70,122
liams,2,4,6
liamsaur,1,0,1
lian,3,9,12
liana,1,8,9
lianas,1,0,1
lianbo,0,1,1
liane,3,3,6
liang,2,2,4
lianglin,1,0,1
lianhe,0,1,1
lianhua,0,1,1
lianna,2,1,3
lianne,3,2,5
lians,0,1,1
liao,21,18,39
liaooo,1,1,2
liaos,1,0,1
liaoz,3,2,5
liar,69,59,128
liarns,0,1,1
liarrr,0,1,1
liarrrr,2,0,2
liars,23,8,31
liarth,0,1,1
liasion,0,1,1
liason,1,0,1
liasons,0,1,1
liat,32,24,56
liaw,2,0,2
lib,68,32,100
liban,0,1,1
libans,0,1,1
libanus,1,0,1
libarary,1,0,1
libary,13,2,15
libation,0,1,1
libations,0,1,1
libatkan,1,0,1
libaudio,0,1,1
libb,2,1,3
libba,1,0,1
libbey,1,0,1
libby,26,21,47
libbys,3,1,4
libc,1,0,1
libcamera,0,1,1
libcampnyc,1,0,1
libcurl,0,1,1
libdem,3,2,5
libdems,0,2,2
libe,0,1,1
liber,0,3,3
liberace,0,1,1
liberal,12,34,46
liberalagenda,0,1,1
liberalism,2,2,4
liberalization,0,1,1
liberalized,1,0,1
liberally,2,2,4
liberals,2,14,16
liberate,1,3,4
liberated,2,5,7
liberating,3,20,23
liberation,0,9,9
liberators,1,0,1
libereal,0,1,1
liberia,1,0,1
liberian,1,0,1
libero,1,0,1
libertadodoo,1,0,1
libertadores,1,0,1
libertarian,2,4,6
libertarians,0,2,2
libertas,2,1,3
libertatea,1,0,1
libertated,0,1,1
liberte,0,1,1
liberties,2,2,4
libertines,0,9,9
libertining,1,0,1
liberty,33,49,82
libertys,0,3,3
libertyu,0,1,1
libertyville,0,2,2
libertyvsun,1,0,1
libevent,0,1,1
libey,0,1,1
libi,0,1,1
libido,1,0,1
libigannaaaashe,0,1,1
libis,1,0,1
libk,1,0,1
liblibliblib,0,1,1
liblibs,1,0,1
libliqbase,0,1,1
libln,1,0,1
libous,0,1,1
libpub,0,1,1
libr,0,1,1
libra,11,10,21
librals,0,1,1
libraofasura,0,1,1
librarian,9,11,20
librarians,0,8,8
librarianship,1,0,1
libraries,24,12,36
library,746,441,1187
librarys,0,1,1
librarything,1,2,3
libraryy,1,2,3
libraryyy,0,1,1
libras,1,3,4
libray,2,3,5
libre,6,17,23
librefm,0,2,2
libresse,0,1,1
libretto,1,1,2
librino,0,1,1
libro,2,0,2
librorum,0,1,1
libs,20,12,32
libslapd,0,1,1
libsyn,1,0,1
libtard,0,1,1
libtards,0,1,1
libtorrent,1,0,1
libur,1,2,3
liburaaann,0,1,1
liburan,7,2,9
liburannya,1,0,1
liburnya,2,0,2
libya,2,4,6
libyan,0,1,1
libyans,0,1,1
libz,1,0,1
lic,5,5,10
lica,1,0,1
licata,1,0,1
licca,0,3,3
liccas,0,1,1
licced,1,0,1
licd,1,2,3
lice,10,7,17
licence,47,35,82
licenced,0,2,2
licences,3,1,4
licenci,1,0,1
licencia,2,0,2
licencing,1,1,2
licensce,0,1,1
license,229,198,427
licensease,1,0,1
licensed,11,19,30
licenseee,1,0,1
licensees,1,0,1
licenses,13,10,23
licensing,17,11,28
licensure,0,2,2
licenta,1,2,3
licesence,1,0,1
licesns,0,1,1
lich,0,4,4
licha,1,0,1
lichelle,0,1,1
lichfield,6,6,12
lichtenstine,0,1,1
lici,2,0,2
licia,1,0,1
liciance,0,1,1
licious,10,12,22
liciouz,1,0,1
licit,0,1,1
licita,0,1,1
licitation,0,1,1
licitations,0,5,5
lick,44,87,131
licka,1,0,1
lickalotapus,0,1,1
lickalotapuss,0,1,1
licked,16,8,24
licken,2,0,2
licker,4,1,5
lickers,0,1,1
lickeylickey,0,1,1
lickidy,0,1,1
lickin,3,5,8
licking,28,45,73
lickle,0,1,1
licks,16,26,42
licky,2,0,2
lickymonster,0,1,1
lickystickypickymevia,1,0,1
licnse,1,0,1
lico,0,1,1
licons,0,1,1
licorice,10,18,28
licorices,0,1,1
licqorice,0,1,1
lics,0,1,1
licsence,1,0,1
lictimes,0,1,1
licuria,1,0,1
lid,36,10,46
lidah,1,2,3
lidas,0,1,1
lidat,1,0,1
liddat,2,1,3
liddel,1,1,2
liddell,18,1,19
liddle,2,5,7
liddo,5,5,10
liddol,2,0,2
liddow,0,2,2
liddy,0,1,1
lide,0,2,2
lidel,0,1,1
lidell,2,3,5
lidelle,1,0,1
liden,0,1,1
lidge,4,6,10
lidgies,1,0,1
lidi,0,1,1
lidia,2,1,3
lidias,0,1,1
lidija,0,1,1
liding,0,1,1
lidl,4,9,13
lidless,0,1,1
lidnap,0,1,1
lidnug,0,1,1
lido,7,9,16
lidocain,1,0,1
lidocane,1,0,1
lidooooo,0,1,1
lids,15,9,24
lidz,1,0,1
lie,653,520,1173
lieb,0,2,2
liebe,7,20,27
liebert,0,2,2
liebesgr,0,1,1
liebestod,0,1,1
liebling,0,1,1
lieblingsweevil,0,1,1
liebz,1,0,1
liece,1,0,1
liechtenstein,0,2,2
lied,231,88,319
liee,0,1,1
lieee,1,1,2
lieeee,0,1,1
lieeeed,1,0,1
lieeeeeeed,1,0,1
lieeeeeeeeeeeeeeeeeeeeeeee,0,1,1
lieeeeeees,1,0,1
lief,1,2,3
liefern,0,1,1
liege,0,2,2
lieged,0,1,1
liegha,1,0,1
lieik,1,0,1
liein,1,0,1
lieing,8,5,13
liek,34,29,63
liekmind,1,0,1
liekz,0,1,1
liela,0,1,1
liem,0,1,1
lien,3,4,7
lienenkugel,0,1,1
liens,0,1,1
liep,2,0,2
liepaja,0,1,1
liepi,0,1,1
lier,8,3,11
lierally,1,0,1
liers,1,1,2
lies,156,141,297
liesblindlashes,0,1,1
liesboystell,4,9,13
liesels,0,1,1
liesgirlstell,3,13,16
liesl,0,1,1
liesrapperstell,0,3,3
liesss,0,2,2
liesssss,0,1,1
liest,0,1,1
liestening,0,1,1
liestman,0,1,1
lietas,0,1,1
lietened,1,0,1
liets,0,1,1
lietu,1,0,1
lieu,12,9,21
lieutenant,2,4,6
lieutenants,1,0,1
liev,4,4,8
lieve,0,2,2
lievekeeeeeeeeeeee,1,0,1
liew,1,2,3
liexlip,1,0,1
liez,1,0,1
liezel,0,1,1
liezje,0,1,1
liezl,0,2,2
lif,2,4,6
life,7711,8471,16182
lifea,0,1,1
lifeablastleave,0,1,1
lifeafterliftoff,0,1,1
lifeball,1,0,1
lifebehindadesk,0,1,1
lifebelt,0,1,1
lifeblood,0,2,2
lifeboar,0,1,1
lifeboat,2,1,3
lifecam,1,0,1
lifecenter,0,1,1
lifechanging,0,2,2
lifechurch,0,1,1
lifeco,0,1,1
lifecoach,1,0,1
lifecycle,3,3,6
lifecycles,1,0,1
lifedrawing,0,1,1
lifedrive,0,1,1
lifee,26,18,44
lifeee,18,13,31
lifeeee,9,8,17
lifeeeee,5,3,8
lifeeeeee,1,1,2
lifeeeeeee,0,1,1
lifeeeeeeee,0,1,1
lifeeeeeeeee,0,1,1
lifeeeeeeeeee,0,1,1
lifeeeeeeeeeeeee,0,1,1
lifeeeeeeeeeeeeeeeeeeeeeeeeeeeeeeeeee,1,0,1
lifeeen,0,1,1
lifeestyle,0,1,1
lifefilter,1,0,1
lifefm,1,0,1
lifeforms,0,1,1
lifegame,0,1,1
lifegaurd,2,1,3
lifegoal,0,1,1
lifegroup,1,2,3
lifegroups,1,0,1
lifeguard,11,12,23
lifeguarding,6,12,18
lifeguards,2,3,5
lifehack,0,1,1
lifehacker,8,6,14
lifehouse,10,19,29
lifeisgood,0,1,1
lifeit,1,0,1
lifejacket,1,0,1
lifekl,0,1,1
lifeless,14,0,14
lifelike,1,1,2
lifeline,8,8,16
lifelinelaugh,0,1,1
lifelink,2,0,2
lifelock,2,0,2
lifelong,3,11,14
lifelongaccent,0,1,1
lifemate,0,1,1
lifemates,1,0,1
lifemojo,1,0,1
lifenight,0,1,1
lifenonsense,1,0,1
lifeofahalfie,0,1,1
lifeofanurbanninja,0,1,1
lifepath,0,1,1
lifeps,1,0,1
lifer,0,3,3
liferay,0,3,3
lifers,5,4,9
lifes,65,93,158
lifesaclimb,0,1,1
lifesagamble,1,0,1
lifesaveer,0,1,1
lifesaver,2,14,16
lifesavers,2,5,7
lifesaying,0,1,1
lifesgood,0,1,1
lifesized,0,1,1
lifesong,0,1,1
lifespan,5,3,8
lifespot,0,1,1
lifess,1,1,2
lifesss,0,1,1
lifessss,0,1,1
lifest,1,0,1
lifestory,2,1,3
lifestream,1,3,4
lifestreaming,1,1,2
lifestreams,0,1,1
lifestyle,47,79,126
lifestylers,0,1,1
lifestyles,3,4,7
lifesucker,0,1,1
lifesucks,1,0,1
lifesyte,1,0,1
lifesytle,0,1,1
lifeteams,0,1,1
lifeteen,1,0,1
lifetime,93,130,223
lifetimee,1,0,1
lifetimer,1,0,1
lifetimes,0,2,2
lifewalk,0,1,1
lifewater,1,2,3
lifewriting,1,0,1
lifey,1,4,5
lifez,1,0,1
liffe,0,1,1
liffeeee,1,0,1
liffeeeee,0,1,1
lifffee,0,1,1
lifffeee,1,0,1
lifffffffe,0,1,1
lifguard,0,1,1
lifiting,1,0,1
lifits,1,0,1
lifo,1,1,2
lifou,1,0,1
lift,156,155,311
lifted,37,56,93
lifter,2,2,4
liftercatcher,0,1,1
liftfrance,1,0,1
liftgate,1,0,1
liftime,0,4,4
liftin,0,1,1
lifting,50,51,101
liftingg,1,0,1
liftn,1,0,1
liftoff,1,1,2
lifts,19,22,41
liftses,1,0,1
lig,2,0,2
liga,1,1,2
ligament,35,0,35
ligaments,14,2,16
ligar,1,0,1
ligature,0,1,1
lige,0,1,1
ligeia,1,0,1
liger,1,1,2
ligerments,1,0,1
ligers,0,1,1
ligfiets,0,1,1
ligga,0,1,1
liggers,0,1,1
ligget,1,0,1
liggett,1,0,1
ligging,0,1,1
ligh,0,1,1
lighbulbs,0,1,1
lighiniiiiiiiiiiiiiiiiiiiiiingg,0,1,1
lighning,0,1,1
lighroom,0,1,1
light,888,1002,1890
lightbox,7,6,13
lightboxes,1,0,1
lightbulb,4,10,14
lightbulbs,3,3,6
lightcity,1,0,1
lighted,2,1,3
lighten,20,20,40
lightened,2,4,6
lightener,0,1,1
lightenin,5,0,5
lightening,149,77,226
lighteningggggggggg,0,1,1
lighteningrod,0,1,1
lighteningy,0,1,1
lightens,1,3,4
lighter,78,111,189
lighters,6,5,11
lightest,6,6,12
lightfoot,1,1,2
lighthead,1,0,1
lightheaded,22,4,26
lightheadedddd,1,0,1
lightheadedness,1,0,1
lighthearted,2,2,4
lighthouse,9,22,31
lighthouseapp,0,1,1
lightht,1,0,1
lighties,0,1,1
lightin,1,0,1
lighting,129,91,220
lightings,1,2,3
lightining,3,2,5
lightless,2,0,2
lightly,15,12,27
lightman,1,0,1
lightnening,1,0,1
lightner,0,1,1
lightness,0,4,4
lightniioi,1,0,1
lightnin,2,1,3
lightning,343,184,527
lightninghoof,1,0,1
lightnings,2,2,4
lightnining,1,0,1
lightpainting,0,1,1
lightpiano,0,1,1
lightplanephoto,0,1,1
lightpole,1,0,1
lightr,1,0,1
lightrail,2,3,5
lightrails,0,1,1
lightroom,18,17,35
lightrooming,0,2,2
lights,332,329,661
lightsaber,8,4,12
lightsabers,1,1,2
lightsabor,0,1,1
lightsabre,3,0,3
lightsabres,1,1,2
lightscribe,0,3,3
lightseeds,1,0,1
lightses,0,1,1
lightshow,1,0,1
lightskin,0,4,4
lightskinned,1,2,3
lightsource,0,1,1
lightsout,0,1,1
lightspeed,1,1,2
lightss,1,0,1
lightstalkers,0,1,1
lightstorm,0,1,1
lighttpd,1,0,1
lighttttt,0,1,1
lightwater,0,1,1
lightwave,0,1,1
lightweight,19,16,35
lightweights,1,4,5
lightwindow,1,0,1
lightwire,1,0,1
lightwoods,0,1,1
lightword,0,1,1
lightworker,0,1,1
lighty,0,2,2
lightyear,5,5,10
lightyears,0,1,1
lightzone,1,0,1
ligia,2,0,2
ligiment,1,0,1
ligitamatly,1,0,1
lignano,0,1,1
lignes,0,1,1
ligo,1,2,3
ligonier,0,1,1
ligs,0,1,1
ligtening,0,1,1
ligth,1,1,2
ligths,1,0,1
ligtning,2,0,2
liguistic,1,0,1
liguria,0,1,1
ligy,0,1,1
lihat,3,2,5
lihis,1,0,1
lihting,0,1,1
lihue,0,1,1
lii,0,1,1
liiaaaaamm,0,1,1
liiaarrr,1,0,1
liie,1,0,1
liife,1,1,2
liiffeee,0,1,1
liigado,0,1,1
liight,1,0,1
liih,1,0,1
liiiesss,1,0,1
liiife,4,1,5
liiifeee,0,1,1
liiifeeee,1,0,1
liiifffeee,0,1,1
liiifffeeeee,0,1,1
liiih,0,1,1
liiiiar,1,0,1
liiiied,1,0,1
liiiife,0,2,2
liiiifeees,0,1,1
liiiiife,6,2,8
liiiiiife,1,0,1
liiiiiiife,1,0,1
liiiiiiiife,1,0,1
liiiiiiiiiiife,0,1,1
liiiiiiiiiiiiife,1,0,1
liiiiiiiiiiiiisten,0,1,1
liiiiiiiiiive,2,0,2
liiiiiiike,0,1,1
liiiiiiittle,0,1,1
liiiiiiive,0,1,1
liiiiiike,1,0,1
liiiiiittle,2,0,2
liiiiiive,1,1,2
liiiiike,1,2,3
liiiiine,1,0,1
liiiiink,0,1,1
liiiiisaaaaaa,1,0,1
liiiiives,0,1,1
liiiike,1,3,4
liiiindo,0,1,1
liiiittle,0,2,2
liiiiva,0,1,1
liiike,4,1,5
liiikeee,1,0,1
liiinda,2,0,2
liiines,1,0,1
liiistening,0,1,1
liiitle,1,0,1
liiivvveeee,1,0,1
liik,0,1,1
liike,5,8,13
liikee,0,1,1
liikod,0,1,1
liil,1,0,1
liina,0,1,1
liipers,0,1,1
liisa,1,2,3
liit,0,3,3
liitle,5,5,10
liittle,0,2,2
liive,1,0,1
liiviin,0,1,1
liiz,0,1,1
liizz,1,0,1
liizzard,0,1,1
lija,0,1,1
lije,0,2,2
lijepa,0,1,1
lijk,0,1,1
lijst,0,1,1
lik,81,44,125
lika,3,4,7
likable,3,7,10
likd,0,1,1
like,41050,37520,78570
likea,2,2,4
likeable,3,6,9
likeas,0,1,1
likebruins,1,0,1
liked,853,1483,2336
likeddiddid,1,1,2
likee,34,23,57
likeee,7,4,11
likeeee,1,4,5
likeeeee,1,2,3
likeeeeeeeeee,1,0,1
likeeeey,0,1,1
likeeey,0,1,1
likeeiiee,0,1,1
likefun,1,0,1
likegordonfreeman,0,2,2
likeh,0,1,1
likehalf,1,0,1
likeher,0,1,1
likei,1,1,2
likeif,0,1,1
likeim,0,1,1
likeing,10,5,15
likeinsomniaoffered,0,1,1
likeit,3,1,4
likejam,0,1,1
likejuly,1,0,1
likelihood,9,1,10
likely,400,301,701
likelyhood,1,0,1
likelythey,1,0,1
likelyy,0,1,1
likemind,1,2,3
likeminded,0,2,2
liken,2,4,6
likened,2,1,3
likeness,1,1,2
likening,1,0,1
likens,1,0,1
likeohsozen,1,0,1
likeomgitsashley,0,1,1
likeon,0,1,1
likeone,1,0,1
liker,1,0,1
likereally,1,0,1
likes,484,843,1327
likeshe,0,1,1
likesoooooooo,0,1,1
likesss,0,2,2
liket,0,1,1
likethat,1,1,2
likeu,1,1,2
likeusual,1,0,1
likevel,0,1,1
likewegonnamakeitout,1,0,1
likewhen,1,0,1
likewise,34,88,122
likewith,0,1,1
likey,84,105,189
likeyou,1,0,1
likeyour,1,0,1
likeys,0,1,1
likeyy,0,1,1
likeyyyy,0,1,1
likez,2,4,6
likfes,1,0,1
likh,0,1,1
likho,0,1,1
likie,4,5,9
likin,18,27,45
liking,426,388,814
likinh,1,0,1
likinq,1,0,1
likk,1,0,1
likka,0,1,1
likke,1,3,4
likken,0,2,2
likkkkke,0,1,1
likkkkkee,0,1,1
likkle,3,2,5
likky,1,0,1
likle,0,1,1
likley,2,3,5
likly,2,0,2
likod,2,0,2
likonog,0,1,1
likr,2,1,3
liks,1,0,1
liksom,1,1,2
likt,2,2,4
likti,0,1,1
likw,1,2,3
likwid,0,1,1
liky,0,1,1
lil,1713,1639,3352
lila,2,4,6
lilac,14,14,28
lilacia,0,1,1
lilacs,4,6,10
lilah,0,8,8
lilahi,1,0,1
lilant,1,0,1
lilash,0,1,1
lilasiangal,0,1,1
lilax,0,1,1
lilblu,0,2,2
lilbuck,1,0,1
lild,0,1,1
lildigger,0,1,1
lildo,1,0,1
lilduval,2,0,2
lile,5,2,7
lilee,0,1,1
lileks,0,1,1
lilgirl,0,1,1
lili,9,15,24
lilia,0,3,3
lilian,1,3,4
liliana,1,1,2
lilias,0,1,1
lilibet,0,1,1
lilie,1,1,2
lilies,6,9,15
liliha,1,2,3
lilikoi,0,1,1
lilime,0,2,2
lilipat,1,1,2
liliputian,1,0,1
lilitaw,0,1,1
lilith,1,5,6
lilivonshtupp,1,0,1
liliw,0,1,1
lilja,1,0,1
lilke,0,1,1
lill,9,14,23
lilla,0,1,1
lilladyv,0,1,1
lillard,0,1,1
lillbiti,1,0,1
lille,2,5,7
lilleman,0,1,1
lillen,0,1,1
lilles,0,1,1
lillestr,1,0,1
lillett,1,0,1
lilley,0,1,1
lilli,5,1,6
lillian,4,4,8
lilliana,0,1,1
lillians,0,1,1
lillias,1,2,3
lillie,3,7,10
lillies,5,6,11
lilliwhite,0,1,1
lilll,1,0,1
lillooet,1,0,1
lills,0,1,1
lilly,42,49,91
lillyallen,1,0,1
lillycakestimes,0,1,1
lillys,1,0,1
lillysan,0,2,2
lillywhite,0,2,2
lillyyyy,0,1,1
lilmama,1,0,1
lilman,1,0,1
lilmarshmellows,0,1,1
lilmilo,0,1,1
lilmiss,0,1,1
lilmisstory,0,1,1
lilnephew,1,0,1
lilnew,0,1,1
lilnk,1,0,1
lilo,11,13,24
liloven,1,0,1
lilpanic,1,0,1
lils,3,4,7
lilsaynine,0,1,1
lilsis,2,0,2
lilt,1,0,1
lilttle,0,1,1
lilwayne,1,0,1
lily,145,211,356
lilyalicex,1,0,1
lilyallen,1,0,1
lilyana,1,0,1
lilybet,0,1,1
lilybug,1,0,1
lilyfit,0,1,1
lilyg,0,1,1
lilygreenxxx,0,1,1
lilyhan,0,1,1
lilypad,1,0,1
lilyroseallen,0,1,1
lilys,2,1,3
lilywhite,0,1,1
lilyyy,0,2,2
lilyyyy,0,1,1
lilyyyyyyyy,0,1,1
lim,23,13,36
lima,12,18,30
limaa,0,1,1
limaaaaa,0,1,1
limang,0,1,1
limas,2,0,2
limassol,1,0,1
limb,17,17,34
limbaugh,1,3,4
limbbum,0,1,1
limbeck,1,0,1
limbed,1,0,1
limber,1,0,1
limbers,0,1,1
limbo,23,7,30
limbonic,1,0,1
limboob,0,1,1
limbooo,0,1,1
limbos,1,0,1
limbs,21,16,37
limburg,1,2,3
limca,1,1,2
lime,72,137,209
limeade,10,19,29
limeaid,2,0,2
limeaide,1,0,1
limeaids,1,0,1
limed,0,1,1
limeee,1,0,1
limegreen,0,1,1
limehouse,1,0,1
limeisback,1,0,1
limelight,3,6,9
limelite,1,0,1
limelitee,0,1,1
limerick,6,8,14
limericks,0,1,1
limes,9,17,26
limestone,1,2,3
limesurvey,0,1,1
limewire,40,17,57
limewiree,0,1,1
limewires,2,0,2
limewirin,0,1,1
limey,1,4,5
limeys,0,2,2
limi,0,2,2
limied,1,0,1
limin,0,2,2
liming,1,0,1
limit,366,446,812
limitation,5,5,10
limitations,10,17,27
limitaw,1,0,1
limite,0,1,1
limited,202,124,326
limitedly,1,0,1
limiteds,0,1,1
limiter,1,0,1
limiting,19,8,27
limitless,1,5,6
limits,92,57,149
limitt,0,1,1
limitted,1,0,1
limk,1,0,1
limkage,1,0,1
limketkai,0,1,1
limmit,1,0,1
limmited,1,0,1
limmy,0,1,1
limnology,1,1,2
limo,35,63,98
limon,1,3,4
limonade,1,2,3
limoncella,0,1,1
limoncello,0,2,2
limos,3,3,6
limousine,0,3,3
limousines,1,0,1
limp,52,26,78
limpbizkit,0,1,1
limped,4,0,4
limpet,1,0,1
limpialo,0,1,1
limpin,4,1,5
limping,85,7,92
limpn,1,0,1
limps,2,1,3
limpwrist,1,0,1
limpy,2,1,3
lims,1,0,1
limt,2,0,2
limtiaco,0,1,1
limting,0,1,1
lin,20,21,41
lina,13,11,24
linaaaa,0,1,1
linaaaaaaaaa,0,1,1
linalait,1,0,1
linalrae,0,1,1
linanne,1,0,1
linas,0,1,1
linby,1,0,1
linc,2,4,6
lincare,0,1,1
lincecum,3,1,4
lincoln,61,58,119
lincolns,0,1,1
lincolnshire,2,7,9
lincolnwood,1,1,2
lincon,1,4,5
linconditionel,0,1,1
lincons,0,1,1
lincs,0,2,2
lincy,2,1,3
lind,3,5,8
linda,49,97,146
lindaa,1,0,1
lindaaa,0,2,2
lindaenever,0,1,1
lindan,1,0,1
lindarh,1,0,1
lindas,0,3,3
lindauer,0,1,1
lindbergh,1,0,1
lindbergs,0,1,1
lindee,1,0,1
lindell,0,2,2
lindelof,1,0,1
lindeman,1,0,1
linden,8,9,17
lindenberg,1,0,1
lindens,0,1,1
linderbug,1,0,1
linders,1,0,1
lindesberg,1,0,1
lindey,0,1,1
lindgren,1,1,2
lindi,2,1,3
lindisfarne,0,1,1
lindley,1,0,1
lindo,5,24,29
lindoo,0,1,1
lindor,1,0,1
lindos,1,2,3
lindows,1,0,1
lindqvist,0,1,1
linds,9,20,29
lindsae,0,1,1
lindsay,64,72,136
lindsayfield,1,0,1
lindsayjane,1,0,1
lindsayland,1,0,1
lindsaylohanfc,0,1,1
lindsays,3,2,5
lindsayyys,0,1,1
lindscrane,0,1,1
lindsea,0,1,1
lindsey,35,56,91
lindseymadonna,1,0,1
lindseys,3,4,7
lindseyy,0,1,1
lindsley,1,0,1
lindsy,1,2,3
lindt,3,8,11
lindtt,0,1,1
lindungan,1,0,1
linduras,0,1,1
lindvallen,0,1,1
lindy,1,7,8
lindylove,1,0,1
lindz,3,4,7
lindzdelicious,0,1,1
lindze,1,1,2
lindzey,0,2,2
line,1328,1217,2545
linea,2,2,4
lineage,1,3,4
linear,12,13,25
lineart,2,0,2
linearts,3,0,3
linebacker,1,1,2
linebackers,0,1,1
linebreak,1,0,1
linebrink,1,1,2
lined,46,62,108
linedancing,0,1,1
lineee,1,0,1
lineeeee,1,1,2
lineful,1,0,1
linehan,0,1,1
lineholders,1,0,1
linei,0,1,1
lineker,0,1,1
linely,0,3,3
lineman,1,1,2
linemap,0,1,1
linemen,0,1,1
linen,12,13,25
linens,5,2,7
lineout,1,0,1
lineouts,1,0,1
liner,26,25,51
liners,2,16,18
lines,358,559,917
linesh,0,1,1
linesister,1,0,1
liness,1,2,3
linesss,0,1,1
linessss,2,0,2
linesville,1,0,1
linesvines,1,1,2
linesvinesandtryingtimes,1,3,4
linesvinestryingtimes,3,3,6
lineup,51,39,90
lineups,4,1,5
lineupu,0,1,1
linework,0,1,1
linewrap,0,1,1
liney,2,0,2
linfield,0,1,1
linfin,1,0,1
linfu,0,1,1
ling,25,19,44
linga,1,2,3
lingampally,0,1,1
lingaw,0,4,4
lingee,0,1,1
linger,6,12,18
lingeray,0,1,1
lingered,2,0,2
lingerie,11,34,45
lingerin,1,0,1
lingering,21,9,30
lingers,4,3,7
lingle,1,0,1
lingling,0,1,1
linglung,0,1,1
lingmei,0,1,1
lingnan,0,1,1
lingo,14,41,55
lingonberry,0,2,2
lingoo,0,1,1
lingos,0,1,1
lings,1,1,2
lingual,8,3,11
lingue,1,0,1
linguine,2,4,6
linguini,1,2,3
linguist,2,1,3
linguistic,1,2,3
linguistically,1,0,1
linguistics,4,10,14
linguists,0,2,2
linguitics,1,0,1
lingus,2,0,2
linh,3,0,3
liniment,1,0,1
lining,43,40,83
linings,1,2,3
link,1949,2242,4191
linka,0,1,1
linkage,9,11,20
linkages,1,0,1
linkback,0,2,2
linkbait,0,2,2
linkdsl,0,1,1
linke,2,0,2
linked,53,112,165
linkeddata,0,4,4
linkedin,25,75,100
linkedinfail,1,0,1
linken,1,0,1
linker,1,1,2
linket,0,2,2
linkety,0,1,1
linkfromdomain,1,0,1
linkhay,0,1,1
linkibol,0,2,2
linkie,2,1,3
linkies,2,0,2
linkin,28,48,76
linkined,0,1,1
linking,23,42,65
linkinpark,0,3,3
linkinus,1,0,1
linkity,0,1,1
linkkk,0,1,1
linkkkkkkkk,1,0,1
linklater,0,1,1
linkless,1,0,1
linkletter,0,2,2
linkme,0,1,1
linknut,0,1,1
linknya,0,4,4
linkou,1,0,1
links,402,466,868
linksmanager,1,0,1
linkspage,0,1,1
linkspammy,0,1,1
linksys,10,2,12
linkto,1,0,1
linku,0,1,1
linkup,2,0,2
linky,16,15,31
linley,2,4,6
linlin,0,1,1
linlithgow,1,0,1
linmode,0,1,1
linn,2,5,7
linna,1,0,1
linnanm,1,0,1
linnea,2,2,4
linner,0,1,1
linnes,0,1,1
linnet,0,5,5
linney,1,1,2
linnimeister,0,1,1
linning,1,0,1
linnnda,0,1,1
linns,0,1,1
linny,3,2,5
linnyette,0,1,1
lino,1,1,2
linocut,1,0,1
linocuts,1,0,1
linode,1,1,2
linoleum,4,3,7
linoone,1,0,1
linotype,2,1,3
linow,1,0,1
linproducts,2,2,4
linprog,0,1,1
linpus,1,1,2
linq,4,6,10
lins,0,2,2
linsangan,0,1,1
linsay,0,1,1
linsday,2,0,2
linse,0,1,1
linsence,0,1,1
linsey,4,0,4
linstening,0,1,1
linster,1,0,1
lint,9,9,18
lintang,0,2,2
linthicum,1,0,1
linton,0,1,1
lintonn,0,1,1
linup,1,0,1
linus,10,5,15
linux,194,173,367
linuxey,1,0,1
linuxjournal,1,0,1
linuxless,1,0,1
linuxmint,1,1,2
linuxoutlaws,1,9,10
linwood,1,1,2
linx,2,3,5
linz,6,7,13
linzi,3,3,6
linziez,0,1,1
linzis,0,1,1
linzy,1,1,2
lio,0,2,2
liob,0,1,1
liojone,1,0,1
liom,2,0,2
lion,94,130,224
lional,0,1,1
lioncourt,0,1,1
lioncub,0,1,1
lionel,9,19,28
lioness,3,6,9
lionette,1,0,1
lioneyes,0,1,1
lionhead,3,1,4
lionhearted,2,0,2
lionhunter,0,1,1
lionman,1,0,1
lions,174,85,259
lioph,0,1,1
lior,1,0,1
liora,1,0,1
liorz,0,1,1
liotta,0,1,1
liove,0,1,1
lip,400,149,549
lipa,2,1,3
lipating,1,0,1
lipbalm,5,3,8
lipdub,0,2,2
lipglass,1,1,2
lipglasses,1,0,1
lipgloss,21,17,38
lipglosseater,0,2,2
lipglosses,3,0,3
lipid,3,1,4
lipisha,0,1,1
lipitor,1,0,1
lipizzaner,0,1,1
lipizzaners,0,1,1
lipless,1,0,1
lipliner,0,1,1
lipman,0,1,1
lipo,3,0,3
lipoma,0,1,1
lipp,1,0,1
lipped,2,3,5
lippert,0,1,1
lippi,1,0,1
lippie,1,2,3
lippies,0,2,2
lippin,1,0,1
lipping,0,1,1
lippo,0,1,1
lippy,4,3,7
lipquads,0,1,1
lipring,1,0,1
lips,191,181,372
lipss,0,2,2
lipssss,0,1,1
lipssssss,1,0,1
lipstain,1,0,1
lipstains,0,1,1
lipstic,0,1,1
lipstick,50,59,109
lipstickalley,1,1,2
lipstickprincess,0,1,1
lipsticks,2,6,8
lipsy,3,1,4
lipsync,2,1,3
lipsynced,1,0,1
lipsynch,0,1,1
lipsynching,3,1,4
liptarrsssss,1,0,1
liptars,1,0,1
lipton,7,9,16
liptons,0,1,1
liputan,1,0,1
liq,4,4,8
liqhter,1,0,1
liqhtninq,0,1,1
liqhts,1,0,1
liqor,1,0,1
liqour,2,5,7
liqrish,1,0,1
liqs,1,2,3
liqud,1,0,1
liqudation,1,0,1
lique,0,1,1
liqued,1,0,1
liquefiat,0,1,1
liquefied,1,0,1
liquer,0,1,1
liquerice,1,0,1
liquers,1,2,3
liqueur,1,7,8
liquey,0,1,1
liquid,61,62,123
liquidated,1,1,2
liquidating,0,1,1
liquidesigns,0,1,1
liquidey,1,0,1
liquidfushiongoodness,0,1,1
liquidgeneration,0,1,1
liquidify,1,0,1
liquidity,0,3,3
liquidrunway,0,1,1
liquids,19,6,25
liquidweb,2,1,3
liquidwings,0,1,1
liquidy,1,0,1
liquify,1,1,2
liquior,0,1,1
liquor,73,75,148
liquorice,2,2,4
liquorishous,0,1,1
liquors,1,0,1
liquour,2,0,2
liqz,1,0,1
lir,0,2,2
liraeze,0,1,1
liran,0,1,1
lirby,0,1,1
lire,1,2,3
lirica,0,1,1
lirik,1,0,1
liris,1,1,2
liron,0,2,2
lirr,7,1,8
lirterally,0,1,1
lirturgy,0,1,1
lis,14,17,31
lisa,158,287,445
lisaa,1,0,1
lisaaa,1,3,4
lisaaaa,1,0,1
lisaaaaaa,0,1,1
lisabear,0,1,1
lisahopecyrus,0,1,1
lisakovitz,0,1,1
lisamm,1,0,1
lisan,1,1,2
lisandro,1,1,2
lisaning,0,2,2
lisas,1,3,4
lisbeth,0,1,1
lisboa,0,1,1
lisbon,21,20,41
lisburn,7,2,9
liscard,1,0,1
liscence,3,3,6
liscencing,0,1,1
liscene,1,0,1
liscense,3,2,5
liscenses,1,0,1
liscious,1,1,2
lisctening,0,1,1
lisdoonvarna,1,0,1
lise,4,3,7
liseberg,0,2,2
lisen,1,2,3
lisence,6,1,7
lisenin,0,3,3
lisening,3,7,10
lisent,0,1,1
lisenting,0,1,1
lisenya,0,2,2
liserow,1,0,1
lisetenign,0,1,1
lisetening,0,1,1
lisetning,1,2,3
lisette,0,2,2
lisey,1,0,1
lish,8,8,16
lisha,0,3,3
lishaaa,0,1,1
lishas,1,0,1
lisher,1,0,1
lishmah,0,1,1
lishy,0,1,1
lisi,1,4,5
lisicki,1,0,1
lisiepeasie,0,1,1
lisinopril,1,0,1
lisitening,0,2,2
lisl,0,4,4
lisle,1,0,1
lismore,3,1,4
lisned,0,1,1
lisnen,1,0,1
lisnig,1,0,1
lisnin,0,2,2
lisning,0,2,2
lisntening,1,0,1
lisp,12,5,17
lispers,0,1,1
lisping,2,0,2
lispy,0,1,1
liss,2,5,7
lissa,3,8,11
lissenig,0,1,1
lisset,1,0,1
lissette,1,2,3
lissi,1,0,1
lissss,0,1,1
lissssssssssssey,0,1,1
lissum,0,1,1
lissup,0,1,1
lissy,5,5,10
lissyful,0,1,1
list,1309,1943,3252
lista,2,1,3
listahan,0,1,1
listaning,0,2,2
listbox,0,1,1
liste,3,0,3
listeb,1,0,1
listed,99,121,220
listeeeeeen,0,1,1
listeeninggg,0,1,1
listeennnn,1,0,1
listeing,3,12,15
listen,1350,2028,3378
listend,5,2,7
listened,197,403,600
listeneing,1,1,2
listenen,0,1,1
listenening,1,1,2
listener,16,41,57
listeners,10,27,37
listeng,0,1,1
listenig,1,6,7
listenign,0,1,1
listenignt,1,0,1
listenijg,1,0,1
listenin,126,214,340
listenind,1,0,1
listenined,0,1,1
listening,2098,5586,7684
listeningg,0,5,5
listeningggg,1,0,1
listeninggggg,0,1,1
listeningh,1,0,1
listenings,0,2,2
listeningsession,0,1,1
listeningt,0,1,1
listeningto,2,4,6
listeninig,0,1,1
listeninn,0,2,2
listeninng,0,1,1
listeninq,2,6,8
listeninqq,0,1,1
listenint,0,1,1
listenintg,0,1,1
listeninto,1,0,1
listenn,1,0,1
listennig,0,1,1
listenning,2,6,8
listennn,0,1,1
listennnn,0,1,1
listennnningggg,1,0,1
listens,31,34,65
listent,0,1,1
listented,1,0,1
listenting,2,1,3
listento,2,0,2
listentomysong,1,0,1
listenup,1,0,1
lister,6,6,12
listerine,4,1,5
listernin,3,1,4
listerning,3,6,9
listers,0,1,1
listeting,0,1,1
listfied,1,0,1
listia,0,1,1
listianed,1,0,1
listick,0,1,1
listin,1,2,3
listiner,1,0,1
listing,71,96,167
listings,23,29,52
listinin,2,1,3
listining,4,9,13
listinqs,0,1,1
listless,4,0,4
listn,1,1,2
listne,1,0,1
listnenin,1,0,1
listng,1,0,1
listnin,5,4,9
listning,4,23,27
listo,0,3,3
listography,0,2,2
listos,0,1,1
listrik,0,1,1
lists,54,103,157
listserv,1,1,2
listt,0,1,1
listtt,1,0,1
listttt,1,0,1
listview,1,0,1
listy,1,1,2
listya,0,1,1
lisztomania,0,1,1
lit,139,114,253
lita,1,5,6
lital,1,0,1
litany,1,1,2
litchat,2,3,5
litchy,0,1,1
lite,57,57,114
liteace,0,1,1
litefm,0,1,1
liten,2,1,3
liteneasy,1,0,1
liter,22,12,34
literacy,8,4,12
literal,13,24,37
literalllly,0,1,1
literallllyyyyy,0,1,1
literally,570,315,885
literalvideos,0,1,1
literaly,2,4,6
literary,16,16,32
literate,2,2,4
literately,3,0,3
literati,1,3,4
literatture,1,0,1
literatur,1,0,1
literature,59,40,99
literatureandlatte,0,1,1
literatuuure,0,1,1
literially,1,0,1
literly,3,1,4
literotica,0,1,1
literrally,1,1,2
liters,6,6,12
literture,1,0,1
litertures,0,1,1
lites,6,4,10
liteskin,1,0,1
liteskn,0,1,1
liteweight,1,0,1
lithe,1,0,1
lithgow,2,2,4
lithia,1,0,1
lithium,4,3,7
lithiun,0,1,1
litho,1,0,1
lithog,0,1,1
lithographs,0,1,1
lithonia,1,0,1
lithuania,6,7,13
lithuanian,1,3,4
litigation,3,1,4
litigator,1,0,1
liting,1,0,1
lititz,1,1,2
litl,2,0,2
litle,12,12,24
litlel,0,1,1
litlle,4,5,9
litlte,1,0,1
litm,0,1,1
litmo,1,0,1
litmus,3,0,3
lito,2,1,3
litol,0,1,1
litoru,0,1,1
litos,0,1,1
litovsk,1,0,1
litracey,1,0,1
litrad,1,0,1
litrally,0,1,1
litre,20,13,33
litrerally,1,0,1
litres,9,5,14
litriture,2,0,2
litsening,0,1,1
litsong,1,0,1
litt,4,3,7
littarly,1,0,1
litte,5,13,18
littee,1,0,1
littel,3,5,8
littelist,1,0,1
litter,58,32,90
litteral,0,1,1
litterally,20,4,24
litteraly,3,3,6
litterature,1,1,2
litterbox,3,1,4
litterboxes,1,1,2
litterboxfail,1,0,1
littered,4,5,9
littering,3,1,4
litterly,1,0,1
litters,1,0,1
littile,1,0,1
littl,4,1,5
little,8380,8569,16949
littleashes,0,2,2
littlebfat,1,0,1
littlebigplanet,12,5,17
littlebird,0,1,1
littlebit,2,3,5
littleboots,1,1,2
littleboxofevil,1,0,1
littlebrother,1,1,2
littleburger,0,1,1
littlee,0,1,1
littleee,1,0,1
littleeeee,0,1,1
littlefield,0,1,1
littlefluffycatismynewmom,0,1,1
littlefoot,1,0,1
littleghosts,0,1,1
littlehampton,0,1,1
littlejoe,0,1,1
littlejohn,0,1,1
littleknownfact,1,0,1
littlekuribohygoassoundtrackalbum,1,0,1
littlemadgirl,0,1,1
littleman,0,1,1
littlemiss,2,0,2
littlemissdorkette,0,2,2
littlemissgnahhh,2,0,2
littlemisssunshine,0,1,1
littleoldrandomme,0,1,1
littlepark,0,1,1
littler,2,0,2
littlerly,0,1,1
littles,9,3,12
littlesharpy,1,0,1
littleshop,1,0,1
littlesister,1,0,1
littlesnaper,1,0,1
littlesnapper,0,2,2
littlesnitch,2,0,2
littlest,14,18,32
littlestone,0,1,1
littlethingsmeanalot,0,1,1
littleton,1,1,2
littleun,4,1,5
littleuns,2,1,3
littlewolf,1,0,1
littlewood,0,1,1
littlewoods,1,1,2
littleworried,1,0,1
littlf,1,0,1
littlier,0,1,1
littlies,1,3,4
littliest,0,1,1
littlle,0,1,1
littllee,0,1,1
littlt,1,0,1
littly,1,0,1
litto,1,2,3
littrell,1,0,1
litttle,4,5,9
litttlee,1,0,1
littttle,5,0,5
littttttle,1,0,1
litty,0,1,1
liturally,1,0,1
liturgical,0,1,1
liturgy,2,3,5
liu,2,5,7
liv,34,34,68
liva,0,10,10
livable,4,0,4
livallan,1,0,1
livdiv,0,1,1
live,5344,5103,10447
liveable,0,3,3
liveaccess,1,0,1
liveatleeds,0,2,2
liveatthestudio,1,0,1
liveautograph,2,0,2
liveblog,6,1,7
liveblogged,0,2,2
liveblogging,3,4,7
liveblogs,1,0,1
livebox,1,0,1
livecd,1,2,3
livechat,13,13,26
livechats,1,1,2
livechatttt,0,1,1
livecycle,0,1,1
lived,609,328,937
livedaily,1,0,1
liveddd,1,0,1
livedoc,0,1,1
livedrive,0,1,1
livee,1,6,7
liveee,4,2,6
liveeee,4,1,5
liveeeeeeee,0,1,1
liveeeeeeeeeeeeee,0,1,1
livefeed,1,1,2
livefrommiami,0,1,1
liveherenow,1,0,1
livehouse,0,1,1
livei,1,0,1
liveinadreeam,0,1,1
liveincolor,2,3,5
liveing,1,1,2
liveitup,0,1,1
livejournal,39,37,76
livejournaling,0,1,1
livejournelle,1,0,1
livekick,0,2,2
livelavalive,3,7,10
livelavelive,1,1,2
livelife,1,0,1
livelifetothemax,0,1,1
liveliness,1,0,1
livelink,0,1,1
livelocal,1,4,5
livelong,1,0,1
livelounge,1,0,1
livelovesing,1,0,1
lively,11,24,35
livelyness,1,0,1
livelys,0,1,1
livemeeting,0,2,2
livemercial,0,1,1
livemix,0,1,1
livemusic,0,1,1
liven,3,6,9
livenation,12,7,19
livened,0,1,1
livener,1,0,1
liveness,0,1,1
livening,0,1,1
livens,0,1,1
liveperson,0,1,1
liver,87,47,134
livered,0,1,1
livermore,5,2,7
liverpoo,0,1,1
liverpool,155,140,295
liverpoolfc,2,0,2
liverpooltennis,1,0,1
liverpoool,0,2,2
liverpooooool,1,0,1
liverpuddle,1,0,1
liverrrrrr,1,0,1
livers,4,3,7
liverwust,0,1,1
livery,1,2,3
lives,487,478,965
livescribe,2,2,4
liveset,0,1,1
livesets,0,1,1
liveshow,0,1,1
liveson,0,1,1
livess,0,1,1
livesss,1,0,1
livesssssssss,0,1,1
livest,1,0,1
livestation,2,0,2
livestes,1,0,1
livestock,0,3,3
livestream,14,17,31
livestreamed,1,0,1
livestreaming,1,0,1
livestreams,2,0,2
livestrem,1,0,1
livestrong,6,8,14
livestudios,0,1,1
livesvines,0,1,1
liveth,0,2,2
livetiming,1,0,1
livetweet,0,2,2
livetweeter,1,0,1
livetweeting,0,2,2
livetweets,1,0,1
livetwitterreport,1,0,1
liveumbrella,0,1,1
livevault,0,1,1
livevid,0,1,1
livevideo,0,1,1
liveview,0,1,1
livewire,0,1,1
livewires,0,1,1
liveworm,1,0,1
livewriter,1,1,2
livi,3,7,10
livia,2,1,3
livid,17,4,21
lividthorn,1,0,1
livie,2,2,4
livigne,1,0,1
liviing,0,1,1
livin,57,92,149
living,1093,1026,2119
livingfortheweekend,0,1,1
livingg,0,2,2
livinggg,0,1,1
livinggggg,1,0,1
livinghandy,0,1,1
livinglavidaloca,0,1,1
livingloud,0,1,1
livingroom,19,17,36
livingrooms,0,1,1
livings,0,1,1
livingsocial,1,1,2
livingston,1,3,4
livingstone,2,2,4
livingstones,0,1,1
livingthedreaam,0,1,1
livingthedream,0,2,2
livingtv,0,1,1
livining,0,1,1
livinlime,0,2,2
livinq,1,0,1
livio,0,1,1
livittodalimit,1,0,1
liviu,0,1,1
livius,0,1,1
livlihood,0,1,1
livnb,0,1,1
livng,3,0,3
livo,1,3,4
livonia,1,1,2
livorno,0,1,1
livr,1,0,1
livra,0,1,1
livre,1,1,2
livreaza,0,1,1
livres,1,0,1
livro,0,2,2
livros,0,1,1
livs,1,1,2
livvee,0,1,1
livveee,0,1,1
livvi,2,3,5
livvly,0,1,1
livvveee,1,0,1
livvvy,1,0,1
livvy,3,5,8
livvylu,0,1,1
livy,2,2,4
liwa,1,0,1
liwanag,0,1,1
liwat,1,0,1
liwen,1,0,1
liwf,0,1,1
liws,0,1,1
lix,1,1,2
lixo,1,0,1
lixx,0,2,2
liy,0,1,1
liya,1,4,5
liyana,0,3,3
liye,2,2,4
liying,1,0,1
liytle,0,1,1
liz,107,202,309
liza,6,16,22
lizabeth,1,1,2
lizamtl,1,0,1
lizanne,0,2,2
lizano,0,1,1
lizany,1,0,1
lizard,46,25,71
lizards,18,13,31
lizas,2,0,2
lizband,0,1,1
lizbeth,0,1,1
lizee,0,1,1
lizel,0,1,1
lizeth,1,1,2
lizette,1,1,2
lizfail,1,0,1
lizh,1,0,1
lizi,1,0,1
lizlove,1,0,1
liznaire,0,1,1
lizo,0,1,1
lizrd,1,0,1
lizrose,1,0,1
lizvetica,0,1,1
lizz,4,4,8
lizzard,1,2,3
lizzette,1,0,1
lizzi,2,2,4
lizzie,30,31,61
lizziebear,1,0,1
lizzieeeee,0,1,1
lizzies,2,1,3
lizziiiee,0,1,1
lizzischerf,1,0,1
lizzlaw,0,1,1
lizzs,0,1,1
lizzy,31,27,58
lizzzieee,0,1,1
lizzzz,1,1,2
lizzzzz,1,1,2
lizzzzzy,0,1,1
lj,141,138,279
ljas,1,0,1
ljasper,1,0,1
ljc,0,1,1
ljed,0,1,1
ljh,1,0,1
ljhb,0,1,1
ljhenshall,1,0,1
ljiaxin,0,1,1
ljilja,0,1,1
ljiljana,0,1,1
ljing,1,0,1
ljj,1,0,1
ljokes,1,0,1
ljs,1,1,2
ljubim,0,1,1
ljubljana,4,12,16
ljubljanu,0,1,1
ljudi,0,1,1
lk,48,41,89
lka,1,3,4
lkajflalfahlkaklsd,1,0,1
lkajsf,0,1,1
lkaminoff,1,0,1
lkargest,0,1,1
lkasgjksa,1,0,1
lkast,1,0,1
lkd,1,1,2
lkdf,1,0,1
lke,23,11,34
lkestad,0,1,1
lkf,1,0,1
lkfjd,1,0,1
lkfjsf,1,0,1
lkg,0,2,2
lkh,1,1,2
lkhad,1,0,1
lkhamilton,1,0,1
lkijat,0,1,1
lkindebrecen,0,1,1
lking,1,3,4
lkinhungary,0,1,1
lkittle,0,1,1
lkjfa,0,1,1
lkl,0,1,1
lkld,1,1,2
lklug,1,0,1
lkng,0,1,1
lks,0,1,1
lktyp,1,0,1
lkwd,1,1,2
ll,15788,24611,40399
lla,1,0,1
llaaaa,1,0,1
llaakkeerrss,1,0,1
llalaland,0,1,1
llalallalala,1,0,1
llalwaysbeyourbabyranran,1,0,1
llama,12,24,36
llamaba,1,0,1
llamado,0,1,1
llamame,1,0,1
llaman,1,0,1
llamas,3,12,15
llame,1,0,1
llanberis,0,1,1
llanbradach,1,0,1
llandow,0,1,1
llandudno,4,2,6
llanelli,1,0,1
llanfairpwllgwyngyllgogerychwyrndrobwllllantysiliogogogoch,0,1,1
llangollen,1,1,2
llano,1,0,1
llansteffan,0,1,1
llanwern,1,0,1
llasm,0,1,1
llast,0,1,1
llate,0,1,1
llawn,0,1,1
llb,1,3,4
llbe,0,4,4
llbean,1,1,2
llbetter,0,1,1
llbs,1,1,2
llc,5,1,6
llcoolj,1,1,2
lle,0,2,2
llee,0,1,1
lleft,1,0,1
lleg,1,2,3
llega,0,2,2
llegado,0,1,1
llegan,1,0,1
llegando,0,2,2
llegara,1,0,1
llegare,1,0,1
llegaste,0,1,1
llege,1,1,2
llego,1,1,2
llegue,1,1,2
lleguemos,0,1,1
lleida,1,0,1
llendo,1,0,1
lleno,0,1,1
ller,3,3,6
lleva,1,0,1
llevar,1,0,1
llevenme,1,0,1
llevo,1,0,1
llewe,0,1,1
llewellyn,1,4,5
lleyton,5,1,6
llfe,1,0,1
llflyawaysofarawayiloveyou,1,0,1
llg,1,0,1
llget,0,1,1
llhave,1,0,1
lli,0,1,1
lliberats,0,1,1
llie,1,0,1
llife,2,1,3
llike,8,3,11
llikes,0,1,1
llin,1,1,2
lline,0,1,1
lling,1,0,1
llinks,0,1,1
lliquisha,0,1,1
llistening,2,0,2
lliterals,0,1,1
llitle,0,1,1
llive,1,1,2
llives,1,0,1
llk,0,1,1
llke,0,1,1
lll,16,29,45
lllaaaavvllllyyyy,0,1,1
lllaaakkkeerrrss,0,1,1
llll,3,4,7
llllaakkkeerrrsssss,0,1,1
llllast,0,1,1
lllll,0,1,1
llllll,0,2,2
lllllll,1,0,1
llllllll,0,1,1
llllllllaaaaaaameeeee,1,0,1
llllllllateeee,1,0,1
lllllllll,1,1,2
llllllllllooooooooonnnnnnnngggggggg,1,0,1
lllllllllooooooovvveeeeeeeeeeeee,1,0,1
llllllloooooooovvvvvvvvvvveeeeeeeeee,0,1,1
llllllmake,0,1,1
lllllluv,1,0,1
llllloooonnnnnggggg,1,0,1
llllloooooooooovvvvvvvvvvveeeeeee,0,1,1
lllloooonnnngggg,0,1,1
lllloooooovvveeee,0,1,1
lllloooove,0,1,1
lllloving,0,1,1
llloooonnnnggg,1,0,1
lllooooovvee,0,1,1
lllooovvveee,0,1,1
llloveyoumoreifyoucomment,0,1,1
lllw,0,1,1
llmaooo,1,0,1
llmarry,0,1,1
llmfao,1,0,1
llmfaoo,0,1,1
llmiss,1,0,1
llmissyouchar,1,0,1
llmmaaooo,0,1,1
llmost,1,0,1
llmzxgdfzd,0,1,1
llo,1,3,4
lloc,1,0,1
llodra,2,0,2
lloks,0,1,1
llol,7,8,15
lloll,1,0,1
llollll,1,0,1
llolz,0,1,1
llonellii,1,0,1
llong,1,0,1
llooking,1,0,1
llooks,0,1,1
lloonngg,1,0,1
llooonnnggg,1,0,1
lloovveee,0,1,1
lloovveeee,0,1,1
lloran,1,0,1
llorando,1,0,1
llorar,2,1,3
llorare,1,0,1
llore,2,0,2
llorenate,1,0,1
llorente,1,0,1
lloress,1,0,1
lloret,0,1,1
lloro,0,1,1
llost,1,0,1
llove,1,3,4
llovee,2,0,2
llover,1,0,1
lloviendo,2,0,2
llow,0,2,2
llowers,3,0,3
lloy,0,1,1
lloyd,15,41,56
lloydie,0,2,2
lloyds,2,5,7
lloydus,1,0,1
lloydyyyyyyyyyyy,0,1,1
llprobably,0,1,1
llr,1,0,1
llrok,1,0,1
lls,27,75,102
llsee,0,1,1
llsss,0,1,1
llt,1,0,1
llu,3,0,3
llueve,3,0,3
lluisruscalleda,0,1,1
llunch,0,1,1
llund,1,0,1
lluny,1,0,1
lluuvv,1,1,2
lluv,0,1,1
lluvia,1,3,4
lluviosaaaaa,0,1,1
llveoy,1,0,1
llvm,1,1,2
llvote,0,1,1
llw,2,0,2
llwyn,0,1,1
llx,0,1,1
lly,2,0,2
llyfrgell,1,0,1
llygaid,1,0,1
llyk,1,0,1
llyl,1,0,1
llyod,1,0,1
llyodminster,1,0,1
llyr,0,1,1
llyw,2,0,2
llz,0,1,1
lm,23,14,37
lma,5,8,13
lmaaaaaaooooo,0,1,1
lmaaaaaooooo,1,0,1
lmaaaao,1,0,1
lmaaaaoooo,1,0,1
lmaaao,0,4,4
lmaaaooo,1,2,3
lmaaaooooo,2,0,2
lmaao,2,2,4
lmaaoo,2,0,2
lmaaooo,1,3,4
lmaaooooo,1,0,1
lmaeeeeeeeeeeeee,1,0,1
lmafao,1,0,1
lmafaooooo,1,0,1
lmafo,0,3,3
lmafooo,0,1,1
lmal,1,0,1
lmam,2,1,3
lmangueart,0,1,1
lmao,1784,2595,4379
lmaoao,0,1,1
lmaoff,1,1,2
lmaoi,1,0,1
lmaol,0,1,1
lmaolmaolmao,1,2,3
lmaoo,96,91,187
lmaooo,54,58,112
lmaoooo,21,24,45
lmaooooo,13,8,21
lmaoooooo,4,7,11
lmaooooooo,4,4,8
lmaoooooooo,1,2,3
lmaoooooooooo,1,1,2
lmaooooooooooo,1,0,1
lmaoooooooooooo,1,1,2
lmaooooooooooooo,1,1,2
lmaoooooooooooooo,0,1,1
lmaooooooooooooooo,1,0,1
lmaoooooooooooooooo,0,1,1
lmaooooooooooooooooo,0,1,1
lmaoooooooooooooooooooo,1,1,2
lmaoos,1,0,1
lmaorh,0,1,1
lmaorofl,1,0,1
lmaos,1,0,1
lmaoshislah,0,1,1
lmaoz,1,0,1
lmayan,1,0,1
lmb,2,1,3
lmbao,1,2,3
lmbaooooooooooooooo,1,0,1
lmbo,13,29,42
lmbooo,2,0,2
lmbt,1,1,2
lmcu,1,0,1
lmd,0,1,1
lme,1,0,1
lmfa,0,3,3
lmfaaaaaao,0,1,1
lmfaaao,1,0,1
lmfaaaoooo,1,0,1
lmfaaaooooo,1,0,1
lmfaao,0,1,1
lmfaaoooo,1,0,1
lmfao,367,571,938
lmfaoii,0,1,1
lmfaoo,19,31,50
lmfaooo,20,23,43
lmfaoooo,6,14,20
lmfaooooo,5,7,12
lmfaoooooo,1,1,2
lmfaooooooo,3,1,4
lmfaooooooooo,0,2,2
lmfaoooooooooo,1,1,2
lmfaooooooooooo,0,1,1
lmfaoooooooooooo,0,1,1
lmfaoooooooooooooooo,0,1,1
lmfaooooooooooooooooooooooo,0,1,1
lmfaorofl,0,1,1
lmfaos,0,1,1
lmfaro,0,1,1
lmfbaooooooooooooooo,0,1,1
lmfbaoooooooooooooooo,0,1,1
lmffao,0,1,1
lmfoa,0,1,1
lmg,2,0,2
lmgtfy,0,2,2
lmh,1,1,2
lmho,0,1,1
lmhr,3,3,6
lmhs,0,1,1
lmjkap,1,0,1
lmk,10,27,37
lml,2,12,14
lmm,0,1,1
lmmfao,4,8,12
lmmfaoo,0,1,1
lmmfaooo,1,0,1
lmmfyao,0,1,1
lmn,4,3,7
lmoa,2,2,4
lmoney,0,1,1
lmp,1,0,1
lmps,1,0,1
lmqdat,0,1,1
lms,4,6,10
lmsadittyaooo,1,0,1
lmso,1,1,2
lmt,1,2,3
lmu,1,1,2
lmv,0,1,1
lmyn,1,1,2
ln,20,16,36
lna,0,1,1
lnao,1,0,1
lnb,1,0,1
lncr,0,1,1
lnd,2,1,3
lndlady,1,0,1
lndlrd,1,0,1
lndn,0,1,1
lndnsky,1,0,1
lndug,1,0,1
lne,1,0,1
lnely,1,0,1
lness,0,1,1
lnfo,1,0,1
lng,25,34,59
lngaw,0,1,1
lnger,1,1,2
lngkp,1,0,1
lnh,0,1,1
lnhs,0,1,1
lnite,1,0,1
lnj,0,1,1
lnk,0,2,2
lnl,1,0,1
lno,1,0,1
lnog,0,1,1
lnou,0,1,1
lnown,0,1,1
lnp,1,0,1
lnq,0,1,1
lns,0,1,1
lnt,1,3,4
lntj,0,1,1
lntweet,0,1,1
lnuch,0,1,1
lnumber,2,0,2
lnwjf,1,0,1
lo,211,235,446
loa,5,17,22
loaaaaads,1,1,2
loaaaads,2,0,2
loaaading,0,1,1
loaaads,0,1,1
loaad,0,1,1
loach,2,2,4
loacker,0,2,2
loacted,1,0,1
loaction,1,0,1
load,892,336,1228
loada,3,2,5
loadd,1,0,1
loadddd,1,0,1
loaddddd,0,1,1
loaddown,0,1,1
loadds,1,1,2
loaddss,1,0,1
loaded,121,114,235
loadedddd,0,1,1
loader,14,8,22
loaders,3,3,6
loadin,0,3,3
loading,203,91,294
loadingreadyrun,0,1,1
loadingtime,1,0,1
loadingv,1,0,1
loadless,1,0,1
loadmess,0,1,1
loadrev,0,1,1
loadrunner,1,1,2
loads,757,616,1373
loadsa,29,18,47
loadsaa,1,0,1
loadsacider,0,1,1
loadshedding,4,2,6
loadss,4,2,6
loadsss,2,2,4
loadssss,1,2,3
loadssssssssssssssssss,0,1,1
loadtime,0,1,1
loadz,4,1,5
loadza,0,1,1
loaf,20,32,52
loafer,0,1,1
loafers,2,5,7
loafin,3,0,3
loafing,3,2,5
loafobread,1,0,1
loafs,0,1,1
loagon,1,0,1
loaing,0,1,1
loal,0,1,1
loan,114,45,159
loaned,7,7,14
loanely,1,0,1
loaner,17,4,21
loaners,1,0,1
loaning,1,4,5
loans,40,15,55
loansome,1,0,1
loao,0,1,1
loards,0,1,1
loasa,1,0,1
loasibleto,1,0,1
loast,1,0,1
loat,1,0,1
loath,4,4,8
loathe,42,7,49
loathed,0,1,1
loathing,9,8,17
loathsome,2,0,2
loave,0,1,1
loaves,3,3,6
loayl,0,1,1
lob,5,6,11
loba,0,2,2
lobb,0,1,1
lobbbbbesss,0,1,1
lobbed,0,1,1
lobbi,0,1,1
lobbing,0,1,1
lobby,56,45,101
lobbying,4,4,8
lobbyist,1,0,1
lobbyists,2,0,2
lobe,11,5,16
lobel,0,1,1
lobes,6,0,6
lobing,0,3,3
loblaws,1,0,1
lobo,4,0,4
loborohan,0,1,1
lobosworth,0,1,1
lobotomy,3,5,8
lobs,1,0,1
lobser,2,0,2
lobster,149,110,259
lobsterized,1,0,1
lobsterr,0,1,1
lobsters,10,9,19
lobsterss,1,0,1
lobsterssssss,1,0,1
lobstery,2,0,2
loc,10,8,18
loca,6,12,18
locaa,1,0,1
locahost,1,0,1
locaioin,1,0,1
locaion,1,0,1
local,538,603,1141
localadlink,2,1,3
locale,8,4,12
localelist,1,0,1
locales,3,3,6
localgovcamp,5,1,6
localhost,2,1,3
localimportance,0,1,1
localis,1,0,1
localisation,0,1,1
localise,1,1,2
localite,1,0,1
locality,1,0,1
localization,2,3,5
localizationworks,0,1,1
localize,0,1,1
localized,3,0,3
locallanguage,0,1,1
locally,29,41,70
localnoodles,1,0,1
locals,23,46,69
localshops,0,1,1
localtime,0,1,1
localxlove,1,0,1
locas,2,0,2
locash,0,1,1
locate,46,10,56
located,24,49,73
locater,1,0,1
locatin,0,2,2
locating,3,3,6
location,196,218,414
locationally,1,0,1
locations,37,42,79
locationwas,1,0,1
locatoin,0,1,1
locator,9,6,15
locaum,0,1,1
locavore,1,1,2
loccckd,1,0,1
loce,0,1,1
loceyoufletch,1,0,1
locfontaine,0,1,1
loch,10,18,28
lochcha,1,0,1
loche,1,0,1
lochgilphead,1,0,1
lochinvar,1,0,1
lochlan,0,1,1
lochner,0,1,1
lochness,1,1,2
lochore,1,0,1
lochte,1,1,2
loci,1,2,3
locify,0,1,1
locing,0,1,1
lock,181,158,339
locka,1,0,1
lockabie,1,0,1
lockable,1,0,1
lockbox,0,2,2
lockd,2,0,2
lockdown,26,12,38
locke,18,8,26
locked,487,155,642
lockedin,0,1,1
locker,62,34,96
lockeroom,1,0,1
lockers,2,4,6
locket,2,4,6
lockett,0,1,1
lockey,1,0,1
lockhart,2,1,3
lockheed,1,1,2
lockin,1,4,5
lockinfo,0,1,1
locking,31,20,51
lockinqq,1,0,1
lockjaw,1,0,1
lockkk,1,0,1
locklan,1,0,1
locklear,0,2,2
lockn,0,1,1
lockpicking,1,0,1
lockport,0,2,2
locks,37,40,77
locksley,1,0,1
locksmith,10,4,14
locksmth,1,0,1
lockup,1,4,5
lockups,1,0,1
locky,3,1,4
lockyear,0,1,1
locmia,1,1,2
locn,0,1,1
loco,21,32,53
lococoshale,0,1,1
lococrazy,0,1,1
locofest,0,1,1
locomo,1,0,1
locomotive,1,2,3
locomotives,1,0,1
locooooo,0,1,1
locoroco,0,2,2
locos,2,2,4
locs,6,3,9
locsin,2,1,3
locul,1,0,1
locum,1,0,1
locus,0,1,1
locuses,0,1,1
locust,3,3,6
locyan,0,1,1
lod,1,3,4
loda,0,1,1
lode,1,0,1
lodeh,0,1,1
loder,0,1,1
loderunner,0,1,1
lodes,1,0,1
lodge,26,18,44
lodged,8,0,8
lodger,2,2,4
lodgers,1,2,3
lodges,1,0,1
lodging,4,3,7
lodgings,2,0,2
lodi,0,5,5
lodie,0,1,1
lodo,1,0,1
lodon,1,0,1
lodos,0,1,1
lodoss,0,1,1
lods,0,1,1
lodsy,0,1,1
lodz,1,0,1
loe,2,11,13
loea,1,0,1
loeb,3,3,6
loebscott,0,1,1
loeg,0,1,1
loehmann,1,1,2
loekle,0,1,1
loeno,0,1,1
loeras,1,0,1
loesch,0,1,1
loev,3,3,6
loevet,0,1,1
loevly,0,1,1
loevs,1,1,2
loew,0,1,1
loews,1,0,1
loewy,1,1,2
lof,3,3,6
lofe,0,1,1
loff,1,0,1
loffnotc,1,0,1
lofi,0,1,1
lofnotc,36,23,59
lofoten,1,1,2
loft,35,38,73
loftable,0,1,1
lofted,1,0,1
lofthouse,1,0,1
loftless,0,1,1
lofton,1,0,1
lofts,2,5,7
lofty,2,3,5
log,432,231,663
logan,46,66,112
loganator,0,1,1
logano,0,1,1
loganpalooza,0,1,1
logans,3,9,12
loganville,0,1,1
logarithmic,2,0,2
logarithms,1,0,1
logbin,0,1,1
logbook,1,1,2
loge,1,0,1
loged,1,2,3
logen,0,1,1
logey,1,0,1
logfile,0,1,1
logfiles,1,0,1
logg,2,1,3
loggade,0,1,1
loggar,0,1,1
loggd,1,0,1
logged,160,81,241
logger,3,0,3
loggers,3,1,4
loggin,6,7,13
loggind,0,1,1
logging,100,77,177
loggins,0,3,3
logguer,1,0,1
loggy,0,1,1
logi,1,0,1
logic,68,56,124
logical,17,45,62
logically,5,3,8
logicboard,1,0,1
logie,15,11,26
logieeeeeee,1,0,1
logies,25,57,82
logiesssss,0,1,1
logiessssss,0,1,1
login,168,64,232
loginbox,1,0,1
loging,1,3,4
logins,7,7,14
loginwindow,1,0,1
logisch,0,2,2
logistic,1,0,1
logistical,1,0,1
logistically,2,1,3
logistics,10,13,23
logitech,13,9,22
logjam,2,0,2
logjams,1,1,2
logline,1,0,1
logmein,2,2,4
logn,0,1,1
logo,135,290,425
logoed,0,1,1
logoes,0,1,1
logoff,0,2,2
logolounge,0,1,1
logomoose,1,0,1
logomyway,0,1,1
logon,5,5,10
logopond,0,1,1
logos,13,33,46
logoul,0,1,1
logout,6,1,7
logro,3,0,3
logs,27,17,44
loh,4,20,24
lohan,27,14,41
lohang,0,1,1
lohasforum,2,0,2
lohberg,1,0,1
lohh,2,1,3
lohhhh,1,0,1
lohhhla,0,1,1
lohom,0,1,1
lohovan,0,1,1
lohr,0,1,1
lohrd,1,0,1
loi,1,2,3
loic,0,4,4
loid,1,0,1
loida,1,0,1
loife,0,1,1
loights,1,0,1
loiifeeeee,0,1,1
loiiiii,1,0,1
loik,1,0,1
loike,0,4,4
loikey,0,1,1
loin,3,4,7
loincloth,0,3,3
loins,2,1,3
loio,0,1,1
loip,0,1,1
loire,0,1,1
lois,7,14,21
loiter,1,2,3
loitering,2,2,4
loituma,1,0,1
loiu,1,0,1
loius,0,2,2
loiusa,0,1,1
loiyse,0,1,1
loja,1,2,3
lojain,0,1,1
lojas,0,1,1
loji,1,0,1
lok,8,8,16
loka,0,2,2
lokaal,1,0,1
lokal,0,2,2
lokale,0,1,1
lokaruchi,1,0,1
lokasi,1,2,3
loke,0,2,2
loked,2,0,2
lokes,0,1,1
lokesh,0,1,1
loki,8,8,16
loking,3,5,8
lokis,1,0,1
lokk,0,1,1
lokkdown,1,0,1
lokked,0,1,1
lokki,0,2,2
lokking,3,1,4
lokks,2,0,2
loko,2,2,4
loks,0,1,1
lol,23123,36118,59241
lola,59,71,130
lolaaa,0,1,1
lolable,0,1,1
lolage,2,5,7
lolah,2,0,2
lolakutty,0,1,1
lolas,4,2,6
lolascantina,1,0,1
lolbate,1,0,1
lolberal,0,1,1
lolbut,0,1,1
lolcat,2,9,11
lolcats,5,7,12
lolcatz,1,1,2
lolcena,0,1,1
lolcode,0,1,1
lold,1,3,4
loldog,0,1,1
loldogs,1,0,1
loldollhouse,0,1,1
loled,6,13,19
lolerz,0,1,1
loley,1,0,1
lolfail,1,1,2
lolflex,1,0,1
lolforever,1,0,1
lolgasm,0,1,1
lolhahaha,0,1,1
loli,3,6,9
lolicon,1,0,1
lolicurseyou,0,1,1
lolidaaaaaaay,0,1,1
lolies,1,0,1
lolin,0,1,1
loling,6,14,20
loliowe,1,0,1
lolipop,0,4,4
lolipops,0,1,1
lolit,0,1,1
lolita,5,16,21
lolitas,2,1,3
lolittle,0,1,1
loliver,0,3,3
loljk,2,0,2
loljoke,0,1,1
lolk,0,1,1
lolkatz,0,1,1
loll,68,103,171
lolla,7,2,9
lollable,0,1,1
lollah,0,1,1
lolland,0,2,2
lollapalooza,13,3,16
lolled,5,3,8
lollercaust,1,0,1
lollerific,1,0,1
lollerscoots,1,0,1
lollerx,0,1,1
lollerz,0,1,1
lolli,4,3,7
lollicup,1,2,3
lolliday,1,0,1
lollie,2,3,5
lollies,23,41,64
lolliipops,0,1,1
lolling,2,4,6
lollipop,25,37,62
lollipops,14,21,35
lollita,0,1,1
lolll,48,50,98
lollll,20,35,55
lolllll,10,16,26
lollllll,4,3,7
lolllllll,2,5,7
lollllllll,0,1,1
lolllllllll,1,1,2
lollllllllll,0,2,2
lolllllllllll,1,0,1
lollllllllllllllll,0,1,1
lollllllllllllllllllllllllllllllllll,0,1,1
lollllllllllllllllllllllllllllllllllllllllll,0,1,1
lolllllllly,0,1,1
lolllllyyyyyyyy,0,1,1
lollllzzzz,1,0,1
lollloll,1,0,1
lolllz,1,2,3
lollol,2,5,7
lolloll,1,0,1
lollollol,0,1,1
lollollollol,0,1,1
lollollollollollollollollol,1,0,1
lollolol,0,1,1
lolls,1,1,2
lolly,32,42,74
lollygaggers,0,1,1
lollypop,1,5,6
lollypops,1,1,2
lollys,2,2,4
lollyy,0,1,1
lollz,1,2,3
lollzz,0,2,2
lolm,1,2,3
lolmagnetz,0,1,1
lolmao,1,0,1
lolmaybe,0,1,1
lolmonster,0,1,1
lolmylife,0,1,1
loln,0,1,1
lolnice,0,1,1
lolno,0,2,2
lolo,12,20,32
loloh,1,0,1
lolol,100,163,263
lololll,0,1,1
lolollo,0,1,1
lololo,0,4,4
lololol,41,59,100
lolololl,2,1,3
lolololo,1,0,1
lolololol,6,13,19
lololololl,1,0,1
lololololol,4,3,7
lolololololol,2,1,3
lololololololol,1,0,1
lolololololololol,0,1,1
lololololololololol,0,1,1
lolololololololololol,2,0,2
lololololololololololololol,1,0,1
lololololz,0,1,1
lolololoolololol,1,0,1
lolololz,0,1,1
lololove,0,1,1
loloma,1,0,1
lolomonster,0,1,1
lolool,0,1,1
loloolol,0,1,1
loloololl,1,0,1
lolornamarie,0,1,1
lolos,1,3,4
loloy,0,1,1
lolpanda,1,0,1
lolrez,0,1,1
lols,80,121,201
lolsatires,0,1,1
lolsi,1,0,1
lolsie,0,1,1
lolsims,0,1,1
lolsome,1,0,1
lolspeak,1,2,3
lolss,5,2,7
lolsss,0,1,1
lolssss,1,0,1
lolsup,1,0,1
lolsy,0,1,1
lolsz,2,6,8
loltatz,0,1,1
lolthanks,0,1,1
lolthis,1,0,1
lolto,1,0,1
lolts,0,1,1
lolums,0,1,1
lolwat,1,0,1
lolwe,0,1,1
lolwell,0,1,1
lolwhat,0,1,1
lolworthy,0,1,1
lolwrong,0,1,1
lolwut,0,1,1
lolx,12,14,26
lolxs,1,0,1
lolxx,0,2,2
lolxxx,1,0,1
lolxxxxxxxxxxxxx,0,1,1
lolxz,0,2,2
loly,0,2,2
lolyat,0,1,1
lolyou,1,1,2
lolz,197,359,556
lolzaaa,1,0,1
lolzfactor,0,1,1
lolzies,1,0,1
lolzim,1,0,1
lolzlzolzol,1,0,1
lolzo,1,1,2
lolzor,1,0,1
lolzors,0,1,1
lolzyz,0,1,1
lolzz,2,9,11
lolzzz,5,10,15
lolzzzz,1,3,4
lolzzzzz,0,1,1
lom,2,5,7
loma,2,3,5
lomance,2,0,2
lomand,0,1,1
lomans,1,0,1
lomantic,0,1,1
lomas,1,0,1
lomb,1,0,1
lombard,1,0,1
lombardi,0,2,2
lombardo,0,1,1
lombardy,1,1,2
lombax,0,1,1
lombok,3,3,6
lomdon,0,1,1
lomely,1,0,1
lomflllll,0,1,1
lomg,0,1,1
lomi,0,2,2
loml,2,1,3
lomme,0,1,1
lomo,9,22,31
lomobook,0,2,2
lomography,0,4,4
lomohome,1,0,1
lomonaco,0,1,1
lomond,3,10,13
lomonosovskiy,0,1,1
lompas,0,1,1
lompoc,2,1,3
lon,10,7,17
lonavla,1,1,2
loncat,1,0,1
lonchecito,0,1,1
lonchera,1,0,1
lond,4,2,6
londain,0,1,1
londan,0,1,1
londass,0,1,1
londen,2,1,3
londeners,1,0,1
londi,0,2,2
londie,0,1,1
londinium,0,1,1
londiste,2,0,2
londno,1,0,1
londo,1,0,1
london,1584,1539,3123
londonamigo,1,0,1
londonderry,1,0,1
londoner,3,4,7
londoners,3,4,7
londonfashionweek,0,1,1
londonfgss,1,0,1
londonfolk,0,1,1
londonific,0,1,1
londonish,1,0,1
londonist,1,0,1
londonium,1,0,1
londonn,0,1,1
londonnnn,3,1,4
londonnnnnnnnnn,1,0,1
londonnnnnnnnnnnn,0,1,1
londons,4,2,6
londonseo,1,1,2
londonshire,0,1,1
londonthings,1,0,1
londonto,1,0,1
londontown,3,3,6
londonz,1,0,1
londoon,0,1,1
londooooon,1,0,1
londres,2,2,4
londrina,0,1,1
londroid,0,1,1
lone,32,22,54
lonee,1,0,1
loneeeeeeelllllyyyyyy,1,0,1
loneiy,1,0,1
loneley,1,0,1
lonelier,4,0,4
loneliest,7,0,7
lonelified,1,0,1
lonelily,1,0,1
loneliness,38,11,49
lonelllyyy,1,0,1
lonely,1984,230,2214
lonelyandroid,15,0,15
lonelycheesebunny,1,0,1
lonelyi,1,0,1
lonelylonelylonely,1,0,1
lonelyness,3,0,3
lonelytwin,2,0,2
lonelytwitterclub,0,1,1
lonelyy,4,1,5
lonelyyy,5,0,5
lonelyyyy,3,0,3
lonelyyyyy,2,0,2
lonelyyyyyyy,1,0,1
lonelyzz,1,0,1
loner,84,20,104
lonered,8,0,8
lonerish,1,0,1
lonerr,1,0,1
lonerrrr,1,1,2
loners,3,1,4
lonery,1,0,1
lones,0,1,1
lonesim,1,0,1
lonesome,110,22,132
lonesometown,0,1,1
lonestar,4,5,9
lonesum,2,0,2
lonex,1,0,1
loney,7,2,9
lonf,1,0,1
long,9510,7640,17150
longa,2,0,2
longago,0,1,1
longan,2,0,2
longanisas,1,0,1
longass,4,0,4
longbeach,3,3,6
longbgr,0,1,1
longboard,15,7,22
longboarding,8,5,13
longboards,0,1,1
longboat,1,1,2
longbottom,1,2,3
longbourn,0,1,1
longbox,1,0,1
longbranch,1,1,2
longcao,0,1,1
longcat,1,1,2
longchamp,1,4,5
longday,2,0,2
longdistance,1,0,1
longdrive,1,0,1
longe,9,2,11
longed,0,4,4
longeeeeeeeeeer,1,0,1
longeeeeer,1,0,1
longeerr,2,0,2
longer,1981,777,2758
longerr,2,0,2
longerrr,3,0,3
longerrrr,1,0,1
longerrrrr,0,1,1
longest,271,248,519
longestt,0,1,1
longet,1,0,1
longevity,1,3,4
longfellow,1,0,1
longg,20,25,45
longganisa,2,2,4
longgg,29,28,57
longggg,36,20,56
longgggg,9,6,15
longggggg,6,2,8
longgggggg,3,1,4
longggggggg,4,2,6
longgggggggg,0,1,1
longggggggggg,1,0,1
longgggggggggg,2,0,2
longhair,1,0,1
longhamps,1,0,1
longhand,2,1,3
longhaul,0,1,1
longhorn,7,6,13
longhorns,7,4,11
longin,1,0,1
longines,1,0,1
longing,38,12,50
longingly,6,2,8
longings,0,1,1
longish,3,4,7
longisland,2,1,3
longji,0,1,1
longjohn,1,0,1
longjohns,0,1,1
longjumeau,0,1,1
longjumeauweather,1,0,1
longjump,0,1,1
longleat,4,5,9
longlegs,2,0,2
longlelong,2,0,2
longley,0,1,1
longlife,1,0,1
longliveyourdog,0,1,1
longlong,0,1,1
longlonglooooong,1,0,1
longlost,0,1,1
longmall,1,0,1
longman,1,0,1
longmont,1,2,3
longnails,0,1,1
longness,2,0,2
longniddry,0,1,1
longo,1,2,3
longoria,0,3,3
longport,1,0,1
longr,2,0,2
longrain,0,1,1
longreach,1,0,1
longrrrrr,0,1,1
longrun,0,1,1
longs,14,6,20
longsands,1,0,1
longsay,0,1,1
longshadow,0,1,1
longshoremans,0,1,1
longshot,3,4,7
longshots,0,1,1
longsight,1,0,1
longsilog,1,0,1
longsine,1,0,1
longsleeve,0,1,1
longstaff,1,1,2
longstocking,2,0,2
longstory,1,0,1
longstreet,1,0,1
longtail,0,1,1
longtemps,0,2,2
longterm,2,5,7
longtime,11,11,22
longtimets,0,1,1
longting,1,0,1
longuest,0,1,1
longurl,1,1,2
longview,4,4,8
longwayround,0,1,1
longweekend,2,5,7
longwell,0,1,1
longwinded,0,1,1
longwood,1,3,4
longworth,0,1,1
longy,1,0,1
lonh,1,0,1
lonhchamps,0,1,1
loni,0,1,1
lonjas,1,0,1
lonley,61,9,70
lonleyness,1,0,1
lonleyville,1,0,1
lonleyy,1,0,1
lonliest,1,0,1
lonliness,8,1,9
lonly,13,0,13
lonne,0,1,1
lonng,5,2,7
lonngg,1,3,4
lonnggg,2,1,3
lonngggg,1,3,4
lonnggggg,0,2,2
lonngggggg,2,0,2
lonnggggggg,0,1,1
lonnie,1,4,5
lonnng,6,3,9
lonnngg,2,0,2
lonnnggg,2,1,3
lonnngggg,2,0,2
lonnngggggg,1,0,1
lonnnng,7,4,11
lonnnngeeessst,1,0,1
lonnnnger,1,0,1
lonnnngg,1,0,1
lonnnnggg,0,1,1
lonnnngggg,1,0,1
lonnnnng,0,3,3
lonnnnngggg,0,1,1
lonnnnnggggg,1,0,1
lonnnnngggggg,0,2,2
lonnnnnng,0,1,1
lonnnnnnng,1,1,2
lonnnnnnnng,1,0,1
lonnnnnnnngggggg,1,0,1
lonnnnnnnnnnnnnnnng,1,0,1
lonny,1,0,1
lonoke,1,0,1
lonovala,1,0,1
lonq,5,5,10
lonsdale,1,3,4
lonseomes,0,1,1
lonsome,0,1,1
lonster,1,0,1
lont,1,0,1
lonte,0,1,1
lonvic,1,0,1
lonws,1,0,1
lonya,0,1,1
lonzenge,1,0,1
loo,42,32,74
looads,1,0,1
loob,0,1,1
loobee,1,0,1
loobit,0,1,1
loobs,1,0,1
looc,0,1,1
loocie,1,0,1
loock,0,1,1
loocking,0,1,1
lood,1,0,1
loody,0,1,1
looe,1,0,1
looev,0,1,1
loof,0,1,1
loofah,0,1,1
loofas,1,0,1
loogie,2,0,2
loogies,1,1,2
looh,1,1,2
loohhh,1,1,2
looin,1,0,1
looing,1,0,1
look,5122,8205,13327
looka,2,0,2
lookalike,3,13,16
lookalikes,2,3,5
lookandtaste,1,1,2
lookat,0,1,1
lookbook,7,7,14
lookbookdotnu,0,6,6
lookbookla,0,1,1
lookd,9,5,14
lookded,1,0,1
looke,4,1,5
looked,1311,1118,2429
lookee,0,2,2
lookem,0,1,1
looken,2,3,5
looker,5,7,12
lookes,0,3,3
lookey,1,1,2
lookeylikey,1,0,1
lookfindfree,1,1,2
lookforward,0,1,1
lookg,1,1,2
lookie,1,19,20
lookig,3,0,3
lookign,2,1,3
lookiin,0,1,1
lookiing,0,1,1
lookin,424,570,994
lookind,0,1,1
lookinf,1,2,3
looking,6042,7497,13539
lookingat,0,1,1
lookingatpaintcoloursagain,1,0,1
lookingfor,0,2,2
lookingforward,0,1,1
lookingg,1,1,2
lookings,1,0,1
lookink,0,1,1
lookinlike,1,0,1
lookinng,0,1,1
lookinq,1,4,5
lookit,1,2,3
lookitsasha,1,0,1
lookity,1,0,1
lookk,1,2,3
lookking,0,1,1
lookkk,0,1,1
looklet,0,3,3
lookletku,0,1,1
looklike,0,1,1
lookn,18,19,37
lookng,1,3,4
looknig,0,1,1
lookning,0,1,1
lookong,2,0,2
lookout,10,36,46
lookouts,7,2,9
looks,5393,5042,10435
lookse,1,1,2
looksee,0,3,3
lookseeee,1,0,1
looksie,2,1,3
lookslikeitmightbeagoodday,0,1,1
looksss,0,1,1
lookssss,0,1,1
looksy,0,2,2
lookthunder,0,1,1
looktohire,0,1,1
lookup,3,4,7
looky,11,13,24
lookz,0,1,1
lool,70,118,188
looli,1,0,1
looling,1,0,1
looll,0,3,3
loolol,0,1,1
lools,0,2,2
loolz,1,2,3
loom,4,6,10
looming,53,7,60
loomis,1,1,2
loomks,1,0,1
loompa,3,3,6
loompah,1,0,1
loompas,1,2,3
looms,5,10,15
loomstate,0,1,1
loon,6,9,15
looney,9,8,17
looneynerd,1,0,1
loong,40,30,70
loongerrr,1,0,1
loonggg,0,2,2
loonggggg,1,0,1
loonie,1,4,5
loonies,1,1,2
loonix,0,1,1
loonng,2,0,2
loonngg,4,2,6
loonnggg,0,1,1
loonnng,1,0,1
loonnngg,1,1,2
loonnnggg,1,0,1
loonnnnggg,0,2,2
loons,1,7,8
loony,3,4,7
loonytrain,0,1,1
looo,3,2,5
loooads,1,2,3
loooh,1,0,1
looohh,0,1,1
loook,7,11,18
loooked,1,3,4
loooken,0,1,1
loookin,0,2,2
loooking,6,12,18
loookingggggg,1,0,1
loookn,0,1,1
loooks,3,3,6
loool,34,53,87
looollll,0,1,1
looolllliiibeam,1,0,1
loools,0,2,2
looon,0,1,1
looonch,0,1,1
looone,0,1,1
looonely,1,0,1
looong,102,97,199
looongday,1,0,1
looongg,3,1,4
looonggg,0,1,1
looonng,2,0,2
looonngg,2,2,4
looonnggg,2,1,3
looonnng,2,1,3
looonnngg,1,2,3
looonnnggg,2,3,5
looonnngggg,1,3,4
looonnnggggg,1,0,1
looonnnng,1,0,1
looonnnnng,1,0,1
loooo,1,0,1
looooaaads,0,1,1
looooads,2,1,3
loooog,1,0,1
looooh,0,1,1
looook,0,6,6
looookee,0,1,1
looool,16,31,47
loooolll,1,0,1
looools,0,1,1
loooong,103,81,184
loooonggg,1,1,2
loooonnerr,0,1,1
loooonngg,0,1,1
loooonnggg,1,2,3
loooonngggg,0,1,1
loooonnng,0,1,1
loooonnnggg,3,2,5
loooonnngggg,2,1,3
loooonnnng,1,0,1
loooonnnngg,1,0,1
loooonnnnggg,0,2,2
loooonnnnngest,0,1,1
loooonnnnnggg,1,0,1
loooonnnnngggg,1,0,1
loooonnnnnggggg,1,0,1
loooooads,3,1,4
looooofah,0,1,1
looooog,0,1,1
loooook,1,0,1
loooooks,0,1,1
loooool,9,10,19
looooong,48,33,81
looooonggg,1,1,2
looooonnng,2,0,2
looooonnnggg,1,0,1
looooonnnng,0,1,1
looooonnnnggg,1,0,1
looooonnnnnggg,1,0,1
looooooads,1,0,1
loooooocks,0,1,1
looooooe,1,0,1
looooook,0,1,1
looooool,2,1,3
loooooolding,0,1,1
loooooong,32,22,54
loooooonng,1,0,1
loooooonnnng,1,1,2
loooooonnnnggggg,1,0,1
loooooonnnnngg,0,1,1
loooooonnnnnggggg,0,1,1
looooooo,0,1,1
loooooool,3,4,7
looooooong,16,14,30
looooooonggg,1,0,1
looooooonnng,0,1,1
looooooonnngg,1,0,1
looooooonnnng,2,0,2
looooooool,2,4,6
loooooooong,19,3,22
loooooooonng,1,0,1
loooooooonnnngggg,1,0,1
loooooooonnnnnggggg,0,1,1
loooooooool,6,0,6
looooooooong,7,5,12
looooooooonnnnnggggg,0,1,1
looooooooonnnnnnggg,1,0,1
looooooooool,2,3,5
loooooooooong,4,4,8
loooooooooooaaaaaaaaaads,0,1,1
looooooooooong,6,0,6
looooooooooonger,1,0,1
looooooooooonnnnnggggg,1,0,1
looooooooooool,0,1,1
loooooooooooong,2,1,3
loooooooooooool,1,2,3
looooooooooooong,1,0,1
looooooooooooool,1,1,2
loooooooooooooong,1,1,2
loooooooooooooook,0,1,1
loooooooooooooool,0,1,1
looooooooooooooong,3,1,4
looooooooooooooonnnnnnnnnnng,1,0,1
looooooooooooooool,1,0,1
loooooooooooooooong,2,0,2
loooooooooooooooool,1,0,1
looooooooooooooooong,1,0,1
looooooooooooooooool,1,0,1
loooooooooooooooooong,2,1,3
looooooooooooooooooong,3,1,4
looooooooooooooooooool,0,1,1
looooooooooooooooooooool,1,0,1
looooooooooooooooooooooooong,0,1,1
loooooooooooooooooooooooooong,0,2,2
loooooooooooooooooooooooooooooong,1,0,1
loooooooooooooooooooooooooooooooonnnnnnngggggggg,1,0,1
loooooooooooooooooooooooooooooooove,0,1,1
loooooooooooooooooooooooove,1,0,1
looooooooooooooooooooove,0,1,1
looooooooooooooooooove,0,1,1
looooooooooooooooove,2,0,2
looooooooooooooove,0,4,4
looooooooooooooves,0,1,1
looooooooooooot,1,0,1
looooooooooooove,2,2,4
loooooooooooot,1,0,1
loooooooooooottttttt,1,0,1
loooooooooooove,0,2,2
looooooooooots,0,1,1
looooooooooove,3,3,6
loooooooooot,0,2,2
loooooooooove,2,5,7
looooooooooved,0,1,1
loooooooooovvvee,0,1,1
looooooooosers,1,0,1
looooooooove,1,12,13
loooooooooved,0,1,1
loooooooooveeee,0,1,1
loooooooooving,0,1,1
looooooooser,0,1,1
loooooooove,2,15,17
looooooooved,0,1,1
looooooooveee,0,1,1
looooooooves,1,0,1
loooooooovvveee,0,1,1
loooooooovvvvvvvvvve,0,1,1
looooooossseeerr,0,1,1
looooooot,1,1,2
looooooove,4,26,30
looooooovee,0,1,1
loooooooveeeee,0,1,1
looooooovely,2,0,2
loooooooves,0,5,5
loooooooving,0,2,2
loooooose,1,1,2
looooooser,1,1,2
loooooosin,1,0,1
loooooot,2,3,5
loooooots,1,1,2
loooooove,15,45,60
looooooved,1,1,2
loooooovee,1,0,1
loooooovely,0,2,2
loooooovemary,0,1,1
looooooves,0,1,1
looooooving,0,2,2
loooooovvve,0,1,1
loooooovvvve,0,1,1
loooooovvvveeee,0,1,1
loooooovvvvveeeee,1,0,1
looooose,1,0,1
looooost,1,0,1
looooot,2,1,3
looooots,1,0,1
loooooud,1,0,1
looooove,26,80,106
loooooved,2,2,4
loooooveee,1,0,1
looooovely,1,1,2
loooooves,0,4,4
loooooving,0,4,4
looooovveeeee,0,1,1
looooovvve,1,0,1
looooovvveee,0,2,2
loooose,0,1,1
looooseeeeeer,1,0,1
looooserz,1,0,1
loooot,4,1,5
loooots,1,0,1
looooud,1,0,1
loooouuuddd,1,0,1
loooove,41,143,184
looooved,1,9,10
loooovee,0,2,2
looooveee,1,4,5
looooveeed,0,1,1
looooveeee,1,3,4
looooveeeee,1,0,1
looooveeelyyy,0,1,1
loooovely,0,2,2
loooover,0,1,1
looooves,3,10,13
looooveyyy,1,0,1
loooovez,1,0,1
looooving,0,5,5
loooovve,1,0,1
loooovvee,0,1,1
loooovvveee,0,1,1
loooovvveeee,1,0,1
loooovvveeeeee,0,1,1
loooovvvve,1,1,2
loooovvvveeee,0,1,1
loooovvvvveee,0,1,1
loooovvvvvvveeeeeee,0,1,1
loooovvvvvvvvve,0,1,1
looop,1,0,1
looosaaaa,0,1,1
looosahh,0,1,1
looose,1,3,4
loooseeeeee,1,0,1
loooser,1,2,3
looosers,0,1,1
looosing,0,1,1
looot,6,7,13
loootsa,1,0,1
looottt,0,1,1
looove,55,184,239
loooved,8,9,17
looovee,0,9,9
loooveee,0,5,5
loooveeed,0,1,1
loooveeee,1,5,6
loooveellyyyy,0,1,1
loooveloooveloooveyouu,0,1,1
looovely,1,5,6
looover,0,1,1
loooves,0,10,10
looovess,0,1,1
looovethis,0,1,1
loooveu,0,1,1
looovin,1,1,2
loooving,0,1,1
looovve,1,0,1
looovvee,1,1,2
looovveee,1,1,2
looovveesss,0,1,1
looovvve,1,0,1
looovvvee,0,2,2
looovvveee,1,3,4
looovvveeesss,0,1,1
looovvvvee,0,1,1
looow,2,1,3
looowkey,1,0,1
loop,183,129,312
loopback,2,0,2
looped,3,4,7
loopers,1,0,1
loopey,1,0,1
loophole,4,4,8
loopholes,2,1,3
loopholey,0,1,1
loopiness,0,2,2
looping,6,10,16
loopjazz,0,1,1
loopless,1,0,1
loops,22,38,60
loopstations,0,1,1
loopt,7,8,15
loopy,17,27,44
loopys,1,0,1
loordyy,1,0,1
loos,5,7,12
loosa,0,1,1
loosaaaa,0,1,1
loosahs,1,0,1
loose,371,212,583
loosed,1,0,1
loosegroove,0,1,1
looseing,2,0,2
looseleaf,0,1,1
loosely,1,8,9
loosemen,1,0,1
loosen,7,12,19
loosened,2,0,2
loosenig,1,0,1
loosening,2,3,5
loosens,1,0,1
looser,16,11,27
looserness,1,0,1
loosers,5,2,7
looses,13,5,18
loosest,1,0,1
loosewomen,2,1,3
loosey,3,0,3
loosh,0,1,1
loosien,0,1,1
loosin,7,2,9
loosing,157,26,183
loost,1,0,1
loosu,0,1,1
loot,13,15,28
lootbags,1,0,1
looted,1,0,1
looting,4,1,5
loots,0,1,1
loottt,0,1,1
loou,0,1,1
looudlyy,1,0,1
loov,1,2,3
loove,29,95,124
looved,3,4,7
loovee,4,7,11
looveed,1,0,1
looveee,1,3,4
looveeee,0,1,1
looveess,0,1,1
looveeyoouu,0,2,2
loovely,0,1,1
looves,0,2,2
looviing,0,1,1
loovin,0,1,1
loovvee,3,3,6
loovvinn,0,1,1
loovvve,1,0,1
loovvveee,0,1,1
loovvveeee,0,1,1
loozers,1,0,1
lop,2,0,2
lopa,1,0,1
lopatcong,0,1,1
lopate,0,1,1
lope,1,0,1
loper,1,1,2
lopera,0,1,1
lopes,0,1,1
lopesided,0,1,1
lopetexas,0,1,1
lopez,27,52,79
lopezey,0,1,1
lopezz,1,1,2
lopl,1,0,1
lopped,2,0,2
lopping,1,0,1
lopppppppp,0,1,1
lops,2,0,2
lopshop,0,4,4
lopsided,3,0,3
lopsidedness,0,1,1
loptop,2,0,2
loquacious,0,2,2
loquat,0,1,1
lor,47,29,76
lora,1,6,7
loraa,1,0,1
lorain,1,3,4
loraina,0,1,1
loraine,2,0,2
loralei,0,2,2
lorali,1,0,1
loran,0,1,1
loranger,1,0,1
loras,0,1,1
loratabs,0,1,1
loratabtrain,1,0,1
lorax,0,2,2
lorcan,1,0,1
lord,378,599,977
lordd,0,1,1
lorddd,1,1,2
lordddy,1,0,1
lordhelpme,1,0,1
lordi,0,3,3
lordie,2,2,4
lording,0,1,1
lordn,1,0,1
lordness,0,1,1
lordobeer,1,0,1
lordofbeer,1,0,1
lordoftheflies,1,0,1
lords,13,19,32
lordsexpenses,1,0,1
lordship,0,2,2
lordy,21,20,41
lore,20,9,29
loreal,3,7,10
loreally,0,1,1
loree,0,1,1
loreena,2,3,5
loreene,0,1,1
loreennn,1,0,1
lorelai,4,2,6
lorelais,1,0,1
loreland,0,1,1
lorelei,1,1,2
lorelie,0,1,1
lorem,0,3,3
loremaster,1,1,2
loren,9,25,34
lorena,2,5,7
lorene,1,1,2
lorenna,1,1,2
lorentz,1,0,1
lorenz,2,0,2
lorenzi,0,1,1
lorenzo,8,14,22
loreto,1,1,2
loretos,0,1,1
loretta,1,5,6
lorh,1,1,2
lori,38,69,107
loriann,0,1,1
loridar,0,1,1
lorie,0,5,5
lorient,0,1,1
lorikeets,0,1,1
lorimae,0,3,3
lorin,1,1,2
lorina,0,1,1
lorinda,0,1,1
loring,1,2,3
lorinne,0,1,1
loris,5,2,7
loritab,1,0,1
lorn,1,0,1
lorna,5,12,17
lornas,0,1,1
lorne,2,3,5
lorny,0,1,1
lorong,0,1,1
lorr,0,1,1
lorraine,14,21,35
lorraines,0,1,1
lorrainka,1,0,1
lorren,2,0,2
lorrie,4,2,6
lorries,2,0,2
lorrrd,1,0,1
lorrrdy,0,1,1
lorrrr,1,0,1
lorrrrrrxsz,2,0,2
lorry,17,2,19
lortab,2,2,4
lortabs,1,0,1
lory,2,1,3
loryne,1,0,1
los,146,161,307
losa,0,1,1
losaaa,0,1,1
losand,0,2,2
lose,1439,538,1977
losea,1,0,1
losecontec,1,0,1
losed,1,0,1
losee,2,2,4
loseee,3,0,3
loseeeer,1,1,2
loseing,6,0,6
loseit,1,0,1
loseke,1,0,1
losenge,0,1,1
losenges,0,1,1
loser,384,271,655
loserdom,0,1,1
loserface,1,2,3
loserfools,0,1,1
loserish,1,3,4
loserkids,1,0,1
loserkins,1,0,1
losermachine,0,2,2
loserr,0,5,5
loserrr,5,4,9
loserrrr,4,1,5
loserrrrr,3,2,5
loserrrrrr,0,1,1
loserrrrrrrr,1,0,1
loserrrrrrrrrr,0,1,1
losers,50,65,115
losersauce,1,0,1
loserss,1,0,1
losersssss,0,1,1
loserville,2,4,6
loses,96,59,155
losf,1,0,1
losiento,0,1,1
losin,20,9,29
losing,1082,217,1299
losinng,1,0,1
loskutoff,0,1,1
loslito,0,3,3
losman,1,0,1
losmets,0,1,1
losng,1,0,1
losnotc,3,1,4
loso,0,5,5
losr,2,0,2
loss,841,198,1039
losse,1,0,1
lossed,3,0,3
losser,1,1,2
losses,34,6,40
lossess,0,1,1
lossie,1,0,1
lossiemouth,2,0,2
lossing,5,2,7
losskalameros,0,1,1
lossless,1,2,3
lossseeerrr,0,1,1
losssomuch,1,0,1
losst,1,1,2
lossy,1,1,2
lost,9528,1934,11462
losta,0,3,3
lostafarian,0,1,1
lostaholics,1,0,1
lostalone,1,0,1
lostandfound,2,0,2
lostarg,1,3,4
lostbed,0,1,1
lostcontactgaming,0,1,1
losted,9,0,9
lostened,1,0,1
lostening,0,2,2
lostfanfail,1,0,1
losthighway,0,1,1
lostie,1,0,1
losties,0,1,1
lostiguana,0,1,1
losting,2,0,2
lostinmrfrysvortex,0,1,1
lostit,0,1,1
lostivewatched,0,2,2
lostmy,1,0,1
lostnsupermrkt,1,0,1
lostock,0,1,1
lostor,1,0,1
lostprophets,8,8,16
losts,1,1,2
lostt,2,1,3
lostthegame,3,2,5
losttt,4,1,5
lostttt,1,0,1
lostzombies,1,0,1
losug,1,2,3
loswerden,0,1,1
losy,3,0,3
lot,4277,4942,9219
lota,1,3,4
lotavo,0,1,1
lotay,0,1,1
lotchecktester,0,1,1
lotd,0,2,2
loteria,3,3,6
lotery,2,0,2
lotf,2,1,3
lotgg,0,1,1
lothario,0,1,1
lotherton,0,1,1
lothes,0,1,1
lothian,0,3,3
lothlorien,0,1,1
lotion,97,55,152
lotioned,2,2,4
lotioning,1,1,2
lotionn,1,0,1
lotions,4,4,8
lotiony,0,1,1
lotl,1,2,3
lotms,0,5,5
loto,0,1,1
lotp,1,0,1
lotr,29,27,56
lotrel,1,0,1
lotro,12,11,23
lotronight,0,1,1
lots,2170,3196,5366
lotsa,64,103,167
lotsaaa,1,0,1
lotsacampus,0,1,1
lotses,0,1,1
lotsh,1,0,1
lotsies,2,0,2
lotsof,0,1,1
lotsomeds,1,0,1
lotss,1,7,8
lotsss,2,5,7
lotssss,1,2,3
lotsssss,1,0,1
lotssssss,1,0,1
lotsta,0,1,1
lott,6,12,18
lotta,42,50,92
lottaa,0,1,1
lottaburger,0,1,1
lottalotta,1,0,1
lottanew,1,0,1
lottapianos,0,1,1
lotte,4,2,6
lotteeee,0,1,1
lotteries,2,0,2
lotters,0,1,1
lottery,125,94,219
lottey,1,0,1
lotti,0,4,4
lottie,3,9,12
lotties,0,2,2
lottle,1,0,1
lotto,48,35,83
lottoooo,0,1,1
lottory,1,0,1
lotts,1,3,4
lottsa,0,1,1
lottt,4,9,13
lottta,0,1,1
lottto,0,1,1
lottts,0,1,1
lotttsshhh,0,1,1
lotttt,3,5,8
lottttaa,0,1,1
lotttts,0,1,1
lottttt,3,3,6
lottttts,1,0,1
lotttttt,3,0,3
lottttttttttt,0,1,1
lotty,1,0,1
lotus,28,35,63
lotuses,0,1,1
lotusnotes,3,1,4
lotxdd,0,1,1
lotz,7,6,13
lotzz,2,0,2
lou,58,78,136
louad,1,0,1
louanne,0,1,1
louay,0,1,1
loubee,1,0,1
loubellxoxo,1,0,1
louboutin,6,8,14
louboutins,5,4,9
loubouton,0,1,1
louboutuns,1,0,1
loubs,1,1,2
louby,0,1,1
louche,0,1,1
louco,1,0,1
loucura,0,1,1
loud,588,529,1117
loudd,2,1,3
louddd,1,0,1
louddddd,1,0,1
louden,0,1,1
louder,22,35,57
louders,0,1,1
loudest,17,11,28
loudhouse,1,0,1
loudly,65,52,117
loudmouth,1,1,2
loudmouthed,0,1,1
loudmouths,0,1,1
loudness,2,3,5
loudofficeneighbor,0,1,1
loudon,0,1,1
loudonville,1,0,1
loudoun,0,1,1
loudquietloud,0,1,1
loudry,1,0,1
loudspeaker,2,1,3
loudspeakers,1,0,1
loudtwitter,6,0,6
loues,1,0,1
louet,1,0,1
louey,0,1,1
lougan,0,1,1
lougee,0,1,1
lough,3,2,5
loughborough,6,7,13
loughing,0,1,1
loughlin,1,0,1
lougne,0,1,1
louhas,0,1,1
loui,3,2,5
louie,23,34,57
louiee,0,1,1
louiise,2,0,2
louis,130,133,263
louisa,4,7,11
louisanna,1,0,1
louisas,0,1,1
louisburg,1,0,1
louise,50,47,97
louiselane,0,1,1
louisemurph,0,1,1
louisenobladder,0,1,1
louises,0,1,1
louisgray,1,0,1
louisiana,33,32,65
louislouisefanday,1,0,1
louissaaa,0,1,1
louisse,0,1,1
louisville,37,34,71
louiville,1,1,2
loukas,0,2,2
loukoumades,0,1,1
louky,1,0,1
loulou,4,6,10
loulud,2,0,2
loun,0,1,1
lounch,0,1,1
lound,1,1,2
loundly,0,1,1
loundon,1,0,1
lounge,184,218,402
loungebr,1,0,1
lounged,4,1,5
loungeeee,0,1,1
lounger,4,12,16
loungeroom,1,0,1
loungers,1,1,2
lounges,1,7,8
loungey,0,1,1
loungin,7,9,16
lounging,30,66,96
lounsbury,1,0,1
loup,1,0,1
loura,0,1,1
lourdes,2,5,7
lourdz,1,0,1
louriam,0,1,1
lourini,1,0,1
lous,5,3,8
lousberglauf,1,0,1
louse,1,0,1
loused,1,0,1
louses,0,1,1
lousey,3,0,3
lousiana,1,0,1
lousier,1,0,1
lousy,115,30,145
lousyyy,1,0,1
loutao,1,0,1
louth,2,2,4
louts,2,0,2
louttes,0,1,1
louu,0,1,1
louuu,1,0,1
louuuu,0,1,1
louver,3,0,3
louvre,6,5,11
louzy,1,0,1
lov,39,61,100
lova,5,8,13
lovaaa,1,1,2
lovaah,0,2,2
lovaahh,0,1,1
lovable,7,21,28
lovables,1,0,1
lovage,2,1,3
lovah,0,1,1
lovaholic,0,1,1
lovahs,0,1,1
lovassss,1,0,1
lovat,1,0,1
lovato,84,202,286
lovatooo,1,0,1
lovatos,6,1,7
lovaya,2,0,2
lovbers,1,0,1
lovce,0,1,1
lovd,1,4,5
love,16990,47694,64684
lovea,0,1,1
loveable,4,12,16
lovealwayswins,0,1,1
loveandkisses,0,1,1
loveandlogicrock,0,2,2
loveavle,0,1,1
loveb,0,1,1
lovebank,0,1,1
lovebeat,0,1,1
lovebettercamp,0,1,1
lovebird,2,1,3
lovebirds,3,4,7
lovebite,1,0,1
loveble,0,1,1
loveblueberry,0,1,1
loveboat,0,1,1
lovebox,0,4,4
lovebug,5,24,29
lovebuggg,1,0,1
lovebuggsss,0,1,1
lovebugs,1,2,3
lovebugueuz,0,1,1
lovebuuuggg,0,2,2
lovec,1,0,1
lovecanton,1,0,1
lovecats,1,0,1
lovechild,2,2,4
lovechuck,0,1,1
lovecoke,0,1,1
lovecom,1,0,1
lovecraft,0,1,1
lovecraftian,1,2,3
lovecyberscampxox,0,1,1
loved,1548,2976,4524
loveday,1,1,2
lovedd,4,8,12
loveddd,1,8,9
lovedddd,0,5,5
loveddddd,0,1,1
loveddddddd,1,0,1
loveddddddddd,0,1,1
loveded,1,0,1
lovedior,0,1,1
lovedit,0,1,1
lovediversity,0,1,1
lovedrug,0,1,1
lovee,67,228,295
loveed,1,2,3
loveedd,1,0,1
loveee,56,173,229
loveeed,1,2,3
loveeedd,0,2,2
loveeee,23,98,121
loveeeed,0,1,1
loveeeee,12,43,55
loveeeeed,0,1,1
loveeeeee,4,15,19
loveeeeeee,7,16,23
loveeeeeeed,1,0,1
loveeeeeeee,3,9,12
loveeeeeeeed,0,1,1
loveeeeeeeee,2,4,6
loveeeeeeeeed,0,1,1
loveeeeeeeeee,1,5,6
loveeeeeeeeeee,0,3,3
loveeeeeeeeeeee,1,1,2
loveeeeeeeeeeeee,1,2,3
loveeeeeeeeeeeeee,0,2,2
loveeeeeeeeeeeeeeee,0,1,1
loveeeeeeeeeeeeeeeeeee,0,1,1
loveeeeeeeeeeeeeeeeeeeeee,0,1,1
loveeeeeeeeeeeeeeeeeeeeeeee,1,0,1
loveeeeeeeeeeeeeeeeeeeeeeeeeeeeeee,0,1,1
loveeeeeeeeeeeeeeeeeeeeeeeeeeeeeeeeeeeeee,0,1,1
loveeeeeeeeeeeeeeeeeeeeeeeeeeeeeeeeeeeeeeeeeeeeeee,0,1,1
loveeeeeeeeeeeeu,1,0,1
loveeeeeeeeyouuuu,0,1,1
loveeeeeloveloveveveveveve,0,1,1
loveeeees,1,2,3
loveeeers,0,1,1
loveeeesss,0,1,1
loveeely,2,2,4
loveeerly,0,1,1
loveees,0,2,2
loveeess,0,1,1
loveeett,0,1,1
loveeeyouuguyyysss,1,0,1
loveeeyy,0,1,1
loveely,0,2,2
lovees,0,1,1
loveessssssss,0,1,1
loveeuguys,0,1,1
loveeupeople,1,0,1
loveeverybody,1,13,14
loveeya,0,1,1
loveeyounicholas,0,1,1
loveeyouu,2,0,2
loveeyouuu,0,2,2
lovef,0,1,1
lovefamily,1,0,1
lovefest,3,4,7
lovefilm,6,8,14
lovefim,1,0,1
lovefool,1,1,2
lovefoxx,0,1,1
lovegame,1,9,10
lovegood,1,2,3
lovegreetings,0,1,1
lovegrove,1,0,1
lovehandle,2,0,2
lovehate,1,0,1
lovehatedreamslifeworkplayfriendshipsex,0,1,1
lovehatehero,1,1,2
lovehatesex,0,1,1
loveherr,0,1,1
lovehim,0,3,3
lovehome,0,1,1
lovehopehate,1,0,1
lovehound,1,0,1
lovei,0,1,1
loveies,0,1,1
loveif,0,1,1
lovein,2,1,3
loveing,2,16,18
loveisdead,1,0,1
loveit,1,4,5
loveittt,0,4,4
loveitttt,0,1,1
lovejoy,3,2,5
lovel,1,0,1
lovelace,0,1,1
loveland,1,2,3
lovelast,1,0,1
loveleh,0,1,1
loveless,9,3,12
loveletter,2,1,3
loveley,0,4,4
lovelier,2,2,4
lovelies,23,70,93
loveliesss,0,1,1
loveliest,5,15,20
lovelife,2,3,5
loveline,9,10,19
loveliness,2,12,14
lovelips,0,1,1
lovelives,1,0,1
lovell,0,2,2
lovelllllyy,0,1,1
lovellllyyyy,1,0,1
lovelllyyy,1,0,1
lovelly,2,3,5
lovellyy,2,0,2
lovelogger,0,1,1
lovelooovee,0,1,1
lovelots,0,1,1
lovelove,4,10,14
loveloved,0,1,1
lovelovelooove,1,0,1
lovelovelove,9,41,50
loveloveloveeeeeeee,0,1,1
lovelovelovelove,0,2,2
loveloveloveloveee,0,1,1
lovelovelovelovelovelove,0,1,1
lovelovelovelovelovelovelovelovelovelove,0,1,1
lovelovelovelovelovelovelovelovelovelovelove,1,0,1
lovelry,0,1,1
lovelukefire,1,0,1
lovely,1559,4544,6103
lovelyday,1,0,1
lovelyl,0,1,1
lovelylenne,0,2,2
lovelymozzie,0,1,1
lovelyness,3,1,4
lovelynicola,0,1,1
lovelynn,0,1,1
lovelyone,1,0,1
lovelys,2,6,8
lovelything,0,1,1
lovelytrinkets,0,1,1
lovelywings,0,3,3
lovelyxx,0,1,1
lovelyy,3,10,13
lovelyyy,2,4,6
lovelyyyy,0,2,2
lovelyyyyyyy,0,1,1
lovelyyyyyyyyyyyy,0,1,1
lovem,0,1,1
lovemakers,1,0,1
lovemaking,0,1,1
lovemcfly,0,4,4
loveme,1,1,2
lovemesomecoffee,1,0,1
lovemileyandmandyshow,0,1,1
lovemyl,0,1,1
lovemylife,0,2,2
lovemymommy,0,1,1
lovemysexyjellybean,1,0,1
loven,1,6,7
lovenadav,0,1,1
loveofmylife,0,1,1
loveofmylifegah,0,1,1
loveonherwrist,0,1,1
loveparade,1,0,1
lovepink,1,0,1
loveqv,1,0,1
lover,161,227,388
loverbear,1,0,1
loverbooger,0,1,1
loverboy,3,6,9
lovercall,0,1,1
loverd,0,1,1
loverface,2,2,4
loverfaces,1,0,1
loverher,0,1,1
lovering,0,1,1
loverla,1,0,1
loverlaay,0,1,1
loverley,0,2,2
loverly,11,40,51
loverlyy,1,0,1
loverlyyy,0,1,1
loverman,0,1,1
loverocka,1,0,1
loverpants,1,0,1
loverr,1,2,3
loverrlly,0,1,1
loverrly,0,1,1
loverrr,1,4,5
loverrrr,0,1,1
loverrrrly,1,0,1
loverrrrr,0,2,2
loverrrrrr,0,1,1
loverrrrrrrrrrrr,0,1,1
loverrrrrrrrrrs,0,1,1
lovers,71,145,216
loversss,1,2,3
loversxo,0,1,1
loves,827,2670,3497
lovesandadoresmysickiebffm,1,0,1
loveschina,0,1,1
lovesd,1,1,2
loveseat,0,2,2
loveses,0,1,1
loveshack,0,1,1
loveshow,0,2,2
lovesick,7,4,11
lovesit,0,2,2
loveskedl,0,1,1
lovesong,2,1,3
lovesongs,0,2,2
lovesongsunday,1,0,1
lovesouthafrica,0,1,1
lovespirals,0,1,1
lovespresonalprojects,0,1,1
lovess,4,12,16
lovesss,2,11,13
lovessss,1,11,12
lovesssss,0,4,4
lovessssss,1,0,1
lovessssssssss,0,1,1
lovestoned,0,3,3
lovestories,0,1,1
lovestruck,2,7,9
lovesunny,0,1,1
loveswans,1,0,1
lovesyou,0,2,2
lovesyouchiechie,0,1,1
lovesyous,0,1,1
lovesz,1,1,2
loveteam,0,1,1
loveterr,1,0,1
loveth,2,0,2
lovethatbigfamily,1,0,1
lovethatsong,0,1,1
lovethe,0,1,1
lovetheirwords,0,1,1
lovethem,0,1,1
lovett,2,2,4
lovetwitter,0,1,1
loveu,11,9,20
loveuboyy,1,0,1
loveuee,0,1,1
loveuguys,1,0,1
loveuiphone,1,0,1
loveupeople,1,0,1
loveuu,0,1,1
loveuutl,0,1,1
loveuuu,1,0,1
loveuxo,1,0,1
lovevable,1,0,1
lovevly,0,1,1
lovewe,0,1,1
lovewhitesocks,1,0,1
lovex,0,1,1
lovexo,2,6,8
lovey,42,42,84
loveya,9,9,18
loveyaa,1,0,1
loveyaazz,0,1,1
loveyaguys,0,1,1
loveyah,0,1,1
loveyall,0,2,2
loveyasomuch,0,1,1
loveyatoo,0,1,1
loveyatwoo,0,1,1
loveyduck,0,1,1
loveyewbestie,1,0,1
loveyoou,0,1,1
loveyou,32,58,90
loveyouall,0,1,1
loveyoubeth,1,0,1
loveyoubyeee,0,1,1
loveyoufletch,4,2,6
loveyouguys,1,2,3
loveyoujonesy,2,4,6
loveyouloadsss,1,0,1
loveyounickxx,1,0,1
loveyour,0,1,1
loveyourl,0,1,1
loveyousomuch,0,1,1
loveyousomuchhhbabeee,1,0,1
loveyouss,1,1,2
loveyoutho,1,0,1
loveyoutoo,0,2,2
loveyoutooeveryone,0,1,1
loveyouu,3,7,10
loveyouuu,3,4,7
loveyouuuu,1,0,1
loveyouuuuu,1,1,2
loveyouuuuuuu,0,1,1
loveyoux,0,1,1
loveyouxx,1,2,3
loveyouxxx,0,1,1
loveyouyou,0,1,1
loveys,2,4,6
loveyy,1,0,1
lovez,2,7,9
lovezz,1,0,1
lovidubss,0,1,1
lovie,12,18,30
loviee,0,1,1
lovieee,0,1,1
lovieeessssss,0,1,1
lovies,7,21,28
loviess,0,2,2
lovign,0,1,1
loviie,0,1,1
loviiiiing,0,1,1
loviiin,0,1,1
loviiing,0,1,1
loviin,1,1,2
loviing,0,1,1
lovin,185,655,840
loving,714,2618,3332
lovingarchie,0,1,1
lovingg,0,2,2
lovinggg,0,2,2
lovingggggg,0,1,1
lovinggggggggg,0,1,1
lovinging,1,0,1
lovingly,3,8,11
lovings,1,2,3
lovingyoubee,0,1,1
lovining,1,0,1
lovinn,0,6,6
lovinng,0,2,2
lovinnnnn,0,1,1
lovinq,0,1,1
lovins,2,0,2
lovita,0,1,1
loviu,0,1,1
lovlely,0,1,1
lovlelyy,0,1,1
lovles,1,0,1
lovlesmile,0,1,1
lovley,17,34,51
lovleys,0,1,1
lovleyyyyy,0,1,1
lovlieness,1,0,1
lovlies,3,3,6
lovliest,1,3,4
lovliness,1,0,1
lovly,4,5,9
lovn,1,3,4
lovoo,0,1,1
lovosssss,1,0,1
lovotos,1,0,1
lovr,0,2,2
lovre,0,1,1
lovring,0,1,1
lovs,0,1,1
lovu,1,0,1
lovullos,0,1,1
lovve,2,11,13
lovvee,0,2,2
lovveee,1,6,7
lovveeee,0,3,3
lovveeeee,0,1,1
lovveess,0,1,1
lovver,0,1,1
lovveyou,0,1,1
lovvinn,0,1,1
lovvve,3,5,8
lovvved,0,1,1
lovvvee,1,3,4
lovvveee,0,4,4
lovvveeee,0,4,4
lovvveeeeeee,0,1,1
lovvveeelllyyyy,1,0,1
lovvveerrr,1,0,1
lovvves,0,1,1
lovvvesss,0,1,1
lovvvuuhhh,1,0,1
lovvvve,3,1,4
lovvvved,0,2,2
lovvvveee,0,2,2
lovvvveeee,0,3,3
lovvvveeeeee,1,0,1
lovvvveeeessss,0,1,1
lovvvving,0,1,1
lovvvvve,1,5,6
lovvvvved,0,1,1
lovvvvveeeee,1,0,1
lovvvvves,0,1,1
lovvvvvve,0,2,2
lovvvvvvvve,0,1,1
lovvvvvvvvveeee,0,1,1
lovw,1,1,2
lovweliesx,0,1,1
lovy,0,1,1
low,1087,623,1710
lowball,0,2,2
lowbat,1,2,3
lowbatt,5,1,6
lowbattery,0,1,1
lowbeam,0,1,1
lowbet,0,1,1
lowblow,1,0,1
lowbudget,2,1,3
lowcarb,0,1,1
lowcost,1,0,1
lowcostanddiscfullofimages,1,0,1
lowcy,0,1,1
lowd,2,0,2
lowder,0,1,1
lowdown,1,2,3
lowe,16,21,37
loweasy,1,0,1
lowell,10,5,15
lowend,0,1,1
lowenfield,0,1,1
lowenstark,0,1,1
lowepro,0,2,2
lower,253,115,368
lowerback,1,0,1
lowercase,0,3,3
lowered,10,8,18
lowering,12,7,19
lowerpriceone,0,1,1
lowerpro,1,0,1
lowerrr,0,1,1
lowers,10,2,12
lowery,1,0,1
lowes,5,21,26
lowest,31,20,51
lowestoft,0,1,1
lowever,0,1,1
lowfat,1,3,4
lowgun,0,1,1
lowie,1,0,1
lowkey,25,11,36
lowkeyy,1,0,1
lowla,0,1,1
lowland,0,1,1
lowlands,6,7,13
lowley,0,1,1
lowlife,0,1,1
lowlight,2,0,2
lowlights,2,0,2
lowlowlow,0,1,1
lowly,8,4,12
lowman,0,1,1
lowmans,1,0,1
lowness,0,1,1
lowng,1,0,1
lownleeeynjul,0,1,1
lownoise,0,1,1
lowpitch,0,1,1
lowri,0,2,2
lowrider,1,1,2
lowry,8,7,15
lows,11,18,29
lowsy,1,0,1
lowton,0,1,1
loww,2,3,5
lowwing,0,1,1
lowwww,1,1,2
lowyat,0,1,1
lowyatt,1,0,1
lox,12,7,19
loxley,2,1,3
loxx,1,0,1
loxy,1,0,1
loy,1,4,5
loya,0,1,1
loyal,37,64,101
loyalfam,1,0,1
loyalis,0,1,1
loyalist,0,1,1
loyality,1,0,1
loyals,1,0,1
loyalties,3,3,6
loyalty,15,16,31
loyatly,0,1,1
loyd,1,1,2
loydd,1,1,2
loye,1,0,1
loyno,1,0,1
loyola,2,5,7
loz,6,11,17
lozanges,1,0,1
lozanos,1,0,1
lozeenge,0,1,1
lozenge,1,1,2
lozenger,0,1,1
lozenges,7,5,12
lozer,1,1,2
lozers,0,1,1
lozjpg,0,3,3
lozz,1,2,3
lozza,0,1,1
lozzaah,1,0,1
lozzaayy,0,1,1
lozzengers,0,1,1
lozzie,0,1,1
lozziee,0,1,1
lozzles,0,1,1
lozzy,1,0,1
lp,40,55,95
lpa,1,0,1
lpb,0,1,1
lpc,2,3,5
lpd,1,0,1
lpep,1,2,3
lpers,1,0,1
lpg,0,2,2
lpga,1,6,7
lpi,1,0,1
lping,1,0,1
lpk,1,0,1
lpking,1,0,1
lpl,2,0,2
lplus,0,1,1
lpm,1,1,2
lpn,0,1,1
lpo,1,0,1
lpool,2,3,5
lpooltwup,1,0,1
lpr,0,2,2
lprofile,0,1,1
lps,1,4,5
lpstu,0,1,1
lpt,1,1,2
lptop,1,0,1
lptops,1,0,1
lpu,2,2,4
lpushing,1,0,1
lpv,1,9,10
lpw,2,0,2
lpz,0,1,1
lq,2,5,7
lqhs,0,1,1
lqqkin,1,0,1
lqsya,0,1,1
lr,14,22,36
lra,0,1,1
lrb,2,0,2
lrbc,0,1,1
lrc,3,2,5
lrch,0,1,1
lreiz,1,0,1
lrg,3,3,6
lrigt,0,2,2
lrlr,1,0,1
lrlrl,0,2,2
lrn,0,2,2
lrnchat,1,0,1
lrnn,1,0,1
lro,7,4,11
lrp,0,1,1
lrr,0,1,1
lrs,0,1,1
lrt,1,2,3
lrtweetup,1,0,1
lrug,0,1,1
lrv,1,0,1
lrving,1,0,1
ls,26,28,54
lsa,2,0,2
lsac,1,0,1
lsad,0,1,1
lsadf,1,0,1
lsadness,1,0,1
lsaid,1,0,1
lsast,1,0,1
lsat,28,13,41
lsats,0,1,1
lsattiiingggg,1,0,1
lsaving,0,1,1
lsb,4,1,5
lsc,2,2,4
lsd,7,4,11
lsdfinancials,1,0,1
lsdfkjals,1,0,1
lsdkfj,0,1,1
lsdkfjd,1,0,1
lse,3,1,4
lsekoiak,1,0,1
lsept,0,1,1
lsepy,0,1,1
lsexyj,0,1,1
lsfkjlj,1,0,1
lsg,0,2,2
lsgh,3,0,3
lshe,0,1,1
lshow,0,1,1
lshs,1,0,1
lsiening,0,1,1
lsitne,0,1,1
lskade,0,1,1
lskar,0,1,1
lskfjlds,1,0,1
lski,0,1,1
lsl,2,1,3
lsm,0,1,1
lsmsa,0,1,1
lsn,1,2,3
lsning,0,1,1
lso,0,2,2
lsoe,1,0,1
lsot,1,0,1
lsow,1,0,1
lsp,4,1,5
lsptop,0,1,1
lsrc,1,0,1
lsrfm,0,2,2
lsrge,1,0,1
lss,6,17,23
lsso,0,1,1
lst,19,13,32
lsta,0,1,1
lsteezy,0,1,1
lstening,0,1,1
lstew,1,0,1
lstnin,1,0,1
lsu,29,13,42
lsuc,0,1,1
lsut,1,0,1
lsv,2,0,2
lt,24,31,55
lta,1,1,2
ltb,0,1,1
ltbp,1,0,1
ltbt,0,1,1
ltc,1,1,2
ltcb,1,0,1
ltd,5,13,18
ltdf,1,0,1
lte,0,4,4
lteeny,1,0,1
lten,0,1,1
lter,0,2,2
ltermand,0,1,1
ltes,0,1,1
ltet,0,1,1
ltgenpanda,0,1,1
lthe,1,1,2
ltheblockmx,0,1,1
lthough,1,0,1
ltiitle,1,1,2
ltim,0,2,2
ltj,2,2,4
ltk,0,1,1
ltl,0,1,1
ltle,1,0,1
ltm,0,3,3
ltns,0,3,3
ltnt,0,1,1
lto,2,1,3
ltop,0,1,1
ltown,3,1,4
ltp,2,1,3
ltr,16,20,36
ltroi,2,0,2
ltrs,1,1,2
lts,6,6,12
ltsp,0,2,2
ltt,0,1,1
lttc,1,0,1
ltte,6,3,9
lttle,4,4,8
lttp,1,0,1
lttr,2,0,2
ltu,1,0,1
ltv,2,2,4
lu,34,58,92
lua,3,2,5
luadry,0,1,1
luagh,0,1,1
luan,0,2,2
luana,1,0,1
luandry,1,0,1
luann,0,1,1
luanna,0,2,2
luanne,0,2,2
luar,1,0,1
luara,1,0,1
luaren,1,0,1
luas,1,0,1
luat,0,8,8
luau,10,30,40
lub,12,13,25
luba,0,1,1
lubas,1,0,1
lubb,5,2,7
lubba,1,0,1
lubbbb,0,2,2
lubbed,0,2,2
lubber,0,1,1
lubberly,1,0,1
lubbock,12,7,19
lubbs,1,1,2
lubby,1,0,1
lube,14,14,28
lubed,0,4,4
lubell,0,1,1
lubemobile,1,0,1
luber,1,1,2
lubgum,0,1,1
lubilin,1,0,1
lubin,0,1,1
lubing,1,0,1
lublin,1,1,2
lubly,0,1,1
lubov,0,1,1
lubricant,0,1,1
lubricated,0,1,1
lubricating,0,1,1
lubrication,0,1,1
lubriderm,1,0,1
lubs,0,3,3
luby,0,1,1
lubya,1,0,1
lubz,0,2,2
luc,7,9,16
luca,10,7,17
lucado,0,2,2
lucan,1,1,2
lucarellie,1,0,1
lucario,1,2,3
lucas,89,107,196
lucasarts,2,2,4
lucasfilm,0,1,1
lucban,1,2,3
lucc,1,0,1
lucca,1,3,4
luccccccckkkkky,0,1,1
luccccccky,0,1,1
luccck,2,0,2
lucccky,0,1,1
lucce,0,1,1
lucci,0,3,3
lucciano,0,1,1
lucck,1,0,1
lucckk,0,2,2
lucckky,0,1,1
luccky,1,0,1
luccy,1,0,1
luce,9,9,18
lucena,0,1,1
lucene,5,1,6
lucerito,2,0,2
lucerne,1,3,4
lucero,1,1,2
luch,10,10,20
luchbreak,0,1,1
luches,0,1,1
luchini,0,1,1
lucho,0,1,1
lucht,1,0,1
luci,3,2,5
lucia,13,14,27
lucian,4,0,4
luciana,0,1,1
luciane,0,2,2
lucianes,0,1,1
lucianne,0,1,1
luciano,3,2,5
lucianomedrano,0,1,1
lucias,1,0,1
lucic,2,0,2
lucid,8,13,21
lucida,1,0,1
lucidity,0,3,3
lucidstone,0,1,1
lucie,3,7,10
lucien,3,3,6
lucienne,0,1,1
lucies,1,1,2
lucifer,1,1,2
luciferian,1,0,1
lucifron,0,1,1
lucilas,1,0,1
lucille,1,3,4
lucilles,0,2,2
lucinda,4,3,7
lucindaaaaaaaa,0,1,1
lucino,0,1,1
lucious,1,3,4
lucite,2,1,3
lucius,1,1,2
lucj,0,1,1
luck,3130,5546,8676
lucka,0,2,2
luckayyy,0,1,1
lucked,7,7,14
luckee,0,1,1
luckeh,1,1,2
luckely,1,1,2
lucket,0,2,2
luckett,1,4,5
lucketts,1,2,3
luckey,2,1,3
luckeymonkey,0,1,1
lucki,1,1,2
luckie,5,1,6
luckiee,0,1,1
luckier,7,12,19
luckies,1,1,2
luckiest,8,46,54
luckiestmanontwitter,0,2,2
luckii,2,0,2
luckiin,0,1,1
luckilly,1,2,3
luckily,208,254,462
lucking,0,1,1
luckjy,0,1,1
luckk,8,15,23
luckkk,3,11,14
luckkkk,2,4,6
luckkkkk,2,3,5
luckkkkkkkk,0,1,1
luckkkkkkkkk,0,1,1
luckkky,2,0,2
luckkkyyy,2,0,2
luckkkyyyy,1,1,2
luckky,5,1,6
luckkytt,1,0,1
luckkyy,2,2,4
luckkyyy,2,0,2
luckkyyyy,1,0,1
luckly,5,8,13
lucknow,4,2,6
lucks,3,10,13
lucksmith,0,1,1
lucksmiths,1,0,1
luckster,0,1,1
lucky,2204,2082,4286
luckybitch,1,0,1
luckycharmes,0,1,1
luckychavez,0,1,1
luckydips,0,1,1
luckygirl,1,0,1
luckygnahhh,1,0,1
luckylibra,0,2,2
luckylucky,0,2,2
luckyme,1,0,1
luckyou,1,0,1
luckys,1,0,1
luckystrike,0,1,1
luckywheel,0,1,1
luckyy,15,17,32
luckyyy,18,13,31
luckyyyy,11,4,15
luckyyyyy,1,0,1
luckyyyyyy,3,0,3
luckyyyyyyy,0,2,2
luckyyyyyyyyy,0,1,1
lucman,0,1,1
lucn,1,1,2
lucnh,2,1,3
lucnhtime,1,0,1
lucozade,16,12,28
lucozde,1,0,1
lucrative,4,7,11
lucre,0,1,1
lucretia,0,1,1
lucrez,1,1,2
lucrezia,0,3,3
lucrezpe,1,0,1
lucru,0,1,1
luct,0,1,1
lucu,1,4,5
lucuan,0,1,1
lucuw,0,1,1
lucy,112,139,251
lucyfurr,1,0,1
lucymaddisavannahtv,0,1,1
lucys,4,4,8
lucyy,1,0,1
lucyyyy,0,1,1
lucyyyyyyy,0,1,1
luda,5,7,12
ludachrist,0,1,1
ludacris,3,6,9
ludacrus,1,0,1
ludajuice,0,1,1
ludakissed,0,1,1
luddism,1,0,1
luddite,1,3,4
luddites,0,3,3
ludens,1,0,1
ludhiana,0,1,1
ludi,1,1,2
ludicrous,4,5,9
ludivine,0,1,1
ludlo,1,0,1
ludlow,3,0,3
ludlum,0,1,1
ludo,1,4,5
ludovic,1,0,1
ludovica,0,1,1
ludovico,1,2,3
ludtman,0,1,1
ludum,1,0,1
ludvinco,0,1,1
ludwick,1,0,1
ludwig,2,4,6
ludwigdrummer,0,1,1
ludwigsburg,1,1,2
ludwik,0,1,1
lue,2,0,2
luego,3,8,11
luegoo,0,1,1
luey,1,0,1
luf,2,2,4
lufbra,1,1,2
luff,4,20,24
lufferly,1,0,1
lufffff,0,1,1
luffles,1,0,1
lufflies,1,0,1
luffluff,0,1,1
luffs,1,5,6
luffy,2,0,2
lufkin,1,1,2
lufra,1,0,1
luft,0,1,1
luftballons,1,0,1
luften,0,1,1
lufthansa,3,5,8
lug,7,9,16
lugages,1,0,1
lugano,1,2,3
lugaw,1,0,1
luge,1,0,1
luggae,1,0,1
luggage,126,68,194
luggages,4,0,4
luggagesource,0,1,1
lugging,7,4,11
luggs,0,1,1
lugguage,3,0,3
lugguge,1,0,1
luggy,0,1,1
lugh,0,2,2
lughnasadh,1,0,1
lugholes,2,0,2
lugi,1,0,1
lugnut,1,0,1
lugnuts,1,0,1
lugo,0,2,2
lugos,0,3,3
lugosi,1,1,2
lugradio,0,1,1
lugs,2,0,2
lugubrious,0,1,1
lugz,1,0,1
luh,16,17,33
luhbb,0,1,1
luhh,3,5,8
luhhh,0,3,3
luhrman,0,2,2
luhrmann,0,1,1
luhv,2,2,4
luhving,0,1,1
luhzzzzz,1,0,1
lui,2,7,9
luiggie,1,0,1
luigi,9,9,18
luigie,0,1,1
luigis,0,1,1
luiisa,0,1,1
luilack,1,0,1
luilak,0,1,1
luinch,1,0,1
luis,25,37,62
luisa,2,5,7
luisana,0,1,1
luisboo,1,0,1
luixsana,0,1,1
luiz,2,0,2
luiza,0,1,1
luizx,1,0,1
lujan,1,0,1
luji,1,0,1
lujo,1,0,1
luk,18,13,31
luka,2,5,7
lukas,9,9,18
lukasrossi,1,2,3
lukasvandenberg,0,1,1
lukasvdb,0,1,1
lukasz,1,0,1
lukban,0,1,1
lukcy,3,0,3
lukd,2,0,2
luke,124,150,274
lukeaholic,0,1,1
lukeeeee,0,1,1
lukehmuse,0,1,1
lukemia,1,0,1
luker,2,0,2
lukerssss,0,1,1
lukes,6,6,12
lukess,1,0,1
lukester,2,1,3
luketic,0,2,2
lukewarm,9,3,12
lukewise,0,1,1
lukey,7,6,13
lukeyy,1,0,1
lukeyyy,0,1,1
luki,0,2,2
lukie,0,1,1
lukiest,1,0,1
lukiii,1,0,1
lukiin,1,0,1
lukimookie,0,1,1
lukin,7,9,16
luking,1,3,4
lukka,0,1,1
lukkee,0,1,1
lukkha,0,1,1
lukks,0,1,1
lukluk,0,1,1
lukn,2,1,3
lukozade,0,1,1
luks,5,7,12
luksa,0,1,1
luksusowa,1,0,1
lukus,0,1,1
luky,0,2,2
lul,7,6,13
lula,4,3,7
lulaaaaaaa,1,0,1
lule,3,1,4
luling,0,1,1
lulipop,0,1,1
lull,7,4,11
lullabies,4,4,8
lullabuy,1,0,1
lullaby,30,37,67
lullabye,3,3,6
lullabys,1,0,1
lullby,1,0,1
lulled,1,2,3
lulling,1,2,3
lulls,0,2,2
lully,1,3,4
lullz,1,0,1
luls,1,0,1
lulu,19,39,58
lulubelle,0,1,1
lulubog,0,1,1
lulugar,1,0,1
lulul,0,1,1
lululand,1,0,1
lululemon,2,4,6
lulululul,0,1,1
lulumon,0,1,1
lulur,1,0,1
lulus,6,6,12
lulusan,0,1,1
luly,0,1,1
lulyciienta,0,1,1
lulyugly,0,1,1
lulz,27,40,67
lulztard,1,0,1
lulzy,4,2,6
lulzzzzzzzzzzff,0,1,1
lum,4,3,7
luma,2,0,2
lumabas,2,3,5
lumala,2,0,2
lumayaan,0,1,1
lumayan,4,2,6
lumbago,0,1,1
lumbar,2,0,2
lumber,2,4,6
lumbera,0,2,2
lumbergh,0,1,1
lumbering,1,0,1
lumberjack,1,9,10
lumberyard,1,0,1
lumbi,0,1,1
lumbs,1,0,1
lumch,1,0,1
lumea,1,9,10
lumen,0,2,2
lumi,1,1,2
lumiere,4,1,5
lumii,0,1,1
lumijoki,0,1,1
lumilipad,1,0,1
lumina,1,0,1
luminaria,2,1,3
luminaries,0,1,1
luminary,2,2,4
luminate,0,1,1
luminato,3,3,6
lumineon,1,0,1
lumineria,1,0,1
lumines,1,2,3
luming,1,0,1
luminii,0,1,1
luminis,1,0,1
luminiscense,1,0,1
luminor,1,0,1
luminous,6,4,10
lumious,0,1,1
lumiquest,1,0,1
lumix,6,7,13
lumley,1,6,7
lumming,1,0,1
lummy,1,1,2
lumnch,1,0,1
lumo,2,1,3
lumography,1,0,1
lump,72,10,82
lumpa,5,1,6
lumpalard,1,0,1
lumpat,0,4,4
lumpectomy,0,1,1
lumped,1,0,1
lumpia,3,11,14
lumpiang,0,1,1
lumpias,0,1,1
lumping,1,0,1
lumps,10,9,19
lumptious,0,1,1
lumpur,5,11,16
lumpy,14,8,22
lumpys,0,1,1
lums,2,2,4
lun,4,4,8
luna,33,30,63
lunaa,1,0,1
lunacy,0,3,3
lunajune,0,2,2
lunan,2,0,2
lunapic,0,1,1
lunar,1,4,5
lunarpages,0,1,1
lunarticles,1,0,1
lunasa,0,1,1
lunascape,1,0,1
lunasin,0,1,1
lunatic,6,9,15
lunatics,5,5,10
lunc,2,1,3
lunccccch,1,0,1
luncch,0,1,1
lunceford,0,1,1
lunceh,0,1,1
lunch,3404,4379,7783
lunchable,3,4,7
lunchables,2,6,8
lunchbag,1,0,1
lunchbeer,0,1,1
lunchbox,7,5,12
lunchboxes,1,0,1
lunchbreak,12,9,21
lunchbreaks,0,1,1
lunchdate,3,0,3
lunche,0,2,2
lunched,1,5,6
lunchen,0,1,1
lunchens,1,0,1
luncheon,15,23,38
luncheons,1,1,2
luncherize,0,1,1
lunches,39,26,65
lunchfail,0,1,1
lunchfast,0,1,1
lunchfriday,0,1,1
lunchh,4,5,9
lunchhh,1,5,6
lunchhhh,1,1,2
lunchhhhh,1,0,1
lunchhhhhh,1,0,1
lunchhhhhhhh,1,0,1
lunchie,1,1,2
lunchieeee,1,0,1
lunchies,1,1,2
lunchin,1,3,4
lunching,10,12,22
lunchlady,0,1,1
lunchless,1,0,1
lunchmeeting,1,1,2
lunchon,0,2,2
lunchroom,2,0,2
lunchrunwednesday,0,2,2
lunchs,1,0,1
lunchtime,110,122,232
lunchtimerollcall,1,0,1
lunchtimes,1,3,4
lunchy,1,5,6
lunchz,1,0,1
lunchzies,1,0,1
lunck,1,1,2
lunctime,2,0,2
lund,2,7,9
lundberg,0,1,1
lundi,1,1,2
lundie,0,1,1
lundin,0,1,1
lundon,0,2,2
lunduke,0,1,1
lundy,1,1,2
lune,2,2,4
lunely,1,0,1
lunenburg,0,2,2
luner,1,0,1
lunes,5,2,7
lunesdescomunal,0,1,1
lunesta,4,1,5
luneta,0,1,1
lunette,1,0,1
lunetten,1,0,1
lung,78,22,100
lunga,1,0,1
lunge,2,2,4
lunged,1,1,2
lunges,7,8,15
lungkot,1,0,1
lungs,105,44,149
lunhc,0,1,1
lunig,1,0,1
lunigiana,1,1,2
lunkers,0,1,1
lunkin,1,0,1
lunn,1,0,1
lunnnch,0,1,1
lunnnnch,0,1,1
lunnun,1,0,1
luns,0,1,1
lunsford,1,0,1
luntch,1,0,1
lunteer,1,0,1
luo,3,0,3
luoe,1,0,1
luol,1,0,1
luon,0,1,1
luong,2,1,3
luongo,6,1,7
luoy,1,0,1
luozhixiang,0,1,1
lupa,8,9,17
lupakan,0,1,1
lupe,8,18,26
lupend,0,1,1
lupes,0,1,1
lupestripe,0,1,1
lupetus,1,0,1
lupi,1,0,1
lupicia,0,1,1
lupiiiins,0,1,1
lupin,0,2,2
lupines,1,1,2
lupins,2,0,2
lupis,1,1,2
lupita,1,3,4
lupito,1,0,1
lupo,1,2,3
lupos,0,1,1
lupron,0,1,1
lupton,1,0,1
lupus,20,3,23
luqman,1,0,1
lur,1,1,2
lurbbe,1,0,1
lurbes,0,1,1
lurched,1,0,1
lurcher,1,1,2
lurching,0,1,1
lure,9,20,29
lured,4,5,9
lures,4,2,6
lurg,3,0,3
lurgan,0,1,1
lurgee,1,0,1
lurgey,1,0,1
lurghy,0,1,1
lurgi,0,1,1
lurgies,2,0,2
lurgy,29,3,32
lurh,1,0,1
lurhdt,1,0,1
lurie,1,0,1
luring,3,2,5
lurk,13,19,32
lurked,1,0,1
lurker,3,7,10
lurkers,3,8,11
lurkey,0,1,1
lurkin,0,3,3
lurking,28,42,70
lurklove,1,0,1
lurkloving,1,0,1
lurks,2,1,3
lurkyy,1,0,1
lurlene,1,0,1
lurn,1,0,1
lurning,1,0,1
luroo,0,1,1
lurpak,1,0,1
lurpy,1,0,1
lurrrrrrrrrrrrvee,0,1,1
lurrrrrrv,1,0,1
lurrrrrrve,1,0,1
lurrrrrve,0,2,2
lurrrrv,0,1,1
lurrrrve,1,0,1
lurrrrvly,0,2,2
lurrrve,1,3,4
lurrrved,0,1,1
lurrrving,0,1,1
lurrrvly,0,1,1
lurrrvvveee,0,1,1
lurrv,0,1,1
lurrve,0,1,1
lurrvve,0,1,1
lursh,2,0,2
lurshhhh,0,1,1
lurus,0,1,1
lurv,2,7,9
lurvable,0,2,2
lurve,10,34,44
lurvebite,0,1,1
lurved,0,2,2
lurvee,1,2,3
lurveee,0,2,2
lurveeeee,1,0,1
lurveeeeee,0,1,1
lurvely,1,3,4
lurvelyyy,1,0,1
lurverly,0,1,1
lurves,2,2,4
lurviin,1,0,1
lurvin,1,1,2
lurvley,1,0,1
lurvly,0,3,3
lurvs,0,1,1
lurvvee,0,1,1
lurvvve,0,1,1
lus,2,2,4
lusa,0,1,1
luscious,3,6,9
lusciously,0,1,1
lused,0,1,1
lusers,1,0,1
lusfm,1,0,1
lush,77,175,252
lushes,0,1,1
lushh,1,2,3
lushhh,1,2,3
lushhhh,0,1,1
lushhhhhhhhhhhhhhhhhh,0,1,1
lushious,0,1,1
lushness,0,1,1
lushooo,0,1,1
lushoooo,0,1,1
lushous,0,1,1
lushus,0,1,1
lushy,1,2,3
lushyang,1,0,1
lusk,1,2,3
lusmssss,1,0,1
lusogamer,1,0,1
luss,0,1,1
lusso,1,2,3
lussshhh,1,0,1
lust,31,23,54
lusted,1,1,2
lustenau,0,1,1
lustening,0,1,1
luster,7,2,9
lustful,2,0,2
lustig,0,3,3
lusting,9,9,18
lustre,4,0,4
lustreglass,1,0,1
lustrous,0,1,1
lusts,1,0,1
lusture,1,0,1
lusty,0,2,2
lutando,1,0,1
lute,0,1,1
lutefest,1,0,1
lutefisk,0,1,1
lutely,3,3,6
lutelyyyy,0,1,1
lutenent,0,1,1
lutenica,0,1,1
lutfen,0,1,1
lutfy,0,1,1
lutg,0,1,1
luthe,1,0,1
luther,11,13,24
lutheran,0,5,5
lutherans,0,1,1
lutherstadt,1,0,1
luthhhh,1,0,1
luthiers,0,1,1
luthor,3,2,5
lutinha,1,0,1
lutley,0,2,2
luto,2,0,2
luton,12,8,20
lutonsk,0,1,1
lutrija,0,1,1
luttent,0,1,1
luttrell,1,0,1
lutz,6,7,13
luu,1,4,5
luuck,0,2,2
luuckkyy,1,0,1
luucky,1,1,2
luufaaaaaaah,0,1,1
luuki,1,0,1
luulaa,1,0,1
luuncchh,1,0,1
luunch,1,2,3
luurrrve,0,1,1
luush,1,0,1
luuuckk,0,1,1
luuucky,1,1,2
luuuckyy,1,0,1
luuunch,1,0,1
luuurrved,0,1,1
luuurve,0,1,1
luuurvly,0,1,1
luuushhh,1,0,1
luuuuck,0,1,1
luuuucky,3,1,4
luuuuckyyy,1,0,1
luuuucy,1,0,1
luuuulz,0,1,1
luuuurve,1,1,2
luuuurving,0,1,1
luuuuucky,0,1,1
luuuuuh,0,1,1
luuuuurv,0,1,1
luuuuurve,0,1,1
luuuuuu,0,1,1
luuuuuuch,0,1,1
luuuuuucky,2,0,2
luuuuuuuck,0,1,1
luuuuuuurrrrvvveee,0,1,1
luuuuuuuunch,1,0,1
luuuuuuuuuuuuuv,1,0,1
luuuuuuuuuuv,0,1,1
luuuuuuuuuv,0,1,1
luuuuuuuv,0,1,1
luuuuuuuvvvv,0,1,1
luuuuuuv,0,2,2
luuuuuv,1,2,3
luuuuv,0,6,6
luuuuved,0,1,1
luuuuvs,0,1,1
luuuuvz,0,1,1
luuuux,0,1,1
luuuv,0,3,3
luuuvit,0,1,1
luuuvv,0,1,1
luuv,0,1,1
luuvin,1,0,1
luuvlyy,1,0,1
luuvvv,0,1,1
luv,658,1681,2339
luva,0,7,7
luvable,0,1,1
luvas,1,0,1
luvass,0,1,1
luvbaby,0,1,1
luvbabyluv,0,2,2
luvbirds,0,1,1
luvbug,0,1,1
luvbunny,0,2,2
luvbuq,1,0,1
luvchat,1,1,2
luvd,7,8,15
luve,2,5,7
luved,7,23,30
luveet,0,1,1
luvely,0,1,1
luver,2,1,3
luverly,1,4,5
luverr,0,1,1
luverrrrr,1,0,1
luvery,0,1,1
luves,0,1,1
luvey,1,1,2
luveyouzoey,1,0,1
luvfam,1,0,1
luvg,1,0,1
luvh,1,1,2
luvhappy,0,1,1
luvher,1,0,1
luvi,0,1,1
luvie,2,4,6
luvies,0,5,5
luviez,0,1,1
luvin,14,63,77
luving,4,19,23
luvinmesomedonnie,0,1,1
luvins,0,1,1
luvit,0,3,3
luvky,0,1,1
luvladyt,0,1,1
luvley,1,0,1
luvlies,0,2,2
luvluvluv,0,1,1
luvly,5,20,25
luvn,1,5,6
luvo,1,0,1
luvoh,0,1,1
luvr,2,1,3
luvrley,0,1,1
luvrs,1,0,1
luvryry,0,1,1
luvs,24,72,96
luvserveddaily,0,1,1
luvthe,0,1,1
luvthetea,0,1,1
luvu,2,2,4
luvuguys,1,0,1
luvumuch,0,1,1
luvv,7,18,25
luvva,0,1,1
luvved,1,0,1
luvveee,0,1,1
luvverly,0,4,4
luvvers,0,1,1
luvvie,0,7,7
luvvies,0,2,2
luvviinnn,0,1,1
luvvin,1,1,2
luvvit,0,1,1
luvvly,0,1,1
luvvv,5,8,13
luvvvs,0,1,1
luvvvv,0,6,6
luvvvvv,1,0,1
luvvvvvv,1,0,1
luvvvvvvvv,1,0,1
luvvvvvvvvvvvvvvvvvvvvv,0,1,1
luvy,1,0,1
luvya,1,6,7
luvyoooo,1,0,1
luvyou,0,1,1
luvyouall,1,0,1
luvyouliamxx,0,1,1
luvz,3,14,17
luvzoocasa,0,1,1
luw,0,1,1
luwas,1,0,1
luweh,1,0,1
luwow,1,0,1
lux,15,14,29
luxating,3,0,3
luxe,5,8,13
luxemberg,1,0,1
luxembourg,5,8,13
luxembourgish,1,0,1
luxemburg,1,3,4
luxery,1,1,2
luxio,0,1,1
luxitosss,0,2,2
luxnchtime,0,1,1
luxo,0,2,2
luxor,4,9,13
luxray,0,1,1
luxtra,0,1,1
luxuria,0,1,1
luxuriamusic,1,0,1
luxuriate,1,2,3
luxuriating,0,1,1
luxuriation,0,1,1
luxuries,3,2,5
luxurious,8,12,20
luxuriously,1,0,1
luxury,51,47,98
luxurys,1,0,1
luxus,0,1,1
luy,1,0,1
luya,1,1,2
luyong,0,1,1
luz,5,4,9
luzana,0,2,2
luzelle,0,1,1
luzern,1,0,1
luzi,1,0,1
luzianne,1,0,1
luzon,2,1,3
luzr,0,1,1
lv,80,71,151
lvaaaaaaaaaaaaaaat,0,1,1
lvaaat,0,1,1
lvaat,0,1,1
lvac,0,1,1
lvat,2,5,7
lvatt,207,290,497
lvattalbum,1,0,1
lvatts,0,1,1
lvatttt,0,1,1
lvcrazed,0,1,1
lvd,2,0,2
lve,9,7,16
lvean,1,0,1
lvega,0,1,1
lvely,0,1,1
lves,1,0,1
lvg,1,1,2
lvie,0,1,1
lville,1,1,2
lvima,1,0,1
lving,4,1,5
lvio,0,1,1
lviv,1,2,3
lvkarleby,0,1,1
lvl,40,41,81
lvln,0,1,1
lvls,0,4,4
lvly,0,2,2
lvm,1,1,2
lvmh,0,1,1
lvn,3,0,3
lvng,1,0,1
lvoe,8,11,19
lvoee,0,1,1
lvoethat,0,1,1
lvpd,1,0,1
lvpm,1,0,1
lvrg,1,0,1
lvs,0,2,2
lvt,0,1,1
lvtc,1,0,1
lvtt,15,13,28
lvv,0,1,1
lw,11,11,22
lwandlemeister,0,1,1
lwas,1,1,2
lwat,1,0,1
lwatt,0,1,1
lway,0,1,1
lwb,0,1,1
lwc,0,1,1
lwd,1,1,2
lwe,1,0,1
lweis,1,0,1
lwell,0,1,1
lwftover,0,1,1
lwgend,1,0,1
lwmedium,0,1,1
lwood,0,1,1
lwop,1,1,2
lword,0,2,2
lwr,0,1,1
lwt,1,1,2
lwun,0,1,1
lwv,1,0,1
lww,0,1,1
lx,26,15,41
lxlight,0,1,1
lxp,1,0,1
ly,130,189,319
lya,1,0,1
lyaa,1,0,1
lyall,2,2,4
lyan,0,1,1
lyana,2,2,4
lyanne,0,1,1
lyas,0,1,1
lybbe,0,1,1
lybf,1,0,1
lybo,0,1,1
lybrary,1,0,1
lybs,1,0,1
lyc,0,1,1
lycan,0,3,3
lycaned,0,1,1
lycans,6,10,16
lycanthropy,1,0,1
lycee,0,1,1
lyceum,1,2,3
lychee,5,10,15
lychees,0,3,3
lychriss,1,0,1
lycka,0,2,2
lyco,1,0,1
lycos,3,4,7
lycosa,1,0,1
lycra,9,5,14
lydagraaace,0,1,1
lydd,2,0,2
lydia,27,25,52
lydiaaa,1,0,1
lydiamaddox,1,0,1
lydian,1,0,1
lydianneverly,0,1,1
lydiard,0,2,2
lydiarobbins,0,1,1
lydiaromance,0,1,1
lydias,0,2,2
lydiastack,0,1,1
lydiia,1,0,1
lydolf,0,1,1
lyds,0,1,1
lydz,1,0,1
lye,6,4,10
lyes,1,0,1
lyf,15,9,24
lyfe,10,5,15
lyfee,1,2,3
lyfeeee,0,1,1
lyfff,0,1,1
lyfletcherbesto,0,1,1
lyfz,0,1,1
lygmfkpisqxs,0,1,1
lygo,1,0,1
lygon,1,4,5
lygos,1,0,1
lygraceren,0,1,1
lygris,1,0,1
lyig,1,0,1
lyiin,1,0,1
lyiing,0,1,1
lyin,27,13,40
lying,463,280,743
lyingg,0,2,2
lyinggg,2,0,2
lyings,2,0,2
lyj,0,1,1
lyk,106,81,187
lyka,1,2,3
lykasexy,0,1,1
lyke,11,10,21
lykee,1,0,1
lykeee,0,1,1
lykeuh,1,0,1
lykez,0,1,1
lykins,1,0,1
lykk,0,2,2
lykke,3,10,13
lykn,1,0,1
lyks,2,2,4
lyl,6,8,14
lyla,5,6,11
lylah,0,1,1
lylas,2,2,4
lylasmta,1,0,1
lyle,1,6,7
lylee,0,1,1
lyles,0,1,1
lyli,1,0,1
lyloadss,0,1,1
lylt,1,0,1
lyly,4,1,5
lym,3,14,17
lyme,15,3,18
lymelife,3,2,5
lymelove,0,1,1
lymes,3,0,3
lymies,1,0,1
lyming,0,1,1
lymington,0,1,1
lymph,4,1,5
lymphatic,3,0,3
lymphnodes,1,0,1
lymphoedema,1,0,1
lymphoma,7,0,7
lympic,0,1,1
lympne,0,2,2
lymric,0,1,1
lymz,0,1,1
lyn,15,26,41
lynae,1,0,1
lynard,0,2,2
lynas,0,1,1
lynbrook,0,1,1
lynce,0,3,3
lynch,8,21,29
lynchburg,4,2,6
lynched,0,3,3
lyncombe,0,1,1
lyncourt,0,1,1
lynda,6,9,15
lynde,1,0,1
lynden,1,0,1
lyndenn,1,0,1
lyndexer,0,1,1
lyndi,0,1,1
lyndin,1,0,1
lyndon,1,3,4
lyndons,1,0,1
lyndri,1,0,1
lynds,2,1,3
lyndsay,0,8,8
lyndsee,0,1,1
lyndsey,3,1,4
lyndseykins,0,1,1
lyndsi,1,0,1
lyndsie,2,0,2
lyndy,1,0,1
lyndz,1,1,2
lynear,0,1,1
lynes,1,0,1
lynette,0,11,11
lynh,1,0,1
lynhurtig,0,1,1
lyning,1,0,1
lynley,1,0,1
lynn,26,53,79
lynndee,2,0,2
lynne,5,12,17
lynneebee,1,0,1
lynnes,1,0,1
lynnette,0,1,1
lynnhaven,1,1,2
lynnie,2,1,3
lynnn,0,1,1
lynnness,0,1,1
lynnnnnn,0,1,1
lynnrachel,0,1,1
lynns,1,1,2
lynnsey,1,0,1
lynnseys,1,0,1
lynnwood,0,2,2
lynny,1,1,2
lynott,1,0,1
lyns,2,0,2
lynsee,1,0,1
lynsey,4,3,7
lynsies,0,1,1
lynton,0,1,1
lynux,0,1,1
lynwood,1,0,1
lynx,8,3,11
lynxbullet,0,1,1
lynyrd,1,4,5
lynz,4,4,8
lynze,0,2,2
lynzi,1,3,4
lynzie,0,1,1
lyoko,0,1,1
lyon,8,18,26
lyonesse,1,0,1
lyons,4,5,9
lyou,1,1,2
lypeatt,1,0,1
lyphe,1,0,1
lyr,0,1,1
lyra,1,4,5
lyre,0,1,1
lyric,20,51,71
lyrica,1,0,1
lyrical,6,24,30
lyrically,1,3,4
lyriccs,1,0,1
lyricism,0,1,1
lyriciss,1,0,1
lyricist,2,9,11
lyricon,1,0,1
lyrics,159,416,575
lyricss,0,1,1
lyricsss,0,1,1
lyricsz,0,1,1
lyricyst,0,1,1
lyrid,1,0,1
lyring,1,1,2
lyriqqqqqqq,1,0,1
lyris,2,1,3
lyrix,0,1,1
lyrja,0,1,1
lyrquiz,0,1,1
lys,3,9,12
lysa,0,1,1
lysann,0,1,1
lysette,1,0,1
lysha,1,2,3
lyshhhh,1,0,1
lysi,0,1,1
lysine,1,0,1
lysm,2,4,6
lysmfm,1,0,1
lysmm,0,1,1
lysol,6,2,8
lyss,5,4,9
lyssa,2,1,3
lyssapants,1,0,1
lyssas,1,1,2
lyssie,0,1,1
lyssnar,0,3,3
lyssy,0,1,1
lyt,0,2,2
lyte,1,1,2
lytelen,0,1,1
lyten,1,0,1
lyter,1,0,1
lytham,4,0,4
lythgoe,1,2,3
lytics,1,0,1
lytle,1,1,2
lyvm,0,1,1
lyxanda,1,0,1
lyxox,0,1,1
lyxxx,0,3,3
lyy,1,4,5
lyyf,1,0,1
lyyy,1,0,1
lyyyyy,0,1,1
lyyyyyyyyyyyyyysssssssssssssss,4,0,4
lyyyyyyyyyyyyyyyssssssssssssssssss,1,0,1
lyza,0,1,1
lyzasoft,0,1,1
lyzi,1,0,1
lz,1,6,7
lzid,0,1,1
lzy,1,0,1
lzz,1,0,1
lzzy,0,1,1
ma,1009,1018,2027
maa,8,6,14
maaa,1,4,5
maaaa,1,0,1
maaaaa,1,0,1
maaaaaaaaaaaaaaaaaaaaanly,0,1,1
maaaaaaaaaaad,1,0,1
maaaaaaaaaaadi,1,0,1
maaaaaaaaaaan,3,0,3
maaaaaaaaaaannnnnnnnnn,0,1,1
maaaaaaaaaadd,1,0,1
maaaaaaaaaan,2,1,3
maaaaaaaaahhhhhhh,1,0,1
maaaaaaaaajor,1,0,1
maaaaaaaaan,2,0,2
maaaaaaaad,1,0,1
maaaaaaaan,5,0,5
maaaaaaaaths,2,0,2
maaaaaaan,4,0,4
maaaaaaannnn,1,0,1
maaaaaaannnnn,1,0,1
maaaaaaarvelous,0,1,1
maaaaaad,1,0,1
maaaaaade,0,1,1
maaaaaan,10,3,13
maaaaaann,1,0,1
maaaaaannnn,0,1,1
maaaaaanno,1,0,1
maaaaaany,1,0,1
maaaaaate,1,0,1
maaaaaath,1,0,1
maaaaaatt,0,1,1
maaaaaayn,1,0,1
maaaaad,2,1,3
maaaaajor,1,0,1
maaaaan,20,4,24
maaaaann,1,1,2
maaaaannn,1,0,1
maaaaannnn,1,1,2
maaaaannnnnnnnnn,1,0,1
maaaaark,0,1,1
maaaaarvelous,0,1,1
maaaaaybe,0,1,1
maaaaayne,0,1,1
maaaaayyyyybe,0,1,1
maaaachine,0,1,1
maaaad,3,5,8
maaaadeee,1,0,1
maaaagiiic,0,1,1
maaaajooor,1,0,1
maaaam,2,0,2
maaaamy,0,1,1
maaaan,35,8,43
maaaandy,1,0,1
maaaang,0,1,1
maaaann,2,0,2
maaaannnn,2,1,3
maaaannnnnnnnn,1,0,1
maaaano,1,0,1
maaaarn,0,1,1
maaaas,0,1,1
maaaaster,0,1,1
maaaates,1,0,1
maaaaybe,0,1,1
maaaayn,1,1,2
maaachhh,0,1,1
maaad,6,4,10
maaadd,0,2,2
maaadddd,0,1,1
maaaddddddiiiieeeeee,0,1,1
maaaf,1,0,1
maaafuckkas,0,1,1
maaafukkazzzz,0,1,1
maaajor,1,0,1
maaajorly,1,0,1
maaalll,1,0,1
maaan,62,14,76
maaang,0,1,1
maaanh,1,0,1
maaann,1,1,2
maaannn,4,0,4
maaannnnyyyy,1,0,1
maaarie,0,1,1
maaarvelous,0,1,1
maaas,1,0,1
maaaschiiiine,0,1,1
maaasivee,1,0,1
maaate,0,1,1
maaath,0,1,1
maaay,1,0,1
maaaybe,3,3,6
maaayte,0,1,1
maaayyybe,0,1,1
maac,0,1,1
maad,8,2,10
maadd,1,0,1
maaddict,0,1,1
maade,0,1,1
maadee,1,0,1
maadi,0,3,3
maado,1,0,1
maadre,1,0,1
maaf,11,5,16
maafffttttingggg,1,0,1
maafkan,1,0,1
maag,1,3,4
maaga,3,1,4
maagda,0,1,1
maah,1,3,4
maahvianai,0,1,1
maai,0,1,1
maaike,0,1,1
maaitjie,1,0,1
maajka,1,0,1
maakasih,0,1,1
maal,2,3,5
maalaala,1,0,1
maalllll,0,1,1
maalouf,0,1,1
maalox,2,0,2
maam,12,22,34
maan,41,17,58
maanana,1,0,1
maandy,0,1,1
maangas,0,1,1
maangement,1,0,1
maanhaani,1,0,1
maanlyy,0,1,1
maann,1,2,3
maanna,0,1,1
maannn,3,0,3
maannnn,1,0,1
maannnnn,1,0,1
maannnnnnn,0,1,1
maanu,0,1,1
maany,2,0,2
maanyan,0,1,1
maaow,1,0,1
maap,0,1,1
maar,4,4,8
maaraaa,1,0,1
maaraw,1,1,2
maared,0,1,1
maarnin,0,1,1
maaroow,1,0,1
maarrgaritas,0,1,1
maarrryy,0,1,1
maars,0,1,1
maarte,0,1,1
maarten,2,1,3
maarylin,0,1,1
maas,0,2,2
maasage,1,0,1
maasaggggiccccc,0,1,1
maasai,0,1,1
maash,0,1,1
maasi,1,0,1
maasooongaangbaang,0,1,1
maassive,1,0,1
maasterchef,0,1,1
maastricht,5,5,10
maat,1,0,1
maatchbox,0,1,1
maatengranga,1,0,1
maaths,1,0,1
maatschappijleer,1,0,1
maatt,1,0,1
maawg,0,1,1
maax,0,1,1
maaxx,1,0,1
maaxxx,1,0,1
maay,1,1,2
maaybe,1,3,4
maaybeeeeehhhh,0,1,1
maayos,3,1,4
maayte,0,1,1
maayy,0,1,1
maayyybeeee,0,1,1
maayyynneee,1,0,1
maaza,0,1,1
maazin,0,1,1
mab,2,0,2
mababa,0,1,1
mababait,0,1,1
mababaw,1,2,3
mabagal,2,1,3
mabaho,0,1,1
mabasa,2,1,3
mabato,0,1,1
mabbe,0,1,1
mabbit,0,1,1
mabbitt,1,0,1
mabbobber,1,0,1
mabe,6,1,7
mabee,1,1,2
mabeeeeeeelllllllll,0,1,1
mabeehom,1,0,1
mabehhh,0,1,1
mabel,2,7,9
mabelle,0,1,1
mabels,1,0,1
mabes,4,0,4
mabey,9,6,15
mabeyy,0,1,1
mabi,1,1,2
mabie,0,1,1
mabigails,0,1,1
mabiiiii,0,1,1
mabilis,0,1,1
mabilisan,0,1,1
mabille,0,1,1
mabillion,0,1,1
mabinogi,0,1,1
mable,0,1,1
mableton,1,0,1
mabley,0,1,1
mabo,2,0,2
mabob,0,1,1
mabobs,1,0,1
mabok,0,2,2
maborlog,1,0,1
mabrook,2,2,4
mabrooook,0,1,1
mabrouk,0,2,2
mabry,3,1,4
mabs,0,3,3
mabubuang,1,0,1
mabuhaay,0,1,1
mabuhay,1,10,11
mabuk,0,1,1
mabulay,1,0,1
mabuo,0,1,1
mabuti,0,2,2
maby,9,13,22
mabye,14,10,24
mac,1559,1259,2818
maca,2,3,5
macaane,1,0,1
macabre,2,1,3
macabroso,1,0,1
macadamia,4,7,11
macadamian,0,1,1
macadamias,0,2,2
macaddict,1,0,1
macademia,0,1,1
macadmia,0,1,1
macados,0,1,1
macaholic,1,0,1
macalister,0,3,3
macallan,0,2,2
macam,6,4,10
macamana,1,0,1
macan,1,0,1
macancel,0,1,1
macanese,0,1,1
macann,1,0,1
macano,1,0,1
macapagal,1,0,1
macapps,1,0,1
macar,1,1,2
macaramber,0,1,1
macarena,6,15,21
macarina,0,2,2
macarole,0,1,1
macaron,0,3,3
macaroni,23,32,55
macarons,2,4,6
macaroo,1,0,1
macaroon,2,2,4
macaroons,1,7,8
macarthur,2,3,5
macas,1,0,1
macaskill,0,1,1
macau,17,11,28
macaughnahey,1,0,1
macavity,0,1,1
macaw,0,1,1
macaws,1,0,1
macb,0,1,1
macba,0,1,1
macbackpackers,0,1,1
macballs,0,1,1
macbb,0,1,1
macbeth,25,17,42
macbethfootwear,0,2,2
macbeths,1,1,2
macbethy,0,1,1
macbites,1,0,1
macbk,0,1,1
macbonding,0,1,1
macbook,574,333,907
macbookcam,0,1,1
macbooking,1,1,2
macbookpro,12,8,20
macbooks,17,12,29
macboy,0,1,1
macboys,0,1,1
macbreak,0,1,1
macbridner,1,0,1
macc,0,3,3
macca,7,4,11
maccabees,4,12,16
maccabes,1,0,1
maccarina,0,1,1
maccaroni,1,1,2
maccartney,1,0,1
maccas,37,41,78
maccave,0,1,1
maccaz,0,1,1
maccboook,0,1,1
maccc,0,1,1
maccccc,1,0,1
maccccccccc,1,0,1
maccers,0,1,1
macces,0,1,1
maccessories,0,1,1
macceys,0,1,1
macchan,0,1,1
macchiato,8,19,27
macchiatto,0,1,1
maccie,1,0,1
maccies,4,1,5
macclesfield,2,2,4
maccosmetics,0,1,1
maccraic,0,1,1
maccs,1,0,1
maccy,8,7,15
maccym,1,0,1
maccys,1,0,1
macd,0,1,1
macdeath,2,0,2
macdeonia,0,1,1
macdintons,0,2,2
macdo,0,2,2
macdohnalds,1,0,1
macdona,0,1,1
macdonald,10,8,18
macdonalds,11,9,20
macdonals,0,1,1
macdonnalds,0,1,1
macdougal,1,0,1
macdougall,0,1,1
macdrive,1,0,1
macduff,0,1,1
mace,11,6,17
maceado,1,0,1
maced,0,1,1
macedon,0,1,1
macedonia,5,11,16
macedonian,2,2,4
macelebritygetmeoutofhere,1,0,1
maceo,2,0,2
maceroni,0,2,2
macet,10,2,12
macetttt,1,0,1
macey,1,0,1
maceys,1,0,1
maceyyy,1,0,1
macfadyen,0,1,1
macfarlane,0,7,7
macfest,0,1,1
macfly,0,1,1
macfries,0,2,2
macfuse,1,0,1
macghetti,0,1,1
macgregor,2,2,4
macgregors,0,1,1
macgruber,0,1,1
macguyver,3,2,5
macgyver,3,5,8
mach,6,12,18
macha,2,3,5
machado,1,2,3
machala,1,0,1
machale,0,1,1
machalo,1,0,1
machamp,1,0,1
machan,4,4,8
machar,0,1,1
machati,1,0,1
mache,2,7,9
macheist,5,8,13
machempohan,0,1,1
machen,4,2,6
machester,1,2,3
machete,1,4,5
machetes,0,2,2
machi,2,5,7
machiam,1,0,1
machiata,1,0,1
machiato,2,0,2
machiatto,2,5,7
machiavelli,0,1,1
machiavellian,0,1,1
machida,0,5,5
machie,0,1,1
machin,0,1,1
machina,1,1,2
machinator,1,0,1
machine,649,444,1093
machinecpa,0,1,1
machined,0,1,1
machinee,0,1,1
machineeeee,0,1,1
machinees,0,1,1
machinehead,0,1,1
machinery,8,3,11
machines,98,66,164
maching,2,0,2
machinima,0,4,4
machinist,3,2,5
machinko,0,1,1
machinst,1,0,1
machis,1,0,1
machismo,1,0,1
machista,1,0,1
machitehew,2,0,2
macho,8,11,19
machoke,1,0,1
machoman,0,1,1
machos,1,0,1
machsan,0,1,1
machse,0,1,1
macht,0,4,4
machu,3,2,5
machyllneth,1,0,1
machynlleth,0,1,1
maci,1,1,2
macia,0,1,1
macie,0,1,1
maciejowski,1,0,1
macinac,0,1,1
macinaw,1,0,1
macintosh,2,4,6
macintyre,4,7,11
macish,0,1,1
macjr,1,0,1
mack,24,23,47
macka,2,1,3
mackaw,1,0,1
mackay,0,2,2
mackays,0,1,1
mackem,1,1,2
macken,0,1,1
mackenzie,11,7,18
mackenzies,1,0,1
macker,0,3,3
mackeral,1,1,2
mackerals,1,0,1
mackerel,2,2,4
mackey,4,3,7
mackeys,0,1,1
mackie,3,3,6
mackiemom,0,1,1
mackies,1,1,2
mackillop,1,0,1
mackin,3,4,7
mackinac,2,0,2
mackinaw,1,0,1
macking,3,1,4
mackk,0,1,1
mackkiez,0,1,1
mackkkkkin,0,1,1
macknightwahlbergwood,0,1,1
mackrell,1,0,1
macks,0,1,1
mackstars,0,1,1
macky,2,4,6
macla,1,0,1
maclab,2,0,2
maclaren,3,1,4
maclean,0,2,2
macleay,1,0,1
macleod,0,2,2
macless,1,0,1
maclicious,0,1,1
maclovely,0,1,1
maclovin,1,0,1
macmahon,2,0,2
macman,2,0,2
macmanus,0,2,2
macmaze,1,0,1
macmerry,1,0,1
macmillan,0,2,2
macmillans,1,0,1
macmini,0,3,3
macmohan,0,1,1
macmosphere,0,1,1
macncheese,0,3,3
macnetbook,0,1,1
macnhestaaaa,0,1,1
macnotebook,0,1,1
macnut,1,0,1
macomb,2,0,2
macomber,1,0,1
macon,7,5,12
maconie,1,0,1
macontain,0,1,1
macoroni,1,1,2
macos,4,4,8
macosken,0,1,1
macosx,2,1,3
macpac,0,1,1
macpherson,1,1,2
macport,1,0,1
macports,4,3,7
macpro,3,1,4
macpulenta,0,1,1
macq,1,1,2
macquarie,3,5,8
macr,1,0,1
macri,1,0,1
macrimmons,0,1,1
macrina,0,1,1
macro,29,22,51
macrob,1,1,2
macroeconomics,2,2,4
macromedia,1,3,4
macromind,0,1,1
macronutrient,0,1,1
macroon,0,1,1
macros,6,2,8
macross,1,6,7
macruby,0,5,5
macrumors,1,2,3
macs,85,89,174
macsec,0,1,1
macshine,0,1,1
macspeech,2,0,2
macstore,1,0,1
macstories,0,34,34
macsync,0,1,1
mact,2,0,2
mactalk,4,2,6
mactan,0,1,1
mactastik,0,1,1
macthemes,0,3,3
mactheripper,1,1,2
macthrawal,1,0,1
mactini,0,1,1
mactoura,0,1,1
macular,1,0,1
maculele,0,1,1
macupdate,1,2,3
macuques,1,0,1
macurial,0,2,2
macvim,1,0,1
macweirdoson,0,1,1
macworld,1,2,3
macy,28,36,64
macybear,0,1,1
macys,10,12,22
macyy,0,2,2
macyyy,1,0,1
maczombierawr,0,1,1
mad,2861,1031,3892
mada,2,3,5
madaba,0,1,1
madadapa,0,1,1
madae,1,0,1
madagascan,1,0,1
madagascar,9,31,40
madagascars,0,1,1
madagasga,1,0,1
madagaskar,0,1,1
madagasscar,0,1,1
madainn,0,1,1
madaldal,0,1,1
madalena,1,0,1
madali,0,1,1
madalinegaga,1,0,1
madalines,0,1,1
madaling,0,1,1
madalyn,1,0,1
madam,12,18,30
madama,2,1,3
madame,9,29,38
madames,0,1,1
madami,0,6,6
madaming,2,0,2
madamji,1,0,1
madamme,1,0,1
madams,0,1,1
madan,0,1,1
madania,1,0,1
madapusi,0,1,1
madaraka,0,1,1
madarasi,0,1,1
madass,0,1,1
madat,1,0,1
madawat,1,0,1
madaya,3,1,4
madcap,1,0,1
madcatz,2,0,2
madcon,1,1,2
madcool,0,2,2
madcow,0,1,1
madcowdisease,1,0,1
madd,68,45,113
madda,1,0,1
maddaefffff,1,0,1
maddam,1,1,2
maddan,1,0,1
maddd,12,8,20
madddd,13,5,18
maddddd,7,1,8
madddddd,1,1,2
maddddddd,1,0,1
madddddddd,1,0,1
madddddddiiissssoooonnnnnn,0,1,1
maddddddiiii,0,1,1
maddddest,0,1,1
madddy,1,0,1
madddyyyy,0,1,1
madde,1,1,2
maddecent,0,1,1
madded,0,1,1
madden,32,26,58
maddening,7,4,11
maddeningly,1,0,1
maddens,4,1,5
madder,4,4,8
maddest,2,4,6
maddhouse,2,1,3
maddi,2,7,9
maddie,57,75,132
maddiee,1,1,2
maddieee,0,1,1
maddieeeee,1,0,1
maddiekins,0,1,1
maddies,2,3,5
maddin,0,2,2
madding,1,0,1
maddison,1,4,5
maddix,0,1,1
maddlebuts,1,0,1
maddness,3,1,4
maddo,0,1,1
maddog,0,2,2
maddogs,0,1,1
maddona,0,1,1
maddow,3,3,6
maddox,6,1,7
madds,0,1,1
maddy,26,33,59
maddys,0,1,1
maddyson,0,1,1
maddyyy,0,2,2
maddyyyyyyyyyyy,0,1,1
made,5949,7882,13831
madea,16,9,25
madeas,1,1,2
madeby,1,0,1
madebyme,0,1,1
maded,2,0,2
madee,5,7,12
madeee,0,4,4
madeeee,0,1,1
madeesha,1,0,1
madegascar,0,1,1
madei,0,1,1
madeid,1,0,1
madeinitaly,0,1,1
madeira,1,5,6
madeit,1,1,2
madejski,1,0,1
madel,0,1,1
madela,1,3,4
madelaine,0,1,1
madeleine,5,4,9
madeleines,1,3,4
madelene,1,0,1
madelibe,1,0,1
madelin,1,0,1
madeline,8,8,16
madelines,1,1,2
madelyn,0,1,1
madelynn,1,0,1
mademe,1,0,1
mademoiselle,1,0,1
mademy,0,1,1
maden,1,1,2
madeo,1,0,1
madeofhoney,0,1,1
madeofwin,0,1,1
madeos,0,1,1
madeout,1,0,1
mader,0,1,1
madera,1,1,2
maders,0,1,1
mades,3,2,5
madess,1,0,1
madethe,1,0,1
madeus,0,1,1
madgab,1,1,2
madge,1,6,7
madgesty,0,1,1
madhali,0,1,1
madhat,0,1,1
madhatters,0,1,1
madhav,0,1,1
madhavan,0,2,2
madhobbit,0,1,1
madhouse,6,11,17
madhubala,1,0,1
madhumakhiyan,0,1,1
madhye,1,0,1
madi,17,21,38
madia,0,1,1
madiagoes,1,0,1
madie,0,1,1
madiera,0,1,1
madies,0,1,1
madiiin,1,0,1
madila,0,1,1
madilyn,0,1,1
madina,6,17,23
madinah,1,0,1
madinal,0,1,1
madinat,0,1,1
madiscover,0,1,1
madisen,1,1,2
madison,56,114,170
madisong,1,0,1
madisonnn,0,1,1
madisons,1,0,1
madisonville,1,0,1
madisson,0,1,1
madita,1,0,1
madivadani,0,1,1
madjeski,1,0,1
madlib,2,0,2
madlibs,1,1,2
madly,23,35,58
madman,6,1,7
madmen,0,3,3
madmex,1,0,1
madness,101,154,255
madnessness,1,0,1
madnesss,3,2,5
madnessss,1,0,1
madnesssss,0,1,1
madoan,0,2,2
madoff,2,1,3
madoka,1,1,2
madone,0,2,2
madonia,0,1,1
madonna,34,54,88
madonnafae,1,0,1
madonnas,2,0,2
madore,0,1,1
madori,1,0,1
madpal,0,1,1
madra,1,0,1
madrak,1,0,1
madras,5,4,9
madrasi,0,3,3
madre,37,86,123
madredeus,0,1,1
madree,0,1,1
madreeeee,1,1,2
madres,0,8,8
madress,0,1,1
madri,1,0,1
madrid,77,90,167
madrids,1,0,1
madrigal,1,2,3
madrigals,3,1,4
madrii,0,1,1
madrina,0,3,3
madrugadores,1,0,1
madry,3,1,4
mads,8,5,13
madsen,3,2,5
madsoli,0,1,1
madson,3,1,4
madtown,0,2,2
madtv,9,5,14
madtwitter,1,2,3
madu,1,1,2
maduk,3,2,5
maduraaa,0,1,1
madurai,2,4,6
maduri,0,1,1
maduro,0,2,2
madventures,0,1,1
madw,0,1,1
madwoman,1,2,3
madworld,2,2,4
mady,11,6,17
madyar,0,1,1
madycarahannahalexisleahjoelcollinaaden,1,0,1
madys,0,1,1
madyson,1,2,3
madz,1,4,5
madzia,0,1,1
mae,25,45,70
maeby,1,0,1
maedbh,0,1,1
maedel,0,1,1
maedo,0,1,1
maeds,1,0,1
maegan,3,3,6
maeganaguilar,1,0,1
maegen,1,0,1
maeggs,0,1,1
maek,0,1,1
maelonaaa,0,1,1
maelstrom,1,3,4
maem,0,1,1
maemae,1,0,1
maemo,1,2,3
maen,6,13,19
maenan,1,1,2
maenghi,0,2,2
maeo,0,1,1
maepyo,0,1,1
maerdy,1,0,1
maes,0,1,1
maesey,0,1,1
maeson,1,0,1
maeste,0,1,1
maestro,8,6,14
maestrooo,0,1,1
maetro,1,0,1
maeva,1,0,1
maeve,3,1,4
maexcite,1,0,1
maezell,0,1,1
maf,6,0,6
mafe,3,2,5
maffei,0,1,1
maffew,2,0,2
maffia,0,1,1
maffus,0,1,1
mafi,2,1,3
mafia,50,69,119
mafialive,1,0,1
mafias,0,1,1
mafiawars,2,3,5
mafiosa,0,1,1
mafoo,0,1,1
mafpd,1,0,1
mafra,1,0,1
mafro,1,0,1
mafroy,0,1,1
mafy,1,0,1
mafz,1,0,1
mag,152,247,399
maga,10,7,17
magaa,1,0,1
magaanda,0,1,1
magaayos,1,1,2
magad,0,1,1
magagagagagaluf,0,1,1
magagalit,0,1,1
magagamit,1,0,1
magah,0,1,1
magaine,0,2,2
magaizne,0,2,2
magalang,0,1,1
magali,0,2,2
magalit,0,1,1
magallon,0,1,1
magalluf,1,0,1
magalog,0,1,1
magaluf,2,5,7
magaluff,0,1,1
magaly,1,0,1
magan,1,1,2
magana,0,1,1
maganda,0,7,7
magandang,0,3,3
maganela,1,0,1
magang,1,0,1
magar,0,1,1
magaret,2,0,2
magarete,0,1,1
magari,1,1,2
magarita,2,1,3
magasine,0,1,1
magastos,1,0,1
magath,0,1,1
magawa,3,3,6
magazin,2,2,4
magazine,194,373,567
magazineand,1,0,1
magazinee,0,1,1
magazineee,0,1,1
magazineeeeeeeeeeeeeeeeee,0,1,1
magazinemonday,1,0,1
magazines,63,77,140
magaziness,0,1,1
magazinig,1,0,1
magazne,0,1,1
magbalik,1,0,1
magbasa,1,1,2
magbigay,1,0,1
magbonding,1,0,1
magbukas,0,1,1
magcecelebrate,0,1,1
magcloud,0,1,1
magcomment,0,1,1
magda,3,5,8
magdalan,1,2,3
magdalen,1,0,1
magdalena,0,2,2
magdalene,0,3,3
magdeburg,0,2,2
magdelyn,0,1,1
magdiwang,1,0,1
magdon,0,1,1
magdr,1,0,1
mage,7,19,26
magealert,1,0,1
magec,1,0,1
magedoodle,1,0,1
magee,3,1,4
magelang,1,0,1
magellan,1,0,1
magen,2,0,2
magenroll,0,1,1
magens,0,1,1
magenta,2,12,14
magento,13,9,22
magentocommerce,1,0,1
mageparty,0,1,1
mager,1,0,1
magerly,1,0,1
mages,1,2,3
magestic,0,1,1
magets,0,1,1
magfest,0,1,1
magg,2,0,2
magges,0,1,1
magggiemoo,1,0,1
maggi,12,13,25
maggiano,2,2,4
maggianos,1,0,1
maggic,1,0,1
maggics,0,1,1
maggie,79,79,158
maggiee,0,1,1
maggiemelba,0,1,1
maggies,1,0,1
maggiore,0,2,2
maggison,1,0,1
maggizeeen,0,1,1
maggle,0,1,1
maggles,0,3,3
magglio,0,1,1
maggot,6,1,7
maggots,7,0,7
maggs,2,0,2
maggy,1,0,1
maggz,0,1,1
magh,1,0,1
maghan,0,1,1
maghanap,0,1,1
maghatid,2,0,2
maghrib,1,0,1
maghugas,0,1,1
magic,674,976,1650
magica,0,1,1
magicabula,0,1,1
magical,49,144,193
magically,37,38,75
magicallyyy,0,1,1
magicalmoms,3,1,4
magicalness,0,1,1
magicc,0,2,2
magiccc,0,2,2
magicccc,0,4,4
magiccccccs,0,1,1
magichat,0,4,4
magician,7,16,23
magicians,3,7,10
magicjacks,1,0,1
magick,1,1,2
magickal,0,2,2
magickally,1,0,1
magickingdom,1,1,2
magicmoment,0,1,1
magicmonday,0,1,1
magicness,1,2,3
magics,19,21,40
magicshit,0,1,1
magictwackle,0,4,4
magigey,1,0,1
magiging,0,2,2
magiiiiiic,0,1,1
magiiiiiiic,0,1,1
magik,1,3,4
magikal,0,1,1
magilla,0,2,2
magin,1,0,1
magina,0,1,1
magine,1,0,1
maging,4,2,6
magingay,0,1,1
maginta,0,1,1
maginze,1,0,1
magique,2,0,2
magisa,1,0,1
magising,1,0,1
magistrate,1,0,1
magiting,1,0,1
magix,1,1,2
magizene,1,0,1
magizine,1,0,1
magizines,0,1,1
magiziness,0,1,1
magka,0,1,1
magkaboses,1,0,1
magkaiba,0,1,1
magkakaramdaman,0,1,1
magkakasakit,1,0,1
magkakasama,0,1,1
magkano,1,0,1
magkape,0,1,1
magkapitbahay,0,2,2
magkasalungat,1,0,1
magkasunod,1,0,1
magkita,1,0,1
magkukuwentuhan,1,0,1
maglate,1,0,1
maglight,1,1,2
maglite,1,0,1
magload,3,1,4
magluto,0,1,1
magma,1,2,3
magmamani,1,0,1
magna,2,6,8
magnanimous,0,3,3
magnavox,0,1,1
magners,6,10,16
magnesium,2,1,3
magnet,28,38,66
magnetic,12,26,38
magnetism,0,4,4
magneto,2,1,3
magnetometer,1,0,1
magnetophones,0,1,1
magnetron,0,1,1
magnets,10,10,20
magnicificent,0,1,1
magnif,0,1,1
magnific,0,1,1
magnificence,0,2,2
magnificent,12,43,55
magnificentbastard,1,0,1
magnificentize,0,1,1
magnificently,1,1,2
magnificient,0,1,1
magnified,1,0,1
magnifier,2,1,3
magnifies,1,0,1
magnifiqe,0,1,1
magnifique,0,5,5
magnifyer,0,1,1
magnifying,4,9,13
magnitude,1,5,6
magnitudes,0,1,1
magnivate,0,1,1
magnolia,8,16,24
magnolias,2,8,10
magnometer,1,0,1
magnonotes,0,1,1
magnos,1,0,1
magnum,20,19,39
magnumethat,1,0,1
magnump,1,0,1
magnums,2,6,8
magnus,2,8,10
mago,0,1,1
magoffin,0,2,2
magog,0,2,2
magong,0,1,1
magoo,3,5,8
magoogle,0,1,1
magorium,1,0,1
magorly,1,0,1
magos,0,1,1
magotes,0,1,1
magothy,1,0,1
magott,0,1,1
magout,0,1,1
magpa,0,2,2
magpacheck,1,0,1
magpagupit,1,0,1
magpahanap,0,1,1
magpahilot,0,1,1
magpaka,0,1,1
magpanggap,0,1,1
magpanic,1,0,1
magparamdam,1,0,1
magparinig,0,1,1
magpie,9,10,19
magpiead,0,1,1
magpies,6,2,8
magplancha,0,1,1
magpost,0,1,1
magraine,1,0,1
magrelo,1,0,1
magrelos,0,1,1
magreply,1,0,1
magrereopen,1,0,1
magreresume,0,1,1
magrespond,1,0,1
magrib,0,1,1
magritte,3,1,4
magruder,1,0,1
magrudergrind,1,0,1
mags,29,40,69
magsa,0,1,1
magsafe,2,1,3
magself,1,0,1
magsetup,0,1,1
magshop,1,0,1
magspend,1,0,1
magsss,0,1,1
magst,0,1,1
magsulat,1,0,1
magsusulat,0,1,1
magsy,0,1,1
magtampo,1,0,1
magtanim,0,1,1
magthank,0,1,1
magtheridon,1,0,1
magtraining,1,0,1
magttake,0,1,1
magtulog,0,1,1
magtwitter,0,3,3
magugustuhan,0,1,1
magui,0,1,1
maguire,4,5,9
maguires,0,1,1
magulo,2,0,2
magundergo,0,1,1
magus,0,2,2
maguupload,0,1,1
magvavarsity,0,1,1
magvote,1,0,1
magwito,1,0,1
magwowork,0,1,1
magyar,0,1,1
magz,7,4,11
magzine,0,1,1
magzines,0,1,1
mah,223,249,472
maha,2,2,4
mahaaaa,1,0,1
mahaaaaaal,1,0,1
mahaalll,0,1,1
mahaba,0,1,1
mahabaleshwar,1,1,2
mahabalipuram,0,1,1
mahabharata,1,0,1
mahableshwar,1,0,1
mahad,0,1,1
mahaffey,1,0,1
mahaffy,0,1,1
mahafreako,0,1,1
mahagani,1,0,1
mahah,0,1,1
mahaha,0,1,1
mahahaha,0,1,1
mahahahah,0,1,1
mahahahahaha,0,1,1
mahahahahahah,0,1,1
mahajan,1,0,1
mahal,19,17,36
mahalia,0,1,1
mahalll,0,1,1
mahalo,8,23,31
mahalos,0,2,2
mahamantra,0,1,1
mahan,1,0,1
mahanagar,0,1,1
mahanahan,1,0,1
mahanap,0,1,1
mahara,0,2,2
maharaja,1,1,2
maharani,2,0,2
maharishi,1,0,1
maharlika,1,1,2
mahas,0,1,1
mahasarakham,0,1,1
mahasha,0,30,30
mahasiswa,0,1,1
mahathir,1,2,3
mahathirism,0,1,1
mahatma,2,2,4
mahattan,0,1,1
mahavir,1,0,1
mahawa,1,0,1
mahaylia,1,0,1
mahbub,0,1,1
mahdi,0,1,1
mahea,0,1,1
maheenz,1,0,1
mahem,2,0,2
maher,11,14,25
mahers,1,0,1
mahesh,0,1,1
mahh,3,10,13
mahhaha,1,0,1
mahhh,0,4,4
mahhhhhh,1,0,1
mahhhm,0,1,1
mahhhvelous,0,1,1
mahhnnn,1,0,1
mahhug,1,0,1
mahi,4,13,17
mahicans,1,0,1
mahiki,1,0,1
mahilig,1,3,4
mahina,2,3,5
mahindra,0,1,1
mahine,0,1,1
mahirap,4,1,5
mahjiong,0,1,1
mahjong,14,12,26
mahjoong,0,1,1
mahkani,1,0,1
mahkus,1,0,1
mahler,1,1,2
mahlet,0,1,1
mahmind,1,0,1
mahmoud,4,1,5
mahmud,1,0,1
mahmudi,2,0,2
mahn,9,6,15
mahna,0,4,4
mahnaz,1,0,1
mahnn,1,0,1
mahnnn,0,1,1
maho,0,1,1
mahogany,4,2,6
mahogony,0,1,1
mahola,0,1,1
maholm,0,1,1
mahon,2,0,2
mahonaise,0,1,1
mahoney,1,0,1
mahoni,0,1,1
mahoning,0,1,1
mahoosive,4,2,6
mahoosively,1,0,1
mahopac,1,2,3
mahor,1,1,2
mahrap,0,1,1
mahreen,0,1,1
mahs,1,0,1
mahself,3,2,5
mahslf,0,1,1
mahts,0,1,1
mahtweets,0,2,2
mahu,1,1,2
mahuman,1,0,1
mahusive,2,0,2
mahylons,0,1,1
mahzing,0,1,1
mahzor,1,0,1
mai,82,91,173
maia,9,8,17
maiagonzales,0,1,1
maiara,0,1,1
maibabawas,1,0,1
maibe,0,1,1
maibock,1,0,1
maiby,0,1,1
maica,0,2,2
maicah,0,1,1
maicena,0,1,1
maicey,0,1,1
maichau,0,1,1
maichoua,0,1,1
maicol,0,1,1
maicon,0,2,2
maid,69,66,135
maida,2,1,3
maidden,1,0,1
maiden,19,40,59
maidenhair,1,0,1
maidenhead,2,1,3
maidens,1,3,4
maidin,0,1,1
maids,9,5,14
maidstone,1,6,7
maiely,0,1,1
maifesto,1,0,1
maight,1,0,1
maigny,1,0,1
maii,0,1,1
maiii,0,1,1
maiiii,1,0,1
maiinggit,1,0,1
maiita,0,1,1
maik,0,2,2
maika,1,0,1
maikai,1,0,1
maike,1,1,2
maiken,0,1,1
maiking,1,0,1
maiko,2,2,4
maikobe,1,0,1
maiks,0,1,1
mail,933,1047,1980
mailaddy,0,1,1
mailadres,0,1,1
mailart,2,2,4
mailb,0,1,1
mailbox,42,33,75
mailboxes,3,1,4
mailcheck,0,1,1
mailchimp,2,2,4
maild,1,0,1
maile,0,2,2
mailed,41,47,88
mailen,0,1,1
mailenable,0,1,1
mailer,0,6,6
mailers,4,0,4
mailgram,1,0,1
maili,2,1,3
mailing,45,75,120
mailinglist,2,0,2
mailiw,0,2,2
maillbox,1,0,1
maille,1,2,3
mailling,0,1,1
maillllll,0,1,1
maillot,0,1,1
mailman,9,10,19
mailonline,0,1,1
mailorder,1,0,1
mailout,3,0,3
mailpacks,0,1,1
mailplane,0,17,17
mailpress,1,0,1
mailproblem,1,0,1
mailroom,1,1,2
mails,117,96,213
mailserver,4,0,4
mailshot,2,1,3
mailshots,2,0,2
mailslot,0,1,1
mailssss,1,0,1
mailstationary,1,0,1
mailtje,0,1,1
mailu,2,0,2
mailul,1,0,1
mailuri,1,0,1
mailutil,1,0,1
mailwatch,0,1,1
mailwoman,1,0,1
maim,1,0,1
maimed,3,1,4
maimi,0,1,1
maimunah,1,0,1
main,387,378,765
mainan,1,0,1
mainboard,4,0,4
maincourse,0,1,1
maine,94,142,236
mainee,0,1,1
maineeeee,0,1,1
mainenance,0,1,1
mainer,0,1,1
maines,3,0,3
mainframe,2,1,3
mainframes,1,0,1
maing,2,1,3
maingay,0,1,1
mainin,1,0,1
maining,1,0,1
mainis,0,1,1
mainit,0,3,3
mainland,15,10,25
mainlander,0,1,1
mainlanders,0,2,2
mainline,0,5,5
mainlined,0,1,1
mainlining,2,2,4
mainly,109,118,227
mainman,1,0,1
mainmenu,0,1,1
mainnya,0,2,2
maino,2,7,9
mainos,0,1,1
mainpage,0,2,2
mains,7,8,15
mainsite,0,1,1
mainstage,4,3,7
mainstall,1,0,1
mainstation,0,2,2
mainstay,0,1,1
mainstore,1,0,1
mainstream,24,21,45
mainstreams,1,0,1
mainstreet,0,3,3
maint,8,2,10
maintain,34,35,69
maintainable,2,0,2
maintainance,2,0,2
maintaince,3,0,3
maintained,2,3,5
maintainence,5,3,8
maintainer,1,3,4
maintainers,1,0,1
maintaining,13,12,25
maintains,0,2,2
maintanance,4,1,5
maintance,2,0,2
maintanence,1,2,3
maintenace,2,0,2
maintenance,316,123,439
maintenant,0,3,3
maintence,5,0,5
maintenece,1,0,1
maintenence,13,1,14
mainterance,1,0,1
maintience,2,0,2
maintindihan,0,1,1
maintinence,2,1,3
maintnance,1,1,2
maintys,0,1,1
mainu,1,0,1
mainz,1,3,4
maio,1,0,1
maior,1,0,1
maioushy,0,1,1
mair,1,2,3
maira,1,0,1
maire,0,1,1
mairead,4,1,5
mairi,0,2,2
mais,38,45,83
maisano,0,1,1
maise,0,2,2
maisha,0,1,1
maisie,5,5,10
maison,2,7,9
maistro,0,1,1
maisy,1,6,7
mait,1,0,1
maita,6,9,15
maitai,1,1,2
maitenance,3,0,3
maitenence,1,0,1
maitennance,1,0,1
maith,0,3,3
maitience,0,1,1
maitland,2,1,3
maitre,1,2,3
maitreya,0,1,1
maitreyi,0,1,1
maitu,0,1,1
maixn,0,1,1
maiya,1,1,2
maiyte,0,1,1
maizie,1,1,2
maizy,0,2,2
maj,2,6,8
maja,4,4,8
majabi,0,1,1
majal,1,0,1
majalah,1,3,4
majazi,0,1,1
majd,0,1,1
majda,0,1,1
maje,0,1,1
majed,0,1,1
majel,0,1,1
majerr,0,1,1
majesco,0,1,1
majestic,4,14,18
majestical,0,1,1
majestics,0,1,1
majestrix,0,1,1
majesty,7,13,20
majic,6,4,10
majide,2,0,2
majie,1,0,1
majig,2,0,2
majiggy,0,1,1
majijan,0,1,1
majik,0,2,2
majin,2,0,2
majior,1,0,1
majja,0,1,1
majjaa,0,1,1
majk,0,1,1
majke,0,1,1
majlis,0,2,2
majnun,1,0,1
majo,3,5,8
majoer,1,0,1
majoly,0,1,1
majonese,0,1,1
majong,1,0,1
majoor,2,0,2
major,1011,471,1482
majora,3,4,7
majorbarter,0,1,1
majorca,3,4,7
majorcelebrity,0,1,1
majored,0,1,1
majorette,0,1,1
majorettes,2,0,2
majorfail,1,0,1
majorie,1,0,1
majorily,2,0,2
majoring,0,7,7
majority,77,64,141
majorly,118,26,144
majornelson,1,0,1
majoroty,0,1,1
majorr,3,0,3
majorrrr,1,0,1
majors,16,8,24
majorsadface,1,0,1
majorspoilers,1,0,1
majoruly,1,0,1
majorversion,1,0,1
majour,1,0,1
majoyrly,1,0,1
majr,0,1,1
majrmac,1,0,1
maju,2,1,3
majuri,1,0,1
majuuu,0,1,1
mak,13,26,39
maka,3,2,5
makaaaan,0,1,1
makaakabitan,1,0,1
makaalis,1,0,1
makabawi,1,0,1
makaboto,1,0,1
makaciii,0,1,1
makael,0,2,2
makaela,0,1,1
makagawa,1,0,1
makakabukas,1,0,1
makakaimbento,0,1,1
makakain,1,0,1
makakakain,1,0,1
makakakita,0,1,1
makakanood,1,0,1
makakapag,1,0,1
makakapagopen,1,0,1
makakapili,1,0,1
makakarating,0,1,1
makakasama,1,1,2
makakilo,1,0,1
makakuha,1,0,1
makala,1,0,1
makalah,0,1,1
makalakad,0,1,1
makan,23,42,65
makana,0,1,1
makanan,1,1,2
makanna,0,1,1
makannya,2,1,3
makanood,1,0,1
makansh,0,1,1
makanya,2,3,5
makanyaa,1,0,1
makapag,1,0,1
makapg,1,0,1
makapu,0,1,1
makarating,1,0,1
makarov,0,1,1
makaruni,0,1,1
makasi,0,2,2
makasih,1,21,22
makat,1,0,1
makatayo,0,1,1
makati,23,28,51
makato,1,0,1
makatulog,0,1,1
makausap,2,0,2
makaveli,1,1,2
makawao,1,0,1
makawhole,1,0,1
makayla,5,7,12
makaylah,1,0,1
makaylas,1,0,1
makazee,0,1,1
makde,0,1,1
make,12318,12658,24976
makeawish,0,1,1
makebt,1,0,1
maked,4,2,6
makeda,0,1,1
makedonia,2,1,3
makee,2,5,7
makeee,0,1,1
makeeover,1,0,1
makefiles,0,1,1
makefive,0,1,1
makehistori,1,0,1
makein,0,1,1
makeing,11,10,21
makeit,1,0,1
makeitstopnowkthxbye,1,0,1
makemassair,1,0,1
makeme,1,1,2
makemebabies,0,1,1
makemebad,0,3,3
makemehappy,1,0,1
makemistakes,0,1,1
makemovesmonday,0,2,2
makemylife,0,1,1
makemymumcometomtub,0,1,1
maken,5,1,6
makenna,0,1,1
makenzi,0,1,1
makenzie,1,2,3
makenzies,0,1,1
makeout,2,8,10
makeoutparties,1,0,1
makeoutweek,1,0,1
makeover,43,61,104
makeovers,4,10,14
makep,0,1,1
makepeace,0,1,1
maker,105,117,222
makeral,1,0,1
makerbot,1,0,1
makerbotn,1,0,1
makerfaire,7,9,16
makerrrrrr,0,1,1
makers,25,37,62
makershed,1,0,1
makes,5425,4392,9817
makesalswifewatchstartrek,0,1,1
makesan,1,0,1
makeshift,2,4,6
makesme,1,1,2
makesmesad,2,0,2
makesmesmile,0,2,2
makesnosense,1,0,1
makess,1,2,3
maket,0,1,1
maketa,1,0,1
maketh,3,3,6
maketing,1,0,1
maketradefair,0,1,1
maketuesdayfun,0,1,1
makeup,253,356,609
makeupblog,0,1,1
makeupblogger,1,0,1
makeupbynumbers,0,1,1
makeupcourse,0,1,1
makeups,2,5,7
makeupwhore,0,1,1
makey,0,1,1
makez,1,0,1
makezine,0,1,1
makg,0,1,1
makgabut,1,0,1
makhlouf,2,2,4
makhlouff,1,0,1
maki,8,9,17
makig,2,0,2
makii,0,1,1
makiin,1,2,3
makiing,0,4,4
makijng,1,0,1
makikita,2,1,3
makilala,1,0,1
makiling,0,1,1
makimg,2,0,2
makin,251,279,530
makinf,1,0,1
making,4019,4352,8371
makingfun,1,0,1
makingfunofbands,0,1,1
makingg,3,2,5
makingggg,0,1,1
makingme,1,0,1
makingof,0,1,1
makingplanswiffgabbs,0,1,1
makings,3,7,10
makingthe,0,1,1
makinig,0,2,2
makinn,0,1,1
makinng,0,1,1
makinnn,0,1,1
makinnon,1,0,1
makino,0,2,2
makinq,1,1,2
makinsey,0,1,1
makipag,1,1,2
makiri,2,0,2
makita,5,2,7
makitallbtr,1,0,1
makje,0,1,1
makjodona,0,1,1
makk,0,1,1
makka,1,1,2
makke,1,0,1
makki,0,1,1
makking,1,1,2
makkinnn,1,0,1
makku,0,1,1
maklum,0,2,2
makmalbaf,0,1,1
makn,15,6,21
maknae,3,0,3
maknanya,0,1,1
makng,2,0,2
mako,4,3,7
makon,1,0,1
makont,0,1,1
makossa,0,1,1
makoto,2,0,2
makotos,0,1,1
makr,0,1,1
makro,2,2,4
makrose,1,0,1
maks,4,2,6
maksa,1,0,1
maksi,1,1,2
maksim,1,2,3
maksud,1,1,2
maksudnya,2,6,8
maksutnya,0,1,1
makt,0,1,1
maktulog,1,0,1
makuha,0,1,1
makuini,0,1,1
makulit,0,1,1
makupstore,0,1,1
makuuni,0,1,1
makyp,0,1,1
mal,38,48,86
mala,6,3,9
malaaass,1,0,1
malaaasss,1,0,1
malaawi,1,0,1
malabar,0,1,1
malabo,1,1,2
malabon,2,0,2
malabrigo,1,1,2
malabsorbtion,1,0,1
malacca,3,4,7
malaccaaaaaaaaaaa,0,1,1
malachai,0,1,1
malachi,3,7,10
malachite,0,1,1
malad,2,0,2
malade,1,0,1
maladies,0,3,3
malady,2,2,4
malaga,1,3,4
malagasy,1,0,1
malaguena,0,1,1
malah,5,8,13
malahide,1,2,3
malai,3,1,4
malaia,1,0,1
malaise,3,2,5
malakai,0,2,2
malakal,1,0,1
malakas,2,1,3
malaki,2,2,4
malakoff,0,1,1
malalim,0,1,1
malam,9,7,16
malaman,0,1,1
malamang,2,1,3
malambri,0,1,1
malamig,0,3,3
malamute,1,2,3
malamutes,1,0,1
malang,1,3,4
malapit,2,3,5
malar,1,0,1
malarayat,0,1,1
malaria,13,9,22
malarianomore,1,0,1
malarie,0,1,1
malarkey,7,3,10
malarkeys,1,0,1
malarky,10,7,17
malas,7,0,7
malasada,0,1,1
malasadas,2,3,5
malasia,1,0,1
malasian,0,1,1
malasnya,0,1,1
malassadas,0,1,1
malasyia,1,0,1
malatang,1,0,1
malate,0,2,2
malato,1,0,1
malawi,2,2,4
malay,23,10,33
malaya,1,0,1
malayalam,2,2,4
malayalee,1,2,3
malayali,0,1,1
malayish,1,0,1
malays,0,2,2
malaysia,91,98,189
malaysian,13,24,37
malaysians,3,7,10
malaz,0,1,1
malazans,0,1,1
malbank,1,1,2
malbec,6,12,18
malbis,0,1,1
malboro,0,1,1
malbox,1,0,1
malce,0,1,1
malche,0,1,1
malcik,0,1,1
malco,0,1,1
malcolm,8,19,27
malcolmchi,1,0,1
malcolms,1,1,2
malcom,2,4,6
malcs,1,0,1
malcum,1,0,1
malden,2,1,3
maldini,5,0,5
maldita,3,2,5
malditang,0,1,1
maldito,3,0,3
maldives,9,14,23
maldivian,0,2,2
maldon,0,1,1
maldroid,0,1,1
male,147,194,341
malea,1,0,1
maleas,1,0,1
malediction,0,1,1
maledictus,0,1,1
malee,1,0,1
maleeeeeeeem,0,1,1
maleek,0,1,1
maleev,1,0,1
malefice,1,1,2
malelovent,0,1,1
malem,10,1,11
malemute,1,0,1
malena,2,2,4
malenda,0,1,1
malene,0,1,1
malenky,0,1,1
malenne,0,1,1
malerie,0,1,1
males,41,21,62
malese,0,5,5
malesejow,0,2,2
malesin,1,0,1
malesnya,1,0,1
malessss,1,0,1
maletwilight,0,1,1
malevolent,1,0,1
maley,1,0,1
malfi,1,1,2
malformed,5,0,5
malfoy,3,10,13
malfoys,1,1,2
malfuction,1,0,1
malfunction,18,3,21
malfunctioned,1,2,3
malfunctioning,21,1,22
malfunctions,9,3,12
malfuntions,1,0,1
malgudi,1,1,2
malham,1,0,1
malhar,1,0,1
malhotra,0,1,1
mali,9,3,12
malia,5,5,10
maliaa,1,0,1
maliboomer,0,1,1
malibou,1,0,1
malibu,30,44,74
malibutay,0,1,1
malibuuuuuu,0,2,2
malice,2,3,5
malicious,15,3,18
maliciously,1,0,1
malick,1,0,1
maligayang,0,1,1
malign,1,2,3
malignancies,0,1,1
malignant,1,0,1
maligned,1,1,2
maligning,0,1,1
malii,1,0,1
malik,5,5,10
malika,2,1,3
malikky,1,0,1
maliks,0,2,2
maliksincere,1,0,1
malim,0,1,1
malin,3,7,10
malina,0,1,1
malinda,1,3,4
malinga,2,0,2
malinois,1,0,1
malioboro,0,1,1
maliq,1,6,7
malisa,1,0,1
malissa,0,1,1
malit,1,0,1
malito,1,0,1
maliya,1,0,1
malk,0,2,2
malkin,5,7,12
malkmus,0,1,1
malkovich,0,4,4
malkus,1,0,1
mall,665,982,1647
mallah,1,0,1
malland,0,1,1
mallard,2,2,4
mallards,1,2,3
mallary,1,0,1
mallaya,0,1,1
mallcop,0,1,1
malleable,1,0,1
malled,1,0,1
mallet,4,3,7
malletjie,0,1,1
malley,13,2,15
malleys,0,1,1
malli,1,1,2
mallick,1,0,1
mallie,0,1,1
mallies,0,1,1
mallika,1,0,1
mallikaaaaa,0,1,1
mallikashram,1,0,1
mallin,0,2,2
malling,2,5,7
malll,5,1,6
mallleswaram,0,1,1
mallll,0,3,3
malllll,0,2,2
malllllll,1,0,1
malllllllll,1,0,1
malllls,0,1,1
malloc,1,1,2
mallomar,1,0,1
mallon,2,0,2
malloooorcaa,0,1,1
mallorca,12,7,19
mallorcaaaa,1,0,1
mallorean,3,0,3
mallorey,1,0,1
mallori,1,0,1
mallorn,1,0,1
mallory,10,9,19
mallorys,0,1,1
mallow,0,3,3
mallows,3,3,6
mallplace,0,2,2
mallrats,2,1,3
malls,24,26,50
mallshow,0,1,1
mallu,5,15,20
mallubyeee,0,1,1
malluland,0,1,1
mallum,0,1,1
mallus,0,2,2
mallutweeps,1,0,1
mallverine,0,1,1
mallware,1,0,1
mallwere,0,1,1
mallwide,0,1,1
mally,5,2,7
mallya,1,3,4
mallz,0,1,1
malm,3,8,11
malmaison,0,1,1
malmo,0,1,1
malmoe,0,1,1
malmsteen,1,0,1
malnati,1,3,4
malne,1,0,1
malnourished,3,0,3
malnutrition,2,1,3
malo,3,6,9
maloha,0,1,1
malojloj,0,1,1
malolos,0,1,1
malone,5,20,25
malones,1,0,1
maloney,0,1,1
malorie,2,2,4
malort,1,0,1
malory,2,0,2
malosa,0,1,1
malouda,0,2,2
malouf,0,2,2
maloufs,0,1,1
malp,0,1,1
malpensa,0,2,2
malpractice,0,2,2
mals,2,2,4
malshy,1,0,1
malt,9,18,27
malta,29,37,66
maltav,0,1,1
maltease,0,1,1
malteaser,0,1,1
malteasers,3,7,10
malteaster,1,0,1
malted,3,1,4
malteesers,1,0,1
maltego,0,1,1
maltepoo,1,0,1
maltese,4,15,19
malteser,0,3,3
maltesers,10,11,21
maltezers,0,1,1
malthouse,1,0,1
maltipo,1,0,1
maltipoo,1,2,3
malto,1,2,3
maltoban,1,0,1
maltreatment,1,0,1
malts,0,4,4
malu,4,2,6
malungkot,2,0,2
malva,1,0,1
malvas,1,0,1
malvern,3,3,6
malvinas,0,1,1
malware,19,11,30
malwarebytes,3,3,6
malworsted,0,1,1
maly,2,0,2
malyalam,0,1,1
malyda,1,0,1
malygos,1,1,2
malysia,0,1,1
malyssa,0,1,1
malz,0,1,1
malzadoll,1,0,1
mam,76,66,142
mama,500,730,1230
mamaa,0,2,2
mamaaa,2,1,3
mamaanna,0,1,1
mamabear,1,2,3
mamachen,1,0,1
mamachka,1,0,1
mamacita,3,8,11
mamacitaaa,0,1,1
mamacitas,2,0,2
mamacole,1,0,1
mamadukes,3,1,4
mamae,1,0,1
mamaged,0,1,1
mamagra,1,0,1
mamah,0,1,1
mamahush,0,1,1
mamahutch,0,1,1
mamaia,1,0,1
mamajen,1,0,1
mamak,6,7,13
mamaks,4,1,5
mamaku,0,1,1
mamalee,1,0,1
mamam,2,1,3
mamama,0,1,1
mamamama,0,1,1
mamamanilaaaaaaaaaaaaaa,0,1,1
mamamaria,0,1,1
mamamia,0,2,2
maman,0,3,3
mamapalooza,0,1,1
mamapedia,0,1,1
mamare,0,1,1
mamarucci,0,1,1
mamary,0,1,1
mamas,39,60,99
mamash,1,0,1
mamasita,2,0,2
mamasz,0,4,4
mamat,1,0,1
mamataji,0,1,1
mamatas,1,0,1
mamatay,0,2,2
mamats,0,1,1
mamaw,5,6,11
mamaya,2,5,7
mamayang,1,0,1
mamaz,3,10,13
mamba,5,8,13
mambazo,0,1,1
mambership,1,0,1
mambo,12,13,25
mame,5,5,10
mamee,1,2,3
mameeeennn,1,0,1
mamen,1,1,2
mamenn,1,0,1
mames,0,1,1
mamet,0,1,1
mamey,0,1,1
mami,39,88,127
mamie,2,0,2
mamih,0,1,1
mamii,0,1,1
mamiii,0,1,1
mamiiiiii,0,1,1
mamijis,0,1,1
mamiko,0,1,1
mamilit,1,0,1
mamilo,1,0,1
mamimiss,2,0,2
mamis,1,3,4
mamiss,1,0,1
mamita,2,5,7
mamitas,0,1,1
mamiya,4,1,5
mamk,0,1,1
maml,1,0,1
mamm,1,2,3
mamma,43,59,102
mammaa,0,1,1
mammaaaaa,0,1,1
mammacita,0,1,1
mammal,4,4,8
mammals,4,6,10
mammary,0,3,3
mammas,2,5,7
mammaw,2,0,2
mammaws,1,0,1
mammay,1,0,1
mammers,0,1,1
mammi,0,2,2
mammie,2,2,4
mammmas,1,0,1
mammo,1,0,1
mammoff,1,0,1
mammogram,4,0,4
mammograms,1,0,1
mammory,1,0,1
mammoth,22,7,29
mammu,0,1,1
mammuto,0,1,1
mammy,14,8,22
mammys,1,1,2
mammyy,0,1,1
mamo,2,7,9
mamon,0,1,1
mamona,1,1,2
mamones,1,0,1
mamootty,0,2,2
mamosa,0,1,1
mamosas,1,2,3
mamp,1,3,4
mampet,1,0,1
mampir,1,3,4
mampu,1,0,1
mams,7,6,13
mamsfinished,1,0,1
mamski,1,0,1
mamta,2,0,2
mamu,0,1,1
mamuchis,0,1,1
mamut,1,0,1
mamy,1,3,4
mamya,0,1,1
mamzelle,0,1,1
mamzie,0,1,1
man,7760,6143,13903
mana,26,21,47
manaburn,1,0,1
manacin,0,1,1
manaction,0,1,1
manado,0,2,2
manafonted,1,0,1
managable,1,3,4
managad,1,0,1
managae,1,0,1
managaed,0,1,1
managar,1,0,1
manage,329,251,580
manageable,4,16,20
managed,527,460,987
manageing,0,1,1
management,160,163,323
managements,0,2,2
managementul,0,1,1
managenement,0,1,1
manager,244,206,450
manageress,1,0,1
managerial,6,4,10
managerr,0,1,1
managers,33,28,61
manages,16,14,30
managet,1,1,2
managfox,1,0,1
managing,33,43,76
managingonlineforums,1,0,1
managment,4,3,7
managua,0,2,2
manaic,1,0,1
manakeesh,0,1,1
manakin,0,1,1
manaknight,1,0,1
manalapan,1,1,2
manali,1,0,1
manalo,1,0,1
manalow,0,1,1
manam,1,0,1
manama,1,0,1
manan,1,3,4
manana,39,53,92
mananaaaa,0,1,1
mananalo,0,1,1
mananana,0,1,1
manananghalian,1,0,1
mananc,0,2,2
manang,1,4,5
manange,1,0,1
mananged,0,1,1
manapua,1,1,2
manas,2,1,3
manase,1,0,1
manasellaam,1,0,1
manassas,2,3,5
manatee,2,2,4
manatees,2,2,4
manaum,1,1,2
manaus,4,4,8
manauslovesmcfly,0,1,1
manayunk,1,5,6
manayunkk,0,1,1
manayunks,0,1,1
manbabies,1,0,1
manbaby,0,1,1
manbear,1,0,1
manbeers,0,1,1
manbirdpigflu,1,0,1
manbits,2,0,2
manboob,0,1,1
manboobs,2,2,4
manc,38,25,63
manca,0,1,1
mancala,2,0,2
mancandy,1,1,2
mancardi,0,1,1
mancare,0,1,1
mancarea,0,1,1
mancat,1,1,2
mancated,1,0,1
mancats,1,0,1
mancave,1,1,2
mance,0,1,1
mancehster,0,1,1
manch,3,0,3
manche,1,1,2
manchego,0,1,1
manches,1,1,2
manchesta,1,0,1
mancheste,0,1,1
manchester,301,239,540
manchesterr,0,2,2
manchesterrr,0,1,1
manchesterrrr,0,1,1
manchesterrrrr,1,1,2
manchesters,1,1,2
manchestersss,0,1,1
manchestr,1,0,1
manchhe,0,1,1
manchi,0,1,1
manchild,0,1,1
manchita,1,0,1
manchmal,1,2,3
manchseter,0,1,1
manchster,1,0,1
manchu,0,1,1
manchuria,1,0,1
manchurian,0,1,1
manci,1,0,1
mancini,1,2,3
mancity,1,0,1
manco,0,1,1
mancold,1,0,1
mancow,1,0,1
mancrush,0,1,1
mancs,5,3,8
mancunian,2,2,4
mancvil,0,1,1
mancy,1,1,2
mand,1,0,1
manda,27,38,65
mandaaa,0,1,1
mandaalea,0,1,1
mandaboo,0,1,1
mandag,0,1,1
mandah,1,0,1
mandala,0,2,2
mandalay,2,4,6
mandalore,0,1,1
mandals,0,1,1
mandaluyong,0,1,1
mandame,0,1,1
mandan,1,0,1
mandar,6,3,9
mandarah,0,1,1
mandari,1,0,1
mandarin,29,34,63
mandarina,0,1,1
mandarine,1,0,1
mandarinmonday,0,1,1
mandarinpop,0,1,1
mandarins,2,3,5
mandark,0,1,1
mandarme,0,1,1
mandaron,0,1,1
mandas,1,1,2
mandasss,0,1,1
mandate,3,3,6
mandated,2,2,4
mandates,2,0,2
mandatory,42,30,72
manday,1,1,2
mandddyyyyyy,1,0,1
manddy,0,1,1
mandee,1,3,4
mandeee,0,2,2
mandeeeeeeeeees,0,1,1
mandeeeei,0,1,1
mandeep,2,0,2
mandei,2,0,2
mandel,0,1,1
mandela,3,1,4
mandelbrot,0,2,2
mandelion,1,3,4
mandelson,0,4,4
mandem,0,1,1
mander,0,1,1
manderin,1,1,2
manderrrzz,1,0,1
manders,1,3,4
manderz,1,0,1
manderzz,1,1,2
manderzzz,0,1,1
mandeville,0,2,2
mandi,9,17,26
mandibles,1,0,1
mandibular,1,0,1
mandicandypants,0,1,1
mandich,1,0,1
mandie,2,3,5
mandiee,0,1,1
mandii,0,1,1
mandik,0,1,1
mandingo,0,2,2
mandinner,1,0,1
mandino,0,2,2
mandira,0,1,1
mandiri,0,1,1
mandisa,1,0,1
manditory,0,1,1
mandizzle,0,1,1
mandle,2,0,2
mandles,0,2,2
mandleson,0,1,1
mandm,1,0,1
mandmay,2,0,2
mando,11,10,21
mandolin,4,1,5
mandoon,2,2,4
mandou,1,3,4
mandra,1,0,1
mandrake,1,2,3
mandrinnn,0,1,1
mandriva,2,4,6
mands,1,2,3
manduh,1,0,1
mandurah,1,0,1
mandy,77,186,263
mandya,0,1,1
mandyb,1,0,1
mandyjirouxx,1,0,1
mandyk,0,1,1
mandymc,0,1,1
mandymoores,0,1,1
mandys,0,2,2
mandysea,1,0,1
mandyy,2,4,6
mandyyy,3,4,7
mandyyyy,0,1,1
mandyyyyyyy,0,1,1
mandz,0,1,1
mane,29,26,55
maneater,3,12,15
maneaters,0,1,1
maneating,0,1,1
manech,0,1,1
manee,3,1,4
manege,0,1,1
manejamos,1,0,1
maneki,0,1,1
manele,1,1,2
manelli,0,1,1
manels,0,1,1
maneouvres,0,1,1
manequin,2,0,2
manera,1,0,1
manes,0,1,1
manets,0,1,1
maneur,1,0,1
maneure,1,0,1
maneurisms,0,1,1
maneuver,2,4,6
maneuvered,0,1,1
maneuvering,0,1,1
maneuvers,2,1,3
maney,0,1,1
manface,0,1,1
manflu,7,2,9
manford,1,2,3
manfredi,2,0,2
manfriend,3,3,6
manfroto,1,0,1
manfrotto,0,1,1
mang,21,23,44
manga,54,73,127
mangabullet,1,0,1
mangaer,1,0,1
mangagoy,0,1,1
mangai,0,1,1
mangala,0,1,1
mangalore,1,1,2
mangamonday,0,1,1
mangarap,0,1,1
mangas,0,6,6
mangawhai,1,0,1
mangco,0,1,1
mangdu,0,2,2
mange,6,3,9
manged,2,3,5
mangedd,0,1,1
mangelhaft,1,0,1
mangement,0,1,1
mangent,0,1,1
mangento,1,0,1
manger,4,3,7
mangerial,1,0,1
mangeshkar,1,0,1
mangg,1,0,1
mangga,5,3,8
manggagago,0,1,1
manggarai,0,1,1
manggiare,1,0,1
manggil,0,1,1
manggung,2,0,2
manghilang,1,0,1
manghud,0,1,1
mangia,2,0,2
mangiare,1,1,2
mangifts,1,0,1
mangina,0,1,1
manginaaaa,0,1,1
mangini,1,1,2
mangkannya,1,0,1
mangkok,1,0,1
mangle,1,0,1
mangled,7,3,10
mangling,0,1,1
manglorean,0,1,1
mangnya,0,1,1
mango,94,193,287
mangoes,33,41,74
mangonada,0,1,1
mangong,0,1,1
mangooo,0,2,2
mangoooo,0,1,1
mangoorange,0,14,14
mangos,21,31,52
mangosteen,2,3,5
mangosteens,1,0,1
mangotango,0,1,1
mangrove,1,2,3
mangroves,2,0,2
mangshor,0,1,1
mangy,1,1,2
manh,0,3,3
manhammers,0,1,1
manhandled,1,0,1
manhappiness,1,0,1
manhattan,60,81,141
manhattanhenge,1,2,3
manhattanite,0,1,1
manhatten,2,5,7
manhatthan,0,1,1
manhatton,0,1,1
manheim,1,2,3
manhey,1,0,1
manhid,1,0,1
manho,0,2,2
manhole,1,0,1
manhood,12,3,15
manhop,1,0,1
manhttn,1,0,1
manhunt,3,6,9
manhunter,0,1,1
manhunttt,1,0,1
manhwa,1,0,1
mani,39,99,138
mania,17,21,38
maniac,20,25,45
maniacal,1,1,2
maniacally,1,2,3
maniacly,1,0,1
maniacs,7,5,12
maniana,1,1,2
manibusan,1,0,1
manic,42,52,94
manical,1,0,1
manicm,0,1,1
manicmother,1,0,1
manicotti,1,3,4
manics,9,8,17
manicure,33,56,89
manicured,1,5,6
manicures,3,8,11
manicurist,3,1,4
manicurista,1,0,1
manied,1,0,1
maniego,0,1,1
maniers,1,0,1
manifest,6,9,15
manifestation,1,7,8
manifestations,0,2,2
manifesting,3,3,6
manifesto,1,9,10
manifestos,1,0,1
manifests,0,1,1
manifold,2,0,2
maniken,0,1,1
manikin,0,1,1
manikins,0,1,1
manikya,1,0,1
manila,133,193,326
manilaaaaaaaa,1,0,1
manilaarchumania,0,1,1
manilatown,0,1,1
manilla,1,1,2
manille,2,0,2
manillusion,0,1,1
manilow,4,8,12
manin,1,0,1
maning,1,2,3
maninjacocle,1,0,1
manip,3,2,5
manipal,5,2,7
manips,1,1,2
manipulate,1,0,1
manipulated,2,0,2
manipulating,4,5,9
manipulation,6,5,11
manipulations,4,2,6
manipulative,2,3,5
manipultive,1,0,1
manipura,0,1,1
maniq,1,0,1
manira,1,0,1
manis,4,7,11
manish,4,4,8
manisha,0,1,1
manishas,1,0,1
manistee,1,0,1
manita,2,1,3
manitees,0,1,1
manito,0,1,1
manitoba,7,5,12
manitou,3,4,7
manitoulin,0,1,1
manitouwadge,2,0,2
manitu,0,2,2
manitz,1,0,1
maniulate,0,1,1
manivong,0,1,1
manix,0,3,3
manjabal,1,0,1
manjack,0,1,1
manjalara,0,2,2
manjan,1,0,1
manjaro,0,1,1
manjdjs,1,0,1
manjimup,1,0,1
manju,1,3,4
manjunath,1,0,1
mank,1,1,2
manke,0,1,1
mankind,17,8,25
mankinder,0,1,1
mankini,4,4,8
mankinis,1,0,1
mankjay,0,1,1
manks,1,0,1
manksniff,2,0,2
manky,7,4,11
manl,0,1,1
manlady,0,1,1
manladykstew,1,0,1
manleu,1,0,1
manley,0,1,1
manlier,1,0,1
manliness,4,3,7
manlove,1,1,2
manly,36,55,91
manlyites,0,1,1
manmade,0,1,1
manman,0,1,1
manmohan,0,1,1
manmom,1,0,1
mann,149,77,226
mannachurch,0,1,1
mannag,0,1,1
mannage,1,0,1
mannareo,1,1,2
manndayyyyy,1,0,1
manned,1,3,4
manneken,0,1,1
mannequin,21,23,44
mannequins,3,4,7
manner,22,25,47
mannered,1,2,3
mannerheim,0,1,1
mannerisms,0,2,2
manners,13,25,38
mannex,0,1,1
mannfred,0,1,1
manng,0,2,2
mannhattans,0,1,1
mannheim,2,3,5
manni,0,2,2
mannie,0,4,4
mannies,0,1,1
manning,12,13,25
manningway,1,0,1
mannix,0,3,3
mannn,105,36,141
mannnn,49,14,63
mannnnn,18,12,30
mannnnnn,8,2,10
mannnnnnn,7,1,8
mannnnnnnn,5,1,6
mannnnnnnnn,4,0,4
mannnnnnnnnn,0,1,1
mannnnnnnnnnn,1,0,1
mannnnnnnnnnnn,0,1,1
mannnnnnnnnnnnnnnn,1,0,1
mannnnnnnnnnnnnnnnnnnnnnnnn,1,0,1
mannnnnnnnnnnnnnnnnnnnnnnnnn,1,0,1
mannnyy,0,1,1
manno,2,0,2
mannoo,1,0,1
mannor,0,1,1
mannquin,1,0,1
manns,2,1,3
manny,41,84,125
mannybluesmusic,0,2,2
mannys,2,0,2
mannywood,1,1,2
mano,2,6,8
manoah,1,0,1
manoeuvre,0,2,2
manoevres,1,0,1
manohaiyuuu,0,1,1
manohara,6,19,25
manohman,0,1,1
manoir,0,1,1
manoj,1,1,2
manojkiyan,0,1,1
manojnayak,0,1,1
manok,0,1,1
manolo,6,2,8
manon,1,1,2
manondamoon,1,0,1
manong,3,3,6
manongdo,0,1,1
manonood,1,0,1
manood,2,2,4
manooooooooooh,0,1,1
manoooos,0,1,1
manopo,0,1,1
manor,16,16,32
manorama,0,2,2
manoric,0,1,1
manors,0,1,1
manos,1,4,5
manotas,1,0,1
manouche,1,0,1
manoukian,0,1,1
manoush,1,0,1
manouvered,1,0,1
manouvre,0,1,1
manovich,1,2,3
manow,0,1,1
manowar,0,1,1
manowe,0,1,1
manpage,1,0,1
manpages,1,0,1
manpanion,0,2,2
manpapers,0,1,1
manpn,0,1,1
manpower,3,2,5
manpris,0,1,1
manpuku,0,1,1
manq,1,1,2
manque,4,0,4
manquer,1,1,2
manques,1,1,2
manquez,1,0,1
manre,1,0,1
manreet,1,0,1
manresa,0,1,1
manring,0,1,1
manroster,1,0,1
manry,0,1,1
mans,43,48,91
mansa,0,2,2
mansari,0,1,1
mansbridge,0,2,2
manscaped,0,1,1
manscaping,0,2,2
mansdrew,1,0,1
manse,0,2,2
mansel,0,1,1
mansell,1,2,3
manservant,0,1,1
mansetti,2,0,2
mansfeild,1,0,1
mansfied,1,0,1
mansfield,28,21,49
mansh,1,0,1
manshedevil,1,0,1
manshi,0,1,1
mansin,1,0,1
mansion,37,64,101
mansionc,0,1,1
mansions,1,1,2
manslaughter,2,2,4
manslave,0,1,1
manson,22,35,57
mansons,2,1,3
mansoon,1,0,1
mansour,1,0,1
mansquito,0,1,1
manssion,1,0,1
manstore,0,1,1
manstrual,0,1,1
mansun,0,1,1
manswers,1,1,2
mant,0,1,1
manta,8,4,12
mantaff,0,1,1
mantafff,1,0,1
mantaince,1,0,1
mantan,1,2,3
mantanence,1,0,1
mantaray,0,1,1
mantas,0,1,1
manteca,1,1,2
mantel,1,0,1
mantep,0,3,3
manth,1,0,1
manthaaaaaaaa,1,0,1
manticore,1,0,1
mantids,0,1,1
mantin,0,1,1
mantinite,0,1,1
mantis,2,8,10
mantitties,1,0,1
mantle,0,2,2
mantlepiece,0,3,3
manto,1,0,1
mantra,7,19,26
mantracker,0,1,1
mantrain,0,1,1
mantras,0,4,4
mantus,0,2,2
manu,24,13,37
manual,77,80,157
manuall,1,0,1
manually,48,20,68
manuals,2,4,6
manuel,6,7,13
manuela,2,0,2
manuelalire,1,0,1
manuels,1,0,1
manuer,1,0,1
manuf,0,1,1
manufactored,1,0,1
manufactred,0,1,1
manufacture,3,2,5
manufactured,6,2,8
manufacturer,5,3,8
manufacturers,11,4,15
manufactures,1,1,2
manufacturing,7,5,12
manufature,1,0,1
manuka,1,1,2
manukan,1,2,3
manukau,0,2,2
manuko,1,0,1
manunitedvss,0,1,1
manuod,2,1,3
manure,6,6,12
manus,0,1,1
manuscript,8,8,16
manuscripts,2,2,4
manusia,3,0,3
manusiawi,1,0,1
manutd,10,2,12
manvel,0,1,1
manvice,0,1,1
manville,1,0,1
manwhich,1,0,1
manwhore,4,4,8
manwhores,0,1,1
manwiches,1,0,1
manwig,0,1,1
manx,2,1,3
manxary,0,1,1
manxbands,0,1,1
manxome,1,0,1
many,4702,4180,8882
manya,0,1,1
manycam,1,1,2
manydj,1,2,3
manydjs,1,1,2
manye,2,0,2
manyh,0,1,1
manymanymanymore,1,0,1
manypancakes,1,0,1
manypixels,1,0,1
manything,0,1,1
manytimes,1,0,1
manyy,7,4,11
manyyyy,2,1,3
manyyyyy,1,0,1
manyyyyyy,0,1,1
manz,7,4,11
manzana,1,0,1
manzanita,0,1,1
manzano,0,2,2
manzerick,0,1,1
manzilian,1,0,1
manzke,0,1,1
manzo,0,1,1
manzxzx,1,0,1
manzxzxzxz,1,0,1
manzzz,1,0,1
manzzzz,1,0,1
mao,6,4,10
maoam,3,0,3
maoams,1,1,2
maobama,0,1,1
maocat,1,0,1
maoh,0,1,1
maoist,1,0,1
maoists,1,0,1
maopen,1,0,1
maori,4,3,7
maorning,0,1,1
maotai,0,1,1
maou,0,2,2
maouralis,0,1,1
maoz,0,1,1
map,97,150,247
mapagpunyagi,0,1,1
mapagsabihan,1,0,1
mapalad,0,1,1
mapamundi,1,0,1
mapanood,1,0,1
mapanya,1,0,1
mapaso,0,1,1
mapaul,1,0,1
mapbook,1,0,1
mapell,1,0,1
mapelle,0,1,1
mapes,1,0,1
mapet,0,1,1
mapi,4,0,4
mapili,0,1,1
mapkit,1,0,1
maple,32,52,84
maplestory,5,7,12
maplewood,1,2,3
maplin,1,0,1
mapmyfitness,0,1,1
mapmyrun,1,1,2
mapnik,0,1,1
mapo,0,1,1
mapogo,1,0,1
mapp,1,0,1
mappacks,1,0,1
mapped,5,8,13
mappeinfoutlevering,0,1,1
mappelle,2,0,2
mapping,11,21,32
mappings,0,1,1
mapple,1,1,2
mapplestory,0,1,1
mappmission,0,1,1
mappoint,1,0,1
mappy,0,2,2
mapquest,5,3,8
mapreduce,0,1,1
mapro,1,0,1
maps,79,88,167
mapsl,0,1,1
mapssss,1,0,1
mapua,3,0,3
mapumental,1,2,3
mapvivo,0,1,1
maq,1,0,1
maqic,0,1,1
maqking,1,0,1
maqluba,1,0,1
maqoor,0,1,1
maquarie,0,1,1
maquaripe,1,0,1
maquina,0,1,1
mar,64,38,102
mara,17,24,41
maraa,0,2,2
maraaa,0,1,1
maraaaaaaaaaaaaaa,0,1,1
marabu,0,1,1
maracaibo,1,2,3
maracas,2,1,3
maracay,1,0,1
maracuja,0,1,1
maracujina,0,1,1
maracus,0,1,1
maradem,0,1,1
maradona,4,3,7
marafun,0,1,1
maraget,1,0,1
maragrita,1,0,1
marah,10,1,11
maraiana,0,1,1
marais,2,3,5
maraji,0,1,1
marajuk,0,1,1
maraka,0,1,1
marakan,0,1,1
marakas,0,2,2
maral,1,1,2
maralyn,0,2,2
maramail,1,0,1
marami,1,4,5
maraming,0,8,8
maran,0,4,4
marana,1,1,2
maranara,0,1,1
maranating,0,1,1
maranda,2,0,2
marando,1,0,1
maranello,0,1,1
mararthon,0,1,1
maraschino,0,2,2
marat,3,3,6
marata,0,1,1
marathan,0,1,1
marathi,2,5,7
marathin,0,1,1
marathon,367,683,1050
marathoned,0,1,1
marathoner,1,0,1
marathong,1,1,2
marathoning,0,1,1
marathonmonday,0,1,1
marathons,17,29,46
maraton,0,1,1
maratona,0,2,2
marauded,0,1,1
marauder,0,1,1
marauders,0,3,3
marauding,2,1,3
maravilla,1,1,2
maravilloso,0,1,1
marazion,1,0,1
marbella,3,8,11
marbelling,0,1,1
marble,23,28,51
marbled,1,0,1
marblehead,0,1,1
marbles,2,7,9
marburg,3,1,4
marc,64,72,136
marca,0,1,1
marcabaya,1,0,1
marcar,0,1,1
marccelo,1,0,1
marce,1,2,3
marceeeeeeee,1,0,1
marcel,2,11,13
marcela,4,0,4
marcelinho,1,0,1
marcell,1,0,1
marcella,5,2,7
marcellas,0,2,2
marcelle,1,1,2
marcello,1,0,1
marcellus,0,1,1
marcelo,3,1,4
march,179,147,326
marchan,1,0,1
marchant,1,0,1
marchas,1,0,1
marche,3,5,8
marched,3,0,3
marchelitadewi,1,0,1
marches,4,5,9
marchhhhhh,0,1,1
marchilletes,1,0,1
marchin,0,1,1
marching,33,31,64
marchinggg,1,0,1
marchingsquares,0,1,1
marchio,1,0,1
marchonwa,0,1,1
marchwheezers,1,0,1
marci,2,3,5
marcia,5,10,15
marcian,1,0,1
marciana,0,1,1
marcianne,1,0,1
marciano,1,1,2
marcias,1,0,1
marcie,1,4,5
marcil,0,1,1
marcin,1,3,4
marckyy,0,1,1
marcmalkin,1,0,1
marcmez,1,0,1
marcmussoluver,0,1,1
marco,30,43,73
marcom,0,2,2
marcome,0,1,1
marconi,1,0,1
marconies,0,1,1
marcoo,0,1,1
marcoooo,1,0,1
marcopollo,1,0,1
marcos,14,9,23
marcossss,1,0,1
marcs,2,1,3
marcucci,1,0,1
marcum,1,0,1
marcus,38,90,128
marcusfoster,0,3,3
marcuss,0,1,1
marcuz,1,0,1
marcy,7,13,20
marcyy,1,0,1
mard,0,2,2
marde,2,0,2
mardels,0,1,1
mardi,2,10,12
mardia,0,1,1
mardin,0,1,1
mardis,1,0,1
mardom,2,0,2
mardy,6,1,7
mardys,0,1,1
mare,28,26,54
marea,0,1,1
mareadaaa,1,0,1
marean,1,0,1
mared,1,0,1
maree,1,3,4
mareed,1,0,1
mareee,0,1,1
mareen,0,2,2
marei,0,1,1
marek,1,3,4
marely,0,1,1
maren,1,0,1
marena,2,2,4
marengo,1,1,2
marens,0,1,1
marentes,1,0,1
mares,2,3,5
mareware,0,1,1
mareyn,0,1,1
marf,0,1,1
marfiqa,0,1,1
marg,4,3,7
marga,1,2,3
margaaa,0,1,1
margaaaa,1,0,1
margam,1,0,1
margaret,96,27,123
margarete,1,0,1
margarets,0,2,2
margarette,0,1,1
margarhitas,1,0,1
margarine,2,0,2
margarita,45,88,133
margaritaaaaa,0,1,1
margaritaaasssss,0,1,1
margaritamass,1,1,2
margaritas,47,111,158
margaritassss,0,1,1
margaritaville,6,3,9
margaritta,2,0,2
margate,3,7,10
margaux,1,3,4
marge,7,6,13
margee,1,0,1
margera,2,2,4
margeret,1,0,1
margerets,1,0,1
margerine,1,0,1
margerita,0,2,2
margeritas,1,3,4
margert,0,1,1
margets,1,0,1
margharita,0,1,1
margherita,0,6,6
margheritaville,1,0,1
margi,0,1,1
margie,5,4,9
margiela,1,1,2
margies,0,1,1
margin,10,5,15
marginal,1,3,4
marginalized,1,0,1
marginally,2,7,9
margins,4,6,10
margirita,1,0,1
margit,0,1,1
margita,0,1,1
margo,4,3,7
margolis,0,1,1
margos,0,1,1
margot,3,10,13
margots,1,0,1
margret,14,4,18
margrete,0,1,1
margrett,1,0,1
margs,5,8,13
margueritas,1,0,1
marguerite,0,1,1
margulies,1,0,1
margy,1,0,1
marh,1,1,2
marham,1,0,1
marhot,0,1,1
marhs,1,0,1
marhsall,1,0,1
mari,17,55,72
maria,111,159,270
mariaa,1,1,2
mariaaa,0,1,1
mariaaaa,0,1,1
mariaaaaa,0,1,1
mariaaaaaa,0,1,1
mariaajoanaayes,0,1,1
mariabrito,0,1,1
mariachi,6,10,16
mariage,0,5,5
mariagorawr,0,1,1
mariah,55,103,158
mariahcarey,1,0,1
mariahdaily,3,0,3
mariahfan,1,0,1
mariahhhh,1,1,2
mariahhhhhhhhhhhhhhh,1,0,1
mariahs,1,6,7
mariahslamby,0,1,1
mariahtolonen,0,1,1
mariam,0,6,6
marian,8,16,24
mariana,4,13,17
marianaguidilok,1,0,1
marianas,7,9,16
marianastrench,0,1,1
marianela,0,1,1
marianelli,2,0,2
mariang,0,1,1
mariann,2,1,3
marianna,2,1,3
marianne,4,12,16
mariannnnaa,1,0,1
mariano,3,0,3
marians,0,1,1
mariaromi,1,0,1
marias,5,3,8
mariaz,1,0,1
maribel,0,2,2
maribelle,0,1,1
maribelllll,1,0,1
maribeth,0,1,1
mariboru,0,1,1
maribou,0,1,1
maribu,0,1,1
maric,0,1,1
maricar,2,3,5
maricars,0,1,1
marice,1,0,1
maricel,0,1,1
maricle,0,1,1
maricon,1,0,1
maricris,1,0,1
marie,58,121,179
marieanne,1,0,1
marieantoinette,0,1,1
mariecookie,0,1,1
mariedees,0,1,1
mariedigby,2,0,2
mariedotboran,1,0,1
mariee,2,1,3
marieeeeeee,0,1,1
marieke,0,1,1
mariel,3,10,13
mariela,1,2,3
marielena,0,2,2
marielhemingway,0,1,1
mariella,2,1,3
marielle,1,1,2
marien,1,0,1
marienborg,0,1,1
maries,2,2,4
marietta,5,6,11
marifontanahello,1,0,1
marigny,1,0,1
marigold,1,1,2
marigolds,3,5,8
mariha,1,0,1
marihuana,1,1,2
marii,2,2,4
mariigabii,0,1,1
mariiluu,1,0,1
marija,0,1,1
marijka,0,1,1
marijn,0,1,1
marijuana,14,19,33
marijuanajournal,1,0,1
marik,0,2,2
marika,1,2,3
marikina,2,2,4
mariko,0,1,1
marikos,0,1,1
maril,1,0,1
marilee,0,2,2
marillac,0,1,1
marillion,1,2,3
marilou,0,1,1
marilyn,30,47,77
marilynmonroesuccess,0,1,1
marilynsasha,1,0,1
marimba,0,2,2
marimekko,0,1,1
marimo,1,0,1
marin,4,7,11
marina,33,70,103
marinaaa,1,0,1
marinaaaa,1,0,1
marinade,5,6,11
marinaded,0,1,1
marinades,0,2,2
marinading,1,2,3
marinara,5,6,11
marinas,1,1,2
marinate,4,5,9
marinated,9,9,18
marinating,3,10,13
marination,1,0,1
marinda,1,1,2
marinduque,2,0,2
marine,43,36,79
marineland,3,1,4
mariner,8,3,11
mariners,25,22,47
marines,13,19,32
marinesinsurance,1,0,1
marinetti,0,1,1
marini,0,4,4
marino,4,1,5
marinol,0,1,1
marinos,0,1,1
marinus,0,1,1
mario,163,200,363
mariobros,0,1,1
mariocart,0,1,1
mariokart,5,9,14
marion,17,13,30
marionberries,0,1,1
marionberry,1,0,1
marionette,1,2,3
marionni,0,1,1
marios,2,5,7
mariot,0,1,1
mariott,1,1,2
mariowiki,1,0,1
mariposa,1,2,3
mariqueen,2,3,5
mariquita,0,1,1
mariras,1,0,1
maris,2,2,4
marisa,10,23,33
mariscoming,0,1,1
marisela,0,2,2
marishka,1,0,1
mariska,1,2,3
marismith,0,1,1
marisol,1,4,5
marisoly,0,1,1
marisoshin,0,1,1
marissa,31,42,73
marissaa,0,1,1
marissamarie,1,0,1
marissas,2,1,3
marisssa,0,1,1
marisssaa,0,1,1
marisssaaa,0,1,1
marissssa,0,1,1
marisssssa,0,1,1
marist,2,3,5
marisuca,0,1,1
marit,2,1,3
marita,1,1,2
marital,4,3,7
maritim,0,1,1
maritime,3,1,4
maritimes,0,2,2
maritintin,0,1,1
maritn,0,1,1
maritz,0,1,1
maritza,3,2,5
marius,4,4,8
mariusz,0,3,3
marivic,0,1,1
mariya,0,1,1
mariyam,1,0,1
mariye,0,1,1
mariz,0,2,2
marj,4,2,6
marja,0,1,1
marjani,0,1,1
marjas,1,0,1
marji,0,1,1
marjit,1,0,1
marjo,0,1,1
marjolein,0,1,1
marjoleine,0,1,1
marjon,1,0,1
marjoram,1,0,1
marjorie,6,4,10
marjory,1,0,1
marjupi,0,1,1
mark,512,645,1157
markbradbury,0,1,1
markdontdance,0,1,1
markdown,1,2,3
markdowns,1,0,1
marked,41,40,81
markedly,0,1,1
markedsexam,1,0,1
markel,0,1,1
markell,0,1,1
marker,25,24,49
markering,1,2,3
markerlove,0,1,1
markers,10,28,38
market,420,528,948
marketa,0,1,1
marketable,1,0,1
marketed,5,2,7
marketeers,1,1,2
marketer,2,16,18
marketers,15,17,32
marketin,1,2,3
marketing,169,411,580
marketingfail,1,0,1
marketingfolk,1,0,1
marketingk,0,1,1
marketingwithrenee,4,0,4
marketingworld,1,0,1
marketingwort,0,1,1
marketless,1,0,1
marketplace,24,16,40
markets,44,57,101
markett,0,1,1
marketting,0,1,1
marketttt,0,1,1
marketwatch,0,2,2
markey,0,1,1
markfersuretip,0,1,1
markfollowdougie,1,0,1
markget,0,1,1
markham,4,4,8
markhams,1,0,1
markhoppus,0,1,1
markie,3,10,13
markily,1,0,1
markin,1,0,1
marking,78,44,122
markings,1,2,3
markisa,0,1,1
markissip,0,1,1
markizer,1,0,1
markk,0,1,1
markkkk,1,0,1
markley,1,0,1
marklowry,1,3,4
markmartin,2,2,4
markmurphy,0,1,1
marknaaaaaaaad,0,1,1
marknewson,0,1,1
marko,3,3,6
markotop,1,0,1
markovic,0,1,1
markowen,0,1,1
markowicz,1,0,1
marks,155,131,286
marksman,1,0,1
marksoreal,0,1,1
markspanner,0,1,1
markt,1,2,3
markup,3,3,6
markups,1,0,1
markus,5,17,22
markuses,0,1,1
markwarnerfail,0,1,1
marky,11,14,25
markyb,0,1,1
markymarc,0,1,1
markymark,1,0,1
markys,0,1,1
markyy,2,0,2
markyyyyy,1,0,1
marla,2,5,7
marlaaa,1,0,1
marlaina,0,1,1
marlaine,1,0,1
marlana,0,1,1
marlarky,0,1,1
marlatt,0,1,1
marlboro,9,5,14
marlborough,1,4,5
marlbs,1,0,1
marleas,0,1,1
marlee,0,10,10
marleeee,0,1,1
marleen,1,0,1
marlees,1,0,1
marleine,0,1,1
marlen,0,2,2
marlena,2,1,3
marlencita,0,1,1
marlene,3,8,11
marlenes,0,1,1
marlenevet,0,1,1
marley,257,124,381
marleycoffee,0,1,1
marleys,0,2,2
marleysheep,0,1,1
marli,0,2,2
marlie,1,3,4
marlieke,0,1,1
marlier,0,1,1
marlies,1,2,3
marlin,7,4,11
marling,2,3,5
marlins,21,14,35
marlissa,1,0,1
marlito,1,0,1
marliyn,1,0,1
marlo,2,2,4
marloboro,0,1,1
marloessnoes,0,1,1
marlon,4,9,13
marloons,0,1,1
marloue,0,1,1
marlow,0,2,2
marlowe,1,0,1
marlu,0,1,1
marly,8,7,15
marlybone,0,1,1
marlycat,1,0,1
marlyn,1,0,1
marm,1,0,1
marmaduke,0,3,3
marmalade,8,13,21
marmar,1,0,1
marmaris,3,2,5
marmet,1,0,1
marmiiiiiite,0,1,1
marmite,19,31,50
marmites,0,1,1
marmitey,0,1,1
marmol,1,1,2
marmont,1,1,2
marmoolak,0,1,1
marmoset,0,1,1
marmosets,0,1,1
marmot,1,2,3
marn,1,0,1
marna,0,1,1
marney,0,1,1
marni,3,1,4
marnie,1,6,7
marnier,0,5,5
marnin,1,2,3
marning,0,1,1
marny,1,0,1
maro,23,15,38
maroca,0,2,2
marocan,0,2,2
marocco,1,1,2
marolyn,0,1,1
marona,1,0,1
maroo,0,1,1
maroon,11,29,40
marooned,1,2,3
maroons,3,10,13
marooonss,0,1,1
maroooooon,0,1,1
marothon,0,1,1
maroto,1,0,1
marouane,0,1,1
maroubra,1,1,2
maroulis,1,1,2
marow,8,1,9
marown,1,0,1
marpessa,0,1,1
marpheas,0,1,1
marple,3,2,5
marples,0,1,1
marq,1,1,2
marque,0,1,1
marquee,11,11,22
marquees,1,1,2
marquel,0,1,1
marques,4,2,6
marquette,2,3,5
marquez,4,3,7
marqui,1,1,2
marquina,0,1,1
marquis,4,5,9
marquita,1,1,2
marqus,1,0,1
marr,1,16,17
marra,5,0,5
marrage,1,1,2
marraige,2,2,4
marraiges,1,0,1
marraigish,1,0,1
marrakech,4,0,4
marrang,1,0,1
marrathon,0,1,1
marre,1,1,2
marred,9,1,10
marree,1,1,2
marriag,0,8,8
marriage,135,166,301
marriagefail,1,0,1
marriages,3,8,11
marriah,0,1,1
marriaqe,1,0,1
marrickville,0,1,1
marrie,0,1,1
married,432,599,1031
marriedddddd,1,0,1
marriedlife,1,0,1
marrieds,0,1,1
marrier,0,1,1
marries,3,2,5
marrige,2,1,3
marriot,1,10,11
marriott,16,14,30
marrisa,1,0,1
marrjshh,0,1,1
marrmites,0,1,1
marrnn,1,0,1
marro,6,3,9
marron,0,3,3
marrone,0,1,1
marroon,0,1,1
marroow,1,0,1
marrow,26,15,41
marrows,0,1,1
marrr,1,0,1
marrrah,1,0,1
marrreee,0,1,1
marrrrk,1,0,1
marrrrrrrrrrrrvinnnnnn,1,0,1
marrrrrrrrrry,1,0,1
marrrrrrrrrvelous,0,1,1
marrrrs,1,0,1
marrrrvelous,0,1,1
marrs,2,1,3
marrweeeennies,1,0,1
marry,111,250,361
marryimg,0,1,1
marryin,0,1,1
marrying,19,35,54
marryly,0,1,1
marryy,0,1,1
mars,67,122,189
marsala,3,2,5
marsalis,1,1,2
marsarmy,0,1,1
marsascala,0,1,1
marsatac,1,0,1
marsaud,1,0,1
marsbar,0,1,1
marsbelievers,0,1,1
marscapone,1,1,2
marsch,1,0,1
marsden,3,2,5
marsec,1,0,1
marsedit,0,1,1
marsee,1,0,1
marseille,1,4,5
marsen,0,1,1
marsguys,0,1,1
marsh,14,5,19
marsha,3,5,8
marshal,6,8,14
marshall,40,54,94
marshalling,2,4,6
marshallllllll,1,0,1
marshalls,6,2,8
marshalltown,1,0,1
marshals,0,1,1
marshaltown,0,1,1
marshanda,0,1,1
marshawn,2,0,2
marshes,0,2,2
marshfield,2,2,4
marshiee,1,0,1
marshmallow,15,27,42
marshmallowmalt,1,0,1
marshmallows,20,43,63
marshmallowy,1,0,1
marshmash,1,0,1
marshmead,2,1,3
marshmellos,0,1,1
marshmellow,10,6,16
marshmellows,15,25,40
marshmollo,1,0,1
marshplank,0,1,1
marshy,1,0,1
marsi,1,0,1
marsia,2,1,3
marsielle,0,1,1
marsiling,0,1,1
marsiscoming,54,207,261
marsiscomming,1,0,1
marsky,0,1,1
marsland,1,0,1
marsters,4,4,8
marstini,0,1,1
marston,1,1,2
marstons,1,1,2
marsvolta,1,0,1
marsy,0,1,1
marsya,0,1,1
mart,133,88,221
marta,7,7,14
martabak,3,3,6
marte,1,0,1
martel,0,2,2
martell,0,1,1
martello,0,1,1
martellus,0,1,1
marten,3,0,3
martenreed,0,1,1
martens,6,4,10
martensson,0,1,1
martensville,0,1,1
martes,1,3,4
marth,0,1,1
martha,38,48,86
marthas,0,2,2
marthastewart,0,1,1
marthastewartcall,0,1,1
marthathon,0,1,1
marthe,0,3,3
marthin,1,0,1
marthmellows,0,1,1
marthon,1,2,3
marti,1,2,3
martial,16,20,36
martialartslife,0,1,1
martian,3,11,14
martians,2,0,2
martienez,0,1,1
martiin,0,1,1
martijn,1,2,3
martin,94,175,269
martina,8,17,25
martinaaaaaa,0,1,1
martinas,0,1,1
martindale,1,0,1
martine,0,3,3
martinee,0,2,2
martinelli,0,1,1
martines,0,1,1
martinez,6,7,13
martinezeses,1,0,1
marting,0,1,1
martingale,0,1,1
martini,42,69,111
martinies,0,1,1
martinis,6,30,36
martins,6,5,11
martinson,1,0,1
martinsville,1,0,1
martita,1,0,1
marton,0,1,1
marts,2,1,3
martt,0,1,1
martti,1,0,1
martuccis,1,0,1
martwo,1,0,1
marty,20,21,41
martyb,0,1,1
martyboyy,0,1,1
martyn,1,5,6
martyna,0,1,1
martynoshizzle,0,1,1
martynov,1,0,1
martyr,2,0,2
martyrdom,0,2,2
martyrs,1,5,6
martys,1,1,2
martz,0,1,1
maru,1,7,8
maruchan,0,1,1
maruk,1,0,1
marukai,1,1,2
marukan,2,0,2
marunong,1,1,2
marus,1,0,1
maruti,1,1,2
maruyama,0,1,1
maruzen,2,0,2
marv,12,7,19
marva,0,2,2
marval,1,0,1
marvashti,1,0,1
marved,1,0,1
marvel,18,22,40
marveled,0,1,1
marveling,2,4,6
marveliofasdjkfdlfh,1,0,1
marvell,1,1,2
marvelling,0,2,2
marvellous,10,27,37
marvellously,1,0,1
marvelous,14,79,93
marvels,2,5,7
marvin,49,75,124
marvine,1,0,1
marvins,2,1,3
marvista,0,1,1
marvleous,0,1,1
marvn,0,1,1
marvoulus,0,1,1
marvs,2,1,3
marvv,0,1,1
marvvv,0,1,1
marvy,0,2,2
marw,0,1,1
marwa,0,2,2
marwan,1,1,2
marwell,2,4,6
marx,2,9,11
marxen,1,0,1
marxism,0,1,1
marxist,2,5,7
mary,214,353,567
marya,0,1,1
maryada,0,1,1
maryah,0,1,1
maryalnd,0,1,1
maryam,3,2,5
maryana,0,1,1
maryann,4,1,5
maryanne,4,2,6
maryanns,0,1,1
marybeth,1,1,2
maryborough,1,2,3
marycakes,0,1,1
marycarmen,0,2,2
marycatherine,0,1,1
maryceeel,1,0,1
marye,0,1,1
maryellen,2,0,2
maryelleuh,1,1,2
maryhill,2,0,2
maryjane,2,3,5
maryjo,0,1,1
marykate,0,2,2
marykay,1,1,2
maryknolls,1,1,2
maryl,0,2,2
maryland,64,55,119
marylandd,0,1,1
marylanddd,1,0,1
marylanders,0,1,1
marylebone,0,1,1
marylee,1,1,2
marylin,1,3,4
marylou,1,1,2
marymary,0,1,1
marymo,1,0,1
marymoint,0,1,1
marymoor,0,1,1
marymore,1,0,1
marymount,0,1,1
maryn,1,0,1
maryna,0,1,1
marynabadenhors,0,1,1
maryon,0,1,1
maryorieee,1,0,1
marypica,0,1,1
maryreino,0,1,1
maryrose,0,1,1
marys,8,18,26
maryse,1,4,5
maryss,2,2,4
maryssss,0,1,1
marysville,5,1,6
maryte,0,1,1
maryvilee,1,0,1
maryville,0,2,2
maryyy,0,2,2
maryyyyyy,1,0,1
maryz,0,1,1
marz,3,6,9
marzanne,1,0,1
marzgotsoul,0,1,1
marzh,1,0,1
marzia,0,2,2
marzie,0,2,2
marzipan,8,3,11
marzo,2,1,3
mas,81,88,169
masa,9,7,16
masabi,0,2,2
masacra,1,0,1
masacure,0,1,1
masaf,0,1,1
masage,2,2,4
masago,0,1,1
masai,1,1,2
masak,2,4,6
masaka,1,0,1
masaki,0,1,1
masakit,1,1,2
masala,6,19,25
masalah,0,2,2
masaledar,0,1,1
masama,1,1,2
masami,1,0,1
masamixes,0,1,1
masang,0,1,1
masanque,0,1,1
masarap,2,8,10
masarat,0,1,1
masaru,1,0,1
masashi,1,1,2
masawait,1,0,1
masaya,2,9,11
masayf,1,0,1
masbud,1,0,1
mascal,0,1,1
mascara,45,29,74
mascaras,1,0,1
mascarello,0,1,1
mascarpone,0,1,1
mascat,0,1,1
mascerade,1,0,1
masch,2,0,2
mascha,1,0,1
maschee,1,0,1
mascherano,3,0,3
maschine,1,1,2
masci,1,0,1
mascolo,1,0,1
mascom,0,1,1
mascot,10,19,29
mascots,0,1,1
mascotting,0,1,1
mascotty,1,0,1
masculine,3,6,9
masculinity,4,4,8
mase,7,2,9
maseera,2,0,2
masekela,0,1,1
masel,2,0,2
maself,4,5,9
masen,2,1,3
maserati,1,1,2
maseratis,2,1,3
maseratti,1,1,2
masey,0,1,1
masfjorden,0,1,1
mash,28,64,92
masha,4,8,12
mashaallah,0,5,5
mashable,4,13,17
mashado,1,0,1
mashall,1,0,1
mashallaahh,0,1,1
mashallah,2,9,11
mashatlanta,0,1,1
mashbury,2,0,2
mashchat,2,1,3
mashed,35,47,82
masheddd,0,1,1
mashedlib,2,0,2
mashehu,1,0,1
mashers,2,1,3
mashes,1,1,2
masheu,1,1,2
mashhad,2,0,2
mashhh,0,1,1
mashi,0,2,2
mashiba,0,1,1
mashine,1,1,2
mashing,2,3,5
mashinu,1,0,1
mashita,0,1,1
mashki,1,0,1
mashlib,2,4,6
mashmallow,0,1,1
mashton,1,0,1
mashup,6,26,32
mashups,3,7,10
mashville,2,0,2
masi,8,7,15
masiam,1,0,1
masias,1,0,1
masih,30,17,47
masiih,1,0,1
masik,1,0,1
masikip,0,1,1
masila,1,0,1
masillamani,1,0,1
masin,0,1,1
masina,1,3,4
masing,0,1,1
masinloc,1,0,1
masinsinang,0,1,1
masion,1,0,1
masipag,0,1,1
masisisi,0,1,1
masita,1,0,1
masive,1,0,1
masivee,0,1,1
masjid,0,3,3
mask,102,127,229
maska,1,0,1
maske,1,0,1
masked,7,3,10
maskerad,0,1,1
maskeran,1,0,1
maski,1,0,1
maskin,0,1,1
maskineri,0,1,1
masking,3,9,12
maskovy,1,0,1
masks,28,35,63
masky,0,1,1
maslow,0,2,2
masn,2,1,3
masochis,1,0,1
masochism,0,1,1
masochist,9,4,13
masochistic,1,5,6
mason,31,43,74
masonary,2,0,2
masonesch,0,1,1
masonic,1,3,4
masonite,1,0,1
masonry,1,1,2
masons,4,0,4
masontylermusso,0,1,1
masoquist,0,1,1
masp,0,1,1
maspalomas,0,1,1
masq,1,0,1
masque,2,8,10
masquelier,1,0,1
masquerade,4,18,22
masquerading,1,1,2
masquertweet,1,5,6
masqueto,1,0,1
masquito,0,1,1
masqurading,1,0,1
masrca,1,0,1
masre,0,1,1
masri,0,1,1
masroof,1,0,1
mass,222,260,482
massa,22,8,30
massaaaaage,0,1,1
massaaaaaged,0,1,1
massaage,1,0,1
massachuesetts,1,0,1
massachusetts,22,19,41
massacre,23,7,30
massacred,6,1,7
massacres,1,1,2
massacring,1,0,1
massage,356,302,658
massaged,4,4,8
massageeeeeee,1,0,1
massageeeeeeee,1,0,1
massager,1,1,2
massages,19,34,53
massaging,9,10,19
massaj,0,1,1
massanutten,0,1,1
massapequa,1,1,2
massarge,1,0,1
massarging,0,1,1
massaro,1,0,1
massause,1,0,1
masscom,0,2,2
massecred,1,0,1
massee,0,1,1
masseffect,2,1,3
massege,0,1,1
massenheim,0,1,1
massenutten,0,1,1
masses,25,33,58
masseur,0,2,2
masseus,1,1,2
masseuse,6,9,15
masseuses,0,1,1
masseusse,1,0,1
massey,3,5,8
massholes,1,1,2
massi,0,1,1
massice,1,0,1
massie,1,0,1
massiekurchina,1,0,1
massiel,1,1,2
massieshiiza,1,0,1
massila,1,0,1
massillon,0,1,1
massimino,0,2,2
massimo,2,1,3
massin,1,0,1
massiv,0,1,1
massive,600,255,855
massiveb,1,0,1
massiveeee,0,1,1
massivefail,1,0,1
massively,36,26,62
massivly,1,1,2
massivt,0,1,1
masso,1,0,1
masson,0,2,2
massons,1,0,1
massourie,0,1,1
masspike,0,1,1
masssage,2,0,2
masssive,1,1,2
massss,1,1,2
massssive,2,0,2
masssssive,2,0,2
massssssssive,1,0,1
massu,1,1,2
massuer,1,0,1
massuese,1,0,1
massutdelnings,1,0,1
mast,10,4,14
masta,0,2,2
mastadon,2,1,3
mastadons,0,1,1
mastagnate,0,1,1
mastamind,0,1,1
mastechefff,0,1,1
mastectomy,2,1,3
master,158,260,418
masterabbott,0,1,1
masterat,0,1,1
masterbate,1,2,3
masterbating,2,1,3
mastercard,9,4,13
mastercef,0,1,1
masterchef,101,69,170
masterchefs,0,1,1
mastercheif,0,1,1
masterchief,1,0,1
masterclass,2,6,8
mastercleanse,0,1,1
mastercook,1,0,1
mastercuts,1,0,1
mastered,12,37,49
masteress,1,0,1
masterful,2,4,6
mastering,6,15,21
masterizzare,0,1,1
masterj,0,1,1
masterline,1,0,1
mastermind,4,19,23
masterminding,0,1,1
masterminds,0,3,3
masternewmedia,0,1,1
masterofthehorse,1,0,1
masterp,0,1,1
masterpages,0,1,1
masterpeice,0,2,2
masterpian,0,1,1
masterpiece,18,28,46
masterpieces,0,10,10
masterplan,2,4,6
masters,51,64,115
mastership,1,0,1
mastershortie,0,1,1
mastersuite,0,1,1
masterton,0,2,2
mastertweet,1,0,1
mastervirage,0,1,1
masterweb,1,0,1
masterwords,0,1,1
masterworks,1,0,1
mastery,2,9,11
masterzero,0,1,1
masthead,0,1,1
masti,1,1,2
mastic,0,1,1
masticating,0,1,1
mastication,0,1,1
mastiff,4,2,6
mastiffs,1,0,1
mastitis,3,0,3
mastodon,7,6,13
mastodonstorm,0,1,1
maston,0,1,1
mastro,0,1,1
masts,2,0,2
mastura,1,0,1
masturbam,0,1,1
masturbate,4,3,7
masturbating,8,7,15
masturbation,5,9,14
masturbations,1,0,1
masturbatory,1,0,1
masu,1,2,3
masuda,2,0,2
masuk,13,7,20
masuka,1,0,1
masukin,0,1,1
masungit,1,2,3
masunog,1,0,1
masuria,1,0,1
masy,0,1,1
masyaa,0,1,1
masyaallah,1,0,1
masyado,0,3,3
masyadong,0,2,2
mat,67,65,132
mata,3,6,9
mataa,0,1,1
matabolism,1,0,1
matabunan,0,1,1
matador,0,4,4
matagal,4,0,4
matagalpa,0,1,1
matahari,1,1,2
mataharinya,0,1,1
matahorn,0,1,1
matahtah,0,1,1
matalan,2,3,5
matalatine,0,1,1
matalo,0,1,1
matamlay,1,0,1
matamoros,2,2,4
matamoska,0,1,1
matana,1,0,1
matanda,0,1,1
matando,2,2,4
matang,2,0,2
matanggal,1,0,1
matanggap,1,0,1
matanuska,0,1,1
matanya,0,1,1
matanza,0,1,1
matanzas,1,0,1
matapang,1,0,1
matar,3,0,3
matas,1,0,1
matata,2,6,8
matatapos,2,0,2
matbe,1,1,2
matc,1,0,1
match,605,583,1188
matcha,2,2,4
matcharoonie,1,0,1
matchbook,1,6,7
matchbooks,1,0,1
matchbox,7,10,17
matched,8,15,23
matches,79,89,168
matchett,0,1,1
matchg,0,1,1
matchhh,0,4,4
matchhhh,1,0,1
matchin,2,2,4
matching,42,61,103
matchmadeinheaven,0,1,1
matchmake,0,1,1
matchmaker,2,5,7
matchmakers,0,1,1
matchmaking,1,0,1
matchstalk,0,2,2
matchsticks,3,1,4
matchtracker,0,1,1
matchu,2,0,2
matchup,7,6,13
matchups,2,1,3
matchy,0,1,1
matconet,0,1,1
matd,0,1,1
mate,498,1039,1537
matea,0,1,1
mateage,0,1,1
mated,2,2,4
matee,1,2,3
mateee,3,1,4
mateeee,1,0,1
mateeeee,0,1,1
mateeeeee,0,1,1
mateees,0,1,1
mateey,0,1,1
matei,0,1,1
mateii,0,1,1
matek,1,0,1
matela,0,1,1
mateless,1,0,1
matelook,0,1,1
matemat,1,0,1
matemathic,1,0,1
matematica,1,0,1
matematika,0,1,1
matematikaem,1,0,1
matematiknyaaaa,1,0,1
mateo,12,12,24
mater,13,11,24
materful,1,0,1
materia,1,1,2
material,102,141,243
materialgirl,1,0,1
materialise,0,1,1
materialised,1,1,2
materialism,0,3,3
materialist,1,0,1
materialistic,3,2,5
materiality,0,1,1
materialize,1,0,1
materialized,1,1,2
materializing,1,2,3
materials,30,40,70
maternal,8,1,9
maternalhealth,1,15,16
maternity,32,24,56
maters,3,1,4
mates,247,239,486
matess,0,1,1
matetext,1,0,1
matey,22,58,80
mateys,1,3,4
mateyy,0,1,1
matez,0,2,2
matfield,1,0,1
matgaritas,0,1,1
math,1203,480,1683
matha,1,2,3
mathamatical,2,0,2
mathan,1,0,1
mathar,1,0,1
mathbook,0,1,1
mathbou,1,0,1
mathces,1,1,2
mathclass,0,1,1
mathe,4,1,5
mathea,1,0,1
mathemagic,0,1,1
mathemateg,0,1,1
mathematic,3,0,3
mathematica,1,3,4
mathematical,8,6,14
mathematically,0,2,2
mathematician,0,3,3
mathematicians,0,3,3
mathematics,27,11,38
mathemetics,1,0,1
matheo,0,1,1
mather,3,2,5
matheran,0,2,2
mathers,0,3,3
matheson,1,0,1
mathew,2,12,14
mathews,2,2,4
mathexam,1,0,1
mathh,5,1,6
mathhh,0,1,1
mathhhh,0,1,1
mathhhhh,1,0,1
mathhhhhhh,1,0,1
mathhhs,1,0,1
mathhomework,1,0,1
mathias,0,4,4
mathieu,1,3,4
mathilda,0,1,1
mathilde,0,2,2
mathiri,0,1,1
mathis,1,0,1
mathison,1,0,1
mathisons,1,0,1
mathius,1,0,1
mathletes,0,1,1
mathletics,6,1,7
mathman,0,1,1
mathmathmathmathmathmathmathmathmath,1,0,1
mathmatial,1,0,1
mathmatically,1,0,1
mathmatician,1,0,1
mathmetic,1,0,1
mathmodels,0,1,1
mathnet,0,2,2
mathpew,1,0,1
maths,1157,498,1655
mathschallenge,0,1,1
mathsed,1,0,1
mathsit,0,1,1
mathsmaths,0,1,1
mathsmathsmaths,1,0,1
mathsrevisionmathsrevisionmathsrevision,1,0,1
mathss,0,1,1
mathsss,1,0,1
mathssss,1,0,1
mathsteacher,0,1,1
mathstest,2,0,2
mathtest,2,1,3
mathtype,1,0,1
mathura,0,1,1
mathuradas,0,1,1
mathy,1,1,2
mathz,1,0,1
mati,12,7,19
matiaba,0,1,1
matic,3,5,8
maticevski,0,1,1
matie,1,1,2
matience,0,1,1
maties,0,1,1
matiess,1,0,1
matigil,2,0,2
matiii,1,0,1
matiin,0,1,1
matiky,1,1,2
matilampu,1,0,1
matilda,5,13,18
matilde,0,2,2
matin,6,14,20
matinal,0,1,1
matinee,14,14,28
matinees,1,3,4
matinence,2,0,2
mating,1,3,4
matins,1,1,2
matinya,0,1,1
mation,0,1,1
matiral,0,1,1
matisse,0,1,1
matisyahu,5,2,7
matitties,0,1,1
matiz,0,1,1
matkas,1,0,1
matke,0,1,1
matkonet,2,0,2
matlab,3,2,5
matlacha,1,0,1
matlin,0,1,1
matlock,3,2,5
matniee,0,1,1
matnyttig,1,0,1
mato,2,1,3
matojo,0,1,1
maton,0,1,1
matoo,1,0,1
matou,1,0,1
matouks,0,1,1
matr,0,1,1
matra,0,1,1
matress,12,5,17
matresses,1,0,1
matrials,1,0,1
matriarch,1,0,1
matriarchal,0,1,1
matric,1,0,1
matrices,4,2,6
matricide,1,0,1
matriculated,0,1,1
matriculation,0,1,1
matrikulasi,1,0,1
matrimony,0,2,2
matrix,31,51,82
matrixx,1,1,2
matrixy,0,1,1
matron,3,1,4
matronly,1,0,1
matroshka,0,1,1
matrot,0,1,1
matrox,0,1,1
matruska,1,0,1
matryoshka,1,0,1
mats,9,12,21
matsers,1,0,1
matshita,1,0,1
matshofeen,1,0,1
matsis,0,1,1
matson,0,1,1
matsu,0,2,2
matsuda,1,1,2
matsuflex,0,1,1
matsui,2,0,2
matsujun,1,3,4
matsuko,1,0,1
matsumoto,2,3,5
matsuri,3,3,6
matsuyama,1,0,1
matsuzaka,0,1,1
matswillander,1,0,1
matt,410,589,999
matta,2,7,9
mattaa,1,0,1
mattai,0,1,1
mattalder,1,0,1
mattandkim,0,1,1
mattatat,1,0,1
mattaz,0,1,1
mattbinks,2,0,2
mattcaroni,0,1,1
mattcave,1,0,1
mattcheeew,0,1,1
mattchew,1,0,1
mattcutts,0,1,1
matte,11,9,20
matted,4,1,5
mattehww,0,1,1
matteilli,1,0,1
matteince,1,0,1
mattel,1,0,1
matteo,2,4,6
matter,794,877,1671
mattered,4,5,9
matterhorn,3,3,6
mattering,0,1,1
matternal,0,1,1
matters,102,207,309
mattersss,0,1,1
mattes,0,1,1
matteson,1,0,1
matteui,0,1,1
mattew,1,2,3
mattews,0,1,1
mattey,1,0,1
mattfu,0,1,1
mattg,0,3,3
matth,1,0,1
matthardybrand,0,1,1
matthe,0,1,1
mattheeew,1,0,1
matthei,0,1,1
matther,1,0,1
matthew,91,147,238
matthewlesh,0,1,1
matthews,22,70,92
matthh,1,0,1
matthias,5,2,7
matthyde,1,0,1
matti,3,5,8
mattian,1,0,1
mattias,1,2,3
matticus,1,0,1
matticuscsc,0,1,1
mattie,7,5,12
matties,1,1,2
mattieu,0,1,1
mattiffer,0,1,1
mattilda,1,0,1
matting,0,1,1
mattingly,0,1,1
mattinks,0,1,1
mattinson,1,0,1
mattiske,0,1,1
mattitude,1,0,1
mattlebrun,1,0,1
mattmatt,1,0,1
mattmccoy,0,1,1
matto,1,1,2
mattoon,1,0,1
mattox,0,1,1
mattress,58,36,94
mattresses,1,4,5
mattressing,1,0,1
matts,21,21,42
mattsiah,0,2,2
mattski,0,1,1
mattson,1,0,1
mattt,1,2,3
matttass,0,1,1
mattthew,1,0,1
mattttttttttt,1,0,1
mattvogel,0,1,1
mattwieters,0,1,1
mattxmayhemm,0,1,1
matty,50,43,93
mattyboo,1,0,1
mattybrown,0,1,1
mattycakes,1,0,1
mattycus,1,0,1
mattyg,0,1,1
mattys,1,0,1
mattz,0,1,1
matulog,2,4,6
matuloy,1,0,1
matumbi,0,1,1
matunes,0,1,1
matura,1,2,3
mature,38,79,117
matured,2,2,4
maturely,1,0,1
maturing,1,3,4
maturity,12,13,25
maturuju,0,1,1
matusa,0,1,1
matuska,1,0,1
matuto,1,0,1
matutunaw,0,1,1
matweeps,0,1,1
matyila,0,1,1
matys,0,1,1
matza,0,1,1
matzah,3,4,7
matzo,2,1,3
matzoballs,0,1,1
matzoh,0,3,3
mau,71,56,127
maub,1,0,1
maube,0,1,1
maubeuge,0,1,1
maubos,1,0,1
mauboy,1,2,3
maud,0,1,1
maude,3,4,7
maudie,0,1,1
maudies,1,0,1
maudlin,0,4,4
maudlinicity,1,0,1
mauds,1,1,2
mauer,2,2,4
mauerandmore,0,1,1
mauers,0,1,1
maughan,0,1,1
mauhhhhh,0,1,1
mauhhhhhhhhhhhhhhhhhhhhh,0,2,2
maui,51,53,104
mauie,0,1,1
mauifilmfest,1,0,1
mauii,0,1,1
mauitweetup,0,1,1
mauiwowie,0,1,1
mauj,1,0,1
mauka,1,1,2
maul,1,4,5
maulan,0,1,1
maulang,0,2,2
maulburg,1,0,1
mauldin,0,1,1
mauled,13,2,15
maulers,0,1,1
mauling,1,0,1
maulis,0,1,1
maulled,1,0,1
mauls,0,1,1
mauluccis,0,1,1
maulwurfn,0,1,1
maumau,1,0,1
maumaumau,0,1,1
maumee,1,5,6
mauna,1,1,2
maunfacturing,1,0,1
maunin,1,0,1
maunual,1,0,1
maunya,1,1,2
maupassant,1,0,1
maur,0,2,2
maura,1,7,8
maureen,10,20,30
maureenjohnson,4,1,5
maureens,1,0,1
maurepas,0,1,1
mauresmo,2,0,2
mauri,2,1,3
mauriac,0,1,1
mauriat,0,2,2
maurice,3,8,11
maurices,0,1,1
mauricio,2,3,5
maurier,1,0,1
mauriez,1,0,1
maurissa,0,1,1
mauritian,1,0,1
mauritius,4,8,12
maurits,1,0,1
mauro,1,0,1
maury,14,16,30
maus,2,1,3
mausam,1,1,2
mause,0,1,1
mausi,2,2,4
mausoleum,2,2,4
maussade,0,1,1
mauu,1,1,2
mauubos,1,0,1
mauupdate,0,1,1
mauuu,2,0,2
mauve,0,1,1
mauy,1,0,1
mauzey,0,1,1
mav,3,7,10
mavado,1,0,1
mave,0,1,1
maven,12,12,24
mavens,1,0,1
mavenspire,0,1,1
maverick,7,8,15
mavericks,6,7,13
mavi,1,0,1
mavic,2,0,2
mavics,1,0,1
mavid,0,1,1
mavin,0,1,1
mavis,1,5,6
maviss,0,1,1
mavs,34,27,61
mavtv,0,1,1
maw,8,9,17
mawae,0,1,1
mawanda,0,1,1
mawawala,0,1,1
mawee,2,0,2
mawface,0,1,1
mawgood,0,1,1
mawhahaha,0,1,1
mawkef,0,1,1
mawled,0,1,1
mawmaw,0,1,1
mawn,1,0,1
mawnin,5,11,16
mawning,2,1,3
mawon,0,1,1
mawr,1,0,1
maws,2,1,3
mawsh,1,0,1
mawu,0,1,1
maww,2,0,2
mawwadah,1,0,1
mawwnin,0,1,1
max,444,313,757
maxa,1,0,1
maxadds,1,0,1
maxado,1,0,1
maxalt,2,0,2
maxam,0,1,1
maxamillion,0,1,1
maxcom,1,1,2
maxdamage,0,1,1
maxed,26,10,36
maxence,0,1,1
maxene,0,1,1
maxes,1,0,1
maxey,1,0,1
maxeys,0,1,1
maxgeiger,0,1,1
maxi,17,19,36
maxidress,0,1,1
maxidresses,0,1,1
maxie,4,4,8
maxiii,0,1,1
maxiimo,1,0,1
maxillofacial,1,0,1
maxim,10,17,27
maxima,3,4,7
maximally,0,1,1
maxime,0,1,1
maximilian,0,2,2
maximillano,0,1,1
maximillia,0,1,1
maximillian,0,2,2
maximillion,0,1,1
maximise,1,4,5
maximises,0,1,1
maximising,1,1,2
maximize,0,10,10
maximized,3,0,3
maximizer,0,1,1
maximizing,0,1,1
maximo,6,8,14
maximopark,1,0,1
maxims,0,1,1
maximum,40,28,68
maximus,8,10,18
maximuscle,0,1,1
maximusdan,1,0,1
maxin,3,14,17
maxine,3,7,10
maxines,3,0,3
maxing,6,3,9
maxinqq,1,0,1
maxipad,1,0,1
maxis,11,4,15
maxissucks,1,0,1
maxium,1,0,1
maxledendag,1,0,1
maxlife,0,1,1
maxmimum,0,1,1
maxmotives,1,0,1
maxoam,1,0,1
maxon,0,1,1
maxonline,0,1,1
maxons,0,1,1
maxout,19,12,31
maxoutfollow,1,0,1
maxpayne,0,1,1
maxroam,1,0,1
maxroom,1,0,1
maxs,4,1,5
maxterhost,1,0,1
maxthon,0,6,6
maxus,0,1,1
maxville,0,1,1
maxvirgins,0,1,1
maxwell,26,27,53
maxwells,0,3,3
maxwindspeed,0,1,1
maxx,15,11,26
maxxed,1,1,2
maxxi,0,1,1
maxxie,4,2,6
maxxin,0,2,2
maxxtone,0,1,1
maxxum,1,0,1
maxxx,3,5,8
maxxxx,1,0,1
maxxxxxx,1,0,1
maxxxxxxxxxxx,1,0,1
maxy,1,1,2
maxzilla,1,0,1
may,3934,4390,8324
maya,28,60,88
mayaca,1,0,1
mayagi,0,1,1
mayah,0,2,2
mayahuel,1,0,1
mayall,0,1,1
mayaman,0,1,1
mayan,4,6,10
mayank,0,2,2
mayans,1,0,1
mayari,1,0,1
mayas,0,1,1
mayawati,1,3,4
mayawatiji,1,0,1
mayawest,0,1,1
mayb,97,74,171
maybach,2,2,4
maybank,0,1,1
maybay,1,0,1
maybayyy,0,1,1
maybbe,1,0,1
maybe,5594,6895,12489
maybee,7,9,16
maybeee,2,6,8
maybeeee,2,5,7
maybeeeee,2,2,4
maybeeeeeee,0,1,1
maybeeeeeess,1,0,1
maybeh,0,4,4
maybei,1,0,1
maybeifihadtakenatwitpicofitbeforeistartedeatingiwouldvegeneratedmoretemptation,0,1,1
maybel,0,1,1
maybeline,0,1,1
maybelle,1,0,1
maybelline,6,4,10
mayber,0,1,1
mayberry,4,2,6
maybes,6,6,12
maybet,0,1,1
mayblowyourmind,0,1,1
maybs,2,2,4
maybuah,1,0,1
maybve,0,1,1
maybw,1,0,1
mayby,1,0,1
maybye,1,0,1
maycation,0,3,3
maycey,1,0,1
maycombuk,0,1,1
mayday,15,32,47
maydayparades,1,0,1
maydeee,1,0,1
maye,2,3,5
mayeb,0,2,2
mayek,0,1,1
mayem,0,1,1
mayeng,0,1,1
mayer,37,105,142
mayercraft,1,0,1
mayers,0,2,2
mayes,0,1,1
mayestik,1,0,1
mayfair,4,7,11
mayfaire,0,1,1
mayfest,3,3,6
mayfield,2,5,7
mayflower,1,0,1
mayghad,0,1,1
mayhap,1,1,2
mayhaps,3,3,6
mayhas,0,1,1
mayhawfestival,1,0,1
mayhem,30,32,62
mayhemcrew,1,0,1
mayhemfest,1,0,1
mayhew,1,0,1
mayi,0,1,1
mayim,0,1,1
mayja,0,1,1
mayjah,0,1,1
mayk,0,1,1
mayka,1,0,1
maykat,1,0,1
maylene,1,1,2
maylin,1,0,1
maylla,0,1,1
mayluv,0,1,1
maymay,1,1,2
maymester,4,5,9
maymont,2,0,2
mayn,8,5,13
maynard,2,4,6
maynards,0,1,1
maynas,0,1,1
mayne,25,15,40
maynee,1,1,2
mayneeee,1,0,1
mayniacz,0,1,1
maynn,3,2,5
maynnnn,0,1,1
maynooth,1,2,3
maynot,0,1,1
maynotbetrue,0,1,1
mayny,0,1,1
mayo,43,52,95
mayoman,0,1,1
mayon,0,1,1
mayonaise,1,3,4
mayonaiselol,0,1,1
mayonise,1,0,1
mayonnaise,8,6,14
mayonnaises,1,0,1
mayor,33,36,69
mayoral,0,1,1
mayorga,0,1,1
mayors,1,1,2
mayorship,0,1,1
mayorships,0,1,1
mayowa,1,0,1
maypeng,1,0,1
maypole,1,3,4
mayport,0,1,1
mayra,4,8,12
mayras,0,1,1
mays,3,8,11
maysa,1,1,2
maysea,1,0,1
mayseem,0,1,1
mayseminar,0,1,1
maysry,0,1,1
maystahelsh,0,1,1
maystar,0,1,1
mayt,0,1,1
maytag,0,2,2
maytals,0,2,2
mayte,3,2,5
maytee,0,2,2
mayteeeeeee,0,1,1
maytes,1,1,2
mayuhn,1,0,1
mayumana,0,1,1
mayunn,1,0,1
mayuol,0,1,1
mayupload,0,1,1
mayweather,11,6,17
maywood,1,1,2
mayy,1,1,2
mayyasi,0,1,1
mayybe,0,1,1
mayyne,1,0,1
mayynn,1,0,1
mayynne,0,1,1
mayynnnn,1,0,1
mayyy,2,0,2
mayyybe,1,1,2
mayyyun,1,0,1
mayyyy,0,1,1
mayyyybe,3,2,5
mayyyybee,0,1,1
mayyyybeh,1,0,1
mayyyynnnnn,1,0,1
mayyyyy,1,0,1
mayyyyyytttttttttteeeee,0,1,1
mayyyyyyybe,0,1,1
mayzinha,0,1,1
maz,6,12,18
mazaa,0,2,2
mazaaa,0,1,1
mazal,0,6,6
mazarin,0,1,1
mazat,1,0,1
mazatlan,1,2,3
mazd,1,0,1
mazda,14,15,29
mazdarati,1,0,1
mazdaspeed,0,1,1
maze,22,22,44
mazel,0,10,10
mazembe,0,1,1
mazenod,1,0,1
mazes,0,1,1
mazeuw,0,1,1
mazey,0,5,5
mazi,1,1,2
mazie,1,2,3
mazilique,0,1,1
mazillness,1,0,1
mazin,0,1,1
mazing,12,51,63
mazinga,0,1,1
mazinggg,1,1,2
mazingggg,1,1,2
mazout,0,1,1
mazter,0,1,1
maztrizte,1,0,1
mazukins,0,1,1
mazuma,0,2,2
mazungu,0,1,1
mazurki,1,0,1
mazy,2,0,2
mazz,0,1,1
mazzaro,1,0,1
mazzarri,0,1,1
mazzeh,0,1,1
mazzeltov,1,0,1
mazzer,1,2,3
mazzie,1,0,1
mazzio,1,1,2
mazzymoo,1,0,1
mb,201,138,339
mba,43,38,81
mbaaa,0,1,1
mbah,2,0,2
mbak,2,7,9
mbam,0,1,1
mbance,1,0,1
mbb,2,3,5
mbc,0,4,4
mbcircus,0,1,1
mbd,0,2,2
mbe,2,0,2
mbear,0,1,1
mbeke,0,1,1
mbeki,1,0,1
mbelanjakan,1,0,1
mbeyley,3,0,3
mbfgw,0,1,1
mbhs,1,0,1
mbie,0,1,1
mbike,0,2,2
mbile,1,0,1
mbira,0,1,1
mbit,5,2,7
mbk,0,3,3
mbkphotos,1,0,1
mbl,2,2,4
mbleah,1,0,1
mbleshwar,1,0,1
mblusuk,0,1,1
mbm,1,1,2
mbma,0,2,2
mbmurray,2,0,2
mbn,1,1,2
mbnas,0,1,1
mbo,2,0,2
mboard,0,1,1
mboch,1,0,1
mboo,1,0,1
mbooks,1,0,1
mbored,0,1,1
mboring,1,0,1
mboro,2,0,2
mbox,1,1,2
mboyz,0,1,1
mbp,94,42,136
mbpidgin,0,1,1
mbpro,2,0,2
mbps,26,20,46
mbpurple,0,1,1
mbr,4,3,7
mbram,1,0,1
mbreitweiser,0,1,1
mbrs,0,1,1
mbrshps,0,1,1
mbs,10,7,17
mbsdh,0,1,1
mbt,1,2,3
mbta,4,0,4
mbtafail,1,0,1
mbti,0,4,4
mbts,0,1,1
mbtv,0,2,2
mbuch,1,0,1
mbuh,0,1,1
mbuhay,0,1,1
mbunk,1,0,1
mbuti,0,1,1
mbv,5,2,7
mbwp,2,0,2
mbxes,1,0,1
mby,1,3,4
mc,146,160,306
mca,6,3,9
mcaa,0,1,1
mcad,1,0,1
mcadams,2,9,11
mcafee,10,2,12
mcaflirtday,0,1,1
mcahin,1,0,1
mcai,1,0,1
mcaleavy,1,0,1
mcaleer,1,0,1
mcalister,2,2,4
mcalisters,2,1,3
mcallen,2,3,5
mcallister,1,3,4
mcalpine,0,2,2
mcannon,1,0,1
mcarthur,2,1,3
mcarthy,2,0,2
mcartney,0,4,4
mcas,6,0,6
mcasshole,1,0,1
mcast,2,0,2
mcat,11,5,16
mcats,1,0,1
mcaughney,0,1,1
mcauley,1,2,3
mcauliffe,1,0,1
mcavoy,5,4,9
mcawesomepants,0,1,1
mcb,3,3,6
mcbaby,0,1,1
mcbadbat,0,1,1
mcbain,0,1,1
mcbeal,2,1,3
mcbeaver,0,1,1
mcbeth,0,1,1
mcbinskas,0,1,1
mcbitch,0,1,1
mcboo,1,0,1
mcbossy,0,1,1
mcbreakfast,1,2,3
mcbride,3,9,12
mcbrooms,0,1,1
mcc,9,12,21
mccaan,0,1,1
mccabes,2,1,3
mccaf,1,1,2
mccafe,9,9,18
mccaffery,0,1,1
mccafferys,1,0,1
mccaig,0,1,1
mccain,7,8,15
mccainblogette,0,1,1
mccains,0,1,1
mccalister,0,1,1
mccalisters,1,0,1
mccall,2,6,8
mccallie,1,0,1
mccallister,0,1,1
mccallum,0,1,1
mccandless,1,0,1
mccane,0,1,1
mccann,5,4,9
mccanns,0,2,2
mccants,0,1,1
mccarley,0,3,3
mccarney,1,0,1
mccarran,2,1,3
mccarren,2,3,5
mccarrons,0,1,1
mccarthy,7,3,10
mccarthyism,0,1,1
mccartnety,0,1,1
mccartney,37,60,97
mccartneys,1,1,2
mccarttht,1,0,1
mccarty,1,1,2
mccarver,1,0,1
mccaskill,0,1,1
mccaslin,0,1,1
mccay,0,1,1
mccdonaldss,1,0,1
mccevoy,0,1,1
mcchicken,3,4,7
mccintyre,0,1,1
mcckelly,1,0,1
mcclaine,0,1,1
mcclammy,1,0,1
mcclane,1,1,2
mcclaren,1,1,2
mcclay,0,1,1
mcclelland,0,1,1
mcclendon,0,1,1
mccleod,0,1,1
mcclintock,0,1,1
mcclory,0,3,3
mccloud,0,3,3
mcclure,0,1,1
mcclurkin,1,0,1
mccoffee,0,1,1
mccolls,1,0,1
mccomb,1,0,1
mccombs,1,0,1
mcconaughey,2,10,12
mcconaughy,1,0,1
mcconnaughey,0,1,1
mcconnell,1,1,2
mccool,2,0,2
mccord,1,0,1
mccormack,1,0,1
mccormacks,0,1,1
mccormick,3,2,5
mccormicks,0,1,1
mccoughaney,0,1,1
mccourt,1,0,1
mccown,1,0,1
mccoy,11,13,24
mccracken,0,2,2
mccrady,1,0,1
mccraken,0,1,1
mccramperson,1,0,1
mccrankypants,1,0,1
mccrasherson,0,1,1
mccravy,0,1,1
mccrays,0,1,1
mccready,1,0,1
mccreary,1,0,1
mccreeperson,1,0,1
mccrossin,1,0,1
mccrudy,0,1,1
mccruelty,1,0,1
mccs,1,0,1
mccullen,0,1,1
mccurdy,7,7,14
mccurdys,0,1,1
mccurry,1,1,2
mccutcheon,1,0,1
mcd,66,51,117
mcdade,0,1,1
mcdaid,1,0,1
mcdamage,2,0,2
mcdanalds,1,0,1
mcdaniel,1,1,2
mcdaniels,1,2,3
mcdarling,1,0,1
mcdc,0,1,1
mcdearster,1,0,1
mcdeath,1,0,1
mcdees,1,2,3
mcdelivery,5,1,6
mcdeluxe,0,6,6
mcdermoth,0,1,1
mcdermott,2,3,5
mcdevitt,0,1,1
mcdick,0,1,1
mcdicks,3,2,5
mcdinners,1,0,1
mcdm,1,0,1
mcdo,22,24,46
mcdodelivery,0,1,1
mcdoe,0,1,1
mcdolands,1,0,1
mcdon,0,1,1
mcdonagh,0,1,1
mcdonald,62,85,147
mcdonalds,249,219,468
mcdonaldss,1,0,1
mcdonaldssssssss,0,1,1
mcdonals,3,3,6
mcdonanalds,0,1,1
mcdonds,1,0,1
mcdonel,1,0,1
mcdonlad,0,1,1
mcdonnalds,3,0,3
mcdonnell,1,1,2
mcdonolds,1,0,1
mcdonough,2,0,2
mcdoodle,0,1,1
mcdorman,0,1,1
mcdouble,1,0,1
mcdoubles,1,1,2
mcdougall,1,0,1
mcdowell,1,3,4
mcdowells,0,1,1
mcdreamy,2,5,7
mcds,22,9,31
mcduck,0,1,1
mcdudes,1,0,1
mcduff,0,1,1
mce,1,4,5
mced,1,0,1
mceddddddddddd,0,1,1
mcees,1,0,1
mcelhone,0,1,1
mcenroe,0,1,1
mcentire,0,1,1
mcewan,1,0,1
mcewen,0,1,1
mcewing,1,0,1
mcfadden,1,2,3
mcfaddens,2,2,4
mcfans,0,2,2
mcfarland,0,3,3
mcfarlane,1,1,2
mcfarlene,0,1,1
mcfatty,1,0,1
mcfayden,1,0,1
mcfearless,0,2,2
mcfeely,1,0,1
mcff,1,0,1
mcfiles,1,0,1
mcfist,1,2,3
mcfl,0,1,1
mcflakey,1,0,1
mcflasherton,1,0,1
mcflay,0,1,1
mcfleury,0,1,1
mcflies,0,2,2
mcflipside,0,1,1
mcfllyyy,0,1,1
mcfloat,0,1,1
mcflt,1,0,1
mcflu,1,2,3
mcflurries,0,2,2
mcflurrry,1,0,1
mcflurry,20,20,40
mcflurrys,1,1,2
mcfly,652,892,1544
mcflyandjb,0,1,1
mcflyboys,1,0,1
mcflycollaboration,0,3,3
mcflyday,0,1,1
mcflydvd,0,1,1
mcflyer,1,0,1
mcflyercise,0,1,1
mcflyers,2,3,5
mcflyforgermany,11,221,232
mcflyfornewmoon,0,1,1
mcflyforwales,5,0,5
mcflyharrythose,1,0,1
mcflyhave,1,0,1
mcflyinamerica,2,6,8
mcflyinargentina,0,3,3
mcflyinmanila,13,2,15
mcflyintervews,1,0,1
mcflyish,1,0,1
mcflylive,0,1,1
mcflymcfans,0,3,3
mcflymedia,0,1,1
mcflyofficial,0,2,2
mcflyphils,2,2,4
mcflys,1,11,12
mcflysongoneclipsemovie,0,1,1
mcflysongs,0,1,1
mcflytillwedie,0,1,1
mcflytoaustralia,1,0,1
mcflytocanada,0,3,3
mcflytoisrael,1,2,3
mcflytopia,0,1,1
mcflytosweden,0,1,1
mcflyturkeyfan,0,1,1
mcflyy,6,1,7
mcflyyy,0,1,1
mcflyyyy,0,1,1
mcflyyyyyyyyy,0,1,1
mcfollower,0,1,1
mcfonalds,1,0,1
mcfox,4,0,4
mcfresh,0,1,1
mcfriends,0,1,1
mcfries,0,1,1
mcfuckface,1,0,1
mcfullry,0,1,1
mcfun,1,0,1
mcfuzz,1,0,1
mcg,4,3,7
mcgaha,0,2,2
mcgangbang,1,1,2
mcgarbear,1,0,1
mcgasm,1,1,2
mcgee,6,8,14
mcgeehan,0,1,1
mcgees,1,2,3
mcgeezer,1,0,1
mcgeezers,0,1,1
mcgheeeeeees,0,1,1
mcgill,1,4,5
mcgills,5,0,5
mcginnis,1,0,1
mcgirl,1,0,1
mcgirlfriend,0,1,1
mcglaclan,0,1,1
mcglynn,1,0,1
mcgoates,0,1,1
mcgood,0,1,1
mcgovern,1,2,3
mcgowan,1,1,2
mcgowen,1,0,1
mcgrady,1,0,1
mcgrath,2,1,3
mcgraw,2,13,15
mcgraws,1,0,1
mcgregor,2,15,17
mcgregors,1,0,1
mcgrew,0,1,1
mcgriddle,4,3,7
mcgriddles,1,2,3
mcguffey,0,1,1
mcguigan,0,1,1
mcguilicuddys,0,1,1
mcguinness,3,0,3
mcguinty,1,0,1
mcguire,6,8,14
mcguiree,1,0,1
mcguireee,1,0,1
mcguires,0,1,1
mcgunniess,1,0,1
mcgurk,0,1,1
mcguy,0,1,1
mcguys,5,1,6
mcguyver,1,2,3
mcguyverish,0,1,1
mcgwyer,1,0,1
mcgyver,1,1,2
mch,8,12,20
mchale,4,15,19
mchammer,2,4,6
mchef,1,0,1
mchell,0,1,1
mchenwears,1,0,1
mchi,0,2,2
mchmahon,1,0,1
mchooterson,0,1,1
mchothots,0,1,1
mchu,0,1,1
mchubby,1,0,1
mcin,1,0,1
mcing,2,2,4
mcintec,3,0,3
mcintire,1,0,1
mcintosh,0,1,1
mcintyre,19,31,50
mcintyres,1,5,6
mcitp,1,0,1
mcityre,0,1,1
mciver,0,1,1
mcj,0,1,1
mcjob,1,0,1
mcjuniors,1,1,2
mck,1,0,1
mckagan,1,1,2
mckakis,1,0,1
mckay,5,3,8
mckayla,0,2,2
mckaylas,0,1,1
mckean,1,0,1
mckechnie,1,0,1
mckee,3,4,7
mckeebs,0,1,1
mckeever,0,1,1
mckellan,1,0,1
mckellen,0,1,1
mckendall,1,0,1
mckenna,4,7,11
mckennit,0,1,1
mckennitt,1,2,3
mckenzie,7,10,17
mckenzy,0,1,1
mckerrey,0,1,1
mckesey,0,1,1
mckey,3,0,3
mckfamily,0,1,1
mckibben,1,0,1
mckie,1,0,1
mckiidz,1,0,1
mckimmon,1,0,1
mckinley,1,2,3
mckinney,4,3,7
mckinny,0,1,1
mckinsey,1,0,1
mckinseyquarterly,1,0,1
mckinstry,1,0,1
mckinty,0,1,1
mckmunchkin,0,1,1
mcknic,0,1,1
mcknight,1,1,2
mckown,0,1,1
mckowski,0,1,1
mckracken,0,1,1
mckweekend,0,1,1
mcky,0,1,1
mcl,2,2,4
mclachlan,5,3,8
mclaggen,1,0,1
mclaine,1,0,1
mclakers,1,0,1
mclamerson,0,1,1
mclane,1,0,1
mclaren,13,9,22
mclarens,1,0,1
mclaughlin,2,8,10
mclaughlins,1,0,1
mclazy,1,0,1
mclean,5,3,8
mclearen,1,0,1
mcleish,0,1,1
mclellan,0,1,1
mcleod,2,1,3
mcleods,1,0,1
mclindon,0,1,1
mcllrath,1,0,1
mcloughlin,1,0,1
mclouth,2,0,2
mclovin,5,6,11
mclucksa,2,0,2
mclucy,0,1,1
mclurkin,1,0,1
mclurrys,1,0,1
mclurve,1,0,1
mcluvinnnnnn,0,1,1
mclyntyre,1,0,1
mcm,26,12,38
mcmahan,1,0,1
mcmahaon,1,0,1
mcmahns,1,0,1
mcmahon,202,6,208
mcmahons,0,1,1
mcman,0,1,1
mcmanamanmanamamanamana,1,0,1
mcmann,1,0,1
mcmanoh,1,0,1
mcmansion,1,0,1
mcmanus,2,3,5
mcmaster,1,0,1
mcmb,0,3,3
mcmcbuddy,1,0,1
mcmeeting,2,0,2
mcmeetting,1,0,1
mcmhan,1,0,1
mcmillan,1,0,1
mcmillans,1,0,1
mcmillian,0,2,2
mcmin,0,1,1
mcminn,0,1,1
mcminnville,1,1,2
mcmission,0,1,1
mcmommy,0,1,1
mcmuffin,12,12,24
mcmuffing,1,0,1
mcmuffins,1,5,6
mcmum,1,1,2
mcmurray,1,1,2
mcmurty,1,0,1
mcmusic,2,1,3
mcn,2,1,3
mcnabb,1,0,1
mcnair,1,0,1
mcnally,2,4,6
mcnast,1,0,1
mcnasty,0,3,3
mcnauseous,1,0,1
mcneal,1,1,2
mcneil,0,4,4
mcneill,0,1,1
mcnellies,0,1,1
mcnerney,1,0,1
mcnews,0,1,1
mcnicol,0,1,1
mcnivens,1,0,1
mcnoisy,1,0,1
mcnorton,0,1,1
mcnug,1,0,1
mcnugget,4,6,10
mcnuggets,5,8,13
mcnultys,0,1,1
mcnumnums,0,1,1
mcnutter,0,1,1
mco,2,3,5
mcom,0,1,1
mconclave,1,0,1
mcontact,1,0,1
mcoop,0,1,1
mcorgies,0,1,1
mcouchyson,1,0,1
mcoys,1,0,1
mcp,2,5,7
mcpa,0,1,1
mcpactions,0,1,1
mcpedro,1,0,1
mcphee,2,4,6
mcphooey,1,0,1
mcprayer,1,0,1
mcprusa,1,0,1
mcps,0,1,1
mcpukes,1,0,1
mcpxg,0,1,1
mcq,1,1,2
mcquail,1,0,1
mcqualter,0,1,1
mcquarrie,1,0,1
mcqueen,8,5,13
mcqueens,1,0,1
mcr,50,67,117
mcrae,1,1,2
mcrchat,15,31,46
mcrd,0,1,1
mcrf,0,1,1
mcrib,2,0,2
mcribs,1,0,1
mcrick,0,1,1
mcrime,1,0,1
mcriot,1,0,1
mcrisapleasure,0,1,1
mcritchie,2,0,2
mcrmies,0,1,1
mcrmy,3,6,9
mcrrecordsalbum,0,2,2
mcs,9,7,16
mcsa,0,1,1
mcsalad,2,0,2
mcsammerson,0,1,1
mcscrumptious,0,1,1
mcsexii,0,1,1
mcshane,1,1,2
mcshep,0,3,3
mcsheppy,0,1,1
mcsherry,1,0,1
mcshit,3,0,3
mcshorty,1,0,1
mcsickerson,1,0,1
mcsisters,1,0,1
mcskank,1,0,1
mcskillet,2,1,3
mcslash,0,1,1
mcsmoothies,0,1,1
mcsnowtroopers,1,0,1
mcsofa,0,1,1
mcsolo,1,0,1
mcsonador,0,1,1
mcsong,0,1,1
mcsorley,0,1,1
mcspaming,0,1,1
mcspicy,4,5,9
mcsqweeka,1,0,1
mcstain,1,0,1
mcsteamy,2,3,5
mcstinkface,1,0,1
mcstumbles,1,0,1
mcsucks,1,0,1
mcsweeny,1,0,1
mct,0,1,1
mctastic,1,0,1
mcteer,1,0,1
mctrailered,1,0,1
mcts,1,0,1
mctweeps,1,0,1
mctweet,0,1,1
mctwiddles,0,1,1
mctwit,0,1,1
mctwittermummy,1,1,2
mcu,0,2,2
mcuch,0,1,1
mcuh,9,1,10
mcuk,1,0,1
mcurdy,0,1,1
mcv,1,1,2
mcvalue,0,9,9
mcvay,0,1,1
mcveigh,0,1,1
mcvie,1,0,1
mcvities,0,2,2
mcwane,1,0,1
mcwank,1,0,1
mcwifi,1,0,1
mcwings,2,2,4
mcwneks,0,1,1
mcworld,0,1,1
mcyrus,0,1,1
mcyum,0,1,1
mczombie,0,1,1
md,120,95,215
mda,5,5,10
mdacc,1,0,1
mdadak,1,0,1
mdafail,1,0,1
mdah,1,0,1
mdame,1,0,1
mday,1,0,1
mdb,1,1,2
mdbs,0,1,1
mdc,1,7,8
mdcm,0,1,1
mdctabrasa,0,1,1
mdd,1,0,1
mdde,1,0,1
mddf,0,1,1
mde,0,1,1
mdear,1,0,1
mdes,1,0,1
mdew,0,1,1
mdf,0,3,3
mdfkr,1,0,1
mdg,2,2,4
mdh,0,1,1
mdi,0,1,1
mdia,1,0,1
mdilf,1,0,1
mdilla,0,1,1
mdipierro,0,1,1
mdis,1,0,1
mdj,1,0,1
mdk,1,1,2
mdl,1,0,1
mdlla,1,0,1
mdm,3,2,5
mdma,1,1,2
mdmi,1,0,1
mdn,0,1,1
mdnchna,0,1,1
mdnght,1,0,1
mdo,1,0,1
mdoetjes,0,1,1
mdollah,0,1,1
mdott,0,1,1
mdouble,0,1,1
mdp,3,0,3
mdpfll,0,1,1
mdr,2,2,4
mdrrr,1,0,1
mdrunk,1,0,1
mds,3,3,6
mdsw,1,1,2
mdt,2,0,2
mdu,0,1,1
mdv,1,0,1
mdw,3,4,7
mdx,1,1,2
me,91851,71591,163442
mea,10,9,19
meaaaaaaaaaan,1,0,1
meaaaaaaal,0,1,1
meaaaaaaan,1,0,1
meaaaaaan,1,0,1
meaaaan,1,0,1
meaaal,0,1,1
meaaan,1,0,1
meaaannn,1,0,1
meaaannnn,0,1,1
meaan,1,1,2
meaann,2,0,2
meaat,1,0,1
meabe,1,0,1
meaby,1,0,1
meachy,0,1,1
mead,5,12,17
meadd,2,0,2
meade,3,4,7
meadery,1,0,1
meadia,1,0,1
meador,1,0,1
meadow,11,19,30
meadowbank,0,1,1
meadowbrook,0,1,1
meadowhall,10,7,17
meadowhell,0,1,1
meadowlands,0,1,1
meadowmorphosis,0,1,1
meadowood,1,1,2
meadows,10,22,32
meads,0,1,1
meadville,1,0,1
meady,0,1,1
meag,1,0,1
meagan,12,16,28
meagann,0,1,1
meagans,1,4,5
meager,3,1,4
meages,0,1,1
meaghan,4,4,8
meaghann,0,1,1
meaghen,1,0,1
meaghens,1,0,1
meagre,1,2,3
meagstore,1,0,1
meagz,0,1,1
meah,3,1,4
meaing,1,0,1
meakin,0,1,1
meal,315,465,780
mealey,0,2,2
mealing,1,1,2
meall,1,0,1
mealmost,0,1,1
meals,64,80,144
mealted,0,1,1
mealtimes,0,1,1
mealworms,0,1,1
mealz,0,1,1
mean,4173,3465,7638
meana,2,0,2
meanaing,1,0,1
meanass,2,0,2
meand,0,2,2
meander,0,1,1
meandering,2,4,6
meandjoancollins,1,0,1
meaner,9,2,11
meanest,16,5,21
meaney,0,1,1
meangirls,1,0,1
meanie,121,22,143
meaniee,1,0,1
meanieee,2,0,2
meanies,18,5,23
meanin,3,5,8
meaning,216,285,501
meaningful,12,41,53
meaningfull,0,2,2
meaningless,19,13,32
meaninglessly,1,0,1
meaninglessness,1,0,1
meaningm,0,1,1
meanings,3,13,16
meanitme,1,0,1
meanke,1,0,1
meanly,1,1,2
meanmean,0,1,1
meanmuggah,1,0,1
meann,9,2,11
meanness,1,4,5
meannn,8,2,10
meannnn,0,1,1
meannnnie,0,1,1
meannnnn,1,0,1
meannnnnnnnnnnnnn,0,1,1
meannnnyyy,1,0,1
meannnssss,0,1,1
meannyy,1,0,1
meano,2,0,2
means,2047,1688,3735
meansi,1,0,1
meanss,0,1,1
meant,1129,1240,2369
meanthat,0,1,1
meanthings,0,1,1
meantime,50,78,128
meantion,0,2,2
meantt,1,0,1
meanw,1,0,1
meanwhile,63,65,128
meany,47,10,57
meanz,0,2,2
meaow,0,1,1
meap,0,1,1
meaquito,1,0,1
mear,1,2,3
mears,5,0,5
meas,1,0,1
measels,0,1,1
measely,1,0,1
measgers,1,0,1
measham,0,1,1
measily,1,1,2
measles,4,0,4
measley,2,0,2
measly,14,10,24
measurable,0,2,2
measure,21,58,79
measured,14,15,29
measurement,8,9,17
measurementcamp,0,1,1
measurements,9,12,21
measuremnts,1,0,1
measures,14,18,32
measuring,13,8,21
meat,249,254,503
meatbag,0,1,1
meatball,9,11,20
meatballs,28,50,78
meatbar,0,1,1
meatcards,0,1,1
meatcow,1,0,1
meateater,0,1,1
meateating,1,0,1
meated,0,1,1
meatfat,1,0,1
meatfeast,0,1,1
meatfreemonday,0,2,2
meatguild,1,0,1
meath,0,1,1
meatier,1,0,1
meating,0,1,1
meatless,1,2,3
meatlessmonday,1,1,2
meatloaf,17,28,45
meatman,1,1,2
meatpacking,0,2,2
meatroom,1,0,1
meats,7,11,18
meatsandfishes,0,1,1
meatsf,1,0,1
meatspace,0,1,1
meatwad,0,1,1
meatworks,1,1,2
meaty,9,10,19
meaux,0,1,1
meaviie,0,1,1
mebbe,10,11,21
mebbies,1,0,1
mebby,1,0,1
mebe,2,1,3
mebee,1,0,1
mebob,0,1,1
mebrak,1,0,1
mebz,0,1,1
mec,4,3,7
meca,0,1,1
mecanic,0,3,3
mecanika,0,1,1
mecanto,0,1,1
mecca,4,7,11
meccah,1,0,1
meccamee,0,1,1
meccho,0,1,1
mecel,1,0,1
mecfly,0,1,1
mech,4,6,10
mecha,2,3,5
mechanic,46,17,63
mechanical,22,20,42
mechanically,0,1,1
mechanicalplurk,0,1,1
mechanics,28,13,41
mechanicsburg,0,1,1
mechanicsville,0,1,1
mechanism,6,9,15
mechanisms,3,1,4
mechaspyder,1,0,1
mechdraw,0,1,1
mechduels,1,0,1
meche,1,1,2
mecheee,0,1,1
mechelen,1,0,1
mechelle,1,0,1
mecheri,0,1,1
mechine,1,0,1
mecho,0,1,1
mechquest,0,1,1
mechscape,0,1,1
meci,0,1,1
meciul,0,1,1
meck,1,1,2
meckes,0,1,1
mecklenburg,0,1,1
meclizine,1,0,1
mecmeeting,1,0,1
meco,2,0,2
mecode,1,0,1
mecstatic,0,1,1
mecure,0,1,1
mecury,1,0,1
med,102,71,173
meda,3,0,3
medacine,0,1,1
medad,1,0,1
medaeval,0,1,1
medailu,0,1,1
medal,18,38,56
medalist,2,1,3
medallion,3,1,4
medallions,2,1,3
medallos,0,1,1
medals,1,7,8
medan,4,3,7
medaryville,0,1,1
medbloggers,0,1,1
medcheck,1,0,1
medcines,1,0,1
medddds,1,0,1
meddle,5,3,8
meddled,0,1,1
meddlesome,1,0,1
meddling,0,4,4
mede,0,1,1
medecine,2,1,3
mededeling,1,0,1
medeha,0,1,1
medeiros,0,1,1
medela,0,1,1
medella,0,1,1
medellin,0,1,1
medelys,0,1,1
medexpress,1,0,1
medford,3,3,6
medgle,0,1,1
medha,0,1,1
medhamsh,0,1,1
medhun,1,0,1
medhurst,2,0,2
medi,0,5,5
media,410,663,1073
mediaa,1,0,1
mediabistrocircus,1,0,1
mediabox,0,1,1
mediabrowser,1,0,1
mediacenter,1,1,2
mediacoach,0,1,1
mediacoder,0,2,2
mediacom,4,1,5
mediaconverter,1,1,2
mediaconvertor,1,0,1
mediadossier,1,0,1
mediaeval,0,1,1
mediaevil,1,0,1
mediafire,3,2,5
mediaho,0,1,1
mediahub,1,0,1
mediaite,0,1,1
mediaknowall,0,1,1
medial,2,0,2
medialunas,0,1,1
mediamarkt,1,2,3
mediamonkey,2,0,2
median,5,1,6
medianoche,0,1,1
mediante,0,1,1
mediaocre,0,1,1
mediaplayer,0,1,1
mediapost,0,1,1
medias,2,2,4
mediashift,0,1,1
mediasite,0,1,1
mediasnackers,0,3,3
mediaspace,0,1,1
mediat,0,1,1
mediatakeout,5,2,7
mediatator,1,0,1
mediated,0,1,1
mediatemple,3,3,6
mediation,5,2,7
mediator,1,2,3
mediawatch,0,1,1
mediawatcher,1,0,1
mediawiki,1,1,2
medic,10,7,17
medica,1,0,1
medical,136,97,233
medically,1,2,3
medicals,1,0,1
medicane,1,0,1
medicare,6,0,6
medicate,4,1,5
medicated,24,3,27
medicating,4,2,6
medication,89,24,113
medications,10,2,12
medice,1,0,1
medicen,1,1,2
medicene,1,0,1
medicenes,1,0,1
medicern,1,0,1
medici,1,1,2
medician,0,1,1
mediciation,1,0,1
medicien,0,1,1
mediciene,1,0,1
medicin,2,0,2
medicinal,4,8,12
medicine,314,113,427
medicinee,1,0,1
medicines,16,6,22
medicore,1,0,1
medics,4,1,5
medicus,0,1,1
medidation,0,1,1
medie,0,1,1
mediencrew,0,1,1
medierranean,0,1,1
medieval,19,22,41
medievil,1,0,1
medifast,1,3,4
mediiiiiic,1,0,1
medill,0,1,1
medina,9,6,15
medinagals,0,1,1
medinho,1,0,1
medio,0,2,2
mediocre,36,25,61
mediocrefilms,1,0,1
mediocrily,1,0,1
mediocrity,3,8,11
medion,0,1,1
medisave,1,0,1
medisoft,0,1,1
meditand,0,1,1
meditate,11,17,28
meditated,0,2,2
meditatemonday,0,3,3
meditates,0,1,1
meditating,1,20,21
meditation,13,67,80
meditations,0,3,3
meditative,0,3,3
mediteranean,0,2,2
mediteranian,0,1,1
mediterenean,0,1,1
mediterra,0,1,1
mediterrainian,1,0,1
mediterranean,6,21,27
mediterraneo,0,1,1
mediterranian,1,0,1
mediterrean,1,1,2
mediterrian,0,1,1
meditez,0,1,1
meditterean,0,1,1
mediuism,0,1,1
medium,85,85,170
mediumcoke,1,0,1
mediums,1,9,10
mediumship,1,2,3
medized,0,1,1
medjo,1,0,1
medjool,0,1,1
medjugorje,0,1,1
medlemon,1,0,1
medley,5,17,22
medleys,1,0,1
medlock,0,2,2
medly,0,2,2
mednet,1,0,1
medo,2,3,5
medoll,0,1,1
medow,0,1,1
medowhall,1,0,1
medrano,1,1,2
medric,1,0,1
medrol,1,0,1
medroxyprogesterone,1,0,1
meds,501,134,635
medschool,2,0,2
medsoc,0,1,1
medss,1,0,1
medstead,0,1,1
medsurg,0,1,1
medsurge,0,1,1
meducine,1,0,1
meduri,0,1,1
medusa,3,5,8
medv,0,3,3
medved,0,2,2
medvedev,1,1,2
medvet,1,0,1
medway,3,1,4
medyo,6,6,12
medyu,0,1,1
medz,2,0,2
mee,306,294,600
meeaaann,1,0,1
meeaannn,1,0,1
meean,1,0,1
meease,0,1,1
meebe,0,1,1
meeblings,1,1,2
meebo,26,14,40
meebome,0,1,1
meece,0,1,1
meeces,0,1,1
meechie,1,0,1
meed,1,2,3
meedan,1,0,1
meeddiiicciiine,1,0,1
meedjatart,0,1,1
meedooo,1,0,1
meeds,0,1,1
meee,229,212,441
meeeaaannn,1,0,1
meeeaannnn,0,1,1
meeeaat,1,0,1
meeean,0,1,1
meeee,181,139,320
meeeeadee,0,1,1
meeeean,3,0,3
meeeee,89,67,156
meeeeean,1,0,1
meeeeeany,1,0,1
meeeeee,37,43,80
meeeeeean,0,1,1
meeeeeeann,1,0,1
meeeeeee,25,23,48
meeeeeeee,17,15,32
meeeeeeeee,7,10,17
meeeeeeeeee,9,1,10
meeeeeeeeeee,2,6,8
meeeeeeeeeeee,6,4,10
meeeeeeeeeeeee,1,2,3
meeeeeeeeeeeeee,1,1,2
meeeeeeeeeeeeeee,1,1,2
meeeeeeeeeeeeeeeeee,0,1,1
meeeeeeeeeeeeeeeeeee,0,1,1
meeeeeeeeeeeeeeeeeeeeee,0,1,1
meeeeeeeeeeeeeeeeeeeeeeee,2,1,3
meeeeeeeeeeeeeeeeeeeeeeeee,0,1,1
meeeeeeeeeeeeeeeeeeeeeeeeee,1,0,1
meeeeeeeeeeeeeeeeeeeeeeeeeeep,1,0,1
meeeeeeeeeeeeeeeeeeep,1,0,1
meeeeeeeeeess,1,0,1
meeeeeeeeet,0,1,1
meeeeeeesh,0,1,1
meeeeeeh,0,1,1
meeeeeel,0,1,1
meeeeeet,0,1,1
meeeeeezyyy,0,1,1
meeeeeh,2,2,4
meeeeel,1,0,1
meeeeen,1,0,1
meeeeeow,0,1,1
meeeeerit,0,1,1
meeeees,1,0,1
meeeeh,3,1,4
meeeehun,0,1,1
meeeelllllllaaaaaaaa,1,0,1
meeeelting,0,1,1
meeeen,0,1,1
meeeeooooowww,0,1,1
meeeeow,0,1,1
meeeep,1,0,1
meeeerna,0,1,1
meeeessss,1,0,1
meeeezy,0,1,1
meeegan,0,1,1
meeegelll,1,0,1
meeeh,7,3,10
meeehh,1,0,1
meeehhh,0,2,2
meeehn,2,0,2
meeekkah,0,1,1
meeemories,1,0,1
meeeow,0,1,1
meeep,2,0,2
meeerning,1,0,1
meees,1,0,1
meeesh,1,0,1
meeesshh,1,0,1
meeet,7,2,9
meeeting,1,1,2
meeetings,1,0,1
meeewsic,1,0,1
meeffe,0,1,1
meeg,0,1,1
meegan,0,2,2
meegano,0,1,1
meegie,0,1,1
meegs,0,1,1
meeh,11,8,19
meehan,1,0,1
meehh,2,0,2
meeing,1,2,3
meej,1,0,1
meek,1,4,5
meeka,1,0,1
meekakitty,1,2,3
meekend,0,1,1
meeko,3,1,4
meeks,5,3,8
meela,1,0,1
meeler,1,0,1
meelie,0,1,1
meelo,0,1,1
meem,0,1,1
meemaw,1,2,3
meemees,1,0,1
meemo,0,1,1
meems,0,1,1
meen,15,11,26
meena,0,3,3
meenah,0,1,1
meenie,1,1,2
meening,0,1,1
meenlinna,1,0,1
meenn,1,0,1
meeno,1,1,2
meens,5,4,9
meent,0,1,1
meeny,1,0,1
meenzo,1,0,1
meeok,1,0,1
meeow,1,0,1
meep,28,9,37
meeping,0,1,1
meeples,2,0,2
meepmeep,0,1,1
meepok,1,1,2
meeps,2,2,4
meepzz,1,0,1
meer,2,5,7
meera,0,5,5
meercat,3,0,3
meercats,0,1,1
meering,0,1,1
meerkat,8,6,14
meerkats,5,3,8
meerning,1,0,1
meers,0,1,1
meersburg,0,1,1
meerut,1,0,1
mees,7,1,8
meesa,2,0,2
meesages,0,1,1
meese,1,1,2
meeself,0,1,1
meesh,1,4,5
meeshell,0,1,1
meeshigan,0,1,1
meeshu,1,0,1
meesiam,1,0,1
meesley,0,1,1
meess,1,0,1
meesssing,1,0,1
meessss,1,0,1
meester,17,25,42
meesterbob,1,0,1
meesters,2,0,2
meestra,0,1,1
meet,1985,3421,5406
meeta,0,1,1
meetbess,0,1,1
meetcha,1,3,4
meetdraw,2,0,2
meeter,0,1,1
meeters,1,0,1
meetg,2,0,2
meetho,0,1,1
meetign,0,1,1
meetiing,0,2,2
meetin,24,29,53
meetine,0,1,1
meeting,1614,1798,3412
meetinga,0,1,1
meetinggg,0,1,1
meetingm,0,1,1
meetingnya,1,0,1
meetings,331,209,540
meetins,1,0,1
meetme,2,0,2
meetmeinto,1,0,1
meetn,0,3,3
meetng,0,1,1
meetnig,0,1,1
meetnn,1,0,1
meetooo,0,1,1
meetoooo,0,1,1
meets,53,80,133
meett,1,0,1
meetu,0,1,1
meetuop,0,1,1
meetup,41,62,103
meetups,6,7,13
meetupz,0,1,1
meety,0,1,1
meeuwh,1,0,1
meeuwis,0,1,1
meewunk,1,0,1
meez,1,3,4
meeza,0,1,1
meezer,1,1,2
meezers,0,1,1
meezo,0,1,1
meezy,1,1,2
meezybby,1,0,1
mef,0,4,4
mefail,1,1,2
mefenamic,1,0,1
meff,0,2,2
mefrom,1,0,1
mefus,1,0,1
meg,76,117,193
mega,200,158,358
megaaa,0,2,2
megaaaa,0,1,1
megaaaaaaaa,0,1,1
megaaan,0,1,1
megaan,1,0,1
megaannn,0,1,1
megabass,0,1,1
megabit,1,0,1
megabitch,2,0,2
megabits,1,0,1
megablocks,0,1,1
megabored,1,0,1
megaboring,0,1,1
megabowo,1,1,2
megabus,6,4,10
megabyte,1,1,2
megabytes,2,0,2
megachooonage,0,1,1
megacity,0,2,2
megadespistado,1,0,1
megadeth,3,4,7
megadiversity,0,1,1
megadrive,3,3,6
megadroid,2,0,2
megaelixir,1,0,1
megafast,1,0,1
megaforce,0,1,1
megafork,0,1,1
megaherz,2,0,2
megahits,0,1,1
megahot,0,1,1
megahugssssssss,0,1,1
megalife,0,2,2
megaliving,0,1,1
megalomaniac,0,1,1
megalomaniacmonday,0,2,2
megalopolism,0,1,1
megaly,1,0,1
megamac,0,1,1
megamall,2,4,6
megaman,4,8,12
megamegamega,1,0,1
megamelodymix,0,1,1
megami,0,1,1
megamillion,0,1,1
megamillions,2,0,2
megamix,0,5,5
megan,192,232,424
meganandliz,0,2,2
megane,1,0,1
meganedwards,0,1,1
megang,1,0,1
megann,0,2,2
meganne,1,0,1
megannnnn,0,1,1
meganoop,1,0,1
megans,7,11,18
megapain,1,0,1
megaphone,1,4,5
megapix,1,0,1
megapixel,2,3,5
megapixels,1,4,5
megaprayer,0,1,1
megaptera,0,1,1
megarace,0,1,1
megaredpacket,0,1,1
megarider,0,1,1
megasad,1,0,1
megashark,1,0,1
megaspoiler,0,1,1
megastar,1,0,1
megastars,0,1,1
megastore,14,2,16
megastores,2,0,2
megastructures,1,0,1
megaten,0,1,1
megathom,0,1,1
megathron,1,0,1
megatie,1,0,1
megaton,4,0,4
megatons,0,1,1
megatorrent,0,1,1
megatron,8,5,13
megaupload,10,5,15
megauploads,0,1,1
megavideo,23,1,24
megavillain,1,0,1
megawati,2,0,2
megaweep,0,1,1
megax,1,0,1
megazone,2,1,3
megazoom,0,1,1
megazz,2,0,2
megers,0,1,1
megerz,0,1,1
megeupload,1,0,1
megex,1,0,1
megg,1,6,7
megga,2,3,5
meggan,2,0,2
meggers,0,1,1
meggg,1,1,2
megggannn,0,1,1
megggg,1,0,1
meggggaaaa,0,1,1
megggggga,1,0,1
megggiiiee,0,1,1
megggo,0,1,1
megggyy,1,0,1
meggie,3,5,8
meggies,1,0,1
meggno,1,0,1
meggo,0,1,1
meggs,0,1,1
meggy,3,5,8
meggz,1,0,1
megha,0,2,2
meghalaya,0,1,1
meghallgassuk,0,1,1
meghan,17,39,56
meghanese,1,0,1
meghann,2,2,4
meghans,1,2,3
meghedy,0,1,1
meghraj,0,1,1
meghs,1,0,1
megie,0,1,1
meglio,0,1,1
meglovesyew,1,0,1
megn,0,1,1
mego,1,0,1
megre,0,1,1
megs,18,24,42
megse,0,1,1
megsie,1,0,1
megsss,0,1,1
megssss,1,0,1
megsters,0,1,1
megthinks,1,0,1
megu,1,0,1
meguid,0,1,1
megumi,0,2,2
megurine,0,1,1
meguro,1,0,1
megvagy,1,0,1
megvan,1,1,2
megy,0,1,1
megz,5,1,6
meh,524,269,793
mehanata,1,0,1
mehanymore,1,0,1
mehar,0,1,1
mehari,1,0,1
meharry,0,2,2
mehbehh,0,1,1
mehday,1,0,1
mehdi,0,1,1
meheco,1,0,1
meheh,1,1,2
mehehe,1,0,1
meheheh,0,1,1
mehehehe,0,1,1
mehendi,0,2,2
mehengai,0,1,1
mehgan,0,2,2
mehganon,1,0,1
mehh,35,25,60
mehhh,19,11,30
mehhhh,7,1,8
mehhhhh,2,0,2
mehhhhhh,3,0,3
mehhhhhhh,3,0,3
mehhhhhhhh,1,0,1
mehhhhhhhhhh,1,0,1
mehhhhhhhhhhhh,1,0,1
mehhhhhhhhhhhhh,1,0,1
mehhhzz,1,0,1
mehicoooo,1,0,1
mehl,0,1,1
mehlizza,0,1,1
mehmets,1,1,2
mehn,2,4,6
mehness,1,0,1
mehow,1,0,1
mehr,2,0,2
mehreen,2,1,3
mehron,0,1,1
mehsee,1,0,1
mehul,0,1,1
mehz,0,1,1
mei,17,17,34
meichel,0,1,1
meid,0,1,1
meidesign,0,1,1
meido,0,1,1
meidomi,0,1,1
meigi,1,0,1
meii,0,1,1
meijer,13,11,24
meijerlayout,1,0,1
meijers,0,2,2
meiji,1,2,3
meijiao,0,1,1
meijiers,1,0,1
meike,1,0,1
meiki,1,0,1
meiko,3,4,7
meilani,1,0,1
meilanster,0,1,1
meilay,0,1,1
meili,0,1,1
meiling,2,2,4
meilleur,1,2,3
meimei,3,0,3
meimor,1,0,1
mein,29,52,81
meine,7,10,17
meinem,0,1,1
meinen,1,0,1
meinhart,1,0,1
meinl,0,2,2
meinrap,0,1,1
meins,0,1,1
meinst,0,3,3
meinte,1,1,2
meinu,0,1,1
meinvz,1,0,1
meinw,1,0,1
meio,1,0,1
meiosis,4,0,4
meir,1,0,1
meira,1,1,2
meis,0,2,2
meisa,1,1,2
meisener,0,1,1
meishi,0,1,1
meister,0,1,1
meisterkiwi,0,1,1
meixin,0,1,1
mej,0,1,1
meja,1,2,3
mejia,0,1,1
mejias,0,1,1
mejl,0,1,1
mejo,2,0,2
mejor,3,4,7
mek,5,2,7
meka,4,4,8
mekah,1,0,1
mekanik,0,1,1
mekasantana,0,1,1
mekbourne,0,1,1
mekenzie,1,0,1
mekes,0,1,1
mekhi,1,0,1
meki,0,1,1
mekia,1,0,1
mekin,0,1,1
mekkah,0,1,1
mekkora,0,1,1
mekl,0,1,1
meko,2,1,3
mekong,0,2,2
meks,0,1,1
mekstooos,0,1,1
mel,123,166,289
mela,6,20,26
melaaa,1,0,1
melaaaa,0,1,1
melaca,0,1,1
melacur,1,0,1
melai,0,2,2
melaine,1,0,1
melaka,2,4,6
melakukan,0,1,1
melaleuca,0,1,1
melamachinko,0,1,1
melamosh,0,1,1
melampau,1,0,1
melana,0,1,1
melancholia,2,0,2
melancholic,9,5,14
melancholist,1,0,1
melancholy,25,13,38
melancholyjen,0,1,1
melaney,1,1,2
melange,1,0,1
melanges,0,1,1
melanie,26,35,61
melaniee,1,0,1
melanieee,0,1,1
melaniefresh,0,1,1
melanieiglesias,0,1,1
melanies,1,1,2
melanin,2,2,4
melanis,1,0,1
melanoma,5,1,6
melanomia,1,0,1
melantai,0,1,1
melar,1,0,1
melat,0,1,1
melati,2,1,3
melatiiiiiiiiii,1,0,1
melatonin,15,15,30
melawan,0,1,1
melay,1,0,1
melayu,3,2,5
melb,56,51,107
melba,6,4,10
melbac,0,1,1
melbbbb,0,1,1
melbbourne,0,1,1
melben,1,0,1
melbmove,0,1,1
melborne,0,1,1
melboune,0,1,1
melboure,1,0,1
melbouren,1,0,1
melbourne,259,275,534
melbourneee,0,1,1
melbournegir,1,0,1
melbournes,1,2,3
melbournestorm,0,1,1
melbournians,2,2,4
melbournites,0,1,1
melbs,11,8,19
melbsie,1,1,2
melbssss,1,0,1
melbssssss,0,1,1
melbun,0,1,1
melburn,0,1,1
melburrrrne,1,0,1
melbz,1,0,1
melcannel,1,0,1
melcat,1,1,2
melcen,0,1,1
melchapman,0,1,1
melchett,0,1,1
melchi,1,0,1
melchizedek,0,1,1
meld,0,3,3
melded,1,0,1
melding,1,1,2
meldon,0,1,1
meldown,1,0,1
meldrew,0,2,2
mele,2,1,3
meleahs,1,0,1
melechesh,1,0,1
meledak,0,1,1
meledug,1,0,1
melee,3,3,6
melena,0,2,2
melendez,2,2,4
meleney,1,0,1
melephant,0,1,1
meler,2,1,3
melerr,0,1,1
meletup,0,1,1
melg,0,2,2
melhor,1,6,7
melhorou,1,0,1
meli,5,6,11
melia,1,0,1
melie,1,0,1
meliha,0,2,2
melihas,0,1,1
meliii,0,1,1
meliisa,0,1,1
melika,1,2,3
melikes,1,0,1
melillo,1,0,1
melin,0,1,1
melina,7,5,12
melinator,0,2,2
melinda,9,15,24
melindaed,1,0,1
melinka,0,1,1
melinys,1,0,1
meliora,1,0,1
melipilla,0,1,1
melis,1,0,1
melisa,4,6,10
melise,0,1,1
melisma,1,0,1
meliss,0,3,3
melissa,95,146,241
melissaaaaaaa,0,1,1
melissaaaaaaaaaaaaaaaaaaaaaaaa,1,0,1
melissah,0,1,1
melissas,2,4,6
melissashea,0,1,1
melissasparty,1,0,1
melisse,1,0,1
meljel,0,1,1
melkor,0,2,2
melkweg,2,0,2
melky,1,0,1
mell,6,4,10
mella,2,1,3
mellan,0,1,1
melle,1,0,1
melli,2,3,5
mellie,1,4,5
mellieha,1,1,2
mellies,1,0,1
mellifluous,0,1,1
mellion,0,1,1
mellisa,0,1,1
mellissa,1,0,1
melllllll,0,1,1
melllllllll,0,1,1
melllllooooo,1,0,1
melllls,0,1,1
melllo,0,1,1
mellly,0,1,1
mello,8,4,12
mellodramatic,0,1,1
mellody,0,1,1
mellon,0,1,1
mellons,0,2,2
mellor,1,0,1
mellotron,0,1,1
mellow,33,97,130
mellowbirds,0,1,1
mellowed,3,1,4
mellower,0,3,3
mellowing,0,2,2
mellowness,1,0,1
mellows,0,2,2
mells,1,2,3
mellu,0,1,1
mellurs,0,1,1
mellx,0,1,1
melly,14,12,26
mellybelly,0,1,1
mellyboo,0,1,1
mellymonster,1,0,1
mellyy,0,1,1
melmacian,0,1,1
melman,1,0,1
melmie,0,1,1
melmilletics,1,0,1
melnais,0,1,1
melo,22,33,55
melocat,1,0,1
melodia,0,1,1
melodic,0,4,4
melodica,0,4,4
melodie,0,3,3
melodies,6,12,18
melodiile,0,1,1
melodink,0,1,1
melodious,0,2,2
melodius,0,1,1
melodramatic,3,6,9
melody,47,62,109
melodys,0,1,1
melodyyy,0,1,1
melol,0,1,1
melon,20,36,56
meloncholy,2,0,2
meloncoly,1,0,1
meloni,1,1,2
melons,3,7,10
melorik,0,1,1
melos,1,0,1
melot,0,1,1
melow,1,0,1
meloy,0,1,1
melpulled,1,0,1
melrose,20,20,40
mels,12,10,22
melsea,0,1,1
melsie,1,0,1
melski,0,1,1
melt,93,101,194
meltaway,0,1,1
meltdown,55,9,64
meltdowns,2,5,7
melted,121,55,176
meltedheadaches,0,1,1
meltin,3,2,5
melting,99,77,176
meltingaway,1,0,1
meltingggg,1,0,1
meltinggggggg,0,1,1
meltingnngngngngngngn,1,0,1
meltise,1,0,1
melton,1,5,6
melts,14,20,34
meltttt,0,1,1
meltwater,0,1,1
melty,6,5,11
melua,3,0,3
meluangkan,0,1,1
meluluuuu,1,0,1
melur,0,1,1
meluvshooo,1,0,1
melvey,1,0,1
melville,0,1,1
melvin,3,4,7
melvinaure,0,1,1
melvindale,1,0,1
melvyn,0,2,2
mely,1,2,3
melyssa,0,1,1
melyssas,0,1,1
melza,0,4,4
melzer,0,1,1
melzie,0,1,1
mem,26,15,41
mema,1,1,2
memakai,0,1,1
memalukan,1,0,1
memang,5,5,10
memar,1,0,1
memas,0,1,1
memaud,0,1,1
memaw,3,1,4
memaws,1,0,1
memba,4,7,11
membaca,1,0,1
membaik,1,0,1
membeli,1,1,2
membengkak,1,0,1
member,199,291,490
memberclicks,0,1,1
membered,2,0,2
memberi,0,2,2
membering,1,0,1
memberlist,1,0,1
memberrrr,1,0,1
members,195,224,419
membership,93,89,182
membershipp,1,0,1
memberships,6,6,12
membershipt,0,1,1
membina,0,1,1
memborong,0,1,1
membosankan,2,0,2
membrane,3,2,5
membrd,1,0,1
membre,1,0,1
membuat,3,1,4
membuatku,1,0,1
membutuhkan,1,0,1
memcache,2,1,3
memcached,2,0,2
memday,0,1,1
meme,21,38,59
memeber,2,3,5
memebers,1,1,2
memeboo,1,0,1
memebr,0,1,1
memed,0,1,1
memememe,1,0,1
memememeememeeemem,0,1,1
memememememe,1,0,1
mememememememememememe,0,1,1
mememememememememememememememememememeem,0,1,1
memene,0,1,1
memeng,0,1,1
memento,3,1,4
mementos,1,0,1
memenuhi,0,1,1
memers,1,0,1
memes,5,5,10
memg,0,2,2
memir,1,0,1
memleketime,0,1,1
memma,0,1,1
memmaker,0,1,1
memmer,0,1,1
memmo,1,0,1
memmy,0,1,1
memo,42,37,79
memoir,2,12,14
memoirs,5,11,16
memom,1,0,1
memomrize,1,0,1
memons,0,1,1
memoo,1,0,1
memopad,1,1,2
memorabilia,5,2,7
memorable,18,48,66
memorableeee,1,0,1
memoraize,1,0,1
memorandum,3,0,3
memores,0,1,1
memoria,2,1,3
memorial,147,170,317
memorials,3,1,4
memoriam,6,0,6
memorian,0,1,1
memoribilia,0,1,1
memoribillia,1,0,1
memorie,2,0,2
memoriees,0,1,1
memories,407,568,975
memoriesnmore,1,0,1
memoriess,1,2,3
memoriesss,0,1,1
memoriessss,1,1,2
memoriezz,1,0,1
memoriiieessss,1,0,1
memoriiiieeesss,1,0,1
memorise,9,1,10
memorised,0,1,1
memorising,4,4,8
memorites,1,0,1
memorium,3,0,3
memorization,2,0,2
memorize,48,17,65
memorized,11,20,31
memorizes,0,1,1
memorizing,14,13,27
memory,450,329,779
memorybox,0,1,1
memorylane,1,0,1
memorymagazine,0,1,1
memorys,4,2,6
memorystick,0,1,1
memos,6,1,7
memperkenalkan,0,1,1
memphian,1,0,1
memphis,85,89,174
memphismomma,0,1,1
memrize,1,0,1
mems,0,1,1
memset,0,1,1
memtest,3,0,3
memukau,0,1,1
memy,1,0,1
memz,1,0,1
men,691,982,1673
mena,5,5,10
menace,11,13,24
menaced,0,1,1
menacing,3,5,8
menacingly,1,1,2
menage,2,1,3
menager,0,1,1
menagerie,4,7,11
menahmenah,1,0,1
menai,1,0,1
menakutkannyakah,0,1,1
menalist,0,2,2
menandtheirtoys,0,1,1
menang,2,3,5
menanggal,0,1,1
menangis,1,0,1
menanti,1,0,1
menara,0,1,1
menard,1,0,1
menards,1,2,3
menarik,0,1,1
menashe,0,1,1
menat,0,2,2
menatlly,1,0,1
menay,0,2,2
menc,1,0,1
mencari,2,2,4
mencerminkan,0,1,1
mencet,1,0,1
mench,1,0,1
menchi,0,1,1
menchie,0,2,2
menchies,7,5,12
menchikatsu,0,1,1
menchion,1,0,1
menchov,4,1,5
mencia,0,1,1
mencken,0,1,1
mencoder,1,1,2
mencrest,1,0,1
mencret,1,0,1
mend,27,36,63
mendadak,1,0,1
mendahului,1,0,1
mendalam,0,1,1
mendapatkannya,0,1,1
menday,1,0,1
mended,2,4,6
mendeed,1,0,1
mendeley,1,0,1
mendelian,1,0,1
mendelssohn,1,1,2
mendenhalls,1,0,1
mender,0,1,1
menders,0,1,1
mendes,4,6,10
mendez,2,1,3
mending,11,6,17
mendingan,0,1,1
mendingg,1,0,1
mendix,0,1,1
mendocino,2,2,4
mendon,0,1,1
mendoza,3,3,6
mends,3,0,3
mendte,0,1,1
mendy,1,0,1
mene,0,2,2
meneedinternetzplease,1,0,1
meneeeeeeing,0,1,1
meneer,0,1,1
menefees,1,0,1
menehune,0,1,1
menemen,0,1,1
menemukan,1,0,1
menengitis,1,1,2
menfolk,0,3,3
meng,5,5,10
mengadu,1,0,1
mengaji,1,0,1
mengaku,1,0,1
mengapa,1,0,1
mengasihi,0,2,2
mengecewakan,1,0,1
mengemas,1,0,1
mengerjakan,0,1,1
mengerti,0,1,1
mengg,0,1,1
mengganas,1,0,1
mengganggu,0,1,1
menggantinya,1,0,1
menggiurkan,0,1,1
menggunakan,0,1,1
menghabiskan,1,0,1
menghow,0,1,1
mengijinkan,1,0,1
mengunduh,0,1,1
mengundurkan,1,0,1
menguntit,0,1,1
mengurangi,1,0,1
mengusha,0,1,1
menhan,0,1,1
menhir,1,0,1
menhood,0,1,1
meni,1,2,3
menial,0,1,1
menieres,1,0,1
menikmati,0,2,2
menimpa,1,0,1
menina,1,3,4
meninaa,0,1,1
meninas,3,5,8
mening,1,0,1
meninggal,2,0,2
meningitis,14,0,14
meningkat,0,1,1
menininha,0,1,1
menino,1,0,1
meninos,2,0,2
menion,0,1,1
menirukan,1,0,1
meniscus,8,0,8
meniskus,1,0,1
menit,0,2,2
meniti,1,0,1
menjadi,0,1,1
menjadik,0,1,1
menjaga,0,1,1
menjijikan,1,0,1
menjurus,0,1,1
menken,0,1,1
menlo,3,1,4
menly,0,1,1
menn,2,3,5
menna,4,0,4
mennard,0,1,1
mennis,0,1,1
mennnn,1,0,1
mennnnn,1,0,1
menno,2,1,3
mennonite,1,0,1
menny,0,1,1
meno,1,0,1
menom,0,1,1
menomena,0,1,1
menomnomnom,0,1,1
menomonie,2,0,2
menopausal,1,0,1
menopause,6,0,6
menor,0,1,1
menorah,1,0,1
menorca,4,2,6
menorcatechtalk,1,1,2
menos,4,2,6
menqahra,1,0,1
mens,28,26,54
mensa,1,12,13
mensages,1,0,1
mensagesss,2,0,2
mensah,0,1,1
mensaje,0,1,1
mensajito,0,1,1
mensan,0,1,1
mensch,0,1,1
menschen,0,1,1
mense,0,2,2
menses,2,1,3
menshie,0,1,1
mension,0,1,1
menskills,0,1,1
menso,0,1,1
menstral,1,0,1
menstration,1,0,1
menstrual,9,1,10
menstruating,1,1,2
menstruation,2,1,3
menswear,2,5,7
ment,94,82,176
menta,1,0,1
mentaaaaal,0,1,1
mental,172,194,366
mentalbreakdown,2,0,2
mentalism,1,0,1
mentalist,15,19,34
mentalists,1,1,2
mentalities,0,1,1
mentality,9,15,24
mentall,2,0,2
mentally,99,57,156
mentalness,1,0,1
mentalpic,1,0,1
mentalray,0,1,1
mentals,1,0,1
mentaly,2,0,2
mentari,0,2,2
mente,0,1,1
mentee,1,2,3
menteee,0,1,1
mentel,1,0,1
menteng,2,1,3
mentha,1,0,1
menthalist,1,0,1
menthol,5,5,10
mentholly,1,0,1
menthols,6,1,7
menthos,0,2,2
mentians,0,1,1
mentiened,0,1,1
mentiioned,0,1,1
mentine,0,1,1
mentinon,0,1,1
mention,481,971,1452
mentiond,0,1,1
mentioned,190,378,568
mentioning,43,77,120
mentions,33,94,127
mentira,1,1,2
mentito,0,1,1
mentle,1,0,1
mentn,0,1,1
mentols,0,1,1
mentor,35,52,87
mentored,0,1,1
mentoring,1,7,8
mentors,5,8,13
mentorship,0,1,1
mentory,0,1,1
mentos,5,12,17
mentra,0,1,1
mentrual,1,0,1
ments,1,2,3
mentzel,0,1,1
menu,165,145,310
menubar,1,1,2
menudo,8,14,22
menue,1,0,1
menues,1,0,1
menuju,0,1,1
menulis,1,0,1
menunggu,2,3,5
menungguu,1,0,1
menurut,0,1,1
menus,16,12,28
menuskelleton,0,1,1
menutd,0,1,1
menvsboys,0,1,1
meny,3,1,4
menyakitkan,1,0,1
menyaksikan,0,1,1
menyalip,0,1,1
menyampuk,0,1,1
menyanyikan,1,0,1
menyasal,1,0,1
menyenangkan,1,0,1
menyesal,1,0,1
menyik,0,1,1
menyiksa,0,1,1
menyiksaaaa,1,0,1
menyokong,0,1,1
menyukai,0,1,1
menyumbang,1,0,1
menz,1,1,2
menzel,1,2,3
menzies,0,1,1
meo,3,1,4
meod,0,1,1
meoff,0,1,1
meoldies,0,1,1
meomoriesss,0,1,1
meon,1,1,2
meone,1,0,1
meoo,0,2,2
meoooooooow,0,2,2
meooow,0,1,1
meow,70,89,159
meowahhh,0,1,1
meowchell,1,0,1
meowdavidlei,0,1,1
meowed,3,0,3
meowing,19,10,29
meowma,1,0,1
meowmeowing,1,0,1
meowmeowmeowmeow,0,1,1
meowmi,1,0,1
meowmie,1,0,1
meowmonday,1,8,9
meowmy,2,0,2
meows,5,9,14
meoww,0,2,2
meowww,1,1,2
mep,31,7,38
mepet,0,1,1
meph,2,0,2
mephenamic,0,1,1
mephis,1,0,1
mephisto,2,0,2
mephistopheles,1,0,1
meps,4,3,7
mequon,0,1,1
mer,15,22,37
mera,7,2,9
meraaah,0,1,1
meracau,1,0,1
merah,2,0,2
merahhh,1,0,1
merajuk,1,0,1
meraki,0,1,1
merakyat,0,1,1
meralco,0,1,1
meramaikan,0,2,2
merangue,0,1,1
merano,0,1,1
merasa,1,1,2
merathon,0,1,1
merayu,0,1,1
meraz,0,1,1
merb,2,0,2
merc,7,15,22
mercado,1,2,3
mercals,0,1,1
mercama,0,1,1
mercantile,0,2,2
mercantilism,0,1,1
mercato,0,2,2
merccccci,1,0,1
merced,4,7,11
mercedarian,1,0,1
mercedes,15,25,40
mercedez,2,2,4
mercenaries,1,1,2
mercenary,2,2,4
mercer,4,8,12
mercey,0,1,1
merceyamore,1,0,1
merch,60,56,116
merchadising,1,0,1
merchan,0,1,1
merchandise,13,16,29
merchandiser,1,0,1
merchandises,0,1,1
merchandising,1,3,4
merchant,9,7,16
merchants,3,2,5
merchendise,1,0,1
merchgirl,1,0,1
merchh,0,1,1
merchindise,1,1,2
merchspin,2,0,2
merchy,0,1,1
merci,6,47,53
mercial,0,1,1
mercials,2,0,2
mercie,0,1,1
mercier,3,3,6
mercies,3,7,10
merciful,4,4,8
mercifully,0,1,1
merciiii,0,1,1
merciiiii,0,1,1
mercikes,0,1,1
merciless,4,0,4
mercilessly,2,6,8
mercl,0,1,1
mercola,0,1,1
mercredi,0,1,1
mercs,3,2,5
mercure,1,1,2
mercurial,7,6,13
mercurialmusic,0,1,1
mercurio,0,1,1
mercury,26,36,62
mercutio,0,1,1
mercy,54,59,113
mercydie,1,0,1
mercydyandedioscasas,1,0,1
mercyful,1,0,1
mercyme,0,1,1
mercyyy,0,1,1
merda,3,0,3
merdaaaa,1,0,1
merde,5,1,6
merdeeeeeeeeeee,1,0,1
merdeka,1,0,1
merdenelele,0,1,1
merder,2,5,7
merdina,2,0,2
merdle,0,1,1
mere,48,39,87
merece,4,1,5
merecem,0,2,2
merecensullo,0,1,1
meredith,11,18,29
meree,0,1,1
mereka,3,3,6
merekat,0,1,1
merel,1,0,1
merely,13,28,41
merengue,1,2,3
merepotkan,2,0,2
merepotkanmu,1,0,1
meres,1,0,1
merethe,0,1,1
mereting,0,1,1
mereu,1,1,2
merewether,1,0,1
merezco,0,1,1
merfolk,0,2,2
merg,0,2,2
mergay,1,0,1
merge,27,29,56
mergeam,0,1,1
merged,6,11,17
mergem,2,0,2
mergepress,0,1,1
merger,3,2,5
mergers,1,1,2
merges,2,1,3
mergesorted,0,1,1
mergh,2,0,2
merging,10,11,21
merguez,0,1,1
merh,4,1,5
merhh,0,1,1
merhmerh,0,1,1
merholz,1,0,1
meri,4,2,6
meriah,1,0,1
meriang,2,0,2
merica,0,1,1
merican,0,1,1
merick,0,1,1
merida,2,0,2
meriden,2,0,2
merideth,0,1,1
meridia,1,0,1
meridian,7,3,10
meridiem,0,2,2
meridien,1,1,2
merienda,2,15,17
merik,0,1,1
merika,0,1,1
merikstudios,1,0,1
merimblah,1,0,1
merindukan,1,0,1
meringue,3,6,9
meringues,1,4,5
merino,1,5,6
merions,0,1,1
merisha,0,1,1
merissa,0,2,2
merist,0,1,1
merisue,1,0,1
merit,5,11,16
meritage,1,2,3
merited,0,1,1
meriti,0,1,1
merits,5,10,15
merivale,1,0,1
meriwether,1,2,3
merk,1,1,2
merkat,1,0,1
merked,2,0,2
merkel,2,2,4
merketing,1,0,1
merkin,0,1,1
merkowitzes,1,0,1
merky,1,0,1
merl,1,1,2
merle,0,6,6
merlene,0,1,1
merli,0,1,1
merliance,0,1,1
merlin,27,59,86
merlion,1,0,1
merliz,1,0,1
merlot,14,22,36
merlotmonday,0,1,1
merlotte,0,1,1
merlyn,0,1,1
merlyns,0,1,1
merm,1,2,3
mermaid,57,58,115
mermaidcatcher,1,0,1
mermaide,0,1,1
mermaidparade,1,0,1
mermaids,6,9,15
mermaiid,0,1,1
merman,1,1,2
mermoial,0,1,1
mern,1,0,1
mernin,1,1,2
merning,1,2,3
merningggggggggg,0,1,1
mernting,0,2,2
mero,4,2,6
merola,1,0,1
meron,9,12,21
merong,0,1,1
merovingian,0,1,1
merow,0,1,1
merquez,0,1,1
merr,5,0,5
merran,1,0,1
merranged,1,0,1
merrell,0,1,1
merri,0,1,1
merricat,1,0,1
merrick,6,9,15
merrickkkk,1,0,1
merrie,1,1,2
merried,2,0,2
merriemonarch,0,1,1
merrier,4,39,43
merries,0,1,1
merrilee,0,1,1
merrill,2,3,5
merrily,1,4,5
merrimack,2,1,3
merriman,1,0,1
merrin,1,0,1
merrion,1,3,4
merrit,0,1,1
merritt,4,5,9
merriville,1,0,1
merriweather,4,21,25
merriweathers,0,1,1
merriwether,1,0,1
merriwethers,0,1,1
merrr,3,0,3
merrrhski,1,0,1
merrrr,1,0,1
merrrrdeeeee,1,0,1
merrrrg,1,0,1
merrrrrh,0,1,1
merrrrrr,1,0,1
merrrrrrrr,1,1,2
merrrrrrrrrrrrrrrrrrrrr,1,0,1
merrrygolddddddddd,1,0,1
merry,21,63,84
merrygold,1,1,2
merrylands,2,0,2
merryn,0,1,1
merrysayy,1,0,1
merrysuperstar,1,0,1
merryweather,0,1,1
mers,0,2,2
mersanaries,1,0,1
mersbo,0,1,1
mersea,1,0,1
mersesem,0,1,1
mersey,2,1,3
merseymisery,1,0,1
merseyside,0,1,1
mersi,0,1,1
mersyndol,1,0,1
mersyside,1,0,1
mert,3,3,6
mertens,0,1,1
merth,1,0,1
merton,1,1,2
mertua,0,2,2
mertz,0,1,1
meru,2,1,3
merugi,1,0,1
meruhermanto,0,1,1
merulesi,0,1,1
meruu,0,1,1
merv,4,1,5
mervel,0,1,1
merver,0,1,1
mervyns,0,1,1
merwin,1,0,1
mery,0,2,2
meryenda,0,3,3
meryl,4,10,14
merz,7,9,16
merzbow,1,1,2
merzoug,0,1,1
mes,15,21,36
mesa,24,30,54
mesacne,0,1,1
mesage,0,5,5
mesages,0,1,1
mesaj,0,2,2
mesajul,0,1,1
mesant,0,1,1
mescan,1,0,1
mesclun,0,1,1
mesearch,0,1,1
mesec,0,1,1
mesed,1,0,1
mesekf,0,1,1
meself,11,15,26
mesell,2,0,2
meses,2,2,4
mesesito,0,1,1
mesg,1,1,2
mesh,33,37,70
mesha,1,1,2
meshac,0,1,1
meshak,0,1,1
meshel,1,2,3
meshell,1,1,2
meshes,1,1,2
meshichist,0,1,1
meshing,1,0,1
meshuggah,2,1,3
meshup,0,1,1
meshwa,1,0,1
mesicans,1,0,1
mesication,0,1,1
mesing,0,1,1
mesle,0,2,2
mesma,1,2,3
mesmerised,1,2,3
mesmerising,0,5,5
mesmerized,3,9,12
mesmerizing,0,6,6
mesmerizist,0,1,1
mesmersized,0,1,1
mesmi,1,0,1
mesmo,3,5,8
mesmoo,0,1,1
mesmooo,1,0,1
mesmoooooooooo,0,1,1
meso,1,1,2
mesopotamian,0,1,1
mesosad,1,0,1
mesprit,1,0,1
mesquite,3,5,8
mesquitez,1,0,1
mesquito,1,0,1
mesra,1,0,1
mess,813,491,1304
messa,0,1,1
messaaaaage,1,0,1
messaage,1,1,2
messae,0,2,2
message,1128,1419,2547
messageboard,0,2,2
messaged,35,34,69
messagee,0,3,3
messageeee,1,0,1
messager,0,1,1
messagery,0,1,1
messages,717,493,1210
messagesss,1,0,1
messagey,0,1,1
messagin,1,0,1
messaging,49,45,94
messaline,0,1,1
messanger,5,2,7
messangers,2,1,3
messaqee,1,0,1
messaris,0,1,1
messd,6,0,6
messe,0,2,2
messed,834,162,996
messedup,1,0,1
messeeeeeeeed,1,0,1
messegaes,0,1,1
messege,4,0,4
messeges,4,2,6
messeging,1,0,1
messenge,0,2,2
messenger,113,72,185
messengerr,1,0,1
messengers,14,8,22
messengertab,0,1,1
messenging,1,0,1
messer,2,2,4
messers,0,1,1
messes,50,19,69
messesd,1,0,1
messg,1,1,2
messgae,1,1,2
messgaes,2,0,2
messge,0,2,2
messges,1,0,1
messh,0,1,1
messi,1,4,5
messiah,1,6,7
messias,1,0,1
messica,0,1,1
messican,1,2,3
messicans,2,0,2
messicars,0,1,1
messie,0,1,1
messier,2,1,3
messiest,3,1,4
messieur,1,0,1
messily,1,0,1
messin,43,37,80
messina,1,1,2
messiness,1,1,2
messing,222,130,352
messinggg,0,1,1
messinn,1,0,1
messn,0,2,2
messrebel,0,1,1
messs,2,1,3
messsaaageees,0,1,1
messsage,2,1,3
messsages,1,0,1
messsed,1,1,2
messsedd,1,0,1
messsican,0,1,1
messsing,0,1,1
messssed,1,0,1
messsss,2,0,2
messssss,1,0,1
messssssed,1,0,1
messssssssssy,0,1,1
messssssssy,1,0,1
messssuppp,1,0,1
messter,1,0,1
messup,1,0,1
messx,1,0,1
messy,176,132,308
messycan,1,0,1
messyed,1,0,1
messyhair,0,1,1
messyy,1,0,1
mest,4,1,5
mester,3,4,7
mesti,5,1,6
mestila,0,1,1
mestres,0,2,2
mesuem,0,1,1
mesures,1,0,1
met,879,1481,2360
meta,8,18,26
metabisulfite,1,0,1
metablism,1,0,1
metabolic,2,0,2
metabolisim,0,1,1
metabolism,21,11,32
metabolisms,3,2,5
metabolizing,0,1,1
metabolon,1,0,1
metacade,0,1,1
metacafe,1,0,1
metacarpals,1,0,1
metacity,1,0,1
metacognition,0,1,1
metacosmic,0,2,2
metadata,6,7,13
metade,1,0,1
metafictional,0,1,1
metaform,0,1,1
metaking,1,0,1
metakong,0,5,5
metal,182,224,406
metalab,0,1,1
metalacalypse,1,0,1
metalcore,0,2,2
metaldetector,0,1,1
metaldetectors,0,1,1
metalhead,1,2,3
metalheads,3,1,4
metalian,0,1,1
metalic,0,2,2
metalica,2,2,4
metalife,0,2,2
metality,0,1,1
metall,0,1,1
metallers,0,1,1
metallia,1,0,1
metallic,11,17,28
metallica,45,72,117
metallicaaaaa,1,0,1
metallicar,0,1,1
metallicas,1,0,1
metallichick,0,1,1
metalocalypse,1,1,2
metalocolypse,0,1,1
metalroll,0,1,1
metals,4,1,5
metalsmithing,1,1,2
metaltown,0,2,2
metaltrain,1,0,1
metalvotze,1,0,1
metalz,0,1,1
metameets,1,1,2
metamizole,2,0,2
metamor,0,1,1
metamora,1,1,2
metamorph,0,1,1
metamorphmagi,0,1,1
metamorphmaguses,0,1,1
metamorphosed,0,1,1
metamorphosis,0,5,5
metamorphosise,0,1,1
metanoiacafe,0,1,1
metapeople,1,1,2
metaphor,7,30,37
metaphoric,0,1,1
metaphorical,2,1,3
metaphorically,3,3,6
metaphoricol,0,1,1
metaphorism,0,1,1
metaphorphoses,0,1,1
metaphors,2,5,7
metaphys,0,1,1
metaphysical,2,2,4
metaplace,0,3,3
metaprogramming,0,3,3
metas,1,1,2
metastasized,1,0,1
metastatic,1,0,1
metatag,0,1,1
metatags,1,0,1
metatarsal,1,0,1
metaverse,2,3,5
metaverseu,2,0,2
metaxy,0,1,1
metcalf,1,1,2
mete,0,2,2
meteo,1,2,3
meteociel,1,0,1
meteologist,1,0,1
meteor,11,16,27
meteored,1,0,1
meteoric,0,2,2
meteorite,1,1,2
meteorological,0,1,1
meteorologist,1,1,2
meteorologists,1,0,1
meteorology,1,6,7
meteors,0,1,1
meter,28,24,52
metered,1,0,1
metermaid,0,1,1
meternity,0,1,1
meterologist,1,1,2
meteros,1,0,1
meters,18,20,38
metformin,1,0,1
meth,17,9,26
metha,1,0,1
methadone,1,0,1
methamphetamine,2,0,2
methane,2,1,3
methdone,1,0,1
metheny,0,5,5
metheory,0,1,1
methes,1,0,1
methhead,1,0,1
methilhill,0,1,1
mething,1,0,1
methink,1,0,1
methinks,78,109,187
methinkst,1,0,1
methinx,0,1,1
methistos,1,0,1
metho,1,0,1
method,62,97,159
methodically,0,2,2
methodine,0,1,1
methodist,0,5,5
methodists,0,2,2
methodolgy,1,0,1
methodologies,1,0,1
methodology,6,3,9
methods,42,27,69
methorexate,1,0,1
methotrexate,1,0,1
meths,1,1,2
methuen,0,2,2
methx,1,0,1
methylenedioxymethamphetamine,0,1,1
meti,0,2,2
meticulous,1,2,3
meticulously,1,2,3
metidas,0,1,1
metime,0,1,1
metimes,0,1,1
metin,0,1,1
meting,3,4,7
metion,2,0,2
metioned,0,1,1
metlink,1,0,1
meto,0,2,2
metoo,2,0,2
metooiguana,0,1,1
metopera,1,0,1
metpen,0,1,1
metr,0,1,1
metra,6,1,7
metre,3,2,5
metreon,3,3,6
metres,8,8,16
metria,1,0,1
metric,33,31,64
metrics,5,8,13
metriod,1,1,2
metrion,0,1,1
metro,354,195,549
metrobar,0,1,1
metrobus,1,0,1
metrocard,3,1,4
metrocenter,1,0,1
metrocon,1,1,2
metrocrash,1,0,1
metrodome,1,0,1
metroflog,0,3,3
metroid,19,9,28
metroidvania,2,0,2
metrolink,2,0,2
metromix,2,2,4
metronom,0,1,1
metronome,0,1,1
metronomes,0,1,1
metronomy,1,0,1
metrooo,0,1,1
metropark,3,0,3
metropcs,4,1,5
metropcsny,0,1,1
metroplex,3,3,6
metroplitan,0,1,1
metropole,0,1,1
metropolis,7,16,23
metropolismania,0,1,1
metropolitan,7,4,11
metropolitanfw,0,1,1
metros,1,1,2
metrosexual,1,2,3
metrosphere,0,1,1
metrossssss,0,1,1
metrostars,1,0,1
metrostation,4,18,22
metrotowers,0,1,1
metrotown,1,1,2
metrotwitter,0,1,1
metroul,0,1,1
metrowalk,1,2,3
metrowest,1,0,1
metrox,1,1,2
mets,91,65,156
metsies,1,0,1
metsola,0,1,1
mett,0,1,1
metta,0,1,1
mettalica,1,0,1
mettallica,1,0,1
metter,0,2,2
metties,1,0,1
metting,4,1,5
mettings,0,1,1
metubes,1,0,1
metweetup,1,1,2
metz,0,2,2
metzger,1,0,1
meu,54,41,95
meuble,0,1,1
meuchad,0,1,1
meuh,0,1,1
meup,0,1,1
meursault,1,0,1
meus,4,5,9
meusili,1,0,1
mevio,0,1,1
mevlfft,1,0,1
mevto,0,1,1
mew,14,21,35
mewart,0,1,1
mewes,6,0,6
mewhales,1,0,1
mewing,3,1,4
mewithoutyou,9,9,18
mewl,0,1,1
mewn,1,1,2
mework,1,0,1
mews,1,0,1
mewtwo,1,0,1
mex,22,26,48
mexam,1,0,1
mexcio,1,0,1
mexcipakin,1,0,1
mexer,2,1,3
mexi,1,6,7
mexian,1,0,1
mexiburger,0,1,1
mexic,0,1,1
mexicali,0,3,3
mexically,1,0,1
mexican,224,281,505
mexicana,0,2,2
mexicanaa,0,1,1
mexicanas,8,4,12
mexicanflu,0,1,1
mexicano,1,1,2
mexicans,18,19,37
mexicanstarwarscobblerbeer,0,1,1
mexicantown,0,1,1
mexico,318,271,589
mexicofallz,0,1,1
mexicoo,0,3,3
mexicooooo,0,1,1
mexicore,0,1,1
mexicos,1,0,1
mexicowantsmcfly,0,1,1
mexidriver,0,1,1
mexie,1,0,1
mexiftw,1,0,1
mexiland,1,0,1
mexincan,0,1,1
mexis,0,1,1
mexisound,0,1,1
mexitan,0,1,1
mexland,0,1,1
mext,1,0,1
mey,1,3,4
meybe,1,1,2
meybee,0,1,1
meycauayan,0,1,1
meyer,28,40,68
meyers,5,9,14
meylia,0,1,1
meyms,0,1,1
meyn,1,0,1
meyoko,0,1,1
meyoung,0,1,1
meyrueis,0,1,1
meyyy,1,0,1
mez,3,3,6
meza,1,0,1
mezannine,0,1,1
mezcal,0,2,2
mezcla,0,1,1
meze,1,0,1
mezik,0,1,1
mezmerized,0,1,1
mezrich,0,1,1
mezu,1,0,1
mezz,0,1,1
mezza,1,0,1
mezzah,5,1,6
mezzanine,1,2,3
mezze,0,2,2
mezzle,1,0,1
mezzo,3,3,6
mf,24,20,44
mfa,0,4,4
mfaa,1,0,1
mfah,0,1,1
mfam,0,1,1
mfamslvdk,2,0,2
mfb,0,1,1
mfbtj,0,1,1
mfc,5,4,9
mfckn,1,0,1
mfe,2,0,2
mfeo,0,1,1
mfer,3,0,3
mfers,1,0,1
mff,2,4,6
mffers,1,0,1
mfffmm,1,0,1
mffl,2,0,2
mfg,6,6,12
mfga,1,0,1
mfh,1,3,4
mfi,1,1,2
mfing,1,0,1
mfk,1,1,2
mfl,0,1,1
mfm,0,2,2
mfmfmfmf,1,0,1
mfmj,0,1,1
mfocker,1,0,1
mfon,0,2,2
mfor,0,1,1
mfp,0,1,1
mfr,2,4,6
mfreakinggonnamissyou,1,0,1
mfrs,0,1,1
mfs,1,0,1
mfsa,0,1,1
mft,1,0,1
mfts,0,1,1
mfwgs,0,1,1
mfwl,1,0,1
mfy,0,2,2
mfyg,0,1,1
mfzarmonday,1,0,1
mg,67,45,112
mga,27,46,73
mgawa,1,0,1
mgb,0,1,1
mgck,1,0,1
mgd,3,4,7
mge,3,0,3
mgeesh,1,0,1
mgf,0,1,1
mgg,4,0,4
mgh,2,3,5
mght,2,1,3
mgical,1,0,1
mgicip,1,0,1
mgiht,0,1,1
mging,2,0,2
mgiraudofficial,1,0,1
mgkn,0,2,2
mgl,1,0,1
mgld,1,0,1
mgload,0,1,1
mgm,11,15,26
mgmat,2,0,2
mgmnt,1,0,1
mgmt,42,56,98
mgnt,0,3,3
mgo,5,2,7
mgoing,1,0,1
mgol,0,1,1
mgonewild,1,1,2
mgonna,0,1,1
mgp,0,4,4
mgplurk,1,1,2
mgr,13,10,23
mgrs,1,1,2
mgs,36,27,63
mgsdance,0,1,1
mgshower,1,0,1
mgspo,1,0,1
mgsr,1,1,2
mgt,5,3,8
mgtwit,1,0,1
mgtwitterengine,0,1,1
mgv,0,1,1
mgwork,1,0,1
mgws,0,1,1
mgy,0,1,1
mh,14,22,36
mha,2,5,7
mhahaha,0,2,2
mhairi,1,0,1
mhaith,1,1,2
mhan,1,0,1
mharkee,0,1,1
mhath,0,1,1
mhbfoy,0,1,1
mhbigcatch,1,0,1
mhc,2,2,4
mhcc,2,1,3
mhe,0,1,1
mhead,0,1,1
mhee,1,0,1
mhehehe,0,1,1
mhelp,2,4,6
mhelping,0,1,1
mhen,0,2,2
mheng,0,1,1
mhenggay,0,1,1
mhenn,1,0,1
mhh,10,7,17
mhhh,5,5,10
mhhhh,3,4,7
mhhhhh,0,1,1
mhhhhhh,0,1,1
mhhhhhhh,1,0,1
mhhhhhhhhh,1,0,1
mhhhhhhhhhh,2,0,2
mhhhhhm,0,1,1
mhhhm,0,1,1
mhhhmm,1,0,1
mhhm,0,1,1
mhhmm,0,1,1
mhhmmm,0,1,1
mhhmmmm,0,1,1
mhhs,0,1,1
mhike,0,1,1
mhiko,0,1,1
mhirap,1,0,1
mhiwwalay,0,1,1
mhm,28,44,72
mhmh,1,0,1
mhmhmh,0,1,1
mhmhmhm,1,0,1
mhmm,21,43,64
mhmmm,6,14,20
mhmmmm,1,4,5
mhmmmmm,0,2,2
mhmmmmmm,1,0,1
mhmpf,1,0,1
mhn,0,2,2
mhop,0,1,1
mhow,0,1,1
mhs,2,4,6
mhsmc,1,0,1
mhstrategy,1,0,1
mht,2,2,4
mhtera,0,1,1
mhtn,1,0,1
mhungryagain,0,1,1
mhurling,1,0,1
mhy,2,0,2
mhz,8,7,15
mi,495,485,980
mia,286,216,502
miaa,0,1,1
miaaa,0,1,1
miaaaa,0,1,1
miaaam,0,1,1
miadhu,0,1,1
miah,1,3,4
miahdu,0,1,1
miahni,0,1,1
miaka,1,0,1
mial,1,0,1
mialee,0,1,1
miam,2,6,8
miamafia,0,1,1
miami,429,323,752
miamiadc,0,1,1
miamii,0,1,1
miamiii,2,0,2
miamiiii,0,1,1
miamipicks,0,1,1
miamisburg,1,0,1
miamism,0,1,1
miammm,0,1,1
miammu,1,0,1
mian,1,3,4
mianetic,0,1,1
mianhae,1,0,1
miante,0,2,2
mianus,0,1,1
miaooow,0,1,1
miaoooww,0,1,1
miaow,1,0,1
miaowing,1,0,1
mias,1,1,2
miasnow,0,1,1
miata,3,2,5
miatyler,1,0,1
miau,0,1,1
miauuuuu,0,1,1
miauw,0,1,1
miaw,1,0,1
miayayo,0,1,1
miayayoooo,0,1,1
mib,2,5,7
mibba,3,5,8
mibbians,1,0,1
mibbit,6,2,8
mibby,1,0,1
mibody,1,0,1
mic,136,118,254
mica,9,7,16
micachu,1,0,1
micaela,0,3,3
micaenjoyed,1,0,1
micah,16,24,40
micahel,0,1,1
micahela,1,0,1
micahels,0,1,1
micali,0,1,1
micallef,2,3,5
micalyn,1,0,1
micartney,1,0,1
micas,0,1,1
micasss,1,0,1
miccosukee,1,0,1
micds,1,0,1
mice,57,40,97
miceli,0,1,1
micelli,0,1,1
mices,2,1,3
micespace,1,0,1
miceys,1,0,1
micf,0,1,1
mich,32,34,66
micha,4,4,8
michaaaael,0,1,1
michaeal,0,1,1
michael,390,543,933
michaela,7,23,30
michaelajones,0,1,1
michaelangelo,0,2,2
michaelas,0,1,1
michaelbault,0,1,1
michaelbuble,0,1,1
michaelcera,1,0,1
michaeljackson,1,6,7
michaeljameelah,1,0,1
michaeljamesway,0,1,1
michaeljohns,1,0,1
michaell,0,1,1
michaella,0,1,1
michaellll,0,1,1
michaelmcgee,1,0,1
michaelmusso,0,1,1
michaelnothing,0,1,1
michaeloconnell,0,1,1
michaelon,1,0,1
michaels,23,34,57
michaelscofield,1,0,1
michaelseater,0,1,1
michaelson,0,4,4
michaelss,0,1,1
michaelvalli,1,0,1
michal,0,1,1
michala,6,2,8
michalak,0,1,1
michalangelo,1,0,1
michale,2,0,2
michalkaalyson,1,0,1
micharkhid,1,0,1
michbennett,0,1,1
miche,1,0,1
micheaaaaaaaaaaaaaaaaaaal,0,1,1
micheal,29,37,66
micheala,1,0,1
michealangelo,0,1,1
michealll,1,0,1
michealllllll,1,0,1
micheals,2,2,4
michealson,1,1,2
micheaux,0,1,1
michei,0,1,1
michel,7,14,21
michelada,1,2,3
micheladas,0,1,1
michelangelo,1,1,2
michele,21,30,51
michelin,1,2,3
michell,0,1,1
michella,0,1,1
michellaaaaa,0,1,1
michelle,166,239,405
michelleann,0,1,1
michelleee,0,1,1
michelleeeeeee,0,1,1
michelleeeeeeeeeeeemybelleeeeeeeeeeeeeeeeee,1,0,1
michellefunny,0,1,1
michelleobama,1,0,1
michellephants,1,0,1
michellerawlins,0,1,1
michelles,3,7,10
michelleyys,1,0,1
michellina,1,0,1
michelline,0,1,1
michellleeeeee,1,0,1
michelllleee,0,1,1
michells,0,1,1
michelob,0,4,4
michelobs,0,1,1
michels,0,2,2
michelson,1,0,1
michely,0,1,1
michgan,0,1,1
michi,1,8,9
michian,0,1,1
michie,3,0,3
michiel,1,1,2
michievious,0,1,1
michig,1,0,1
michigamua,1,0,1
michigan,176,126,302
michiganbeat,0,1,1
michigander,1,2,3
michiganders,0,2,2
michigans,1,1,2
michigin,1,0,1
michiladas,0,1,1
michiru,1,1,2
michis,0,1,1
michisan,2,0,2
michkalatika,1,0,1
michoacana,1,0,1
michou,1,0,1
michun,1,0,1
michy,1,2,3
michyeobwa,0,1,1
micii,0,1,1
micing,1,0,1
mick,25,26,51
mickael,1,0,1
mickaela,1,0,1
mickel,0,1,1
mickelson,4,1,5
mickey,136,98,234
mickeyd,1,2,3
mickeyds,0,1,1
mickeyg,0,1,1
mickeymouse,1,0,1
mickeys,1,3,4
mickeyyy,0,1,1
mickie,6,2,8
micko,0,1,1
micks,0,1,1
micktakers,0,1,1
micky,15,23,38
mickyd,0,1,1
mickydee,0,1,1
mickyinthesky,1,0,1
miclovin,1,0,1
micole,0,1,1
micookie,1,0,1
micowaved,1,0,1
micport,0,1,1
micpres,0,1,1
micra,3,3,6
micro,59,53,112
microave,1,0,1
microb,1,0,1
microbes,4,1,5
microbial,1,0,1
microbio,6,5,11
microbiology,16,6,22
microblog,1,2,3
microbloggers,0,1,1
microblogging,3,9,12
microbloging,0,1,1
microblogs,2,1,3
microblogwatch,0,1,1
microbrew,0,1,1
microbrewery,1,0,1
microburst,1,0,1
microbus,1,0,1
microcastinga,1,0,1
microcenter,0,1,1
microcharging,1,0,1
microchip,1,2,3
microchips,0,1,1
microcoffee,0,1,1
microcomsos,0,1,1
microcontroller,1,0,1
microcontrollers,1,1,2
microcredit,0,1,1
microderm,0,1,1
microecon,1,1,2
microeconomic,1,0,1
microeconomics,10,1,11
microfiber,1,2,3
microfiction,1,0,1
microfinance,0,2,2
microfine,0,1,1
microfleece,1,0,1
microfon,0,1,1
microformat,0,1,1
microformats,0,1,1
microfridge,1,0,1
microgrant,0,1,1
microgynon,0,1,1
microisv,0,1,1
microkorg,1,0,1
microlight,0,1,1
microlog,2,0,2
micromanaged,1,1,2
micromanagement,1,0,1
micromanaging,1,0,1
micromemo,0,1,1
micromusic,1,0,1
micron,1,0,1
micronesian,0,1,1
micronutrition,0,1,1
microorganisms,0,1,1
microphone,24,30,54
microphones,7,7,14
microphoto,1,0,1
microplaza,0,1,1
microprocessor,2,0,2
microprojects,1,0,1
micros,4,0,4
microscope,4,4,8
microscopes,1,0,1
microscopic,1,1,2
microscopy,1,0,1
microsd,6,5,11
microsecond,0,2,2
microsemi,0,1,1
microserfs,0,2,2
microsfoft,1,0,1
microshit,0,1,1
microsize,0,1,1
microsmith,1,0,1
microsnuff,1,0,1
microsoft,238,266,504
microsoftee,1,0,1
microsoftfail,1,0,1
microsofts,3,4,7
microsoftshouldchange,0,1,1
microsofy,0,1,1
micrososft,0,1,1
microstock,0,2,2
microstockgroup,0,1,1
microsucks,1,0,1
microsuede,1,0,1
microsyntax,1,2,3
microsystems,5,3,8
microteach,0,1,1
microvaves,1,0,1
microvision,1,0,1
microwarpcast,1,0,1
microwavable,4,1,5
microwavables,0,1,1
microwave,112,71,183
microwaveable,5,1,6
microwaveables,1,0,1
microwaved,10,7,17
microwaves,4,2,6
microwavey,1,0,1
microwaving,4,2,6
microx,0,1,1
mics,8,1,9
micsha,0,1,1
micstand,0,2,2
micth,0,1,1
micthell,1,1,2
mictosoft,0,1,1
micu,0,2,2
mid,317,264,581
mida,0,1,1
midafternoon,0,1,1
midair,2,0,2
midas,4,2,6
midbreak,1,0,1
midcentral,1,0,1
midcity,1,0,1
midco,1,0,1
midcoast,0,1,1
midd,1,0,1
middag,0,1,1
midday,46,39,85
middel,1,1,2
middin,1,0,1
midding,1,0,1
middl,0,1,1
middle,945,574,1519
middleage,1,0,1
middleaged,0,2,2
middleastern,0,1,1
middlebrook,1,0,1
middleburg,1,1,2
middleclick,0,1,1
middled,0,1,1
middleeast,1,0,1
middleee,1,0,1
middlefinger,1,0,1
middleleft,1,0,1
middleman,1,1,2
middlenamethursday,1,0,1
middlenight,0,1,1
middleofnowhere,0,1,1
middles,2,0,2
middlesboro,1,1,2
middlesborough,3,1,4
middlesbourgh,0,2,2
middlesbro,1,1,2
middlesbrough,14,19,33
middleschool,2,0,2
middlesex,0,5,5
middleton,2,6,8
middletonmansion,1,0,1
middletown,5,2,7
middleware,0,1,1
middleway,1,0,1
middlewich,1,1,2
middling,2,1,3
middy,1,0,1
midear,0,1,1
midearrr,0,1,1
mideast,1,1,2
mideeee,0,1,1
miderm,0,1,1
midfield,1,0,1
midfielder,1,0,1
midg,1,0,1
midgaming,0,1,1
midgar,2,1,3
midge,10,8,18
midges,7,2,9
midget,21,25,46
midgeting,0,1,1
midgets,6,6,12
midgey,2,0,2
midgie,1,0,1
midgies,5,1,6
midgit,0,1,1
midgy,1,0,1
midgys,2,0,2
midhurst,1,1,2
midi,13,10,23
midight,1,0,1
midis,1,1,2
midjune,0,1,1
midland,7,9,16
midlands,19,18,37
midle,2,1,3
midler,1,5,6
midlife,9,7,16
midlo,3,0,3
midlothian,0,1,1
midls,0,1,1
midly,1,1,2
midmorn,1,1,2
midna,0,1,1
midnght,1,0,1
midnghtish,1,0,1
midnige,0,1,1
midnight,683,607,1290
midnighters,0,1,1
midnightromeo,0,4,4
midnights,5,1,6
midnightseductions,0,1,1
midnightt,0,1,1
midnighttt,0,1,1
midnightttt,0,2,2
midnite,26,21,47
midnitenightlipglosspop,0,1,1
mido,0,2,2
midol,17,5,22
midomi,4,4,8
midori,3,7,10
midorincharacter,1,0,1
midphase,0,1,1
midpoint,1,4,5
midpssh,0,1,1
midrand,0,1,1
midrats,0,1,1
midriff,0,1,1
mids,2,5,7
midsection,1,1,2
midsentence,0,1,1
midshift,1,0,1
midsomer,1,0,1
midsommar,2,0,2
midsommer,1,1,2
midsommerfest,0,1,1
midsouth,0,1,1
midst,19,32,51
midstream,1,0,1
midsts,0,1,1
midsummer,54,9,63
midsummerfair,1,0,1
midsummers,2,1,3
midsweet,0,1,1
midtempo,0,1,1
midterm,98,30,128
midterms,31,11,42
midtown,13,14,27
midtwenties,0,1,1
midv,1,0,1
midvale,0,1,1
midvalley,4,4,8
midway,28,13,41
midweek,9,5,14
midweekcrisis,2,0,2
midweeks,1,0,1
midwest,33,49,82
midwestern,3,4,7
midwesterner,0,1,1
midwesterners,0,2,2
midwife,7,7,14
midwinter,2,1,3
midwives,1,3,4
midyear,2,3,5
midyears,3,2,5
midyr,0,1,1
mie,6,9,15
miedo,2,1,3
mieeeek,0,1,1
mieke,1,0,1
mieko,0,1,1
miel,1,1,2
mielavs,0,1,1
miele,0,1,1
mieleki,0,1,1
mieliepap,0,1,1
miely,3,0,3
mien,3,3,6
miener,2,0,2
mienie,0,1,1
mientras,0,4,4
miera,0,1,1
miercoles,0,1,1
miercuri,0,1,1
mierda,1,1,2
mierdas,1,0,1
mierdita,0,1,1
miere,0,1,1
mies,0,2,2
mieser,1,0,1
miesha,0,1,1
miest,1,0,1
miette,1,0,1
mieux,0,1,1
mieville,0,1,1
miew,1,0,1
miez,0,1,1
mif,0,2,2
miff,3,0,3
miffed,33,7,40
mifflin,2,3,5
mifi,1,5,6
mifted,1,0,1
mifune,0,1,1
mig,4,5,9
miga,1,1,2
migadgets,0,1,1
migarine,1,0,1
migas,0,3,3
migawd,1,0,1
migente,1,1,2
miget,1,1,2
miggy,3,5,8
migh,1,3,4
mighhht,1,0,1
mighhttt,1,0,1
mighhttty,1,0,1
might,4745,5024,9769
mighta,5,3,8
mightbuyit,0,1,1
mightdo,1,0,1
mighter,0,1,1
mightier,0,3,3
mightiest,1,0,1
mightily,5,4,9
mightly,1,0,1
mightmare,0,1,1
mightstick,1,0,1
mightt,0,1,1
mightta,1,0,1
mighttt,0,1,1
mighttttt,0,1,1
mightve,4,3,7
mighty,107,169,276
mightymilli,0,1,1
mightymorph,0,1,1
mightymouse,0,1,1
mightyness,0,1,1
mightyyy,1,0,1
migi,1,0,1
migies,1,0,1
migiram,0,1,1
miglo,1,0,1
mignight,0,1,1
mignola,1,1,2
mignon,3,7,10
mignons,0,1,1
migon,1,2,3
migop,0,1,1
migoreng,1,0,1
migra,1,1,2
migrain,23,1,24
migraine,608,54,662
migrainee,1,0,1
migraineeeee,2,0,2
migraineeeesssss,1,0,1
migrainein,1,0,1
migraines,129,13,142
migrainess,1,0,1
migrainey,1,0,1
migraining,1,0,1
migrainnn,1,0,1
migrains,2,2,4
migrainy,1,0,1
migran,2,0,2
migrane,78,8,86
migraneeeee,1,0,1
migranes,11,3,14
migranol,1,0,1
migrant,1,1,2
migrants,0,1,1
migrate,13,20,33
migrated,10,6,16
migrates,2,0,2
migratie,0,1,1
migrating,16,5,21
migration,22,10,32
migrations,1,2,3
migratory,1,0,1
migriane,1,0,1
migrines,1,0,1
migs,1,6,7
migt,1,1,2
migth,3,1,4
miguel,16,24,40
miguelin,0,1,1
miguelita,1,0,1
miguelrequests,0,7,7
miguels,0,1,1
miguiboy,0,1,1
miha,0,1,1
mihaela,1,0,1
mihaelei,0,1,1
mihalis,0,1,1
mihama,0,1,1
mihiii,0,1,1
miho,0,2,2
mihswat,0,1,1
miht,1,1,2
mihuuu,0,1,1
mii,60,57,117
miiaaaa,1,0,1
miiam,1,0,1
miice,0,1,1
miie,1,0,1
miighht,0,1,1
miightv,0,1,1
miighty,0,1,1
miii,0,1,1
miiiggghht,1,0,1
miiight,0,1,1
miiii,2,2,4
miiiicky,0,1,1
miiiidnight,0,1,1
miiiight,2,3,5
miiiii,0,1,1
miiiiiiiiiiiiiiiiiiine,0,1,1
miiiiiiiiiiiiilk,1,0,1
miiiiiiiiiiiiis,1,0,1
miiiiiiiiiiiiixed,1,0,1
miiiiiiiileeeeeeeeeey,0,1,1
miiiiiiiis,1,0,1
miiiiiiiss,1,0,1
miiiiiine,0,1,1
miiiiiiss,1,1,2
miiiiiley,0,1,1
miiiiin,1,0,1
miiiiine,1,2,3
miiiiineeee,0,1,1
miiiiiss,1,0,1
miiiiissed,1,0,1
miiiiisssccchhhhhhh,1,0,1
miiiikaaa,1,0,1
miiiike,1,0,1
miiiilch,1,0,1
miiiiley,0,2,2
miiiilk,0,1,1
miiiind,0,1,1
miiiine,2,0,2
miiiineeeeeee,1,0,1
miiiint,0,1,1
miiiiss,1,0,1
miiiissss,1,1,2
miiiix,0,1,1
miiiles,1,0,1
miiiley,1,0,1
miiind,1,0,1
miiine,0,1,1
miiineeeeeeee,1,0,1
miiinne,1,0,1
miiinnntt,1,0,1
miiish,1,0,1
miiiss,2,0,2
miiissed,1,0,1
miiisss,1,0,1
miiisssssssttttttteeeeeeeeerrrrrrrrrrrrrr,1,0,1
miike,0,2,2
miikeyyworm,1,0,1
miiko,1,0,1
miileey,0,1,1
miiley,0,1,1
miilion,0,1,1
miilk,1,0,1
miind,1,0,1
miine,0,1,1
miinnnesota,0,1,1
miins,1,0,1
miinutes,0,1,1
miion,0,1,1
miis,7,1,8
miised,1,0,1
miiself,1,2,3
miishh,1,0,1
miising,2,0,2
miiss,11,2,13
miissedd,0,1,1
miissiing,1,0,1
miissing,2,0,2
miisss,2,1,3
miisssed,1,0,1
miissss,1,0,1
miisssss,0,2,2
miisz,0,1,1
miit,0,1,1
miite,1,0,1
miizronnie,0,1,1
mij,2,1,3
mija,5,5,10
mijami,1,0,1
miji,0,1,1
mijloc,1,0,1
mijn,5,6,11
mijnoned,0,1,1
mijo,6,5,11
mik,3,7,10
mika,20,39,59
mikaaa,1,0,1
mikaal,0,1,1
mikado,9,5,14
mikados,2,2,4
mikael,0,1,1
mikaela,7,3,10
mikah,0,1,1
mikahla,0,1,1
mikang,0,1,1
mikas,0,1,1
mikasounds,1,3,4
mikati,1,0,1
mikay,1,1,2
mikayla,1,2,3
mikcey,1,0,1
mike,398,546,944
mikealis,0,1,1
mikeandmals,0,1,1
mikebailey,1,0,1
mikebear,0,1,1
mikebens,1,0,1
miked,1,0,1
mikee,6,7,13
mikeee,1,1,2
mikeeeeeeeeeeee,0,1,1
mikeey,1,0,1
mikeezy,1,0,1
mikeheesen,0,1,1
mikel,2,4,6
mikela,0,1,1
mikelle,1,0,1
mikelopez,1,0,1
mikenzie,0,1,1
mikerlopez,1,0,1
mikerzz,0,1,1
mikes,22,26,48
mikesh,0,1,1
miketinis,1,0,1
mikeu,2,0,2
mikey,104,123,227
mikeyj,0,1,1
mikeys,1,4,5
mikeytunes,0,1,1
mikeywayday,1,14,15
mikeywayness,0,2,2
mikeyxera,0,1,1
mikeyy,4,4,8
mikeyyd,1,0,1
mikhad,1,0,1
mikhail,0,1,1
mikhal,0,1,1
mikhalok,0,1,1
mikham,1,0,1
mikhastam,1,0,1
miki,2,5,7
mikie,1,1,2
mikifpher,0,1,1
mikifuse,0,1,1
mikimoto,0,2,2
mikirin,1,2,3
mikirnya,0,1,1
mikita,1,0,1
mikitty,0,1,1
mikka,2,3,5
mikkee,1,0,1
mikkeee,0,1,1
mikkel,1,3,4
mikkelandersen,0,1,1
mikkeli,0,1,1
mikkell,1,0,1
mikkeller,1,0,1
mikkelsen,1,1,2
mikkey,1,0,1
mikki,2,5,7
mikko,2,4,6
mikkola,0,1,1
mikky,0,2,2
mikmaq,2,0,2
miko,3,3,6
mikocheni,0,1,1
mikogo,0,3,3
mikonam,1,0,1
mikoo,0,1,1
mikor,1,0,1
mikreal,1,0,1
mikro,0,1,1
mikrokorg,1,0,1
miks,1,1,2
miku,1,1,2
mikul,1,0,1
mikunis,0,1,1
mikuru,1,0,1
mikutell,0,1,1
mikva,1,0,1
miky,2,1,3
mikyhla,0,1,1
mikyla,0,1,1
mikyoung,1,0,1
mil,57,61,118
mila,12,18,30
milaaayxo,0,1,1
milad,1,0,1
milady,1,4,5
milage,0,4,4
milah,1,0,1
milaine,0,1,1
milali,1,0,1
milan,48,65,113
milana,1,0,1
milanese,0,1,1
milani,0,2,2
milanie,0,1,1
milanista,0,1,1
milanisti,0,1,1
milanka,1,0,1
milano,7,16,23
milanos,1,1,2
milanq,1,1,2
milao,1,0,1
milar,1,0,1
milarky,0,2,2
milax,1,0,1
milbrae,0,1,1
milburn,2,0,2
milbury,0,2,2
milby,1,1,2
milca,0,1,1
milchbar,0,1,1
milchreis,0,1,1
milcom,0,1,1
mild,74,32,106
milda,0,1,1
milder,0,4,4
mildest,1,0,1
mildew,6,0,6
mildewy,0,1,1
mildly,29,19,48
mildred,1,2,3
mildreds,0,1,1
mildura,0,2,2
mildy,3,1,4
mile,285,311,596
mileage,11,15,26
milee,0,1,1
mileeeeeeeeeeeeeeeeeeeeeeeeeeeeeeeeeeeyyyyyyy,1,0,1
mileeeeeeeey,1,0,1
mileeeeeeey,0,2,2
mileeeeey,1,1,2
mileeeey,1,0,1
mileeey,2,5,7
mileeeyy,0,1,1
mileeeyyyy,1,0,1
milees,0,1,1
mileey,3,11,14
mileeyy,0,1,1
mileeyyy,0,2,2
milegi,0,2,2
milehakes,1,0,1
milehighbrowncoats,1,0,1
milena,1,1,2
milene,0,1,1
milenia,1,0,1
milenko,1,0,1
miler,13,17,30
milers,0,1,1
milerz,1,1,2
miles,788,684,1472
milesa,1,0,1
milesaway,1,0,1
milesssss,0,1,1
milester,1,0,1
milestone,16,52,68
milestones,4,10,14
miletraining,0,1,1
miley,960,1736,2696
mileyand,2,0,2
mileybrazil,1,1,2
mileycans,1,2,3
mileycrus,1,0,1
mileycyrus,15,25,40
mileycyrusgirl,0,1,1
mileycyrusim,0,1,1
mileycyruspersonal,0,1,1
mileyfan,0,1,1
mileyfanfeed,1,0,1
mileyfans,0,1,1
mileyfashion,0,1,1
mileyhq,0,1,1
mileylicious,0,1,1
mileyloverx,2,0,2
mileymandy,3,1,4
mileymandyfan,0,4,4
mileymonday,0,161,161
mileyonline,0,1,1
mileys,18,29,47
mileystyle,0,1,1
mileythebest,0,1,1
mileytime,1,0,1
mileyworld,17,17,34
mileyworldcodes,0,1,1
mileyy,6,15,21
mileyyy,4,7,11
mileyyyy,0,3,3
mileyyyyy,0,3,3
mileyyyyyy,0,3,3
mileyyyyyyyyyy,0,1,1
mileyyyyyyyyyyy,0,1,1
milez,5,7,12
milezzzzzz,0,1,1
milf,12,24,36
milford,1,5,6
milfordd,1,0,1
milfs,0,5,5
milfshaker,0,1,1
milfy,3,1,4
milh,1,0,1
milhouse,0,5,5
mili,3,5,8
milia,2,0,2
milian,2,2,4
miliani,0,1,1
miliband,2,0,2
milicevic,0,1,1
milife,0,1,1
miliii,1,0,1
milijas,1,1,2
milik,1,0,1
mililani,3,2,5
milind,0,1,1
miling,1,0,1
milinokas,0,1,1
milioane,1,0,1
milion,1,2,3
milionaire,0,1,1
milionnaire,1,0,1
milions,0,1,1
milis,0,1,1
militant,3,0,3
militar,1,0,1
militari,0,1,1
militarism,0,1,1
military,63,45,108
militaryanswers,0,1,1
militaryavenue,0,1,1
militarymon,12,23,35
militarymonday,1,9,10
militia,5,2,7
milivina,1,0,1
milk,748,634,1382
milka,2,3,5
milkado,1,0,1
milkalicious,0,1,1
milkandbeans,0,1,1
milkbone,1,1,2
milkbones,0,2,2
milkboy,1,0,1
milkbrick,1,0,1
milkcan,1,0,1
milkd,0,1,1
milke,0,1,1
milked,2,3,5
milkfish,1,1,2
milkhope,0,1,1
milking,8,7,15
milkjar,0,1,1
milkkk,2,0,2
milkkkk,0,1,1
milkman,2,1,3
milkmen,0,1,1
milko,1,0,1
milks,2,6,8
milkshake,86,82,168
milkshakefail,1,0,1
milkshakes,17,33,50
milkskake,1,0,1
milktea,1,1,2
milkway,0,1,1
milky,34,36,70
milkybar,0,1,1
milkyway,1,1,2
milkyways,0,1,1
mill,46,50,96
milla,3,7,10
millabc,0,1,1
millage,0,2,2
millal,0,1,1
millan,2,4,6
millano,1,0,1
millar,0,3,3
millard,1,1,2
millay,2,0,2
millbrae,0,1,1
millbrook,0,1,1
millcreek,1,1,2
mille,1,3,4
millecent,0,1,1
milled,1,2,3
milledge,0,1,1
milledgeville,1,0,1
millegan,1,2,3
milleks,0,1,1
millen,3,0,3
millencolin,0,2,2
millenia,2,4,6
millenial,0,2,2
millenium,14,11,25
millennia,0,1,1
millennium,8,11,19
miller,35,59,94
millere,0,1,1
millers,3,1,4
millersfield,0,1,1
milles,2,1,3
millet,2,0,2
millets,2,2,4
milleunium,0,1,1
milley,2,0,2
millfest,0,1,1
millhouse,1,1,2
milli,7,6,13
millia,1,0,1
millian,0,2,2
milliband,1,0,1
millie,20,29,49
milliej,1,0,1
millielove,1,0,1
millier,0,1,1
millies,3,1,4
milligan,0,2,2
milliiiiiiiiiiiiiii,1,0,1
milliio,1,0,1
milliion,1,0,1
millikan,1,0,1
millimeter,0,1,1
milliner,0,1,1
millinery,0,1,1
milling,3,4,7
millio,1,0,1
million,447,484,931
millionair,3,1,4
millionaire,64,111,175
millionaireee,0,1,1
millionaires,7,9,16
millionairess,1,0,1
millionar,0,1,1
millionare,7,8,15
millionares,1,0,1
millionclues,0,1,1
milliondollarman,1,0,1
millioneth,0,1,1
millioniare,1,0,1
millioniares,1,0,1
millionloadzoflaundry,0,1,1
millionnaire,3,1,4
millionnn,1,0,1
millionnnn,0,2,2
milliononce,0,1,1
millions,81,97,178
millionsbyname,1,0,1
millionsssss,0,1,1
millionth,14,19,33
milliooon,0,1,1
millioooons,0,1,1
millipedes,1,0,1
millipeed,1,0,1
millisecond,4,1,5
milliseconds,1,0,1
millised,0,1,1
millivanilli,1,0,1
milliwheaton,0,1,1
milliyon,0,1,1
milll,1,0,1
millle,1,0,1
milllenium,0,1,1
milllionare,0,1,1
milllllllll,0,1,1
millllyyy,0,1,1
millls,0,1,1
millo,1,0,1
milloins,0,1,1
millon,1,4,5
millonario,0,1,1
millonth,1,0,1
millor,2,1,3
millpond,2,0,2
millport,0,1,1
mills,30,41,71
millsberry,0,3,3
millsthemusical,1,0,1
millstone,0,1,1
millsy,0,5,5
millsys,0,1,1
millur,0,1,1
millvale,1,0,1
millvina,19,0,19
millwall,3,1,4
millward,0,1,1
millwoordonline,0,1,1
milly,3,11,14
millys,2,0,2
millyxx,0,1,1
millyyy,1,0,1
millz,0,1,1
milmonday,0,1,1
miln,0,1,1
milne,2,0,2
milner,0,1,1
milo,81,77,158
milon,1,0,1
milonakis,0,1,1
milonga,1,0,1
milonzzi,0,1,1
miloo,1,0,1
milooo,0,1,1
milooooo,0,1,1
milord,0,1,1
milos,1,1,2
milosc,0,1,1
milosz,1,0,1
milotic,1,1,2
milou,1,1,2
milow,2,6,8
milpark,1,0,1
milpitas,1,2,3
milplace,0,2,2
milpol,0,1,1
milport,0,1,1
mils,2,4,6
milsberry,0,1,1
milsom,0,2,2
milsoms,1,0,1
milstone,1,0,1
milt,1,2,3
milta,0,1,1
miltary,0,2,2
miltarymon,0,1,1
milted,0,1,1
miltmafia,0,2,2
miltmafiamonday,0,2,2
milton,23,23,46
miltonnnn,0,1,1
miltos,0,1,1
miltown,0,2,2
miltry,1,0,1
milts,0,1,1
miluh,1,0,1
miluju,0,1,1
milvinia,1,0,1
milw,2,0,2
milwauee,0,1,1
milwauke,0,1,1
milwaukee,50,60,110
milwaukeeians,0,1,1
milwaukeetweetup,1,0,1
milwy,1,0,1
mily,1,1,2
milz,1,1,2
mim,8,9,17
mima,2,1,3
mimas,1,0,1
mimbot,0,1,1
mimco,1,2,3
mimcy,0,1,1
mime,8,11,19
mimed,2,1,3
mimes,3,3,6
mimfox,1,0,1
mimi,55,73,128
mimic,3,4,7
mimicing,1,0,1
mimicked,1,0,1
mimicking,0,3,3
mimics,1,0,1
mimies,0,1,1
mimiez,0,1,1
mimiiii,1,0,1
mimimi,4,0,4
mimimimi,2,0,2
mimimimimi,1,0,1
mimimimimmoe,0,1,1
mimimimisssh,1,0,1
mimimy,1,0,1
miming,3,4,7
mimio,1,0,1
mimir,2,0,2
mimiron,2,4,6
mimis,27,23,50
mimisaurus,1,0,1
mimisha,1,0,1
mimiss,1,0,1
mimitime,0,1,1
mimiz,2,6,8
mimkin,0,1,1
mimmi,1,0,1
mimmick,1,0,1
mimmie,0,1,1
mimmiz,0,1,1
mimmmm,1,0,1
mimmo,2,0,2
mimmosa,0,1,1
mimms,2,0,2
mimmy,1,0,1
mimo,4,3,7
mimobot,0,2,2
mimos,1,0,1
mimosa,10,10,20
mimosas,5,18,23
mimpi,3,3,6
mimpinya,2,1,3
mims,2,5,7
mimunm,1,0,1
min,1087,745,1832
mina,11,13,24
minabear,1,0,1
minaj,7,10,17
minak,0,1,1
minalas,0,1,1
minamal,1,0,1
minami,1,1,2
minamic,0,1,1
minarets,0,1,1
minas,2,3,5
minassians,0,1,1
minature,1,1,2
minatures,1,1,2
minbreak,1,0,1
minc,0,2,2
mincards,1,0,1
mincashed,1,0,1
mince,7,11,18
minced,2,2,4
mincemeat,1,1,2
minces,2,0,2
minchin,6,13,19
mincy,1,0,1
mind,2163,2720,4883
minda,0,1,1
mindanao,1,3,4
mindapp,1,0,1
minday,0,2,2
mindbender,0,1,1
mindbendersupreme,0,1,1
mindbending,0,1,1
mindblastic,0,1,1
mindblasting,0,1,1
mindblowing,3,2,5
mindblowingly,0,2,2
mindboggles,0,1,1
mindboggling,2,0,2
mindbrain,1,0,1
mindd,1,4,5
minddd,2,2,4
mindddd,1,1,2
minddddd,1,0,1
mindddddd,1,0,1
minddddddddddd,1,0,1
minde,1,1,2
minded,39,59,98
mindedly,0,1,1
mindedness,2,4,6
mindee,1,0,1
mindeixa,1,0,1
mindemptyness,0,1,1
minden,4,0,4
minder,2,2,4
mindf,2,0,2
mindfields,0,1,1
mindframe,1,1,2
mindfreak,0,1,1
mindfreaks,0,1,1
mindfuck,2,0,2
mindful,1,8,9
mindfullness,1,0,1
mindfulness,1,2,3
mindi,1,2,3
mindie,0,1,1
mindin,2,1,3
minding,11,17,28
mindjet,1,0,1
mindless,19,35,54
mindlessly,0,2,2
mindlessselfindulgence,0,1,1
mindliving,1,0,1
mindmanager,2,1,3
mindmap,0,2,2
mindmapping,0,1,1
mindmaps,1,3,4
mindmeto,1,0,1
mindnight,0,2,2
mindnumbing,1,1,2
mindofapanther,1,0,1
mindoro,0,1,1
mindreader,2,0,2
mindreading,1,0,1
minds,89,240,329
mindset,9,14,23
mindsets,0,1,1
mindshare,1,0,1
mindspace,1,1,2
mindspike,0,1,1
mindstream,0,2,2
mindtouch,1,2,3
mindtree,0,1,1
mindu,2,0,2
mindvalley,1,1,2
mindy,17,16,33
mindyyyy,0,1,1
mindz,0,1,1
mine,3863,3060,6923
minecart,1,0,1
minecraft,1,0,1
mined,1,3,4
minee,8,5,13
mineee,3,2,5
mineeee,1,0,1
mineeeee,1,1,2
mineeeeee,1,0,1
mineeeeeeee,1,0,1
mineeeeeeeeeee,0,2,2
minefield,2,1,3
minehead,2,4,6
minella,1,0,1
minelli,0,1,1
miner,2,7,9
mineral,5,13,18
mineralista,1,0,1
mineralized,1,0,1
minerals,3,8,11
miners,1,1,2
minerva,3,1,4
mines,218,117,335
miness,4,0,4
minessss,1,0,1
minestrone,4,1,5
minestry,0,1,1
minesweeper,5,4,9
mineswippering,0,1,1
minethatbird,0,1,1
minette,0,1,1
minewill,0,1,1
miney,2,2,4
minez,1,1,2
minf,0,1,1
ming,24,19,43
minga,1,0,1
mingaw,1,0,1
minge,2,1,3
mingel,0,1,1
minger,2,1,3
minggg,0,1,1
minggu,11,4,15
mingguan,0,1,1
minghuay,0,1,1
mingin,5,0,5
minging,7,4,11
mingit,0,1,1
mingle,4,9,13
mingled,2,0,2
mingles,1,0,1
mingling,2,4,6
minglis,0,1,1
minglish,1,0,1
mingming,0,1,1
mingo,0,1,1
mingon,0,1,1
mingus,0,2,2
minh,12,5,17
minha,9,11,20
minhas,0,5,5
minho,1,6,7
minhom,0,1,1
minhs,1,0,1
mini,497,669,1166
minia,0,1,1
miniant,0,1,1
miniature,9,16,25
miniatures,3,2,5
minibar,2,2,4
minibit,0,2,2
miniblog,0,1,1
minibookreview,0,1,1
minibosses,1,0,1
minibreak,0,2,2
minibundle,0,1,1
minibus,1,3,4
minic,1,0,1
minicamp,0,1,1
minicard,1,1,2
minicards,2,0,2
minichamps,1,0,1
minichocolates,0,1,1
minicity,0,1,1
miniclip,0,4,4
minicons,0,1,1
minicyn,0,1,1
minidump,1,0,1
minieggs,0,1,1
minifridge,1,0,1
miniftops,2,0,2
minify,1,0,1
minigame,1,0,1
minigames,1,0,1
minigei,0,1,1
minigolf,4,3,7
minigolfing,0,2,2
minihammer,0,1,1
minijob,0,1,1
minilyrics,0,1,1
minima,2,1,3
minimal,33,40,73
minimalism,1,0,1
minimalist,1,7,8
minimalista,1,0,1
minimalistic,0,2,2
minimally,1,1,2
minimaltuesday,0,1,1
minimalule,0,1,1
minimeals,0,1,1
minimester,1,0,1
minimetro,1,0,1
minimialist,0,1,1
minimins,1,0,1
minimise,10,2,12
minimised,1,0,1
minimises,1,0,1
minimising,0,1,1
minimix,0,3,3
minimize,27,11,38
minimized,2,0,2
minimizes,2,0,2
minimizetotray,0,1,1
minimizing,2,3,5
minimova,1,0,1
minimual,1,0,1
minimum,64,49,113
minimums,1,0,1
minimze,1,0,1
mining,11,11,22
mininote,1,0,1
mininova,8,3,11
mininum,0,1,1
minioans,0,1,1
minion,4,15,19
minione,0,1,1
minions,19,19,38
minipc,0,1,1
minipig,0,1,1
minipops,0,1,1
minipotatobread,0,1,1
minippi,0,1,1
miniqture,1,0,1
minireunion,1,0,1
minis,7,15,22
miniscooter,0,1,1
miniscule,2,1,3
minisd,1,0,1
miniseries,3,0,3
minisgcc,0,1,1
minish,2,0,2
minisink,0,1,1
miniskirt,1,2,3
miniskirts,0,1,1
minisop,0,1,1
minisota,0,2,2
minissha,0,2,2
minister,20,53,73
ministerish,0,1,1
ministerium,0,1,1
ministers,7,11,18
ministries,2,3,5
ministrs,0,1,1
ministry,24,62,86
minit,2,0,2
minites,2,0,2
minitest,1,0,1
minitoilet,0,1,1
minitor,0,1,1
minitour,1,0,1
minits,1,0,1
minitt,1,0,1
miniture,1,1,2
miniunited,0,1,1
minius,1,0,1
miniusb,1,1,2
miniute,0,1,1
miniutes,1,0,1
minivacay,1,0,1
minival,1,0,1
minivan,6,12,18
miniversary,1,0,1
miniwentz,0,1,1
miniwheaton,0,1,1
miniwheats,0,1,1
miniwheatsguy,0,2,2
minix,0,1,1
minizes,1,0,1
minizzle,0,1,1
minja,1,0,1
minjeong,0,1,1
minji,1,0,1
minjie,0,1,1
minjolt,1,0,1
minju,0,1,1
mink,4,4,8
minki,1,1,2
minkie,0,1,1
minkies,0,1,1
minkles,1,0,1
minkoff,1,2,3
minks,3,0,3
minku,1,0,1
minkus,3,0,3
minl,1,0,1
minm,1,0,1
minmatar,1,0,1
minmeditation,1,0,1
minmin,1,0,1
minn,4,3,7
minna,3,4,7
minnar,1,0,1
minnd,0,1,1
minne,1,2,3
minneapolis,33,28,61
minneapolisst,0,1,1
minnebron,0,1,1
minners,1,0,1
minnesocold,0,1,1
minnesoooooooota,2,0,2
minnesooota,1,0,1
minnesota,58,38,96
minnesotaaaaa,0,1,1
minnesotan,2,2,4
minney,0,1,1
minni,1,3,4
minniapolis,1,0,1
minnie,27,15,42
minniemouse,1,0,1
minnies,1,0,1
minnigan,0,1,1
minnish,0,1,1
minnn,0,1,1
minnndd,1,0,1
minnnnnn,0,1,1
minnnnnnnnnnneeeee,1,0,1
minnosota,1,0,1
minnovation,1,0,1
minnow,0,2,2
minnows,0,1,1
minnutes,1,1,2
minny,1,2,3
minnymuffins,0,1,1
mino,9,8,17
minoa,0,1,1
minogue,5,8,13
minohd,1,0,1
minolos,1,0,1
minolta,1,3,4
minomycin,0,1,1
minooooooo,0,1,1
minor,125,98,223
minorca,2,1,3
minored,1,1,2
minorities,5,3,8
minority,20,33,53
minorityx,0,2,2
minorityxx,0,1,1
minorly,1,0,1
minors,9,2,11
minot,1,1,2
minotaur,3,2,5
minotaurs,0,1,1
minotouro,0,1,1
minouge,0,1,1
minowgli,0,1,1
minpin,0,1,1
minr,1,0,1
mins,1446,893,2339
minsan,0,3,3
minsanan,1,0,1
minsh,0,1,1
minsk,0,3,3
minskeys,0,1,1
minsky,0,1,1
minsoo,1,0,1
minsss,0,1,1
minssss,1,1,2
minstels,1,1,2
minster,1,0,1
minsters,1,0,1
minstrel,2,1,3
minstrels,4,4,8
mint,117,199,316
minta,1,4,5
mintage,0,2,2
mintak,2,0,2
mintchip,0,1,1
mintday,1,0,1
minted,2,2,4
minti,1,0,1
minties,2,1,3
mintiness,0,1,1
mintion,0,1,1
minto,4,1,5
mintohardjo,0,1,1
minton,0,1,1
mintoppable,1,0,1
mintos,1,0,1
mints,19,25,44
mintt,0,2,2
mintttttt,0,1,1
mintue,3,2,5
mintues,16,10,26
mintunes,0,1,1
mintutes,2,0,2
minty,8,16,24
mintyapple,1,0,1
mintyboost,1,0,1
mintz,1,0,1
minua,0,1,1
minuet,4,1,5
minuets,7,4,11
minuite,1,1,2
minuites,1,1,2
minuits,0,1,1
minum,1,1,2
minumum,1,0,1
minunets,1,0,1
minunilor,0,1,1
minus,258,204,462
minusblue,0,2,2
minuscula,0,1,1
minuscule,4,0,4
minuses,3,1,4
minusheart,0,1,1
minustes,0,1,1
minut,1,4,5
minute,1028,982,2010
minuted,1,0,1
minutee,0,1,1
minuteeee,1,0,1
minutees,1,0,1
minutely,1,0,1
minutemaid,0,1,1
minuteman,1,0,1
minuten,0,2,2
minutens,0,1,1
minuter,1,0,1
minuters,1,0,1
minutes,2534,1844,4378
minutess,0,2,2
minutesss,2,0,2
minutest,1,1,2
minutez,1,1,2
minutia,1,3,4
minutiae,0,3,3
minutka,0,1,1
minuto,0,2,2
minutos,1,1,2
minuts,4,4,8
minuttes,0,1,1
minutues,1,1,2
minver,1,0,1
minvisam,0,1,1
minx,4,8,12
minxes,0,1,1
minxmaster,1,0,1
minxuan,0,1,1
minxy,2,2,4
miny,0,2,2
minyak,0,1,1
minz,4,2,6
minzy,0,2,2
minzzz,0,1,1
minzzzz,1,0,1
mio,13,18,31
miodnight,1,0,1
mioght,0,1,1
miolion,1,0,1
mione,1,0,1
mioposto,1,0,1
miori,1,0,1
mios,1,0,1
mioshi,1,0,1
miot,0,1,1
mip,1,0,1
miphone,1,0,1
mipi,2,0,2
mippin,0,1,1
mips,1,0,1
miqht,4,4,8
miqs,1,0,1
mique,0,1,1
miquel,0,3,3
miquita,0,2,2
mir,25,23,48
mira,13,17,30
miraaaaaa,0,1,1
miraaaaaaaaaaa,0,1,1
mirabar,1,1,2
mirabelle,1,0,1
mirabitur,0,1,1
miracelous,1,0,1
miracle,136,113,249
miracles,6,56,62
miraclly,0,1,1
miracously,0,1,1
miraculous,5,5,10
miraculously,9,8,17
mirada,0,3,3
mirage,13,12,25
mirago,0,1,1
mirah,0,3,3
mirai,0,1,1
miraines,1,0,1
miralax,1,0,1
miralu,0,1,1
miramar,3,1,4
miramesa,1,0,1
miranda,46,62,108
mirandabuzzfans,0,1,1
mirandaim,0,1,1
mirandam,0,1,1
mirandas,0,2,2
mirandasings,0,1,1
mirange,0,1,1
mirasadollahi,1,0,1
mirasol,1,0,1
mirb,0,1,1
mirc,0,5,5
mircea,0,1,1
mirchi,0,2,2
mircosfot,0,1,1
mircosoft,1,0,1
mirdy,0,1,1
mire,4,5,9
mired,1,0,1
mirei,0,1,1
mireika,0,1,1
mireille,1,0,1
mirela,0,1,1
mirella,0,2,2
miren,1,2,3
mirena,0,1,1
mirgrain,1,0,1
mirgraines,1,0,1
miri,17,16,33
miriam,10,13,23
mirical,2,0,2
miricle,2,1,3
mirie,0,1,1
mirienda,0,2,2
miriib,1,0,1
mirim,0,1,1
miriook,0,1,1
mirip,2,3,5
miris,2,1,3
mirit,2,0,2
mirjam,0,2,2
mirka,1,1,2
mirlnlass,1,0,1
mirna,1,2,3
mirning,1,0,1
miro,4,4,8
miroase,0,1,1
mirobolaaaaant,0,1,1
miroir,1,0,1
miroo,0,1,1
miros,0,2,2
mirotic,2,1,3
miroticon,0,1,1
mirr,0,2,2
mirra,1,3,4
mirraccas,1,0,1
mirren,2,2,4
mirrior,0,1,1
mirror,145,143,288
mirrored,5,4,9
mirroring,1,2,3
mirrorlove,0,1,1
mirrormask,0,3,3
mirrors,24,21,45
mirrow,1,1,2
mirs,2,0,2
mirsa,0,1,1
mirth,4,6,10
mirthfully,0,1,1
mirtitas,0,1,1
miru,0,1,1
miry,0,1,1
miryclay,1,0,1
mirza,1,3,4
mis,122,52,174
misa,10,6,16
misaa,0,1,1
misable,1,0,1
misadventures,2,4,6
misah,1,0,1
misai,0,1,1
misaligned,4,0,4
misana,0,1,1
misandry,0,1,1
misano,1,0,1
misanthrope,1,1,2
misanthropic,1,0,1
misanthropy,1,2,3
misatakes,1,0,1
misattributed,0,1,1
misawa,7,0,7
misbehave,1,6,7
misbehaved,2,3,5
misbehavin,1,1,2
misbehaving,9,2,11
misbehavior,1,0,1
misborn,0,1,1
misc,7,6,13
miscaculating,1,0,1
miscal,1,0,1
miscalculated,4,1,5
miscalculation,2,0,2
miscarriage,12,0,12
miscarriages,3,1,4
miscarried,8,1,9
miscarrige,1,0,1
miscarrying,1,0,1
miscellaneous,1,0,1
miscellany,1,1,2
misch,0,1,1
mischa,4,6,10
mischeif,0,1,1
mischevious,0,6,6
mischief,10,24,34
mischiefs,0,1,1
mischievious,1,4,5
mischievous,4,12,16
mischka,1,1,2
miscliked,1,0,1
misco,0,1,1
miscommunication,7,7,14
miscommunications,1,0,1
miscomunication,1,0,1
misconception,2,2,4
misconceptions,1,6,7
misconfigured,0,1,1
misconnected,1,1,2
misconscrued,0,1,1
misconstrued,1,2,3
miscount,1,0,1
miscounted,2,2,4
miscreants,0,1,1
miscrosft,0,1,1
miscrosoft,1,0,1
misd,5,1,6
misdelivered,1,0,1
misdemeanor,0,1,1
misdiagnosed,1,0,1
misdirected,1,0,1
misdirection,1,0,1
mise,0,2,2
miseable,1,0,1
misearbly,1,0,1
mised,8,1,9
miseducation,0,1,1
miself,2,0,2
misely,1,0,1
misen,1,0,1
miserabally,1,0,1
miserable,627,85,712
miserablee,1,0,1
miserableee,1,0,1
miserableeee,1,0,1
miserablely,1,0,1
miserableness,1,0,1
miserables,2,2,4
miserabley,1,0,1
miserabllleee,1,0,1
miserably,103,16,119
miserale,1,0,1
miserating,1,0,1
miseri,0,1,1
miseribly,1,0,1
miseries,0,1,1
miserly,1,0,1
misery,80,39,119
mises,0,1,1
misfed,1,0,1
misfiled,0,1,1
misfire,1,0,1
misfiring,3,0,3
misfit,2,3,5
misfits,1,5,6
misformated,0,1,1
misformay,0,1,1
misfortune,8,6,14
misfortunes,4,0,4
misfrortune,1,0,1
misgivings,1,0,1
misguided,8,4,12
misguiding,1,0,1
mish,36,17,53
misha,46,55,101
mishaaa,1,0,1
mishaaaaaaaa,0,1,1
mishacollins,0,1,1
mishamonday,0,1,1
mishan,0,1,1
mishandling,1,0,1
mishaneedschapstick,1,1,2
mishap,14,3,17
mishappreciation,0,1,1
mishaps,6,5,11
mishari,1,0,1
mishas,2,1,3
mishasminions,1,0,1
mishavad,1,0,1
mishavim,1,0,1
mishavonna,0,1,1
mishawaka,1,0,1
mishca,1,0,1
mishchievious,0,1,1
mishd,0,1,1
mishe,1,0,1
misheard,1,4,5
mished,1,0,1
mishel,1,0,1
mishell,1,0,1
mishelle,0,1,1
mishew,2,0,2
mishgoddess,1,0,1
mishh,3,2,5
mishhh,1,0,1
mishhhh,1,0,1
mishicot,1,0,1
mishie,1,0,1
mishima,2,0,2
mishin,1,0,1
mishing,2,0,2
mishiru,0,1,1
mishk,1,0,1
mishka,1,2,3
mishkin,0,1,1
mishmash,1,0,1
mishmashers,1,0,1
mishmish,0,1,1
mishon,0,1,1
mishoo,1,0,1
mishs,0,1,1
mishtake,0,1,1
mishti,0,1,1
mishu,5,0,5
mishyooou,0,1,1
mishyu,1,0,1
misi,2,2,4
misia,0,1,1
misici,0,1,1
misidentified,1,0,1
misidentify,1,1,2
misinform,1,0,1
misinformation,1,5,6
misinformed,3,2,5
mising,8,2,10
misinterpret,1,0,1
misinterpretation,1,2,3
misinterpretations,1,0,1
misinterpreted,1,2,3
mision,0,1,1
misisipi,0,2,2
misisng,5,0,5
misizboi,1,0,1
misjudge,1,1,2
misjudged,7,2,9
misjudgements,1,0,1
miskatonic,0,1,1
miskeen,0,1,1
miskeetoes,1,0,1
miskolc,0,1,1
mislabeled,1,0,1
mislabelled,1,0,1
mislabled,1,0,1
mislaid,2,0,2
mislead,9,3,12
misleading,17,7,24
misled,3,4,7
mislqqq,0,1,1
mismanaged,1,0,1
mismanagement,1,0,1
mismanages,1,0,1
mismarked,1,0,1
mismatch,2,0,2
mismatched,5,3,8
mismatching,0,2,2
mismo,6,11,17
misng,1,0,1
misnight,1,0,1
misnomer,1,1,2
miso,28,18,46
misog,0,1,1
misogynic,0,1,1
misogynist,0,1,1
misogynistic,3,2,5
misogyny,2,0,2
misomayo,1,0,1
mispell,2,1,3
mispelled,6,5,11
mispelling,1,4,5
mispellings,1,0,1
mispells,1,0,1
misplace,6,0,6
misplaced,59,8,67
misplacing,2,1,3
mispost,1,0,1
misprint,1,1,2
mispronounced,2,0,2
mispronounces,1,0,1
mispronouncing,0,1,1
misprounced,0,1,1
misquamicut,0,1,1
misquite,0,1,1
misquito,7,0,7
misquitos,6,1,7
misquitto,1,0,1
misquoted,0,2,2
misquoting,0,2,2
misrahit,1,0,1
misreable,2,0,2
misread,22,16,38
misreading,1,1,2
misreads,0,1,1
misremembered,2,0,2
misrepresented,0,1,1
misrepresenting,1,0,1
misrible,2,0,2
misroute,1,0,1
misrouted,0,1,1
misrus,1,0,1
miss,30713,5676,36389
missa,1,2,3
missable,3,0,3
missage,1,0,1
missalwayswaytoobusy,1,0,1
missasuaga,0,1,1
missataari,1,0,1
missbbrown,1,0,1
missbecky,0,1,1
missbehave,2,0,2
missbianca,0,1,1
missbusybee,1,0,1
misscarriage,1,0,1
misscha,1,0,1
missconfigured,1,0,1
misscrash,0,1,1
misscrystallee,0,1,1
missd,23,6,29
missdestructo,0,1,1
missdusa,0,1,1
misse,4,3,7
missed,8478,2475,10953
missedconnections,0,2,2
missedd,3,1,4
misseddd,0,2,2
missedddd,1,0,1
misseded,1,0,1
missedeth,1,0,1
misseds,1,0,1
missedthe,2,0,2
missedyou,1,0,1
missedyoumoree,0,1,1
missen,5,0,5
missendon,0,1,1
misser,4,0,4
misserable,8,1,9
misserably,1,0,1
misserble,1,0,1
missery,1,2,3
misses,1092,173,1265
missesese,1,0,1
missesz,1,0,1
misseth,2,0,2
missez,1,1,2
missfarrah,0,1,1
missfeeeeee,0,1,1
missfits,0,2,2
missfree,1,0,1
missh,4,0,4
missha,0,1,1
misshallelujah,1,0,1
misshap,1,0,1
missher,2,0,2
misshhyyy,1,0,1
misshim,2,0,2
misshimalready,1,0,1
misshu,1,0,1
misshyoo,1,0,1
missie,3,1,4
missig,2,0,2
missiin,1,0,1
missile,12,5,17
missiles,4,3,7
missimg,1,0,1
missin,677,83,760
missinf,1,0,1
missing,7282,991,8273
missingg,1,1,2
missingggg,1,0,1
missinggoodearbuds,1,0,1
missingjuice,0,1,1
missingladydjnite,1,0,1
missingness,0,1,1
missingout,1,0,1
missings,2,0,2
missingsync,1,0,1
missingtweets,0,1,1
missingyou,1,0,1
missinmydgbigtyme,0,1,1
missinng,1,0,1
missinnn,0,1,1
missinq,6,2,8
missio,2,0,2
mission,201,365,566
missionaries,5,4,9
missionary,2,8,10
missionette,1,0,1
missionin,1,0,1
missioning,0,1,1
missionmom,1,0,1
missions,28,23,51
missis,1,4,5
missisauga,1,0,1
mississauga,6,1,7
mississipi,0,1,1
mississippi,24,30,54
mississppi,4,0,4
mississsippi,2,0,2
missit,1,0,1
missith,1,0,1
missive,1,2,3
missives,0,2,2
missjia,1,0,1
missk,4,0,4
misskatiecyrus,0,1,1
misskatierose,1,0,1
missle,2,1,3
missles,1,0,1
missm,1,0,1
missmelon,0,1,1
missmirandainoz,0,1,1
missmissmiss,1,0,1
missmonmon,0,1,1
missmurder,0,1,1
missmurderer,1,0,1
missmy,2,0,2
missn,22,2,24
missng,4,0,4
missninab,0,1,1
missnunya,0,1,1
misson,2,2,4
missons,1,0,1
missoula,4,1,5
missour,0,1,1
missoura,0,1,1
missouri,56,36,92
missourian,1,1,2
missouts,0,1,1
misspell,3,7,10
misspelled,30,15,45
misspelling,1,10,11
misspellings,1,2,3
misspellllll,0,1,1
misspells,1,0,1
misspellt,1,0,1
misspelly,0,1,1
misspelt,4,0,4
misspent,0,2,2
missplaced,0,1,1
misspoke,4,1,5
misspronouncing,0,1,1
missrable,1,0,1
missread,1,0,1
missreadingitinery,0,1,1
misss,139,26,165
misssed,10,2,12
misssededed,1,0,1
missses,4,1,5
misssesss,2,0,2
misssessss,1,0,1
misssh,2,0,2
missshada,1,0,1
missshergold,1,0,1
missshhhhh,1,0,1
misssi,1,0,1
misssididdy,0,1,1
misssin,6,0,6
misssing,14,3,17
misssinq,1,0,1
misssouri,0,1,1
missspellll,0,1,1
missss,44,7,51
misssseddd,1,0,1
misssser,1,0,1
missssesssss,1,0,1
missssh,0,1,1
misssss,36,5,41
misssssaa,1,0,1
misssssed,2,0,2
misssssing,1,0,1
misssssingg,0,1,1
missssss,13,7,20
misssssshhhhhhhhhh,0,1,1
missssssing,1,0,1
misssssss,11,1,12
missssssss,5,3,8
missssssssinggggggg,1,0,1
misssssssss,5,1,6
missssssssss,4,1,5
missssssssssesss,1,0,1
misssssssssss,1,0,1
misssssssssssssin,1,0,1
missssssssssssssssss,2,0,2
missssssssssssssssssssss,1,0,1
misssssyou,1,0,1
missssyou,1,0,1
misssuzn,0,1,1
misssy,0,1,1
misssyouuu,0,1,1
misssyyyy,1,0,1
misst,0,1,1
misstake,1,1,2
misste,0,1,1
missted,0,1,1
misstep,1,1,2
missteps,1,0,1
misster,1,0,1
misstiff,0,1,1
misstlleee,1,0,1
misstook,1,0,1
missu,4,2,6
missunder,1,0,1
missunderstanding,1,2,3
missunderstood,1,1,2
missuola,1,0,1
missus,33,30,63
missusa,1,0,1
missusing,0,1,1
missuuu,1,0,1
missvain,0,1,1
misswinnie,1,0,1
missy,76,141,217
missya,1,0,1
missyall,0,1,1
missycheerio,0,1,1
missyew,0,1,1
missylou,1,0,1
missylu,1,0,1
missymissymissy,1,0,1
missymoo,0,1,1
missyoooou,1,0,1
missyoouuu,0,1,1
missyou,10,2,12
missyoubean,1,0,1
missyouuuuuu,1,0,1
missys,1,1,2
missyy,1,0,1
missyyy,0,1,1
mist,33,26,59
mista,1,12,13
mistaaaaaaaaaaaaaaaa,1,0,1
mistaaaaaake,0,1,1
mistah,1,5,6
mistak,1,0,1
mistake,430,210,640
mistaken,37,64,101
mistakenly,16,4,20
mistakes,126,109,235
mistakin,0,1,1
mistaking,2,4,6
mistakingly,1,0,1
misted,2,1,3
misteps,1,0,1
mister,75,149,224
misterdude,0,1,1
misterfudge,0,1,1
misteri,0,1,1
misternoodle,0,1,1
misterrrrrrrrrrrrrr,0,1,1
mistery,3,3,6
misterygirl,1,0,1
mistess,0,1,1
mistic,0,1,1
mistick,1,0,1
mistics,0,1,1
mistied,1,0,1
mistimed,1,0,1
mistin,1,0,1
misting,5,0,5
mistk,0,1,1
mistkaes,0,1,1
mistkes,0,1,1
mistletoe,0,2,2
misto,5,7,12
mistook,6,8,14
mistos,0,1,1
mistral,0,2,2
mistranslated,0,1,1
mistranslating,1,0,1
mistreated,9,0,9
mistreats,1,0,1
mistres,0,1,1
mistress,23,24,47
mistresses,0,2,2
mistressing,0,1,1
mistrsly,0,1,1
mistry,0,1,1
mistura,0,2,2
misturo,0,1,1
mistwalker,1,0,1
mistweet,1,0,1
mistweeted,2,0,2
mistweetment,1,0,1
misty,39,46,85
mistylameface,1,0,1
mistype,1,3,4
mistyped,2,1,3
mistyping,1,0,1
mistyu,0,1,1
mistyxlameface,1,0,1
mistyyyy,0,1,1
misu,4,4,8
misubi,0,1,1
misubis,1,0,1
misundastood,1,0,1
misunderestimated,1,0,1
misunderstan,1,0,1
misunderstand,3,6,9
misunderstandin,1,1,2
misunderstanding,15,15,30
misunderstandings,2,4,6
misunderstood,31,32,63
misuse,1,4,5
misused,4,2,6
misusing,1,0,1
misyakes,1,0,1
misyyou,1,0,1
misz,3,1,4
miszer,0,1,1
mit,24,66,90
mita,2,2,4
mitaaa,0,1,1
mitarbeiter,0,1,1
mitary,1,0,1
mitb,2,0,2
mitbewohnerin,0,1,1
mitch,38,57,95
mitcham,2,3,5
mitche,1,0,1
mitcheel,0,1,1
mitchel,93,234,327
mitchell,58,86,144
mitchelldavis,1,0,1
mitchelle,0,1,1
mitchellgreg,1,0,1
mitchelll,0,2,2
mitchells,1,0,1
mitchelmusso,3,8,11
mitchels,4,6,10
mitchemss,0,1,1
mitchen,0,1,1
mitches,1,1,2
mitchey,0,1,1
mitchfrenzal,0,3,3
mitchie,1,2,3
mitchii,0,1,1
mitchin,0,1,1
mitchmusso,0,2,2
mitchs,1,0,1
mitchy,0,4,4
mitchypoo,1,0,1
mite,109,72,181
mitea,1,0,1
miteee,0,1,1
miteinander,0,1,1
mitemiss,1,0,1
mitentscheiden,1,0,1
mites,8,3,11
mitev,1,0,1
mith,3,3,6
mithanamkeen,0,1,1
mithcel,0,1,1
mither,0,1,1
mitherin,1,0,1
mithering,0,1,1
mithey,1,0,1
mithi,1,0,1
mithing,1,0,1
mithna,1,0,1
mithra,0,1,1
mithun,0,1,1
mithunda,0,1,1
miti,1,0,1
mitica,1,0,1
mitigate,0,3,3
mitigated,2,1,3
mitigates,1,0,1
mitigating,2,1,3
mitigation,2,0,2
miting,1,0,1
mititelu,1,0,1
mitiws,0,1,1
mitkaser,0,1,1
mitm,7,9,16
mito,2,3,5
mitochondria,0,1,1
mitosis,3,1,4
mitp,1,0,1
mitra,0,1,1
mitre,1,0,1
mits,0,1,1
mitseufz,0,1,1
mitsoura,1,0,1
mitsu,1,1,2
mitsubishi,3,16,19
mitsugane,0,1,1
mitsuharu,5,0,5
mitsuken,0,1,1
mitsukoshi,0,1,1
mitsuwa,3,1,4
mitsy,0,1,1
mitt,5,2,7
mittal,0,1,1
mitte,0,2,2
mitteh,0,1,1
mitten,4,4,8
mitteninsherz,0,1,1
mittens,10,4,14
mitter,0,1,1
mittoo,0,1,1
mitts,5,3,8
mittt,1,0,1
mittwoch,1,1,2
mitty,1,0,1
mitx,1,0,1
mitz,0,1,1
mitzee,0,1,1
mitzi,4,3,7
mitzva,1,0,1
mitzvah,7,11,18
mitzy,1,3,4
miu,10,8,18
miuch,1,0,1
mium,0,1,1
mius,2,0,2
miutes,0,1,1
mivie,1,0,1
miving,1,0,1
mivvy,1,0,1
miw,2,1,3
miwa,1,0,1
miwwie,0,1,1
mix,400,574,974
mixbooks,0,1,1
mixcloud,1,2,3
mixd,1,1,2
mixdown,1,0,1
mixed,225,215,440
mixeddrinks,0,1,1
mixednutsband,0,1,1
mixer,25,35,60
mixergy,1,0,1
mixero,5,12,17
mixers,3,2,5
mixes,26,46,72
mixfest,1,0,1
mixfm,1,0,1
mixi,3,1,4
mixiecho,0,1,1
mixin,2,6,8
mixing,58,84,142
mixings,0,1,1
mixingtpes,0,1,1
mixins,1,0,1
mixit,1,0,1
mixjunkie,1,0,1
mixmag,1,4,5
mixologist,0,1,1
mixology,1,0,1
mixpod,1,3,4
mixposure,0,1,1
mixr,0,1,1
mixsets,0,1,1
mixshow,1,2,3
mixtape,59,87,146
mixtapes,8,11,19
mixtapre,0,1,1
mixtpae,0,1,1
mixtrade,1,1,2
mixture,22,28,50
mixtures,2,1,3
mixup,4,5,9
mixx,1,3,4
mixxd,1,0,1
mixy,2,1,3
mixyuh,1,0,1
miya,2,2,4
miyagi,1,3,4
miyagis,0,1,1
miyagishi,0,1,1
miyake,0,1,1
miyakey,0,1,1
miyako,1,1,2
miyakos,1,1,2
miyamoto,3,0,3
miyavi,3,4,7
miyayo,3,0,3
miyazaki,4,9,13
miymiy,1,0,1
miyuki,1,3,4
miz,7,17,24
mizaaa,0,1,1
mizaki,0,1,1
mizangam,1,0,1
mizb,1,0,1
mizcity,0,1,1
mizdayenet,0,1,1
mizell,1,0,1
mizells,1,0,1
mizen,0,1,1
mizerabila,1,0,1
mizeria,1,0,1
mizeryyy,1,0,1
mizfit,0,2,2
mizhjonaspattz,1,0,1
mizmind,0,1,1
mizmm,1,0,1
mizorrison,1,0,1
mizpee,0,1,1
mizsedz,0,1,1
mizsmith,0,1,1
mizu,1,3,4
mizuguchi,0,2,2
mizuka,2,0,2
mizuno,1,5,6
mizuo,1,0,1
mizushima,0,1,1
mizz,11,13,24
mizzcopastetic,1,0,1
mizze,0,1,1
mizzees,0,1,1
mizzhollywoodizhere,0,1,1
mizzie,0,2,2
mizzing,1,0,1
mizzle,0,1,1
mizzoo,2,0,2
mizzou,4,5,9
mizzy,1,0,1
mizzz,1,0,1
mizzzillion,1,0,1
mizzzz,1,0,1
mizzzzz,1,0,1
mj,68,92,160
mjackson,0,1,1
mjah,0,1,1
mjam,0,3,3
mjammm,1,0,1
mjao,1,0,1
mjaor,1,0,1
mjb,0,4,4
mjbc,0,1,1
mjc,1,0,1
mjcg,0,1,1
mjcp,0,1,1
mjf,1,1,2
mjh,0,2,2
mjhang,1,0,1
mjjc,0,1,1
mjl,0,1,1
mjo,1,1,2
mjolnir,1,1,2
mjor,2,0,2
mjq,0,2,2
mjr,0,1,1
mjs,4,1,5
mjslim,1,0,1
mju,0,1,1
mjukvaran,0,1,1
mjwjaj,0,1,1
mjy,1,0,1
mk,67,61,128
mka,0,2,2
mkaaay,1,1,2
mkaay,0,1,1
mkae,1,1,2
mkaed,0,1,1
mkaes,1,0,1
mkaing,0,1,1
mkakachat,0,1,1
mkakalabas,1,0,1
mkan,0,1,1
mkasabay,0,1,1
mkasii,0,1,1
mkatext,0,1,1
mkay,11,28,39
mkayy,0,4,4
mkb,0,2,2
mkc,0,1,1
mkcc,1,0,1
mkccrenovations,1,0,1
mkchiclen,0,1,1
mkcol,0,1,1
mkdons,0,1,1
mke,14,12,26
mkers,0,1,1
mkes,2,1,3
mkfs,1,0,1
mkfv,0,1,1
mkg,1,1,2
mkh,0,1,1
mkhammer,0,1,1
mkhang,0,1,1
mkii,1,1,2
mkin,0,1,1
mking,1,0,1
mkis,1,0,1
mkjb,0,1,1
mkk,0,3,3
mkkay,0,1,1
mkkpag,1,0,1
mkl,1,0,1
mkmk,0,1,1
mkn,5,2,7
mkna,1,0,1
mkng,1,0,1
mknuod,1,0,1
mko,1,0,1
mkp,1,0,1
mkpagcomputer,1,0,1
mkpelland,0,1,1
mkpgdecide,1,0,1
mkpgsoundtrip,1,0,1
mkplurk,1,0,1
mks,4,4,8
mksdna,1,0,1
mksdnya,2,1,3
mksih,1,0,1
mkssi,0,1,1
mkssing,1,0,1
mkt,12,23,35
mktg,3,14,17
mktime,0,1,1
mktin,1,0,1
mkting,0,4,4
mktingn,1,0,1
mktng,1,3,4
mkts,1,3,4
mkuha,1,0,1
mkv,5,1,6
mkvi,1,0,1
mkwii,1,0,1
ml,14,25,39
mla,5,4,9
mladin,1,0,1
mlady,1,0,1
mlaen,1,0,1
mlak,1,0,1
mlam,0,1,1
mlang,1,0,1
mlapet,1,0,1
mlasking,0,1,1
mlaysians,1,0,1
mlb,35,27,62
mlbackup,0,1,1
mlbatbat,1,0,1
mlbei,1,0,1
mlbn,1,0,1
mlbo,0,1,1
mlbs,0,1,1
mlbtv,1,1,2
mlc,3,0,3
mld,0,1,1
mle,1,3,4
mleh,0,1,1
mleody,1,0,1
mleworld,1,0,1
mley,1,1,2
mlf,0,1,1
mlg,5,8,13
mlgz,0,1,1
mlh,1,0,1
mlha,0,1,1
mli,0,1,1
mlia,5,7,12
mlib,1,0,1
mlich,1,0,1
mlina,0,1,1
mlis,1,2,3
mliw,1,1,2
mljac,0,1,1
mlk,1,5,6
mlkjr,0,1,1
mllf,1,0,1
mlm,9,10,19
mlmer,0,1,1
mlms,0,1,1
mloclam,0,1,1
mlole,1,0,1
mlongo,0,1,1
mlot,1,0,1
mlove,3,0,3
mloves,0,1,1
mlp,2,2,4
mlps,1,0,1
mlq,0,1,1
mlre,0,1,1
mlrz,0,1,1
mls,8,6,14
mlt,1,1,2
mltm,2,4,6
mlu,0,1,1
mlulu,1,1,2
mluvej,0,1,1
mly,1,0,1
mm,237,373,610
mma,54,66,120
mmaaa,0,1,1
mmaaaaaan,1,0,1
mmaaannn,1,0,1
mmaannn,2,0,2
mmafrenzy,0,1,1
mmail,1,0,1
mmajunkie,2,0,2
mmak,0,1,1
mmake,0,1,1
mmaking,1,0,1
mmarketing,0,1,1
mmarow,1,1,2
mmas,3,0,3
mmasm,0,1,1
mmb,1,1,2
mmbop,1,1,2
mmbuka,0,1,1
mmc,3,5,8
mmday,0,1,1
mme,2,5,7
mmea,0,1,1
mmed,1,0,1
mmediately,0,1,1
mmee,0,1,1
mmeee,0,1,1
mmeeeeeeee,1,0,1
mmeehh,1,0,1
mmeehhh,1,0,1
mmeh,1,0,1
mmel,1,0,1
mmelbbourne,0,1,1
mmemaw,0,1,1
mment,1,1,2
mmet,1,0,1
mmf,2,2,4
mmfcl,1,0,1
mmff,1,0,1
mmfukcomicfest,0,3,3
mmg,1,3,4
mmh,7,13,20
mmhh,1,0,1
mmhhh,1,3,4
mmhhhh,0,1,1
mmhhhhh,1,1,2
mmhhhmm,1,0,1
mmhhhmmm,0,1,1
mmhhmm,0,1,1
mmhhmmm,1,1,2
mmhighlights,0,1,1
mmhm,8,8,16
mmhmm,12,28,40
mmhmmm,3,5,8
mmhmms,0,1,1
mmhmnnn,1,0,1
mmhmph,0,1,1
mmies,1,0,1
mminutes,0,1,1
mmissing,1,0,1
mmj,1,0,1
mmja,0,1,1
mmk,5,16,21
mmkay,9,18,27
mmkayy,1,1,2
mmkayyy,1,0,1
mmkk,0,1,1
mmkkz,1,0,1
mmky,0,1,1
mml,6,8,14
mmm,439,1157,1596
mmmaaannn,1,0,1
mmmathew,1,0,1
mmmaybe,0,1,1
mmmb,0,1,1
mmmbop,1,3,4
mmmbut,0,1,1
mmmcream,0,1,1
mmmeeee,1,0,1
mmmeeeeee,1,0,1
mmmeeeeeeeeeee,1,0,1
mmmeeeehhh,0,1,1
mmmf,2,0,2
mmmg,0,1,1
mmmh,6,11,17
mmmhaha,1,0,1
mmmhh,1,1,2
mmmhhh,2,0,2
mmmhhhmmm,0,3,3
mmmhhmm,1,0,1
mmmhm,3,2,5
mmmhmm,3,4,7
mmmhmmm,4,6,10
mmmhmmmm,0,1,1
mmmiiiccchhheeelllllleee,0,1,1
mmmiiiii,0,1,1
mmmk,0,3,3
mmmkaaaaay,0,1,1
mmmkay,1,10,11
mmmm,233,718,951
mmmmbop,1,1,2
mmmmcupcakes,1,0,1
mmmmeeeee,0,1,1
mmmmeeeeeeeeeee,1,0,1
mmmmh,0,3,3
mmmmhhhhhhhh,1,0,1
mmmmhmm,1,1,2
mmmmhmmm,0,1,1
mmmmiiiikkkkyyyyllllaaaa,0,1,1
mmmmiss,0,1,1
mmmmk,0,1,1
mmmmkay,0,3,3
mmmmm,105,359,464
mmmmmarkus,0,1,1
mmmmmh,0,3,3
mmmmmhhh,0,1,1
mmmmmhmm,0,1,1
mmmmmhmmm,0,1,1
mmmmmi,1,0,1
mmmmmkay,0,3,3
mmmmmm,39,152,191
mmmmmmh,0,1,1
mmmmmmkay,0,1,1
mmmmmmm,16,61,77
mmmmmmmheyyyyyyyyyyyy,1,0,1
mmmmmmmm,5,36,41
mmmmmmmmm,5,21,26
mmmmmmmmmhangover,1,0,1
mmmmmmmmmm,5,17,22
mmmmmmmmmmm,2,8,10
mmmmmmmmmmmm,1,4,5
mmmmmmmmmmmmm,0,7,7
mmmmmmmmmmmmmm,0,3,3
mmmmmmmmmmmmmmjjjjjjjjjjjjjjjjjjjjjjjjjjjjjjjjjjjjjjjjjj,0,1,1
mmmmmmmmmmmmmmm,0,1,1
mmmmmmmmmmmmmmmm,2,2,4
mmmmmmmmmmmmmmmmh,0,1,1
mmmmmmmmmmmmmmmmmm,0,1,1
mmmmmmmmmmmmmmmmmmm,0,2,2
mmmmmmmmmmmmmmmmmmmm,0,2,2
mmmmmmmmmmmmmmmmmmmmmmalteasers,0,1,1
mmmmmmmmmmmmmmmmmmmmmmm,0,1,1
mmmmmmmmmmmmmmmmmmmmmmmmm,0,1,1
mmmmmmmmmmmmmmmmmmmmmmmmmmm,1,0,1
mmmmmmmmmmmmmmmmmmmmmmmmmmmmmmmmmmmmmmmmmmmmmmmmmmmmmmmmmmmmmmmmmmmmmmmmmmmmmmmmmmmmmmmmmmmmmmmmmmmmmmmmwah,0,1,1
mmmmmmmmmmmmmmmmmmmmovies,0,1,1
mmmmmmmmmmuacchh,0,1,1
mmmmmmmmmuahzzzz,0,1,1
mmmmmmmt,0,1,1
mmmmmmmuuuah,0,1,1
mmmmmmuah,0,1,1
mmmmmmuse,0,1,1
mmmmmn,1,0,1
mmmmmnn,0,1,1
mmmmmoooommmmyyyyyy,1,0,1
mmmmmph,1,0,1
mmmmmringpops,0,1,1
mmmmmtired,1,0,1
mmmmmuah,0,2,2
mmmmmwwah,0,1,1
mmmmmyyy,1,0,1
mmmmoooovviiiieeee,2,0,2
mmmms,0,1,1
mmmmss,0,1,1
mmmmuahh,0,1,1
mmmmuuuussiiiiiccccc,1,0,1
mmmmwahz,0,1,1
mmmmyummy,0,1,1
mmmmz,0,1,1
mmmn,1,1,2
mmmnn,1,0,1
mmmnnn,0,1,1
mmmobile,0,1,1
mmmoooooorrrrrrrrniiiiiiiiiinnnnnnngggggg,0,1,1
mmmph,4,0,4
mmmpie,0,2,2
mmmrrm,0,1,1
mmmrrrrrrrhhhh,1,0,1
mmmsoothing,1,0,1
mmmuuah,0,1,1
mmmuuahh,0,1,1
mmmuuahhh,0,1,1
mmmwah,0,1,1
mmmwhahhahahaa,0,1,1
mmmwwahh,0,1,1
mmmy,0,1,1
mmmyeah,1,1,2
mmmyeahh,0,1,1
mmmyyyy,0,1,1
mmnfff,1,0,1
mmnn,0,1,1
mmo,17,20,37
mmod,0,1,1
mmoey,1,0,1
mmog,1,0,1
mmom,2,1,3
mmoment,1,0,1
mmommy,1,0,1
mmon,1,0,1
mmooonnnn,0,1,1
mmoooolllaaaa,0,1,1
mmore,1,1,2
mmoro,1,0,1
mmorow,4,3,7
mmorpg,7,8,15
mmorpgs,0,1,1
mmorrow,1,1,2
mmos,4,1,5
mmot,5,3,8
mmotball,0,1,1
mmotivator,0,1,1
mmov,1,1,2
mmp,0,2,2
mmpf,1,1,2
mmph,4,2,6
mmpr,0,2,2
mmps,0,2,2
mmr,4,0,4
mmrbq,0,1,1
mmrhpphh,0,1,1
mmrow,1,0,1
mmrr,0,1,1
mmrrreoww,0,1,1
mmrs,1,3,4
mmrw,1,0,1
mmrz,1,0,1
mms,267,25,292
mmses,1,0,1
mmskitz,1,0,1
mmss,2,0,2
mmstud,0,1,1
mmt,4,0,4
mmtop,0,1,1
mmts,1,0,1
mmtz,0,1,1
mmu,0,1,1
mmuah,0,1,1
mmuchh,0,1,1
mmuk,1,4,5
mmum,1,0,1
mmusa,1,0,1
mmussing,1,0,1
mmuuaahh,0,1,1
mmuuwwahhhh,0,1,1
mmv,1,0,1
mmva,49,15,64
mmvas,37,10,47
mmw,0,1,1
mmwah,0,1,1
mmwanted,32,71,103
mmwine,0,1,1
mmx,0,1,1
mmy,6,6,12
mmya,0,1,1
mmyy,0,1,1
mn,87,50,137
mna,1,1,2
mnao,0,1,1
mnay,1,1,2
mnchester,0,1,1
mnd,1,2,3
mndaily,0,1,1
mnday,2,3,5
mndng,1,0,1
mne,3,2,5
mned,3,0,3
mneh,2,0,2
mneme,0,1,1
mnemonic,1,1,2
mnemosyne,0,2,2
mneo,1,0,1
mnerrr,1,0,1
mnet,6,4,10
mneugh,0,1,1
mneumonic,1,0,1
mneumonics,1,0,1
mnew,0,1,1
mney,1,0,1
mnf,1,0,1
mng,7,5,12
mngai,1,0,1
mngd,1,0,1
mngmnt,2,0,2
mngo,1,0,1
mngosongkan,1,0,1
mngr,0,2,2
mngyari,0,1,1
mnhtn,0,1,1
mni,1,0,1
mnia,1,0,1
mnie,0,1,1
mnisis,1,0,1
mnl,1,1,2
mnm,3,3,6
mnms,0,2,2
mnn,1,1,2
mno,0,1,1
mnogo,0,1,1
mnohem,0,1,1
mnore,1,0,1
mnot,2,0,2
mnotaparent,0,1,1
mnou,1,0,1
mnr,0,2,2
mnrmg,1,0,1
mnrt,0,1,1
mns,2,1,3
mnsoon,1,0,1
mnt,6,3,9
mnta,0,1,1
mntgmry,1,0,1
mnth,10,2,12
mnths,20,10,30
mnthsary,1,0,1
mnthz,1,0,1
mntry,1,0,1
mnts,2,2,4
mnu,0,1,1
mnutes,0,1,1
mnutup,1,0,1
mnwahhhhhhhhh,1,0,1
mny,5,2,7
mo,519,572,1091
moa,15,25,40
moaa,1,0,1
moaaaa,0,1,1
moaaaaaaan,1,0,1
moab,5,0,5
moac,0,1,1
moacry,0,1,1
moah,0,1,1
moahaha,0,1,1
moahahaha,0,1,1
moaia,1,1,2
moakler,0,1,1
moalboal,1,0,1
moan,54,35,89
moana,3,2,5
moanday,1,0,1
moaned,8,5,13
moaner,1,1,2
moanie,1,0,1
moanin,1,1,2
moaning,33,33,66
moanmoday,0,1,1
moanmonday,1,2,3
moanmondays,1,0,1
moans,3,2,5
moany,5,0,5
moanyboot,1,1,2
moar,46,29,75
moarns,1,0,1
moarso,0,1,1
moarz,1,0,1
moasting,0,2,2
moat,1,5,6
moats,1,2,3
mob,56,46,102
mobaduk,0,1,1
mobamingle,1,0,1
mobap,1,0,1
mobb,0,1,1
mobbed,6,3,9
mobbin,0,1,1
mobbing,0,3,3
mobbler,5,2,7
mobby,1,0,1
mobear,1,0,1
mobed,0,1,1
mobeel,1,0,1
mobeens,1,0,1
moberry,1,0,1
mobi,10,7,17
mobicamp,1,0,1
mobiky,0,1,1
mobil,13,8,21
mobile,884,562,1446
mobilealliance,1,1,2
mobileapps,0,1,1
mobilechat,0,1,1
mobileconfigs,1,0,1
mobilee,1,0,1
mobileee,1,0,1
mobileforms,1,0,1
mobilefriendly,1,0,1
mobileinstallation,2,0,2
mobileme,30,9,39
mobilemefail,1,0,1
mobilemonday,0,1,1
mobileoffice,1,1,2
mobilephone,3,1,4
mobilepoint,1,0,1
mobiles,11,11,22
mobilesafari,0,1,1
mobilesubstrate,2,0,2
mobiletv,1,0,1
mobiletweeting,0,1,1
mobiletwitter,1,1,2
mobileways,0,2,2
mobileweb,2,1,3
mobilewidgetcamp,0,2,2
mobileyoutube,0,1,1
mobilhome,0,1,1
mobiliser,0,1,1
mobility,7,8,15
mobilityvic,1,0,1
mobilization,1,0,1
mobilize,1,0,1
mobilized,2,0,2
mobilly,1,0,1
mobilme,1,0,1
mobilphone,1,2,3
mobilx,1,0,1
mobily,1,1,2
mobinil,0,2,2
mobipocket,0,3,3
mobiry,0,1,1
mobitv,1,0,1
mobiustracks,0,1,1
moble,2,2,4
mobley,1,1,2
moblie,5,6,11
moblin,14,8,22
moblog,1,0,1
mobo,18,1,19
mobos,2,0,2
moboss,0,1,1
mobot,1,0,1
mobs,9,3,12
mobsters,2,3,5
mobsterslive,1,0,1
mobtv,2,0,2
moburns,0,1,1
mobwarring,1,0,1
mobwars,2,1,3
mobweb,0,1,1
mobx,0,1,1
mobxqueenxlala,0,1,1
moby,6,23,29
mobygames,0,1,1
mobypcic,1,0,1
mobypic,1,2,3
mobypicstures,1,0,1
mobypicture,6,3,9
mobys,1,0,1
moc,3,7,10
moca,3,2,5
mocambo,0,1,1
mocap,0,1,1
mocassin,1,0,1
mocassins,1,0,1
mocca,21,13,34
moccachino,0,1,1
moccasin,1,1,2
moccasins,6,4,10
moccha,0,3,3
mocchacino,1,0,1
mocchiatto,1,0,1
mocco,0,1,1
moccos,0,1,1
moccosins,1,0,1
moce,0,1,1
moch,2,0,2
mocha,79,128,207
mochaa,1,0,1
mochachino,1,0,1
mochas,5,2,7
mochawalla,0,1,1
moche,2,0,2
moched,1,0,1
mochi,10,24,34
mochiatta,1,0,1
mochiatto,1,1,2
mochida,0,1,1
mochii,0,1,1
mochiko,0,1,1
mochila,0,1,1
moching,1,0,1
mochrie,0,1,1
mochtrial,1,0,1
mocie,0,1,1
mocing,0,1,1
mock,74,48,122
mockba,0,1,1
mocked,4,8,12
mockery,7,2,9
mockey,0,1,1
mockin,0,1,1
mockinbird,0,1,1
mocking,29,22,51
mockingbird,6,6,12
mockingjay,1,0,1
mockingly,0,2,2
mocks,14,4,18
mockshow,1,0,1
mocksville,0,1,1
mocktail,0,1,1
mocktails,0,2,2
mockumentaries,0,1,1
mockumentary,1,1,2
mockup,4,6,10
mockups,1,4,5
mocno,0,1,1
moco,1,3,4
mocos,2,0,2
mocosa,1,0,1
mocow,0,1,1
mocs,1,1,2
moctosystems,2,0,2
mocve,1,0,1
mocxi,0,1,1
mod,71,75,146
moda,5,1,6
modaa,1,0,1
modafuuuca,0,1,1
modal,4,2,6
modality,1,0,1
modas,1,0,1
modattic,0,1,1
moday,2,2,4
modays,3,0,3
modblast,2,0,2
modblog,1,0,1
modbook,0,2,2
modbury,1,0,1
modcam,1,0,1
modclancy,1,0,1
modcloth,2,0,2
modd,2,2,4
moddahpoka,0,1,1
modded,7,9,16
moddeling,0,1,1
modding,4,3,7
moddy,1,0,1
mode,358,355,713
moded,0,2,2
modee,1,0,1
modeee,1,0,1
modefan,0,1,1
model,250,421,671
modelcasting,1,1,2
modeled,3,6,9
modeler,1,0,1
modelglue,1,0,1
modelin,0,1,1
modeling,27,61,88
modelista,1,0,1
modell,0,1,1
modelled,0,2,2
modelling,13,15,28
modells,1,0,1
modelmandylynn,1,0,1
modelmayhem,1,0,1
modelo,1,4,5
modelos,1,0,1
models,94,142,236
modelsim,1,0,1
modelyn,1,0,1
modelz,0,1,1
modem,105,41,146
modems,4,1,5
modena,1,1,2
modepass,3,0,3
moder,0,1,1
moderat,1,1,2
moderate,11,13,24
moderated,2,2,4
moderately,5,9,14
moderater,1,0,1
moderaterna,0,1,1
moderates,0,1,1
moderating,4,5,9
moderation,11,30,41
moderations,0,1,1
moderatly,0,1,1
moderator,7,13,20
moderators,1,2,3
moderatrix,0,1,1
modern,86,130,216
moderna,0,1,1
modernality,0,1,1
moderne,0,1,1
modernists,0,1,1
modernize,0,1,1
modernized,0,3,3
modernmom,0,1,1
moderns,1,0,1
modernwarfare,0,1,1
modes,5,2,7
modeselektor,0,1,1
modest,12,34,46
modesto,8,14,22
modestotweetup,0,2,2
modesty,2,8,10
modfail,1,0,1
modfather,0,1,1
modge,1,0,1
modhood,1,0,1
modi,0,4,4
modicum,0,1,1
modies,1,0,1
modifed,0,1,1
modification,2,4,6
modifications,0,3,3
modified,10,20,30
modifier,2,0,2
modifiers,1,0,1
modify,16,7,23
modifying,2,8,10
modifyinggg,0,1,1
moding,1,1,2
modish,0,1,1
moditated,1,0,1
modivation,0,1,1
modkat,0,1,1
modle,1,1,2
modleing,1,0,1
modles,0,1,1
modlife,6,3,9
modmyi,2,0,2
modnation,1,4,5
modo,4,4,8
modom,1,1,2
modp,0,1,1
modpp,0,1,1
modrewrite,1,0,1
mods,24,16,40
moduen,0,1,1
modul,1,0,1
modular,3,2,5
modularity,1,0,1
modulars,1,0,1
modulaters,0,1,1
modulator,1,1,2
module,62,42,104
modules,29,15,44
modulus,2,0,2
modus,5,3,8
modwheelmood,1,1,2
modx,0,8,8
modxer,0,1,1
moe,44,33,77
moeben,0,1,1
moeller,1,0,1
moelmers,0,1,1
moelwyns,1,0,1
moen,0,1,1
moenchengladbach,1,0,1
moenig,0,1,1
moening,2,1,3
moennig,2,1,3
moenning,2,0,2
moeny,0,1,1
moer,4,0,4
moering,0,1,1
moes,9,4,13
moesha,4,5,9
moesome,0,1,1
moessouthwestgrill,1,0,1
moest,0,1,1
moester,1,0,1
moet,2,3,5
moeten,0,1,1
moey,0,1,1
moezy,1,0,1
mof,1,1,2
mofa,0,1,1
mofcar,0,1,1
moff,0,4,4
moffaa,0,1,1
moffart,0,1,1
moffat,1,0,1
moffats,0,1,1
moffatts,0,2,2
moffets,0,1,1
moffetts,0,1,1
moffitt,0,1,1
moffos,0,1,1
mofia,0,1,1
mofka,0,1,1
mofo,44,42,86
mofofucker,0,1,1
mofoin,0,1,1
mofoing,2,0,2
mofongo,2,1,3
mofos,6,4,10
mofosss,0,1,1
mofucka,0,2,2
mofuckaaaaaa,0,1,1
mofuckin,0,1,1
mofyy,0,1,1
mog,4,4,8
moga,2,1,3
mogadishu,0,1,1
mogadon,1,0,1
mogador,0,1,1
mogambo,0,1,1
mogan,0,2,2
mogensen,0,1,1
mogg,1,0,1
mogga,0,1,1
mogges,0,1,1
mogggies,2,0,2
moggie,1,0,1
moggy,0,3,3
moggyless,1,0,1
moght,1,1,2
moghul,0,1,1
mogli,0,1,1
mogliiiiiiiiiiii,0,1,1
mogop,0,1,1
mogosoaia,0,1,1
mogot,0,1,1
mogsley,0,1,1
mogu,1,0,1
mogul,4,2,6
moguls,1,0,1
mogulus,0,1,1
mogwai,7,12,19
mogz,0,1,1
moh,11,6,17
mohabbat,1,0,1
mohabbattein,0,1,1
mohair,1,1,2
mohajer,0,1,1
mohamed,1,1,2
mohammad,0,1,1
mohammed,2,1,3
mohammedia,1,0,1
mohan,0,2,2
mohawk,28,25,53
mohawked,1,0,1
mohawks,2,3,5
mohca,1,0,1
mohd,1,1,2
mohegan,22,13,35
mohegannnnnnn,0,1,1
mohegansun,0,1,1
mohegnnnnn,0,1,1
mohem,0,1,1
mohicans,0,2,2
mohinder,1,0,1
mohini,1,1,2
mohit,1,1,2
mohitos,1,1,2
mohl,0,1,1
mohla,0,1,1
mohler,0,2,2
mohly,1,1,2
mohmmy,1,0,1
mohney,1,0,1
mohnishgs,1,1,2
moho,0,2,2
mohon,0,1,1
mohonizzalow,1,0,1
mohs,0,2,2
mohsen,1,1,2
mohsin,0,1,1
moi,70,92,162
moibleee,1,0,1
moidentica,1,0,1
moie,0,1,1
moii,1,0,1
moin,1,13,14
moines,15,19,34
moing,2,0,2
moinings,0,1,1
moins,1,0,1
moir,1,0,1
moira,1,1,2
mois,2,0,2
moischa,0,1,1
moiself,0,1,1
moises,2,9,11
moisesarias,0,1,1
moist,15,19,34
moistening,1,0,1
moisteriser,0,1,1
moisterizer,0,1,1
moisture,18,8,26
moisturelush,0,1,1
moisturer,1,0,1
moisturise,3,1,4
moisturised,1,0,1
moisturiser,11,7,18
moisturising,1,2,3
moisturize,3,2,5
moisturized,1,4,5
moisturizer,5,1,6
moisturizers,1,1,2
moisturizing,2,2,4
moisturizser,1,0,1
moive,2,3,5
moivee,1,0,1
moives,0,2,2
moivie,1,0,1
moix,0,1,1
moiz,0,1,1
moj,0,1,1
mojado,1,0,1
mojan,0,1,1
mojarra,0,1,1
mojave,1,3,4
moji,0,1,1
mojioto,0,1,1
mojitas,0,1,1
mojito,16,43,59
mojitooooo,0,1,1
mojitos,6,36,42
mojizu,0,1,1
mojo,69,45,114
mojobaby,0,1,1
mojocash,0,2,2
mojoe,2,2,4
mojoes,1,0,1
mojofly,0,1,1
mojoing,0,1,1
mojojojo,1,1,2
mojokins,1,0,1
mojom,0,1,1
mojonaa,0,1,1
mojooo,1,0,1
mojoquiz,0,1,1
mojor,1,0,1
mojos,2,2,4
mojosdk,1,0,1
mojosmobile,1,0,1
mojotip,0,1,1
mojotos,0,1,1
mojuba,0,1,1
mok,3,3,6
moka,1,2,3
mokabe,0,1,1
mokcamp,0,1,1
moke,1,0,1
mokey,1,0,1
moki,0,2,2
mokkai,1,1,2
moko,0,1,1
mokona,0,1,1
mokot,0,1,1
mokr,2,0,2
moksha,1,1,2
mokshachallenge,0,1,1
moku,0,1,1
mokugift,0,1,1
mokume,1,0,1
mol,3,5,8
mola,2,1,3
molaga,0,1,1
molagootal,0,1,1
molalalally,0,1,1
molar,14,0,14
molarky,0,1,1
molars,25,0,25
molaskey,1,0,1
molasses,7,5,12
molberts,0,1,1
molbile,1,0,1
molby,1,0,1
mold,27,12,39
moldavian,1,0,1
molded,3,0,3
molding,2,6,8
moldova,7,4,11
moldovan,0,2,2
moldovenesc,0,1,1
molds,3,1,4
moldy,22,7,29
moldywart,1,0,1
mole,31,19,50
molecat,1,0,1
molecular,2,4,6
molecule,0,2,2
molecules,0,3,3
moledy,1,0,1
molehill,0,1,1
moleman,0,1,1
molerio,0,1,1
molers,1,0,1
moles,7,3,10
moleskin,2,4,6
moleskine,16,11,27
moleskines,1,1,2
moleskins,0,2,2
molest,2,4,6
molestan,1,0,1
molestation,1,0,1
molestations,0,1,1
molested,11,6,17
molester,5,0,5
molesting,4,4,8
molestor,1,0,1
molestors,1,0,1
molests,1,0,1
moley,7,6,13
moleyneux,1,0,1
molieeeeeeeee,1,0,1
moliere,1,0,1
molina,0,2,2
molinari,1,0,1
moline,2,3,5
molinos,0,1,1
molins,0,1,1
molis,1,0,1
molisss,0,1,1
molitor,1,0,1
moliver,0,1,1
molko,4,2,6
molks,0,1,1
moll,2,5,7
mollee,0,1,1
moller,1,0,1
molli,1,1,2
mollica,1,0,1
mollie,19,23,42
mollieandme,0,1,1
mollieeee,1,0,1
molliek,0,1,1
mollies,0,3,3
molllllllllllly,0,1,1
molloy,0,1,1
molls,2,5,7
mollserz,0,1,1
mollster,1,0,1
molly,111,104,215
mollycool,0,1,1
mollyd,1,1,2
mollye,2,0,2
mollyish,1,0,1
mollyjameson,0,1,1
mollykans,0,1,1
mollymockivets,0,1,1
mollypants,0,1,1
mollypop,1,0,1
mollys,3,5,8
mollz,0,1,1
molnar,0,1,1
molo,2,1,3
molodezh,1,0,1
molokai,1,0,1
molokhya,0,1,1
molokini,0,1,1
molon,0,1,1
molona,0,1,1
moloney,1,0,1
molony,1,0,1
molopix,2,0,2
molor,1,1,2
molotov,1,2,3
mols,1,0,1
molson,4,5,9
molsy,1,0,1
molt,4,2,6
molten,1,6,7
moltes,0,1,1
molti,1,0,1
molting,4,0,4
molto,2,2,4
molton,0,2,2
moltrin,1,0,1
molv,1,0,1
molvies,1,0,1
moly,17,23,40
molyneux,4,3,7
molyos,0,1,1
molys,1,0,1
molz,1,0,1
mom,4808,4224,9032
moma,10,14,24
momacita,1,0,1
momagenda,1,0,1
momala,1,0,1
moman,0,1,1
momapalooza,1,0,1
momar,0,1,1
momas,0,1,1
mombacho,1,0,1
mombasa,2,3,5
momberger,0,1,1
momcon,1,0,1
momdad,0,1,1
momdukes,2,1,3
mome,2,1,3
momee,0,1,1
momehh,1,0,1
momements,0,1,1
momemt,1,1,2
momenrt,1,0,1
moment,1670,1558,3228
momentaly,1,0,1
momentan,0,1,1
momentarily,11,13,24
momentary,5,6,11
momentile,0,2,2
momentiles,1,0,1
momentious,0,1,1
momento,9,10,19
momentofweakness,1,0,1
momentom,1,0,1
momentoo,0,1,1
momentooo,1,0,1
momentoooooo,0,1,1
momentous,2,4,6
moments,190,307,497
momentss,0,2,2
momentt,1,0,1
momentum,10,19,29
momentus,0,1,1
momeny,0,1,1
momey,1,0,1
momfail,0,1,1
momhead,0,1,1
momi,1,0,1
momie,1,0,1
momies,1,2,3
momiji,1,2,3
moming,1,0,1
momir,0,1,1
momiscool,0,1,1
momisms,0,1,1
momjust,0,1,1
momlette,0,1,1
momlogic,1,0,1
momm,5,3,8
momma,236,337,573
mommaa,0,4,4
mommaaa,0,2,2
mommaaaa,0,1,1
mommabear,0,1,1
mommadrama,1,0,1
mommadukes,0,2,2
mommag,0,1,1
mommagigi,0,1,1
mommah,1,2,3
mommas,19,52,71
mommasss,0,1,1
mommatanis,1,0,1
mommatudes,0,1,1
mommatwit,0,1,1
mommaz,1,1,2
mommeeeeee,1,0,1
mommeh,0,1,1
momment,8,5,13
mommey,0,1,1
mommeyy,1,0,1
mommi,3,2,5
mommie,17,17,34
mommies,20,85,105
mommiessss,0,1,1
mommiez,0,1,1
mommiies,0,1,1
mommiiieee,0,1,1
mommin,0,1,1
mommio,1,0,1
mommm,4,6,10
mommma,0,1,1
mommmaa,0,1,1
mommmaaa,0,1,1
mommmas,0,1,1
mommmay,0,1,1
mommmm,0,1,1
mommmma,0,2,2
mommmmm,0,1,1
mommmmma,0,2,2
mommmmmm,1,0,1
mommmmmmmmmmmmmmm,0,1,1
mommmmmy,1,0,1
mommmmmyyy,0,1,1
mommmmy,1,1,2
mommmy,5,7,12
mommmys,1,0,1
mommmyy,1,2,3
mommmyyyssss,0,1,1
mommom,2,4,6
mommow,1,0,1
momms,0,1,1
mommsss,0,1,1
mommuy,1,0,1
mommy,847,969,1816
mommybloopers,0,1,1
mommyes,0,1,1
mommyfriends,0,1,1
mommyhood,0,2,2
mommykim,0,1,1
mommyless,1,0,1
mommylove,1,0,1
mommyness,0,1,1
mommys,20,57,77
mommyt,0,1,1
mommywood,1,0,1
mommyy,1,1,2
mommyyy,3,2,5
mommyyyy,2,1,3
mommyyyyyyyy,1,0,1
mommyz,1,0,1
momntgomery,1,0,1
momny,1,0,1
momo,16,25,41
momoams,4,15,19
momobears,1,0,1
momoberry,1,0,1
momof,1,0,1
momofosho,0,1,1
momofuku,0,2,2
momogi,1,0,1
momol,0,1,1
momolondon,0,1,1
momom,0,1,1
momonoke,0,1,1
momooo,0,1,1
momories,1,0,1
momos,2,5,7
momosa,0,1,1
momoslo,1,0,1
momosyd,0,3,3
momot,1,0,1
momotaros,0,1,1
momotlv,0,3,3
momoy,1,0,1
mompreneur,1,9,10
mompreneurs,0,3,3
mompreneursonline,0,1,1
momrrow,1,0,1
moms,430,674,1104
momsday,0,1,1
momsen,1,4,5
momsie,0,1,1
momsiess,1,0,1
momslikeme,1,1,2
momsrevenge,0,1,1
momss,2,1,3
momster,0,1,1
momsterz,0,2,2
momsy,0,2,2
momsz,2,0,2
momtraffic,0,1,1
momtv,0,1,1
momu,0,1,1
momy,2,4,6
momys,0,1,1
momz,7,17,24
momzy,0,1,1
momzz,1,0,1
mon,433,528,961
mona,22,24,46
monaaayy,1,0,1
monaaayyy,0,1,1
monac,1,0,1
monacle,0,1,1
monaco,20,21,41
monads,1,0,1
monae,2,1,3
monaghan,4,1,5
monah,0,1,1
monahan,0,2,2
monarc,0,1,1
monarch,3,4,7
monarchist,0,2,2
monarchs,1,1,2
monarchy,2,6,8
monari,1,0,1
monas,0,1,1
monash,5,4,9
monastary,0,1,1
monasteries,0,1,1
monastery,1,0,1
monastic,0,1,1
monatana,1,4,5
monatanna,0,1,1
monaten,1,0,1
monavie,3,1,4
monay,4,1,5
monayy,1,0,1
monayyy,1,1,2
monayyyy,1,3,4
monch,1,1,2
moncha,0,1,1
monchai,0,1,1
monchat,0,2,2
monchix,1,0,1
moncicci,0,1,1
monckeyfrog,0,1,1
moncky,0,1,1
moncom,0,1,1
moncton,5,9,14
monctonn,0,1,1
mond,2,0,2
mondaaaaaay,0,1,1
mondaaaay,0,5,5
mondaaay,3,4,7
mondaay,2,2,4
mondae,1,0,1
mondai,2,1,3
mondaii,2,0,2
mondaine,1,0,1
mondat,1,1,2
mondavi,1,1,2
monday,4502,3746,8248
mondayeyes,1,0,1
mondayish,1,0,1
mondayishh,0,1,1
mondayitis,4,3,7
mondayitus,0,1,1
mondaymadness,0,1,1
mondaymensch,0,1,1
mondaymention,0,1,1
mondaymonday,0,1,1
mondaymorning,1,2,3
mondaymorningitis,0,1,1
mondaymorningtwitterpledge,0,1,1
mondayness,1,0,1
mondays,541,289,830
mondayss,1,0,1
mondaysss,1,1,2
mondayssssss,1,0,1
mondaysssssssssss,1,0,1
mondaywin,0,1,1
mondayxxx,1,0,1
mondayy,10,5,15
mondayyy,6,7,13
mondayyyy,2,2,4
mondayyyyyy,1,0,1
mondayyyyyyy,0,1,1
mondayz,0,1,1
mondayzzz,1,0,1
monde,4,12,16
mondegreen,0,1,1
mondelis,0,1,1
monden,0,1,1
mondeo,3,1,4
mondey,1,1,2
mondhatok,1,0,1
mondial,1,0,1
mondiar,0,1,1
mondjuk,0,1,1
mondo,5,7,12
mondoweiss,0,1,1
mondrian,3,5,8
mondsy,1,0,1
mondy,2,1,3
mondya,1,0,1
mone,4,2,6
moneayyyy,0,1,1
moneee,1,0,1
moneeeeeeeeeeeeeeeey,1,0,1
moneeeeeey,1,0,1
moneeeeey,1,0,1
moneeeey,2,2,4
moneeeeyyyyyyy,1,0,1
moneeey,2,1,3
moneey,3,2,5
moneeyy,1,1,2
moneez,1,0,1
moneh,1,0,1
monehhs,1,0,1
monehs,0,1,1
monells,1,0,1
moneluv,0,1,1
moner,1,1,2
monestary,0,1,1
monestry,0,1,1
monet,6,5,11
monetarily,0,1,1
monetary,1,2,3
moneth,1,0,1
monetise,1,1,2
monetising,0,1,1
monetization,0,2,2
monetize,1,5,6
monetized,1,0,1
monetizers,0,1,1
monetizing,1,1,2
monets,0,1,1
monette,1,0,1
money,4064,2283,6347
moneyball,1,0,1
moneybrother,0,1,1
moneyful,0,1,1
moneygrubbers,1,0,1
moneygrubbing,1,1,2
moneyis,1,0,1
moneyless,1,0,1
moneylets,1,0,1
moneymaker,1,2,3
moneymaking,0,1,1
moneymoney,0,1,1
moneypenny,1,0,1
moneys,51,8,59
moneysaving,1,0,1
moneysss,1,1,2
moneysssssss,1,0,1
moneywell,1,0,1
moneywise,1,0,1
moneyy,8,5,13
moneyysss,0,1,1
moneyyy,9,7,16
moneyyyy,4,5,9
moneyyyys,0,1,1
moneyyyyy,1,2,3
moneyyyyyy,2,0,2
moneyyyyyyyyyyyy,0,1,1
moneyz,8,2,10
moneyzz,1,0,1
monfashionistar,0,1,1
monfils,11,5,16
monflis,1,0,1
monfort,1,1,2
mong,6,14,20
monga,0,1,1
monged,2,0,2
monger,1,1,2
mongering,2,0,2
mongers,1,0,1
monggo,0,1,1
monggos,1,0,1
monghole,0,1,1
mongin,0,1,1
monging,1,0,1
mongler,1,0,1
monglian,0,1,1
mongo,4,3,7
mongol,1,2,3
mongolia,2,5,7
mongolian,4,14,18
mongolie,1,0,1
mongoloid,1,0,1
mongoloids,1,0,1
mongols,1,1,2
mongoose,2,3,5
mongrel,2,4,6
mongrels,0,2,2
mongtard,1,0,1
mongy,1,0,1
monheim,1,0,1
monhts,1,0,1
moni,7,7,14
monia,0,1,1
moniaive,1,0,1
monic,1,1,2
monica,78,129,207
monicaa,1,0,1
monicafrancesca,0,1,1
monical,1,1,2
monicas,1,4,5
monicaspingol,0,1,1
monicker,0,1,1
monico,1,1,2
monicuh,1,0,1
monie,1,1,2
monieeezz,0,1,1
monies,86,26,112
moniez,3,0,3
monif,0,1,1
monigin,1,0,1
monii,0,1,1
moniiieeeess,1,0,1
monika,7,14,21
monikaaah,1,0,1
monikaphoenix,0,1,1
moniker,4,3,7
monikka,1,0,1
monin,0,2,2
moning,3,3,6
moniqie,0,1,1
monique,8,17,25
moniquebaines,0,1,1
moniquee,0,1,1
moniques,0,1,1
monis,0,1,1
monism,1,0,1
monit,1,0,1
moniter,6,3,9
monitiring,0,1,1
monitizing,0,1,1
monitor,170,132,302
monitored,3,3,6
monitoring,20,23,43
monitors,28,25,53
monitter,1,2,3
monjori,0,1,1
monk,17,36,53
monkaaay,0,1,1
monkarlum,0,1,1
monkee,0,1,1
monkees,2,3,5
monkey,209,294,503
monkeyballs,1,1,2
monkeybars,0,1,1
monkeyboi,1,0,1
monkeyboy,1,0,1
monkeyers,1,0,1
monkeyface,1,0,1
monkeyfighting,1,0,1
monkeyhouse,1,0,1
monkeyisland,2,4,6
monkeylectric,0,1,1
monkeynuts,0,1,1
monkeyproof,0,1,1
monkeys,68,89,157
monkeysnuggles,0,1,1
monkeytwizzle,0,1,1
monkeywhale,0,1,1
monkeyworld,1,0,1
monkeyy,0,2,2
monkeyyyssssssss,0,1,1
monkeyyyy,1,0,1
monkeyyyyy,1,0,1
monkfish,1,2,3
monkie,2,1,3
monkies,0,2,2
monks,3,17,20
monksden,2,1,3
monkseaton,0,1,1
monkss,0,1,1
monkster,0,1,1
monkton,0,1,1
monky,0,2,2
monlay,1,0,1
monlogues,0,1,1
monmon,0,3,3
monmonmonmonmondaaaaay,1,0,1
monmouth,4,3,7
monn,1,1,2
monna,1,1,2
monnday,1,0,1
monneeeyyyy,0,1,1
monnie,4,1,5
monnies,0,1,1
monnin,1,0,1
monnn,0,1,1
monnneeey,1,0,1
monnnnn,1,0,1
monnnnnday,1,0,1
mono,48,25,73
monobite,0,1,1
monobrow,1,0,1
monochromatic,1,2,3
monochrome,2,3,5
monocle,1,2,3
monocles,1,0,1
monoculturalist,0,1,1
monodevelop,1,0,1
monogamist,1,1,2
monogamous,0,3,3
monogamy,1,0,1
monoglues,0,1,1
monogomy,0,1,1
monograf,0,1,1
monogram,1,3,4
monokuro,0,1,1
monolators,1,0,1
monolingual,1,0,1
monolithic,0,1,1
monologue,16,10,26
monologues,3,5,8
monom,0,1,1
monome,3,2,5
monon,1,0,1
monona,1,1,2
monongahela,0,1,1
mononoke,2,1,3
mononucleosis,1,1,2
mononukleose,1,0,1
monophobic,1,0,1
monophone,1,0,1
monoply,3,0,3
monopol,0,1,1
monopolies,1,2,3
monopolise,0,1,1
monopolisten,1,0,1
monopolistic,1,0,1
monopolize,1,3,4
monopolized,1,1,2
monopolizing,1,0,1
monopoly,56,66,122
monopolyyyyyyyyy,1,0,1
monopoy,0,1,1
monoprice,1,0,1
monoprints,0,2,2
monoprotic,1,0,1
monorail,0,10,10
monospaced,0,1,1
monotany,1,0,1
monoton,1,0,1
monotone,4,2,6
monotonic,1,0,1
monotonix,1,1,2
monotonous,8,5,13
monotony,3,2,5
monotoring,1,0,1
monoxide,4,1,5
monqiuewoodz,0,1,1
monrin,1,0,1
monring,4,8,12
monrning,0,2,2
monrnings,1,0,1
monroe,39,27,66
monroes,1,0,1
monroll,1,0,1
monrose,1,3,4
monrovia,2,4,6
mons,4,3,7
monsaintegreve,0,1,1
monsanto,4,0,4
monsieur,4,8,12
monsoon,70,29,99
monsoonal,1,0,1
monsooned,1,0,1
monsooning,5,1,6
monsoons,11,5,16
monsour,0,1,1
monsta,1,2,3
monstaa,0,1,1
monstar,0,1,1
monstars,0,1,1
monster,257,229,486
monsterattacks,0,1,1
monsterdebug,0,1,1
monsterinian,0,1,1
monsternom,0,1,1
monsterous,2,1,3
monsterpalooza,2,0,2
monsterr,1,0,1
monsters,64,117,181
monstertweetup,0,1,1
monstervegastweetup,1,10,11
monsterworld,0,1,1
monstre,1,0,1
monstreous,0,1,1
monstress,1,0,1
monstrosities,0,1,1
monstrosity,3,0,3
monstrous,6,6,12
monstrously,1,0,1
monstruo,0,1,1
mont,4,6,10
monta,0,2,2
montaaaaaaaage,1,0,1
montaaaaaaage,1,0,1
montaditas,1,0,1
montados,0,1,1
montag,9,10,19
montage,22,19,41
montages,1,3,4
montagne,0,1,1
montags,1,1,2
montague,2,0,2
montagues,1,0,1
montaha,1,0,1
montaigne,0,1,1
montalban,0,1,1
montalcino,1,0,1
montalvo,0,1,1
montan,2,2,4
montana,254,602,856
montanah,0,2,2
montanas,5,3,8
montando,0,1,1
montanna,17,21,38
montannah,1,2,3
montannie,1,0,1
montarra,1,0,1
montauk,0,4,4
montay,0,1,1
montblanc,0,1,1
montcalm,0,1,1
montclair,0,9,9
montco,1,0,1
montday,0,1,1
monte,12,15,27
monteagle,1,0,1
montebello,2,0,2
montebelluna,1,0,1
montecarlo,1,0,1
montecasino,0,1,1
montecristo,1,2,3
montefiore,1,2,3
montegna,0,1,1
montego,1,1,2
monteiro,1,2,3
monteith,1,2,3
montel,1,0,1
montell,0,1,1
montena,0,1,1
montenegro,2,4,6
montepulciano,2,3,5
montepulcianosse,0,1,1
monteray,3,1,4
monterey,16,27,43
montero,1,0,1
monterrey,24,15,39
montery,0,1,1
montes,1,1,2
montesacro,1,0,1
montesquieu,1,0,1
montessori,3,0,3
montevallo,0,2,2
monteverde,1,0,1
montevideo,0,1,1
montez,1,0,1
montezuma,1,1,2
montfils,0,1,1
montgomerry,0,1,1
montgomery,20,13,33
montgomerywards,0,1,1
montgomreys,1,0,1
month,2385,1843,4228
monthaversary,2,0,2
monthcheck,1,0,1
monthe,0,1,1
monthes,0,5,5
monthhh,0,1,1
monthhhh,0,3,3
monthhhhhhhhhhhhh,1,0,1
monthlies,1,1,2
monthly,100,85,185
monthniversary,0,1,1
months,2194,1377,3571
monthsarry,1,0,1
monthsary,1,5,6
monthsaryy,0,1,1
monthsish,1,0,1
monthsmom,1,0,1
monthsout,1,0,1
monthss,1,0,1
monthsss,0,1,1
monthssss,0,2,2
monthsssss,2,1,3
monthy,1,2,3
monthz,1,0,1
monti,3,1,4
monticello,0,1,1
montie,0,1,1
montii,0,1,1
montini,2,0,2
montly,2,0,2
montmartre,1,3,4
montmel,1,2,3
montmorency,0,2,2
montogomery,1,0,1
montongo,0,1,1
montonic,3,0,3
montoya,1,1,2
montparnasse,1,1,2
montpelier,1,0,1
montpeliers,1,0,1
montpellier,1,0,1
montr,5,8,13
montrachet,0,1,1
montrail,1,0,1
montrea,0,1,1
montreal,160,114,274
montrealer,0,3,3
montrealers,0,1,1
montreat,1,0,1
montrek,0,1,1
montreras,1,0,1
montreux,0,1,1
montrin,1,0,1
montrose,5,1,6
monts,3,4,7
montsalvat,0,1,1
montse,0,1,1
montserrat,1,1,2
monttaaanna,0,1,1
montues,1,0,1
montville,0,1,1
monty,20,42,62
montyhobratschk,1,0,1
montymondays,1,0,1
montypython,1,0,1
montz,0,1,1
monument,4,7,11
monumental,6,4,10
monumentale,0,1,1
monumentally,2,2,4
monumento,0,1,1
monuments,2,6,8
mony,2,1,3
monye,1,1,2
monyet,1,0,1
monyy,1,0,1
monz,0,1,1
monza,0,2,2
monzon,0,2,2
moo,53,62,115
moob,2,1,3
moobie,2,0,2
moobs,9,2,11
mooch,8,8,16
moocher,5,1,6
mooches,0,1,1
moochie,2,0,2
moochin,1,0,1
mooching,5,3,8
moochinno,0,1,1
moochka,0,1,1
moocho,1,0,1
moock,0,1,1
moocking,0,1,1
moocow,1,0,1
moocows,1,0,1
mood,1906,1381,3287
mooday,2,0,2
moodboard,0,1,1
moodcoz,0,1,1
moodcrash,1,0,1
mooddd,1,1,2
moodddd,1,0,1
mooded,0,1,1
moodhings,0,1,1
moodie,1,1,2
moodle,13,19,32
moodlerooms,1,0,1
moodlers,1,0,1
moodles,1,0,1
moodless,1,0,1
moodness,1,0,1
moodring,1,0,1
moods,95,35,130
moodswing,2,0,2
moodswings,5,3,8
moodswitcher,0,1,1
moodtheme,1,1,2
moodxx,0,1,1
moody,88,34,122
moodys,0,1,1
moodyyy,1,0,1
mooed,0,2,2
moof,2,0,2
moofer,1,1,2
moofie,0,1,1
moog,1,1,2
mooga,1,0,1
moogle,1,1,2
moogly,1,0,1
moogoogaipan,0,1,1
moohlah,0,1,1
mooi,1,1,2
mooie,0,3,3
mooing,0,1,1
mooj,0,1,1
mook,1,3,4
mookie,1,2,3
mooks,1,1,2
mookyeong,1,0,1
moola,6,3,9
moolaa,1,0,1
moolaaaaaaa,1,0,1
moolaahh,0,1,1
moolah,14,11,25
moolahs,4,1,5
moolas,1,0,1
moolatte,1,0,1
moolie,0,1,1
moolineum,0,1,1
mooloolaba,1,5,6
moom,2,1,3
moomah,0,1,1
moomba,0,2,2
moomia,2,0,2
moomie,0,1,1
moomies,0,1,1
moomin,5,0,5
moommmaaaaaaa,0,1,1
moommy,2,2,4
moomoo,3,1,4
moomoolahs,1,0,1
moomy,0,2,2
moon,744,2053,2797
moonay,1,3,4
moonbat,0,3,3
moonbeam,2,1,3
moonbeamstarlight,0,1,1
moonbootica,0,1,1
moonbounce,1,0,1
moonbow,0,1,1
moonbug,1,0,1
mooncheez,1,0,1
moonchild,0,2,2
moonchul,0,1,1
mooncup,1,0,1
mooncups,1,0,1
moondance,1,1,2
moonday,1,1,2
moondog,1,0,1
moondogs,0,1,1
moondrops,1,0,1
moondust,0,1,1
mooned,0,2,2
mooney,2,1,3
mooneys,0,1,1
moonface,1,0,1
moonglade,0,1,1
moonie,0,1,1
mooning,7,1,8
moonlight,16,42,58
moonlightflight,0,1,1
moonlighting,0,1,1
moonlit,1,0,1
moonlol,0,1,1
moonpig,2,3,5
moonpreview,0,1,1
moonrise,0,3,3
moonriver,0,1,1
moonroof,1,1,2
moons,15,28,43
moonshine,4,11,15
moonshiner,0,1,1
moonson,0,2,2
moonsparkle,0,1,1
moonspell,0,1,1
moonsticks,0,1,1
moonstone,3,0,3
moonstruck,0,2,2
moont,0,1,1
moontree,1,0,1
moonwalk,2,9,11
moonwalker,0,3,3
moonwalking,0,1,1
moonwalks,0,1,1
moonwolf,0,1,1
moony,0,4,4
moonying,1,0,1
mooo,3,3,6
mooobeeee,0,1,1
moood,6,10,16
moooddd,2,0,2
mooodddd,0,1,1
mooodds,1,0,1
mooods,0,1,1
mooolteeepass,0,1,1
mooom,0,1,1
mooommy,1,0,1
mooomoo,1,0,1
mooon,3,12,15
mooonday,0,1,1
mooondays,2,0,2
mooonn,1,1,2
mooonth,0,1,1
mooonths,0,1,1
moooo,2,0,2
mooooarning,0,1,1
mooood,1,2,3
mooookaaayyyyyyy,1,0,1
moooom,0,1,1
moooon,0,4,4
moooonday,1,0,1
moooondddaaayyyy,1,0,1
moooonthhhh,0,1,1
mooooo,1,1,2
moooood,1,2,3
mooooody,1,0,1
mooooomm,1,0,1
mooooon,0,2,2
mooooonnn,1,0,1
moooooo,0,1,1
mooooood,2,0,2
moooooon,0,1,1
moooooonn,1,0,1
moooooonth,0,1,1
moooooood,1,0,1
mooooooon,1,0,1
moooooooo,0,1,1
mooooooood,0,2,2
moooooooon,0,1,1
mooooooooom,0,1,1
moooooooooon,0,2,2
mooooooooooo,2,0,2
mooooooooooon,0,1,1
mooooooooooooo,0,1,1
mooooooooooooon,0,1,1
mooooooooooooooddddd,1,0,1
moooooooooooooooo,0,1,1
moooooooooooooooooo,0,1,1
mooooooooooooooooooorning,1,0,1
mooooooooooooooovie,0,1,1
mooooooooooorning,1,1,2
moooooooooorning,1,0,1
moooooooooorrrrning,0,1,1
moooooooooorrrrrnnnnnniiiiinnnnnngggggg,0,1,1
mooooooooore,1,0,1
mooooooooornin,0,1,1
mooooooooorning,0,1,1
mooooooooove,1,0,1
mooooooorning,2,1,3
mooooooovie,0,1,1
moooooore,0,3,3
moooooorning,1,6,7
moooooovie,0,1,1
mooooooving,0,1,1
moooooovvvvviiiieeeeeee,0,1,1
mooooore,2,3,5
mooooorniiiing,0,1,1
mooooorning,2,5,7
mooooorrrrnnnnniiinnnnggg,0,1,1
mooooovie,1,2,3
mooooovies,0,2,2
moooooviiiie,1,0,1
mooooovveeemeennt,1,0,1
moooore,4,4,8
moooorniiiiiiing,1,0,1
moooorniiing,0,1,1
moooorning,2,10,12
moooorrrnnniig,0,1,1
moooosic,1,0,1
moooosik,0,1,1
moooosttt,0,1,1
moooovie,2,2,4
mooooviee,0,1,1
mooooving,2,0,2
moooowal,0,1,1
moooowie,0,1,1
mooor,0,1,1
mooore,7,6,13
moooree,2,0,2
moooreee,1,0,1
moooreeee,0,1,1
mooornan,1,0,1
mooornin,1,0,1
mooorning,5,11,16
mooorrning,1,1,2
mooorrreeee,0,1,1
moooshy,1,0,1
mooosik,1,0,1
moootheerss,0,1,1
mooots,1,0,1
mooouse,1,0,1
mooouthes,0,1,1
mooovayyy,0,1,1
mooove,2,1,3
mooovie,1,4,5
mooovieee,1,0,1
mooovieess,0,1,1
mooovies,1,0,1
moop,0,1,1
moor,6,5,11
moora,1,1,2
moorcroft,1,0,1
moore,38,80,118
moored,0,1,1
mooreee,1,2,3
mooreeee,0,1,1
moores,4,4,8
mooresville,1,0,1
mooreys,1,0,1
moorgen,0,1,1
moorings,0,2,2
moorish,1,0,1
moorland,0,2,2
moorlands,0,1,1
moormant,0,1,1
moorniiing,0,1,1
moornin,0,1,1
moorning,0,5,5
moorningg,0,1,1
moorpark,1,1,2
moorrniingg,1,0,1
moorrrning,1,0,1
moors,4,2,6
moorside,0,1,1
moos,5,1,6
moosa,1,0,1
moose,44,40,84
moosehead,2,1,3
mooseheads,1,0,1
mooseman,1,0,1
moosemonday,0,2,2
mooseport,1,0,1
mooses,2,2,4
moosetracks,1,0,1
moosey,1,1,2
moosh,1,1,2
mooshed,1,0,1
mooshie,1,0,1
mooshoe,0,1,1
mooshy,2,0,2
moosic,1,0,1
moosie,1,0,1
moosik,0,2,2
moosing,0,1,1
moost,0,1,1
moostachevannie,1,0,1
moot,6,6,12
mootools,3,10,13
moots,0,1,1
mootuesday,0,1,1
moourl,0,1,1
moouu,0,1,1
moov,1,2,3
moovarolage,0,1,1
mooved,1,0,1
moovements,0,1,1
moovida,1,0,1
moovie,2,1,3
moovieee,2,1,3
moovies,0,3,3
moovieshahaa,0,1,1
mooviiee,1,0,1
mooville,0,1,1
mooving,0,1,1
moovs,1,0,1
moovvvieess,0,1,1
mooyah,2,0,2
mooyen,0,1,1
mop,36,28,64
mopar,1,1,2
mopars,1,0,1
mope,11,2,13
moped,16,7,23
mopeds,1,2,3
mopes,2,0,2
mopey,19,3,22
mophie,1,2,3
mophone,1,0,1
moping,19,4,23
mopomd,0,1,1
mopos,0,1,1
mopped,12,3,15
moppet,0,1,1
mopping,15,11,26
mopre,1,0,1
moprrow,1,0,1
mops,1,3,4
mopshots,0,1,1
moptop,1,0,1
mopy,2,0,2
moq,2,1,3
moqe,0,1,1
moquitos,1,0,1
mor,39,41,80
mora,20,11,31
moraa,1,1,2
moraaa,0,1,1
moraan,0,3,3
moracca,1,0,1
morae,1,0,1
moraga,1,1,2
moraine,2,1,3
moraira,1,0,1
moral,37,45,82
morale,5,7,12
morales,2,1,3
moralimperative,0,1,1
moralism,1,0,1
morality,7,2,9
moralizing,0,1,1
morally,2,1,3
morals,4,5,9
moram,0,1,1
moran,9,11,20
morand,0,1,1
morango,1,0,1
moranis,1,0,1
morans,1,0,1
morant,0,2,2
morar,2,0,2
morbid,10,9,19
morbidly,3,2,5
morbitzer,1,0,1
morcambe,1,0,1
morcheeba,2,2,4
morcom,1,0,1
morcyle,0,1,1
mordan,1,0,1
morden,1,0,1
mordheim,0,1,1
mordy,0,1,1
more,18873,19057,37930
moreabout,0,1,1
moreau,0,1,1
moreaux,2,0,2
morebearhugs,1,0,1
morebeerplease,1,0,1
morebonding,0,1,1
morecambe,2,0,2
morecheesemonday,1,0,1
moredays,0,2,2
moree,22,22,44
moreee,19,14,33
moreeee,6,5,11
moreeeee,8,1,9
moreeeeee,1,4,5
moreeeeeee,3,3,6
moreeeeeeeeee,0,1,1
moreeeeeeeeeeeeeeeeee,1,0,1
moreen,0,1,1
morehappypeeps,0,1,1
morehead,1,0,1
morehouse,1,1,2
moreira,0,1,1
moreish,1,3,4
moreland,0,1,1
morelike,1,0,1
morelim,1,0,1
morella,1,0,1
morelli,0,3,3
morello,3,7,10
morels,0,4,4
moremoremore,1,0,1
moren,0,1,1
morena,5,2,7
morenewmath,0,1,1
morening,0,1,1
morenne,0,1,1
moreno,3,8,11
moreover,5,7,12
morepaychecks,1,0,1
morepics,1,0,1
morepoisonedgabehabe,1,0,1
morepower,0,1,1
morerepublicanswhocantpracticewhattheypreach,1,0,1
mores,14,23,37
moreschool,1,0,1
moreso,5,0,5
morethan,0,1,1
moreton,1,2,3
moretti,0,1,1
moretv,0,1,1
morevi,0,1,1
morez,1,1,2
morf,1,0,1
morfar,1,2,3
morfeus,1,0,1
morfine,1,0,1
morfoula,0,1,1
morg,2,3,5
morga,0,1,1
morgahontis,1,1,2
morgan,74,104,178
morgana,1,2,3
morganbffs,3,0,3
morganbrown,0,1,1
morgane,0,2,2
morganmariah,0,1,1
morgann,0,1,1
morganne,0,1,1
morgannnn,0,1,1
morgans,7,4,11
morganton,1,0,1
morgantown,7,3,10
morganville,2,0,2
morgeeeen,0,1,1
morgen,11,71,82
morgendorffer,0,1,1
morgennnnnn,1,0,1
morgentliche,0,1,1
morgi,1,0,1
morgie,3,2,5
morging,0,1,1
morgnin,0,1,1
morgning,1,3,4
morgo,0,1,1
morgon,0,1,1
morgondagens,0,1,1
morgs,0,1,1
morgue,3,3,6
morgy,1,1,2
morhe,1,0,1
morhing,0,1,1
mori,7,6,13
moriaaaaaaah,0,1,1
moriah,2,1,3
moriarity,0,1,1
moriarty,1,2,3
moribund,0,1,1
moriches,0,1,1
morientes,0,1,1
moriesbel,1,0,1
morillo,0,1,1
morimori,0,1,1
morimoto,0,2,2
morin,10,3,13
moring,33,46,79
morinig,1,1,2
morinin,1,0,1
morining,8,9,17
morinn,1,0,1
morinng,3,0,3
morir,0,1,1
morire,1,1,2
morisette,0,1,1
morissette,1,3,4
morisson,1,1,2
moriste,1,0,1
morita,1,0,1
moritz,2,0,2
mork,2,2,4
morkel,1,0,1
morkie,2,0,2
morley,2,2,4
morm,1,2,3
morma,1,0,1
morman,1,1,2
mormans,1,0,1
mormin,1,0,1
morming,1,3,4
mormning,0,1,1
mormon,10,16,26
mormons,4,1,5
mormor,0,1,1
morn,300,212,512
morna,0,1,1
mornaitssss,1,0,1
mornang,1,0,1
morne,1,0,1
morneeeennnn,0,1,1
morneeeng,0,1,1
morneen,0,1,1
morneeng,0,1,1
mornennnnnnnnnnnnnnnnnlove,1,0,1
mornevening,0,1,1
morng,1,2,3
morni,2,0,2
mornic,1,0,1
mornig,16,18,34
mornigan,1,0,1
mornigh,1,0,1
mornight,2,5,7
mornign,3,6,9
morniiiiiiing,1,1,2
morniiiiiingg,0,1,1
morniiiiiingggg,0,1,1
morniiiiin,1,0,1
morniiiiing,0,3,3
morniiiing,1,6,7
morniiing,0,5,5
morniiingg,0,1,1
morniiinnnggg,0,1,1
morniin,1,4,5
morniing,1,4,5
morniinq,0,1,1
mornimg,1,0,1
mornin,433,724,1157
mornincrew,1,0,1
mornind,0,1,1
mornine,1,0,1
morninf,1,2,3
morning,13770,20832,34602
morninga,0,1,1
morningand,1,0,1
morningedith,0,1,1
morningg,20,26,46
morninggg,17,41,58
morningggg,9,12,21
morninggggg,0,8,8
morningggggg,1,6,7
morninggggggg,1,2,3
morningggggggg,1,2,3
morninggggggggg,0,2,2
morninggggggggggg,0,2,2
morninggggggggggggg,0,1,1
morningggggggggggggggg,0,1,1
morninggh,0,1,1
morningjoe,1,0,1
morningloves,0,1,1
morningm,1,0,1
morningmorning,0,1,1
morningness,0,1,1
morningo,0,2,2
morningon,1,0,1
mornings,359,240,599
morningside,1,3,4
morningss,1,1,2
morningssss,1,0,1
morningstar,5,3,8
morningstars,0,1,1
morningsupposed,0,1,1
morningtime,1,0,1
mornington,2,4,6
morningview,0,1,1
morningwalk,0,1,1
morningwood,3,1,4
morningz,0,2,2
morningzzz,0,1,1
morninh,0,1,1
mornining,2,3,5
morninks,0,2,2
morninn,1,1,2
morninng,1,2,3
morninngg,1,0,1
morninnggg,0,1,1
morninnn,1,3,4
morninnng,1,1,2
morninnnggg,0,1,1
morninnnn,2,0,2
morninnnng,1,0,1
morninnnnn,1,1,2
morninnnnnng,1,0,1
morninq,7,8,15
morninqq,0,1,1
morninqqq,0,1,1
morninqs,1,0,1
mornins,4,1,5
morniong,0,2,2
mornish,0,1,1
morniung,0,1,1
mornn,2,1,3
mornng,3,1,4
mornning,3,3,6
mornningg,0,1,1
mornninng,0,1,1
mornninnnngg,1,0,1
mornnning,0,1,1
mornnnnin,0,1,1
mornnnninggg,1,0,1
mornnnnnnib,0,1,1
mornnnnnnin,0,1,1
mornnnnnnning,0,1,1
mornnnnnnnnninggggg,0,1,1
mornong,1,1,2
mornoon,0,5,5
morns,1,3,4
mornt,0,1,1
mornting,7,9,16
morntingggg,1,0,1
morntings,0,1,1
mornung,0,1,1
mornyt,0,2,2
moro,398,181,579
morocan,1,0,1
moroccan,4,9,13
morocco,17,18,35
moroccousa,0,1,1
moroco,2,0,2
moron,33,30,63
morong,0,1,1
morongo,2,6,8
moronic,4,3,7
moronmonday,0,1,1
morons,27,11,38
morooo,0,1,1
mororrow,1,0,1
moros,2,0,2
morose,8,0,8
moross,1,0,1
morow,55,24,79
morows,0,1,1
moroz,0,1,1
morp,2,2,4
morph,1,4,5
morphed,3,3,6
morphes,1,1,2
morpheus,2,2,4
morphie,1,0,1
morphies,0,1,1
morphin,1,4,5
morphine,17,6,23
morphing,3,2,5
morpho,0,1,1
morphology,1,1,2
morphone,2,0,2
morphs,1,0,1
morr,2,4,6
morra,18,11,29
morraine,1,0,1
morrals,0,1,1
morram,0,1,1
morre,2,0,2
morrea,1,0,1
morreee,0,1,1
morrel,0,1,1
morrellis,0,1,1
morrelo,0,1,1
morrendo,2,0,2
morrer,2,1,3
morreu,6,1,7
morrgans,1,0,1
morri,2,3,5
morrica,0,1,1
morricone,1,1,2
morrie,1,4,5
morriii,1,0,1
morring,0,2,2
morrining,1,0,1
morris,16,27,43
morrisette,0,1,1
morrisey,1,4,5
morriseys,0,1,1
morrisment,0,1,1
morrison,31,49,80
morrisons,20,22,42
morriss,1,0,1
morrissete,0,1,1
morrissette,0,1,1
morrissey,18,26,44
morristown,0,2,2
morrn,0,2,2
morrnig,0,1,1
morrniing,0,1,1
morrning,3,6,9
morrningg,0,1,1
morrnings,1,0,1
morrnning,1,0,1
morro,51,37,88
morroc,2,0,2
morrocan,0,2,2
morroccan,0,1,1
morrocco,1,0,1
morroco,3,0,3
morroe,0,1,1
morron,1,0,1
morroo,0,1,1
morrooo,0,1,1
morrow,638,425,1063
morrowchris,1,0,1
morrowind,1,1,2
morrows,4,4,8
morrowss,0,1,1
morroww,3,2,5
morrowz,0,1,1
morroz,1,0,1
morrreee,1,0,1
morrreeeeee,1,0,1
morrrinnn,1,0,1
morrrisss,1,0,1
morrrniiiiinnngggggg,0,1,1
morrrniiing,1,0,1
morrrniing,0,1,1
morrrnin,1,0,1
morrrning,1,4,5
morrrninnn,0,1,1
morrro,0,1,1
morrrre,1,0,1
morrrrning,1,2,3
morrrrrning,1,2,3
morrrrrninnnggggg,1,0,1
morrrrrrning,0,1,1
morrrrrrrning,0,1,1
morrrrrrrrning,1,0,1
morrrrrrrrre,0,1,1
morrrrrrrrrrning,0,1,1
morrrrrrrrrrrning,1,0,1
morrrrrrrrrrrrning,0,1,1
morrw,2,4,6
morsal,1,0,1
morsche,0,1,1
morsdorf,1,0,1
morse,5,6,11
morsel,2,0,2
morsels,0,2,2
morsiiiiii,0,1,1
morston,0,1,1
mort,5,7,12
morta,1,0,1
mortadella,1,1,2
mortage,1,3,4
mortal,20,19,39
mortality,9,1,10
mortalkombat,0,1,1
mortally,2,1,3
mortals,6,10,16
mortar,0,12,12
mortcheva,0,1,1
morte,1,3,4
mortem,3,1,4
mortems,1,0,1
morten,2,2,4
mortenson,0,1,1
mortfied,1,0,1
mortgage,46,22,68
mortgages,7,1,8
morthorpe,0,1,1
mortification,0,1,1
mortified,20,3,23
mortifyin,1,0,1
mortifying,1,2,3
mortifyingly,1,0,1
mortimer,3,0,3
mortis,5,0,5
mortlock,0,1,1
mortmain,0,1,1
morto,1,0,1
morton,4,10,14
mortons,3,1,4
mortonsilitus,1,0,1
mortorcycle,1,0,1
morts,2,1,3
mortuaries,1,0,1
mortuary,1,0,1
mortuis,1,0,1
morty,0,1,1
morumbi,1,1,2
morumbiiiiiiiiiiiiiiiiiii,0,1,1
moruning,1,0,1
morvich,0,1,1
morw,4,2,6
mory,1,0,1
mos,79,63,142
mosa,1,0,1
mosaic,10,20,30
mosaicappeals,0,1,1
mosambe,0,1,1
mosambik,1,0,1
mosavi,3,0,3
mosbied,1,0,1
mosburger,0,2,2
mosby,0,4,4
mosca,0,1,1
moscado,1,0,1
moscars,1,4,5
moscas,0,1,1
moscatly,0,1,1
moscato,5,9,14
moschino,0,1,1
moscone,1,8,9
moscoow,1,0,1
moscoto,1,0,1
moscow,34,40,74
moscowweather,0,1,1
mosdef,1,4,5
mose,2,0,2
moseley,3,2,5
moser,1,2,3
moserbaerhomevideo,1,0,1
moses,11,17,28
mosesss,0,1,1
mosey,4,6,10
moseying,0,2,2
mosh,20,24,44
moshan,1,0,1
moshcam,1,1,2
moshe,1,0,1
moshed,1,2,3
mosher,0,2,2
moshers,2,1,3
moshes,1,0,1
moshhhh,0,1,1
moshi,2,5,7
moshie,0,1,1
moshii,1,1,2
moshimonsters,0,3,3
moshimoshi,0,1,1
moshing,2,4,6
moshky,0,1,1
mosholu,0,1,1
moshpit,3,3,6
moshpits,0,2,2
moshtix,2,1,3
mosi,0,2,2
mosiac,0,1,1
mosie,1,0,1
mosier,1,1,2
mosimann,0,1,1
mosiquitos,1,0,1
mositurising,0,1,1
mosj,1,1,2
moskito,1,0,1
moslem,1,2,3
mosley,4,1,5
mosly,0,1,1
mosman,0,2,2
moso,0,1,1
mosok,0,1,1
mosouri,1,0,1
mosque,3,3,6
mosques,0,1,1
mosquite,0,1,1
mosquitie,1,0,1
mosquito,194,30,224
mosquitobites,2,0,2
mosquitoe,1,0,1
mosquitoes,80,12,92
mosquitoooosss,1,0,1
mosquitos,69,17,86
moss,11,22,33
mossberg,0,1,1
mosse,0,1,1
mosses,1,0,1
mossey,1,0,1
mossie,1,0,1
mossig,1,0,1
mossimo,1,0,1
mossimos,0,1,1
mossin,1,0,1
mossley,1,0,1
mosso,5,1,6
mossop,0,1,1
mossouri,0,1,1
mosst,1,0,1
mossy,3,4,7
mossyin,0,1,1
most,3543,4337,7880
mostaza,1,1,2
mostboringtweets,1,0,1
mostdef,0,1,1
moste,0,1,1
mosted,0,1,1
mostely,0,1,1
moster,0,1,1
mosterestest,1,0,1
mosters,0,1,1
mostess,0,1,1
mostest,1,3,4
mostestest,1,0,1
mosthigh,1,0,1
mostimportantthing,0,1,1
mostley,0,1,1
mostlikely,1,0,1
mostly,410,535,945
mostlylisa,1,0,1
mostlys,0,1,1
mostnights,0,1,1
mostof,0,1,1
mostpatientpersonintheworld,1,0,1
mostperfectpopsong,0,3,3
mostpoplar,0,1,1
mostquito,1,0,1
mostt,1,0,1
mosttt,0,1,1
mosturising,1,0,1
mostvpeople,0,1,1
mosun,0,1,1
mosy,1,1,2
mot,54,17,71
mota,3,0,3
motana,0,2,2
motanna,0,1,1
motar,1,0,1
motavational,1,0,1
motd,3,2,5
mote,2,6,8
moteasefane,1,0,1
motel,25,14,39
motelroom,2,0,2
motels,0,1,1
motepulciano,0,1,1
moter,1,0,1
motercycle,0,1,1
motering,0,1,1
motersports,0,1,1
moterway,1,2,3
motex,0,1,1
motfail,1,0,1
moth,60,26,86
motha,13,19,32
mothaaa,0,1,1
mothaaaaa,1,0,1
mothaas,0,1,1
mothaf,1,0,1
mothafck,1,0,1
mothafcken,1,0,1
mothafucka,1,3,4
mothafuckaaaaaaa,1,0,1
mothafuckas,0,1,1
mothafucker,0,1,1
mothafuckerrr,1,0,1
mothafuckin,1,1,2
mothafucking,0,1,1
mothafuckn,0,1,1
mothafudgerrrrr,1,0,1
mothafukaaaaa,1,0,1
mothahsaurus,1,0,1
mothaphucca,1,0,1
mothaphuckaz,0,1,1
mothball,1,0,1
mothballed,1,0,1
mothballing,1,0,1
mothballs,3,0,3
mothe,0,1,1
mothefuckers,0,1,1
mother,1395,2508,3903
mothera,0,1,1
motherbear,0,1,1
motherbitch,3,0,3
motherboard,42,4,46
motherboards,0,1,1
motherchucker,1,1,2
motherday,1,2,3
motherducker,1,0,1
mothered,0,1,1
mothereffer,1,1,2
mothereffing,1,0,1
motheres,0,1,1
motherf,3,4,7
motherfaaking,0,1,1
motherfail,1,0,1
motherfakker,0,1,1
motherfckin,0,1,1
motherfcukersz,1,0,1
motherfeed,0,1,1
motherflipping,1,0,1
motherfreakin,1,0,1
motherfreaking,2,0,2
motherfrucking,0,1,1
motherfuc,0,2,2
motherfuck,4,1,5
motherfucka,1,3,4
motherfuckasss,0,1,1
motherfuckassss,1,0,1
motherfucken,1,0,1
motherfucker,24,18,42
motherfuckerrrr,1,1,2
motherfuckers,5,4,9
motherfuckin,4,5,9
motherfucking,14,9,23
motherfuckn,0,1,1
motherfuckr,1,0,1
motherfukin,1,0,1
motherfunky,0,1,1
motherfunster,1,0,1
motherhood,6,15,21
mothering,2,5,7
motherinlaw,2,0,2
motherjane,3,1,4
motherland,6,8,14
motherless,1,1,2
motherlicker,0,1,1
motherlickers,1,0,1
motherlkajsdflkajds,1,0,1
motherload,2,3,5
motherloader,0,1,1
motherlode,2,1,3
motherlover,2,1,3
motherloving,1,0,1
motherly,2,2,4
mothernature,1,0,1
mothernlaw,0,1,1
motherr,0,2,2
motherrr,1,1,2
motherrrr,2,1,3
motherrrrr,1,0,1
mothers,433,1598,2031
mothersday,10,25,35
mothersdayyy,1,0,1
mothersdayyyyyyyyy,0,1,1
mothershed,0,1,1
mothership,5,2,7
mothershop,0,1,1
mothersmutter,1,0,1
motherss,0,1,1
motherssss,0,1,1
motherwell,1,1,2
motherz,0,3,3
mothes,2,0,2
mothh,1,1,2
mothing,1,0,1
mothly,1,0,1
mothman,0,1,1
mothr,2,1,3
mothrs,0,2,2
moths,30,14,44
mothuhss,0,1,1
mothwash,1,0,1
mothy,0,1,1
mothyyy,1,0,1
motiation,0,1,1
motif,1,1,2
motiiiiiii,1,0,1
motility,1,0,1
motion,92,127,219
motionbased,1,0,1
motionbox,0,1,1
motiondsp,0,1,1
motionflow,0,1,1
motionless,3,2,5
motionplus,2,0,2
motionportrait,0,1,1
motions,7,11,18
motionx,1,3,4
motiovated,0,1,1
motiv,1,1,2
motivaiton,1,0,1
motivashuns,0,1,1
motivate,49,42,91
motivated,144,120,264
motivateddd,0,1,1
motivates,4,10,14
motivating,10,19,29
motivation,259,173,432
motivational,11,29,40
motivationless,1,0,1
motivationmonday,0,1,1
motivationnn,1,1,2
motivations,2,3,5
motivaton,1,0,1
motivator,5,8,13
motivators,0,1,1
motive,4,6,10
motives,4,1,5
motiviated,1,0,1
motiviation,0,1,1
motjie,1,0,1
motley,5,13,18
motlop,2,0,2
motm,3,1,4
motn,1,0,1
motnana,0,1,1
motning,0,1,1
motnth,1,0,1
moto,19,27,46
motobike,1,0,1
motocross,2,6,8
motocrossed,0,2,2
motocycle,1,0,1
motogp,23,29,52
motohisa,1,0,1
motomail,1,0,1
motomania,0,1,1
motomichi,0,1,1
motong,0,1,1
motopark,0,1,1
motor,57,44,101
motorbicycling,0,1,1
motorbike,33,19,52
motorbikes,4,8,12
motorbiking,1,0,1
motorboat,0,3,3
motorcade,0,3,3
motorcades,1,0,1
motorcity,1,1,2
motorcitystandupyo,0,1,1
motorcross,1,1,2
motorcrossed,0,1,1
motorcycle,108,110,218
motorcycledaily,0,1,1
motorcycles,9,19,28
motorcycling,0,3,3
motorcyclist,5,0,5
motorcyclists,1,0,1
motorcyle,2,4,6
motordamn,0,1,1
motorhaube,0,1,1
motorhead,0,5,5
motorhome,2,2,4
motorhomes,0,2,2
motoring,2,2,4
motorino,0,1,1
motorised,0,2,2
motorist,2,0,2
motorista,0,1,1
motorized,1,1,2
motormouth,1,0,1
motorockr,1,0,1
motorola,12,9,21
motors,22,9,31
motorscooter,1,0,1
motorsport,5,12,17
motorsports,1,1,2
motorstorm,2,1,3
motorstorms,0,1,1
motorvate,1,0,1
motorveeehickles,0,1,1
motorway,36,7,43
motorways,3,1,4
motorycle,1,0,1
motown,4,18,22
motrin,33,9,42
motrins,1,0,1
mots,0,3,3
motta,1,0,1
mottai,0,1,1
motte,2,0,2
mottled,0,3,3
mottledpigeon,0,1,1
mottley,1,0,1
motto,12,67,79
mottoes,0,1,1
mottram,0,1,1
motts,2,1,3
mottthaa,0,1,1
mottu,1,0,1
motty,2,0,2
motus,0,1,1
motviationlevel,1,0,1
motwani,26,0,26
moty,1,1,2
motz,1,1,2
motzai,0,1,1
motzart,0,1,1
mou,6,2,8
moua,0,1,1
mouahaha,0,1,1
mouahhhh,0,1,1
mouak,2,0,2
mouasvi,0,1,1
mouch,1,1,2
moudle,0,1,1
moudly,1,0,1
mouf,8,3,11
mouhahaha,0,1,1
mouhahahaha,0,1,1
mouhahahahaha,0,1,1
mouhahahahhaa,0,1,1
mouhahaw,0,1,1
mouin,1,0,1
moul,1,0,1
moulan,0,1,1
mould,6,4,10
moulded,2,2,4
moulders,1,0,1
moulding,0,1,1
mouldo,1,0,1
moulds,2,2,4
mouldy,17,5,22
moules,0,2,2
moulik,0,2,2
moulin,18,19,37
moult,0,1,1
moulton,1,0,1
mounce,0,2,2
mound,15,10,25
moundford,1,0,1
mounds,4,3,7
moune,0,1,1
mounrning,1,0,1
mount,48,56,104
mountaha,1,0,1
mountain,225,298,523
mountainbike,1,0,1
mountainclimbing,1,0,1
mountaineer,0,1,1
mountaines,0,1,1
mountaingoat,1,0,1
mountainjam,2,0,2
mountainous,3,0,3
mountains,90,140,230
mountainside,0,1,1
mountaintop,1,1,2
mountaintops,0,1,1
mountainz,1,0,1
mountais,1,0,1
mountan,0,1,1
mountasia,0,1,1
mounted,11,11,22
mountein,0,1,1
mountford,7,1,8
mounth,1,1,2
mounths,2,0,2
mountian,5,4,9
mountians,1,3,4
mounties,2,2,4
mountin,2,2,4
mounting,14,8,22
mountn,1,0,1
mounts,6,6,12
mour,1,0,1
mouring,2,0,2
mourn,27,1,28
mourne,1,0,1
mourned,3,0,3
mourners,1,0,1
mournes,1,0,1
mournful,0,1,1
mourniiiiiiing,0,1,1
mournin,1,2,3
mourning,178,22,200
mourns,8,0,8
mours,1,0,1
mousa,0,1,1
mousakka,0,1,1
mousalla,0,1,1
mousavi,20,7,27
mouse,364,222,586
mousebreaker,1,1,2
moused,0,1,1
mouseee,1,0,1
mouseevent,0,1,1
mousefood,1,0,1
mouseguard,0,1,1
mousehole,0,1,1
mousehunt,1,2,3
mousehunting,1,1,2
mousejockey,0,1,1
mousekeeters,0,1,1
mouseline,1,0,1
mouseover,2,0,2
mousepad,4,5,9
mouses,6,4,10
mousesavers,0,1,1
mousesource,1,0,1
mousesports,0,1,1
mousetrap,4,0,4
mousetraps,1,0,1
mousewheel,0,1,1
mousey,2,0,2
mousie,1,1,2
mousing,4,1,5
moussa,1,2,3
moussaka,0,1,1
moussavi,4,1,5
mousse,22,12,34
mousses,0,1,1
moussiness,0,1,1
moussssssssse,0,1,1
moust,1,0,1
moustache,22,17,39
moustached,1,0,1
moustachefail,1,0,1
moustaches,1,4,5
moustachette,0,1,1
moustachio,0,2,2
moustiques,1,0,1
mousy,4,1,5
moutain,5,3,8
moutains,0,1,1
mouth,900,446,1346
mouthache,1,0,1
mouthbreather,0,1,1
mouthed,7,5,12
mouthful,5,7,12
mouthfuls,1,2,3
mouthgasm,0,1,1
mouthgear,0,1,1
mouthing,4,3,7
mouthpiece,4,0,4
mouthplate,1,0,1
mouths,13,16,29
mouthsores,1,0,1
mouthums,1,0,1
mouthwash,10,2,12
mouthwashing,0,1,1
mouthwatering,3,4,7
mouthy,1,2,3
mouuu,0,1,1
mouvement,0,1,1
mov,4,9,13
movaaaaays,0,1,1
movaaays,0,1,1
movable,1,0,1
movabletype,0,2,2
movado,0,3,3
movage,0,1,1
moval,1,2,3
movayy,0,1,1
move,2301,1565,3866
moveable,2,2,4
moveapaloza,1,0,1
moved,824,503,1327
movedblog,1,0,1
moveddd,1,0,1
movedthe,0,1,1
movee,3,0,3
moveed,1,0,1
moveee,1,0,1
moveeee,2,1,3
movefollowfridaytoblogs,0,1,1
movehz,0,1,1
movei,0,3,3
movein,1,0,1
moveing,3,2,5
moveis,1,1,2
movemedia,0,1,1
movement,59,84,143
movements,11,13,24
movementt,0,1,1
movemnts,1,0,1
moven,1,0,1
movenpick,1,0,1
movent,1,0,1
moveon,0,1,1
moveout,0,1,1
mover,5,6,11
movers,24,21,45
moversll,1,0,1
moves,151,167,318
movessss,0,1,1
movesssss,1,0,1
movesz,1,1,2
movexx,1,0,1
movi,3,2,5
movida,0,1,1
movie,4481,8476,12957
movieawards,1,5,6
movieawars,0,1,1
movieblog,0,1,1
moviebuff,0,1,1
movieclip,1,0,1
movied,1,1,2
moviedatenight,1,0,1
moviedja,1,0,1
moviee,12,33,45
movieeditor,1,0,1
movieee,7,18,25
movieeee,3,6,9
movieeeee,1,5,6
movieeeeee,1,2,3
movieeeeeee,1,0,1
movieeeeeeeee,0,1,1
movieeees,1,1,2
movieees,1,2,3
moviees,1,2,3
moviegoing,1,0,1
movieing,1,0,1
movielicious,0,1,1
movielife,0,1,1
moviemaker,1,1,2
moviemarathonman,0,1,1
moviemisquotes,3,3,6
movienight,0,3,3
movienights,1,0,1
movienite,0,1,1
moviepark,0,1,1
moviequotes,0,1,1
movies,1448,2214,3662
moviesall,0,1,1
moviesmovies,0,1,1
moviess,3,15,18
moviesss,1,6,7
moviessss,0,6,6
moviesssss,0,2,2
moviessssss,0,1,1
moviessssssssssssssssssssss,0,1,1
moviestar,0,1,1
moviestarcelebs,0,1,1
moviestinger,0,1,1
movietheathre,3,0,3
moviething,0,1,1
moviethon,1,0,1
movietime,2,3,5
movieto,2,0,2
movietowne,1,0,1
movietrack,0,1,1
moview,2,0,2
movieworld,1,2,3
moviez,1,1,2
movig,1,1,2
moviie,3,2,5
moviieee,0,1,1
moviies,0,1,1
moviiess,1,0,1
moviiez,1,0,1
moviiies,0,1,1
moviiiess,0,1,1
moviiiiiiie,0,1,1
moviiiin,0,1,1
moviing,2,1,3
movil,1,0,1
movile,0,1,1
movimentada,0,2,2
movimento,0,1,1
movimiento,1,1,2
movin,83,75,158
movine,0,1,1
moving,1898,1153,3051
movinggg,0,1,1
movingggggggg,0,1,1
movingin,1,0,1
movingon,1,0,1
movinn,1,0,1
movinq,2,1,3
movint,0,1,1
movir,0,1,1
movis,1,0,1
movise,1,0,1
movistar,1,0,1
moviw,0,1,1
movje,1,0,1
movng,1,0,1
movoda,1,0,1
movs,2,2,4
movt,1,0,1
movtivated,0,1,1
movvie,0,2,2
movvvieee,1,0,1
movvving,1,0,1
mow,131,67,198
mowbray,1,2,3
mowed,39,33,72
mower,63,29,92
mowers,7,2,9
mowgli,1,2,3
mowhawk,2,0,2
mowin,3,2,5
mowing,108,72,180
mowj,0,1,1
mowlam,1,0,1
mown,2,4,6
mownin,0,2,2
mowntains,1,0,1
mowo,1,0,1
mowoohaha,0,1,1
mowowww,0,1,1
mowry,1,1,2
mows,1,2,3
mowses,0,1,1
mowton,0,1,1
mox,1,0,1
moxey,0,1,1
moxie,2,11,13
moxies,2,2,4
moxietarte,0,1,1
moxy,0,3,3
moy,6,2,8
moya,1,1,2
moyager,1,0,1
moyarget,1,0,1
moyer,2,4,6
moyers,0,1,1
moyes,2,1,3
moyesie,1,0,1
moyesy,1,0,1
moyet,0,1,1
moyhead,1,0,1
moyher,0,1,1
moyle,0,1,1
moyles,10,22,32
moylesy,0,1,1
moymoy,0,1,1
moyo,0,2,2
moyon,2,0,2
moz,139,79,218
moza,1,1,2
mozambican,0,1,1
mozambique,1,2,3
mozarella,0,5,5
mozart,8,25,33
mozas,0,1,1
mozconcept,1,0,1
mozda,0,2,2
moze,0,1,1
mozelish,0,1,1
mozella,0,2,2
mozeltoff,0,1,1
mozerella,0,1,1
mozert,0,1,1
mozes,0,1,1
mozey,0,2,2
mozi,1,0,1
mozies,0,1,1
mozilla,35,28,63
mozillacampdelhi,1,0,1
mozilly,0,1,1
mozmae,0,2,2
mozmemories,0,1,1
mozno,0,2,2
mozo,0,3,3
mozxxmuch,0,1,1
mozy,4,9,13
mozz,5,4,9
mozza,0,3,3
mozzac,0,2,2
mozzarella,11,20,31
mozzarepas,1,0,1
mozzeh,0,1,1
mozzer,2,0,2
mozzerella,1,2,3
mozzerrela,0,1,1
mozzi,2,1,3
mozzie,5,0,5
mozzies,14,1,15
mozzy,2,2,4
mozzzzzzz,0,1,1
mp,294,252,546
mpa,1,1,2
mpaa,0,3,3
mpact,0,1,1
mpage,0,1,1
mpanio,2,0,2
mpany,1,0,1
mparachou,0,1,1
mpas,0,1,1
mpass,1,0,1
mpb,1,1,2
mpbs,1,0,1
mpc,6,4,10
mpd,2,1,3
mpdistrict,1,0,1
mpe,1,2,3
mpeg,2,1,3
mpegmedia,1,0,1
mpegs,0,1,1
mpexpenses,1,0,1
mpf,0,1,1
mpg,7,5,12
mph,100,54,154
mphil,1,0,1
mpho,0,1,1
mpi,1,1,2
mpix,2,2,4
mpk,3,0,3
mplib,1,0,1
mpliment,0,1,1
mplink,1,0,1
mpls,21,10,31
mplstweets,1,0,1
mply,0,1,1
mpment,0,1,1
mpn,0,2,2
mpod,0,1,1
mpora,0,1,1
mporw,1,0,1
mpp,1,1,2
mppb,1,1,2
mpppet,0,1,1
mpq,0,1,1
mpr,2,1,3
mpre,2,0,2
mpreg,0,1,1
mpressed,0,1,1
mprninh,0,1,1
mps,11,19,30
mpsexpenses,1,0,1
mpsh,0,1,1
mpsy,1,0,1
mpt,1,1,2
mptc,0,1,1
mpts,0,1,1
mpulse,0,1,1
mpumalanga,1,1,2
mpv,2,1,3
mpw,1,2,3
mpx,1,3,4
mq,2,1,3
mqay,0,1,1
mqb,0,1,1
mqd,1,0,1
mqg,0,1,1
mqgic,1,0,1
mqm,0,1,1
mqs,1,0,1
mqt,0,1,1
mqtt,1,0,1
mqu,1,0,1
mqueen,0,1,1
mqzv,0,1,1
mr,1083,1634,2717
mra,3,1,4
mracl,1,0,1
mrad,0,2,2
mrak,0,1,1
mrami,0,1,1
mraming,0,1,1
mraow,1,0,1
mrappletalksir,0,1,1
mrassie,0,1,1
mrawr,0,1,1
mraya,1,0,1
mraz,37,101,138
mrazonite,0,1,1
mrazzz,0,1,1
mrazzzzzz,0,1,1
mrb,2,1,3
mrbasilcat,0,1,1
mrbigz,6,0,6
mrbrain,1,0,1
mrbrown,0,1,1
mrbungle,0,1,1
mrc,1,1,2
mrcbellz,0,1,1
mrcelsoanjos,0,1,1
mrch,0,1,1
mrcinator,0,1,1
mrdautay,1,0,1
mre,15,13,28
mredzami,0,1,1
mredzot,0,1,1
mree,1,0,1
mreh,1,2,3
mreka,3,0,3
mres,2,1,3
mrf,0,2,2
mrfloris,0,1,1
mrflossy,1,1,2
mrgans,1,0,1
mrgh,0,1,1
mrgilder,0,1,1
mrgooie,1,0,1
mrgs,0,1,1
mrh,3,1,4
mrhs,1,0,1
mri,54,9,63
mridangam,2,1,3
mrijuana,0,1,1
mrin,0,1,1
mripa,0,1,1
mris,2,0,2
mrisa,1,0,1
mrjimbob,1,0,1
mrjuly,1,2,3
mrk,2,7,9
mrka,0,1,1
mrkaaa,0,1,1
mrknu,0,1,1
mrkt,0,1,1
mrktgman,1,0,1
mrkve,0,1,1
mrlaser,0,1,1
mrlovechild,0,1,1
mrlovelife,1,0,1
mrmcshine,0,1,1
mrmr,0,1,1
mrn,2,0,2
mrnewman,1,0,1
mrng,7,6,13
mrnin,1,1,2
mrning,8,6,14
mrnng,0,1,1
mrnoodle,0,1,1
mro,19,10,29
mroe,2,3,5
mrongi,0,1,1
mroning,2,2,4
mroom,0,1,1
mror,1,0,1
mros,1,0,1
mrow,16,2,18
mrowing,1,0,1
mrp,0,4,4
mrph,1,0,1
mrphoenix,0,1,1
mrpointyhead,0,1,1
mrpolarbearguy,0,1,1
mrr,1,1,2
mrra,0,1,1
mrraaaauwww,0,1,1
mrrat,1,0,1
mrrathbone,1,0,1
mrrge,1,0,1
mrrob,1,0,1
mrrobpattinson,1,0,1
mrrow,1,2,3
mrrphh,1,0,1
mrrr,2,0,2
mrrrhhh,1,0,1
mrrrooop,0,1,1
mrrrr,1,0,1
mrrrrr,1,0,1
mrrrrrrr,1,0,1
mrruffalo,1,0,1
mrrw,10,8,18
mrs,262,387,649
mrsa,7,2,9
mrsal,1,0,1
mrsb,1,0,1
mrsd,1,0,1
mrsept,1,0,1
mrsfussy,0,1,1
mrsgabrielgray,0,1,1
mrsid,1,0,1
mrsjdubs,0,1,1
mrsjohn,0,1,1
mrsjonesaxle,0,1,1
mrskutcher,0,2,2
mrsky,0,1,1
mrslocket,0,1,1
mrslockie,0,1,1
mrsmcflygrimmy,1,0,1
mrsmcwhat,1,0,1
mrsmw,0,1,1
mrsnatearchibald,0,1,1
mrsocial,1,0,1
mrspb,1,0,1
mrsperfect,0,1,1
mrsshedfire,1,0,1
mrssosbourne,0,1,1
mrsteve,0,1,1
mrstommyrc,0,1,1
mrstommytrc,0,1,1
mrstwitter,1,0,1
mrsxunique,1,0,1
mrsykes,0,1,1
mrt,10,4,14
mrtribble,1,0,1
mrtvice,0,1,1
mrtweet,4,23,27
mrtwitter,0,1,1
mrtwitteruniverse,0,2,2
mrty,0,1,1
mru,1,1,2
mruffi,0,1,1
mrunong,0,1,1
mrunonu,1,0,1
mrv,0,1,1
mrvero,0,1,1
mrw,124,74,198
mrwanderlust,1,0,1
mrwings,1,0,1
mrws,1,0,1
mrwwww,1,0,1
mrxico,1,0,1
mrz,0,3,3
mrzcullen,1,0,1
ms,488,663,1151
msa,1,1,2
msaccess,1,0,1
msal,1,0,1
msalimie,0,1,1
msamateurradio,1,0,1
msanders,1,0,1
msat,1,0,1
msb,1,0,1
msbb,0,1,1
msbee,0,1,1
msbeeee,0,1,1
msbj,2,0,2
msbreitaelor,1,0,1
msc,4,11,15
mscantalk,0,1,1
mscaseycarter,0,2,2
msce,1,0,1
mscoscon,0,1,1
mscosconf,1,2,3
mscrismusic,1,1,2
mscrispycream,0,1,1
mscrys,0,1,1
msd,3,3,6
msdevstudio,1,0,1
msdia,0,1,1
msdiamondj,0,1,1
msdn,12,7,19
msdnaa,1,1,2
mse,0,2,2
mseb,1,0,1
mself,3,0,3
msesegges,1,0,1
mseveni,0,1,1
msf,1,8,9
msfmloot,0,1,1
msfree,0,1,1
msft,9,18,27
msfters,0,1,1
msg,277,267,544
msgboxs,0,1,1
msgd,3,0,3
msged,1,4,5
msges,2,0,2
msging,5,5,10
msgr,2,0,2
msgs,75,60,135
msgssss,2,0,2
msgz,0,1,1
msh,12,17,29
msharae,0,1,1
mshewww,1,0,1
mshgool,1,0,1
msholm,0,1,1
msholozi,0,1,1
mshs,1,0,1
msi,15,18,33
msia,11,7,18
msians,1,1,2
msie,1,0,1
msii,1,0,1
msindependent,0,1,1
msing,1,0,1
msip,1,0,1
msised,1,0,1
msita,0,1,1
msitaken,0,1,1
msitp,0,1,1
msj,1,0,1
msjanelle,1,0,1
msjatv,1,0,1
msjj,0,1,1
msk,7,3,10
mskcc,0,1,1
mskmb,0,1,1
msl,0,3,3
msla,1,1,2
mslaughlins,1,0,1
msleaves,1,0,1
mslegit,0,1,1
mslh,1,0,1
mslhna,1,0,1
mslika,4,1,5
msm,5,7,12
msn,764,606,1370
msnanette,2,0,2
msnbc,29,10,39
msnbcfail,1,0,1
msned,1,0,1
msng,0,1,1
msnguyenn,0,1,1
msning,1,3,4
msnmsn,1,0,1
msnn,1,2,3
msnnn,1,1,2
msnnnn,0,1,1
msnnnnn,1,0,1
msnnya,1,0,1
msns,0,1,1
msnsged,1,0,1
mso,4,3,7
msoffice,1,0,1
msoft,2,2,4
msol,0,1,1
msonline,1,0,1
msoo,1,0,1
msoooboring,1,0,1
msop,1,1,2
msorry,1,0,1
msot,0,1,1
msp,12,11,23
mspace,1,1,2
mspacers,0,1,1
mspaint,1,0,1
mspca,1,1,2
mspec,0,1,1
mspes,0,1,1
msps,1,1,2
msq,0,1,1
msr,2,0,2
msrobynp,0,1,1
msrp,1,2,3
mss,6,3,9
mssed,2,2,4
mssg,8,7,15
mssgng,1,0,1
mssgs,6,3,9
mssh,0,1,1
mssin,1,0,1
mssing,2,1,3
mssions,0,1,1
mssn,1,0,1
mssql,2,0,2
msssss,0,1,1
msstaceyk,0,1,1
mssted,1,0,1
mssucks,0,1,1
mssurface,0,1,1
mst,12,13,25
mstand,0,2,2
mstate,0,1,1
mstation,1,0,1
mstest,1,1,2
msteyn,1,0,1
msti,1,0,1
mstillkickingmyselfabout,1,0,1
mstinya,0,1,1
mstone,0,1,1
mstr,0,1,1
mstrchf,0,1,1
mstrkrft,2,2,4
mstwinkie,0,1,1
mstwitter,0,1,1
mstwitterworld,0,4,4
msu,20,11,31
msucks,0,1,1
msucles,1,1,2
msufail,1,0,1
msuper,0,1,1
msure,1,0,1
msut,1,0,1
msvcrt,1,0,1
msw,2,1,3
mswilliamsmusic,0,1,1
mswindows,2,0,2
msword,1,0,1
msx,1,0,1
msxml,2,0,2
msy,3,0,3
msys,1,0,1
msysgit,1,0,1
mt,125,118,243
mta,10,4,14
mtaby,0,1,1
mtalbert,1,0,1
mtapos,0,1,1
mtau,1,0,1
mtb,22,34,56
mtbcut,1,0,1
mtbing,2,0,2
mtbiz,0,1,1
mtc,9,3,12
mtches,1,0,1
mtcs,1,0,1
mtd,1,0,1
mtdew,1,1,2
mte,3,0,3
mtechs,0,1,1
mteh,1,0,1
mtes,1,0,1
mtf,1,0,1
mtfbwy,1,3,4
mtfr,1,0,1
mtg,61,48,109
mtgo,1,1,2
mtgs,7,10,17
mth,29,11,40
mthary,1,0,1
mthers,1,0,1
mthrfckn,0,1,1
mthrfckr,1,0,1
mthrfkr,0,1,1
mths,35,30,65
mthwsh,1,0,1
mtivs,1,0,1
mtj,1,0,1
mtk,2,0,2
mtl,27,21,48
mtlb,0,1,1
mtllive,0,1,1
mtltu,0,1,1
mtm,3,1,4
mtml,0,1,1
mtmtmtmtmt,1,0,1
mtn,34,24,58
mtng,1,1,2
mtngs,1,0,1
mtnh,1,0,1
mtnl,10,1,11
mtns,6,7,13
mto,7,18,25
mtogether,0,1,1
mtogo,0,1,1
mtoooo,1,0,1
mtp,7,3,10
mtpflyers,1,0,1
mtr,1,1,2
mtrcb,0,1,1
mtrillini,0,1,1
mtrl,0,1,1
mtrs,1,1,2
mtrt,0,1,1
mts,4,9,13
mtsacc,1,0,1
mtspace,1,0,1
mtsrool,0,1,1
mtsu,3,3,6
mtt,0,2,2
mtu,1,1,2
mtub,4,3,7
mtv,921,1770,2691
mtva,1,0,1
mtvasia,2,0,2
mtvawards,1,5,6
mtvhits,0,2,2
mtvjams,0,1,1
mtvla,0,1,1
mtvm,1,0,1
mtvma,4,9,13
mtvmas,0,1,1
mtvmovie,1,1,2
mtvmovieaward,0,1,1
mtvmovieawards,10,21,31
mtvmusicawards,0,1,1
mtvnhd,1,0,1
mtvnm,0,1,1
mtvone,1,0,1
mtvonline,1,0,1
mtvr,0,1,1
mtvs,3,0,3
mtvu,1,1,2
mtvv,1,0,1
mtw,4,2,6
mtx,2,1,3
mtxx,2,1,3
mty,3,4,7
mu,83,67,150
mua,11,23,34
muaa,0,1,1
muaaaaa,0,2,2
muaaaaaaaaaaaaah,0,1,1
muaaaaaah,0,1,1
muaaaaah,0,4,4
muaaachhhh,0,1,1
muaaah,1,3,4
muaaahahahahahaha,0,1,1
muaaahh,0,1,1
muaaahz,0,1,1
muaah,1,2,3
muaaha,1,0,1
muaahahaha,0,1,1
muaahahahahha,0,1,1
muaahha,1,0,1
muaap,0,1,1
muach,0,2,2
muack,0,7,7
muackkk,0,1,1
muackkkks,0,1,1
muacks,0,2,2
muafucka,1,0,1
muah,47,164,211
muaha,1,4,5
muahah,1,1,2
muahaha,12,39,51
muahahaa,1,0,1
muahahaah,0,1,1
muahahah,0,11,11
muahahaha,10,21,31
muahahahah,1,2,3
muahahahaha,1,14,15
muahahahahaaahha,0,1,1
muahahahahah,0,2,2
muahahahahaha,0,5,5
muahahahahahaha,0,1,1
muahahahahahahaha,0,2,2
muahahahahahahahaha,0,2,2
muahahahahha,0,1,1
muahahahahhahahah,0,1,1
muahahahhahaha,0,2,2
muahahha,0,2,2
muahahhaaar,0,1,1
muahahhahahah,0,1,1
muahahhahahahahhaha,0,1,1
muahaz,0,1,1
muahh,2,5,7
muahha,1,1,2
muahhaa,0,1,1
muahhahah,0,1,1
muahhahaha,1,0,1
muahhahahaha,0,1,1
muahhh,2,5,7
muahhhh,0,2,2
muahhhhh,1,1,2
muahhhhhhh,0,1,1
muahhhhhhhhhhhhhhhhh,0,1,1
muahhhhhhhhhhhhhhhhhhhhhhhhh,0,1,1
muahhhhhhhhhhhhhhhhhhhhhhhhhhhhhhhh,0,1,1
muahhhz,0,1,1
muahhssss,1,0,1
muahhz,0,1,1
muahhzzz,0,1,1
muahhzzzz,0,1,1
muahs,2,2,4
muahszz,0,2,2
muahxoxo,0,2,2
muahz,1,10,11
muahzz,2,2,4
muahzzz,0,2,2
muahzzzzz,0,1,1
muahzzzzzzz,0,1,1
muak,1,2,3
muakkk,0,1,1
muaks,0,1,1
muakz,1,0,1
mual,5,0,5
muang,0,2,2
muanpuii,0,1,1
muap,0,2,2
muar,5,0,5
muarry,0,1,1
muartist,0,1,1
muat,3,0,3
muaxxx,0,1,1
muay,8,8,16
muazz,0,1,1
muazzzzzzzzzzzzzz,0,1,1
mub,0,1,1
mubank,0,1,1
mubarak,1,1,2
mubashir,0,1,1
mubs,1,0,1
muc,9,7,16
mucc,0,1,1
mucccccch,1,0,1
mucccch,0,1,1
mucccchhh,1,0,1
muccch,1,0,1
muccchhh,2,0,2
muccchhhh,1,0,1
mucch,1,2,3
mucchhh,0,1,1
muce,0,1,1
mucg,1,0,1
much,20017,17031,37048
mucha,4,2,6
muchacha,1,1,2
muchachaa,0,1,1
muchacho,0,2,2
muchachomalo,1,0,1
muchachos,1,2,3
muchachou,0,1,1
muchas,2,14,16
muchbetter,0,10,10
muche,1,0,1
muched,0,1,1
muches,1,0,1
muchfor,2,0,2
muchh,55,45,100
muchhh,28,18,46
muchhhh,15,3,18
muchhhhh,4,4,8
muchhhhhh,4,2,6
muchhhhhhh,1,0,1
muchhhhhhhh,1,1,2
muchhhhhhhhhhhhh,2,0,2
muchhhoo,0,1,1
muchi,0,1,1
muchie,1,0,1
muchiee,1,0,1
muchiens,1,0,1
muchies,0,3,3
muchiiito,0,1,1
muchin,0,3,3
muching,0,1,1
muchisimas,0,1,1
muchito,1,0,1
muchkin,0,2,2
muchking,0,1,1
muchkins,0,1,1
muchless,1,0,1
muchlike,1,0,1
muchlove,0,1,1
muchly,28,68,96
muchlyy,0,1,1
muchmoremusic,0,1,1
muchmusic,5,5,10
mucho,83,123,206
muchondemand,0,1,1
muchoo,1,3,4
muchooo,0,1,1
muchoooo,0,1,1
muchos,9,18,27
muchosss,1,0,1
muchozz,1,0,1
muchswagga,0,1,1
muchxxxx,0,1,1
muchy,2,1,3
mucinex,11,1,12
mucis,0,2,2
mucisas,0,1,1
mucisian,0,1,1
muck,14,10,24
mucked,11,3,14
mucker,0,2,2
muckfest,0,1,1
mucking,16,9,25
mucks,1,2,3
muckthenew,0,1,1
mucky,3,7,10
mucly,1,0,1
mucn,0,1,1
mucosal,0,1,1
mucous,1,2,3
muct,2,0,2
mucus,6,1,7
mucvhly,0,1,1
mud,84,79,163
muda,3,1,4
mudafucjin,1,0,1
mudah,1,3,4
mudar,0,1,1
mudasucka,1,0,1
mudbath,0,1,1
mudblast,0,1,1
mudblood,1,0,1
mudbloods,1,0,1
mudbowl,0,1,1
mudbox,2,3,5
mudcake,1,0,1
mudcakes,0,1,1
mudcat,1,0,1
mudcats,0,1,1
mudd,2,1,3
mudda,1,1,2
muddafuhin,0,2,2
muddafuka,0,1,1
muddafukkkkkas,1,0,1
mudde,0,1,1
mudder,1,0,1
muddi,1,1,2
muddied,1,1,2
muddin,1,2,3
mudding,1,1,2
muddins,0,1,1
muddle,0,1,1
muddled,6,3,9
muddling,1,2,3
mudds,1,0,1
muddy,41,31,72
muddyness,0,1,1
muddywheelsfairfield,1,0,1
mude,0,1,1
mudeford,0,1,1
mudeideassunto,1,0,1
muder,0,1,1
mudered,1,0,1
muderwoods,0,1,1
mudgal,0,1,1
mudgee,1,1,2
mudgeeraba,1,0,1
mudhen,1,0,1
mudhouse,0,1,1
mudhut,0,2,2
mudik,0,1,1
mudkip,1,0,1
mudkips,2,0,2
mudkipz,0,1,1
mudlark,0,1,1
mudmask,0,1,1
mudness,1,0,1
mudo,1,0,1
mudou,1,2,3
mudpack,0,2,2
mudpie,0,3,3
mudpies,1,0,1
mudpit,0,1,1
mudra,0,2,2
mudshake,1,0,1
mudslide,0,3,3
mudslides,0,3,3
mudvayne,0,3,3
mudveyne,1,0,1
mudweight,1,0,1
mudx,0,1,1
mudy,1,0,1
mueller,0,2,2
muellers,0,1,1
muenster,2,0,2
muepace,1,0,1
muera,1,0,1
muere,1,0,1
muerooo,1,0,1
muerte,0,2,2
muerto,2,0,2
muertos,1,1,2
mueseum,2,2,4
mueseummmmm,1,0,1
muesli,4,11,15
mueso,1,0,1
muesum,0,3,3
muet,1,0,1
muey,2,0,2
muf,1,1,2
mufa,0,1,1
mufasa,12,3,15
mufassa,2,0,2
mufasssa,0,1,1
mufe,3,6,9
muff,2,5,7
muffathale,0,1,1
muffed,2,0,2
muffet,0,1,1
mufffins,0,1,1
muffi,0,1,1
muffin,137,144,281
muffinman,0,1,1
muffinnnsssss,0,1,1
muffinoso,0,1,1
muffins,92,152,244
muffinsss,0,1,1
muffled,5,2,7
muffler,9,4,13
mufflers,1,0,1
muffs,3,3,6
muffy,1,0,1
mufid,0,1,1
mufin,1,0,1
mufins,0,1,1
mufo,1,0,1
mufti,2,4,6
muftianay,0,1,1
muftyfail,1,0,1
mufucca,1,0,1
mufucka,1,0,1
mufuckas,0,1,1
mufuckassssss,1,0,1
mufuckin,0,1,1
mufugg,1,0,1
mufukkas,1,0,1
mug,113,118,231
muga,0,1,1
mugabe,1,0,1
mugalabahhh,0,1,1
mugasha,0,1,1
mugello,1,3,4
mugen,1,0,1
mugg,1,1,2
mugged,17,4,21
muggen,1,0,1
mugger,3,0,3
muggieness,1,0,1
muggier,2,0,2
muggies,1,0,1
muggin,2,3,5
mugging,10,11,21
muggingfail,1,0,1
muggings,1,1,2
muggins,1,0,1
mugginton,1,0,1
muggle,4,2,6
mugglecast,0,1,1
mugglenet,0,1,1
muggles,1,0,1
mugglesitting,1,0,1
mugglespace,4,1,5
mugglesspace,1,0,1
muggs,3,0,3
muggt,1,0,1
muggy,71,21,92
mughaleazam,1,0,1
mugi,1,0,1
mugrads,0,1,1
mugre,1,0,1
mugs,18,25,43
mugsho,1,0,1
mugshot,9,9,18
mugshots,1,5,6
mugshow,0,1,1
mugsy,0,2,2
mugtona,1,0,1
muh,66,58,124
muha,0,1,1
muhaa,0,1,1
muhaaaaaaaaa,0,1,1
muhaahaha,1,0,1
muhabet,0,1,1
muhadiaan,0,1,1
muhah,1,0,1
muhaha,4,14,18
muhahaa,1,1,2
muhahaahhaha,0,1,1
muhahaahhahaa,1,0,1
muhahah,0,2,2
muhahaha,5,20,25
muhahahaaa,0,1,1
muhahahaaaa,0,2,2
muhahahaga,1,0,1
muhahahah,1,0,1
muhahahaha,3,2,5
muhahahahah,0,1,1
muhahahahaha,2,0,2
muhahahahahaha,0,2,2
muhahahahahahahah,0,1,1
muhahahahahahahaha,1,1,2
muhahahahahahahahaha,0,1,1
muhahahahh,0,1,1
muhahahahhahaah,0,1,1
muhahahha,0,3,3
muhammad,1,2,3
muhaz,0,1,1
muhc,1,0,1
muhehehe,0,1,1
muhfuckas,1,1,2
muhfucking,0,1,1
muhfukkahs,1,0,1
muhh,1,3,4
muhhahaha,0,1,1
muhhahahaha,0,1,1
muhhh,1,0,1
muhhhfckerrrrsss,0,1,1
muhhhhwahhhh,0,1,1
muhlenberg,1,0,1
muhney,1,1,2
muhself,0,1,1
muhto,0,1,1
muhu,1,0,1
muhuahuahua,0,1,1
muhwee,0,1,1
mui,5,6,11
muid,1,1,2
muide,0,1,1
muiden,0,1,1
muiller,0,1,1
muiltiple,1,0,1
muir,5,1,6
muireanns,1,0,1
muis,0,2,2
muisc,2,1,3
muishui,1,0,1
muita,1,1,2
muitas,1,0,1
muite,1,0,1
muito,7,27,34
muizenberg,1,1,2
mujaddara,1,0,1
muje,1,0,1
mujer,0,2,2
mujeres,0,1,1
mujhay,2,0,2
mujhe,3,2,5
muji,2,4,6
mujiiib,0,1,1
mujse,0,1,1
mujst,1,0,1
muk,0,1,1
muka,2,1,3
mukah,1,0,1
mukanya,0,4,4
mukas,1,0,1
mukatte,0,1,1
mukediggler,1,0,1
mukeka,0,1,1
mukha,1,1,2
mukham,0,1,1
mukhang,2,4,6
mukhbir,1,0,1
mukherjee,0,1,1
mukhriz,1,0,1
mukhwas,0,1,1
mukiiiii,1,0,1
mukilteo,1,0,1
mukke,1,0,1
mukmuk,1,0,1
mukoka,0,1,1
muks,1,0,1
muktamar,0,2,2
mukthi,0,1,1
mukti,0,1,1
mul,1,1,2
mula,11,10,21
muladhara,0,5,5
mulah,1,1,2
mulai,5,3,8
mulainy,0,1,1
mulakat,0,1,1
mulalah,0,1,1
mulally,0,1,1
mulan,9,14,23
mulat,0,1,1
mulatta,1,0,1
mulber,0,1,1
mulberry,4,4,8
mulcair,0,1,1
mulch,12,12,24
mulchay,1,0,1
mulched,2,1,3
mulcher,0,1,1
mulching,4,3,7
mulci,0,1,1
muld,0,1,1
mulder,7,11,18
mulderite,0,1,1
muldoon,1,0,1
mule,2,8,10
muleheadedness,0,1,1
mulen,0,1,1
mules,4,5,9
mulfunction,0,1,1
mulgi,0,1,1
mulgrew,0,2,2
mulher,1,1,2
mulheren,1,0,1
mulhern,2,1,3
mulherne,1,0,1
mulholland,2,3,5
mulhouse,2,0,2
mulhurn,2,0,2
mulia,1,1,2
muligans,0,1,1
mulih,0,1,1
mulin,0,1,1
mulit,0,2,2
mulitple,1,1,2
mulitply,0,2,2
mull,3,3,6
mulla,2,0,2
mullaaaa,1,0,1
mullahhh,0,1,1
mullahs,4,0,4
mullaz,0,2,2
mulled,1,3,4
mullen,3,1,4
mullenchardonnay,0,1,1
mulleninteractive,0,1,1
mullens,0,1,1
mullenunbound,0,4,4
muller,6,6,12
mullered,2,0,2
mullerice,1,0,1
mullering,1,0,1
mullerlight,1,0,1
mullet,19,25,44
mulleta,1,0,1
mulletfest,0,2,2
mullets,3,3,6
mullholland,1,1,2
mullica,1,0,1
mulligan,0,1,1
mulligans,1,2,3
mullin,1,0,1
mulling,4,5,9
mullingar,2,0,2
mullings,0,2,2
mullins,2,3,5
mullis,0,1,1
mulls,1,0,1
mullsj,0,1,1
mully,0,1,1
mult,5,9,14
multam,1,1,2
multe,3,2,5
multi,84,183,267
multiburst,1,0,1
multibytetowidechar,0,1,1
multicell,0,1,1
multichoice,1,0,1
multiclutch,1,0,1
multicolor,1,2,3
multicolored,1,0,1
multicolour,0,1,1
multicoloured,3,2,5
multicolourness,0,1,1
multiculti,0,1,1
multicultural,2,4,6
multiculturalism,1,0,1
multidimensional,0,1,1
multifaceted,0,1,1
multiformat,1,1,2
multifunction,0,1,1
multifunctional,0,3,3
multigrain,0,4,4
multiinfluentials,0,1,1
multilanguage,1,0,1
multilevel,1,0,1
multiligual,0,1,1
multiline,1,1,2
multilingual,1,2,3
multilingualism,0,1,1
multimania,0,1,1
multimap,0,2,2
multimedia,12,25,37
multimediadesign,0,1,1
multimeters,0,1,1
multimillion,0,2,2
multinational,0,2,2
multipack,3,0,3
multipacks,0,1,1
multipage,0,1,1
multipart,1,0,1
multiplatform,0,3,3
multiplatyer,1,0,1
multiplayer,19,28,47
multiple,184,163,347
multipleie,0,1,1
multipler,1,0,1
multiples,3,1,4
multiplesclerosis,0,1,1
multiplex,6,3,9
multiplexer,0,2,2
multiplexes,1,1,2
multiplexing,1,0,1
multiplication,0,1,1
multiplied,1,7,8
multiplier,0,1,1
multiplies,1,2,3
multiply,50,162,212
multiplying,4,2,6
multipoint,1,0,1
multipost,2,0,2
multiprocessor,0,1,1
multipule,0,1,1
multipurpose,0,2,2
multipy,0,1,1
multiroom,1,0,1
multiruby,0,1,1
multis,1,0,1
multiscaleimage,1,0,1
multisensory,0,1,1
multisport,1,0,1
multistory,1,1,2
multisyllabic,0,1,1
multitab,1,0,1
multitalented,2,0,2
multitap,1,0,1
multitask,10,15,25
multitasker,3,8,11
multitaskers,0,2,2
multitaskin,0,1,1
multitasking,16,45,61
multitasting,0,1,1
multithreaded,0,1,1
multithreading,1,0,1
multitouch,1,3,4
multitude,6,4,10
multitudes,0,1,1
multitweeting,0,1,1
multiurl,1,0,1
multiverse,0,1,1
multiview,0,2,2
multivitamin,1,1,2
multivitamins,1,2,3
multiwinia,0,1,1
multiyply,0,1,1
multnomah,0,3,3
multo,0,1,1
multos,0,1,1
multpile,0,1,1
multply,0,1,1
multscler,0,1,1
multumesc,0,2,2
multumim,0,1,1
multumita,0,1,1
multzam,1,0,1
mulu,7,2,9
muluuuuu,1,0,1
mulvey,1,0,1
mulya,0,1,1
mulyasari,1,0,1
mum,1590,1338,2928
muma,2,1,3
mumba,0,2,2
mumbai,89,69,158
mumbaikar,0,3,3
mumbeee,1,0,1
mumbi,0,1,1
mumbia,1,0,1
mumbikar,0,1,1
mumbing,1,0,1
mumble,10,7,17
mumbled,2,0,2
mumbles,4,2,6
mumbling,2,5,7
mumblings,1,0,1
mumbloggersclub,0,1,1
mumbo,3,3,6
mumborg,1,1,2
mumeee,1,0,1
mumflu,1,0,1
mumgot,1,0,1
mumhid,1,0,1
mumi,1,0,1
mumm,2,2,4
mumma,21,9,30
mummas,2,2,4
mummay,0,1,1
mummbly,0,1,1
mummee,1,0,1
mummehh,0,1,1
mummer,0,1,1
mummers,0,2,2
mummie,1,1,2
mummies,5,11,16
mummify,0,1,1
mummii,1,0,1
mummm,0,1,1
mummmmm,0,1,1
mummmmmaaaaaa,1,0,1
mummmmmm,0,1,1
mummmmmmmmmmm,0,1,1
mummmmy,0,1,1
mummmmyyyyy,1,0,1
mummmy,0,1,1
mummmyyysss,0,1,1
mummmyyyy,0,1,1
mummmyyyyy,1,0,1
mummy,204,212,416
mummycoming,1,0,1
mummykins,0,1,1
mummys,1,6,7
mummyy,2,0,2
mummyyy,2,0,2
mummyyyysssss,0,1,1
mummyyyyyy,1,0,1
mummyyyyyyyy,0,1,1
mummzy,0,1,1
mumps,13,3,16
mumpss,1,0,1
mumpun,0,1,1
mumpung,0,2,2
mums,198,188,386
mumsie,1,2,3
mumsiness,1,0,1
mumsy,3,4,7
mumtaz,0,1,1
mumtweets,0,1,1
mumu,1,2,3
mumuhhhhh,1,0,1
mumumu,0,1,1
mumumumu,0,1,1
mumy,0,2,2
mumz,0,3,3
mumzee,0,2,2
mumzis,0,1,1
mumzy,0,1,1
mumzys,0,1,1
mumzyy,0,1,1
mun,6,5,11
muna,12,46,58
munab,1,1,2
munca,1,2,3
munch,37,44,81
munchak,1,0,1
munched,4,0,4
munchen,1,2,3
muncher,1,0,1
munchers,1,0,1
munches,1,2,3
munchhhh,0,1,1
munchie,2,1,3
munchied,1,0,1
munchiemondays,0,1,1
munchies,48,50,98
munchiessss,1,0,1
munchiesssss,1,0,1
munchin,5,15,20
munching,36,61,97
munchingg,0,1,1
munchinkin,0,1,1
munchkiins,1,0,1
munchkin,37,32,69
munchkinnotwellexception,1,0,1
munchkins,17,12,29
munchkinster,1,0,1
munchlesson,0,1,1
munchlet,0,1,1
munchmunch,0,1,1
muncho,0,1,1
munchos,1,2,3
munchy,1,2,3
muncie,7,6,13
muncii,1,0,1
muncul,5,2,7
mundane,22,15,37
mundaneness,0,1,1
mundanities,0,1,1
munday,1,3,4
mundays,4,0,4
mundee,1,0,1
mundelein,1,0,1
munderday,0,1,1
mundgeruch,0,1,1
mundi,2,1,3
mundial,2,0,2
mundo,5,18,23
mundooooo,0,1,1
mundos,1,1,2
mundsd,0,1,1
mundu,0,1,1
mundur,0,1,1
mundus,1,0,1
mundy,2,1,3
mune,1,0,1
muneca,3,1,4
munecas,0,1,1
munee,1,0,1
munera,0,1,1
muney,1,0,1
mung,0,3,3
munga,0,1,1
mungaru,1,0,1
munger,2,0,2
munggah,1,0,1
mungil,0,1,1
munging,1,0,1
mungkin,4,7,11
mungle,1,0,1
mungling,0,1,1
mungo,0,3,3
mungos,0,1,1
mungyodance,0,1,1
muni,13,3,16
munich,46,60,106
municipal,5,2,7
municipalities,1,0,1
municipality,2,0,2
munin,0,2,2
munir,0,1,1
munirah,0,1,1
munite,0,1,1
munites,0,2,2
munitions,0,1,1
muniz,0,2,2
munk,1,1,2
munka,0,1,1
munkee,1,0,1
munkey,0,1,1
munkii,0,1,1
munkuuuuu,0,1,1
munky,3,2,5
munlei,1,0,1
munly,1,0,1
munn,4,7,11
munna,1,0,1
munnar,0,2,2
munnery,0,1,1
munney,1,0,1
munneys,1,0,1
munniez,1,0,1
munnik,0,2,2
munns,1,0,1
munny,4,2,6
muno,1,0,1
munoz,0,2,2
munro,2,1,3
munroe,4,3,7
munsay,0,1,1
munsch,1,0,1
munsey,0,4,4
munshi,0,1,1
munson,1,0,1
munster,8,15,23
munsters,0,2,2
muntah,7,1,8
munted,0,1,1
munteng,0,2,2
munter,2,1,3
munters,1,0,1
munths,2,0,2
muntinlupa,1,0,1
muntsyy,0,1,1
muntz,0,1,1
muny,1,1,2
munya,2,0,2
munyaaaaaa,0,1,1
munyillll,0,1,1
munz,1,1,2
muo,1,2,3
muoi,0,1,1
muon,2,2,4
muooooooody,1,0,1
muovo,0,1,1
mupeng,0,1,1
mupenk,0,1,1
mupet,1,0,1
mupp,0,1,1
muppet,21,27,48
muppetry,0,1,1
muppets,13,15,28
muppett,0,1,1
muppetvision,0,1,1
mupps,0,2,2
muppy,1,0,1
mupromo,0,2,2
mur,4,0,4
mura,1,2,3
murag,0,1,1
murah,0,2,2
murakami,3,6,9
mural,8,5,13
murali,1,0,1
murals,0,2,2
murano,6,4,10
muraoka,0,1,1
muraqabat,0,1,1
murch,0,1,1
murcia,0,2,2
murcielago,2,0,2
murd,1,0,1
murda,1,1,2
murder,113,82,195
murderation,0,1,1
murderd,1,0,1
murderdolls,1,0,1
murdere,1,0,1
murdered,66,21,87
murderer,22,14,36
murderered,1,0,1
murderers,5,3,8
murderin,2,1,3
murdering,13,9,22
murderising,0,1,1
murderland,0,1,1
murdermachines,1,0,1
murdermystery,1,0,1
murderous,5,6,11
murderously,1,0,1
murderrrr,1,0,1
murders,14,7,21
murdoch,4,3,7
murdock,0,1,1
murene,1,0,1
mures,0,1,1
murf,1,0,1
murfeesboro,0,1,1
murfree,2,0,2
murfreesboro,6,0,6
murg,1,0,1
murgh,1,0,1
muri,5,0,5
muricy,4,0,4
murieeeeel,0,1,1
muriel,3,5,8
muriels,0,2,2
murillo,1,0,1
murim,1,0,1
murio,2,0,2
murioooo,1,0,1
murit,0,1,1
murk,0,1,1
murked,1,2,3
murky,8,4,12
murloc,1,0,1
murlocs,2,0,2
murly,1,0,1
murmle,3,0,3
murmur,6,3,9
murmuring,0,2,2
murmurins,1,0,1
murmurs,1,0,1
murney,1,0,1
murni,0,2,2
murnin,1,2,3
muro,1,0,1
murph,3,3,6
murphey,1,2,3
murphies,1,0,1
murphy,55,56,111
murphys,7,5,12
murphyssss,0,1,1
murr,3,1,4
murrah,1,0,1
murray,75,68,143
murrayfield,3,1,4
murrayky,1,0,1
murraynewlands,0,1,1
murrays,0,1,1
murrayy,0,1,1
murree,0,1,1
murrells,1,0,1
murrey,1,0,1
murrie,1,0,1
murried,1,0,1
murrieta,3,1,4
murrietta,0,1,1
murrini,0,1,1
murrion,0,1,1
murrr,1,0,1
murrray,1,0,1
murrrr,2,0,2
murrrrrrrrrrr,1,0,1
murry,1,5,6
murryington,0,1,1
murs,0,1,1
murses,0,2,2
mursya,0,1,1
murtabak,2,1,3
murthy,0,1,1
murty,1,1,2
murugas,0,1,1
murukku,1,0,1
muruku,1,0,1
murv,1,0,1
mus,4,13,17
musa,5,1,6
musac,0,1,1
musak,2,3,5
musaks,0,1,1
musashi,1,0,1
musbach,0,1,1
musc,2,2,4
muscadel,0,1,1
muscat,1,2,3
muscati,0,1,1
muscatine,1,0,1
muschi,0,1,1
musci,1,1,2
muscial,0,1,1
muscian,0,1,1
muscians,1,0,1
muscle,285,80,365
muscled,1,0,1
musclein,1,0,1
musclenerd,4,1,5
musclenerds,1,0,1
muscles,165,103,268
muscless,1,0,1
muscleworks,0,1,1
muscley,0,3,3
muscly,0,1,1
muscovy,0,1,1
muscular,8,10,18
musculara,0,1,1
musculature,0,1,1
muscule,1,0,1
muse,118,135,253
museam,1,2,3
museaum,0,1,1
musebin,0,1,1
museboard,1,0,1
mused,1,0,1
musee,1,0,1
museet,0,1,1
musefy,0,1,1
musej,1,0,1
musel,1,0,1
musela,0,1,1
muself,1,0,1
museli,3,2,5
musem,3,1,4
museme,0,1,1
museo,0,4,4
muser,1,0,1
musers,0,1,1
muses,1,13,14
muset,4,0,4
musetour,1,0,1
museu,0,1,1
museum,200,523,723
museummonday,0,1,1
museums,10,19,29
museumsatnight,0,1,1
musgrave,1,0,1
musgrove,1,0,1
mush,31,30,61
mushaboom,0,2,2
musharraf,0,1,1
mushball,0,1,1
mushe,0,1,1
mushed,2,0,2
mushes,1,0,1
mushfiq,1,0,1
mushh,0,1,1
mushhh,1,0,1
mushhhhhhhhh,0,1,1
mushi,3,0,3
mushie,1,0,1
mushier,1,0,1
mushies,0,1,1
mushing,1,0,1
mushington,1,0,1
mushkil,0,2,2
mushkila,0,1,1
mushmanski,1,0,1
mushnik,1,0,1
musholla,1,0,1
mushoom,1,0,1
mushroom,46,61,107
mushrooms,24,44,68
mushtiya,0,1,1
mushu,2,1,3
mushy,29,35,64
mushygushy,0,1,1
mushypeas,0,1,1
musi,0,1,1
musialem,1,0,1
musibi,0,1,1
music,3020,5928,8948
musica,10,17,27
musicaddict,0,1,1
musicage,1,0,1
musicain,0,1,1
musical,195,361,556
musicalawakening,0,1,1
musicalhit,0,1,1
musicality,2,1,3
musicall,0,3,3
musically,7,16,23
musicalmess,0,1,1
musicalnya,0,1,1
musicals,14,28,42
musicaltime,0,1,1
musicandgravity,1,0,1
musicans,0,2,2
musicares,0,1,1
musicas,2,1,3
musicblog,0,1,1
musicboat,0,1,1
musicbox,0,2,2
musicbrainz,1,0,1
musicc,4,20,24
musiccc,1,9,10
musicccc,1,1,2
musiccccc,0,3,3
musicccccc,0,1,1
musicccccccc,0,1,1
musiccccccccccccccc,0,1,1
musiccccs,0,1,1
musicedweek,2,0,2
musicfavorite,0,1,1
musicfest,2,1,3
musicfirst,1,0,1
musicfrk,0,1,1
musici,0,1,1
musician,23,86,109
musiciangeekery,0,1,1
musicians,25,61,86
musicianss,0,1,1
musicindustry,0,1,1
musicing,1,0,1
musicinoursoul,0,1,1
musicislife,0,3,3
musicismyboyfriend,0,1,1
musick,0,1,1
musicked,0,1,1
musiclab,1,0,1
musicless,2,0,2
musiclover,0,1,1
musiclovers,1,0,1
musiclovrrr,1,0,1
musicmama,1,0,1
musicman,0,2,2
musicmatch,1,0,1
musicmonday,40,393,433
musicmondays,3,6,9
musicnya,0,1,1
musiconline,0,1,1
musicovery,0,2,2
musicrocks,0,1,1
musics,11,16,27
musicschool,1,0,1
musicsunday,1,0,1
musictoday,0,1,1
musictonight,1,0,1
musictuesday,1,1,2
musicure,0,1,1
musicvideo,1,4,5
musicvideos,1,2,3
musicwednesday,0,1,1
musiem,0,1,1
musiic,4,6,10
musiicc,0,1,1
musiiiiic,0,1,1
musiiiiiiic,1,0,1
musiik,0,1,1
musiiqueen,0,1,1
musik,6,7,13
musikauswahl,0,1,1
musikfest,4,0,4
musikk,0,1,1
musikkfest,0,2,2
musikki,0,1,1
musikmesse,0,1,1
musiknya,0,1,1
musiks,0,1,1
musim,3,2,5
musimundo,0,1,1
musing,0,6,6
musings,1,7,8
musiq,19,17,36
musiqq,0,2,2
musiqtone,3,5,8
musique,12,5,17
musiqueplus,0,1,1
musis,0,2,2
musisi,1,0,1
musismonday,0,1,1
musituality,0,1,1
musix,1,1,2
musk,2,2,4
muska,2,0,2
muskadero,0,1,1
muskateer,1,0,1
muskateers,4,0,4
musked,1,0,1
muskego,0,1,1
muskegon,6,0,6
musket,0,1,1
musketeer,0,1,1
musketeers,3,4,7
musketeres,0,1,1
muskett,0,2,2
muskitos,1,0,1
muskkkk,1,0,1
muskmelon,0,1,1
muskogee,1,1,2
muskoka,3,10,13
muskrat,1,1,2
muskrats,0,1,1
musky,1,2,3
muslce,0,1,1
musle,4,0,4
muslei,1,0,1
muslem,0,1,1
musli,1,1,2
muslide,0,1,1
muslie,1,0,1
muslim,21,12,33
muslims,4,4,8
muslin,1,0,1
musn,4,3,7
musnah,1,0,1
musnt,2,2,4
muso,1,1,2
musoc,0,1,1
musorobo,0,1,1
musos,0,4,4
musou,2,0,2
musq,1,0,1
musquito,1,0,1
muss,14,15,29
mussawi,2,0,2
musse,0,1,1
mussed,1,0,1
mussel,3,1,4
musselburgh,1,0,1
musselman,0,1,1
mussels,6,7,13
musshhh,0,1,1
mussinex,1,0,1
mussle,1,1,2
mussn,0,1,1
musso,45,109,154
mussolini,2,1,3
mussoooo,0,1,1
mussoooooo,1,0,1
mussos,1,7,8
musssik,0,1,1
mussssssst,0,1,1
musssst,0,1,1
musst,3,1,4
mussy,2,0,2
must,4490,4223,8713
musta,19,42,61
mustace,2,0,2
mustache,21,20,41
mustached,1,0,1
mustaches,8,2,10
mustachioed,0,1,1
mustafa,3,4,7
mustafterfterfridayfollows,0,1,1
mustah,1,1,2
mustang,26,31,57
mustangs,7,4,11
mustar,0,1,1
mustard,39,53,92
mustards,1,1,2
mustasa,0,1,1
mustav,1,0,1
mustbe,0,1,1
mustbuy,1,0,1
mustdoingsthatmustdo,1,0,1
mustelid,1,0,1
muster,16,14,30
mustered,2,0,2
mustering,1,0,1
musterion,0,1,1
mustfollowfriday,0,1,1
mustgotobednow,0,1,1
musti,0,2,2
mustin,4,5,9
mustive,0,1,1
mustjumpintorawfooddays,0,1,1
mustmustmust,1,0,1
muston,0,1,1
mustory,1,0,1
musts,1,1,2
mustseetv,0,1,1
mustt,1,1,2
musttii,1,0,1
mustttt,1,0,1
mustv,1,0,1
mustve,13,9,22
mustwritemustwritemustwrite,1,0,1
musty,3,0,3
musubi,4,4,8
musubis,1,0,1
musuem,3,11,14
musuim,0,1,1
musyt,0,1,1
mut,3,4,7
mutakka,1,0,1
mutal,1,0,1
mutalating,1,0,1
mutant,16,22,38
mutantes,0,1,1
mutantized,1,0,1
mutants,3,3,6
mutany,1,0,1
mutate,4,1,5
mutated,10,2,12
mutates,0,1,1
mutation,1,1,2
mutations,1,3,4
mutch,6,8,14
mute,33,34,67
muted,13,4,17
mutemath,3,2,5
muter,3,0,3
mutes,1,2,3
mutex,1,0,1
muteyaar,0,1,1
muth,0,1,1
mutha,23,29,52
muthaa,0,1,1
muthaaa,0,1,1
muthaeffin,1,0,1
muthaf,2,4,6
muthafckn,0,1,1
muthafeathas,0,1,1
muthafk,1,0,1
muthafkn,1,0,1
muthafuck,1,0,1
muthafucka,6,3,9
muthafuckaa,1,0,1
muthafuckas,4,1,5
muthafucker,1,0,1
muthafuckers,0,1,1
muthafuckersz,0,1,1
muthafuckin,5,10,15
muthafuckn,1,1,2
muthafuka,0,1,1
muthafukkin,0,1,1
muthafxckin,1,0,1
muthahfuckah,0,1,1
muthanna,0,1,1
muthath,0,1,1
muther,3,1,4
mutherfuka,0,1,1
muthers,0,1,1
muthhaaaa,1,0,1
muthi,1,0,1
muthin,1,0,1
muthtcht,1,0,1
muthu,0,5,5
muthuh,0,1,1
muti,0,3,3
mutie,1,0,1
mutiilation,0,1,1
mutilated,7,2,9
mutilating,1,0,1
mutilation,1,1,2
muting,2,0,2
mutiooooboooom,0,1,1
mutiple,0,2,2
mutiply,1,0,1
mutitasking,0,1,1
mutliple,1,0,1
mutliverse,0,1,1
mutltiply,0,1,1
mutombo,0,1,1
mutpl,1,0,1
mutsh,1,0,1
mutt,10,13,23
mutta,0,1,1
muttathi,0,1,1
mutter,11,5,16
muttered,0,1,1
muttering,2,3,5
mutters,2,1,3
mutti,4,3,7
muttin,0,1,1
muttley,0,1,1
mutton,4,8,12
muttons,1,1,2
muttpop,1,0,1
muttropolis,0,1,1
muttrun,1,0,1
mutts,0,4,4
mutu,2,0,2
mutual,32,68,100
mutuality,0,1,1
mutually,5,12,17
mutum,0,1,1
mutumiri,0,1,1
mutusin,1,0,1
mutya,0,6,6
mutzelburg,0,1,1
muuaaach,0,1,1
muuaaahhh,0,1,1
muuaah,0,1,1
muuah,0,2,2
muuahh,0,1,1
muuccch,1,0,1
muuch,8,7,15
muuchaaaaaaa,0,1,1
muuchh,0,1,1
muuffiinn,0,1,1
muuhaha,0,1,1
muuhahhaha,1,0,1
muuita,0,1,1
muullaahhhh,0,1,1
muum,1,0,1
muumuu,1,1,2
muur,0,1,1
muurkrant,0,1,1
muusic,0,1,1
muust,1,0,1
muuua,1,0,1
muuuaaahhh,0,1,1
muuuah,0,5,5
muuuahhh,0,1,1
muuucccchhh,0,1,1
muuuch,6,6,12
muuucha,0,1,1
muuuchhh,0,1,1
muuuchhhh,0,1,1
muuuhahahaha,0,1,1
muuuhhhhaaaahahha,0,1,1
muuuitooo,0,1,1
muuusic,1,1,2
muuussstt,0,1,1
muuust,1,0,1
muuuuaaaaah,0,1,1
muuuuaaah,0,1,1
muuuuah,0,1,1
muuuucccchhhh,1,0,1
muuuucchh,0,1,1
muuuuch,1,1,2
muuuuchas,1,0,1
muuuum,0,1,1
muuuusic,1,0,1
muuuust,1,0,1
muuuuu,0,1,1
muuuuuaaaaah,0,1,1
muuuuucccchhhhh,1,0,1
muuuuuch,0,4,4
muuuuunchies,1,0,1
muuuuusic,0,1,1
muuuuuuahz,0,1,1
muuuuuuch,0,1,1
muuuuuum,2,0,2
muuuuuums,0,1,1
muuuuuusic,1,0,1
muuuuuuuch,1,1,2
muuuuuuuuaaaah,0,1,1
muuuuuuuuch,0,1,1
muuuuuuuust,0,1,1
muuuuuuuuuch,1,0,1
muuuuuuuuuuuch,0,1,1
muuuuuuuuuuuuuch,0,1,1
muuuuuuuuuuuuuuuuuuuuuuuuuuuuuuuuuse,0,1,1
muuuwah,1,0,1
muuwahhh,0,1,1
muv,0,1,1
muvee,2,1,3
muveee,0,1,1
muvi,3,0,3
muvico,0,3,3
muvids,0,1,1
muving,1,0,1
muvvvver,0,1,1
muvy,1,0,1
muwaaaaaa,0,1,1
muwaah,0,1,1
muwah,0,4,4
muwaha,0,1,1
muwahaha,1,3,4
muwahahaha,2,2,4
muwahahahaha,1,3,4
muwahahahahahaahahaha,0,1,1
muwahhhh,0,1,1
muwawa,0,1,1
muwhahaha,0,1,1
muwhahahah,0,1,1
muwhahahaha,0,1,1
muwhahahahah,0,1,1
muwire,0,1,1
mux,0,2,2
muxa,1,0,1
muxh,2,2,4
muxicmonday,0,1,1
muxo,1,0,1
muxtape,1,1,2
muy,43,40,83
muyliz,0,1,1
muz,3,4,7
muzac,0,1,1
muzaic,0,1,1
muzak,6,4,10
muzic,2,3,5
muzicaaaaaa,0,1,1
muzichii,0,1,1
muzici,0,1,1
muzics,0,1,1
muziek,0,1,1
muzik,4,5,9
muziks,1,0,1
muzta,0,1,1
muzu,1,1,2
muzukashii,0,1,1
muzz,1,0,1
muzza,2,0,2
muzzah,1,0,1
muzzels,0,1,1
muzzgrove,1,0,1
muzzle,8,2,10
muzzled,1,1,2
muzzy,0,1,1
muzzza,0,1,1
mv,22,38,60
mva,4,1,5
mvaaforums,0,1,1
mvas,0,1,1
mvb,0,2,2
mvc,19,8,27
mvcc,0,1,1
mvcomms,1,0,1
mvd,1,0,1
mve,1,0,1
mvemba,0,1,1
mvg,1,0,1
mvgroup,1,0,1
mvhs,1,0,1
mvid,0,1,1
mvie,0,4,4
mville,1,1,2
mving,0,1,1
mvis,1,0,1
mvizdos,1,0,1
mvk,1,0,1
mvlog,0,1,1
mvmnt,1,0,1
mvoie,0,1,1
mvp,23,49,72
mvps,0,1,1
mvs,0,1,1
mvt,0,1,1
mvv,0,1,1
mvvm,0,1,1
mvy,1,0,1
mw,56,67,123
mwa,8,14,22
mwaa,3,3,6
mwaaaaaa,0,1,1
mwaaaaaaaaa,0,1,1
mwaaaaaaaaaaaaaaaaaaaa,0,1,1
mwaaaaaaaah,1,1,2
mwaaaaaaah,0,1,1
mwaaaah,0,2,2
mwaaaahhh,0,1,1
mwaaah,1,2,3
mwaaahhaahahaha,1,0,1
mwaah,1,2,3
mwaahh,1,0,1
mwaahhhh,0,1,1
mwaak,0,1,1
mwah,50,159,209
mwaha,3,4,7
mwahaaa,0,1,1
mwahaahahaaa,0,1,1
mwahah,1,3,4
mwahaha,3,33,36
mwahahaa,0,1,1
mwahahaaa,1,0,1
mwahahah,2,4,6
mwahahaha,7,22,29
mwahahahaaha,0,1,1
mwahahahah,1,2,3
mwahahahaha,2,8,10
mwahahahahaha,0,3,3
mwahahahahahaha,0,1,1
mwahahahahahahahah,0,1,1
mwahahahahahahahahahahahahahahahahahahahahahahahahahahaha,0,1,1
mwahahahahha,1,1,2
mwahahahahohononono,0,1,1
mwahahahhaaa,0,1,1
mwahahha,1,1,2
mwahahhaha,0,1,1
mwahahhahaa,0,1,1
mwahahhahhaha,0,1,1
mwahh,0,10,10
mwahhaha,0,4,4
mwahhh,0,5,5
mwahhhh,2,1,3
mwahhhhhhhhhhhhhhhhhhhhhhhhhhhhhhhhhh,0,1,1
mwahhugs,0,1,1
mwahs,3,3,6
mwahx,0,1,1
mwahxx,1,0,1
mwahz,0,1,1
mwamwamwa,0,1,1
mwan,1,0,1
mwans,0,1,1
mwas,1,0,1
mwauah,0,1,1
mwauh,0,1,1
mwazz,0,1,1
mwb,0,2,2
mwc,3,4,7
mwd,1,1,2
mwe,1,0,1
mwean,1,0,1
mweb,1,5,6
mweet,0,1,1
mweh,0,1,1
mwenzangu,0,1,1
mweor,1,0,1
mwf,0,4,4
mwfollowmeplease,0,1,1
mwg,1,0,1
mwh,1,0,1
mwhaaa,0,1,1
mwhaazz,0,1,1
mwhaha,0,5,5
mwhahah,0,1,1
mwhahaha,0,7,7
mwhahahah,0,1,1
mwhahahaha,0,7,7
mwhahahahaha,0,1,1
mwhahahahahahaha,0,1,1
mwhoehaha,1,0,1
mwi,1,0,1
mwinkle,0,1,1
mwkee,0,1,1
mwl,1,1,2
mwlan,1,0,1
mwlbournes,1,0,1
mwm,5,3,8
mwmi,0,1,1
mwmt,1,0,1
mwn,1,0,1
mwnya,0,1,1
mwommy,1,0,1
mworning,0,1,1
mwpkn,1,0,1
mwr,0,3,3
mws,1,3,4
mwsf,0,1,1
mwt,1,0,1
mwuah,2,6,8
mwuaha,1,1,2
mwuahaha,0,4,4
mwuahahaha,0,3,3
mwuahahahaha,0,2,2
mwuahh,0,1,1
mwuahmwuah,0,2,2
mwuahugs,0,1,1
mwuhaha,0,1,1
mwuhahaha,0,1,1
mwuhahahhaha,0,1,1
mwwa,0,1,1
mwwaaaaaaaa,0,1,1
mwwaahh,0,1,1
mwwahhh,0,1,1
mwwuaah,0,1,1
mwy,1,2,3
mwyda,2,0,2
mx,38,23,61
mxc,0,4,4
mxdo,0,1,1
mxeats,1,0,1
mxit,3,4,7
mxj,0,1,1
mxml,1,0,1
mxmlc,1,0,1
mxo,1,0,1
mxpx,3,4,7
mxtube,3,0,3
mxuch,0,1,1
mxuh,1,0,1
my,190775,125955,316730
mya,11,19,30
myabe,0,1,1
myaday,0,1,1
myaestheticromance,0,1,1
myah,3,1,4
myalper,1,0,1
myan,1,0,1
myana,2,1,3
myanmar,2,4,6
myapp,1,0,1
myarchn,0,2,2
myb,3,5,8
mybaby,1,1,2
mybackhurts,1,0,1
mybad,4,2,6
mybandbuilderpro,0,1,1
mybb,3,0,3
mybbtuts,0,1,1
mybbworld,0,1,1
mybday,2,0,2
mybdayforthefamily,1,0,1
mybe,7,5,12
mybeatz,0,1,1
mybed,1,2,3
mybelle,1,0,1
mybest,2,1,3
mybestpic,0,1,1
mybffs,0,1,1
mybigger,0,1,1
mybike,0,1,1
mybirthday,0,1,1
myblackbird,0,2,2
myblackisbeautiful,1,0,1
myblock,1,0,1
myblog,0,1,1
mybloglog,4,2,6
mybooface,0,1,1
mybook,0,2,2
mybreakfast,1,0,1
mybride,1,0,1
mybrokenenglish,1,0,1
mybrunei,0,1,1
mybrute,3,11,14
mybuckster,1,1,2
myc,1,0,1
mycah,1,1,2
mycamera,0,1,1
mycameraonmyphonesucks,0,1,1
mycardboardlife,1,0,1
mycardsdirect,1,0,1
mychael,1,0,1
mychal,0,1,1
mycharmingkids,1,0,1
mychaus,0,1,1
mychelle,0,1,1
mychem,0,3,3
mycheryl,0,1,1
mychildren,1,0,1
mychoicenottheirs,1,0,1
mychosen,0,1,1
mychurch,0,1,1
mycket,0,1,1
myclass,1,0,1
mycleenr,0,1,1
myclonus,1,0,1
mycloset,1,0,1
myco,1,0,1
mycocepurus,1,0,1
mycology,1,0,1
myconference,0,1,1
mycoplama,1,0,1
mycoplasma,1,0,1
mycork,0,1,1
mycrack,0,1,1
mycro,0,1,1
mycs,1,0,1
mycupid,1,0,1
mydadisafob,0,1,1
mydadpwns,1,0,1
mydaguy,1,0,1
mydaily,1,0,1
mydatahero,0,1,1
mydaughters,1,0,1
myday,1,0,1
mydear,0,1,1
mydeco,1,1,2
mydesk,1,0,1
mydigitaldiscount,1,0,1
mydiligent,0,1,1
mydisk,1,0,1
mydl,0,3,3
mydogiscrazy,0,1,1
mydrift,1,0,1
mydsl,1,0,1
mye,1,3,4
myeah,1,0,1
myears,1,0,1
myemotionaltshirt,0,1,1
myeon,0,1,1
myepisodes,0,1,1
myer,6,9,15
myeres,1,0,1
myers,15,8,23
myes,2,0,2
myesh,0,1,1
myesha,1,0,1
myess,0,1,1
myeugene,0,1,1
myexoticfriend,1,0,1
myeyes,0,1,1
myeyeshurt,0,1,1
myf,3,2,5
myface,2,0,2
myfacetube,0,1,1
myfacetwitter,0,1,1
myfamz,1,0,1
myfanwy,0,1,1
myfather,1,0,1
myfav,1,0,1
myfavedistro,0,1,1
myfavouriteplectrum,0,1,1
myfavouritewordtodayis,0,1,1
myfax,0,33,33
myfi,0,1,1
myfinger,1,0,1
myfingertipsareholdingontothecracksinourfoundation,1,0,1
myfirst,0,1,1
myfirstdate,1,0,1
myfirstten,0,1,1
myfirsttime,1,0,1
myflat,1,0,1
myfm,2,1,3
myfolia,0,1,1
myfoodtrip,0,2,2
myfoot,1,1,2
myfoxla,0,1,1
myfoxny,1,0,1
myfreebingo,0,2,2
myfreesoft,0,1,1
myfreind,2,0,2
myfriend,0,1,1
myfriends,5,0,5
myfwends,1,0,1
myg,1,1,2
mygah,0,1,1
mygamertag,1,0,1
mygarage,0,1,1
mygee,1,0,1
mygen,1,0,1
mygl,0,1,1
mygod,2,2,4
mygoddddddddddddd,1,0,1
mygodmygodmygod,0,1,1
mygoodness,3,0,3
mygooosh,1,0,1
mygosh,1,1,2
mygraduation,0,1,1
mygran,1,0,1
mygrandmastillsaysit,0,1,1
mygrilled,1,0,1
mygyver,1,0,1
mygz,1,0,1
myh,1,2,3
myhandle,0,2,2
myhead,0,1,1
myheart,2,0,2
myhelioapps,0,1,1
myhiddentrack,0,1,1
myhome,0,1,1
myhomie,0,1,1
myhouse,1,3,4
myhrr,0,1,1
myhugesmiles,2,0,2
myinsecurities,1,0,1
myipod,0,4,4
myisam,1,0,1
myja,1,0,1
myjob,1,0,1
myk,2,2,4
myka,3,1,4
mykaaa,0,1,1
mykdz,1,0,1
myke,2,3,5
mykeee,0,1,1
mykenzi,0,1,1
myki,1,1,2
mykie,1,0,1
mykionna,1,0,1
mykl,0,1,1
myklroventine,0,1,1
mykneehurtsofuckingbad,1,0,1
mykonos,1,2,3
mykoooooool,1,0,1
mykryptonite,0,1,1
mykuuuh,1,0,1
mykuworld,0,1,1
myla,3,2,5
mylady,0,1,1
mylakersnation,0,1,1
mylan,1,0,1
mylanta,1,1,2
mylapore,0,1,1
mylar,1,2,3
mylead,1,0,1
myleaky,1,1,2
myleee,0,1,1
myleene,0,1,1
myleft,1,0,1
myleftpinky,0,1,1
myleisha,1,0,1
mylene,3,0,3
mylenes,0,1,1
myler,0,1,1
myles,5,9,14
myley,0,1,1
mylfs,0,1,1
mylie,0,1,1
mylife,1,0,1
mylifeisaverage,1,1,2
mylifeishard,1,0,1
mylifeisinblackandwhite,1,0,1
mylifeiswack,0,1,1
mylifeiswacki,1,0,1
myliferecord,2,0,2
mylilmanalex,1,0,1
mylist,0,2,2
mylittlebaby,0,1,1
mylittledecoy,0,1,1
mylo,5,11,16
myloc,0,2,2
myloveformusic,0,1,1
mylsnaps,1,0,1
myluck,1,0,1
mylynka,0,1,1
mym,1,1,2
myman,1,2,3
mymanicure,0,1,1
mymap,1,0,1
mymaths,4,2,6
mymess,0,1,1
mymixtape,0,1,1
mymo,1,0,1
mymobile,1,0,1
mymoney,1,0,1
mymood,0,6,6
mymotivation,0,1,1
mymovement,0,1,1
mymugshot,0,1,1
mymums,0,1,1
mymusicstream,0,1,1
mymy,0,3,3
mymymy,0,1,1
myn,5,2,7
mynach,1,0,1
mynamar,0,1,1
mynameiskaraaaa,0,1,1
mynanfel,0,1,1
mync,0,1,1
mynci,1,0,1
mynd,4,2,6
myne,1,1,2
mynetfone,1,0,1
mynew,1,0,1
myngocs,1,0,1
mynhcg,0,1,1
mynt,1,0,1
myntra,1,0,1
mynx,0,1,1
myo,0,2,2
myob,2,1,3
myoh,1,1,2
myoho,0,3,3
myolie,0,1,1
myon,0,1,1
myonid,0,1,1
myonlysanction,1,0,1
myopia,1,0,1
myopic,1,2,3
myopics,1,0,1
myopinion,0,1,1
myoplex,1,0,1
myoraclesql,0,1,1
myorli,1,0,1
myotherapist,1,1,2
myotonic,1,0,1
myotts,0,1,1
myp,0,3,3
mypace,2,1,3
myparajaws,0,1,1
myparents,1,0,1
myparentscookandfreezeitforme,0,1,1
myparkingfine,0,1,1
mypatnadem,0,1,1
mypce,0,1,1
mypenis,1,0,1
mypeterpan,1,0,1
mypg,0,1,1
myphilosophy,1,1,2
myphone,3,1,4
myphones,0,1,1
mypiction,0,1,1
myplanet,0,1,1
mypod,0,1,1
mypornospace,0,1,1
myportalspace,0,1,1
mypowerbookg,1,0,1
mypowermall,0,1,1
mypradol,0,1,1
myprecious,1,0,1
myprodol,1,0,1
myprofitexpert,0,1,1
myproximus,1,0,1
myps,1,0,1
mypsace,0,1,1
mypscae,1,0,1
mypupsadie,1,0,1
myr,2,0,2
myra,2,10,12
myrail,1,0,1
myranda,0,1,1
myras,1,0,1
myraw,0,1,1
myrddin,0,1,1
myre,2,0,2
myrea,0,1,1
myreen,0,1,1
myrents,0,1,1
myreturn,1,0,1
myria,0,1,1
myriad,0,4,4
myriam,1,0,1
myrick,0,1,1
myricks,0,1,1
myriver,0,1,1
myrna,0,1,1
myrobotislobat,0,1,1
myrockstar,0,2,2
myron,1,0,1
myroom,1,0,1
myroutine,1,0,1
myrphy,0,1,1
myrt,0,1,1
myrtle,44,27,71
myrtles,1,0,1
myrtos,0,1,1
myryad,0,1,1
mys,3,3,6
mysace,0,1,1
mysak,1,0,1
mysandbox,2,0,2
mysapce,2,2,4
myscene,1,0,1
myschooolfthought,1,1,2
myscooter,1,0,1
mysefl,0,2,2
mysel,0,3,3
myseld,1,0,1
myself,5123,3976,9099
myselff,2,2,4
myselfff,4,2,6
myselffff,1,1,2
myselfffff,3,1,4
myselfroad,3,2,5
myselfs,0,1,1
mysertiously,1,0,1
myseventeen,1,0,1
mysexis,0,1,1
mysexyback,0,1,1
mysfm,1,0,1
mysha,1,1,2
mysharp,1,0,1
mysheelf,1,0,1
myshele,0,1,1
myshpache,0,1,1
mysickasslifeee,0,1,1
myside,3,2,5
mysified,1,0,1
mysim,0,1,1
mysimcity,0,1,1
mysims,0,1,1
mysister,1,0,1
mysisters,1,0,1
mysite,1,0,1
myslef,16,6,22
myslel,1,1,2
myslf,1,2,3
mysli,1,1,2
myslowice,0,1,1
mysmelly,0,1,1
mysms,1,0,1
mysoju,2,7,9
myson,1,0,1
mysongfortoday,0,1,1
mysore,6,12,18
mysoti,0,1,1
mysource,0,1,1
mysp,2,1,3
myspaace,0,1,1
myspac,0,1,1
myspaccccccce,0,1,1
myspace,970,1656,2626
myspacebook,0,1,1
myspacebutimbetter,0,1,1
myspaced,1,3,4
myspacee,3,11,14
myspaceee,0,11,11
myspaceeeeee,0,1,1
myspaceeeeeeee,0,1,1
myspaceim,1,0,1
myspacein,0,3,3
myspaceing,1,1,2
myspacelayout,0,1,1
myspacepage,0,1,1
myspacer,2,1,3
myspaces,6,6,12
myspacescobar,1,0,1
myspacesite,0,2,2
myspacewhores,0,1,1
myspacez,0,1,1
myspacin,0,3,3
myspacing,6,3,9
myspacking,0,1,1
myspage,1,0,1
myspak,1,0,1
myspare,1,0,1
myspaz,1,1,2
myspazz,2,0,2
myspazzz,0,1,1
myspazzzz,0,1,1
myspc,1,0,1
myspelf,1,0,1
myspizzle,1,1,2
myspoace,0,1,1
myspyderweb,0,1,1
mysql,63,32,95
mysqlcamp,0,1,1
mysqldump,1,0,1
mysself,0,1,1
myst,6,16,22
mystar,0,1,1
myster,2,0,2
mystere,2,2,4
mysteries,11,13,24
mysterio,1,2,3
mysterion,0,2,2
mysterious,31,62,93
mysteriously,16,7,23
mysterwolffffffff,1,0,1
mystery,83,154,237
mysteryland,1,1,2
mysteryzillion,0,1,1
mysti,1,3,4
mystic,14,21,35
mystical,1,13,14
mysticism,1,1,2
mystics,3,3,6
mystified,2,0,2
mystify,1,1,2
mystifyer,1,0,1
mystifying,1,1,2
mystiqe,1,0,1
mystique,6,3,9
mysto,0,2,2
mystomach,1,0,1
mystomachhurts,1,0,1
mystree,0,1,1
mystries,0,1,1
mysty,0,2,2
mysweetprince,0,1,1
mysweetwilliam,1,0,1
myswelf,0,1,1
myt,14,14,28
mytafe,1,0,1
myte,1,0,1
myterious,1,0,1
myth,21,25,46
mythbuster,0,3,3
mythbusters,21,28,49
mythconduct,1,0,1
mythered,1,0,1
mythic,2,3,5
mythical,2,11,13
mythics,1,0,1
mytholmroyd,1,0,1
mythologies,0,1,1
mythology,4,7,11
mythos,3,1,4
mythoughts,0,1,1
mythroat,1,0,1
myths,2,8,10
mythtv,4,2,6
myticket,1,0,1
mytime,0,1,1
mytinyphone,0,1,1
mytoecold,1,0,1
myton,1,0,1
mytop,1,0,1
mytouch,2,0,2
mytummy,1,0,1
mytweeple,1,1,2
mytweetfollowers,1,0,1
mytwiggas,0,1,1
mytwitter,0,1,1
mytwitterrule,1,0,1
mytype,1,0,1
myu,2,0,2
myucf,1,0,1
myucsc,1,0,1
myuhuhurr,0,1,1
myum,0,1,1
myun,0,1,1
myuniform,1,0,1
myus,2,0,2
myusername,1,0,1
myv,1,3,4
myvegasscene,0,1,1
myvi,2,0,2
myvidoop,1,0,1
myvouchercodes,0,1,1
myvworldupsidedown,0,1,1
myw,1,0,1
myweakess,0,1,1
myweakness,55,218,273
myweawkness,1,0,1
myweblog,1,1,2
mywebsite,0,1,1
myweekness,0,1,1
mywireless,0,1,1
mywolfbook,0,2,2
myworkout,1,0,1
myx,6,16,22
myxer,1,0,1
myxomatosis,1,0,1
myxxmusic,0,1,1
myy,62,48,110
myyearbook,1,4,5
myynameisjosh,0,1,1
myyo,0,1,1
myypc,1,0,1
myyrh,0,1,1
myyselff,1,0,1
myysppace,0,1,1
myyy,17,14,31
myyyseeeeeelf,1,0,1
myyyy,4,6,10
myyyyspace,0,1,1
myyyyy,1,3,4
myyyyye,1,0,1
myyyyyselffffff,1,0,1
myyyyyy,4,1,5
myyyyyyy,0,1,1
myyyyyyyy,1,1,2
myyyyyyyyyyy,1,0,1
myzchaos,1,0,1
mz,16,17,33
mzan,1,0,1
mzanniebannie,1,0,1
mzasianbeautys,1,0,1
mzb,1,0,1
mzdanielita,0,4,4
mzembe,0,1,1
mzfreeproductcode,1,0,1
mzgood,0,1,1
mzh,1,0,1
mzi,1,0,1
mzjonz,0,1,1
mzsouthernbelle,1,0,1
mzzdanzer,0,1,1
na,756,961,1717
naa,29,34,63
naaa,13,13,26
naaaa,5,3,8
naaaaa,1,4,5
naaaaaa,2,1,3
naaaaaaa,0,4,4
naaaaaaaaaaa,0,2,2
naaaaaaaaaaaa,1,0,1
naaaaaaaaaaaaa,1,0,1
naaaaaaaaaaaaaaaaaaaaao,1,0,1
naaaaaaaaaaaaaaaaaaaam,1,0,1
naaaaaaaaaaaaaao,1,0,1
naaaaaaaaaaaaaap,1,0,1
naaaaaaaaaao,1,0,1
naaaaaaaaailed,0,1,1
naaaaaaaaw,1,0,1
naaaaaaah,0,1,1
naaaaaaap,1,0,1
naaaaaah,0,2,2
naaaaaaw,1,0,1
naaaaah,2,0,2
naaaaaice,0,1,1
naaaaap,1,0,1
naaaaapppp,0,1,1
naaaaaw,4,1,5
naaaah,3,5,8
naaaahhh,1,1,2
naaaahhhh,0,1,1
naaaaht,1,0,1
naaaaice,0,1,1
naaaaks,0,1,1
naaaanaaaa,0,1,1
naaaap,3,1,4
naaaatttt,0,1,1
naaaattttyyy,1,0,1
naaaau,1,0,1
naaaaw,3,2,5
naaada,1,0,1
naaadal,1,0,1
naaah,8,22,30
naaahhh,1,0,1
naaahhhh,0,1,1
naaahhhhhh,1,0,1
naaaice,0,1,1
naaaiceee,1,0,1
naaais,0,1,1
naaaks,1,0,1
naaaoo,1,0,1
naaap,1,2,3
naaar,0,1,1
naaarrrch,0,1,1
naaasty,0,1,1
naaathang,0,1,1
naaaw,8,4,12
naaaww,1,0,1
naaawwww,1,0,1
naabutan,3,0,3
naacp,2,0,2
naadu,1,0,1
naag,1,0,1
naah,17,25,42
naahh,2,3,5
naahi,0,1,1
naahville,1,0,1
naai,0,1,1
naaiice,0,1,1
naaki,1,0,1
naalala,1,4,5
naald,1,0,1
naam,0,4,4
naamaste,0,1,1
naamn,0,1,1
naan,14,13,27
naana,1,0,1
naani,0,1,1
naantok,0,1,1
naaps,0,1,1
naar,3,10,13
naaree,0,1,1
naartjies,1,1,2
naaru,1,0,1
naasipop,1,0,1
naast,0,2,2
naasty,0,1,1
naat,2,1,3
naathanaa,0,1,1
naats,0,1,1
naaw,6,4,10
naawww,0,1,1
naay,1,1,2
nab,10,16,26
naba,1,0,1
naback,1,0,1
nabals,0,1,1
naband,0,1,1
nabasa,1,3,4
nabawas,0,1,1
nabaztag,5,1,6
nabbed,7,4,11
nabbie,2,0,2
nabbit,1,0,1
nabby,1,0,1
nabe,1,0,1
nabeel,1,0,1
nabhi,0,1,1
nabi,1,2,3
nabibili,1,0,1
nabigla,1,0,1
nabil,1,3,4
nabila,2,2,4
nabin,1,0,1
nabisco,0,1,1
nabit,1,0,1
nabk,1,0,1
nabled,0,1,1
nablopomo,0,1,1
nabod,1,0,1
nabokov,0,1,1
naboodam,0,1,1
nabooo,1,0,1
naboyet,1,0,1
nabs,3,0,3
nabua,1,0,1
nabuhusan,1,0,1
nabumetone,0,1,1
nabung,0,1,1
nabura,1,0,1
nabuu,0,1,1
nabztag,0,1,1
nac,1,3,4
nacac,1,0,1
nacancel,0,1,1
nacba,0,1,1
nacda,0,2,2
nace,1,1,2
nacedonian,0,1,1
nacelle,1,0,1
naceous,1,0,1
nach,6,6,12
nachdurstbild,0,1,1
nacher,0,1,1
nachgeholt,0,1,1
nachher,0,2,2
nachi,0,2,2
nachiappan,0,1,1
nachlaot,0,1,1
nachm,0,1,1
nacho,19,18,37
nachocheese,2,0,2
nachoes,1,1,2
nachoongi,1,1,2
nachooooooooooooo,0,1,1
nachos,57,81,138
nachsitzen,1,0,1
nacht,4,22,26
nachtmusic,0,1,1
nachwuchs,0,1,1
nacinalos,1,0,1
nacionality,0,1,1
nack,5,2,7
nackard,1,0,1
nacked,1,0,1
nackerd,1,1,2
nackerddd,1,0,1
nackered,14,5,19
nacklace,1,0,1
nacks,0,1,1
naco,1,0,1
nacogdoches,0,1,1
nacorrupt,1,0,1
nacs,0,1,1
nacturnal,0,1,1
nacue,0,1,1
nacurh,0,1,1
nad,16,12,28
nada,106,66,172
nadaaa,0,1,1
nadadadada,0,1,1
nadaddy,0,2,2
nadagdag,1,1,2
nadagdagan,1,0,1
nadal,326,108,434
nadala,1,0,1
nadals,1,1,2
nadannolum,1,0,1
nadar,1,0,1
nadaram,1,0,1
nadashtam,1,0,1
nadd,0,1,1
nadda,2,2,4
naddel,1,0,1
nade,2,3,5
nadedepress,1,0,1
nadee,1,1,2
nadeem,1,2,3
nadence,0,1,1
nader,2,0,2
nadeshda,0,1,1
nadgered,0,1,1
nadgers,0,1,1
nadh,0,1,1
nadhirah,0,1,1
nadia,12,25,37
nadiaaaaaa,0,1,1
nadiah,0,1,1
nadiapp,0,2,2
nadias,0,1,1
nadiasss,0,1,1
nadie,6,0,6
nadieeee,1,0,1
nadii,0,1,1
nadim,1,0,1
nadin,0,3,3
nadine,14,24,38
nadirah,1,0,1
nadita,1,0,1
nadja,1,1,2
nadl,0,1,1
nadolee,1,0,1
nadoo,0,1,1
nadrah,0,1,1
nadrei,0,1,1
nadroj,0,1,1
nads,7,2,9
nadstropij,0,1,1
nadu,0,3,3
nadulas,1,0,1
nadumog,1,0,1
nadwcon,0,1,1
nadya,1,0,1
nadz,1,1,2
nae,27,17,44
naealla,0,1,1
naeee,0,2,2
naeeemes,1,0,1
naem,1,3,4
naenae,2,0,2
naeng,0,1,1
naess,1,0,1
naeto,0,1,1
naeuseous,1,0,1
naeve,1,0,1
naf,0,6,6
nafa,1,1,2
nafas,1,0,1
nafen,0,1,1
naff,13,6,19
naffanz,0,2,2
naffed,0,1,1
nafin,1,0,1
nafis,1,0,1
nafisa,0,1,1
nafollow,0,1,1
nafplion,1,0,1
nafso,0,1,1
nafsu,1,1,2
naftal,1,0,1
nag,25,39,64
naga,2,2,4
nagaantay,1,0,1
nagachange,1,0,1
nagada,0,1,1
nagagamit,0,1,1
nagagawa,1,1,2
nagahan,1,0,1
nagai,1,1,2
nagaland,1,0,1
nagambie,0,1,1
nagan,0,1,1
nagano,0,2,2
nagar,2,3,5
nagarani,2,0,2
nagaraya,0,2,2
nagarik,0,1,1
nagariya,0,1,1
nagas,1,0,1
nagasaki,0,3,3
nagasawa,1,0,1
nagato,1,1,2
nagatomo,1,0,1
nagawa,2,1,3
nagbabalik,0,1,1
nagbabasa,0,1,1
nagbanana,0,1,1
nagbebenta,1,0,1
nagbisyo,0,1,1
nagcancel,1,0,1
nagccrave,1,0,1
nagcomment,1,0,1
nagdadate,1,0,1
nagdadrama,1,0,1
nagdulom,0,1,1
nage,0,2,2
naged,0,1,1
nagement,0,1,1
nagentrep,0,1,1
nagercoil,0,2,2
nagexpire,1,0,1
nagged,3,5,8
naggers,0,2,2
naggin,2,3,5
nagging,31,20,51
nagginmg,1,0,1
naggitha,0,1,1
nagguest,1,0,1
naggum,2,0,2
naggy,2,1,3
naghahanap,1,0,1
naghihimu,0,1,1
naghihingalo,1,0,1
naghihintay,0,1,1
naghme,0,1,1
nagiging,0,1,1
nagila,0,2,2
nagin,0,2,2
naging,5,4,9
nagini,0,1,1
nagios,5,1,6
nagisa,0,1,1
nagising,0,1,1
nagith,0,1,1
nagivate,1,0,1
nagka,0,1,1
nagkaassembly,1,0,1
nagkagulo,1,0,1
nagkamustahan,0,1,1
nagkasakit,1,0,1
nagkikita,1,0,1
nagkita,1,0,1
naglakad,1,0,1
naglay,1,0,1
nagle,1,2,3
naglevel,1,0,1
naglilihi,0,1,1
nagloload,1,0,1
nagloloko,2,0,2
nagluluha,1,0,1
nagmamadali,0,1,1
nagmana,0,1,1
nagmeet,0,1,1
nagmukha,0,1,1
nagout,1,0,1
nagoya,0,4,4
nagpadeliver,0,1,1
nagpahaircut,0,1,1
nagpakita,1,0,1
nagpapabili,0,1,1
nagpapanggap,0,1,1
nagpaparamdam,0,1,1
nagpasinan,1,0,1
nagpaulan,1,0,1
nagpull,1,0,1
nagpur,1,1,2
nagra,3,0,3
nagrade,0,1,1
nagradnja,0,1,1
nagrenew,1,0,1
nagreply,0,2,2
nagrerehab,1,0,1
nagrereply,1,0,1
nagrereview,0,1,1
nagresume,1,0,1
nags,7,4,11
nagsabi,1,0,1
nagsara,1,0,1
nagsusulat,0,1,1
nagtatagalog,1,0,1
nagtatampo,1,0,1
nagteach,1,0,1
nagtroc,0,1,1
nagtwitter,0,1,1
naguba,1,0,1
nagugutom,0,1,1
nagulat,1,0,1
nagustuhan,0,1,1
naguupsate,0,1,1
naguusap,1,0,1
nagweights,0,1,1
nagy,1,3,4
nagyon,0,3,3
nah,697,879,1576
naha,1,1,2
nahal,0,1,1
nahaluan,1,0,1
nahan,0,1,1
nahanap,1,1,2
nahatomb,1,0,1
nahbeh,1,0,1
nahd,0,1,1
naheedul,1,0,1
naheeen,1,0,1
naheen,3,0,3
nahemah,0,1,1
nahgooh,1,0,1
nahh,53,60,113
nahhh,19,31,50
nahhhh,6,7,13
nahhhhh,2,2,4
nahhhhhh,0,2,2
nahhhhhhhh,0,1,1
nahhhhhhww,1,0,1
nahhman,1,0,1
nahht,1,0,1
nahhya,0,1,1
nahi,29,18,47
nahidlaw,1,0,1
nahihilo,1,2,3
nahihiya,1,0,1
nahiiiiiiiiiiii,0,1,1
nahin,9,8,17
nahipo,1,1,2
nahiya,0,2,2
nahj,2,0,2
nahjokin,1,0,1
nahla,1,0,1
nahlohbingung,0,1,1
nahmean,1,0,1
nahmony,0,1,1
nahnah,0,1,1
nahohook,0,1,1
nahrain,0,2,2
nahs,1,0,1
naht,4,2,6
nahthing,1,0,1
nahtttt,1,0,1
nahuhulog,1,0,1
nahulugan,1,0,1
nahum,1,0,1
nahuman,0,1,1
nai,10,10,20
naia,2,3,5
naiba,1,0,1
naiberg,0,1,1
naice,0,3,3
naiceee,1,0,1
naidoo,0,1,1
naifa,1,0,1
naifffy,1,0,1
naighhttt,1,0,1
naight,0,3,3
naii,2,0,2
naiii,0,1,1
naiiiice,1,0,1
naiils,0,1,1
naiinis,1,0,1
naiintindihan,1,0,1
naiis,1,0,1
naiisja,0,1,1
naija,1,1,2
naijasdime,0,1,1
naik,4,2,6
nail,368,193,561
naila,0,3,3
nailah,1,0,1
nailbiting,2,1,3
nailclippers,1,0,1
nailed,20,47,67
nailedpromise,0,1,1
nailer,1,0,1
nailing,1,4,5
nailist,0,1,1
nailpolish,13,7,20
nails,471,627,1098
nailsalon,1,0,1
nailsawaiting,1,0,1
nailsies,0,1,1
nailspa,0,1,1
nailss,0,1,1
nailsss,0,2,2
nailssssss,1,0,1
nailtoes,0,1,1
naily,0,1,1
nailz,1,2,3
nailzz,1,0,1
naim,1,2,3
naima,1,0,1
naina,0,3,3
naini,1,0,1
nainital,2,2,4
nainstalovat,1,0,1
naint,1,0,1
naintindihan,0,1,1
naintriga,1,0,1
naipost,0,1,1
nair,2,2,4
nairn,2,1,3
nairne,1,0,1
nairobi,5,7,12
nairy,1,0,1
nais,1,2,3
naisbitt,0,1,1
naisee,1,0,1
naisho,1,1,2
naisip,0,1,1
nait,0,2,2
naition,1,0,1
naitons,0,1,1
naituloy,1,0,1
naiv,1,1,2
naive,30,17,47
naivety,0,4,4
naivite,1,0,1
naiwan,2,0,2
naiwanan,1,0,1
naiya,3,0,3
naiyak,2,0,2
naj,0,1,1
naja,2,1,3
najad,0,1,1
najam,1,0,1
najat,1,0,1
najbl,0,1,1
najee,1,0,1
najeema,0,1,1
najeeramba,0,1,1
najib,1,2,3
najika,1,0,1
najis,1,2,3
najma,1,0,1
najs,1,1,2
najt,0,1,1
najud,0,1,1
najwa,0,1,1
nak,51,28,79
naka,6,6,12
nakabili,2,0,2
nakadashi,0,1,1
nakagamit,0,1,1
nakagawa,1,0,1
nakahawa,1,0,1
nakai,1,0,1
nakain,1,0,1
nakajima,2,0,2
nakaka,5,3,8
nakakaasar,1,0,1
nakakaawa,1,0,1
nakakabalew,0,1,1
nakakabitin,0,1,1
nakakadepress,0,1,1
nakakafreakout,1,0,1
nakakagawa,0,1,1
nakakagutom,0,2,2
nakakahawa,1,0,1
nakakahiya,0,3,3
nakakain,1,0,1
nakakainis,1,1,2
nakakaiyak,2,2,4
nakakakilig,0,1,1
nakakalala,1,0,1
nakakalungkot,1,0,1
nakakamiss,0,1,1
nakakapagod,4,1,5
nakakapanlumo,1,0,1
nakakapanood,1,0,1
nakakaread,1,0,1
nakakarest,1,0,1
nakakasawa,2,0,2
nakakastress,1,0,1
nakakatakot,3,0,3
nakakatamad,3,2,5
nakakatawa,0,2,2
nakakatouch,0,1,1
nakakatuwa,0,1,1
nakalagay,0,1,1
nakaligtas,1,0,1
nakalimutan,1,0,1
nakam,1,0,1
nakamura,1,1,2
nakanaaaaaa,0,1,1
nakapag,0,1,1
nakapagbakasyon,0,1,1
nakapagplurk,1,0,1
nakapagupload,0,1,1
nakapasok,1,0,1
nakaplurk,0,1,1
nakard,1,0,1
nakardam,1,0,1
nakareply,0,1,1
nakasabay,0,1,1
nakashimas,1,0,1
nakata,1,1,2
nakatalikod,0,1,1
nakatira,0,1,1
nakatulog,0,1,1
nakauwi,2,0,2
nakavote,0,1,1
nakawin,1,0,1
nakay,0,1,1
nake,1,0,1
naked,268,301,569
nakedextreme,1,0,1
nakedfriday,0,1,1
nakedmen,1,0,1
nakedness,1,6,7
nakednews,1,1,2
nakende,1,0,1
nakerd,2,0,2
nakered,3,0,3
nakesha,1,0,1
nakey,5,1,6
nakez,0,1,1
nakhlit,0,1,1
naki,0,1,1
nakid,2,0,2
nakie,3,2,5
nakikinig,0,1,1
nakikita,0,2,2
nakisaki,1,0,1
nakisali,0,1,1
nakita,4,5,9
nakitas,0,1,1
nakizm,0,2,2
nakk,0,1,1
nakki,0,2,2
nako,9,11,20
nakoa,0,1,1
nakon,0,1,1
naks,3,11,14
naksir,1,1,2
naksssssss,1,0,1
naktis,0,1,1
naku,7,7,14
nakuh,0,1,1
nakuha,0,1,1
nakup,0,1,1
nakuru,0,2,2
nakusp,1,0,1
nal,2,1,3
nala,6,6,12
nalahiya,0,1,1
nalam,0,1,1
nalaman,2,1,3
nalang,19,31,50
nalate,1,0,1
nalds,0,1,1
naledge,0,1,1
naleh,1,0,1
nalene,6,0,6
naley,0,1,1
naleys,0,1,1
nalgas,1,0,1
nalgene,1,1,2
nali,2,1,3
nalick,0,1,1
nalila,0,1,1
nalilito,0,1,1
nalimutan,0,1,1
nalina,0,1,1
nall,2,0,2
nalla,3,0,3
nallaine,0,1,1
nallely,3,0,3
nally,2,1,3
naloloka,0,1,1
nalts,1,0,1
nalulumbay,1,0,1
nalulungkot,1,0,1
nalungkot,1,0,1
nam,14,25,39
nama,6,1,7
namaaaannn,1,0,1
namaaan,1,0,1
namaaannnnnn,0,1,1
namakemono,0,1,1
namamaga,1,0,1
naman,146,132,278
namana,1,0,1
namanama,1,0,1
namang,2,2,4
namanhid,1,0,1
namansahan,1,0,1
namany,0,1,1
namanya,2,3,5
namard,1,0,1
namarina,0,1,1
namaskaaram,0,1,1
namaskar,0,7,7
namaskaram,0,1,1
namast,0,1,1
namaste,3,34,37
namay,1,0,1
namaz,1,0,1
nambah,0,2,2
nambers,0,1,1
nambu,48,27,75
nambucca,1,0,1
namco,1,1,2
name,1955,3764,5719
namecard,1,0,1
namecards,0,2,2
namechange,1,0,1
namecheap,8,5,13
named,210,410,620
nameday,0,3,3
namedrop,1,0,1
namedropper,0,2,2
nameds,0,1,1
namee,0,6,6
nameee,0,4,4
nameeeeee,1,0,1
namegrab,1,0,1
namelast,0,1,1
nameless,6,13,19
namely,7,5,12
namen,0,1,1
nameof,0,1,1
namer,1,0,1
namerebecca,1,0,1
names,272,438,710
namesake,4,5,9
namesakes,0,1,1
nameserver,1,0,1
nameservers,1,1,2
namespace,0,1,1
namespaces,1,0,1
namesti,0,1,1
nametag,0,2,2
nametagless,1,0,1
nametags,1,3,4
namethatmovie,1,0,1
namez,0,1,1
namh,1,0,1
nami,0,2,2
namibia,1,3,4
namida,0,1,1
namie,1,0,1
namimiss,0,1,1
namin,11,19,30
namine,1,1,2
naming,29,42,71
namit,1,0,1
namita,0,1,1
namjachingooo,0,1,1
namjachingoooo,0,1,1
namkeen,0,1,1
namkeenlassi,0,1,1
namm,0,1,1
nammed,0,1,1
nammor,1,1,2
namo,1,0,1
namoda,0,1,1
namor,1,0,1
namorado,1,0,1
namove,1,0,1
nampa,3,1,4
nampak,2,0,2
nams,2,0,2
namsayin,1,0,1
namular,1,0,1
namumulok,1,0,1
namwianga,1,0,1
namy,0,1,1
nan,88,73,161
nana,83,102,185
nanaaaa,0,1,1
nanaapple,1,0,1
nanab,0,1,1
nanabanana,0,1,1
nanabin,1,0,1
nanad,1,0,1
nanados,0,1,1
nanagi,0,1,1
nanaimo,1,2,3
nanaka,1,0,1
nanakit,1,0,1
nanako,1,0,1
nanakuli,2,0,2
nanalo,0,1,1
nanaman,10,0,10
nanamang,1,0,1
nanan,1,1,2
nanana,2,5,7
nananana,4,6,10
nanananaaaa,0,1,1
nanananan,0,1,1
nanananana,0,1,1
nananananananana,1,0,1
nanang,0,1,1
nananipupu,0,1,1
nanannananana,0,1,1
nanas,9,6,15
nanay,6,5,11
nanayt,0,1,1
nanayyyyy,1,0,1
nanbargale,1,0,1
nanbarkale,3,0,3
nance,2,3,5
nancep,0,1,1
nanchino,0,1,1
nanci,1,1,2
nancie,1,2,3
nancies,0,1,1
nancing,1,0,1
nancy,51,70,121
nancydee,0,1,1
nancydrewthemes,1,0,1
nancyfan,1,0,1
nancys,3,0,3
nand,2,1,3
nanda,19,0,19
nandee,0,1,1
nandini,1,0,1
nandito,0,3,3
nando,21,20,41
nandoooo,0,1,1
nandoooooosssssssss,0,1,1
nandos,25,19,44
nandps,0,1,1
nandun,1,0,1
nandy,0,2,2
nane,2,1,3
nanednews,1,0,1
nanee,0,1,1
naner,1,0,1
naners,1,0,1
nanette,2,1,3
nang,11,13,24
nangaaway,0,1,1
nangangasim,1,0,1
nanggung,1,0,1
nangis,5,1,6
nangka,0,1,1
nangkep,2,0,2
nangttrip,0,1,1
nangus,0,1,1
nangyari,1,0,1
nanhi,0,1,1
nani,9,15,24
nania,0,1,1
nanie,1,1,2
nanight,5,2,7
nanika,0,1,1
naning,0,1,1
nanisha,1,0,1
nanite,1,0,1
naniz,0,1,1
nanjing,2,0,2
nanking,0,1,1
nanko,0,1,1
nanlalaki,1,0,1
nann,1,1,2
nanna,23,24,47
nannaberry,1,0,1
nannanannaaaaaaaa,0,1,1
nannans,1,0,1
nannas,3,1,4
nannayi,0,1,1
nanncy,1,0,1
nanner,1,0,1
nannette,0,1,1
nannie,3,1,4
nannied,0,1,1
nannies,1,1,2
nannnnners,0,1,1
nanntatte,0,1,1
nanny,78,118,196
nannyand,1,0,1
nannying,3,4,7
nannymaid,0,1,1
nannys,2,2,4
nano,45,39,84
nanoblogging,0,2,2
nanoippbx,0,1,1
nanolithography,0,1,1
nanoloop,1,0,1
nanolove,0,1,1
nanomachines,1,0,1
nanomax,0,1,1
nanonine,1,0,1
nanonood,0,2,2
nanoo,0,1,1
nanood,1,0,1
nanook,0,1,1
nanoparticles,1,0,1
nanopunk,0,1,1
nanos,1,1,2
nanosecond,1,0,1
nanostudio,0,1,1
nanotechnology,0,2,2
nanotube,1,0,1
nanowrimo,1,5,6
nans,17,23,40
nansang,0,2,2
nanswereing,1,0,1
nant,3,0,3
nantasket,0,1,1
nantes,4,2,6
nanti,15,22,37
nanticoke,1,0,1
nantilah,0,1,1
nantucket,4,4,8
nantwich,0,1,1
nanuet,0,1,1
nany,0,1,1
nanya,0,3,3
nanyt,0,1,1
nanyy,0,1,1
nanz,3,1,4
nanzurezuta,1,0,1
nao,70,53,123
naoconsigo,1,0,1
naoi,1,0,1
naoise,0,2,2
naoki,1,2,3
naoko,3,2,5
naomi,16,34,50
naomie,1,0,1
naomily,0,1,1
naominaominaominaominaomi,0,1,1
naomis,3,0,3
naon,1,0,1
naooo,2,2,4
naoooo,0,1,1
naoooooooooo,1,0,1
naopak,1,0,1
naori,0,1,1
naos,1,0,1
naose,0,1,1
naoughw,0,1,1
naoussa,0,1,1
naoverwhelm,1,0,1
naow,6,4,10
naowww,1,0,1
naowwww,1,0,1
naozzzz,1,0,1
nap,1924,1527,3451
napa,25,38,63
napabayaan,1,0,1
napaftrr,1,0,1
napagastos,1,0,1
napagod,0,1,1
napaka,1,0,1
napakinggan,0,1,1
napali,0,1,1
napalm,0,3,3
napanod,0,1,1
napanood,1,5,6
napapanuod,1,0,1
napavino,0,1,1
nape,8,2,10
napenee,0,1,1
naperfectworld,1,0,1
napertweetup,2,0,2
naperville,8,7,15
napfa,1,1,2
napfail,1,0,1
napfest,1,0,1
napier,4,1,5
napin,1,0,1
naping,1,0,1
napings,1,0,1
napipikon,1,0,1
napipilitan,1,0,1
napis,0,1,1
napisan,1,2,3
napisao,1,0,1
napkin,8,10,18
napkins,2,6,8
naplan,9,7,16
naples,11,15,26
napless,1,0,1
naplex,1,0,1
naplo,0,1,1
napnap,0,1,1
napoconf,0,1,1
napolean,1,3,4
napoleon,12,14,26
napoleonic,1,1,2
napoleons,2,0,2
napoli,2,5,7
napolitano,0,1,1
napoly,0,1,1
napon,1,0,1
napostponed,1,0,1
napot,0,1,1
napp,4,16,20
nappa,0,1,1
napped,45,20,65
napper,1,3,4
napperooo,0,1,1
nappers,0,1,1
nappes,0,1,1
nappi,1,1,2
nappie,0,1,1
nappies,6,8,14
nappin,2,3,5
napping,96,123,219
nappingg,0,1,1
nappish,0,1,1
napple,1,0,1
nappointment,1,0,1
nappp,5,1,6
napppinggg,1,0,1
napppp,1,1,2
nappppp,1,0,1
napppptimee,0,1,1
napppyy,0,1,1
napps,0,1,1
nappss,0,1,1
nappy,21,41,62
nappys,0,1,1
nappytabs,0,1,1
napriklad,0,1,1
naprosyn,1,0,1
naproxen,3,0,3
naps,130,127,257
napsal,0,1,1
napsala,0,1,1
napsat,1,0,1
napsc,0,1,1
napski,0,1,1
napskie,1,0,1
napskies,1,0,1
napster,7,8,15
napthaly,0,1,1
naptime,33,29,62
naptown,0,1,1
napud,1,0,1
napuno,0,1,1
naputulan,1,0,1
napz,1,0,1
naq,1,0,1
nar,7,3,10
nara,2,4,6
naraaa,0,1,1
naracoorte,1,0,1
narain,1,0,1
narak,1,0,1
narakicau,0,1,1
naranja,0,1,1
narasus,0,1,1
narating,0,1,1
naravno,1,0,1
narayan,0,1,1
naraz,1,0,1
narb,0,2,2
narbeth,0,1,1
narbik,0,1,1
narch,0,1,1
narci,1,0,1
narcilepsy,1,0,1
narcisistic,0,1,1
narcisse,1,0,1
narcissism,1,4,5
narcissist,1,4,5
narcissistic,3,6,9
narcissists,0,1,1
narcissus,0,2,2
narcist,0,1,1
narco,0,1,1
narcolepsy,3,2,5
narcolexi,0,1,1
narcolpetic,1,0,1
narcoossee,1,0,1
narcosis,1,0,1
narcotic,2,3,5
narcotics,2,2,4
narcs,0,1,1
nard,2,1,3
nardone,0,1,1
nards,0,1,1
nardy,1,0,1
nare,1,2,3
narealize,1,1,2
narenai,0,1,1
narendra,0,1,1
narendratomo,1,0,1
nareplyan,1,0,1
nares,1,0,1
nareul,0,1,1
narf,0,1,1
nargg,1,0,1
nargh,1,0,1
nargis,2,1,3
nari,0,1,1
naria,1,0,1
nariiiig,0,1,1
nariiiiii,1,0,1
narin,0,3,3
narinig,1,0,1
narita,6,4,10
nariz,1,1,2
nark,0,2,2
narked,4,0,4
narks,1,0,1
narky,1,0,1
narl,0,1,1
narled,0,1,1
narly,1,0,1
narm,1,1,2
narn,0,2,2
narnia,20,34,54
narniaaaaaaaaa,0,1,1
narnian,0,1,1
narodiv,0,1,1
narona,0,1,1
narr,0,1,1
narra,0,1,1
narrabundah,1,0,1
narrar,1,0,1
narrate,0,1,1
narrated,1,1,2
narrater,0,1,1
narrating,2,6,8
narration,1,3,4
narrative,6,8,14
narratives,0,1,1
narrator,2,9,11
narrators,0,1,1
narridge,1,0,1
narrow,25,21,46
narrowband,1,0,1
narrowed,7,8,15
narrowing,1,2,3
narrowly,10,1,11
narrowminded,1,0,1
narrows,2,3,5
narrr,0,1,1
narrrowly,0,1,1
narrrrr,0,1,1
narrrrrrrdo,0,1,1
nars,3,7,10
narse,0,1,1
narsisnyaa,1,0,1
narsty,1,0,1
nart,0,1,1
narts,1,0,1
narutaru,0,1,1
naruto,35,45,80
narutoish,0,1,1
narutooooooooooo,0,1,1
narutot,1,0,1
narwhal,0,2,2
narwhale,0,1,1
nary,2,1,3
nas,33,20,53
nasa,38,40,78
nasabi,1,0,1
nasad,0,1,1
nasai,1,3,4
nasak,0,1,1
nasal,19,9,28
nasalihan,0,1,1
nasaly,1,0,1
nasan,1,0,1
nasap,1,0,1
nasarel,1,0,1
nasas,0,1,1
nasaspinoffs,1,0,1
nasatv,1,1,2
nasave,0,1,1
nasayang,1,0,1
nasba,1,0,1
nascar,90,98,188
nascaronfox,1,0,1
nascarracingfan,1,0,1
nascarsays,1,0,1
nascen,1,0,1
naschmarkt,1,0,1
nascuta,0,1,1
nasdaq,0,2,2
naseated,1,0,1
naseau,3,0,3
naseaus,0,1,1
naseb,1,0,1
naseeb,0,1,1
naseerudin,0,1,1
nasel,1,1,2
naseous,4,0,4
naser,1,0,1
nash,31,19,50
nasha,2,1,3
nashaun,1,0,1
nashboro,1,0,1
nashe,0,1,1
nasher,0,1,1
nashhh,0,1,1
nashhhvegas,0,1,1
nashiesss,1,0,1
nashille,0,1,1
nashmeg,1,0,1
nashnash,1,0,1
nashod,1,0,1
nashon,0,1,1
nashtmusik,0,1,1
nashua,3,4,7
nashvegas,4,5,9
nashvile,2,1,3
nashville,168,157,325
nashvillehype,1,0,1
nashvilles,1,0,1
nashvillians,0,1,1
nashvillie,0,1,1
nashwad,1,0,1
nashy,2,0,2
nasi,21,16,37
nasia,0,1,1
nasib,8,0,8
nasig,0,1,1
nasihah,0,1,1
nasik,3,0,3
nasillarde,0,1,1
nasilsin,0,1,1
nasim,0,1,1
nasime,2,0,2
nasional,0,1,1
nasir,1,1,2
nasira,3,0,3
nasism,0,1,1
naskah,1,0,1
naslund,1,3,4
naso,1,0,1
nasobrahan,1,0,1
nasol,0,1,1
nasonex,1,1,2
nasosobrahan,1,0,1
naspa,0,2,2
nasr,2,0,2
nasrul,0,1,1
nass,1,2,3
nassai,0,1,1
nassau,8,11,19
nasser,1,2,3
nassim,0,1,1
nassir,0,1,1
nasssiffff,0,1,1
nassssshville,0,1,1
nassssty,0,1,1
nast,2,2,4
nastaha,0,1,1
nastala,0,1,1
nastarrr,0,1,1
nastassia,1,0,1
nastaven,1,0,1
nastay,0,2,2
nastayy,1,0,1
nastey,0,1,1
nasti,1,0,1
nastia,2,6,8
nastier,0,1,1
nastierfilmtitles,1,0,1
nasties,1,2,3
nastiesssss,0,1,1
nastiest,10,1,11
nastily,0,1,1
nastiness,8,3,11
nastly,0,1,1
nastnova,0,1,1
nastola,0,1,1
nastradamas,1,0,1
nasttyyyy,1,0,1
nastupa,0,1,1
nasturiums,0,1,1
nasturtium,0,1,1
nasturtiums,1,2,3
nasty,730,200,930
nastyearinfections,1,0,1
nastyest,0,1,1
nastygrams,0,1,1
nastyjuice,1,0,1
nastys,0,1,1
nastyy,0,1,1
nastyyy,3,0,3
nastyyyy,1,0,1
nastyyyyyyyyy,1,0,1
nastyyyyyyyyyy,1,0,1
nasuea,1,0,1
naswh,1,0,1
nasy,3,0,3
nasyid,0,2,2
nat,115,114,229
nata,1,7,8
natakpan,0,1,1
natal,30,116,146
natalee,3,1,4
natali,2,1,3
natalia,9,14,23
nataliafabia,0,1,1
nataliaflewell,1,0,1
natalias,0,1,1
natalie,74,119,193
nataliebasingthwaite,1,0,1
nataliee,1,0,1
natalieee,0,1,1
natalieeee,1,3,4
natalieeeeee,0,1,1
natalielane,1,0,1
natalies,8,4,12
nataliesss,0,1,1
nataliethomson,1,0,1
nataliiee,1,0,1
natalina,0,1,1
natals,1,0,1
nataly,1,0,1
natalya,2,2,4
natalyn,0,1,1
natalyy,0,1,1
natan,1,0,1
natandum,0,1,1
natapos,0,2,2
natarajan,1,1,2
natarurous,0,1,1
natasa,1,0,1
natascha,1,2,3
natasha,29,36,65
natashatakia,1,0,1
natasja,0,2,2
natatakot,1,0,1
natatawa,1,2,3
natatorium,1,0,1
natawa,1,1,2
natay,0,1,1
nataya,1,0,1
natbat,1,0,1
natbite,1,0,1
natbutt,0,1,1
natch,1,13,14
natchez,1,0,1
natchitoches,1,1,2
natcon,0,1,1
nate,94,90,184
nateara,1,0,1
nateb,0,1,1
nated,0,1,1
natedog,0,2,2
nateee,0,1,1
naten,2,3,5
nates,4,3,7
natestick,0,1,1
natetext,1,0,1
natey,2,0,2
nateypoo,1,0,1
natgeo,3,0,3
nath,8,2,10
natha,1,0,1
nathalia,1,0,1
nathalie,2,7,9
nathaly,0,3,3
nathan,90,115,205
nathanael,0,1,1
nathanfillion,0,2,2
nathang,0,2,2
nathaniaaa,0,1,1
nathanial,1,0,1
nathanieeeel,1,0,1
nathaniel,4,10,14
nathanmarquardt,0,1,1
nathann,0,1,1
nathans,0,4,4
nathanson,7,17,24
nathasha,0,2,2
nathaton,1,0,1
nathen,1,0,1
nathia,0,1,1
nathian,0,1,1
nathing,1,0,1
nathion,2,0,2
natho,1,1,2
naths,1,0,1
nathsar,1,0,1
nathy,2,1,3
nati,5,3,8
natick,0,1,1
natie,4,1,5
natin,6,9,15
natina,0,1,1
nating,0,1,1
natiolity,0,1,1
nation,95,122,217
national,263,432,695
nationalcancersurvivorday,0,1,1
nationalday,0,7,7
nationaldonut,0,1,1
nationaldoughnutday,0,1,1
nationalhealthyfoodday,0,1,1
nationalised,1,0,1
nationalism,4,1,5
nationalist,2,0,2
nationalistic,1,0,1
nationalists,0,1,1
nationalities,1,2,3
nationality,3,6,9
nationalize,3,0,3
nationalized,2,0,2
nationalizing,0,1,1
nationally,2,8,10
nationalrailfail,0,1,1
nationals,45,21,66
nationalteaparty,1,2,3
nationism,1,0,1
nationl,0,1,1
nationls,1,0,1
nationofidiots,1,0,1
nations,13,21,34
nationstates,0,1,1
nationwide,9,14,23
natira,2,0,2
native,49,70,119
nativebella,0,1,1
nativejam,1,0,1
natively,5,1,6
nativeness,0,1,1
natives,4,3,7
nativespeaker,1,0,1
natl,6,4,10
natm,4,6,10
natnat,0,1,1
natneagle,0,1,1
nato,2,1,3
natohing,1,0,1
natomas,0,2,2
nator,1,1,2
natreasure,1,0,1
natrly,1,0,1
natron,0,1,1
natrually,1,0,1
nats,24,19,43
natsca,0,1,1
natsci,1,0,1
natsir,1,0,1
natsmith,1,0,1
natsoe,1,0,1
natstown,0,1,1
natsukawa,0,1,1
natsuki,0,1,1
natsulion,1,0,1
natsume,1,1,2
natt,1,6,7
natte,0,1,1
natted,0,1,1
natter,0,10,10
nattered,0,2,2
nattering,3,0,3
natterings,0,1,1
natthiiiiiiiiiiiiiiiiiiiiiiiiiiiiiiiiiiiiiiiiii,0,1,1
natti,0,1,1
nattie,2,2,4
nattier,1,0,1
natties,1,0,1
nattitude,0,1,1
natto,0,5,5
nattoh,0,1,1
nattou,0,1,1
nattt,1,1,2
natttthhhhyyyyy,0,1,1
nattttt,0,1,1
nattu,1,0,1
natty,8,3,11
natual,0,1,1
natuerlich,0,1,1
natulog,1,0,1
natuloy,2,1,3
natums,0,1,1
natunawan,0,1,1
natunog,1,0,1
natupad,0,1,1
natur,0,1,1
natura,1,1,2
naturaaaaal,0,1,1
natural,134,264,398
naturalborngamers,1,0,1
naturalbornshopper,0,1,1
naturale,1,2,3
naturalization,1,0,1
naturalle,1,0,1
naturally,68,105,173
naturallyspeaking,0,1,1
naturalnaps,0,1,1
naturalness,0,1,1
naturals,3,2,5
naturaly,0,3,3
nature,176,271,447
natured,0,1,1
naturel,0,2,2
naturenet,1,0,1
natureone,1,0,1
natures,4,5,9
naturi,1,0,1
naturing,0,1,1
naturo,0,1,1
naturopath,1,0,1
naturrallll,1,0,1
natutong,0,1,1
natuurlijk,1,0,1
natuurshizzl,1,0,1
natuwa,1,0,1
natwest,2,1,3
naty,1,4,5
natychat,1,0,1
natywrites,1,0,1
natz,1,0,1
natzi,3,3,6
natzy,1,0,1
nau,6,3,9
naubos,2,0,2
naubusan,1,1,2
nauceous,2,0,2
naucious,2,0,2
naucit,1,0,1
naudu,1,0,1
naught,11,0,11
naughthy,0,1,1
naughtier,0,2,2
naughties,0,3,3
naughtiest,1,0,1
naughtiness,1,5,6
naughton,1,1,2
naughty,136,176,312
naughtyamerican,0,1,1
naughtyness,1,0,1
naughtys,1,0,1
naughtyyyy,1,0,1
naughy,0,1,1
naugle,1,0,1
naugthy,0,1,1
naugy,2,0,2
naujo,0,1,1
naukri,1,0,1
naukris,0,1,1
naulitus,1,0,1
naum,1,0,1
naumi,0,1,1
naumpisahan,1,0,1
naunahan,1,1,2
naupte,1,0,1
nausa,1,0,1
nausated,1,0,1
nausaus,1,0,1
nauscious,3,1,4
nausea,97,11,108
nauseaous,3,0,3
nauseas,17,0,17
nauseated,33,5,38
nauseating,4,0,4
nauseatingly,1,2,3
nauseaus,2,0,2
nauseous,143,12,155
nauseum,0,1,1
nauseus,3,0,3
nausia,2,0,2
nausiated,2,0,2
nausicaa,2,2,4
nausious,5,0,5
nausous,0,1,1
naut,1,1,2
nautic,1,0,1
nautical,3,12,15
nautico,0,1,1
nautinkotbkitty,0,1,1
nautious,11,0,11
nautique,1,0,1
nauty,0,1,1
nauw,0,1,1
nauwe,1,0,1
nauy,1,0,1
nauzzzz,1,0,1
nav,29,21,50
nava,0,2,2
navajo,2,3,5
naval,10,11,21
navan,1,0,1
navarre,1,1,2
navarrete,0,2,2
navarrez,0,1,1
navarro,2,8,10
navas,2,0,2
navasita,0,1,1
navatha,0,1,1
navbar,1,2,3
navca,0,1,1
nave,1,0,1
naved,1,0,1
navegant,0,1,1
navel,7,0,7
navels,0,1,1
naves,0,1,1
navi,4,3,7
navic,1,1,2
navicis,0,1,1
navid,2,0,2
navids,0,1,1
navig,0,1,1
navigasi,1,0,1
navigate,12,15,27
navigated,1,1,2
navigates,0,2,2
navigating,4,5,9
navigation,18,13,31
navigational,0,1,1
navigator,7,7,14
navigators,0,1,1
navigosaure,0,1,1
navijam,0,1,1
navin,1,0,1
navionics,1,0,1
navivids,0,1,1
navjot,1,0,1
navlog,0,1,1
navrhnout,1,0,1
navy,80,75,155
navyblue,0,1,1
navyboyy,0,1,1
navys,2,0,2
naw,220,173,393
nawa,1,0,1
nawaal,1,0,1
nawahh,1,0,1
nawal,1,0,1
nawala,4,0,4
nawalan,3,0,3
nawesome,1,0,1
nawf,0,1,1
nawh,6,9,15
nawhh,3,2,5
nawi,1,0,1
nawimsayyn,1,0,1
nawl,2,0,2
nawlins,1,0,1
nawong,2,0,2
nawr,0,1,1
naws,1,1,2
nawt,20,1,21
nawtt,0,1,1
nawttt,1,0,1
nawtyy,1,0,1
naww,50,47,97
nawwahh,1,0,1
nawwh,1,1,2
nawws,3,1,4
nawwt,1,0,1
nawww,12,12,24
nawwws,2,1,3
nawwww,4,4,8
nawwwww,1,0,1
nawy,1,1,2
nax,0,1,1
naxir,1,0,1
naxos,0,3,3
naxt,1,0,1
naxx,11,5,16
naxxramas,1,0,1
nay,58,45,103
naya,1,1,2
nayab,0,3,3
nayan,0,2,2
nayaraperone,0,1,1
nayasty,1,0,1
naybur,0,1,1
nayd,0,2,2
naydeth,0,1,1
naye,3,0,3
nayedene,1,0,1
nayee,0,1,1
nayeli,1,0,1
nayem,1,0,1
nayeri,0,1,1
nayhomie,0,1,1
nayi,0,2,2
nayice,0,1,1
nayiris,1,0,1
nayla,1,0,1
naylor,1,0,1
naymore,0,1,1
nayn,0,1,1
naynay,1,3,4
nayoan,0,1,1
nays,2,0,2
naysayer,1,1,2
naysayers,1,4,5
nayt,0,1,1
naytchoorist,1,0,1
naything,0,1,1
nayy,2,0,2
nayyy,1,0,1
nayz,0,1,1
naz,4,7,11
naza,1,0,1
nazal,1,0,1
nazar,1,0,1
nazarene,1,0,1
nazareth,3,2,5
nazdear,0,1,1
naze,1,1,2
nazeera,1,0,1
nazgul,1,0,1
nazh,0,2,2
nazi,37,23,60
naziah,0,1,1
nazid,0,1,1
naziness,0,1,1
nazir,0,1,1
nazis,9,5,14
nazism,1,1,2
nazli,1,0,1
nazmin,1,0,1
nazvala,0,1,1
nazvat,0,1,1
nazzy,0,2,2
nb,21,23,44
nba,210,222,432
nbadeck,2,3,5
nbadraft,1,0,1
nbafinals,2,1,3
nbaplayoffs,2,0,2
nbasa,1,0,1
nbatv,2,1,3
nbatvmelanie,0,1,1
nbawithdrawl,1,0,1
nbb,2,1,3
nbbno,0,1,1
nbc,123,103,226
nbcb,1,0,1
nbcnc,0,1,1
nbcnews,1,0,1
nbd,6,5,11
nbe,1,0,1
nbeem,0,1,1
nbetween,1,0,1
nbg,0,1,1
nbh,1,0,1
nbhd,1,0,1
nbi,1,0,1
nbkinesiology,1,0,1
nbl,1,1,2
nbn,3,2,5
nbox,0,1,1
nbr,1,1,2
nbree,0,1,1
nbrs,0,1,1
nbs,3,3,6
nbt,3,1,4
nbtwn,1,0,1
nbumber,1,0,1
nbury,0,1,1
nbw,1,0,1
nc,209,164,373
nca,2,0,2
ncaa,17,13,30
ncaab,1,0,1
ncae,1,0,1
ncar,0,1,1
ncarb,1,0,1
ncavp,1,0,1
ncbs,0,1,1
ncc,1,2,3
nccaa,0,1,1
ncces,0,1,1
nccf,3,0,3
ncd,0,1,1
ncdc,0,1,1
ncdcc,0,1,1
nce,6,8,14
ncea,1,0,1
ncelx,0,1,1
ncers,0,1,1
ncert,0,2,2
nces,0,2,2
ncesi,0,1,1
ncfc,2,1,3
ncfca,0,1,1
ncfe,1,0,1
nch,0,2,2
ncheese,0,2,2
nchen,2,0,2
nchez,0,1,1
nchid,1,0,1
nci,1,1,2
ncia,0,3,3
ncias,0,1,1
ncie,0,2,2
ncis,40,85,125
ncitooo,0,1,1
ncix,1,0,1
ncj,0,1,1
ncl,2,0,2
nclc,0,1,1
nclex,10,2,12
nclovin,0,1,1
ncltweetup,1,0,1
ncn,1,0,1
ncnss,1,0,1
nco,1,0,1
ncoloradouniversity,0,1,1
nconvince,1,0,1
ncot,1,0,1
ncp,1,0,1
ncq,0,1,1
ncr,6,3,9
ncruz,0,1,1
ncs,1,2,3
ncsa,0,1,1
ncsc,1,0,1
ncsi,0,1,1
ncsoft,1,1,2
ncssm,0,1,1
ncsu,0,1,1
nct,2,1,3
ncumisa,0,1,1
ncurses,0,1,1
ncus,0,1,1
ncvpxrd,0,1,1
ncvs,1,0,1
ncwx,1,0,1
ncy,0,1,1
ncyls,0,1,1
nczonline,0,1,1
nd,1720,1573,3293
nda,20,17,37
ndaaa,0,1,1
ndaba,1,0,1
ndag,1,0,1
ndagsparty,0,3,3
ndah,1,1,2
ndak,4,0,4
ndakota,1,0,1
ndary,2,2,4
ndas,0,2,2
ndate,0,1,1
nday,2,1,3
ndayo,0,1,1
ndby,1,1,2
ndc,6,9,15
ndd,2,1,3
ndds,2,0,2
nde,7,3,10
ndee,0,1,1
ndefinitehmms,0,1,1
ndeg,0,1,1
ndeh,1,0,1
ndel,0,1,1
nden,0,1,1
nder,1,0,1
nderful,0,1,1
nderin,0,1,1
nderstanding,1,1,2
ndert,0,1,1
ndesk,1,0,1
ndeso,1,0,1
ndez,0,1,1
ndgm,1,0,1
ndhand,1,0,1
ndi,9,2,11
ndia,0,1,1
ndigt,0,1,1
ndihluthi,1,0,1
ndim,0,1,1
nding,1,0,1
ndinn,1,0,1
ndiswrapper,1,1,2
ndit,2,0,2
ndizhnikaaz,0,1,1
ndl,1,0,1
ndle,0,1,1
ndliche,1,0,1
ndly,1,0,1
ndn,1,1,2
ndnewman,0,1,1
ndo,1,0,1
ndodem,0,1,1
ndog,1,0,1
ndogo,0,1,1
ndola,1,0,1
ndoles,1,0,1
ndome,0,2,2
ndonjabaa,0,1,1
ndp,9,5,14
ndqrc,0,1,1
ndra,0,1,1
ndraa,0,1,1
ndrc,0,1,1
ndreams,0,4,4
ndriinn,1,0,1
ndro,0,1,1
nds,18,9,27
ndslite,1,1,2
ndt,1,0,1
ndtv,2,3,5
ndubz,2,4,6
ndugu,0,2,2
ndul,0,1,1
ndun,0,1,1
ndutu,1,0,1
nduty,0,2,2
nduuuun,0,1,1
nduy,1,0,1
ndy,1,0,1
ne,272,251,523
nea,9,6,15
neaaaans,1,0,1
neaaaarly,0,1,1
neaaarr,1,0,1
neaar,1,1,2
neaby,1,0,1
neack,1,0,1
nead,1,0,1
neaf,1,1,2
neagative,0,1,1
neagra,1,0,1
neagtive,0,1,1
neah,0,3,3
neal,35,22,57
neale,1,0,1
neall,0,1,1
neally,3,0,3
nealon,1,2,3
nealry,2,0,2
neals,2,0,2
nealstache,1,0,1
nealy,2,2,4
neamed,0,1,1
neamicaela,1,0,1
nean,0,7,7
neanche,1,0,1
neanderthal,1,1,2
neant,1,0,1
neaopolotain,0,1,1
neapolitan,0,1,1
near,1263,829,2092
neara,1,0,1
nearby,92,62,154
neard,1,0,1
neardathon,0,1,1
neared,1,0,1
nearer,18,13,31
nearest,86,35,121
nearing,28,18,46
nearish,2,1,3
nearllllly,1,0,1
nearlly,5,4,9
nearly,971,730,1701
nearlyy,1,0,1
nearlyyy,0,1,1
nearning,0,1,1
nears,5,3,8
nearsighted,1,0,1
nearsightedness,1,0,1
neary,1,1,2
neaseated,1,0,1
neasta,0,1,1
neat,66,231,297
neata,0,5,5
neaten,0,2,2
neater,1,3,4
neatest,0,1,1
neatfreak,1,0,1
neath,0,2,2
neather,1,0,1
neatly,3,7,10
neatness,0,1,1
neato,5,10,15
neatto,0,1,1
neattt,0,1,1
neatville,0,1,1
neatworks,0,1,1
neatza,1,2,3
neauseus,1,0,1
neautiful,0,1,1
neave,0,1,1
neb,5,0,5
neball,0,1,1
nebaud,1,0,1
nebbiolo,0,2,2
nebe,0,1,1
neber,2,0,2
nebo,3,4,7
nebody,2,2,4
neboj,0,1,1
nebr,1,0,1
nebrask,1,0,1
nebraska,20,31,51
nebraskea,1,0,1
nebs,0,2,2
nebuchadnezzar,0,1,1
nebukadnezza,1,0,1
nebula,0,1,1
nebuliser,1,0,1
nebulize,1,0,1
nebulizer,4,0,4
nebulizing,1,0,1
nebulousness,0,1,1
nebuna,1,0,1
nebunia,0,1,1
nebunie,0,1,1
nebz,0,1,1
nec,6,7,13
neca,2,0,2
necassary,0,1,1
necc,9,3,12
neccassary,0,1,1
neccesary,0,3,3
neccessary,7,3,10
neccessities,0,1,1
neccessity,0,1,1
neccesssary,0,1,1
neccisary,0,1,1
necco,0,1,1
neccy,1,0,1
nece,1,1,2
nececito,1,0,1
neceesary,1,0,1
necesary,1,2,3
necesitas,1,0,1
necesities,0,1,1
necesito,8,1,9
necesitoo,1,0,1
necesity,1,0,1
necess,0,1,1
necessairily,0,1,1
necessarely,0,1,1
necessariliy,1,0,1
necessarilly,0,1,1
necessarily,16,57,73
necessary,106,137,243
necessaryy,1,0,1
necessaties,0,1,1
necessitated,1,0,1
necessitates,1,1,2
necessities,3,7,10
necessito,3,1,4
necessity,14,16,30
necgt,1,0,1
nech,1,1,2
nechce,2,0,2
nechceme,0,1,1
neches,0,1,1
neci,1,0,1
necie,2,0,2
necim,0,1,1
necio,0,1,1
necipoglu,1,0,1
necitite,0,1,1
neck,982,234,1216
neckache,6,0,6
neckalace,0,1,1
neckbeard,1,0,1
neckbones,0,1,1
necked,0,1,1
neckelodeon,0,1,1
necker,0,6,6
neckk,1,0,1
neckkk,1,0,1
necklace,143,153,296
necklaces,11,25,36
neckles,0,1,1
neckline,2,1,3
necklush,0,1,1
necko,1,0,1
neckrub,1,0,1
necks,18,12,30
necktie,0,4,4
neckwear,0,1,1
neckwears,0,1,1
necl,1,0,1
neclace,1,0,1
neco,0,1,1
necole,3,3,6
necolebitchie,0,1,1
necrogenesis,0,1,1
necromancer,1,0,1
necrons,0,1,1
necrophagist,1,1,2
necrophile,2,0,2
necrophobia,0,1,1
necropsy,0,1,1
necros,1,0,1
necroscope,0,1,1
necrotizing,1,0,1
necroville,0,1,1
necrovision,0,1,1
necs,1,0,1
necsie,1,0,1
nect,3,2,5
nectar,6,25,31
nectarine,4,1,5
nectarines,1,2,3
nectec,1,0,1
nectie,0,1,1
necto,2,0,2
ned,40,37,77
neda,97,0,97
nedaji,1,0,1
nedar,0,1,1
nedas,1,0,1
nedbank,0,1,1
nedd,6,5,11
nedda,1,1,2
neddings,1,0,1
neddles,1,0,1
nedds,1,0,1
neddy,0,1,1
nede,1,0,1
neded,0,1,1
neden,1,0,1
neder,0,1,1
nederland,0,3,3
nederlanden,1,0,1
nederlander,1,0,1
nederlands,1,3,4
nedfail,1,0,1
nedi,1,1,2
nedlands,1,0,1
nedle,1,0,1
nedles,1,0,1
nedo,1,0,1
nedoru,1,0,1
nedosel,1,0,1
nedostatku,0,1,1
nedra,0,1,1
nedreptate,1,0,1
neds,6,4,10
neduh,0,1,1
nedumaran,1,0,1
nedved,4,0,4
nee,26,22,48
neebo,0,1,1
neecd,0,1,1
neece,1,1,2
neecee,1,0,1
neecie,1,0,1
neeco,0,1,1
neecy,1,0,1
need,22313,13673,35986
needa,118,78,196
needahh,1,0,1
needd,1,2,3
needda,1,0,1
needdd,1,1,2
needddd,2,0,2
needddds,1,0,1
needds,0,1,1
neede,1,3,4
needed,900,1330,2230
neededthat,1,0,1
needen,0,2,2
needeth,1,0,1
needfollowers,2,0,2
needfolowers,2,0,2
needfornewmoon,0,1,1
needfriends,1,0,1
needful,0,3,3
needin,6,3,9
neediness,1,0,1
needing,159,101,260
needinghim,1,0,1
needis,0,1,1
needle,108,41,149
needlearts,0,1,1
needlecase,0,1,1
needled,1,1,2
needlepoint,0,1,1
needler,0,2,2
needles,152,26,178
needless,31,25,56
needlessly,1,1,2
needley,1,0,1
needmor,0,1,1
needn,1,7,8
needof,1,0,1
needs,3151,1805,4956
needsa,1,1,2
needsatrimbeforethen,1,0,1
needsss,1,0,1
needta,0,3,3
needto,5,0,5
needtobreathe,0,1,1
needtorevisemoreneedtorevisemoreneedtorevisemoreneedtorevisemoreneedtorevisemoreneedtorevisemoreneedtorevisemore,1,0,1
needv,1,0,1
needva,1,0,1
needxs,0,1,1
needy,37,18,55
needz,17,10,27
neee,1,4,5
neeed,54,27,81
neeeda,2,2,4
neeedaa,0,1,1
neeedas,1,0,1
neeedd,1,0,1
neeeddd,1,1,2
neeeddddd,0,1,1
neeedddddd,1,0,1
neeeddddddddd,1,0,1
neeeddds,1,0,1
neeeded,0,2,2
neeeden,0,1,1
neeeds,6,3,9
neeedss,1,0,1
neeee,2,3,5
neeeeah,1,0,1
neeeed,35,15,50
neeeeda,0,1,1
neeeedddd,1,0,1
neeeeddsss,1,0,1
neeeeds,5,3,8
neeeeed,24,9,33
neeeeedddd,1,0,1
neeeeeds,3,0,3
neeeeedyouuuuuuu,1,0,1
neeeeeed,29,5,34
neeeeeeed,8,2,10
neeeeeeeddd,0,1,1
neeeeeeeds,2,0,2
neeeeeeeed,5,4,9
neeeeeeeeded,1,0,1
neeeeeeeeds,1,0,1
neeeeeeeeed,0,1,1
neeeeeeeeeddd,1,0,1
neeeeeeeeeed,3,0,3
neeeeeeeeeeed,1,2,3
neeeeeeeeeeeed,0,1,1
neeeeeeeeeeeeding,1,0,1
neeeeeeeeeeeeeed,0,1,1
neeeeeeeeeeeeeeed,2,0,2
neeeeeeeeeeeeeeeeeeed,1,0,1
neeeeeeeeeeeeeeeeeeeeeeeeeeed,1,0,1
neeeeeeeeeeeeeeeeeeeeeeeew,0,1,1
neeeeeeeeeeeeeeeeeeeeneeeeeeeeeeeneeeeeeeeee,1,0,1
neeeeeeeeeiiiiiiiiiinnnnnnn,1,0,1
neeeeeeeeext,0,1,1
neeeeeeeem,1,0,1
neeeeeeever,1,0,1
neeeeeever,2,0,2
neeeeeew,0,1,1
neeeeein,1,0,1
neeeeerd,0,1,1
neeeeew,0,1,1
neeeega,0,1,1
neeeeh,0,1,1
neeeeked,1,0,1
neeeem,1,0,1
neeeennaaa,0,1,1
neeeever,2,1,3
neeeew,1,2,3
neeein,1,0,1
neeeither,1,0,1
neeeky,1,0,1
neeerd,1,1,2
neeerrddd,0,1,1
neeever,1,0,1
neeew,1,3,4
neeewwss,1,0,1
neeexxt,1,0,1
neeexxtt,0,1,1
neef,2,2,4
neeg,1,0,1
neega,1,0,1
neegus,1,0,1
neeh,0,1,1
neeha,1,0,1
neei,1,0,1
neek,1,2,3
neeko,1,0,1
neekoid,0,1,1
neekqua,0,1,1
neeks,0,1,1
neeksist,1,0,1
neel,1,0,1
neelam,1,3,4
neelesh,1,0,1
neelix,4,2,6
neely,0,2,2
neelyyyy,1,0,1
neem,2,0,2
neema,1,0,1
neemah,1,0,1
neen,3,0,3
neena,1,3,4
neenahhhbabe,3,4,7
neend,2,0,2
neenee,2,0,2
neener,0,3,3
neenerneener,0,1,1
neens,1,0,1
neent,0,1,1
neenz,0,3,3
neep,2,1,3
neeps,0,1,1
neer,1,2,3
neerav,0,1,1
neerd,1,0,1
neeree,1,0,1
neerrrvvoousss,0,1,1
nees,2,1,3
neesa,1,1,2
neesey,0,2,2
neesha,1,0,1
neesi,0,1,1
neesom,1,0,1
neeson,7,4,11
neesy,1,1,2
neet,3,6,9
neetball,0,1,1
neethaane,0,1,1
neethi,0,1,1
neetre,1,0,1
neev,1,0,1
neever,3,1,4
neevr,1,0,1
neevvvvaaa,1,0,1
neew,0,5,5
neewbie,0,1,1
neews,0,1,1
neewwww,0,1,1
neex,0,1,1
neext,1,0,1
neeze,0,1,1
neezy,0,1,1
nef,1,1,2
nefaina,1,0,1
nefarious,1,2,3
nefc,0,1,1
nefertiti,0,2,2
nefesh,0,1,1
nefew,2,2,4
nefews,1,1,2
neff,1,0,1
neffe,0,1,1
neffi,0,1,1
nefing,1,0,1
neflix,1,0,1
nefollowuje,0,1,1
nefore,1,0,1
nefris,0,1,1
nefs,1,1,2
nefudadon,0,1,1
nefuew,1,0,1
nefume,1,0,1
nefunguje,1,0,1
neg,12,6,18
nega,2,0,2
negah,0,1,1
negar,0,1,1
negara,1,1,2
negate,2,7,9
negated,5,0,5
negates,2,0,2
negating,0,1,1
negation,1,1,2
negativ,0,2,2
negative,196,165,361
negativeee,0,1,1
negativefilters,0,1,1
negatively,8,1,9
negatives,13,11,24
negativism,0,1,1
negativity,18,33,51
negativo,1,0,1
negatori,0,1,1
negatory,2,0,2
negde,0,1,1
nege,0,1,1
negelcted,1,0,1
negelected,1,0,1
negelecting,1,0,1
negesin,0,1,1
negghead,0,1,1
neghbour,1,0,1
neghbours,0,1,1
negi,0,1,1
negihime,0,1,1
neginning,1,0,1
negiogations,0,1,1
negishi,0,1,1
negitive,2,0,2
neglect,27,11,38
neglected,158,36,194
neglectful,3,2,5
neglectin,5,1,6
neglecting,104,22,126
neglection,1,0,1
neglects,5,0,5
neglegent,1,0,1
neglegting,1,0,1
negleted,1,0,1
neglig,0,1,1
negligence,5,0,5
negligent,3,0,3
negligible,0,3,3
nego,1,1,2
negotiable,1,4,5
negotiate,10,7,17
negotiated,1,2,3
negotiating,8,8,16
negotiation,4,5,9
negotiations,9,4,13
negotiator,1,2,3
negotiators,0,1,1
negra,2,2,4
negraaa,1,0,1
negreanu,1,2,3
negreneau,1,0,1
negri,1,0,1
negril,3,3,6
negrils,0,1,1
negrinho,0,1,1
negrita,1,1,2
negro,7,14,21
negroach,0,1,1
negroes,1,1,2
negroman,0,1,1
negroooo,1,0,1
negroponte,0,2,2
negros,2,1,3
negs,4,1,5
neh,18,11,29
neha,3,2,5
nehaaa,1,0,1
nehalem,1,2,3
nehat,0,1,1
nehayla,0,1,1
nehemiah,0,2,2
nehhh,0,1,1
nehi,0,3,3
nehj,0,2,2
nehor,0,1,1
nehra,2,0,2
nehs,0,1,1
nehu,0,1,1
nei,1,3,4
neibhours,1,0,1
neice,35,48,83
neicee,0,1,1
neices,3,10,13
neid,1,1,2
neida,0,1,1
neide,1,0,1
neidisch,1,0,1
neiet,0,5,5
neigbor,1,1,2
neigborhood,1,2,3
neigbourhood,1,2,3
neigbours,1,2,3
neighb,0,2,2
neighbhors,1,1,2
neighbood,0,1,1
neighboor,2,1,3
neighboors,2,4,6
neighbor,245,151,396
neighborhood,145,129,274
neighborhoods,5,3,8
neighborhoood,0,1,1
neighborhuddle,0,1,1
neighboring,3,1,4
neighborr,0,1,1
neighbors,239,163,402
neighborsin,1,0,1
neighborsss,0,1,1
neighbour,97,68,165
neighboures,0,1,1
neighbourgoods,0,1,1
neighbourhood,21,30,51
neighbouring,1,0,1
neighbourly,0,1,1
neighbournet,0,1,1
neighbours,179,148,327
neighboursdog,1,0,1
neighbourss,0,2,2
neighbourssssss,0,1,1
neighbous,2,0,2
neighbout,1,0,1
neighbr,1,0,1
neighbrhood,1,0,1
neighbs,0,1,1
neigherbood,1,0,1
neighgbor,1,0,1
neighor,0,1,1
neighors,1,0,1
neighours,0,1,1
neighrborshouse,0,1,1
neighs,0,1,1
neighter,1,0,1
neighting,1,0,1
neihbours,1,0,1
neiiiii,1,0,1
neika,0,1,1
neil,73,125,198
neilas,0,1,1
neildreams,0,1,1
neilhimself,0,1,1
neill,5,6,11
neilllllll,0,1,1
neills,1,4,5
neilmed,0,1,1
neiloh,0,1,1
neils,3,1,4
neilsen,1,0,1
neilson,1,2,3
neiman,2,2,4
neimanmarcus,0,1,1
neimans,3,1,4
nein,8,7,15
neiqhbors,1,0,1
neisd,0,1,1
neisha,0,1,1
neishes,1,0,1
neiter,1,1,2
neith,2,0,2
neitha,0,1,1
neithe,0,1,1
neither,552,268,820
neitherr,1,0,1
neitherrr,1,1,2
neitherrrr,2,1,3
neitherrrrr,1,1,2
nej,2,2,4
nejad,0,1,1
nejake,1,0,1
nejde,2,0,2
neje,0,1,1
nejhor,0,1,1
nejhorsi,0,1,1
nejlep,0,1,1
nejo,2,0,2
nejspis,1,0,1
nejug,0,1,1
nejv,1,1,2
nejvetsi,0,1,1
nek,4,8,12
neka,1,0,1
nekam,1,0,1
nekdo,1,0,1
nekdy,0,1,1
neked,0,2,2
nekem,0,1,1
neki,0,2,2
nekias,1,0,1
nekked,0,3,3
nekkid,9,12,21
nekkkid,1,0,1
nekko,1,0,1
neklace,1,0,1
nekls,1,0,1
neko,11,9,20
nekro,0,1,1
nekta,0,1,1
nekup,0,1,1
nekupoval,0,1,1
nel,5,2,7
nela,2,2,4
nelasu,1,0,1
nelayan,0,1,1
nelba,0,1,1
nele,0,1,1
neleg,0,1,1
nelena,6,3,9
neles,2,0,2
nelfi,0,1,1
nelia,0,2,2
nelibi,0,1,1
neliela,0,1,1
nell,4,5,9
nella,1,0,1
nelle,1,4,5
nellers,1,0,1
nelley,0,1,1
nelli,2,2,4
nellie,3,0,3
nellies,1,0,1
nelllybby,0,1,1
nello,1,0,1
nelly,16,28,44
nellybobs,0,1,1
nellys,2,0,2
nellyspenguins,0,1,1
nellz,1,0,1
nelmano,0,1,1
nelnet,1,0,1
nels,4,0,4
nelsie,0,1,1
nelsinho,1,1,2
nelsito,0,1,1
nelso,0,1,1
nelson,27,38,65
nelsons,3,1,4
nely,2,1,3
nelze,1,0,1
nem,45,14,59
nema,0,1,1
nemacolin,1,0,1
nemaj,1,1,2
nemam,1,3,4
nemame,3,1,4
nemanot,0,1,1
nemazam,1,0,1
nemc,0,1,1
nemdeu,0,1,1
nemecek,0,1,1
nemechek,2,0,2
nemenin,3,1,4
nemes,1,0,1
nemesis,10,9,19
nemeth,0,1,1
nemhain,0,1,1
nemi,2,7,9
nemifahmamaaa,1,0,1
nemikone,1,0,1
nemind,2,0,2
nemishe,1,0,1
nemisheh,1,0,1
nemisis,1,2,3
nemitoonam,1,0,1
nemitounestam,1,0,1
nemizare,1,0,1
nemo,54,83,137
nemohla,0,1,1
nemonemesis,0,18,18
nemonia,1,0,1
nemooo,1,1,2
nemoooooo,0,1,1
nemor,1,0,1
nemore,51,6,57
nemoree,1,0,1
nemoreeee,1,0,1
nemos,1,2,3
nemosss,0,1,1
nemoy,1,2,3
nempel,0,1,1
nemr,3,0,3
nemri,1,0,1
nemski,0,1,1
nemsok,0,1,1
nemu,1,3,4
nemusel,1,0,1
nemuselo,0,1,1
nemusim,1,2,3
nemusis,0,1,1
nemuzu,1,1,2
nemy,0,1,1
nen,2,9,11
nena,3,5,8
nenachi,1,0,1
nenad,2,1,3
nenagh,0,1,1
nenasymone,0,1,1
nende,0,1,1
nendrum,1,0,1
nene,6,10,16
nenea,0,1,1
neneee,0,1,1
neneh,1,0,1
nenek,3,4,7
nenem,1,0,1
nenen,1,0,1
nener,3,0,3
nenesis,1,0,1
nenesita,1,0,1
neng,2,1,3
nengokin,1,0,1
nenhum,0,1,1
neni,0,1,1
nenne,1,0,1
nennes,1,0,1
nennt,0,1,1
nenorocit,1,0,1
nenos,0,1,1
nens,1,0,1
nensy,0,1,1
nenthran,0,1,1
nenu,0,1,1
neo,13,21,34
neobux,1,0,1
neoclassical,0,1,1
neocon,2,10,12
neodymium,0,1,1
neofriends,1,0,1
neogaf,6,2,8
neogeo,1,1,2
neoghbors,0,1,1
neolithic,1,1,2
neologism,0,2,2
neologisms,0,1,1
neomail,1,0,1
neomeze,1,0,1
neomi,0,1,1
neomonia,1,0,1
neon,34,73,107
neonatal,1,0,1
neone,6,3,9
neonhappyemo,2,0,2
neonitic,0,1,1
neons,2,0,2
neoo,1,0,1
neooffice,0,1,1
neoooo,1,0,1
neooooooooo,1,0,1
neopan,1,0,1
neope,0,1,1
neopetless,1,0,1
neopets,16,16,32
neophos,1,0,1
neophyte,1,3,4
neophytes,1,0,1
neopia,1,0,1
neoplasia,1,0,1
neopoints,3,1,4
neopolis,1,0,1
neopolitan,0,2,2
neopontos,0,1,1
neoprene,3,0,3
neopts,1,0,1
neorago,2,1,3
neos,2,0,2
neosho,2,0,2
neosolrkstr,1,0,1
neosoul,0,1,1
neosporin,7,0,7
neosporn,0,1,1
neosteam,0,1,1
neosurge,0,1,1
neotel,3,0,3
neotelsucks,1,0,1
neotokyo,1,0,1
neotric,1,0,1
neots,2,1,3
neov,0,1,1
neow,2,1,3
neowin,0,2,2
neoz,1,0,1
neozep,1,0,1
neoziocon,0,1,1
nep,1,4,5
nepa,5,1,6
nepal,12,10,22
nepalese,0,1,1
nepali,2,1,3
nepalis,0,1,1
nepf,1,0,1
neph,1,2,3
nephalim,0,1,1
nephew,248,344,592
nephewit,1,0,1
nephews,68,67,135
nephewww,0,1,1
nephi,1,0,1
nephie,1,0,1
nephiew,0,1,1
nephrologist,1,0,1
nephrology,1,0,1
nephrotic,1,0,1
nephue,0,1,1
nephw,0,1,1
nephyr,1,0,1
nephz,1,0,1
nepic,0,1,1
nepilniem,0,1,1
neplatit,0,1,1
nepoleon,1,0,1
nepomuze,1,0,1
nepotism,2,3,5
nepsal,0,1,1
nept,0,1,1
neptune,0,7,7
neptunes,2,1,3
neq,0,1,1
neqative,0,1,1
neqw,1,0,1
ner,7,11,18
nerad,0,1,1
nerale,0,1,1
neraly,1,0,1
neram,1,0,1
nerc,0,1,1
nerd,144,348,492
nerdapalooza,1,0,1
nerdason,0,1,1
nerdbots,0,1,1
nerdcore,1,3,4
nerdd,0,2,2
nerdddd,0,1,1
nerded,0,1,1
nerdee,0,1,1
nerdery,0,1,1
nerdfail,1,0,1
nerdfantastyfail,1,0,1
nerdfertiti,0,1,1
nerdfighter,1,5,6
nerdfighters,3,2,5
nerdfriends,1,0,1
nerdgasm,3,2,5
nerdia,1,0,1
nerdier,1,1,2
nerdiest,0,1,1
nerdify,0,1,1
nerdily,0,2,2
nerdiness,0,4,4
nerding,6,6,12
nerdish,0,1,1
nerdism,0,2,2
nerdliness,0,1,1
nerdlings,0,1,1
nerdman,0,1,1
nerdmom,0,1,1
nerdo,0,1,1
nerdom,2,0,2
nerdosaurus,0,1,1
nerdprom,3,3,6
nerdrage,1,2,3
nerds,35,95,130
nerdship,1,0,1
nerdy,38,77,115
nerdygeekish,1,0,1
nerdykidsnames,0,1,1
nerdyy,0,1,1
nerdyyy,0,1,1
nerdz,0,1,1
nere,3,2,5
nereden,0,1,1
nerelco,1,0,1
nerevs,0,1,1
nerf,6,13,19
nerfbag,1,0,1
nerfed,3,0,3
nerfherders,0,1,1
nerfing,1,0,1
nerfs,2,1,3
nerfwars,0,1,1
neri,2,3,5
neriesim,0,1,1
nerimon,1,4,5
nerina,0,1,1
nerinx,0,1,1
nerja,1,0,1
nerly,1,2,3
nerni,0,1,1
nero,8,21,29
nerolac,1,0,1
neros,3,0,3
nerovuitton,0,1,1
nerr,1,1,2
nerrrd,0,1,1
nerrrds,0,1,1
nerrrr,1,0,1
nerrrrd,2,0,2
nerrrrddd,1,0,1
nerrrrrds,0,1,1
nerrrrrrr,0,1,1
nerrrrrves,1,0,1
nerrrrvoussss,1,0,1
nerrrvous,1,0,1
ners,2,1,3
nertz,0,2,2
neruda,0,4,4
nerv,1,1,2
nerva,1,0,1
nerve,117,40,157
nervecast,0,1,1
nerved,1,0,1
nerveee,0,1,1
nerveos,1,0,1
nerveous,1,0,1
nerver,2,1,3
nervermind,1,1,2
nerves,152,75,227
nervess,1,0,1
nervessss,1,0,1
nervesystem,0,1,1
nervewracking,0,2,2
nervez,1,0,1
nervi,0,1,1
nervice,0,1,1
nervio,0,1,1
nerviosa,1,0,1
nervious,2,1,3
nervoooous,0,1,1
nervooous,0,1,1
nervoous,1,0,1
nervos,0,1,1
nervose,1,0,1
nervou,0,1,1
nervourse,1,0,1
nervous,887,476,1363
nervouse,1,1,2
nervousexcitedhappybubblyanxious,1,0,1
nervousism,1,0,1
nervously,3,5,8
nervouslywaiting,0,1,1
nervousness,11,6,17
nervouss,1,1,2
nervousss,3,1,4
nervousssss,2,0,2
nervouuuuuuus,1,0,1
nervs,4,0,4
nervt,2,0,2
nervus,0,1,1
nervuss,1,0,1
nervvoouuss,0,1,1
nervvvvvv,1,0,1
nervy,6,0,6
nerys,0,1,1
nes,11,26,37
nesait,1,0,1
nesan,1,0,1
nesaprot,0,1,1
nesbitt,3,0,3
nesbu,2,0,2
nesby,0,1,1
nescafe,7,4,11
nescafee,0,1,1
nescessary,0,1,1
nescoffee,0,1,1
nescy,1,0,1
nesd,1,0,1
nese,1,1,2
nesfarsit,0,1,1
nesh,2,0,2
nesha,1,1,2
neshaminy,1,0,1
neshastam,0,1,1
neshek,1,0,1
neshiems,0,1,1
neshto,1,0,1
neshtoto,0,1,1
nesingwary,0,2,2
nesiupdate,1,0,1
nesmemories,0,1,1
nesn,4,0,4
nesoldier,0,1,1
nesperas,0,1,1
nespresso,1,12,13
nespressos,1,0,1
nesquick,2,3,5
nesquik,5,14,19
nesriin,1,0,1
ness,104,142,246
nessa,17,26,43
nessaaaaaaaa,0,1,1
nessary,0,1,1
nessas,2,2,4
nesscaf,1,0,1
nesse,5,1,6
nessecary,1,0,1
nesser,0,1,1
nessie,19,20,39
nessieeeeeee,0,1,1
nessingwary,1,0,1
nesspresso,0,1,1
nessss,0,1,1
nessun,0,2,2
nessy,5,4,9
nessyyy,1,0,1
nest,136,56,192
nesta,0,3,3
nestace,0,1,1
nestam,1,0,1
neste,1,1,2
nestea,1,3,4
nested,7,7,14
nesten,0,1,1
nester,3,1,4
nestich,1,0,1
nesting,14,15,29
nestle,17,10,27
nestled,1,1,2
nestling,1,1,2
nestly,1,0,1
nesto,1,0,1
nestor,5,0,5
nestos,1,0,1
nests,5,3,8
nesttt,0,1,1
nestum,0,1,1
nesyaaa,0,1,1
nesz,1,2,3
net,690,528,1218
neta,2,3,5
netaful,1,0,1
netal,0,1,1
netanyahu,0,5,5
netapp,3,2,5
netas,0,1,1
netaxs,1,0,1
netbal,2,1,3
netball,100,55,155
netbank,0,1,1
netbanking,2,0,2
netbarrier,0,1,1
netbbook,1,0,1
netbean,0,1,1
netbeans,12,10,22
netbk,1,0,1
netbook,100,106,206
netbooks,12,12,24
netboot,1,0,1
netbsd,3,0,3
netc,1,0,1
netcast,1,1,2
netcf,0,1,1
netchange,1,0,1
netco,1,0,1
netdrive,1,0,1
nete,0,1,1
netem,0,1,1
neteration,0,1,1
netfailz,1,0,1
netfilx,1,0,1
netfix,0,1,1
netflicks,0,3,3
netflix,129,109,238
netflixed,1,1,2
netflixing,1,1,2
netflixplug,0,1,1
netfree,1,0,1
netfund,1,0,1
netfundamentals,0,1,1
netgaming,1,0,1
netgear,8,5,13
netgen,0,1,1
netguide,0,1,1
nethack,3,1,4
nether,4,3,7
netherdrake,0,1,1
netherflayer,1,0,1
netherland,2,6,8
netherlands,53,86,139
netherwing,1,0,1
netherworld,1,0,1
nethier,2,0,2
nethin,4,0,4
nething,26,5,31
nethiwa,0,1,1
nethmi,0,1,1
nethn,1,0,1
nethng,1,0,1
nethrelands,1,0,1
neths,0,1,1
neti,9,3,12
netiher,1,0,1
netime,4,4,8
netimpact,0,1,1
netipot,0,1,1
netiquette,1,0,1
netizen,2,0,2
netjatolahi,1,0,1
netko,0,1,1
netless,1,0,1
netley,0,1,1
netlfix,0,1,1
netlog,4,0,4
netlogistics,1,0,1
netlore,0,1,1
netmeeting,1,0,1
netmums,0,2,2
netnewswire,2,3,5
neto,1,2,3
netopia,1,3,4
netowrking,0,1,1
netplayer,0,1,1
netprophet,3,11,14
netra,1,2,3
netregistry,4,2,6
netroots,0,1,1
nets,23,6,29
netscalers,0,1,1
netscape,4,2,6
netsec,0,1,1
netsexor,0,1,1
netshare,2,0,2
netshop,0,2,2
netsites,0,1,1
netslum,3,1,4
netsol,1,0,1
netspray,0,1,1
netsrak,1,0,1
netstartup,0,1,1
netstat,0,1,1
netstumbler,1,0,1
nett,1,0,1
netta,1,0,1
nettah,0,1,1
nette,2,3,5
netter,1,0,1
netters,1,2,3
nettes,1,0,1
nettie,4,4,8
nettiee,0,1,1
netting,2,1,3
nettle,11,5,16
nettled,1,0,1
nettles,15,2,17
netto,1,0,1
nettoyage,1,0,1
nettrac,0,1,1
nettuesday,1,1,2
nettuts,1,1,2
netty,3,2,5
nettypot,1,0,1
netune,0,1,1
netural,1,0,1
neturat,0,1,1
netusila,0,1,1
netvibes,9,3,12
netvision,1,0,1
netvista,1,0,1
netw,1,0,1
netwark,0,1,1
netwbook,0,1,1
netweavers,1,0,1
netwerk,1,0,1
netwide,0,1,1
netwoking,0,1,1
netwon,0,1,1
network,436,369,805
networked,3,3,6
networken,0,1,1
networker,0,5,5
networkers,1,2,3
networkgathering,1,0,1
networkid,0,1,1
networkin,2,5,7
networking,69,192,261
networkpr,0,1,1
networks,50,48,98
networkshares,1,0,1
networkswitch,0,1,1
netwrk,1,0,1
netwrking,0,2,2
netxtreme,0,1,1
netym,1,0,1
netz,1,0,1
neu,4,0,4
neubauer,0,1,1
neuchatel,0,2,2
neud,1,0,1
neude,0,1,1
neue,1,13,14
neuer,0,1,1
neues,0,8,8
neuf,1,0,1
neufollower,0,1,1
neugls,0,1,1
neul,1,0,1
neum,1,0,1
neumaier,0,1,1
neumann,0,2,2
neumc,2,0,2
neumos,1,1,2
neun,2,0,2
neunzig,1,0,1
neup,0,1,1
neuqua,1,0,1
neur,0,1,1
neural,3,5,8
neuralgia,2,1,3
neurario,0,1,1
neuriase,1,0,1
neuriolu,0,1,1
neuro,7,10,17
neuroanatomy,1,2,3
neuroanthropology,0,1,1
neurobiology,2,0,2
neurofen,6,2,8
neurofens,1,0,1
neuroimaging,0,1,1
neuroinflammatory,1,0,1
neurolinguistics,0,1,1
neurologic,0,1,1
neurologist,12,1,13
neurology,2,0,2
neuroma,2,0,2
neuromancer,2,0,2
neuromarketing,0,1,1
neuromarktg,0,1,1
neuronal,1,0,1
neurons,3,2,5
neurontin,1,0,1
neuropathy,0,1,1
neuropsychologypractice,0,1,1
neuroscience,1,1,2
neurosis,0,1,1
neurosurgeon,2,0,2
neurosurgery,1,1,2
neurotic,7,8,15
neurotoxin,1,0,1
neurotransmitters,1,0,1
neurovegetative,1,0,1
neus,1,0,1
neuschwanstein,1,0,1
neuspechu,0,1,1
neust,0,1,1
neustrelitz,0,1,1
neuter,3,2,5
neutered,19,3,22
neutering,2,2,4
neutra,1,0,1
neutral,11,29,40
neutralise,1,0,1
neutralised,1,0,1
neutrality,1,2,3
neutralized,0,1,1
neutrals,0,1,1
neutrinos,0,1,1
neutrogena,1,4,5
neutron,4,1,5
neutronman,0,1,1
neutrons,0,1,1
neutze,0,1,1
neuville,0,1,1
neuwerld,0,1,1
neuza,1,0,1
nev,6,4,10
neva,130,60,190
nevaa,2,0,2
nevaaaaa,1,0,1
nevaah,1,0,1
nevada,21,14,35
nevadan,0,1,1
nevadascott,1,0,1
nevaeh,4,2,6
nevaguess,0,1,1
nevah,3,8,11
nevahh,2,0,2
nevahhhh,1,0,1
nevaknow,0,1,1
nevamind,2,0,2
nevar,2,5,7
nevarez,0,1,1
nevarmind,0,1,1
neve,10,4,14
nevea,1,0,1
nevedr,0,1,1
neveeeeeeeeeeer,1,0,1
neveeeerrr,1,0,1
neveeer,1,0,1
neveer,2,2,4
neveerr,1,0,1
nevel,0,2,2
nevell,0,1,1
nevemind,2,0,2
nevena,1,0,1
never,11233,6704,17937
nevercd,1,0,1
neverchange,1,0,1
nevere,1,0,1
neverending,27,15,42
neverendingsocialevents,1,0,1
neverevaaaa,0,1,1
neverfolloweddiddy,0,1,1
neverfull,1,0,1
nevergonnamounttanuthin,2,0,2
neverland,5,17,22
nevermind,208,171,379
nevermindd,1,0,1
neverminddd,1,0,1
nevermore,1,2,3
nevernever,1,0,1
neverr,6,4,10
neverrr,10,6,16
neverrrr,4,3,7
neverrrrr,1,1,2
neverrrrrr,2,1,3
neverrrrrrrrrrrrr,1,0,1
neverrrrrrrrrrrrrrrr,0,1,1
neverrrrshoutttneverrr,0,1,1
nevers,0,2,2
neversaynever,0,1,1
neverseen,0,1,1
nevershoutnever,8,50,58
neverson,0,2,2
neverstone,0,1,1
nevertheless,33,35,68
neverthess,0,1,1
neverwas,1,0,1
neverwatched,0,1,1
neverwhere,4,5,9
neverwinter,0,2,2
neves,0,1,1
neveshtam,1,0,1
nevesmommy,1,0,1
nevetheless,0,1,1
nevidel,1,1,2
nevidela,1,0,1
nevidge,1,0,1
nevidno,0,1,1
nevieme,0,1,1
nevihta,0,1,1
neville,6,12,18
nevim,2,1,3
nevin,1,2,3
neving,1,0,1
nevins,0,1,1
nevios,1,0,1
nevis,2,3,5
nevisians,0,1,1
nevous,2,0,2
nevouss,0,1,1
nevr,25,12,37
nevre,1,0,1
nevrmine,0,1,1
nevuh,0,1,1
nevveerr,0,1,1
nevver,0,2,2
nevvver,1,0,1
nevvy,0,1,1
nevydim,1,0,1
nevyn,0,1,1
new,15508,26939,42447
newagainday,0,1,1
newalbum,1,0,1
newanchors,0,1,1
newapaper,0,1,1
newark,42,25,67
neway,33,18,51
neways,13,17,30
newaysss,0,1,1
newb,9,8,17
newbe,0,1,1
newbee,1,1,2
newberry,0,2,2
newbery,0,1,1
newbi,1,0,1
newbie,32,103,135
newbies,6,28,34
newbluefx,0,1,1
newborn,25,32,57
newbornm,0,1,1
newborns,4,4,8
newborough,1,0,1
newboyz,0,1,1
newbrunswick,1,0,1
newbs,0,1,1
newburgh,2,1,3
newburn,1,0,1
newbury,9,9,18
newburyport,1,1,2
newby,0,6,6
newc,6,1,7
newcaslte,0,2,2
newcasters,1,0,1
newcastle,138,109,247
newcastles,2,1,3
newcomer,4,3,7
newcomers,0,4,4
newcreationchurch,0,1,1
newday,1,0,1
newdivide,0,1,1
newecard,1,0,1
newegg,14,1,15
newell,0,2,2
newer,43,34,77
newest,65,186,251
newet,1,0,1
newey,0,1,1
newf,0,3,3
newfangled,3,1,4
newfeet,0,1,1
newfeild,0,1,1
newfest,0,1,1
newfie,0,3,3
newfield,0,2,2
newfies,2,0,2
newfollowers,0,1,1
newfound,5,8,13
newfoundglory,1,1,2
newfoundland,2,12,14
newfoundlander,0,1,1
newfriend,0,1,1
newfront,0,1,1
newfs,0,1,1
newgadgets,0,1,1
newgate,0,1,1
newglasses,0,1,1
newgrounds,1,2,3
newham,0,1,1
newhere,3,2,5
newho,0,1,1
newhome,0,1,1
newhounds,0,1,1
newi,1,0,1
newicks,0,1,1
newie,1,1,2
newies,2,0,2
newin,0,1,1
newing,1,0,1
newinventors,2,0,2
newiphonefund,0,1,1
newish,3,5,8
newjabbakidz,0,5,5
newjackcity,1,0,1
newjearsey,1,0,1
newk,1,0,1
newkidsontheblock,0,1,1
newkie,0,1,1
newkirk,2,0,2
newla,0,1,1
newland,3,0,3
newlands,2,0,2
newleyweds,0,1,1
newlife,0,1,1
newlines,2,0,2
newlook,1,2,3
newly,46,87,133
newlywed,1,7,8
newlyweds,8,13,21
newmachine,0,1,1
newmakeover,0,1,1
newman,9,11,20
newmarket,7,6,13
newmatilda,0,1,1
newmediaguy,2,0,2
newmoon,2,25,27
newmoonmovie,2,1,3
newmoonmovieorg,1,0,1
newmoontrailer,0,1,1
newness,1,2,3
newnew,0,2,2
newnews,0,2,2
newnownext,0,1,1
newnue,1,0,1
newo,3,9,12
newoldmomwholooksyoung,0,1,1
neworking,0,1,1
newotn,0,1,1
newp,1,0,1
newpaper,0,2,2
newpapers,1,0,1
newpark,1,2,3
newphew,5,2,7
newphoto,0,1,1
newport,47,62,109
newports,2,0,2
newprofile,0,1,1
newps,3,1,4
newquay,11,7,18
newrchkwebsite,0,1,1
newreality,0,1,1
newrecord,1,0,1
newrith,1,0,1
newrule,0,1,1
newry,5,1,6
news,3325,2278,5603
newsagencies,0,1,1
newsagency,1,0,1
newsagent,1,3,4
newsagents,2,3,5
newsap,1,0,1
newsarse,1,0,1
newsbar,0,1,1
newsbeat,0,1,1
newsbites,1,0,1
newsblast,0,1,1
newsboy,0,1,1
newsboys,0,5,5
newsbreaks,0,1,1
newscast,2,9,11
newscaster,3,2,5
newscasts,1,1,2
newscenter,0,1,1
newschannel,0,1,1
newschoolers,1,0,1
newscloud,1,0,1
newsday,0,2,2
newsdemon,0,1,1
newsdesk,1,0,1
newsdest,1,0,1
newseland,1,0,1
newseum,1,1,2
newsfeed,1,1,2
newsfeeds,2,1,3
newsfire,1,1,2
newsflasg,0,1,1
newsflash,9,10,19
newsflashh,0,1,1
newsgoups,1,0,1
newsgroup,1,0,1
newsgroups,1,2,3
newshosting,1,0,1
newshouse,0,1,1
newshowsforbbc,0,1,1
newsies,0,4,4
newsire,0,1,1
newskin,1,0,1
newskool,0,2,2
newsletter,43,104,147
newsletters,2,16,18
newslife,1,0,1
newsline,1,0,1
newsman,2,1,3
newsmanager,1,0,1
newsmill,0,1,1
newsnight,2,2,4
newsom,1,3,4
newsome,0,1,1
newsomee,0,1,1
newsomeeeee,1,0,1
newson,0,1,1
newsone,0,1,1
newsosaur,1,0,1
newsp,0,2,2
newspaer,1,0,1
newspaper,63,105,168
newspaperlady,0,1,1
newspapers,19,41,60
newspapr,0,1,1
newspeaker,2,0,2
newsport,1,0,1
newspring,0,6,6
newsprint,1,0,1
newsprints,0,1,1
newsq,1,0,1
newsradio,0,1,1
newsreader,2,3,5
newsreel,0,1,1
newsroom,12,16,28
newss,4,2,6
newssift,0,1,1
newsss,1,3,4
newssss,0,1,1
newsstands,2,0,2
newsstormteam,1,0,1
newst,0,2,2
newstalk,2,0,2
newstand,1,0,1
newstead,0,1,1
newstracker,1,0,1
newsunseo,2,2,4
newsvine,0,2,2
newsweek,3,3,6
newswipe,0,1,1
newswire,0,1,1
newsworthy,1,6,7
newsy,2,1,3
newsz,1,1,2
newt,3,11,14
newtabking,0,1,1
newtek,0,2,2
newtheatre,0,1,1
newtimesbrowardpalmbeach,1,0,1
newton,10,17,27
newtons,1,1,2
newtown,6,11,17
newtownabbey,0,1,1
newtownbutler,1,0,1
newtracks,0,1,1
newtrak,1,0,1
newtron,1,0,1
newts,1,1,2
newvideo,0,1,1
neww,5,11,16
newwest,0,1,1
newws,1,0,1
newwsss,1,0,1
newww,0,3,3
newwwww,0,1,1
newwwwwwwwwwwwwwwwwww,0,1,1
newy,3,3,6
newydd,0,1,1
newyork,14,10,24
newyorkcity,1,1,2
newyorkcityboy,0,1,1
newyorker,0,1,1
newyorkesis,1,0,1
newyorkist,0,1,1
newyorkkk,0,1,1
newyorkkkkk,0,1,1
newyz,0,1,1
newz,2,4,6
newzbin,0,1,1
newzealand,1,1,2
nex,19,11,30
nexenta,1,1,2
nexi,1,1,2
nexis,1,0,1
nexon,2,1,3
nexopia,2,0,2
nexr,1,1,2
next,9358,9306,18664
nextday,1,0,1
nextdoor,10,1,11
nexted,1,0,1
nextel,6,2,8
nextfest,1,0,1
nextg,2,0,2
nextgen,0,1,1
nextime,0,1,1
nextkojima,1,0,1
nextlibrary,0,2,2
nextmedia,0,7,7
nextmen,0,1,1
nexton,0,1,1
nextonheroes,1,0,1
nextr,0,1,1
nextt,1,3,4
nexttime,1,0,1
nexttimejustshutupfran,1,0,1
nexttt,2,1,3
nextttt,0,1,1
nextup,0,2,2
nextweek,3,1,4
nextweekend,1,1,2
nextwindow,0,1,1
nextworth,1,0,1
nexus,5,6,11
nexweek,0,1,1
nexwork,0,1,1
nexxt,3,1,4
nexxus,0,1,1
nexxxt,1,1,2
nexxxxtttt,0,1,1
nexxy,0,1,1
nexy,4,2,6
ney,5,7,12
neya,0,1,1
neyad,1,0,1
neyce,0,1,1
neymore,1,0,1
neyn,1,0,1
neyniyay,1,0,1
neyo,11,17,28
neyy,0,1,1
neyyy,1,0,1
nez,1,4,5
nezaujima,0,1,1
nezbylo,1,0,1
nezinat,0,1,1
neznice,0,1,1
nf,8,11,19
nfamily,0,1,1
nfase,0,1,1
nfb,2,0,2
nfc,2,0,2
nfd,1,0,1
nfest,0,3,3
nff,0,1,1
nffc,1,0,1
nfg,21,21,42
nfgt,0,1,1
nfh,0,3,3
nfhs,1,0,1
nfi,4,1,5
nfight,1,0,1
nfjs,1,1,2
nfkids,0,2,2
nfl,23,21,44
nfld,0,1,1
nflers,0,1,1
nflicted,1,0,1
nfopp,0,1,1
nfr,1,1,2
nfront,0,1,1
nfrupt,0,1,1
nfs,10,8,18
nfsk,1,0,1
nfsu,2,0,2
nfsw,0,1,1
nfty,1,1,2
nfu,0,1,1
nfused,1,0,1
nfusi,1,0,1
nfver,0,1,1
nfy,2,1,3
nfz,1,3,4
ng,675,532,1207
nga,68,86,154
ngaaa,1,0,1
ngaassign,1,0,1
ngabalin,1,0,1
ngabarin,1,0,1
ngada,0,2,2
ngadap,1,0,1
ngadat,1,0,1
ngage,1,1,2
ngagetiiiinnn,1,0,1
ngaha,1,0,1
ngahahahaha,0,1,1
ngai,0,1,1
ngaion,0,1,1
ngaire,1,0,1
ngajak,3,0,3
ngaji,1,0,1
ngak,2,0,2
ngakak,0,2,2
ngaleh,1,0,1
ngalih,1,0,1
ngalihku,1,0,1
ngall,0,1,1
ngam,1,0,1
ngambek,2,0,2
ngambil,1,1,2
ngamecave,1,0,1
ngampilan,0,1,1
ngampussss,1,0,1
ngan,3,4,7
nganan,1,0,1
ngancem,0,1,1
ngang,1,1,2
nganggur,1,0,1
nganterin,1,0,1
ngantok,0,1,1
ngantor,3,0,3
ngantri,0,1,1
ngantrinya,1,0,1
ngantuk,4,0,4
ngantukkk,0,1,1
ngantuknyee,1,0,1
ngantuq,1,0,1
ngantuukkzzz,1,0,1
ngantuuuuk,0,1,1
ngaon,1,0,1
ngapain,3,3,6
ngapalin,1,0,1
ngarag,0,1,1
ngaret,0,1,1
ngarrrrrr,1,0,1
ngarti,1,0,1
ngaruh,1,0,1
ngasih,0,1,1
ngaso,0,1,1
ngatain,1,0,1
ngatik,0,1,1
ngaun,1,2,3
ngaung,2,0,2
ngaw,0,2,2
ngawa,0,1,1
ngawi,1,0,1
ngawur,1,0,1
ngaww,2,0,2
ngay,4,4,8
ngayon,17,18,35
ngayong,2,0,2
ngayun,2,0,2
ngb,1,0,1
ngbd,0,1,1
ngbrol,0,1,1
ngcng,0,1,1
ngcobondwane,1,0,1
ngconf,0,1,1
ngconfirm,0,1,1
ngd,1,0,1
ngdwnload,1,0,1
nge,9,5,14
ngeaht,0,1,1
ngebajak,0,1,1
ngebayangin,1,0,1
ngebolang,1,0,1
ngecat,0,2,2
ngecharge,1,0,1
ngedengerin,1,0,1
ngedit,1,0,1
ngee,0,1,1
ngeee,0,1,1
ngeexplain,1,0,1
ngefans,0,2,2
ngefollow,0,1,1
ngeforward,0,1,1
ngegantung,0,1,1
ngegeh,1,0,1
ngegembel,1,0,1
ngegulung,1,0,1
ngeh,2,1,3
ngejauhin,1,0,1
ngejelek,1,0,1
ngelaksanain,0,1,1
ngelarin,0,1,1
ngeles,1,1,2
ngelewatin,1,1,2
ngeliat,2,3,5
ngeliatin,1,0,1
ngeliatnya,1,0,1
ngembat,1,0,1
ngembek,0,1,1
ngen,0,2,2
ngenalin,0,1,1
ngene,1,0,1
ngeninsight,0,1,1
ngenyek,1,1,2
ngepet,1,0,1
ngepimp,0,1,1
ngeplurk,1,0,1
ngeplurknya,1,0,1
nger,2,1,3
ngerangkum,1,0,1
ngerasa,1,0,1
ngerasain,1,0,1
ngerem,1,0,1
ngeremove,1,0,1
ngerequest,0,1,1
ngerian,0,1,1
ngerjain,5,4,9
ngerjainnya,1,0,1
ngerokok,1,1,2
ngerti,6,3,9
ngertiin,1,0,1
ngeselin,1,0,1
ngest,2,0,2
ngetes,0,1,1
ngetik,0,1,1
ngetop,1,1,2
ngetting,1,0,1
ngetweet,2,1,3
ngeun,1,0,1
ngfr,0,1,1
ngg,3,0,3
ngga,11,7,18
nggak,4,5,9
nggallery,0,1,1
nggg,1,1,2
nggi,1,1,2
nggie,0,1,1
nggolok,0,1,1
nggr,1,0,1
nggreet,1,0,1
nggu,0,1,1
ngh,12,8,20
nghe,16,9,25
nghen,1,0,1
nghh,1,0,1
nghi,4,3,7
nght,7,15,22
nghtmare,0,1,1
ngicuk,1,0,1
ngidaam,1,0,1
ngidam,1,1,2
ngidem,1,0,1
ngiht,2,4,6
ngihty,1,0,1
ngiler,1,0,1
ngilerrr,1,0,1
ngimpiin,1,0,1
nginep,2,1,3
nginternet,0,1,1
nginx,5,4,9
ngipin,1,0,1
ngisepin,1,0,1
ngith,0,1,1
ngk,0,1,1
ngkakuryente,0,1,1
ngkdfngkdflgndklf,0,1,1
ngl,9,10,19
ngllakad,0,1,1
nglpf,1,0,1
nglyt,0,1,1
ngmngnya,0,1,1
ngmoco,1,0,1
ngn,0,1,1
ngnix,1,0,1
ngo,6,6,12
ngobrol,0,1,1
ngobrolin,0,1,1
ngobrooool,1,0,1
ngoc,1,2,3
ngoh,1,0,1
ngoi,1,0,1
ngokk,1,0,1
ngomong,2,1,3
ngomongin,3,0,3
ngomongnya,0,1,1
ngon,2,4,6
ngong,1,0,1
ngood,0,1,1
ngopi,2,1,3
ngorat,0,1,1
ngorongoro,0,1,1
ngos,1,2,3
ngotak,0,1,1
ngotakkin,0,1,1
ngpn,0,1,1
ngqu,0,1,1
ngr,0,1,1
ngre,1,0,1
ngrecommend,0,1,1
ngrereply,1,0,1
ngriffin,1,0,1
ngry,0,1,1
ngs,3,2,5
ngskolan,1,0,1
ngt,2,3,5
ngta,1,0,1
ngtar,1,0,1
ngth,0,1,1
ngtransfer,1,0,1
ngtwtwit,0,1,1
ngu,8,1,9
ngucapin,0,1,1
nguk,2,0,2
ngulang,1,0,1
ngulii,0,1,1
nguling,0,1,1
ngumpul,1,2,3
ngumpulin,0,1,1
nguoi,0,3,3
ngupload,0,1,1
ngurah,0,1,1
ngurahrai,1,0,1
ngurangin,1,0,1
ngurusin,2,2,4
ngutak,0,1,1
ngutu,0,1,1
nguy,2,2,4
nguyen,5,4,9
nguyet,1,0,1
ngv,0,1,1
ngwek,1,0,1
ngwewelcome,0,1,1
ngyay,1,0,1
ngyn,0,1,1
ngz,0,2,2
nh,273,198,471
nha,5,13,18
nhaaa,0,1,1
nhaaaaaaaaaa,0,1,1
nhaaaiiiiiiiiiii,0,1,1
nhac,1,0,1
nhad,0,1,1
nham,2,1,3
nhan,1,2,3
nhanh,2,6,8
nhantz,1,0,1
nhat,3,1,4
nhatz,0,1,1
nhau,2,3,5
nhay,0,1,1
nhc,5,0,5
nhe,6,1,7
nheee,0,1,1
nheeew,1,0,1
nheo,1,0,1
nhg,1,0,1
nhi,19,19,38
nhibaw,0,1,1
nhibernate,6,2,8
nhien,1,0,1
nhieu,1,2,3
nhilive,0,1,1
nhin,1,0,1
nhirt,0,1,1
nhitle,0,1,1
nhiu,0,1,1
nhjdfkghadughrg,1,0,1
nhk,2,3,5
nhl,65,39,104
nhlawards,1,0,1
nhldraft,1,0,1
nhlplayoffs,1,1,2
nhltweetup,8,7,15
nhltweetups,0,1,1
nhlwithdrawal,1,1,2
nhm,2,0,2
nhn,0,1,1
nho,0,1,1
nhoc,0,1,1
nhole,1,0,1
nhong,1,0,1
nhoooo,1,0,1
nhop,0,1,1
nhot,0,1,1
nhotti,0,1,1
nhow,1,0,1
nhp,0,1,1
nhps,0,1,1
nhra,1,0,1
nhragir,0,1,1
nhs,26,18,44
nhsb,0,1,1
nht,1,0,1
nhti,1,0,1
nhtweetup,2,0,2
nhu,3,3,6
nhuy,1,0,1
ni,121,150,271
nia,17,29,46
niaa,2,0,2
niacc,1,0,1
niacin,0,2,2
niaga,0,2,2
niagara,18,24,42
niagra,7,6,13
niah,0,1,1
niahaha,0,1,1
niahahahahaaa,0,1,1
nial,1,0,1
niala,0,1,1
niall,3,4,7
niam,0,1,1
niamh,4,7,11
niamhp,1,0,1
niamhs,0,1,1
nian,0,3,3
niandra,0,1,1
niang,0,1,1
niannian,1,0,1
niarobi,0,1,1
niat,0,1,1
niazi,1,0,1
nib,3,1,4
nibba,0,1,1
nibble,12,18,30
nibbled,3,1,4
nibbleo,0,1,1
nibbler,2,1,3
nibblers,0,1,1
nibbles,4,11,15
nibblies,0,1,1
nibbling,3,6,9
nibbly,0,2,2
nibelungenlied,1,0,1
niblets,4,1,5
nibling,0,1,1
nibr,0,1,1
nibs,6,4,10
nibuto,1,0,1
nic,49,77,126
nica,5,4,9
nicagraua,0,1,1
nicaland,0,1,1
nicaragua,8,3,11
nicasio,0,1,1
nicatrolls,1,0,1
nicc,1,0,1
nicca,5,6,11
niccas,3,0,3
niccccccccccce,0,1,1
niccccccccce,0,1,1
nicccccce,1,0,1
niccccceee,0,1,1
nicccce,0,3,3
nicccceeeeee,1,0,1
niccce,0,1,1
niccceee,0,1,1
nicce,0,3,3
niccee,1,2,3
nicci,1,5,6
niccis,1,1,2
nicckkkkkkkkkkkkkkkk,0,1,1
niccy,1,0,1
nice,6592,16970,23562
niceat,1,0,1
niceday,1,2,3
nicee,12,58,70
niceee,9,40,49
niceeee,6,18,24
niceeeee,1,9,10
niceeeeee,1,5,6
niceeeeeee,2,2,4
niceeeeeeee,0,1,1
niceeeeeeeee,0,2,2
niceeeeeeeeee,0,1,1
niceeeeeeeeeee,1,1,2
niceeeeeeeeeeeeeeee,1,0,1
niceer,1,0,1
nicefirmtitties,3,0,3
nicego,0,1,1
niceish,1,0,1
niceist,0,1,1
nicelly,0,1,1
nicely,90,335,425
nicemandarin,0,1,1
nicene,1,0,1
niceness,3,7,10
nicenessful,0,1,1
nicenezz,0,1,1
nicenice,0,2,2
nicenicenice,0,1,1
niceniceniceee,0,1,1
nicenicenicenicenice,1,0,1
niceone,0,2,2
nicepaul,0,1,1
nicer,106,195,301
nicerfilmtitles,8,0,8
nicerfirmtitties,1,0,1
nices,0,1,1
nicesofarlodger,0,1,1
nicest,46,110,156
nicesunny,1,0,1
nicetameetcha,0,1,1
niceties,1,0,1
niceville,1,1,2
niceweather,1,0,1
nicexdim,1,0,1
nicexx,1,1,2
nicey,2,3,5
nicfit,0,1,1
nicght,0,1,1
nich,5,6,11
niche,7,21,28
nichelady,0,1,1
nichelle,0,1,1
niches,1,3,4
nichh,0,1,1
nichi,0,1,1
nichkhun,0,2,2
nicho,1,0,1
nichola,0,1,1
nicholas,60,61,121
nicholasss,0,1,1
nichole,4,12,16
nicholes,0,1,1
nicholetti,0,1,1
nicholle,0,1,1
nicholles,0,1,1
nicholls,0,2,2
nicholous,2,1,3
nichols,5,3,8
nicholson,4,10,14
nicholsons,0,1,1
nichoooooolas,1,0,1
nichos,1,0,1
nichs,0,2,2
nicht,24,9,33
nichts,3,1,4
nichys,0,1,1
nici,3,4,7
nicier,1,0,1
nicies,0,1,1
niciest,0,1,1
nicilt,1,0,1
nicity,0,1,1
nicj,0,1,1
nick,687,1016,1703
nickaholics,1,0,1
nickalicious,1,0,1
nickalodeon,1,0,1
nickasaur,0,5,5
nickaus,1,0,1
nickcarter,3,0,3
nickchange,0,1,1
nickchicks,1,0,1
nickchien,0,1,1
nickd,1,1,2
nickdarcy,1,0,1
nicked,35,8,43
nickel,12,9,21
nickelback,16,31,47
nickell,1,0,1
nickelodean,0,1,1
nickelodeon,7,12,19
nickels,1,2,3
nickelus,1,0,1
nickerrs,1,0,1
nickfresh,1,0,1
nickhac,0,1,1
nickholdmetight,0,1,1
nickhtl,1,0,1
nickhun,1,0,1
nicki,19,26,45
nickie,1,2,3
nickiee,0,1,1
nickies,1,1,2
nickiminajfans,0,1,1
nickin,1,0,1
nicking,2,1,3
nickinix,0,1,1
nickirichards,1,0,1
nickis,0,1,1
nickislame,0,1,1
nickisses,0,1,1
nickj,6,3,9
nickjayy,1,0,1
nickjdreaming,0,1,1
nickjfrost,0,1,1
nickjonline,1,0,1
nickjuniorxd,0,1,1
nickk,0,4,4
nickkk,0,1,1
nickkkjonasss,2,0,2
nickkkk,0,1,1
nickkkkkkk,1,0,1
nickkleess,0,1,1
nickla,1,0,1
nicklaus,0,2,2
nickle,2,3,5
nickleback,5,3,8
nickles,1,0,1
nicknam,1,0,1
nickname,39,107,146
nicknamed,1,4,5
nicknamee,1,0,1
nicknames,4,23,27
nickneutron,0,1,1
nicko,2,3,5
nickolas,0,1,1
nickpoint,0,1,1
nickr,1,0,1
nicks,31,38,69
nickserv,1,1,2
nickson,0,1,1
nickss,0,1,1
nicksss,1,0,1
nickthegeek,0,1,1
nickw,1,0,1
nickxmiley,0,1,1
nickxnack,1,0,1
nicky,52,61,113
nickybyrneoffic,0,1,1
nickypoopoo,0,1,1
nickyt,0,1,1
nickyy,0,2,2
nickyyy,2,1,3
nicley,0,1,1
nicloas,0,1,1
niclovesgin,1,0,1
nicly,0,1,1
nicnac,1,0,1
nico,22,34,56
nicoke,0,1,1
nicol,0,2,2
nicola,18,24,42
nicolai,0,1,1
nicolani,0,1,1
nicolas,6,4,10
nicolasgut,0,1,1
nicolaydis,0,1,1
nicole,157,248,405
nicoleb,1,0,1
nicolee,4,1,5
nicolejah,0,1,1
nicolenas,0,1,1
nicoles,7,5,12
nicoletta,0,1,1
nicolette,3,2,5
nicolettes,0,1,1
nicoley,0,3,3
nicoleyyyyy,0,1,1
nicolie,0,1,1
nicoll,0,1,1
nicolle,1,7,8
nicolledrakou,0,1,1
nicolleeee,0,1,1
nicolous,1,0,1
nicoooooooooo,0,1,1
nicople,0,1,1
nicorette,1,0,1
nicos,1,0,1
nicotene,1,1,2
nicotine,18,9,27
nicotinekauwgom,2,0,2
nics,5,5,10
nictionary,0,2,2
nicto,1,0,1
nictone,0,1,1
nicu,7,3,10
nicve,0,1,1
nicw,1,0,1
nid,5,3,8
nida,2,2,4
nidderdale,1,0,1
niddle,0,1,1
niddles,0,1,1
niddy,1,0,1
nidhaa,0,1,1
nidhi,2,1,3
nidi,1,0,1
nido,0,1,1
nids,3,1,4
nie,8,9,17
niebu,0,1,1
niebuhr,1,0,1
niec,0,1,1
niece,255,348,603
nieces,42,72,114
niecey,2,1,3
niecy,2,1,3
nied,1,0,1
niederberger,0,1,1
niedersachsen,0,1,1
niee,0,2,2
nieghborhood,1,0,1
nieghbors,1,0,1
nieh,1,0,1
niel,1,1,2
nields,1,0,1
niels,0,1,1
nielsen,3,4,7
nielsenpowermoms,0,1,1
nielsens,1,0,1
nielson,1,0,1
nielsons,1,0,1
niely,0,2,2
niem,1,0,1
nieman,0,1,1
niemanden,0,1,1
niene,0,1,1
nienie,0,2,2
niente,4,2,6
nier,1,0,1
niese,0,1,1
niet,6,7,13
niether,10,4,14
nietopingaanmodus,0,1,1
niets,2,1,3
nietzche,1,0,1
nietzsche,4,4,8
nietzschean,0,1,1
nieuwe,0,3,3
nieuwegein,1,0,1
nieuwendyk,1,0,1
nieuwste,0,1,1
nievce,0,1,1
nievera,0,2,2
nieves,0,3,3
niew,0,1,1
nif,1,0,1
nifa,0,1,1
nife,0,2,2
nifer,1,0,1
niff,0,1,1
nifffty,0,1,1
niffty,1,0,1
nifty,11,64,75
nig,11,10,21
niga,2,2,4
nigah,0,1,1
nigahig,0,1,1
nigahiga,3,2,5
nigam,1,1,2
nigdi,0,2,2
nige,1,4,5
nigel,17,18,35
nigeled,1,0,1
nigella,3,3,6
nigelnofriends,1,0,1
niger,0,1,1
nigera,1,0,1
nigeria,14,5,19
nigerian,7,7,14
nigg,3,9,12
nigga,163,125,288
niggaa,1,1,2
niggaaa,0,2,2
niggaaaa,1,1,2
niggaaaaaaaaa,0,1,1
niggadom,1,0,1
niggafest,1,0,1
niggah,2,3,5
niggahs,0,1,1
niggahz,0,1,1
niggamalika,1,0,1
niggas,54,57,111
niggass,1,0,1
niggasz,1,1,2
niggaz,9,7,16
nigger,5,1,6
niggers,2,2,4
niggg,0,2,2
niggga,2,2,4
nigggaaa,0,1,1
nigggga,0,1,1
nigggggggggghhhhhhhhhhhht,0,1,1
niggggghhhhht,0,1,1
nigggght,1,0,1
niggghhhhhhhhhtttt,0,1,1
niggghhhht,0,1,1
niggght,0,1,1
nigghhht,1,1,2
nigghhhtt,1,0,1
nigghhttt,0,1,1
nigght,1,2,3
niggia,1,0,1
niggie,1,0,1
niggies,0,1,1
niggle,1,1,2
niggles,0,1,1
nigglet,0,1,1
niggling,1,2,3
niggly,1,0,1
niggo,0,1,1
niggrpool,1,0,1
niggs,2,1,3
nigguh,2,4,6
nigguhs,2,4,6
niggur,1,1,2
niggys,1,0,1
nigh,29,27,56
nigha,1,1,2
nighclub,0,1,1
nighg,1,0,1
nighhhhhht,0,2,2
nighhhhhttt,0,1,1
nighhht,1,2,3
nighhhtt,0,1,1
nighhhttt,1,0,1
nighhhty,0,2,2
nighht,0,4,4
nighhtt,1,1,2
nighhttt,1,1,2
nighhtynight,0,1,1
nighmare,1,2,3
nighnight,0,1,1
nighnights,1,0,1
nighs,1,3,4
nighshift,0,1,1
night,20220,23722,43942
nightah,1,0,1
nightaholic,0,1,1
nightall,1,0,1
nightastic,1,0,1
nightatthemuseum,1,0,1
nightbeast,0,1,1
nightbig,0,1,1
nightbus,3,2,5
nightbusses,0,1,1
nightcap,3,3,6
nightcaps,0,1,1
nightcard,0,1,1
nightce,1,0,1
nightchaaaall,0,1,1
nightchaaall,0,2,2
nightchall,1,0,1
nightclass,1,0,1
nightclub,13,17,30
nightclubs,0,1,1
nightcrawler,1,0,1
nightcrawling,0,1,1
nightcurse,0,1,1
nightdreaming,0,1,1
nightdress,0,2,2
nightdrops,1,0,1
nighted,1,0,1
nightedness,0,1,1
nightee,0,1,1
nighter,152,120,272
nighterish,1,0,1
nighterr,0,2,2
nighterrr,2,2,4
nighters,27,22,49
nighterz,0,1,1
nightet,1,0,1
nightey,0,2,2
nightfire,0,1,1
nightflight,0,1,1
nightg,0,1,1
nightgirl,0,1,1
nightgown,3,2,5
nightgowns,1,0,1
nighth,0,1,1
nighthawk,1,6,7
nighthustlers,1,0,1
nighti,0,1,1
nightie,4,10,14
nighties,2,2,4
nightime,5,3,8
nighting,1,0,1
nightingale,2,2,4
nightjack,1,0,1
nightlies,2,0,2
nightlife,15,15,30
nightlight,2,3,5
nightlights,0,1,1
nightlila,1,0,1
nightline,2,4,6
nightly,33,37,70
nightmare,534,121,655
nightmareee,1,0,1
nightmares,301,83,384
nightmaresss,1,0,1
nightmaric,1,0,1
nightmarish,3,3,6
nightmarishly,1,0,1
nightmarkeet,1,0,1
nightmarket,0,6,6
nightmate,2,0,2
nightmind,1,0,1
nightmkt,0,1,1
nightmorns,0,1,1
nightmoves,0,1,1
nightmr,1,0,1
nightness,0,1,1
nightnight,6,13,19
nightnightnight,1,0,1
nightnighttt,0,1,1
nightnurse,1,0,1
nighto,0,1,1
nightology,0,1,1
nightonly,1,0,1
nightout,2,1,3
nightowl,0,5,5
nightowls,1,6,7
nightp,0,1,1
nightquil,2,0,2
nightr,0,2,2
nightrats,1,1,2
nightride,1,0,1
nights,1039,792,1831
nightschool,1,0,1
nightshift,30,13,43
nightshifts,3,0,3
nightshit,0,1,1
nightshot,1,0,1
nightsies,0,1,1
nightsift,0,1,1
nightskift,0,1,1
nightskiii,0,1,1
nightsleep,0,1,1
nightsounds,0,1,1
nightsplash,0,2,2
nightspring,0,1,1
nightss,1,2,3
nightsss,1,1,2
nightstand,5,7,12
nightstar,0,1,1
nightsweats,1,0,1
nightsy,0,1,1
nightt,26,51,77
nighttime,19,11,30
nighttnightt,0,1,1
nighttt,21,44,65
nightttmaree,0,1,1
nightttt,10,18,28
nighttttt,4,5,9
nightttttt,2,3,5
nighttttttt,1,3,4
nighttttttttt,1,0,1
nightttttttttt,0,1,1
nighttttttttttttt,0,1,1
nightttttttttttttttttttttttttttttttttttttt,1,0,1
nighttxxx,0,2,2
nighttynightt,0,2,2
nighttyy,0,1,1
nightvision,0,1,1
nightvtook,1,0,1
nightwalker,1,0,1
nightwatch,0,2,2
nightwatchman,0,1,1
nightwatchmen,0,1,1
nightweeps,0,1,1
nightwing,1,1,2
nightwish,0,5,5
nightworld,1,0,1
nightxox,0,1,1
nightxx,0,1,1
nighty,106,399,505
nightynight,1,8,9
nightynightloves,0,1,1
nightynite,0,2,2
nightypoo,0,1,1
nightyy,3,4,7
nightyyy,1,2,3
nightyyyy,0,1,1
nightyzz,0,1,1
nightz,2,1,3
nightzzz,0,1,1
nightzzzz,1,0,1
nighy,1,4,5
nigiri,1,2,3
nigjty,0,1,1
nigkas,0,1,1
niglet,1,1,2
nigmar,1,0,1
nignog,0,1,1
nignogs,1,1,2
nignt,2,0,2
nigo,0,1,1
nigona,0,1,1
nigracans,1,0,1
nigro,1,0,1
nigs,5,1,6
nigsberg,0,1,1
nigss,1,0,1
nigt,3,2,5
nigters,0,1,1
nigth,11,14,25
nigthmares,1,0,1
nigtht,0,3,3
nigtmare,1,0,1
nigtmares,1,0,1
nigtt,1,0,1
niguel,1,0,1
nigz,0,1,1
nih,72,33,105
nihal,0,4,4
nihao,0,1,1
nihari,1,1,2
nihers,1,0,1
nihh,2,0,2
nihhh,2,0,2
nihhhh,1,0,1
nihhhhhh,0,1,1
nihilism,2,0,2
nihilistic,1,0,1
nihlists,0,1,1
nihon,1,2,3
nihongo,4,3,7
niht,1,0,1
nihts,1,0,1
nii,2,1,3
niiccceee,0,1,1
niiccceeee,0,1,1
niice,9,35,44
niicee,1,3,4
niiceee,1,1,2
niick,1,2,3
niigga,2,1,3
niight,4,27,31
niights,1,1,2
niightt,1,0,1
niighttt,0,1,1
niightttt,0,1,1
niighty,0,1,1
niih,0,1,1
niii,2,2,4
niiice,14,36,50
niiiceee,0,2,2
niiicest,1,0,1
niiick,1,1,2
niiickkk,0,1,1
niiiggght,0,1,1
niiigghhhttt,0,1,1
niiighhhttt,1,0,1
niiight,6,18,24
niiighttt,0,1,1
niiih,1,0,1
niiii,2,0,2
niiiiccccce,1,0,1
niiiiccceeee,0,1,1
niiiicceee,0,1,1
niiiice,10,29,39
niiiiceeee,0,2,2
niiiicely,0,1,1
niiiick,0,2,2
niiiicole,0,1,1
niiiigggg,0,1,1
niiiigghhhtttt,1,0,1
niiiighht,0,1,1
niiiight,4,11,15
niiiih,0,1,1
niiiiicccccce,0,1,1
niiiiice,3,25,28
niiiiick,1,0,1
niiiiid,1,0,1
niiiiighhtt,1,0,1
niiiiight,1,6,7
niiiiiice,1,10,11
niiiiiick,0,1,1
niiiiiiggggghhhhhttttt,0,1,1
niiiiiight,3,4,7
niiiiiiice,1,3,4
niiiiiiight,0,1,1
niiiiiiiice,0,1,1
niiiiiiiight,1,0,1
niiiiiiiights,0,1,1
niiiiiiiiice,2,5,7
niiiiiiiiight,0,1,1
niiiiiiiiiice,1,2,3
niiiiiiiiiight,1,0,1
niiiiiiiiiiice,0,1,1
niiiiiiiiiiight,1,0,1
niiiiiiiiiiiight,0,1,1
niiiiiiiiiiiiice,1,1,2
niiiiiiiiiiiiight,0,1,1
niiiiiiiiiiiiiiiice,0,1,1
niiiiiiiiiiiiiiiiiiice,0,1,1
niiiiiiiiiiiiiiiiiiiiiiiiiiiiiice,0,1,1
niiiiiiiiiiiiiiiiiiiiiiiiiiiiiiiiiiiight,0,1,1
niiiiiiiiiiiiiiiiiiiiiiiiiiiiiiiiiiiiight,0,1,1
niiiiiiiiiiiiiiiiiiiiiiiiiiiiiiiiiiiiiiiiiiiiiiiiiiiiiice,0,1,1
niiiiiiiiiiine,0,1,1
niiiiiiiiikkiiiiiiiiiiiiiii,0,1,1
niiiiiiiiinne,0,1,1
niiiiiiiiite,0,1,1
niiiiiite,1,0,1
niiki,1,1,2
niin,0,1,1
niit,1,0,1
niite,3,4,7
niitee,0,1,1
niites,0,1,1
niix,0,1,1
niiyy,0,1,1
nija,1,0,1
nije,1,2,3
nijmegen,1,5,6
nik,22,27,49
nika,5,1,6
nikaal,0,1,1
nikab,0,1,1
nikal,1,0,1
nikama,0,1,1
nikamma,0,1,1
nikanika,1,0,1
nikayah,1,0,1
nikde,1,0,1
nikdy,1,4,5
nike,74,73,147
niked,0,1,1
nikefit,0,1,1
nikeid,1,1,2
nikelodeon,1,0,1
nikenando,0,2,2
nikeplus,1,2,3
niker,1,0,1
nikes,10,11,21
niketalk,0,1,1
niketheory,1,0,1
niketown,2,1,3
nikhil,0,1,1
niki,10,22,32
nikia,0,2,2
nikicio,0,1,1
nikii,0,2,2
nikiii,0,1,1
nikil,1,0,1
nikita,5,7,12
nikitaa,0,1,1
nikitas,1,1,2
nikka,3,4,7
nikkaaaay,0,1,1
nikkas,2,0,2
nikkaykay,1,0,1
nikkayyy,0,1,1
nikkers,0,1,1
nikki,88,156,244
nikkie,2,1,3
nikkigil,0,1,1
nikkihad,1,1,2
nikkii,0,1,1
nikkiii,0,1,1
nikkimouse,1,0,1
nikkipoo,1,0,1
nikkis,2,0,2
nikkitae,0,1,1
nikkki,0,1,1
nikkkis,1,0,1
nikko,2,4,6
nikkolas,1,0,1
nikkor,0,2,2
nikky,2,2,4
nikle,0,1,1
nikmat,0,1,1
nikmatnya,0,1,1
nikmis,0,1,1
niknak,1,1,2
nikname,0,1,1
niko,10,7,17
nikoganda,0,1,1
nikoi,0,1,1
nikola,0,1,1
nikolai,1,0,1
nikolaisen,0,1,1
nikolas,1,1,2
nikole,2,7,9
nikolius,0,1,1
nikon,40,72,112
nikonian,1,0,1
nikons,0,1,1
nikoomoymoy,0,1,1
nikoroberts,0,1,1
nikos,0,1,1
niks,3,5,8
nikster,1,0,1
nikto,0,1,1
niktu,0,1,1
niky,1,0,1
nikz,0,1,1
nil,22,17,39
nila,5,15,20
nilabas,1,0,1
nilaga,0,3,3
nilagay,1,0,1
nilagnat,1,0,1
nilagpang,0,1,1
nilagyan,1,1,2
nilai,3,1,4
nilaiku,1,0,1
nilainya,1,0,1
nilakad,0,1,1
nilalang,1,0,1
nilang,0,1,1
nilanjana,1,0,1
nilc,0,1,1
nilch,0,1,1
nilda,0,1,1
nildram,1,0,1
nile,9,4,13
nileeeyyy,0,1,1
niles,1,4,5
niley,92,135,227
nileylovestory,1,1,2
nileyness,0,1,1
nileyy,1,2,3
nileyyy,1,0,1
nileyyyyyyyy,0,1,1
nileyyyyyyyyyyy,0,1,1
nileyyyyyyyyyyyy,1,0,1
niligaw,1,0,1
nill,3,0,3
nilla,5,1,6
nillas,0,1,1
nille,0,1,1
nills,1,0,1
nilly,4,3,7
nillys,0,1,1
nils,3,2,5
nilsa,0,1,1
nilsen,1,0,1
nilson,0,1,1
nim,2,1,3
nimbang,1,0,1
nimble,0,3,3
nimbooz,0,1,1
nimbrung,1,0,1
nimbu,0,1,1
nimbupaani,0,1,1
nimbus,0,2,2
nimbuzz,8,7,15
nimes,0,1,1
nimesh,1,0,1
nimh,1,2,3
nimi,1,0,1
nimic,6,4,10
nimitz,5,4,9
nimmbuzz,2,0,2
nimmo,0,1,1
nimmy,0,1,1
nimmz,1,0,1
nimo,1,0,1
nimor,1,0,1
nimorning,0,1,1
nimoy,6,18,24
nimrods,1,0,1
nims,2,1,3
nimtayyy,1,0,1
nimue,1,1,2
nimz,1,0,1
nin,123,118,241
nina,59,99,158
ninaa,0,1,1
ninaaa,1,0,1
ninaaaa,0,1,1
ninaaaaaa,0,1,1
ninaalbertsen,0,1,1
ninage,0,1,1
ninah,0,1,1
ninahelm,0,1,1
ninakawan,1,0,1
ninalized,0,1,1
ninalizing,1,0,1
ninang,4,7,11
ninangs,0,1,1
ninas,1,2,3
nince,1,1,2
nincena,0,1,1
ninchat,0,1,1
nincommunication,1,0,1
nincompoop,1,2,3
nincompoopery,1,0,1
nincs,3,2,5
nind,0,1,1
ninde,0,1,1
nindut,1,0,1
nindy,1,0,1
nindyo,0,1,1
nine,168,165,333
ninee,1,0,1
nineee,0,1,1
nineeeee,0,1,1
nineinchnails,0,1,1
ninemsn,0,3,3
niner,2,1,3
niners,0,2,2
nines,1,0,1
ninet,2,0,2
nineteeen,0,1,1
nineteen,4,13,17
nineteenth,1,2,3
nineties,2,8,10
ninetndo,0,1,1
ninety,7,6,13
nineveh,1,0,1
ninewest,1,0,1
ninfas,0,1,1
ning,32,33,65
ninga,0,3,3
ningers,1,0,1
ningmaster,1,1,2
nings,0,1,1
ningu,10,0,10
ninguem,7,1,8
ningun,1,0,1
ninh,1,0,1
nini,6,6,12
ninian,1,0,1
ninight,0,1,1
ninights,1,0,1
ninikuya,0,1,1
ninimuggens,0,1,1
ninin,0,1,1
ninindale,0,1,1
ninis,1,0,1
ninite,0,1,1
ninja,97,144,241
ninjaaa,0,2,2
ninjaaaaaaaaaaaaaa,0,1,1
ninjaavatar,1,0,1
ninjad,1,0,1
ninjadoodle,0,1,1
ninjadrops,1,0,1
ninjaed,1,0,1
ninjagaiden,1,0,1
ninjah,0,1,1
ninjakrash,0,1,1
ninjarebecca,1,0,1
ninjas,16,19,35
ninjatown,0,1,1
ninjatrader,1,0,1
ninjaturtlepowerranger,0,1,1
ninjatweet,1,0,1
ninjaxplorer,0,1,1
ninject,0,1,1
ninjirate,0,1,1
ninjite,0,1,1
ninkento,0,1,1
ninku,2,0,2
ninlau,0,1,1
ninlove,0,1,1
ninna,0,3,3
ninnie,0,1,1
ninnies,5,0,5
ninny,3,0,3
nino,10,11,21
ninomiya,1,1,2
ninong,3,3,6
ninoooooooo,0,1,1
ninoxsho,0,1,1
nins,0,1,1
ninteen,1,0,1
nintend,1,0,1
nintendo,139,136,275
nintendoboy,0,1,1
nintendogs,1,2,3
nintendolife,1,0,1
nintendos,2,3,5
nintentdo,0,1,1
nintento,0,1,1
nintex,0,1,1
ninth,9,7,16
nintindo,1,0,1
nintndo,0,1,1
nintnedo,1,0,1
ninty,2,2,4
nintys,1,0,1
ninyo,1,2,3
ninzya,0,1,1
nio,1,2,3
niome,1,0,1
niooooo,0,1,1
nior,0,1,1
niow,2,0,2
nip,46,23,69
nipeg,0,1,1
nipernet,0,1,1
nipissing,1,1,2
nipo,0,3,3
nipped,2,1,3
nipper,0,3,3
nippers,0,1,1
nippier,1,0,1
nippin,0,1,1
nipping,6,5,11
nipple,28,19,47
nipplebull,0,1,1
nipplelesshorse,1,0,1
nipples,13,25,38
nippleys,0,1,1
nipply,0,1,1
nippon,3,1,4
nippsey,0,1,1
nippy,8,7,15
nippys,1,0,1
nips,8,5,13
nipsey,0,1,1
niptini,1,0,1
niptuck,1,0,1
niq,2,0,2
niqa,0,1,1
niqht,7,16,23
niqhtmare,1,0,1
niqhtt,0,1,1
niqhty,0,1,1
niqqa,4,4,8
niqqas,1,2,3
niqqaz,0,1,1
niquayi,0,1,1
nique,0,3,3
niques,0,1,1
niquhs,0,1,1
niquil,0,1,1
niqull,1,0,1
nira,0,1,1
niraihifi,1,0,1
niraj,1,0,1
niran,1,1,2
nirdai,1,0,1
nirecruit,0,1,1
nirequire,0,1,1
nireyna,0,1,1
nirgendwo,0,1,1
nirhgt,0,1,1
niri,0,1,1
niro,2,4,6
nirrimi,1,1,2
nirror,0,1,1
nirula,0,1,1
nirulas,0,1,1
nirvana,14,21,35
nirvanah,1,0,1
nirvash,1,0,1
nirwaben,0,1,1
nis,6,3,9
nisa,1,4,5
nisam,0,2,2
nisantasi,0,1,1
nisarg,1,0,1
nise,1,0,1
nisecuanta,0,1,1
nisene,1,0,1
nisey,1,0,1
nish,1,2,3
nisha,4,6,10
nishae,0,1,1
nishalove,0,1,1
nishan,0,2,2
nishant,0,1,1
nishiki,0,2,2
nishikido,1,0,1
nishy,0,1,1
nisi,1,0,1
nisie,0,1,1
niskalaukaus,2,0,2
nism,0,1,1
nisou,0,1,1
nisrinaa,0,1,1
niss,2,1,3
nissa,1,2,3
nissan,20,21,41
nissi,0,1,1
nissian,1,0,1
nissieeee,0,1,1
nissim,0,1,1
nissin,2,2,4
nisso,2,4,6
nisssyyyy,0,1,1
nissy,1,1,2
nist,0,1,1
nisunixvagyok,0,1,1
nisync,1,0,1
nit,27,11,38
nita,6,5,11
nitallica,0,1,1
nitb,1,0,1
nitch,0,1,1
nitchola,0,1,1
nite,2091,2513,4604
nitee,8,17,25
niteee,1,5,6
niteeee,1,3,4
niteeeee,0,3,3
niteeeeee,1,0,1
niteeeeeee,0,1,1
niteeeeeeee,1,0,1
niteeeeeeeeeenite,0,2,2
niteeh,1,0,1
niteflirt,0,1,1
nitel,1,0,1
nitelife,0,2,2
nitelite,1,1,2
nitemare,2,1,3
nitemares,4,3,7
nitenite,4,7,11
nitentdo,0,1,1
nitequil,1,0,1
niter,4,0,4
niters,0,3,3
niterzzz,0,1,1
nites,48,47,95
niteshift,1,1,2
niteskolar,1,0,1
nitess,0,1,1
nitesss,0,1,1
nitetime,1,0,1
nitetwits,0,1,1
nitevoli,0,1,1
nitexx,0,1,1
nitexxxx,1,0,1
nitey,18,43,61
niteynite,0,3,3
niteys,0,1,1
niteyyyy,0,1,1
nitez,4,8,12
nitezzz,2,1,3
nither,1,0,1
nithing,3,1,4
nitie,0,1,1
nitieee,1,0,1
nitin,2,1,3
niting,1,0,1
nitipin,1,0,1
nitish,0,1,1
nitk,1,0,1
nitkowski,0,1,1
nitle,0,1,1
nitlecamp,0,2,2
nitm,0,1,1
nitn,1,0,1
nito,1,1,2
nitpick,0,2,2
nitpicker,1,1,2
nitpicks,0,1,1
nitpicky,0,1,1
nitrate,0,1,1
nitrates,1,0,1
nitric,1,0,1
nitro,8,11,19
nitrogen,4,3,7
nitrojohn,0,1,1
nitrolicous,1,0,1
nitrous,2,4,6
nitrox,0,1,1
nits,5,2,7
nitsas,0,1,1
nittany,1,0,1
nitte,0,1,1
nittee,0,1,1
nitto,2,0,2
nittrees,1,0,1
nitttttteeeee,0,1,1
nitty,2,6,8
nitwit,1,1,2
nitz,0,1,1
nitzer,0,1,1
niu,0,2,2
niunia,0,2,2
niv,1,1,2
nivan,0,1,1
nivana,1,0,1
nivarna,0,1,1
nive,1,3,4
nivea,7,4,11
nivel,1,1,2
niver,0,2,2
niveyah,1,0,1
nividia,0,1,1
nivine,1,0,1
nivk,1,0,1
niw,4,0,4
niway,1,0,1
nix,7,12,19
nixa,2,0,2
nixe,1,1,2
nixed,8,0,8
nixie,1,2,3
nixiepixel,1,0,1
nixies,1,0,1
nixing,3,0,3
nixon,7,13,20
nixxed,1,0,1
niy,2,0,2
niya,7,5,12
niyah,0,2,2
niyan,0,1,1
niyana,1,2,3
niyazi,1,0,1
niyeda,0,1,1
niyei,0,1,1
niyi,3,0,3
niyia,0,1,1
niyo,3,11,14
niyong,0,1,1
niyy,1,0,1
niz,1,3,4
niza,0,1,1
nizam,0,1,1
nizar,1,0,1
nization,0,1,1
nize,1,0,1
nizight,0,1,1
nizkou,1,0,1
nizmlab,0,1,1
nizmo,0,1,1
nizz,0,1,1
nizza,1,1,2
nizzie,0,1,1
nizzight,0,1,1
nizzle,2,2,4
nizzow,0,1,1
nizzzzllleee,0,1,1
nj,218,151,369
nja,0,1,1
njah,1,0,1
njan,1,0,1
njanjanja,0,1,1
njc,0,1,1
njdfatrain,1,0,1
njdotnet,0,1,1
njem,0,1,1
njerit,1,0,1
njhalo,1,0,1
nji,0,2,2
njih,0,1,1
njmp,0,1,1
njn,1,0,1
njness,0,1,1
njo,1,0,1
njoi,0,1,1
njoy,10,18,28
njoyable,0,1,1
njoyd,0,1,1
njoyed,2,2,4
njoyin,0,2,2
njoying,1,5,6
njoyn,1,0,1
njpac,1,0,1
njscbwi,0,1,1
njt,1,0,1
njtransit,3,0,3
njtweetup,1,0,1
njummiie,0,1,1
njuuut,0,1,1
nk,107,130,237
nka,2,4,6
nkain,1,0,1
nkairplay,1,5,6
nkakainis,1,0,1
nkakalungkot,1,0,1
nkakapag,1,1,2
nkarmy,1,0,1
nkcia,0,1,1
nken,0,1,1
nkey,0,1,1
nkfafollow,1,0,1
nkgirl,0,1,1
nkikipag,0,1,1
nkkairplay,0,1,1
nkkaz,0,1,1
nkkpnuod,1,0,1
nkktmad,0,1,1
nkluv,0,1,1
nkme,1,0,1
nkn,1,0,1
nko,2,3,5
nkob,1,0,1
nkorea,5,1,6
nkotb,209,201,410
nkotbaustralia,1,0,1
nkotbfanforlife,0,1,1
nkotbfans,1,0,1
nkotbmorewesterncanadiandates,0,1,1
nkotbs,0,1,1
nkow,2,2,4
nkp,0,1,1
nkpag,1,0,1
nkpg,0,1,1
nkpgppicture,0,1,1
nkr,1,0,1
nks,3,37,40
nkta,1,0,1
nktb,1,0,1
nktbi,1,0,1
nkte,1,0,1
nktob,2,2,4
nktv,0,1,1
nku,4,3,7
nky,1,3,4
nkychk,1,0,1
nl,34,33,67
nla,4,0,4
nlab,2,0,2
nlang,0,4,4
nlaws,1,0,1
nlc,5,2,7
nlcs,1,1,2
nld,0,1,1
nle,0,2,2
nleft,1,0,1
nlexashmexa,0,1,1
nlg,0,1,1
nlgd,0,1,1
nlh,1,0,1
nlhe,1,2,3
nli,0,1,1
nliche,1,0,1
nlisl,1,0,1
nll,0,1,1
nlman,0,2,2
nlmn,1,0,1
nln,2,0,2
nlng,7,9,16
nlol,1,0,1
nlp,2,8,10
nls,2,0,2
nlses,0,1,1
nlt,23,2,25
nltk,0,1,1
nltracks,1,0,1
nltverse,0,1,1
nlu,0,2,2
nlv,1,0,1
nlworship,0,1,1
nly,3,5,8
nm,86,86,172
nma,3,1,4
nman,5,5,10
nmanoldnavytlga,0,1,1
nmap,1,0,1
nmat,1,0,1
nmb,3,0,3
nmbak,1,0,1
nmbc,1,0,1
nmbd,0,1,1
nmbir,1,0,1
nmc,1,1,2
nmd,4,0,4
nme,18,10,28
nmea,0,1,1
nmeradio,1,0,1
nmes,0,1,1
nmew,1,0,1
nmg,3,2,5
nmh,0,3,3
nmhs,0,1,1
nmhu,1,0,1
nmimiss,1,0,1
nmin,1,5,6
nmind,0,2,2
nmisc,1,0,1
nml,2,2,4
nmlg,1,0,1
nmm,3,4,7
nmmm,2,1,3
nmn,15,7,22
nmon,0,1,1
nmore,1,0,1
nmoutou,1,0,1
nmp,1,0,1
nmpk,0,1,1
nmprettygirl,0,1,1
nmpro,0,1,1
nmr,2,0,2
nmra,1,0,1
nmrk,0,1,1
nms,0,3,3
nmss,1,0,1
nmsu,0,1,1
nmt,2,0,2
nmtb,1,0,1
nmtweetup,0,2,2
nmu,2,0,2
nn,16,10,26
nna,7,3,10
nnammmmeeeee,0,1,1
nnatm,0,1,1
nnb,1,0,1
nnboll,0,1,1
nnc,0,4,4
nndun,1,0,1
nne,2,1,3
nnection,3,0,3
nned,3,1,4
nneka,1,0,1
nnekamarie,1,0,1
nnel,1,0,1
nnen,1,0,1
nner,0,2,2
nnersache,1,0,1
nnever,1,0,1
nnext,0,1,1
nng,0,1,1
nngh,0,1,1
nnghghgnghh,0,1,1
nnice,0,1,1
nnid,0,1,1
nnie,1,0,1
nniemi,0,1,1
nnight,0,1,1
nning,1,0,1
nnl,0,1,1
nnman,1,1,2
nnmn,1,0,1
nnn,6,0,6
nnnaaa,1,0,1
nnnggh,1,0,1
nnngh,1,2,3
nnniiiccceee,0,1,1
nnnn,1,3,4
nnnnapping,0,1,1
nnnng,1,0,1
nnnnggh,1,0,1
nnnnneeeeeed,1,0,1
nnnnngh,1,0,1
nnnnniiiiggghhhhtttt,0,1,1
nnnnnn,0,1,1
nnnnnnnnnn,0,1,1
nnnnnnnnnnnnn,1,0,1
nnnnnnnnnnnnnnnnnnnnnnnnnnnnnnnnnnnnnooooooooooooooooooooooooooooooooooooo,1,0,1
nnnnnnnnnoooooooo,0,1,1
nnnnnnnnnooooooooooooo,1,0,1
nnnnnnnnoooooooo,1,0,1
nnnnnnoooooooo,2,0,2
nnnnnnoooooooooo,1,0,1
nnnnnoooo,2,0,2
nnnnnooooooo,1,0,1
nnnnnoooooooooo,1,1,2
nnnnnoooooooooooo,1,0,1
nnnnnooottttthhhhhhhhhiiinnnggg,1,0,1
nnnnnope,1,0,1
nnnnoooo,4,0,4
nnnnooooo,1,0,1
nnnnoooooo,1,1,2
nnnnooooooo,0,1,1
nnnnooooooooo,1,0,1
nnnnoooooooooooooooo,1,0,1
nnnnooooooooooooooooooo,1,0,1
nnnnope,1,0,1
nnnntttttthh,0,1,1
nnnooo,2,0,2
nnnooooo,2,0,2
nnnoooooo,1,0,1
nnnooooooo,2,0,2
nnnope,0,1,1
nno,4,0,4
nnoitra,1,0,1
nnoo,1,0,1
nnooo,5,1,6
nnoooo,5,1,6
nnooooo,1,0,1
nnoooooooo,1,0,1
nnoooooooooo,1,0,1
nnot,2,3,5
nnother,0,1,1
nnottttt,0,1,1
nnow,1,2,3
nnoying,1,0,1
nnppngiti,0,1,1
nnss,0,1,1
nnt,1,3,4
nntn,5,1,6
nntnnya,2,0,2
nntp,0,1,1
nnu,0,1,1
nnw,1,1,2
nny,1,1,2
nnyay,0,1,1
nnyen,0,1,1
no,54416,22568,76984
noa,2,4,6
noaa,0,1,1
noaaaaaa,0,1,1
noaccountnamecheck,1,0,1
noach,0,1,1
noack,1,0,1
noagenda,3,2,5
noah,74,93,167
noahbratzel,0,1,1
noahdmadsen,1,0,1
noahs,1,1,2
noakesy,0,1,1
noaksy,0,1,1
noam,0,2,2
noaptea,0,1,1
noarchive,0,1,1
noard,1,0,1
noas,0,1,1
noassetol,1,0,1
noaw,0,1,1
nob,9,4,13
nobake,0,1,1
nobbbbbyyy,0,1,1
nobbing,1,1,2
nobbq,0,1,1
nobbs,1,1,2
nobby,1,4,5
nobdoy,1,0,1
nobdy,7,2,9
nobe,1,0,1
nobel,2,16,18
nobhead,1,0,1
nobheads,0,1,1
nobi,3,0,3
nobigdeal,0,1,1
nobile,0,1,1
nobilis,0,1,1
nobility,0,1,1
nobita,1,0,1
nobitchassness,0,1,1
nobitchassnessfriday,1,13,14
noble,52,60,112
nobler,0,1,1
nobles,6,8,14
noblest,0,1,1
noblesville,3,1,4
nobly,0,1,1
noboby,1,3,4
noboddddyyyy,0,1,1
nobodeeehhhh,1,0,1
nobodi,1,0,1
nobodies,8,1,9
nobodu,0,1,1
nobody,1342,416,1758
nobodys,26,4,30
nobodyy,1,0,1
nobodyyyyy,1,1,2
nobodyz,0,2,2
nobooodyyy,1,0,1
nobosy,0,1,1
noboy,1,0,1
nobpdy,1,0,1
nobritish,1,0,1
nobs,3,4,7
nobu,1,8,9
nobudy,1,1,2
nobuta,1,0,1
nobuuuuuuu,1,0,1
nobvody,1,0,1
noby,4,2,6
noc,0,4,4
nocable,1,0,1
nocal,0,1,1
nocar,1,0,1
nocci,1,1,2
noce,0,1,1
nocebo,0,1,1
nocera,0,1,1
noch,8,10,18
noche,5,17,22
noches,9,40,49
nochess,0,1,1
nochesssss,0,1,1
nochi,0,1,1
nochmal,0,1,1
nociolla,0,1,1
nockels,1,1,2
nockin,0,1,1
nockles,0,1,1
nocks,1,0,1
noclip,2,0,2
nocnocnocnocnocnocadoodledoooooo,1,0,1
noco,0,1,1
nocoffee,1,0,1
nocoffeeorshoppingnekkid,0,1,1
nocommentisacomment,0,1,1
nocternal,1,0,1
noctilux,1,1,2
noctis,0,1,1
noctural,2,0,2
nocturn,1,0,1
nocturnal,22,41,63
nocturnalism,0,1,1
nocturnall,0,1,1
nocturnals,0,4,4
nocturne,3,1,4
noctweetup,1,0,1
noculars,1,0,1
nod,16,39,55
noda,1,1,2
nodahawk,0,1,1
nodaji,1,0,1
nodalfnaodvbeya,1,0,1
nodame,1,3,4
nodaybut,2,0,2
nodd,1,0,1
nodded,6,6,12
noddin,0,2,2
nodding,13,23,36
noddingtons,1,0,1
noddle,1,0,1
noddles,1,3,4
noddy,1,3,4
node,3,7,10
noder,0,1,1
nodes,5,4,9
nodeska,0,1,1
nodisko,1,0,1
nodnod,1,1,2
nodnodnodnodnodnods,1,0,1
nodoc,1,0,1
nodoubt,1,3,4
nodoz,2,1,3
nodq,1,1,2
nods,14,44,58
nodsnodsnodsnodsnods,0,1,1
nodules,2,1,3
nodwick,0,1,1
noe,83,39,122
noearlymornings,0,1,1
noee,1,2,3
noeee,1,0,1
noeeees,0,1,1
noeees,1,0,1
noeess,1,0,1
noein,1,0,1
noel,13,29,42
noelan,1,0,1
noelanders,0,1,1
noele,1,0,1
noeleen,0,2,2
noelia,2,0,2
noelie,0,1,1
noell,0,1,1
noelle,13,19,32
noelles,1,0,1
noelski,0,1,1
noemi,1,0,1
noemifrancis,1,0,1
noes,340,21,361
noesh,1,0,1
noess,1,0,1
noesss,3,0,3
noessssss,1,0,1
noeud,0,1,1
noexcuse,0,1,1
noey,1,2,3
noez,20,3,23
nofair,1,0,1
nofakery,3,0,3
nofe,0,1,1
nofee,1,0,1
noffolow,1,0,1
nofilterfriday,1,0,1
nofin,2,1,3
nofit,0,1,1
nofnx,2,0,2
nofollow,3,6,9
nofree,1,0,1
nofx,8,5,13
nofzz,0,1,1
nog,4,4,8
nogard,0,1,1
nogg,1,0,1
noggin,16,9,25
nogginers,0,1,1
nogh,1,0,1
noght,4,0,4
noghty,0,1,1
nogigernoalien,0,1,1
nogo,3,0,3
nogocookingshow,1,0,1
nogoodsoldier,0,1,1
nogoom,0,2,2
nogueira,0,1,1
noh,12,12,24
nohelp,0,1,1
nohemie,1,0,1
nohhhh,1,0,1
nohing,2,0,2
noho,3,4,7
nohomo,1,2,3
nohookieforme,1,0,1
noht,1,0,1
nohwpetition,0,1,1
nohy,0,2,2
noi,4,10,14
noia,0,1,1
noiccee,0,1,1
noice,13,20,33
noiced,0,1,1
noicee,0,1,1
noiceeee,0,1,1
noices,0,2,2
noid,0,1,1
noida,3,4,7
noidea,1,1,2
noie,6,2,8
noifam,0,1,1
noifsandsormybs,1,0,1
noight,0,1,1
noiiice,0,1,1
noiiiice,1,0,1
noiiiiice,0,1,1
noindex,0,1,1
noing,1,1,2
noinviteforme,1,0,1
noiphoneofmyown,0,1,1
noir,11,25,36
noire,1,1,2
noirin,7,2,9
noirmasterplot,1,0,1
noirweek,2,0,2
nois,1,1,2
noise,306,186,492
noiseeee,1,0,1
noiseless,0,2,2
noiserock,0,1,1
noises,133,57,190
noisettes,1,8,9
noisetts,0,1,1
noisey,9,2,11
noisia,0,1,1
noisier,2,1,3
noisiest,1,0,1
noising,0,1,1
noisome,0,1,1
noisy,108,55,163
noisytimes,1,0,1
noisyyyyy,1,0,1
noit,0,1,1
noitche,0,1,1
noite,8,26,34
noitee,1,0,1
noiteeee,0,1,1
noites,0,1,1
noithing,1,0,1
noiticed,1,0,1
noitworld,1,1,2
noiva,0,1,1
noiw,0,1,1
noix,0,1,1
noize,4,2,6
nojo,3,0,3
nojock,0,1,1
nojoe,0,1,1
nojoo,1,0,1
nojos,1,0,1
nojossnobuffy,0,1,1
nok,0,5,5
nokd,1,0,1
noke,1,1,2
noki,2,0,2
nokia,163,165,328
nokiabrowser,0,1,1
nokiae,1,0,1
nokias,2,2,4
nokiaworld,1,0,1
nokie,1,0,1
nokiu,0,1,1
nokla,0,1,1
noko,1,0,1
nokogiri,3,1,4
nokomis,1,0,1
nokonoko,1,0,1
nokor,1,0,1
nol,0,2,2
nola,30,30,60
nolabear,1,0,1
nolachick,0,1,1
nolad,1,0,1
noladarling,1,0,1
nolah,1,1,2
nolan,8,10,18
nolana,0,1,1
nolanator,0,1,1
nolans,5,4,9
nolar,1,0,1
nole,13,4,17
nolej,0,1,1
nolekad,1,0,1
noles,3,0,3
nolex,1,0,1
noli,5,2,7
nolibs,1,0,1
nolie,1,1,2
nolife,1,1,2
nolifer,0,1,1
nolifing,0,1,1
nolikt,0,1,1
nolita,1,0,1
noll,1,1,2
noller,1,0,1
nollywood,0,1,1
nolo,0,1,1
nolonger,1,1,2
nolongin,0,1,1
nolove,3,0,3
nols,0,1,1
nolstagic,1,0,1
nolt,1,0,1
noltagic,1,0,1
nolte,0,1,1
noluck,1,0,1
nom,126,388,514
noma,0,1,1
nomad,4,3,7
nomade,0,1,1
nomadic,0,4,4
nomadicon,0,1,1
nomads,0,2,2
nomage,1,0,1
nomaintance,1,0,1
nomaintenance,0,5,5
nomar,2,0,2
nomas,1,0,1
nomat,1,0,1
nomather,1,0,1
nomatter,4,1,5
nomatterhowoldigeti,1,0,1
nombray,0,1,1
nombre,1,3,4
nome,0,5,5
nomed,1,0,1
nomercy,1,0,1
nomes,0,3,3
nomest,1,0,1
nomfest,0,1,1
nomi,3,1,4
nomikai,1,0,1
nomilicious,0,1,1
nomina,0,1,1
nominal,1,2,3
nominatd,1,0,1
nominate,9,12,21
nominated,33,108,141
nominatedd,0,1,1
nominating,0,3,3
nomination,2,21,23
nominations,11,29,40
nominee,2,7,9
nominees,6,12,18
noming,2,5,7
nomintaed,0,1,1
nomintated,0,1,1
nomis,1,0,1
nomisc,1,0,1
nomish,1,0,1
nomium,0,1,1
nomje,0,1,1
nomm,1,2,3
nommable,0,1,1
nommage,1,0,1
nommed,4,1,5
nommers,1,0,1
nommin,2,2,4
nomming,7,11,18
nommm,0,2,2
nommmm,1,1,2
nommnomm,0,1,1
nommy,7,4,11
nomnom,9,11,20
nomnommy,0,1,1
nomnomnom,3,27,30
nomnomnomnew,0,1,1
nomnomnomnom,1,2,3
nomnomnomnomnomon,0,1,1
nomnomnonmonmonmnonm,0,1,1
nomnoms,2,0,2
nomo,0,3,3
nomoe,1,0,1
nomoney,1,0,1
nomonnomonom,1,0,1
nomore,49,4,53
nomorefailwhale,0,5,5
nomorepinkhair,1,0,1
nomores,1,0,1
nomoreschool,0,1,1
noms,15,24,39
nomt,0,1,1
nomunge,1,0,1
nomweenies,0,1,1
nomz,1,2,3
non,692,588,1280
nona,4,6,10
nonaaaa,1,0,1
nonability,1,0,1
nonactiviatingaftersevenpmeasternonsaturdays,1,0,1
nonadventures,1,0,1
nonalcoholic,1,0,1
noname,0,1,1
nonanimal,1,0,1
nonary,0,1,1
nonas,0,1,1
nonbar,0,1,1
nonbaryonic,0,1,1
nonbelievers,1,0,1
nonblood,0,1,1
nonbot,0,1,1
nonbreaking,0,1,1
noncaringperson,1,0,1
nonchalance,1,0,1
nonchalant,1,4,5
nonchalantly,0,1,1
nonchinese,0,1,1
nonclamp,0,1,1
noncompete,1,0,1
nonconformist,0,1,1
nonconnah,1,0,1
nonconverting,1,0,1
nonderju,1,0,1
nondrousy,1,0,1
nonducor,0,1,1
none,1241,349,1590
noneee,1,0,1
nonense,0,1,1
nones,2,0,2
nonesense,1,1,2
nonetheless,37,96,133
nonethless,0,1,1
nonexciting,1,0,1
nonexistance,0,1,1
nonexistant,4,0,4
nonexistence,2,0,2
nonexistent,15,2,17
noney,0,1,1
nonfat,3,4,7
nonfiction,0,1,1
nonfunctional,4,0,4
nonfunctionally,1,0,1
nonfunctionalproductive,1,0,1
nong,2,4,6
nongkrong,0,1,1
nongkrongin,0,1,1
nongreen,1,0,1
nonhuman,0,1,1
noni,3,3,6
nonie,0,1,1
nonikins,0,1,1
noninvasive,1,0,1
nonissue,0,1,1
nonizineatgmaildotcom,0,1,1
nonlinear,0,1,1
nonlinux,0,1,1
nonlong,1,0,1
nonmedicated,1,0,1
nonminified,1,0,1
nonna,9,5,14
nonnas,1,0,1
nonnemacher,1,0,1
nonni,1,0,1
nonnie,0,1,1
nonno,4,1,5
nonny,0,2,2
nono,9,12,21
nonoko,4,0,4
nonon,0,1,1
nonone,1,0,1
nonono,9,5,14
nonononnononoonono,0,1,1
nononono,1,1,2
nonononon,0,1,1
nononononono,0,1,1
nonononononono,1,0,1
nononoon,1,0,1
nononooo,1,0,1
nononooooo,1,1,2
nonooooo,0,1,1
nonooos,1,0,1
nonoy,1,0,1
nonparallel,0,1,1
nonpayment,2,0,2
nonperma,1,0,1
nonplus,0,1,1
nonproductive,1,0,1
nonprofit,3,1,4
nonprofits,0,3,3
nonpurposely,1,0,1
nonrainy,1,0,1
nonref,1,0,1
nonrelative,0,1,1
nonrest,0,1,1
nonsene,1,0,1
nonsense,61,86,147
nonsensical,3,10,13
nonshy,0,1,1
nonsick,1,0,1
nonsleepiness,1,0,1
nonsleepy,1,0,1
nonstandard,1,0,1
nonstandardized,1,0,1
nonstop,60,25,85
nonstopping,1,0,1
nonsurprising,1,0,1
nontheless,1,2,3
nonthing,1,0,1
nonthreatening,0,1,1
nonton,13,17,30
nontonin,0,1,1
nontooon,1,0,1
nontoooonn,1,0,1
nontoooonnnnnnn,1,0,1
nontragic,1,0,1
nontweetinggirlfriend,1,0,1
nontwitter,0,1,1
nonuniform,1,0,1
nonvaxed,0,1,1
nonvegan,0,1,1
nonverbal,0,1,1
nonviolent,0,1,1
nonw,2,0,2
nonworking,0,1,1
nony,2,0,2
nonye,1,1,2
noo,484,135,619
noob,49,31,80
noobcake,0,1,1
noobicide,0,1,1
noobie,0,1,1
noobies,0,1,1
noobish,1,3,4
noobishness,1,0,1
nooblet,1,0,1
noobrs,1,0,1
noobs,12,19,31
noobtubes,0,1,1
nood,1,2,3
noodells,0,1,1
noodels,1,1,2
noodie,0,1,1
noodle,105,96,201
noodlebar,1,0,1
noodlebox,0,1,1
noodled,0,1,1
noodleess,0,1,1
noodlely,0,1,1
noodler,1,3,4
noodles,210,227,437
noodlessss,0,1,1
noodlesssss,0,2,2
noodlestrength,0,1,1
noodleword,0,1,1
noodleys,0,1,1
noodling,0,2,2
noodly,0,1,1
noods,0,2,2
noody,1,0,1
noodys,1,0,1
noodz,0,1,1
nooes,2,1,3
noog,1,0,1
noogie,0,2,2
noogies,1,0,1
noogle,1,0,1
nooglers,1,0,1
nooiiiceeeeee,0,1,1
nooioooooooooo,1,0,1
nooit,2,0,2
nooite,1,1,2
nook,6,4,10
nookie,3,6,9
nooks,0,1,1
nookshires,0,1,1
nookway,1,0,1
nooly,0,2,2
noom,1,0,1
noon,302,266,568
noonan,2,2,4
noonas,0,1,1
noonday,2,2,4
noone,230,152,382
noonefuckswithjakks,0,1,1
noonefuckswithjakksinboston,0,1,1
nooner,1,1,2
noonerville,0,1,1
noones,17,4,21
noong,1,1,2
noongah,1,0,1
nooni,0,1,1
noonie,1,0,1
noonies,0,1,1
nooning,0,1,1
noonish,2,8,10
noonnnne,1,0,1
noons,0,1,1
noontime,2,2,4
noonw,2,0,2
nooo,853,164,1017
nooob,1,0,1
nooobody,2,0,2
nooodleeees,1,0,1
nooodles,1,1,2
noooeeeesssss,1,0,1
noooes,4,1,5
noooez,1,0,1
noooice,0,1,1
noooise,0,1,1
noooka,1,0,1
nooomy,1,0,1
nooone,2,0,2
noooo,813,121,934
noooob,1,1,2
nooooes,2,1,3
nooooess,1,0,1
noooofiiiin,1,0,1
nooooize,0,1,1
noooon,1,1,2
nooooo,473,41,514
nooooob,0,1,1
noooooes,1,0,1
noooooez,1,0,1
noooooice,0,1,1
noooooise,0,1,1
noooooo,294,26,320
noooooob,1,0,1
noooooobody,0,1,1
noooooom,2,0,2
nooooooo,183,19,202
noooooooes,1,0,1
nooooooom,1,0,1
noooooooo,119,12,131
nooooooooi,1,0,1
nooooooooo,96,14,110
nooooooooob,0,1,1
noooooooooes,1,0,1
noooooooooo,87,3,90
nooooooooooo,62,4,66
noooooooooooo,44,3,47
nooooooooooooo,40,2,42
noooooooooooooo,20,1,21
nooooooooooooooo,20,1,21
noooooooooooooooo,21,2,23
nooooooooooooooooo,14,1,15
nooooooooooooooooones,1,0,1
noooooooooooooooooo,14,4,18
nooooooooooooooooooo,15,1,16
noooooooooooooooooooo,10,0,10
nooooooooooooooooooooo,6,0,6
noooooooooooooooooooooo,9,1,10
nooooooooooooooooooooooo,3,0,3
noooooooooooooooooooooooo,4,0,4
nooooooooooooooooooooooooo,2,0,2
noooooooooooooooooooooooooo,6,0,6
nooooooooooooooooooooooooooo,2,0,2
noooooooooooooooooooooooooooo,2,0,2
nooooooooooooooooooooooooooooo,1,0,1
noooooooooooooooooooooooooooooo,2,0,2
nooooooooooooooooooooooooooooooo,1,0,1
nooooooooooooooooooooooooooooooooo,4,0,4
noooooooooooooooooooooooooooooooooo,3,0,3
noooooooooooooooooooooooooooooooooooo,1,1,2
nooooooooooooooooooooooooooooooooooooo,1,0,1
noooooooooooooooooooooooooooooooooooooo,3,0,3
nooooooooooooooooooooooooooooooooooooooo,2,0,2
nooooooooooooooooooooooooooooooooooooooooooo,3,0,3
noooooooooooooooooooooooooooooooooooooooooooo,1,0,1
nooooooooooooooooooooooooooooooooooooooooooooooooooo,1,0,1
noooooooooooooooooooooooooooooooooooooooooooooooooooooooo,1,0,1
noooooooooooooooooooooooooooooooooooooooooooooooooooooooooo,1,0,1
nooooooooooooooooooooooooooooooooooooooooooooooooooooooooooo,1,0,1
nooooooooooooooooooooooooooooooooooooooooooooooooooooooooooooooooo,1,0,1
nooooooooooooooooooooooooooooooooooooooooooooooooooooooooooooooooooooooooooooooooooooooooooooooooooooooooooooo,1,0,1
noooooooooooooooooooooooooooooooooooooooot,0,1,1
noooooooooooooooooow,0,1,1
nooooooooooooooot,1,0,1
noooooooooooooot,1,0,1
nooooooooooooot,1,0,1
nooooooooooope,0,1,1
noooooooooot,1,0,1
nooooooooow,2,1,3
noooooooor,0,1,1
noooooooow,1,2,3
nooooooot,1,0,1
noooooootttt,1,0,1
noooooope,0,1,1
noooooot,1,0,1
noooooow,2,2,4
noooooowhere,1,0,1
nooooope,0,2,2
nooooormalllll,1,0,1
nooooose,1,0,1
nooooossssseeeeee,1,0,1
nooooot,4,0,4
nooooothing,1,0,1
nooooottt,1,0,1
noooootttttttt,1,0,1
nooooou,1,0,1
nooooow,7,5,12
nooooowwww,0,1,1
noooop,1,0,1
noooope,1,0,1
noooot,9,2,11
noooothing,1,2,3
noooow,8,7,15
noooowww,3,0,3
noooowwww,1,0,1
nooope,6,1,7
nooopee,1,0,1
nooops,1,0,1
nooot,7,3,10
nooothhhhin,0,1,1
nooothing,7,0,7
nooow,12,13,25
nooowaaay,1,0,1
noooww,1,1,2
noooz,1,0,1
noop,1,5,6
noope,1,2,3
noopy,5,4,9
noor,2,3,5
noora,1,0,1
nooral,1,0,1
noordhoek,1,0,1
noordinary,1,0,1
noordwijk,0,2,2
noordwyk,0,1,1
noorrrr,0,1,1
noorul,0,1,1
noory,1,0,1
noosa,4,10,14
noose,3,1,4
noosee,1,0,1
noosh,0,1,1
noosphere,0,1,1
noot,6,1,7
noothhingg,1,0,1
noothing,2,2,4
noott,2,0,2
noouch,0,1,1
noow,5,13,18
noowaaay,1,0,1
noowowowoow,0,1,1
nooww,1,0,1
noowwowowowowo,1,0,1
noowww,1,3,4
noozz,1,0,1
nop,18,12,30
nopai,0,1,1
nopal,1,0,1
nopalitos,0,1,1
nopants,1,2,3
nopantsdance,0,3,3
nopantsfriday,0,2,2
nopantstuesday,0,2,2
nopass,1,0,1
nopawn,2,0,2
nopay,0,1,1
nope,1635,1066,2701
nopee,10,13,23
nopeee,6,5,11
nopeeee,2,1,3
nopeeeee,2,1,3
nopeeeeee,1,0,1
nopeomg,1,0,1
nopers,3,1,4
noperss,1,0,1
nopes,15,14,29
nophon,1,0,1
nopietnas,0,1,1
nopiiez,1,0,1
noplace,1,2,3
noplaythursday,1,0,1
nopo,1,0,1
nopp,0,1,1
noppe,1,2,3
noppee,0,1,1
noppeee,2,1,3
noppers,0,1,1
noprob,0,1,1
noproblem,0,1,1
nops,0,1,1
nopt,1,0,1
noptth,0,1,1
noq,1,0,1
noqqin,1,0,1
nor,276,126,402
nora,16,33,49
noradio,1,0,1
noraebang,1,0,1
noraebanging,0,1,1
norah,9,38,47
norahs,6,2,8
norak,1,2,3
noraknowsbest,1,0,1
noramlly,1,0,1
noraniza,1,1,2
noras,2,2,4
norassed,1,0,1
norastewart,0,1,1
noray,0,1,1
norbert,0,5,5
norbit,1,4,5
norcal,19,15,34
norcals,0,1,1
norco,2,1,3
norcos,1,0,1
norcross,1,0,1
nord,3,4,7
norden,1,1,2
norderney,0,2,2
nordestino,1,0,1
nordhorn,1,0,1
nordic,5,12,17
nordica,1,0,1
nordics,0,1,1
nordictrac,1,0,1
nordie,2,0,2
nordies,1,0,1
nordkapp,0,1,1
nordkjosmessa,0,1,1
nordlysjenta,0,1,1
nordmarka,0,1,1
nordrack,1,0,1
nordschleife,0,1,1
nordstoms,1,0,1
nordstorm,0,1,1
nordstorms,0,1,1
nordstrom,17,25,42
nordstroms,2,5,7
nordvest,0,1,1
nordy,0,1,1
nore,4,1,5
norebang,1,0,1
noreeeeeen,0,1,1
noreeen,1,0,1
noreen,1,2,3
noreevictoria,0,1,1
norefjell,0,1,1
noreful,1,0,1
noregion,0,1,1
norelli,1,0,1
noreservations,0,1,1
norf,3,2,5
norff,0,1,1
norfolk,28,27,55
norge,1,1,2
norh,1,0,1
norhane,1,0,1
norhtern,0,1,1
nori,7,2,9
noria,1,0,1
noriah,0,1,1
noriega,0,2,2
noriiii,0,1,1
norit,1,0,1
norita,0,1,1
nork,0,1,1
norm,31,34,65
norma,8,9,17
normaal,1,0,1
normail,1,1,2
normal,790,760,1550
normalcy,3,1,4
normale,0,1,1
normalisation,0,1,1
normalise,1,0,1
normalised,1,0,1
normality,10,9,19
normalization,1,0,1
normalizes,0,1,1
normall,0,1,1
normalll,1,0,1
normallly,0,1,1
normally,285,215,500
normalness,0,1,1
normalno,0,1,1
normalwise,1,0,1
normaly,7,3,10
normalz,1,0,1
norman,30,16,46
normana,1,0,1
normanby,2,0,2
normandie,1,0,1
normandy,8,21,29
normanlly,1,0,1
normans,1,0,1
normanstock,0,1,1
normany,1,0,1
normative,1,0,1
norme,0,2,2
normel,0,1,1
normie,1,0,1
normiii,1,0,1
normo,1,0,1
normore,0,1,1
normous,0,1,1
norms,2,6,8
normthepug,0,1,1
normu,0,1,1
normus,0,1,1
norn,2,3,5
nornal,1,0,1
norning,0,3,3
nornmally,1,0,1
noro,1,1,2
norohna,1,0,1
noroligist,1,0,1
noron,0,1,1
noronha,4,0,4
noront,0,1,1
norr,0,1,1
norrell,1,0,1
norridge,1,0,1
norries,0,1,1
norris,17,32,49
norrk,1,1,2
norrland,1,0,1
norrr,1,1,2
norrrappppy,1,0,1
norrrmalll,1,0,1
norse,3,1,4
norsiah,1,0,1
norsj,1,0,1
norsk,0,1,1
norskart,0,1,1
nort,1,0,1
nortan,0,1,1
norte,1,6,7
nortel,2,3,5
north,508,477,985
northallerton,1,0,1
northam,1,0,1
northamerica,0,1,1
northamericans,1,0,1
northampton,7,12,19
northan,1,0,1
northanger,1,1,2
northants,1,2,3
northbay,1,0,1
northblues,0,1,1
northbound,6,1,7
northbridge,2,0,2
northcarolina,1,0,1
northcote,1,0,1
northdevon,0,1,1
northdowns,1,0,1
northe,1,0,1
northeast,21,17,38
northeastern,3,3,6
northeasttweets,1,0,1
northen,0,4,4
northend,0,1,1
northenders,1,0,1
northener,0,1,1
northeners,0,1,1
northerly,2,0,2
northern,89,91,180
northerner,1,1,2
northerners,1,4,5
northernlight,0,2,2
northernmost,0,1,1
northers,0,1,1
northest,1,0,1
northface,3,0,3
northgate,3,2,5
northhead,1,0,1
northhh,0,1,1
northie,0,1,1
northies,1,1,2
northing,0,1,1
northland,1,3,4
northlands,0,1,1
northman,1,0,1
northmont,1,0,1
northolt,1,1,2
northone,0,1,1
northpark,2,2,4
northparkjungleshorts,1,0,1
northpoint,3,2,5
northpole,0,1,1
northport,0,1,1
northrend,1,3,4
northridge,5,5,10
northrop,1,0,1
northrup,1,1,2
norths,0,1,1
northshore,0,3,3
northside,7,6,13
northsider,1,0,1
northsides,1,0,1
northstar,3,1,4
northtown,0,1,1
northtowns,0,1,1
northumberland,1,4,5
northumbria,3,0,3
northvale,0,1,1
northview,3,2,5
northville,1,1,2
northwall,1,0,1
northward,0,1,1
northwards,1,0,1
northwest,16,25,41
northwestern,9,4,13
northwich,1,0,1
northwind,1,2,3
northwood,0,6,6
northwoods,2,3,5
norti,1,0,1
norton,23,31,54
nortons,0,1,1
nortweeters,0,1,1
norty,0,1,1
nortytwitpic,1,0,1
norwaaaay,0,1,1
norwaigen,1,0,1
norwalk,6,3,9
norwan,0,1,1
norway,106,277,383
norways,0,2,2
norwegain,0,1,1
norwegan,0,2,2
norwegen,0,1,1
norwegian,18,64,82
norwegianmashup,1,0,1
norwegians,4,8,12
norweigan,1,3,4
norweigen,1,0,1
norweigian,0,1,1
norweign,1,0,1
norwell,1,0,1
norwexicans,0,1,1
norwgeian,0,1,1
norwhich,0,1,1
norwich,40,27,67
norwichs,0,1,1
norwick,1,0,1
norwish,0,2,2
norwood,3,6,9
norzagaray,1,0,1
nos,32,24,56
nosaaaa,0,1,1
noscript,3,3,6
nose,1368,315,1683
nosebleed,33,9,42
nosebleeders,1,0,1
nosebleeding,2,0,2
nosebleeds,20,1,21
nosecondchance,0,1,1
nosed,5,0,5
nosedived,1,0,1
nosedives,1,0,1
nosee,4,1,5
noseee,0,1,1
noseeee,1,0,1
noseeeee,2,0,2
noseeeeeeeeeee,1,0,1
noseeyyy,0,1,1
nosel,1,0,1
noseless,1,0,1
nosely,0,1,1
nosepins,1,0,1
noseplug,1,0,1
noser,0,1,1
noservicefeewednesdays,0,1,1
noses,26,20,46
nosespray,1,0,1
nosetap,7,2,9
nosetaps,1,0,1
nosete,1,0,1
nosetip,0,1,1
nosex,2,0,2
nosey,21,42,63
noseyness,0,1,1
noseys,1,0,1
nosferatu,0,2,2
nosh,5,4,9
noshed,0,1,1
noshing,0,1,1
noshit,2,3,5
nosie,1,1,2
nosignal,1,0,1
nosiness,0,1,1
nosing,0,4,4
noskheye,0,1,1
noslurpee,1,0,1
nosmallfeat,0,1,1
nosology,1,0,1
nosotras,0,1,1
nosound,1,0,1
nosoupforyou,1,0,1
nospacebar,0,1,1
nospam,0,1,1
nospec,1,0,1
nospoilers,0,1,1
nossa,1,1,2
nossas,1,2,3
nossing,1,0,1
nosso,0,4,4
nossos,1,1,2
nost,0,1,1
nostagic,1,0,1
nostalagic,1,0,1
nostale,0,1,1
nostalgia,37,42,79
nostalgic,77,56,133
nostalgicfeelings,0,1,1
nostalgicness,1,0,1
nostalgie,0,2,2
nostaligia,0,1,1
nostra,1,0,1
nostrail,1,0,1
nostral,1,0,1
nostrand,1,0,1
nostrels,0,1,1
nostri,0,1,1
nostril,12,2,14
nostrils,11,6,17
nostromo,2,1,3
nostrovite,0,1,1
nosugar,0,1,1
nosurprise,1,0,1
nosweetspolicy,1,0,1
noswitch,1,0,1
nosy,19,27,46
nosyness,0,1,1
not,194724,86861,281585
nota,2,1,3
notable,6,3,9
notables,0,1,1
notacareintheworld,1,0,1
notaccurate,1,0,1
notacon,1,4,5
notadoctor,0,1,1
notadream,1,0,1
notafanofrugby,1,0,1
notafraidtobeservicey,0,1,1
notagain,1,0,1
notahater,0,1,1
notakraut,0,1,1
notalia,3,0,3
notallnerdslovebacon,1,0,1
notams,0,1,1
notanarchy,1,0,1
notankz,1,0,1
notanswer,1,0,1
notapad,1,0,1
notaperv,1,0,1
notaron,0,1,1
notary,1,4,5
notas,1,0,1
notastalker,0,2,2
notatbea,0,1,1
notatin,0,1,1
notation,2,1,3
notatleaky,1,0,1
notavailableincountry,1,0,1
notba,1,0,1
notbb,1,0,1
notbeing,1,0,1
notbiasedatall,0,1,1
notc,0,1,1
notce,0,1,1
notch,21,37,58
notched,0,2,2
notches,1,1,2
notchhhh,0,1,1
notchyo,0,1,1
notcie,1,0,1
notcied,0,1,1
notconnect,0,1,1
notcool,1,0,1
notcut,1,0,1
notd,1,0,1
notdoingalot,0,1,1
notdressed,0,1,1
note,805,824,1629
notebok,1,0,1
notebook,143,116,259
notebookand,1,0,1
notebooked,0,1,1
notebooks,11,25,36
notebooku,0,2,2
noteboook,0,1,1
notecard,1,1,2
notecards,7,5,12
notech,0,1,1
noted,14,51,65
noteee,0,1,1
noteikti,1,0,1
notemaker,1,0,1
noten,1,1,2
notep,1,0,1
notepad,15,12,27
notepads,2,0,2
notes,370,330,700
notessuxx,1,0,1
notetofollowers,0,1,1
notetogod,1,0,1
notetoself,2,0,2
noteworthy,1,1,2
notfair,1,0,1
notfeelingwell,1,0,1
notfunn,1,0,1
notgiving,0,1,1
notgoin,1,0,1
notgonna,2,0,2
noth,2,4,6
notha,0,1,1
nothando,0,1,1
nothankyouplease,1,0,1
nothanngg,0,1,1
notheing,1,1,2
nothen,2,2,4
nother,16,13,29
nothern,1,0,1
notherndownpour,1,0,1
nothg,1,0,1
nothhh,0,1,1
nothi,0,1,1
nothig,2,1,3
nothign,3,2,5
nothigs,0,1,1
nothiiiiiiing,1,1,2
nothiiiing,1,0,1
nothiing,1,3,4
nothiingg,0,1,1
nothiinnnn,0,1,1
nothimg,0,1,1
nothin,397,237,634
nothinbg,0,1,1
nothind,2,0,2
nothiness,1,0,1
nothinf,1,0,1
nothinfor,1,0,1
nothing,6832,4148,10980
nothingbutcoffee,0,1,1
nothingg,14,6,20
nothinggg,5,5,10
nothingggg,5,1,6
nothinggggg,2,2,4
nothinggggggg,3,0,3
nothinggggggggg,0,1,1
nothingggggggggg,2,0,2
nothingggggggggggggg,0,1,1
nothingggggggggggggggggggggg,0,1,1
nothingness,12,10,22
nothingpersonal,0,9,9
nothings,61,39,100
nothingth,1,0,1
nothingto,1,0,1
nothingy,1,0,1
nothink,2,0,2
nothinkg,0,1,1
nothinking,1,0,1
nothinm,1,0,1
nothinmuch,0,1,1
nothinn,2,3,5
nothinng,1,2,3
nothinngg,1,0,1
nothinngggg,1,0,1
nothinnn,2,0,2
nothinnnnng,0,1,1
nothinnnnnngggggg,1,0,1
nothinnnnnnn,1,0,1
nothinq,3,2,5
nothinqq,0,1,1
nothins,4,0,4
nothinugh,0,1,1
nothisdad,0,1,1
nothn,4,8,12
nothng,4,1,5
nothong,0,1,1
nothot,1,0,1
nothx,0,2,2
noticable,8,0,8
notice,494,449,943
noticeable,10,4,14
noticeably,6,0,6
noticed,596,552,1148
noticedthat,0,1,1
notices,31,20,51
noticia,3,1,4
noticias,4,2,6
noticible,1,0,1
noticies,1,0,1
noticin,2,1,3
noticing,60,57,117
noticisched,0,1,1
noticve,1,0,1
notie,0,1,1
notieced,0,1,1
notied,0,1,1
notiert,0,1,1
notif,0,1,1
notification,59,32,91
notificationcenter,1,0,1
notificationnya,1,0,1
notifications,82,48,130
notificaton,1,0,1
notificator,1,0,1
notified,21,12,33
notifier,5,0,5
notifiers,1,0,1
notifies,0,1,1
notifs,0,1,1
notify,9,4,13
notifying,4,0,4
notihng,0,1,1
notime,1,0,1
notin,3,0,3
noting,18,14,32
notingham,0,1,1
notion,20,13,33
notions,2,3,5
notist,0,1,1
notjing,2,0,2
notknow,1,0,1
notknowing,0,1,1
notlikely,1,0,1
notlook,1,0,1
notlooking,3,0,3
notmuch,3,0,3
notmy,1,0,1
notna,1,0,1
notnormal,1,0,1
notnot,1,0,1
noto,2,4,6
notoconass,0,2,2
notojo,1,0,1
notokay,2,0,2
noton,0,1,1
notopic,1,0,1
notoriety,1,0,1
notorious,34,28,62
notoriously,2,3,5
notorioustori,0,1,1
notorius,0,1,1
notpiechamp,1,0,1
notplaying,1,0,1
notputting,1,0,1
notquitelavender,0,1,1
notquitenigella,1,0,1
notr,0,3,3
notre,10,19,29
notreally,1,0,1
notrending,1,0,1
notrious,0,2,2
notrot,1,0,1
nots,6,2,8
notsafeforanywhere,0,1,1
notsasinc,1,0,1
notso,1,0,1
notsodarling,0,1,1
notsodry,1,0,1
notsomeness,1,0,1
notsomuch,3,1,4
notspymaster,0,1,1
notsugripp,0,1,1
notswineflu,0,1,1
nott,25,9,34
notta,0,2,2
nottalking,3,0,3
notte,1,12,13
notthat,1,1,2
notthebest,2,0,2
notthing,1,1,2
notthink,1,0,1
notti,0,1,1
notticed,0,1,1
notting,5,9,14
nottingham,38,51,89
nottinghamshire,1,0,1
nottinhill,0,1,1
nottinn,0,1,1
nottm,2,0,2
notto,2,0,2
nottreally,1,0,1
notts,21,13,34
nottt,18,5,23
notttt,16,6,22
nottttt,5,0,5
notttttt,0,1,1
nottttttt,4,0,4
notttttttt,1,0,1
nottttttttt,0,1,1
notttttttttt,0,1,1
nottweeeeted,1,0,1
nottys,0,1,1
nottz,1,0,1
notube,1,0,1
noturno,1,0,1
notv,1,1,2
notverytalkativetonightwilltrybettertomorrow,1,0,1
notw,0,1,1
notwait,0,1,1
notwgirl,1,0,1
notwhatyouhadinmind,0,1,1
notwithstanding,0,5,5
notwitterspam,0,1,1
notworking,1,0,1
notww,0,1,1
notz,1,0,1
nou,12,4,16
noua,0,1,1
noud,1,0,1
nouf,1,1,2
noufi,0,1,1
nougat,2,1,3
nougatocity,0,1,1
nougats,0,1,1
nough,2,3,5
nought,1,1,2
noughties,0,2,2
noughts,0,1,1
nouhouuuu,1,0,1
noul,0,2,2
noulath,0,1,1
noumber,1,0,1
noun,3,16,19
nouna,0,1,1
noundiessunday,2,42,44
noune,0,1,1
nouno,0,1,1
nounou,1,0,1
nouns,0,5,5
noup,1,0,1
noupe,1,0,1
nour,0,5,5
noureen,1,0,1
nourez,1,0,1
nourish,2,3,5
nourished,1,1,2
nourishing,0,3,3
nourishment,2,4,6
nourishskin,0,1,1
nourzy,0,1,1
nous,5,5,10
nouseos,1,0,1
noushka,1,0,1
nousious,1,0,1
nout,6,1,7
nouu,0,1,1
nouuuuu,1,0,1
nouveau,1,1,2
nouveaubeats,0,1,1
nouvelle,5,4,9
nouvou,0,1,1
nov,96,79,175
nova,47,61,108
novaaaaaaa,1,0,1
novacaine,4,1,5
novacane,2,0,2
novacantitis,0,1,1
novacastrian,0,1,1
novaeangliae,0,1,1
novak,13,11,24
novaks,0,1,1
novaliches,1,1,2
novanation,0,1,1
novao,0,1,1
novarock,6,2,8
novartis,1,0,1
novas,1,0,1
novasnuggles,1,0,1
novastar,1,0,1
novatech,0,1,1
novatell,1,0,1
novation,0,1,1
novato,2,1,3
nove,0,1,1
novedades,0,1,1
noveeeee,1,0,1
novel,83,164,247
novela,7,3,10
novelas,1,3,4
novelette,0,1,1
novelist,2,7,9
novelists,0,2,2
novelization,1,1,2
novell,2,2,4
novella,0,3,3
novellas,0,2,2
novelle,0,1,1
novelrace,6,1,7
novelracing,1,0,1
novels,31,45,76
novelty,4,18,22
novelz,1,0,1
novem,0,1,1
novemba,1,0,1
novembaa,1,0,1
novembe,0,1,1
november,275,254,529
novemberkid,0,1,1
novemberr,1,2,3
novemberrr,0,1,1
novembers,2,0,2
novemeber,5,5,10
novemeberish,0,1,1
novemebr,1,0,1
novemember,1,0,1
novena,2,7,9
novi,1,5,6
novia,3,2,5
novib,0,1,1
novicaine,1,0,1
novicane,1,0,1
novice,9,19,28
novices,1,1,2
novidaaaaadee,0,1,1
novidades,0,1,1
noviembre,0,1,1
noviji,0,1,1
novinka,0,1,1
novio,2,2,4
novioo,1,0,1
novios,0,1,1
novish,0,1,1
novisitallowedafter,1,0,1
novita,1,0,1
novitel,0,1,1
novm,1,0,1
novo,4,19,23
novocain,1,0,1
novocaine,3,1,4
novocaines,1,0,1
novoji,1,0,1
novos,0,2,2
novoseek,0,1,1
novotel,1,2,3
novozymes,0,1,1
novs,0,1,1
novus,0,1,1
novusnovendo,2,0,2
novy,0,1,1
now,52619,41376,93995
nowa,0,1,1
nowaaaay,1,0,1
nowaaayy,1,0,1
nowaday,1,2,3
nowadays,106,74,180
nowadayz,1,0,1
nowadaze,1,0,1
nowahypocondriac,1,0,1
nowai,0,1,1
nowait,0,1,1
nowaiz,0,1,1
nowan,1,0,1
nowarehouse,1,0,1
noway,6,4,10
nowaz,1,0,1
nowbat,1,0,1
nowbody,1,0,1
nowbut,0,1,1
nowcause,1,0,1
nowdagow,1,0,1
nowdays,2,4,6
nowee,1,1,2
noweeeee,0,1,1
nowegian,0,1,1
noweh,0,1,1
nowei,0,1,1
nowell,0,1,1
nowellowell,0,1,1
nowen,0,1,1
nower,0,1,1
nowerdays,0,1,1
nowere,1,0,1
nowher,1,0,1
nowhere,514,142,656
nowheresville,0,1,1
nowi,3,3,6
nowicanwatchmyshow,0,1,1
nowicki,0,1,1
nowihavetocutnpaste,0,1,1
nowing,1,0,1
nowinski,0,1,1
nowish,3,0,3
nowjere,1,0,1
nowl,0,1,1
nowlebanon,2,0,2
nowlin,0,1,1
nowm,0,1,1
nowmal,0,1,1
nowmoredeterminedfornexttime,1,0,1
nowmy,0,1,1
nowndays,1,0,1
nowni,0,1,1
nownlaters,1,0,1
nownownow,2,0,2
nownownowww,1,0,1
nowon,1,1,2
nowonder,0,1,1
nowone,1,0,1
nowowowow,0,1,1
nowpoor,1,0,1
nowr,1,0,1
nowra,0,1,1
nows,14,22,36
nowsss,0,1,1
nowt,47,25,72
nowthanks,1,0,1
nowthatifuckwittwitter,1,0,1
nowthen,1,0,1
nowv,0,1,1
noww,79,67,146
nowwatchingsimpsons,0,1,1
nowwhere,1,0,1
nowwritingupmyad,1,0,1
nowww,51,41,92
nowwww,20,11,31
nowwwww,2,0,2
nowwwwww,0,1,1
nowwwwwww,2,0,2
nowwwwwwww,0,1,1
nowwwwwwwww,1,0,1
nowwwwwwwwwwww,0,1,1
nowx,0,1,1
nowy,1,1,2
nowz,0,1,1
nowza,0,2,2
nowzb,1,0,1
nowzone,0,1,1
nowzzz,1,0,1
nox,0,3,3
noxious,3,3,6
noxo,0,1,1
noxxy,0,1,1
noxzem,1,0,1
noxzema,0,1,1
noy,7,4,11
noyes,0,3,3
noykalahlah,1,0,1
noyke,0,1,1
noyla,1,0,1
noyles,0,1,1
noylthing,0,1,1
noyou,0,1,1
noypi,0,1,1
noz,3,2,5
nozbe,1,0,1
noze,0,1,1
nozuka,0,12,12
nozzel,1,0,1
nozzle,8,3,11
nozzles,2,2,4
nozzz,1,0,1
np,36,205,241
npa,0,1,1
npanood,0,1,1
npanuod,1,0,1
npark,1,0,1
nparks,0,1,1
npatience,0,1,1
npb,0,1,1
npc,1,0,1
npcc,1,2,3
npcs,1,0,1
npd,1,0,1
npe,2,1,3
npenn,0,1,1
nph,8,20,28
npkaassuming,0,1,1
npkd,0,1,1
npl,1,0,1
npla,0,1,1
npm,1,1,2
npnp,0,2,2
npo,0,2,2
npos,0,1,1
npower,1,0,1
nppc,0,1,1
npr,14,29,43
nprians,1,0,1
nprs,1,0,1
nprth,1,0,1
nps,3,9,12
npseu,0,1,1
npsxc,1,0,1
npv,2,1,3
npw,0,1,1
nq,1,3,4
nquil,0,1,1
nr,17,24,41
nra,2,5,7
nrb,1,1,2
nrc,0,3,3
nre,1,1,2
nrealize,1,0,1
nrealy,1,0,1
nrew,1,0,1
nrfb,1,0,1
nrg,3,3,6
nrh,1,0,1
nrhs,1,1,2
nri,1,1,2
nrin,0,2,2
nring,0,1,1
nripl,0,1,1
nrj,0,5,5
nrk,0,2,2
nrks,0,1,1
nrl,6,4,10
nrly,1,0,1
nrma,5,0,5
nrml,0,1,1
nrn,1,0,1
nroll,0,1,1
nrp,0,2,2
nrqj,1,0,1
nrrd,0,1,1
nrs,1,1,2
nrsg,0,1,1
nrt,2,0,2
nrtball,1,0,1
nrtoday,0,1,1
nrtoone,1,0,1
nru,0,2,2
ns,25,36,61
nsa,2,5,7
nsaa,0,1,1
nsac,0,4,4
nsai,0,1,1
nsaid,1,0,1
nsan,1,0,1
nsane,0,1,1
nsayup,1,0,1
nsb,0,4,4
nsbe,0,2,2
nsberg,0,1,1
nsc,1,0,1
nscc,0,2,2
nsche,0,1,1
nsconference,0,1,1
nscra,0,1,1
nsd,0,3,3
nsdt,1,0,1
nsdtwev,0,1,1
nse,2,1,3
nsead,1,0,1
nsef,1,0,1
nsehaut,0,1,1
nselection,0,3,3
nseries,0,4,4
nsf,0,2,2
nsfw,10,31,41
nsh,0,1,1
nshole,1,0,1
nshost,1,0,1
nsic,0,1,1
nside,2,1,3
nsite,0,1,1
nsjf,1,0,1
nska,1,0,1
nslc,1,1,2
nslookup,1,0,1
nsm,1,2,3
nsmb,1,0,1
nsmt,3,0,3
nsn,7,9,16
nso,2,1,3
nspcc,2,0,2
nspire,1,0,1
nsr,0,1,1
nss,1,1,2
nsson,1,0,1
nsss,0,1,1
nsstring,0,1,1
nst,1,3,4
nstall,1,0,1
nstalled,1,0,1
nstead,2,1,3
nster,0,2,2
nsterland,1,0,1
nsterpartiet,0,1,1
nsters,0,1,1
nstill,1,0,1
nstimer,1,0,1
nstp,1,3,4
nstree,1,0,1
nsty,1,0,1
nstylin,0,1,1
nsu,0,1,1
nsumc,0,1,1
nsurlrequest,0,1,1
nsuserdefaults,0,1,1
nsviewcontroller,0,1,1
nsw,54,48,102
nswdet,1,0,1
nswer,0,1,1
nsx,1,0,1
nsxmlparser,0,1,1
nsy,0,1,1
nsync,13,23,36
nsynccc,0,1,1
nt,344,152,496
nta,2,0,2
ntacts,1,0,1
ntah,2,1,3
ntar,5,11,16
ntash,1,0,1
ntb,4,2,6
ntc,4,2,6
ntcc,0,1,1
ntd,1,0,1
nte,6,2,8
nted,1,0,1
ntem,1,0,1
ntemplating,0,1,1
nten,1,0,1
nteractum,0,1,1
nterestng,1,0,1
nternet,1,0,1
ntfs,3,2,5
ntg,1,3,4
nth,34,23,57
nthaaaaw,0,1,1
nthbridge,0,1,1
nthe,2,2,4
nthen,1,0,1
nthest,0,1,1
nthg,2,1,3
nthin,0,1,1
nthing,3,0,3
nthings,1,0,1
nthn,5,2,7
nthng,2,0,2
nthnn,0,1,1
ntie,0,1,1
ntil,0,2,2
ntimos,1,0,1
ntin,2,0,2
nting,1,0,1
ntit,0,1,1
ntjshaman,1,0,1
ntk,0,1,1
ntl,4,5,9
ntliterally,1,0,1
ntlm,1,0,1
ntlmv,1,0,1
ntm,2,2,4
ntn,14,6,20
ntnet,0,1,1
ntnnnn,1,0,1
ntnu,0,1,1
nto,9,3,12
ntohing,2,0,2
ntot,1,0,1
ntpd,1,0,1
ntr,3,2,5
ntreb,0,1,1
ntrebe,0,1,1
ntrebi,0,1,1
ntrz,1,0,1
nts,8,2,10
ntsc,3,1,4
ntsu,0,1,1
ntt,9,8,17
nttn,1,0,1
ntts,1,1,2
ntty,0,1,1
ntu,3,3,6
ntua,0,3,3
ntuc,2,2,4
ntuesday,0,1,1
ntv,1,1,2
ntw,1,1,2
ntways,0,1,1
ntwking,1,0,1
ntwork,1,0,1
nty,1,0,1
nu,77,101,178
nua,4,2,6
nuala,1,0,1
nuance,0,1,1
nuanced,1,2,3
nuances,0,5,5
nub,6,3,9
nuba,1,0,1
nubbies,1,0,1
nubbin,1,1,2
nubbins,0,1,1
nubby,0,3,3
nube,1,1,2
nubelet,1,0,1
nuber,1,0,1
nubex,0,1,1
nubi,2,1,3
nubian,0,2,2
nubla,0,1,1
nubloom,0,1,1
nubmer,0,1,1
nuborn,1,0,1
nubs,6,1,7
nubz,1,0,1
nuc,1,0,1
nucar,1,0,1
nucca,2,0,2
nuccca,0,1,1
nucci,1,0,1
nuch,1,1,2
nuchtchas,0,1,1
nucki,1,0,1
nucking,0,1,1
nuckle,1,0,1
nuckles,1,0,1
nucks,4,0,4
nuckvatar,0,2,2
nucla,0,1,1
nuclear,36,19,55
nucleus,1,2,3
nucls,1,0,1
nud,1,2,3
nudance,1,0,1
nuddie,0,1,1
nuddin,1,0,1
nudding,1,0,1
nuddle,0,1,1
nude,32,49,81
nudeish,1,0,1
nudes,3,7,10
nudge,32,82,114
nudged,8,19,27
nudgelexashmexa,0,1,1
nudgemental,0,1,1
nudgeprod,1,0,1
nudger,0,1,1
nudges,7,3,10
nudgewink,0,1,1
nudging,9,13,22
nudie,3,5,8
nudies,0,2,2
nudism,1,1,2
nudist,4,5,9
nudity,10,12,22
nue,0,1,1
nuea,0,1,1
nuebies,1,0,1
nuebo,1,0,1
nuemos,0,1,1
nuendo,0,1,1
nuerita,0,1,1
nuerologist,1,0,1
nuerology,1,0,1
nuertingen,0,1,1
nuestra,0,2,2
nuestro,1,2,3
nuestros,2,0,2
nueter,0,1,1
nuetron,0,1,1
nueva,1,6,7
nuevasync,1,2,3
nuevo,5,6,11
nuf,1,5,6
nufags,1,0,1
nufc,5,0,5
nuff,29,43,72
nufface,0,1,1
nufff,1,0,1
nufffffffin,1,0,1
nufffin,0,1,1
nuffield,1,0,1
nuffin,34,15,49
nuffing,1,1,2
nuffink,1,2,3
nuffinnk,0,1,1
nuffinq,0,1,1
nuffn,0,1,1
nuffnang,1,7,8
nufin,5,3,8
nug,2,2,4
nugat,0,1,1
nugent,1,1,2
nuggaaa,1,0,1
nuggents,1,0,1
nuggers,0,1,1
nuggest,3,1,4
nugget,13,21,34
nuggets,211,150,361
nuggetss,1,0,1
nuggetts,2,1,3
nuggguuhhh,0,1,1
nuggies,1,2,3
nuggle,0,1,1
nuggles,1,0,1
nuggs,10,5,15
nugguin,1,0,1
nuggz,0,1,1
nugie,0,1,1
nugo,1,0,1
nugs,7,7,14
nugz,1,0,1
nuh,25,16,41
nuhdeen,1,0,1
nuhh,2,3,5
nuhhh,1,0,1
nuhhhh,1,1,2
nuhin,2,0,2
nuhn,0,1,1
nuhtn,0,1,1
nui,1,2,3
nuiesc,1,0,1
nuiguhhh,0,1,1
nuim,1,0,1
nuisance,10,4,14
nuisances,0,1,1
nuit,7,22,29
nujum,0,1,1
nuke,6,12,18
nuked,9,5,14
nukem,8,6,14
nukemdave,0,1,1
nukemorning,0,1,1
nukes,6,1,7
nukesmooches,0,1,1
nuki,1,0,1
nukiii,0,1,1
nuking,3,0,3
nukka,2,2,4
nukkah,1,0,1
nul,3,0,3
nulis,2,1,3
null,8,8,16
nulla,1,0,1
nulldc,1,0,1
nulldev,1,0,1
nulle,0,2,2
nullification,0,1,1
nullified,1,0,1
nullifies,1,1,2
nullify,0,1,1
nullpointerexception,1,0,1
nullsession,1,0,1
num,26,27,53
numa,4,7,11
numan,2,4,6
numas,0,1,1
numb,193,42,235
numba,8,11,19
numbaaass,2,0,2
numbah,1,1,2
numbahh,0,1,1
numbbbbb,1,0,1
numbber,0,1,1
numbe,1,0,1
numbed,8,0,8
number,1118,1255,2373
numberals,0,1,1
numbered,16,10,26
numbergasm,0,2,2
numberi,1,0,1
numbering,3,2,5
numbero,0,2,2
numberof,1,0,1
numberoflanguagesispeak,0,1,1
numberonesmashhit,0,1,1
numberoo,1,0,1
numberous,0,1,1
numberplate,1,0,1
numberr,5,0,5
numberrr,0,2,2
numberrrr,0,1,1
numberrrrr,0,1,1
numberrrrss,0,1,1
numberrrs,0,1,1
numbers,324,221,545
numbersss,3,0,3
numberssss,1,0,1
numberum,0,1,1
numbing,26,7,33
numbingly,1,1,2
numbness,6,3,9
numbr,1,0,1
numbre,1,0,1
numbrs,0,1,1
numbs,1,0,1
numchuck,1,0,1
nume,0,1,1
numeber,1,0,1
numen,0,1,1
numeno,0,1,1
numer,1,3,4
numeracy,1,2,3
numeral,1,1,2
numerals,3,1,4
numeric,2,1,3
numericable,1,0,1
numerical,4,3,7
numerically,0,1,1
numerique,1,0,1
numerlogy,0,1,1
numero,3,10,13
numerology,0,4,4
numerous,21,18,39
numers,1,1,2
numetal,0,1,1
numetro,0,1,1
numfar,0,1,1
numm,0,1,1
nummber,1,0,1
nummer,1,1,2
nummern,1,0,1
nummi,2,0,2
nummie,0,1,1
nummies,0,1,1
numming,1,0,1
nummy,3,14,17
nummys,1,0,1
nummyyyy,0,1,1
numness,1,0,1
numnum,0,1,1
numnumnum,0,3,3
numolly,0,1,1
numoras,1,0,1
numpad,1,1,2
numpang,0,1,1
numph,0,1,1
numpties,3,1,4
numpty,9,3,12
numpuk,0,1,1
numpy,0,1,1
numrt,0,1,1
nums,3,1,4
numver,0,1,1
numz,0,1,1
nun,28,29,57
nunavut,1,0,1
nunawading,0,1,1
nunc,0,1,1
nunca,7,3,10
nunch,1,0,1
nunchuck,0,2,2
nunchucks,0,2,2
nunchuk,1,0,1
nunchuks,0,1,1
nuneaton,2,1,3
nunes,4,4,8
nunews,0,1,1
nunez,1,3,4
nung,10,12,22
nunggu,4,0,4
nungguin,1,3,4
nuni,0,3,3
nunight,0,2,2
nunightt,0,1,1
nunighttttttttttttttt,0,1,1
nunington,0,1,1
nunitee,0,1,1
nuniteee,0,1,1
nunk,1,1,2
nunn,1,0,1
nunny,1,0,1
nuno,0,2,2
nunpung,0,1,1
nuns,1,8,9
nunu,4,3,7
nununununa,0,1,1
nuny,0,1,1
nunya,1,1,2
nunzio,0,1,1
nunzo,0,1,1
nuoc,0,1,1
nuod,0,1,1
nuong,2,0,2
nuoohh,1,0,1
nuoooo,1,0,1
nup,12,10,22
nupat,0,1,1
nupe,0,1,1
nupeville,1,0,1
nups,1,0,1
nupst,0,1,1
nuptials,1,2,3
nuq,1,0,1
nuqqets,0,1,1
nur,5,18,23
nuraini,0,1,1
nurani,1,0,1
nuras,1,0,1
nurbaya,0,1,1
nurbs,1,0,1
nurburgring,8,2,10
nurcing,1,0,1
nurdy,0,1,1
nuremberg,1,3,4
nurhaliza,1,0,1
nuria,1,0,1
nuring,1,0,1
nurish,0,1,1
nurj,0,1,1
nurlaila,0,1,1
nurlo,1,0,1
nuroc,0,1,1
nurofemln,1,0,1
nurofen,11,4,15
nurofens,1,0,1
nurple,0,1,1
nurr,1,0,1
nurs,1,0,1
nursary,1,0,1
nurse,161,124,285
nursed,7,4,11
nursejackie,0,2,2
nursemaid,2,1,3
nurseries,2,0,2
nursery,53,55,108
nurses,30,26,56
nursey,2,1,3
nursin,4,0,4
nursing,139,79,218
nursinghome,1,0,1
nurts,0,1,1
nurture,3,5,8
nurtured,0,2,2
nurturing,4,7,11
nuru,1,1,2
nurul,0,3,3
nurulllll,1,0,1
nurunin,0,1,1
nurvous,1,0,1
nury,0,1,1
nuryn,2,1,3
nus,4,3,7
nusa,0,1,1
nush,0,1,1
nushka,0,2,2
nushki,0,1,1
nusing,1,0,1
nuskool,1,1,2
nusphere,1,0,1
nusrat,0,3,3
nuss,0,1,1
nussbaum,1,0,1
nussdorfer,0,1,1
nussery,1,0,1
nussy,0,1,1
nust,0,1,1
nusy,1,0,1
nut,123,131,254
nutball,0,1,1
nutbar,0,1,1
nutbush,0,2,2
nutcase,2,3,5
nutcases,1,0,1
nutcracker,1,5,6
nutcrackers,0,3,3
nute,1,0,1
nutela,0,1,1
nutella,40,63,103
nutellaaaaaaaaa,0,1,1
nutellall,0,1,1
nutfest,1,0,1
nutha,2,0,2
nuthan,1,0,1
nuthangmy,0,1,1
nuthen,0,1,1
nuther,0,2,2
nuthhiinnkkk,1,0,1
nuthiiing,1,0,1
nuthiin,1,0,1
nuthin,94,43,137
nuthing,18,6,24
nuthingggs,1,0,1
nuthingness,1,0,1
nuthinn,1,1,2
nuthn,9,5,14
nuthouse,1,2,3
nuthyn,2,0,2
nutillyella,0,1,1
nutin,8,1,9
nuting,1,0,1
nutini,15,34,49
nutinis,0,1,1
nutjob,0,1,1
nutjobs,1,1,2
nutkins,0,1,1
nutmeg,2,6,8
nutn,3,0,3
nutragrain,2,2,4
nutralite,1,0,1
nutreal,0,2,2
nutrer,0,1,1
nutri,1,3,4
nutria,0,2,2
nutricious,0,2,2
nutrient,1,2,3
nutrientist,1,0,1
nutrients,6,9,15
nutrientsss,1,0,1
nutrigrain,2,1,3
nutrijell,0,1,1
nutrilicious,1,0,1
nutrilite,0,1,1
nutriol,1,0,1
nutrionally,1,0,1
nutrious,1,0,1
nutrisystem,1,4,5
nutrisystems,1,0,1
nutritents,1,0,1
nutrition,28,21,49
nutritional,2,8,10
nutritionist,4,7,11
nutritious,1,12,13
nutro,0,1,1
nutroast,0,1,1
nutrogena,1,0,1
nutroproducts,0,1,1
nuts,351,263,614
nutsack,0,1,1
nutsacks,1,1,2
nutshell,4,9,13
nutshellmail,1,0,1
nutshit,1,0,1
nutsi,1,0,1
nutsness,1,0,1
nutso,2,3,5
nutsss,0,1,1
nutsssssoooooo,0,1,1
nutsy,0,1,1
nutt,0,1,1
nuttah,0,1,1
nutted,0,6,6
nuttela,0,1,1
nutter,13,20,33
nutterbutters,1,0,1
nutters,1,4,5
nuttier,0,1,1
nuttin,31,24,55
nuttiness,0,1,1
nuttlar,0,1,1
nuttn,3,0,3
nutts,1,1,2
nuttt,0,1,1
nuttts,1,0,1
nutttsssssss,1,0,1
nuttttt,1,0,1
nutty,13,23,36
nuttybuddy,0,1,1
nuttymadam,0,1,1
nuttynewswireman,1,0,1
nuttz,1,0,1
nuttzo,0,2,2
nutural,0,1,1
nuture,1,0,1
nuturing,0,1,1
nutz,13,7,20
nutzen,1,0,1
nutzo,1,0,1
nutzz,1,0,1
nutzzz,0,1,1
nuu,3,2,5
nuuks,1,0,1
nuun,1,2,3
nuuu,10,0,10
nuuuh,1,0,1
nuuuts,1,0,1
nuuuu,2,2,4
nuuuudge,1,0,1
nuuuuu,3,1,4
nuuuuuu,3,0,3
nuuuuuuuu,1,0,1
nuuuuuuuuu,2,0,2
nuuuuuuuuuuu,1,0,1
nuuuuuuuuuuuu,0,1,1
nuuww,0,1,1
nuvaring,1,0,1
nuvi,1,2,3
nuvo,11,9,20
nuvola,0,1,1
nuwer,1,0,1
nux,1,0,1
nuyorican,1,1,2
nuys,4,2,6
nuzzle,2,0,2
nuzzled,1,0,1
nuzzles,0,1,1
nuzzling,0,2,2
nv,21,24,45
nva,1,2,3
nvade,0,1,1
nvci,1,0,1
nvd,0,1,1
nveg,1,0,1
nver,15,5,20
nverr,0,1,1
nvfn,1,4,5
nvidia,26,14,40
nviews,0,1,1
nvite,0,1,1
nvivo,1,1,2
nvls,1,1,2
nvm,102,73,175
nvmd,2,0,2
nvmmmmm,1,0,1
nvn,0,1,1
nvq,3,2,5
nvr,101,32,133
nvrm,0,1,1
nvrmd,1,0,1
nvrmind,1,1,2
nvrmnd,2,2,4
nvrshtnvr,0,2,2
nvs,0,1,1
nvvvvsdfb,0,1,1
nvy,0,1,1
nw,178,111,289
nwa,8,2,10
nwabu,0,1,1
nwadays,1,0,1
nwalan,1,0,1
nwat,0,1,1
nwawala,1,0,1
nway,1,2,3
nways,0,3,3
nwaysss,0,1,1
nwcn,0,1,1
nwdi,1,0,1
nwe,2,1,3
nweiz,0,1,1
nwf,0,1,1
nwfasa,0,1,1
nwfc,1,1,2
nwish,1,0,1
nwk,1,1,2
nwl,1,0,1
nwlf,0,1,1
nwly,1,0,1
nwmarketingguy,0,1,1
nwn,0,2,2
nwo,4,2,6
nwrug,1,1,2
nws,4,2,6
nwtel,1,0,1
nwu,0,1,1
nx,4,10,14
nxc,1,0,1
nxe,3,1,4
nxec,1,0,1
nxew,1,0,1
nxne,16,3,19
nxr,1,0,1
nxt,235,140,375
nxtgenug,0,1,1
nxtwk,1,0,1
nxzero,1,0,1
ny,901,665,1566
nya,49,65,114
nyaa,0,3,3
nyaaa,1,3,4
nyaaaa,0,1,1
nyaaaaaa,2,1,3
nyaaaaaaaa,0,1,1
nyaaaaahhh,0,1,1
nyaaahhh,0,1,1
nyaaammm,0,1,1
nyaahha,0,1,1
nyabwire,1,0,1
nyack,3,1,4
nyadar,1,0,1
nyagh,1,0,1
nyah,4,7,11
nyaha,1,2,3
nyahaha,0,6,6
nyahahaha,1,3,4
nyahahahahaha,0,1,1
nyahahhahahahahha,0,1,1
nyahh,1,0,1
nyahhahhaa,0,1,1
nyai,0,1,1
nyak,1,1,2
nyakakaka,1,0,1
nyaks,1,0,1
nyala,1,0,1
nyalon,0,1,1
nyam,2,0,2
nyaman,0,1,1
nyambi,1,0,1
nyamm,1,0,1
nyammm,0,2,2
nyampah,1,0,1
nyampe,1,4,5
nyampeee,0,2,2
nyan,1,1,2
nyante,1,0,1
nyanyi,0,2,2
nyaow,0,1,1
nyapa,2,1,3
nyappy,0,1,1
nyar,0,1,1
nyaranin,0,1,1
nyarap,0,1,1
nyari,3,3,6
nyarinya,2,0,2
nyariribut,0,1,1
nyaris,1,0,1
nyarks,1,0,1
nyarts,1,0,1
nyasal,1,0,1
nyaw,1,0,1
nyaww,1,1,2
nyawww,0,1,1
nyay,1,2,3
nyayhahahah,0,1,1
nybdy,0,1,1
nybie,0,1,1
nybody,2,0,2
nyc,941,732,1673
nycapartments,1,0,1
nycc,0,2,2
nyce,4,2,6
nycfw,0,2,2
nycitymama,0,1,1
nyck,0,1,1
nycky,0,1,1
nyd,0,1,1
nyda,0,1,1
nydahl,0,1,1
nye,6,8,14
nyea,0,4,4
nyeaaah,0,1,1
nyeah,1,0,1
nyebelin,4,0,4
nyebrang,0,1,1
nyebut,3,0,3
nyee,1,0,1
nyeeh,1,0,1
nyeh,3,0,3
nyeheee,0,1,1
nyeheh,0,1,1
nyehehe,0,2,2
nyeheheh,0,2,2
nyehehehe,0,1,1
nyehehehehehe,0,1,1
nyehh,1,0,1
nyehhh,1,0,1
nyehku,1,0,1
nyein,0,1,1
nyema,0,1,1
nyenyong,1,0,1
nyer,2,2,4
nyerah,0,1,1
nyeri,1,0,1
nyers,3,3,6
nyertetek,1,0,1
nyes,1,0,1
nyesel,4,1,5
nyesh,0,3,3
nyesshh,1,0,1
nyet,1,0,1
nyetel,1,0,1
nyetrika,1,0,1
nyeve,0,1,1
nyfd,1,0,1
nygel,0,1,1
nygga,1,0,1
nyggas,1,0,1
nyhc,1,0,1
nyhoo,0,1,1
nyhooo,0,1,1
nyi,0,1,1
nyibc,1,0,1
nyiiiing,1,0,1
nyil,1,0,1
nyinkronnya,1,0,1
nyisz,0,1,1
nyit,1,1,2
nyk,0,2,2
nykee,0,1,1
nyla,4,1,5
nylabone,1,0,1
nyleg,0,1,1
nylo,1,0,1
nylon,12,7,19
nylonish,1,0,1
nylons,1,1,2
nylug,1,0,1
nym,1,0,1
nymag,0,1,1
nyman,0,1,1
nyminute,1,0,1
nymore,4,0,4
nympe,1,0,1
nymph,1,1,2
nymphi,0,1,1
nympho,1,5,6
nymphomaniac,1,0,1
nymphomanic,0,1,1
nynke,0,1,1
nynn,1,0,1
nynorsk,1,0,1
nyny,1,2,3
nynyi,1,0,1
nyo,2,15,17
nyob,0,1,1
nyoba,2,2,4
nyobain,1,4,5
nyokap,4,3,7
nyolong,1,0,1
nyolot,0,1,1
nyomlette,0,1,1
nyone,3,2,5
nyonya,3,1,4
nyonyo,0,1,1
nyoohoooo,1,0,1
nyoopes,1,0,1
nyorker,1,0,1
nyota,0,1,1
nyou,0,1,1
nyour,0,1,1
nyp,2,0,2
nypd,3,1,4
nypharmer,0,1,1
nypirg,1,0,1
nypost,1,2,3
nyproperty,0,1,1
nyquil,76,25,101
nyquill,3,0,3
nyquilling,0,1,1
nyquils,1,0,1
nyra,1,0,1
nyrican,0,1,1
nyrie,1,0,1
nyrr,0,1,1
nyrrclub,0,1,1
nys,5,5,10
nysc,1,0,1
nysdmv,0,1,1
nyse,1,2,3
nysnc,2,1,3
nyspace,0,1,1
nyss,0,1,1
nysync,0,1,1
nyt,111,129,240
nyte,12,17,29
nytee,2,0,2
nytes,0,1,1
nytfail,1,0,1
nythin,2,1,3
nything,4,0,4
nythng,1,1,2
nytie,0,4,4
nytienyt,0,1,1
nyties,0,1,1
nytimes,8,4,12
nytinyt,0,1,1
nytish,0,1,1
nytnyt,0,2,2
nytol,1,0,1
nyts,3,2,5
nytweets,0,1,1
nytx,1,0,1
nytynyt,0,1,1
nytyyy,1,0,1
nyu,6,6,12
nyuci,1,0,1
nyuck,0,3,3
nyuk,0,5,5
nyum,0,8,8
nyumbang,0,1,1
nyumbani,0,1,1
nyumm,0,1,1
nyummm,0,2,2
nyummy,1,3,4
nyumnyum,0,1,1
nyunyuuu,0,1,1
nyupe,0,1,1
nyuru,0,1,1
nyusul,1,1,2
nyuuuu,0,1,1
nyvh,0,1,1
nyway,1,1,2
nyways,3,2,5
nyws,0,1,1
nywy,1,0,1
nywys,1,2,3
nywz,0,1,1
nyx,6,9,15
nyy,2,0,2
nyyy,1,0,1
nyyyyceeee,0,1,1
nyzik,1,0,1
nz,163,180,343
nzb,0,1,1
nzc,0,1,1
nzconnection,0,1,1
nzd,2,1,3
nzers,1,1,2
nzis,0,1,1
nzisa,1,0,1
nzkzkl,0,1,1
nzlionman,0,1,1
nzmm,1,0,1
nzntm,1,0,1
nzpolice,1,0,1
nzsf,0,1,1
nzst,1,0,1
nzt,1,1,2
nzta,1,0,1
nztm,1,0,1
nzuphill,0,1,1
nzwn,1,0,1
nzymes,0,1,1
nzyt,0,1,1
nzz,1,0,1
oa,12,5,17
oaa,1,1,2
oaaaa,0,1,1
oaaah,0,1,1
oaah,0,1,1
oabout,0,1,1
oacac,1,0,1
oach,0,1,1
oaches,0,1,1
oad,1,0,1
oade,0,1,1
oadmin,1,0,1
oadsbgfuoaisbgu,0,1,1
oaepodcastno,0,1,1
oaf,2,5,7
oag,0,1,1
oage,1,0,1
oah,0,5,5
oahhh,1,0,1
oahhhh,1,0,1
oahu,19,20,39
oahwe,1,0,1
oai,1,0,1
oaidfdsihgfi,1,0,1
oaing,0,1,1
oak,52,51,103
oaka,1,0,1
oakapple,0,1,1
oakbrook,1,4,5
oakcakes,0,1,1
oakdale,0,1,1
oaked,0,1,1
oakely,1,0,1
oaken,0,1,1
oakenfold,5,1,6
oakes,1,0,1
oakie,2,1,3
oakies,0,1,1
oaklahoma,0,1,1
oakland,46,28,74
oaklea,1,0,1
oakleigh,1,1,2
oakley,3,7,10
oakleys,5,4,9
oakliegh,1,0,1
oakman,1,1,2
oakpark,0,1,1
oakridge,4,1,5
oaks,16,24,40
oakthen,0,1,1
oaktown,0,1,1
oaktree,0,2,2
oakville,4,5,9
oakwell,0,1,1
oakwood,2,2,4
oaky,1,3,4
oalah,0,1,1
oam,1,0,1
oameni,0,1,1
oan,6,4,10
oao,0,1,1
oaots,1,0,1
oap,5,2,7
oaps,3,1,4
oar,5,7,12
oara,0,1,1
oard,1,0,1
oardc,0,1,1
oare,1,3,4
oars,0,1,1
oartv,0,1,1
oarty,1,0,1
oasfhg,0,1,1
oasidjaishj,0,1,1
oasis,103,107,210
oasisinet,1,0,1
oasisoffun,1,0,1
oasiss,0,1,1
oasissss,0,2,2
oasisteria,0,3,3
oasisthey,0,1,1
oaskksa,0,1,1
oat,8,9,17
oatbran,1,1,2
oatcakes,5,0,5
oateney,1,0,1
oates,1,9,10
oath,7,10,17
oaths,1,1,2
oatis,0,1,1
oatley,0,1,1
oatmeal,93,116,209
oatmeals,1,0,1
oatmealzz,0,1,1
oatmean,0,1,1
oats,22,24,46
oatsey,0,1,1
oatv,0,1,1
oaty,0,3,3
oatz,1,0,1
oauth,14,13,27
oaw,1,0,1
oaxaca,1,2,3
oay,0,1,1
ob,41,26,67
oba,1,0,1
obadiah,2,1,3
obaid,0,1,1
obair,1,0,1
obakki,1,0,1
obama,175,269,444
obamabots,1,0,1
obamagirl,0,1,1
obamamakemeaczar,0,1,1
obamanure,0,1,1
obamas,3,12,15
obamicon,0,1,1
obamite,0,1,1
obamma,0,1,1
obamnivore,1,0,1
oban,1,1,2
obando,1,0,1
obaniac,0,1,1
obanites,1,0,1
obannons,1,0,1
obar,1,0,1
obat,4,1,5
obatalah,0,1,1
obatnya,0,1,1
obavy,1,0,1
obb,1,0,1
obbbssed,0,1,1
obber,1,0,1
obbession,0,1,1
obbie,1,0,1
obbies,0,2,2
obbsesive,0,1,1
obbsessed,0,4,4
obbsessing,0,1,1
obbsession,0,2,2
obbssesd,0,1,1
obc,1,0,1
obcecion,1,0,1
obcessed,0,1,1
obcessing,1,0,1
obczajcie,0,1,1
obdh,0,1,1
obdience,1,0,1
obduction,0,1,1
obe,0,6,6
obears,1,0,1
obeast,1,1,2
obecna,0,1,1
obects,0,1,1
obediance,1,1,2
obedience,0,9,9
obedient,2,3,5
obedu,0,1,1
obee,0,1,1
obeee,0,1,1
obeerate,1,0,1
obelisk,1,1,2
obelix,2,1,3
oben,0,1,1
ober,2,1,3
obercapacity,0,1,1
oberena,0,1,1
obergartzem,1,0,1
oberhausen,2,5,7
oberheim,0,2,2
oberlin,3,2,5
obernik,0,1,1
oberon,2,1,3
oberons,0,1,1
oberst,6,4,10
oberstein,1,0,1
oberto,3,0,3
obes,1,1,2
obese,32,12,44
obeseclown,0,1,1
obesed,1,0,1
obeseeee,1,0,1
obesession,0,1,1
obesitas,1,0,1
obesity,8,3,11
obesse,1,0,1
obessed,3,7,10
obessess,0,1,1
obessing,1,0,1
obession,2,2,4
obessions,0,2,2
obessive,0,1,1
obey,8,12,20
obeyed,2,2,4
obeying,1,0,1
obeymyobama,1,0,1
obeys,0,1,1
obfuscate,1,1,2
obfuscated,2,1,3
obfuscating,1,1,2
obfuscation,0,1,1
obg,0,4,4
obgyn,3,1,4
obh,0,2,2
obi,5,10,15
obicei,0,1,1
obidience,0,1,1
obie,0,5,5
obion,1,0,1
obispo,0,2,2
obit,2,0,2
obits,2,0,2
obituaries,1,0,1
obituary,6,1,7
obiwankenobi,0,1,1
obj,3,2,5
objc,3,0,3
object,41,41,82
objectdock,0,1,1
objected,2,3,5
objectifiable,1,0,1
objectification,1,0,1
objectified,2,2,4
objectifying,0,1,1
objecting,2,0,2
objection,2,5,7
objectionable,2,0,2
objections,3,7,10
objective,15,32,47
objectivec,0,1,1
objectively,0,1,1
objectives,5,2,7
objectivism,0,2,2
objector,0,1,1
objects,29,33,62
objetpetim,0,1,1
objev,0,1,1
objevovat,1,0,1
objmessage,0,1,1
obkb,0,1,1
obkors,1,0,1
oble,0,1,1
oblicon,1,0,1
obligated,11,12,23
obligation,4,3,7
obligations,19,9,28
obligatory,5,13,18
oblige,1,18,19
obliged,6,12,18
obliges,0,1,1
obliging,0,1,1
obligingly,0,1,1
obligitory,0,1,1
obligs,0,1,1
obligtns,0,1,1
oblique,2,0,2
obliqueboy,0,1,1
obliques,1,0,1
obliterate,2,0,2
obliterated,7,0,7
obliterates,0,1,1
obliteration,1,0,1
oblivian,0,1,1
oblivion,19,14,33
oblivious,13,6,19
oblongs,1,0,1
obly,1,0,1
obn,1,0,1
obnox,0,1,1
obnoxciously,1,0,1
obnoxious,54,36,90
obnoxiously,7,15,22
obnoxiuos,0,1,1
obo,1,0,1
oboard,1,0,1
obod,0,1,1
oboe,10,3,13
obois,0,1,1
oboma,0,1,1
oborne,0,1,1
oboro,0,1,1
obosession,0,1,1
obosit,3,0,3
obositsi,1,0,1
obotchi,0,1,1
obout,3,0,3
obove,1,0,1
obox,2,0,2
oboy,1,2,3
obp,0,3,3
obr,1,1,2
obra,0,1,1
obrain,0,1,1
obrien,0,7,7
obriens,1,2,3
obrigada,0,10,10
obrigado,0,5,5
obrigathanks,0,1,1
obroni,0,1,1
obrown,0,1,1
obs,6,2,8
obsadili,0,1,1
obscena,1,0,1
obscene,18,4,22
obscenely,1,3,4
obscenities,1,3,4
obscenity,1,0,1
obscura,13,13,26
obscure,16,25,41
obscured,2,1,3
obscures,0,1,1
obscuring,0,1,1
obscurities,0,1,1
obscurity,2,1,3
obse,1,0,1
obsecure,1,0,1
obseen,1,0,1
obseesive,0,1,1
obsenely,1,0,1
observance,0,2,2
observant,0,11,11
observation,15,34,49
observational,0,1,1
observationally,0,1,1
observations,3,8,11
observatory,6,9,15
observe,8,23,31
observed,7,9,16
observer,7,7,14
observin,1,0,1
observing,7,15,22
observitory,0,1,1
observor,0,1,1
obsesd,0,1,1
obsesed,0,1,1
obsesh,0,2,2
obsesii,0,1,1
obsesion,1,1,2
obsess,9,10,19
obsessed,194,370,564
obsesseddd,0,1,1
obsesseddddddd,1,0,1
obsessedddddddddddddddd,1,0,1
obsesses,0,1,1
obsessewith,0,1,1
obsessing,20,27,47
obsession,63,135,198
obsessions,3,5,8
obsessiouvly,0,1,1
obsessive,19,30,49
obsessively,10,9,19
obsessiveness,0,2,2
obsessivly,0,2,2
obsessor,1,0,1
obsessors,1,1,2
obsesssed,0,2,2
obsessssed,0,1,1
obsidian,1,1,2
obsing,1,0,1
obsipo,1,0,1
obsisivly,0,1,1
obsolescence,0,1,1
obsolete,15,9,24
obsoleted,1,0,1
obsorb,1,0,1
obssesed,2,6,8
obssesing,1,0,1
obssesion,0,1,1
obssessed,3,3,6
obssessions,0,1,1
obssessive,0,1,1
obstacle,6,12,18
obstacles,2,16,18
obstain,0,1,1
obstas,0,1,1
obster,2,0,2
obstetricians,1,0,1
obstical,1,0,1
obsticals,0,1,1
obstinate,0,1,1
obstinatearrow,0,1,1
obstruct,1,0,1
obstructed,0,1,1
obstructing,1,0,1
obstruction,4,0,4
obstructive,2,0,2
obt,0,1,1
obtain,10,6,16
obtained,5,6,11
obtaining,2,2,4
obtc,0,1,1
obterstong,0,1,1
obtrusive,1,0,1
obtuse,1,2,3
obtw,2,1,3
obu,1,1,2
obuenos,0,1,1
obummer,1,0,1
obv,43,42,85
obver,1,0,1
obvi,6,8,14
obvie,0,1,1
obviesly,0,2,2
obvii,1,0,1
obviii,0,1,1
obviiuosly,0,1,1
obvio,1,0,1
obvioously,1,0,1
obviors,0,1,1
obviosu,0,1,1
obviosuly,2,0,2
obvioulsy,1,2,3
obviouly,1,0,1
obvious,95,154,249
obviously,393,487,880
obviouslyy,0,4,4
obviouslyyy,1,0,1
obviousmoviereference,0,1,1
obviousness,0,2,2
obviouss,0,1,1
obviousz,0,1,1
obvioyusly,0,1,1
obvisouly,1,0,1
obvisously,1,0,1
obviuosly,1,0,1
obvo,0,1,1
obvoiusly,0,2,2
obvous,0,1,1
obvously,1,2,3
obvs,19,15,34
obvsly,1,0,1
obvv,0,1,1
obvy,1,0,1
obvz,1,2,3
obw,0,1,1
obx,7,4,11
obzirom,0,1,1
oc,104,136,240
ocado,1,1,2
ocala,4,1,5
ocaml,1,0,1
ocampo,1,1,2
ocan,1,0,1
ocarina,6,6,12
ocarinas,0,1,1
ocasion,2,0,2
ocassion,2,0,2
ocassional,0,1,1
ocassionally,1,0,1
ocassionaly,0,1,1
ocassions,0,1,1
ocation,1,0,1
ocb,1,0,1
occ,3,6,9
occado,1,0,1
occaisional,0,1,1
occaisonal,0,1,1
occam,1,1,2
occams,0,1,1
occasinally,1,0,1
occasion,36,68,104
occasional,23,49,72
occasionally,37,53,90
occasions,12,17,29
occassion,1,3,4
occassional,1,2,3
occassionally,3,5,8
occassions,2,3,5
occation,1,0,1
occational,0,1,1
occationally,1,0,1
occcasional,0,1,1
occcccccc,1,0,1
occhi,0,1,1
occidental,0,1,1
occidentalis,0,1,1
occifer,1,0,1
occipital,1,1,2
occiput,0,1,1
occitane,1,1,2
occlln,0,1,1
occourance,0,1,1
occpuy,1,0,1
occrs,1,0,1
occult,1,1,2
occultation,3,1,4
occupancies,0,1,1
occupancy,0,1,1
occupant,1,0,1
occupants,1,2,3
occupation,4,9,13
occupational,2,2,4
occupations,1,0,1
occupied,47,29,76
occupiers,0,1,1
occupies,1,2,3
occupy,18,11,29
occupying,3,0,3
occupys,1,0,1
occur,20,24,44
occurance,2,2,4
occurances,1,0,1
occurd,2,0,2
occured,13,8,21
occurence,4,1,5
occurences,0,1,1
occurin,0,1,1
occuring,14,3,17
occurred,38,11,49
occurrence,5,11,16
occurrences,0,1,1
occurring,3,2,5
occurro,1,0,1
occurs,11,13,24
ocd,46,34,80
ocdad,0,1,1
ocder,1,0,1
oce,2,1,3
ocean,294,315,609
oceana,9,5,14
oceanaire,1,0,1
oceanarium,1,0,1
oceancurrents,1,0,1
oceanfest,1,0,1
oceanfront,1,2,3
oceania,2,2,4
oceanic,4,0,4
oceanlab,0,1,1
oceanmup,0,1,1
oceanographer,0,1,1
oceanography,2,2,4
oceans,14,24,38
oceanside,7,13,20
oceansize,1,0,1
oceanstate,0,1,1
oceanup,17,31,48
oceanus,1,0,1
ocello,0,1,1
ocelot,1,1,2
ocem,0,1,1
ocerina,0,1,1
ocf,1,1,2
ocgr,0,1,1
och,14,11,25
ocha,1,1,2
ocharleys,1,0,1
ochef,0,1,1
ocheltree,1,0,1
ochem,5,2,7
ochen,1,0,1
ochh,1,1,2
ochhh,0,1,1
ochi,1,1,2
ochibi,0,1,1
ochie,2,2,4
ochii,1,1,2
ocho,2,5,7
ochoa,0,1,1
ochrepooch,0,1,1
ochs,1,1,2
ocht,0,1,1
oci,1,0,1
ocitno,2,0,2
ock,6,9,15
ockham,0,1,1
ocks,1,0,1
oclc,0,2,2
oclcok,0,1,1
oclet,1,0,1
ocletfail,1,0,1
oclock,35,19,54
oclockkkk,1,0,1
oclok,1,0,1
ocma,0,1,1
ocmd,1,0,1
ocme,0,2,2
ocming,0,3,3
ocmx,0,1,1
ocncert,1,0,1
ocng,1,0,1
ocngrats,0,1,1
ocnj,0,1,1
ocnjj,1,0,1
oco,1,0,1
oconee,1,0,1
oconnor,1,0,1
ocotmom,0,1,1
ocr,10,6,16
ocracoke,2,0,2
ocram,2,0,2
ocremix,0,1,1
ocricket,1,3,4
ocs,8,5,13
ocsd,1,0,1
ocsl,0,1,1
oct,68,63,131
octabox,0,1,1
octagon,2,1,3
octahedron,0,1,1
octalk,1,1,2
octane,4,4,8
octapuse,0,1,1
octave,4,5,9
octaves,3,3,6
octavia,2,4,6
octavian,2,1,3
octavio,0,1,1
octhrasher,1,0,1
octia,0,1,1
octo,7,2,9
octobe,0,1,1
october,264,233,497
octoberfest,0,2,2
octoberflame,1,0,1
octoberr,0,1,1
octoberrr,0,1,1
octoberrrrrr,1,0,1
octobre,1,1,2
octodrive,6,1,7
octodrives,1,1,2
octogenaresbian,0,1,1
octoglob,1,0,1
octomom,4,3,7
octomore,0,1,1
octonary,0,1,1
octop,1,0,1
octopi,0,4,4
octopods,0,1,1
octopre,0,1,1
octopus,28,24,52
octopuses,0,4,4
octopuss,0,1,1
octothorpe,0,3,3
octupi,1,0,1
octuple,0,1,1
octuplet,1,0,1
octy,0,1,1
ocu,1,0,1
ocuk,0,1,1
ocular,1,0,1
ocupare,0,1,1
ocupated,0,1,1
ocupied,1,1,2
ocuple,1,0,1
ocute,0,1,1
ocvbc,0,1,1
ocw,1,0,1
ocz,0,2,2
od,100,67,167
oda,1,5,6
odagon,1,0,1
odahour,0,1,1
odaiba,1,1,2
odam,0,2,2
odango,0,2,2
odarling,0,1,1
oday,1,9,10
odaya,0,1,1
odb,2,1,3
odbc,2,0,2
odc,0,1,1
odcinki,0,1,1
odcsotd,1,0,1
odd,325,374,699
oddaj,0,1,1
oddball,1,2,3
oddcast,0,1,1
odde,1,0,1
odder,0,2,2
oddessy,1,1,2
oddest,6,8,14
oddi,1,0,1
oddie,3,0,3
oddin,0,1,1
oddish,1,1,2
oddist,0,1,1
oddities,0,2,2
oddity,1,1,2
oddkode,1,0,1
oddles,2,2,4
oddly,47,79,126
oddmall,0,1,1
oddness,1,2,3
oddo,1,0,1
oddparent,0,1,1
oddparents,1,2,3
odds,66,71,137
oddworld,1,0,1
ode,8,16,24
odeame,0,1,1
odears,1,0,1
oded,3,2,5
odee,10,5,15
odeed,1,0,1
odeee,1,2,3
odeeee,2,1,3
odeeeed,0,1,1
odeeeee,1,0,1
odeeeeeeee,1,0,1
odeeeeeeeeeeee,1,0,1
odeia,1,0,1
odeiam,1,0,1
odeio,2,0,2
odelia,0,2,2
odell,0,1,1
odem,0,1,1
odemwingie,0,1,1
oden,1,1,2
odenplan,0,1,1
odense,0,3,3
odeo,1,1,2
odeon,5,7,12
odeons,0,1,1
oder,8,11,19
oderant,1,0,1
oderd,1,0,1
odered,1,0,1
odes,1,2,3
odesk,1,1,2
odessa,5,5,10
odessey,1,0,1
odessy,0,1,1
odetta,0,1,1
odette,1,1,2
odeur,0,1,1
odf,1,1,2
odfjell,0,1,1
odfplugfest,1,0,1
odggy,1,0,1
odhar,1,0,1
odi,1,4,5
odia,1,0,1
odie,1,3,4
odien,0,1,1
odihnit,0,1,1
odin,3,3,6
odinaslknc,1,0,1
oding,2,1,3
odinn,0,1,1
odio,4,0,4
odioo,1,0,1
odious,2,0,2
odis,0,1,1
odisla,0,1,1
odisseous,0,1,1
odissi,0,1,1
odles,1,1,2
odm,1,0,1
odn,1,0,1
odna,1,0,1
odness,1,0,1
odnight,1,1,2
odnt,1,0,1
odo,0,1,1
odoceisthenewblack,1,0,1
odom,5,13,18
odometer,1,1,2
odondectomy,1,0,1
odone,1,0,1
odonnel,1,0,1
odontectomy,1,0,1
odoooo,0,1,1
odor,5,2,7
odors,1,0,1
odour,1,3,4
odours,2,0,2
odp,1,0,1
odpisam,1,0,1
odpisem,0,1,1
odpoledn,1,0,1
odpovedniho,0,1,1
odr,0,1,1
odram,2,0,2
odriin,0,1,1
odrive,0,1,1
ods,2,2,4
odst,5,19,24
odstartoval,0,1,1
odstock,1,0,1
odt,3,2,5
odtug,1,0,1
odu,1,0,1
odulio,0,1,1
odum,0,1,1
odunde,2,0,2
odwala,0,1,1
odwalla,0,1,1
ody,1,1,2
odyessy,1,0,1
odynasser,0,1,1
odysseus,1,0,1
odyssey,17,13,30
oe,6,10,16
oearidabesthotelever,1,0,1
oecd,1,0,1
oed,1,0,1
oedipal,0,1,1
oedipus,5,0,5
oee,0,1,1
oeeeeeeeeeeeeeeeeeeh,1,0,1
oeeeeeeeeeew,0,1,1
oefenen,1,0,1
oeh,1,7,8
oehh,0,1,1
oeipus,1,0,1
oeiras,1,1,2
oelc,1,0,1
oella,0,1,1
oem,3,4,7
oemgee,0,1,1
oen,1,0,1
oepn,1,0,1
oeps,2,2,4
oer,2,0,2
oerlinghausen,1,0,1
oerol,1,3,4
oers,1,1,2
oerslept,1,0,1
oes,0,3,3
oesophagus,1,0,1
oeste,0,1,1
oesteogen,1,0,1
oestrogen,1,0,1
oetmannshausen,0,2,2
oeuteowjfkdlsjfioeujtioewjdlskfuewoi,1,0,1
oeuvres,1,0,1
oeuwqiquowei,1,0,1
oew,1,2,3
oewf,0,1,1
oewh,0,1,1
oey,0,2,2
of,92739,91098,183837
ofa,0,5,5
ofallon,1,0,1
ofalls,1,0,1
ofamazing,1,0,1
ofb,1,0,1
ofbed,1,0,1
ofc,33,34,67
ofce,1,0,1
ofcm,0,1,1
ofcmates,1,0,1
ofcom,2,0,2
ofcoooursee,0,1,1
ofcooz,0,1,1
ofcorz,1,0,1
ofcos,1,0,1
ofcource,0,1,1
ofcours,0,1,1
ofcourse,42,119,161
ofcourseee,0,1,1
ofcouse,0,2,2
ofcousre,0,1,1
ofcoz,0,2,2
ofcrse,1,0,1
ofcs,1,0,1
ofcurse,2,0,2
ofcurseee,0,1,1
ofcuz,1,0,1
ofd,1,0,1
ofdrama,0,1,1
ofe,2,0,2
ofeeeeeehuga,0,1,1
ofer,0,1,1
oferecer,1,0,1
ofest,1,0,1
off,19398,17685,37083
offa,6,3,9
offaa,0,1,1
offah,0,1,1
offair,1,0,1
offal,1,2,3
offaly,1,1,2
offbase,1,0,1
offbeat,1,3,4
offbeer,1,0,1
offc,2,0,2
offce,1,1,2
offcemates,0,1,1
offcial,0,2,2
offcially,6,2,8
offcolor,0,1,1
offcomers,0,1,1
offcorso,0,1,1
offcourse,1,4,5
offd,1,0,1
offday,2,0,2
offdended,0,1,1
offduty,0,1,1
offece,1,0,1
offed,3,1,4
offee,0,2,2
offenbach,0,1,1
offenc,1,0,1
offence,14,43,57
offences,2,1,3
offencive,0,1,1
offend,39,30,69
offended,91,78,169
offender,6,6,12
offenders,8,3,11
offending,10,7,17
offends,2,0,2
offened,3,2,5
offeneded,0,1,1
offenes,0,1,1
offense,57,86,143
offensed,0,1,1
offensee,1,0,1
offensive,37,26,63
offensively,4,1,5
offensivly,1,0,1
offenss,1,0,1
offensy,0,1,1
offer,393,573,966
offerd,1,0,1
offerdahl,0,2,2
offered,145,99,244
offerin,0,1,1
offering,37,86,123
offerings,8,3,11
offern,1,0,1
offerred,0,1,1
offers,77,109,186
offert,0,1,1
offertes,3,0,3
offertory,0,1,1
offerts,0,1,1
offerz,0,3,3
offesne,1,0,1
offeten,1,0,1
offf,36,41,77
offfeeee,1,0,1
offff,10,9,19
offffendeeeer,1,0,1
offfff,4,7,11
offffff,1,4,5
offfffff,2,1,3
offffffff,0,1,1
offfffffff,1,1,2
offffffffff,1,0,1
offfffffffff,1,0,1
offffffffffffff,1,2,3
offffffffffffffffff,0,1,1
offfffffffffffffffff,1,0,1
offffffffffffffffffff,1,0,1
offfffffffft,0,1,1
offffffiiiiccceeeee,1,0,1
offffft,1,0,1
offfft,1,0,1
offfftt,0,1,1
offfically,1,0,1
offfice,2,0,2
offficial,1,0,1
offficially,0,1,1
offfline,1,0,1
offft,0,1,1
offftaa,1,0,1
offgassing,1,0,1
offgrid,0,1,1
offhand,1,2,3
offiacial,1,0,1
offiacly,0,1,1
offial,1,0,1
offially,0,1,1
offic,1,0,1
officail,1,0,1
officaillllyyy,1,0,1
officailly,1,3,4
offical,16,21,37
officall,1,0,1
officalliyy,0,1,1
offically,63,54,117
officals,0,2,2
officaly,4,7,11
officce,0,1,1
office,3192,1831,5023
officebound,1,0,1
officejet,1,1,2
officelive,2,0,2
officemalscanner,0,1,1
officemate,4,3,7
officemates,0,4,4
officenomad,0,1,1
officer,38,48,86
officers,10,9,19
offices,65,46,111
officesuitesrducool,1,0,1
officeus,1,0,1
officeviews,0,1,1
officew,1,0,1
officeworks,2,2,4
officey,1,1,2
offici,1,0,1
officia,0,1,1
officiai,1,0,1
official,515,639,1154
officialbb,1,0,1
officialbf,1,0,1
officialbowwow,7,7,14
officialcharice,1,0,1
officialcher,1,0,1
officialdee,0,1,1
officialdh,0,1,1
officiale,0,1,1
officialii,1,0,1
officialin,1,0,1
officialised,1,0,1
officialized,0,1,1
officialjobros,2,0,2
officialjoellejames,0,1,1
officiall,2,3,5
officiallt,0,2,2
officially,1225,1106,2331
officiallyy,1,0,1
officialnjonas,0,2,2
officialrihanna,0,1,1
officials,12,4,16
officialshew,0,1,1
officialshmiley,0,1,1
officialtila,0,3,3
officialy,34,19,53
officiant,1,0,1
officiated,0,2,2
officiating,4,0,4
officically,1,0,1
officieel,1,0,1
officiel,0,1,1
officiele,0,1,1
officielement,1,0,1
officielle,0,1,1
officiially,1,0,1
officilally,1,0,1
officily,1,0,1
officing,1,0,1
officious,1,1,2
officism,1,0,1
officlal,0,1,1
offiially,1,0,1
offiicial,0,2,2
offiicially,2,0,2
offing,1,6,7
offis,1,0,1
offish,2,2,4
offishall,1,1,2
offishul,0,1,1
offiste,1,0,1
offivially,1,0,1
offkeys,1,0,1
offl,0,1,1
offleash,0,1,1
offlically,0,1,1
offlien,0,1,1
offlimits,1,0,1
offline,297,187,484
offlineee,1,0,1
offlineeeee,0,1,1
offlineeeeeeee,1,0,1
offlineeeeeeeeeeeeeee,1,0,1
offlineness,0,1,1
offlining,0,1,1
offload,1,4,5
offloads,0,1,1
offnded,0,1,1
offness,0,1,1
offour,1,0,1
offpeak,2,0,2
offputting,1,1,2
offramp,4,0,4
offramps,0,1,1
offre,0,1,1
offres,0,1,1
offring,1,0,1
offrir,0,1,1
offroad,1,0,1
offroading,1,1,2
offrs,1,0,1
offs,38,15,53
offsa,1,0,1
offscreen,0,1,1
offseason,1,2,3
offseasons,1,0,1
offset,8,13,21
offsets,0,1,1
offsetting,0,1,1
offshore,11,10,21
offshorer,1,0,1
offshoring,1,1,2
offsides,2,0,2
offsite,3,6,9
offski,0,4,4
offskies,1,0,1
offspecs,0,1,1
offspring,32,41,73
offsprings,1,2,3
offstage,0,1,1
offt,1,0,1
offta,0,1,1
offten,0,3,3
offter,0,1,1
offthegrid,0,1,1
offtoday,1,0,1
offtodohomework,1,0,1
offtopic,0,3,3
offtrack,1,0,1
offts,0,1,1
offutt,0,2,2
offy,1,1,2
ofg,1,0,1
ofgretel,1,0,1
ofgs,1,0,1
ofhearts,0,1,1
ofi,1,0,1
ofice,0,1,1
ofici,0,2,2
oficial,2,4,6
oficially,10,16,26
oficialus,0,1,1
oficina,1,1,2
oficiu,0,1,1
ofie,1,0,1
ofiice,1,0,1
ofiicers,0,1,1
ofiicial,1,0,1
ofiicially,1,0,1
ofiiciialy,0,1,1
ofio,0,1,1
ofis,1,0,1
ofitg,1,1,2
ofl,0,1,1
ofline,6,1,7
oflow,1,0,1
ofm,2,1,3
ofme,1,0,1
ofmg,0,1,1
ofmy,4,3,7
ofmyrealist,0,1,1
ofo,2,0,2
ofr,1,2,3
ofrecen,1,0,1
ofreci,1,0,1
ofri,0,1,1
ofront,1,0,1
ofs,0,1,1
ofsaa,2,0,2
ofschool,2,1,3
ofssaa,0,1,1
ofsted,0,2,2
ofsweet,0,1,1
oft,4,3,7
oftad,1,0,1
oftcom,0,1,1
ofte,1,0,1
oftem,1,0,1
often,598,922,1520
oftener,0,1,1
oftern,0,1,1
ofthe,1,2,3
oftheday,0,5,5
oftheir,1,0,1
oftheyear,1,0,1
ofticant,1,0,1
oftly,1,0,1
oftn,0,1,1
ofto,0,1,1
oftr,0,1,1
oftt,1,0,1
ofuck,1,0,1
ofund,0,1,1
ofuro,0,1,1
ofw,1,1,2
ofwhen,1,0,1
ofwork,0,1,1
ofyou,1,0,1
og,33,24,57
oga,0,2,2
ogad,0,1,1
ogame,0,1,1
ogar,1,0,1
ogata,0,1,1
ogbali,1,0,1
ogberry,1,0,1
ogc,0,1,1
ogden,2,2,4
ogdi,1,0,1
ogehhh,0,1,1
ogenj,0,1,1
ogenki,0,1,1
ogether,0,1,1
ogf,0,1,1
ogg,6,2,8
oggi,0,3,3
oggle,0,2,2
oggling,0,1,1
oggy,0,2,2
oggys,0,1,1
oggz,0,1,1
ogh,2,0,2
oghr,1,0,1
ogie,0,1,1
ogikubo,1,0,1
ogikubou,1,0,1
ogiliopoly,0,1,1
ogilvie,1,0,1
ogilvy,1,3,4
ogin,0,1,1
oging,2,1,3
ogl,0,2,2
ogle,0,5,5
oglebay,0,1,1
oglesby,1,0,1
ogling,2,3,5
ognawg,0,1,1
ognna,2,0,2
ognoring,1,0,1
ogod,1,0,1
ogodogodogod,1,0,1
ogr,0,1,1
ogrady,0,1,1
ogre,2,5,7
ogrenmek,1,0,1
ogres,1,0,1
ogrin,0,1,1
ogs,2,2,4
ogt,2,0,2
ogts,0,4,4
ogtv,0,1,1
ogura,1,0,1
oguri,1,2,3
oguriiiiiiiiiiiiiiiiiiii,0,1,1
ogv,1,0,1
ogx,0,1,1
ogz,0,2,2
oh,22494,17398,39892
oha,0,2,2
ohaay,0,1,1
ohac,0,3,3
ohahahahahaha,0,1,1
ohahhh,0,1,1
ohai,4,16,20
ohaideretiff,0,1,1
ohaihat,1,0,1
ohaii,0,2,2
ohaiii,0,1,1
ohaikayli,0,1,1
ohainaturalhair,1,0,1
ohaiyo,0,1,1
ohakune,2,0,2
ohalmosteveryoneidon,0,1,1
ohana,4,4,8
ohanas,0,1,1
ohand,1,0,1
ohanto,0,1,1
ohare,5,2,7
ohatdl,1,0,1
ohay,0,9,9
ohayo,1,7,8
ohayon,0,1,1
ohayou,1,2,3
ohb,1,1,2
ohbabayy,1,0,1
ohbabez,0,1,1
ohbby,0,1,1
ohbewell,1,0,1
ohbijou,2,0,2
ohboy,1,1,2
ohbuggerit,1,0,1
ohc,1,0,1
ohcomeon,1,0,1
ohcraap,1,0,1
ohdamn,1,0,1
ohdamnn,1,0,1
ohdba,0,1,1
ohdear,1,2,3
ohdearhowsadnevermind,0,1,1
ohdearrrrohdear,1,0,1
ohdearyme,1,0,1
ohdee,3,0,3
ohdibah,0,1,1
ohdog,1,0,1
ohe,0,1,1
oheka,0,1,1
ohemg,0,1,1
ohemgee,2,6,8
ohemgeee,0,2,2
ohemgeeeeeeez,1,0,1
ohemjay,1,0,1
ohemjays,0,1,1
oher,1,1,2
oherr,0,1,1
ohevet,0,1,1
oheyyy,0,1,1
ohf,0,1,1
ohfuckmylife,1,0,1
ohfukk,0,1,1
ohfuuuuuu,1,0,1
ohgawd,1,0,1
ohgawsh,0,1,1
ohgawshh,0,1,1
ohgod,10,6,16
ohgodd,1,0,1
ohgodfirstdayofworktomorrow,0,1,1
ohgodmywallethatesme,1,0,1
ohgodohgod,1,0,1
ohgodohgodohgod,1,0,1
ohgosh,3,1,4
ohh,926,919,1845
ohhai,0,2,2
ohhaii,0,2,2
ohhaikelly,0,1,1
ohhayyy,0,1,1
ohhdang,0,1,1
ohhellnoooo,1,0,1
ohhey,0,1,1
ohheylook,1,0,1
ohhgollywally,0,1,1
ohhgosh,1,0,1
ohhh,574,517,1091
ohhhh,203,232,435
ohhhhh,75,66,141
ohhhhhh,27,20,47
ohhhhhheadache,1,0,1
ohhhhhhh,16,13,29
ohhhhhhhh,8,6,14
ohhhhhhhhh,3,1,4
ohhhhhhhhhh,4,3,7
ohhhhhhhhhhh,6,3,9
ohhhhhhhhhhhh,4,2,6
ohhhhhhhhhhhhh,2,1,3
ohhhhhhhhhhhhhh,1,0,1
ohhhhhhhhhhhhhhhhhhhhhhh,1,0,1
ohhhhhhhhhhhhhhhhhhhhhhhhhhhhhhhh,1,0,1
ohhhhhkkkaayy,1,0,1
ohhhhkaye,1,0,1
ohhhhmmmmmmm,0,1,1
ohhhhmygoodnessssss,1,0,1
ohhhhnoooo,1,0,1
ohhhhohohoho,1,0,1
ohhhiii,0,1,1
ohhhk,1,0,1
ohhhkaay,0,1,1
ohhhkaayy,0,1,1
ohhhkay,0,1,1
ohhhkayyyy,1,0,1
ohhhlalala,1,0,1
ohhhlawdhavemercykellyclarksoneddiemurphyyyy,1,0,1
ohhhmigod,1,0,1
ohhhmy,0,1,1
ohhhmygod,0,1,1
ohhhmyyy,1,0,1
ohhhmyyygoddd,1,0,1
ohhhmyyygoshhh,0,1,1
ohhhnooo,1,0,1
ohhhoo,0,1,1
ohhiamjeffrey,0,1,1
ohhilary,1,0,1
ohhk,2,1,3
ohhkaaayy,0,1,1
ohhkaay,0,1,1
ohhkay,3,1,4
ohhkayy,1,1,2
ohhman,1,0,1
ohhmiiiidamn,1,0,1
ohhmmmm,0,1,1
ohhmyeffinggodd,0,1,1
ohhmygosh,1,0,1
ohhmygoshhhh,0,1,1
ohhmyyfreakkingodd,1,0,1
ohhmyyygooosshhh,1,0,1
ohho,0,2,2
ohhoo,0,1,1
ohhs,1,8,9
ohhshitt,0,1,1
ohhushfornewmoon,0,10,10
ohhwellll,1,0,1
ohhyeaaababyy,0,1,1
ohhyeah,0,1,1
ohhyikes,1,0,1
ohi,0,2,2
ohight,0,1,1
ohing,1,1,2
ohio,245,157,402
ohioans,2,0,2
ohiois,1,1,2
ohiooo,0,1,1
ohiooooo,0,1,1
ohiooooooooo,1,0,1
ohios,1,0,1
ohip,2,0,2
ohiya,0,1,1
ohjazzy,0,2,2
ohjoy,0,3,3
ohk,6,21,27
ohkaay,0,1,1
ohkai,0,1,1
ohkay,9,12,21
ohkayy,2,2,4
ohkayyy,1,0,1
ohki,0,1,1
ohkk,1,2,3
ohkkk,1,0,1
ohkohk,1,0,1
ohkura,1,0,1
ohl,0,2,2
ohlala,2,2,4
ohlohu,0,1,1
ohlol,0,1,1
ohlord,0,1,1
ohlson,1,0,1
ohlund,1,1,2
ohm,0,4,4
ohmagawd,0,1,1
ohmagod,1,0,1
ohmagosh,0,2,2
ohmagwd,1,0,1
ohmahgah,0,4,4
ohmahn,2,0,2
ohmaigawsh,1,0,1
ohmameeeeeen,0,1,1
ohman,5,7,12
ohmann,0,1,1
ohme,1,0,1
ohmeehgawsh,1,0,1
ohmega,0,1,1
ohmeyeah,0,1,1
ohmgodness,1,0,1
ohmieffingawd,1,0,1
ohmigawd,3,1,4
ohmigee,1,0,1
ohmigod,9,3,12
ohmigoddd,0,1,1
ohmigodddddddddddddd,0,1,1
ohmigoodness,0,1,1
ohmigosh,3,11,14
ohmigoshh,1,0,1
ohmioddsmakers,0,1,1
ohmis,1,0,1
ohmmmmm,0,1,1
ohmmygoddddd,1,0,1
ohmmygosh,1,0,1
ohmna,0,1,1
ohms,0,3,3
ohmy,19,9,28
ohmybrendon,0,1,1
ohmybudha,1,0,1
ohmychilly,1,0,1
ohmydamn,0,1,1
ohmydays,0,1,1
ohmydayz,1,0,1
ohmyeffinggosh,0,1,1
ohmyfeck,1,0,1
ohmyfgod,1,0,1
ohmyfinggod,0,1,1
ohmyfingod,0,1,1
ohmyflippygosh,0,1,1
ohmyfuckinggod,0,1,1
ohmygah,1,0,1
ohmygahds,0,1,1
ohmygawdclaudelia,1,0,1
ohmygawddd,0,1,1
ohmygawdigottahaveyounow,1,0,1
ohmygawsh,1,0,1
ohmygeeez,1,0,1
ohmygeez,1,0,1
ohmyghawd,1,0,1
ohmygod,29,33,62
ohmygodaa,0,1,1
ohmygodddd,1,0,1
ohmygodimsoscaredrightnow,0,1,1
ohmygods,1,0,1
ohmygolly,0,1,1
ohmygoodgod,1,0,1
ohmygoodnasss,1,0,1
ohmygoodness,2,2,4
ohmygoodnesss,0,1,1
ohmygosh,31,27,58
ohmygoshhh,1,1,2
ohmygossshhh,0,1,1
ohmyjonas,0,2,2
ohmylanta,0,1,1
ohmylord,0,1,1
ohmylordy,1,0,1
ohmymaybee,1,0,1
ohmyohmyohmy,1,0,1
ohmyrobpattz,0,1,1
ohmyword,0,2,2
ohmyy,5,1,6
ohmyygoshh,0,1,1
ohmyyy,1,0,1
ohmyyygoodness,1,0,1
ohmyyyy,1,0,1
ohn,3,0,3
ohna,0,1,1
ohne,1,4,5
ohnga,1,0,1
ohnine,1,1,2
ohnny,0,1,1
ohno,25,4,29
ohnoes,24,4,28
ohnoess,1,0,1
ohnonowits,1,0,1
ohnoo,1,0,1
ohnooo,3,1,4
ohnoooo,1,0,1
ohnos,1,0,1
ohnotheydidn,1,0,1
ohnotheydidnt,9,13,22
ohnout,0,1,1
ohnoyoudidnt,1,0,1
ohnoyouhaveanowielethimkissit,0,1,1
ohnoz,2,0,2
ohnozz,1,0,1
oho,4,5,9
ohoh,7,8,15
ohohh,1,0,1
ohoho,0,3,3
ohohoh,2,6,8
ohohoho,1,2,3
ohohohoh,0,1,1
ohohohohoh,0,1,1
ohok,1,1,2
oholic,1,1,2
oholics,0,1,1
ohon,1,0,1
ohone,2,0,2
ohones,1,0,1
ohoo,1,0,1
ohoooh,0,1,1
ohoooohhhhhhhhhhhhh,0,1,1
ohosiris,0,1,1
ohouse,1,0,1
ohow,1,0,1
ohp,3,2,5
ohparanoid,0,1,1
ohrbooten,0,1,1
ohrealltpoet,0,1,1
ohro,1,0,1
ohrwurm,1,3,4
ohryt,1,2,3
ohs,10,4,14
ohsa,1,0,1
ohshit,4,2,6
ohshitohshit,1,0,1
ohshnap,0,1,1
ohshnapsss,0,1,1
ohsho,0,1,1
ohslinkys,0,1,1
ohsnap,1,1,2
ohsome,0,1,1
ohsomuch,1,0,1
ohsss,0,1,1
ohstacyface,0,1,1
ohsweet,0,1,1
oht,0,1,1
ohtays,0,1,1
ohters,1,0,1
ohtheantagonist,0,1,1
ohum,1,0,1
ohurgod,0,1,1
ohv,1,0,1
ohw,5,2,7
ohwa,1,0,1
ohwaaaaa,1,0,1
ohwel,2,2,4
ohwell,33,30,63
ohwellill,1,0,1
ohwelll,0,2,2
ohwellll,0,2,2
ohwells,3,1,4
ohwellz,1,0,1
ohwhat,0,1,1
ohwhy,0,1,1
ohwhysosavvy,0,1,1
ohwow,1,2,3
ohww,0,1,1
ohwwww,1,0,1
ohya,3,3,6
ohyea,0,1,1
ohyeaaah,0,1,1
ohyeah,10,6,16
ohyeahhh,1,0,1
ohyeahhhh,0,1,1
ohyeahyeah,0,1,1
ohyeeeeeeah,0,1,1
ohyerr,1,0,1
ohyes,0,5,5
ohyesh,0,1,1
ohyess,0,3,3
ohyesss,0,1,1
ohyeswedid,2,10,12
ohyoubetijustcounted,0,1,1
ohz,2,1,3
oi,121,116,237
oia,3,1,4
oiaa,0,1,1
oiahsdoihadoiahsd,0,1,1
oias,0,2,2
oib,0,1,1
oic,15,16,31
oice,0,1,1
oiche,1,1,2
oicked,0,1,1
oics,1,0,1
oicu,1,0,1
oie,0,1,1
oiee,0,1,1
oieee,0,1,1
oif,1,0,1
oigaaa,1,0,1
oih,1,1,2
oii,6,5,11
oiiee,1,0,1
oiii,3,3,6
oiiii,1,1,2
oiiiii,0,1,1
oiiiiii,1,0,1
oiiiiiii,1,0,1
oiiiiiiiii,0,1,1
oiiiiiiiiiii,0,1,1
oiintment,0,1,1
oiivia,0,1,1
oik,1,0,1
oiking,0,1,1
oiks,0,1,1
oil,275,229,504
oilc,1,0,1
oildown,1,0,1
oiled,3,11,14
oiler,1,0,1
oilers,6,0,6
oilerssss,0,1,1
oilfield,1,0,1
oilias,0,1,1
oiling,2,1,3
oilipo,0,2,2
oils,6,14,20
oilsdead,1,0,1
oily,20,12,32
oilyfastfood,0,1,1
oimg,1,0,1
oin,7,1,8
oing,1,8,9
oingo,1,1,2
oink,26,15,41
oinker,0,1,1
oinkers,1,0,1
oinkflu,1,0,1
oinking,2,2,4
oinkment,0,1,1
oinkoink,2,0,2
oinkster,1,0,1
oinky,0,1,1
ointment,12,3,15
ointments,2,0,2
oio,0,1,1
oioi,0,4,4
oioioi,1,1,2
oioioioioioi,0,1,1
oion,0,1,1
oip,1,1,2
oir,2,1,3
oirish,2,0,2
ois,3,4,7
oisahuhashaushuaoh,0,1,1
oisdmusik,0,1,1
oise,0,2,2
oiseau,0,1,1
oish,0,1,1
oishi,0,3,3
oishii,1,0,1
oishiiiii,0,1,1
oiss,0,1,1
oist,1,2,3
oit,6,4,10
oits,1,0,1
oitta,1,0,1
oiwake,0,1,1
oiy,1,1,2
oiya,1,0,1
oiyayee,0,1,1
oiye,0,1,1
oizo,0,4,4
oizza,1,0,1
oj,63,62,125
ojai,1,4,5
ojaio,0,1,1
ojala,1,1,2
ojd,1,4,5
ojdl,0,1,1
ojeda,1,0,1
ojee,1,0,1
ojek,1,0,1
ojg,0,1,1
ojha,0,1,1
ojhie,1,0,1
ojitos,1,0,1
ojive,1,0,1
ojo,1,1,2
ojos,0,1,1
ojousama,0,2,2
ojs,0,2,2
ojt,2,3,5
ok,7222,8981,16203
oka,1,5,6
okaaaaaaaaaaaaaaaaaay,1,0,1
okaaaaaaaaaaay,1,0,1
okaaaaaaaaaay,1,0,1
okaaaaaaaaay,0,1,1
okaaaaaaaay,3,1,4
okaaaaaaay,0,1,1
okaaaaay,1,5,6
okaaaay,5,9,14
okaaaays,0,1,1
okaaaayy,1,0,1
okaaaayyy,0,1,1
okaaay,14,24,38
okaaayy,1,5,6
okaaayyy,1,2,3
okaaayyyyy,0,1,1
okaai,1,0,1
okaaiii,1,0,1
okaay,21,29,50
okaayy,2,2,4
okaayyy,1,0,1
okaayyyy,0,1,1
okabashis,1,0,1
okae,1,2,3
okaee,1,0,1
okaeeee,0,1,1
okaeri,0,2,2
okah,1,0,1
okahoma,1,0,1
okai,3,16,19
okaie,0,2,2
okaiee,0,1,1
okaii,4,5,9
okaiieee,1,0,1
okaiyu,0,1,1
okalie,0,1,1
okaloosa,1,0,1
okami,3,2,5
okanagan,2,0,2
okaokay,1,0,1
okapi,0,1,1
okasan,0,1,1
okatoma,0,1,1
okay,3518,4435,7953
okaydokay,0,3,3
okaye,0,1,1
okayfine,0,1,1
okayfir,1,0,1
okayi,0,1,1
okayibelieveyou,0,1,1
okayim,0,1,1
okaying,0,1,1
okayish,1,3,4
okayiwatched,1,0,1
okaylove,0,1,1
okays,5,14,19
okaysss,0,1,1
okaythanksbye,0,1,1
okayu,1,0,1
okayuh,1,0,1
okayy,67,79,146
okayyy,33,32,65
okayyyy,14,5,19
okayyyyy,2,1,3
okayyyyyy,1,0,1
okayyyyyyy,1,0,1
okayz,0,1,1
okazuya,1,0,1
okc,23,25,48
okccoco,1,0,1
okcity,1,1,2
okcupid,2,6,8
okd,0,1,1
oke,10,37,47
oked,1,0,1
okedoke,1,0,1
okee,4,12,16
okeedoke,0,1,1
okeee,0,1,1
okeeeee,1,0,1
okeeeeeee,0,1,1
okeeeeeeeeeeeee,0,1,1
okeeey,1,2,3
okeefeeee,0,1,1
okeei,1,0,1
okeeiiii,0,1,1
okeey,0,1,1
okefenokee,1,0,1
okefolkedoke,0,1,1
okeford,2,0,2
okeh,3,3,6
okehampton,0,1,1
okehh,1,0,1
okei,2,6,8
okej,1,3,4
okekoke,1,0,1
okeley,0,1,1
okely,0,2,2
okeo,1,0,1
okeoke,0,3,3
okey,27,67,94
okeydoke,0,1,1
okeydokey,0,3,3
okeyh,1,0,1
okeyy,1,2,3
okgo,2,0,2
okgottastudybye,1,0,1
okhay,0,1,1
okheregoes,1,0,1
okhr,0,1,1
oki,14,19,33
okicokes,0,1,1
okiday,0,1,1
okidoki,0,2,2
okidokie,0,1,1
okie,32,86,118
okiebud,1,0,1
okieday,0,1,1
okiedoke,1,2,3
okiedokie,1,1,2
okiee,0,8,8
okieee,1,1,2
okieeeee,3,0,3
okieeeeeeeeee,0,1,1
okiehoma,1,0,1
okies,20,64,84
okiess,0,3,3
okiessss,0,1,1
okii,1,4,5
okiie,1,0,1
okiii,0,1,1
okiiies,0,1,1
okik,0,1,1
okily,1,0,1
okin,0,2,2
okina,1,0,1
okinawa,6,4,10
okinawan,2,2,4
oking,1,2,3
okino,0,1,1
okinowa,1,0,1
okis,0,1,1
okish,2,1,3
okk,21,25,46
okkaaayyyyyyyyyyyy,0,1,1
okkaay,0,1,1
okkaayyy,1,0,1
okkay,1,1,2
okke,0,1,1
okkervil,4,0,4
okkie,0,2,2
okkiee,0,1,1
okkies,0,1,1
okkish,1,0,1
okkk,9,11,20
okkkaayy,0,1,1
okkkay,2,3,5
okkkk,2,3,5
okkkkaaaay,1,0,1
okkkkiie,1,0,1
okkkkk,2,2,4
okkkkkayyyy,0,1,1
okkkkkk,0,1,1
okkkkkkk,2,0,2
okkle,0,2,2
okla,2,2,4
oklacon,0,1,1
oklafuckinhoma,1,0,1
oklah,1,0,1
oklahoma,105,42,147
oklahomaaaaa,1,0,1
oklahomaaaaaa,0,1,1
oklahoman,0,1,1
oklahomas,1,1,2
oklahomaweathersucks,1,0,1
oklahomo,1,0,1
oklahoms,0,1,1
oklar,1,0,1
oklcok,1,0,1
okley,0,1,1
okly,0,1,1
okm,0,1,1
okmag,2,0,2
okmagazine,0,1,1
okn,0,1,1
oko,0,1,1
okoboji,0,2,2
okok,8,14,22
okokok,2,0,2
okokokok,0,1,1
okolo,0,1,1
okonomi,0,1,1
okonomiyaki,1,3,4
okoro,0,1,1
okov,1,0,1
okoxqq,1,0,1
okoye,1,0,1
okp,1,2,3
okra,12,5,17
okri,1,2,3
oks,6,10,16
oksa,1,0,1
oksana,1,2,3
oksaopksapok,1,0,1
okse,0,1,1
okslang,0,1,1
oktober,0,3,3
oktoberfest,3,2,5
oku,1,6,7
okubo,1,0,1
okur,0,2,2
oky,2,4,6
okya,1,0,1
okyay,0,1,1
ol,262,374,636
ola,6,18,24
olaa,0,1,1
olaf,2,2,4
olafur,0,2,2
olah,1,0,1
olajuwon,0,1,1
olalala,0,1,1
olanaruva,1,0,1
olans,1,1,2
olas,1,1,2
olathe,1,3,4
olats,1,0,1
olaughs,0,1,1
olawd,0,1,1
olay,1,2,3
olb,1,1,2
olbas,2,0,2
olberfanns,1,0,1
olbermann,2,5,7
olbinski,0,1,1
olbus,2,0,2
olc,4,0,4
olcayto,0,1,1
old,6338,5633,11971
olda,1,0,1
oldal,0,1,1
oldboy,0,1,1
oldclips,1,0,1
oldcrew,1,0,1
oldd,1,2,3
olddd,1,2,3
oldddd,2,2,4
olddddd,3,0,3
olddies,1,0,1
olddogs,0,1,1
olde,10,20,30
oldegreywool,0,2,2
olden,1,2,3
oldenburg,0,2,2
oldendorf,0,1,1
older,429,427,856
olderr,0,1,1
olderrr,0,1,1
olders,0,2,2
oldest,117,91,208
oldests,0,1,1
oldfashion,0,1,1
oldfashioned,1,1,2
oldfield,0,3,3
oldglorysoldiers,0,1,1
oldham,3,4,7
oldhamer,1,0,1
oldhead,0,1,1
oldidity,0,1,1
oldie,10,26,36
oldies,22,53,75
oldish,3,4,7
oldist,0,1,1
oldlady,1,0,1
oldladyfood,0,1,1
oldmans,1,0,1
oldnavyweekly,1,0,1
oldness,4,1,5
oldold,1,0,1
oldoldold,0,1,1
oldport,1,0,1
oldportfest,0,2,2
oldr,1,0,1
olds,84,94,178
oldschool,9,13,22
oldschoolnick,1,0,1
oldschoolsongs,1,0,1
oldskoo,0,1,1
oldskool,2,11,13
oldsmar,0,1,1
oldsmobile,2,0,2
oldsoulie,0,1,1
oldtimer,0,2,2
oldtimers,0,4,4
oldtown,0,1,1
oldtymer,0,2,2
oldu,0,2,2
oldum,1,0,1
olduvai,0,1,1
oldy,1,5,6
oldyy,0,1,1
ole,95,120,215
olean,1,0,1
oleander,0,2,2
oleanna,1,0,1
olearning,0,1,1
olease,1,0,1
oled,2,3,5
oledays,0,1,1
oledi,1,2,3
oledy,0,2,2
oleeee,0,1,1
oleg,3,2,5
oleh,1,4,5
olen,1,0,1
oleole,0,3,3
olevel,1,1,2
olevels,0,1,1
olevia,0,1,1
olexa,1,0,1
oley,1,4,5
oleyyyyy,0,1,1
olf,2,1,3
olg,0,2,2
olga,4,6,10
olgas,0,2,2
olgy,0,1,1
olh,2,1,3
olha,2,7,9
olhaa,0,1,1
olho,1,0,1
olhos,1,0,1
oli,23,24,47
oliceo,0,1,1
oliday,0,1,1
olie,3,0,3
oliehoek,0,1,1
oligators,0,1,1
oligopoly,1,0,1
oliiii,0,1,1
oliiiii,1,0,1
olikornyo,0,1,1
olimar,0,1,1
olimpia,0,1,1
olimpiadele,0,1,1
olimpic,1,0,1
olimpico,1,0,1
olims,0,1,1
olin,4,0,4
olina,2,0,2
olio,1,0,1
olis,0,1,1
oliu,0,2,2
oliva,2,5,7
olivaer,1,0,1
olive,90,140,230
olivegarden,1,0,1
olivejuice,1,0,1
oliveoil,0,1,1
oliver,58,78,136
oliverfreakingsykes,0,1,1
olivero,1,0,1
oliveros,0,1,1
olivers,3,3,6
olives,13,43,56
olivetree,1,0,1
olivia,56,80,136
oliviaaa,0,1,1
oliviaaaaa,0,1,1
oliviamunn,0,2,2
olivias,2,2,4
olivier,2,2,4
olivo,0,1,1
olk,0,1,1
olkohoma,1,0,1
oll,5,4,9
olle,0,1,1
ollehs,1,0,1
oller,0,2,2
olles,0,1,1
ollh,1,0,1
olli,1,3,4
ollian,0,5,5
ollich,1,0,1
ollie,16,27,43
olliecollie,1,0,1
ollieparsley,0,1,1
ollies,1,1,2
ollld,0,1,1
olllld,1,0,1
ollllldddddddd,0,1,1
ollmann,0,1,1
ollow,1,1,2
ollowers,1,0,1
ollowershave,1,0,1
olls,0,1,1
olly,5,12,17
ollywolly,1,0,1
ollyyy,0,1,1
olmand,1,0,1
olmaz,0,1,1
olmer,1,0,1
olmos,0,1,1
olmost,1,0,1
olmsted,0,1,1
olmus,0,1,1
olmuyodu,0,1,1
oln,0,2,2
olney,2,0,2
olny,1,3,4
olo,2,3,5
olober,1,0,1
ology,0,2,2
olol,2,2,4
olollo,1,0,1
ololol,0,1,1
ololololololol,1,0,1
olopsc,1,0,1
olous,1,0,1
olowalu,1,0,1
olp,3,1,4
olpc,1,1,2
olr,0,3,3
olrdy,2,0,2
olryt,1,0,1
ols,5,4,9
olsen,2,5,7
olsens,1,0,1
olser,0,1,1
olsh,0,2,2
olso,1,0,1
olson,2,5,7
olsons,1,0,1
olsson,1,0,1
olstead,0,1,1
olsteen,1,0,1
oltl,9,7,16
olu,0,1,1
olufemi,0,1,1
oluji,0,1,1
olun,0,1,1
olup,1,0,1
olur,0,1,1
olux,0,1,1
olva,0,1,1
olvasatlan,1,0,1
olvastam,0,1,1
olvia,0,1,1
olvid,3,0,3
olvide,4,0,4
olviden,0,1,1
olvido,1,0,1
olwayz,1,0,1
olwyn,1,0,1
oly,8,4,12
olympia,6,11,17
olympiad,0,2,2
olympiakos,1,0,1
olympian,0,3,3
olympians,2,3,5
olympiastadion,0,1,1
olympic,13,17,30
olympicks,0,1,1
olympics,19,31,50
olympiou,0,1,1
olympus,10,8,18
olymus,0,1,1
olyphant,0,1,1
olypics,1,0,1
olypmus,1,0,1
olys,1,0,1
olz,0,1,1
om,67,90,157
oma,7,4,11
omaaaaaar,1,0,1
omaaan,1,0,1
omaal,1,0,1
omaer,1,0,1
omagawd,1,0,1
omagawshbang,0,1,1
omagayo,0,1,1
omagh,1,0,1
omagod,1,0,1
omagosh,1,0,1
omagrosh,0,1,1
omaha,51,29,80
omahgawd,0,1,1
omahku,0,1,1
omaigad,1,0,1
omaigod,1,0,1
omaijesus,0,1,1
omakase,0,3,3
omale,1,0,1
omaley,0,1,1
omali,1,0,1
omaly,0,1,1
oman,3,7,10
omangzor,0,1,1
omannnn,1,0,1
omap,0,1,1
omapere,1,0,1
omar,24,20,44
omari,0,1,1
omarian,0,1,1
omarion,5,9,14
omarions,1,0,1
omarketing,0,1,1
omate,1,0,1
omb,1,7,8
ombak,0,1,1
ombra,0,1,1
ombre,1,1,2
ombudsman,2,0,2
omc,5,3,8
omcd,0,1,1
omcdc,1,0,1
omd,13,9,22
omds,2,0,2
omdz,2,0,2
omdzzzzzzz,1,0,1
ome,19,15,34
omebody,1,0,1
omedetou,0,2,2
omee,1,0,1
omeee,1,0,1
omeeee,1,0,1
omega,6,15,21
omegagirl,0,1,1
omegahouse,0,1,1
omegas,1,3,4
omegle,9,9,18
omelas,0,1,1
omelet,10,13,23
omelete,0,2,2
omeletes,1,0,1
omelets,1,4,5
omelette,15,27,42
omelettes,4,8,12
omellete,2,0,2
omellette,0,1,1
omen,13,23,36
omena,1,0,1
omeng,1,0,1
omens,2,3,5
oment,0,1,1
omeone,3,2,5
omeprazole,1,0,1
omeprrazole,0,1,1
omer,0,3,3
omerta,0,2,2
omesh,2,2,4
omet,1,0,1
omething,0,1,1
ometimes,1,0,1
omewhere,1,0,1
omework,1,0,1
omf,5,0,5
omffffg,1,0,1
omffffggg,0,1,1
omffffggggggg,1,0,1
omffggg,0,1,1
omfg,351,214,565
omfgg,3,1,4
omfggg,2,4,6
omfgggg,3,1,4
omfgggggg,1,1,2
omfggggggg,0,1,1
omfgggggggg,0,1,1
omfggggggggggg,1,0,1
omfgggggggggggg,1,0,1
omfgi,0,1,1
omfgitsvix,0,1,1
omfgomfg,1,0,1
omfgomfgomfg,1,0,1
omfgroflthat,0,1,1
omfgsh,1,0,1
omfgz,2,3,5
omfj,2,1,3
omfkajshfdlsahskja,1,0,1
omfq,1,1,2
omfrickng,1,0,1
omfs,1,1,2
omfsm,1,0,1
omfuckingg,1,0,1
omg,7563,4660,12223
omga,1,0,1
omgaaaaah,1,0,1
omgaaah,1,0,1
omgaah,0,1,1
omgad,0,1,1
omgaga,1,0,1
omgah,9,3,12
omgahd,1,0,1
omgahh,2,0,2
omgahhh,1,1,2
omgash,1,1,2
omgawd,5,2,7
omgawsh,1,3,4
omgay,0,1,1
omgcuteness,0,1,1
omgd,1,0,1
omgee,8,8,16
omgeee,4,3,7
omgeeee,2,1,3
omgeeeeaaa,1,0,1
omgeeeee,0,1,1
omgeeeeee,1,0,1
omgeeeeeee,1,0,1
omgeeeezy,1,0,1
omgeez,0,1,1
omgeeze,1,0,1
omgeezie,0,1,1
omgf,0,2,2
omgfml,1,0,1
omgg,70,57,127
omggg,81,43,124
omgggg,66,27,93
omggggg,11,11,22
omgggggg,7,6,13
omggggggg,1,2,3
omgggggggg,2,7,9
omggggggggg,6,1,7
omgggggggggg,4,1,5
omggggggggggg,5,1,6
omgggggggggggg,1,0,1
omggggggggggggggggg,1,0,1
omggggggggggggggggggg,1,1,2
omgggggggggggggggggggg,0,1,1
omggggggggggggggggggggggggg,0,1,1
omggggggggggggggggggggggggggg,1,0,1
omggggggggggggggggggggggggggggggggggggggggggggggggggggggggg,0,1,1
omggggggggggggggggggggggggggggggggggggggggggggggggggggggggggggggggggggggggggggggggggggggggggggggggggggggggggggg,1,0,1
omggggi,1,0,1
omggggzzzzzz,0,1,1
omgghghgh,1,0,1
omggmgofmgogmgodsjgjdskj,0,1,1
omggzzz,0,1,1
omgh,1,0,1
omgharrypotter,1,0,1
omghow,1,0,1
omgi,0,1,1
omgiamsohappyrightnow,0,1,1
omgif,2,0,2
omgiiiiiiiiiiii,1,0,1
omgijustsaw,0,1,1
omgili,0,1,1
omgilove,0,1,1
omgiloveyou,1,0,1
omgimpatient,1,0,1
omginorite,1,0,1
omgithurts,1,0,1
omgitsalic,0,1,1
omgitsamazing,1,0,1
omgitsc,1,0,1
omgitsdamien,0,1,1
omgitsnigella,1,0,1
omgizzle,0,1,1
omgjared,0,1,1
omgjesus,0,1,1
omgmoment,0,2,2
omgn,0,1,1
omgness,2,0,2
omgno,1,0,1
omgnowhy,1,0,1
omgod,7,3,10
omgodness,1,0,1
omgods,0,1,1
omgogmgo,1,0,1
omgogmogm,0,1,1
omgomg,5,10,15
omgomgogmogm,1,0,1
omgomgomg,10,12,22
omgomgomggogomg,0,1,1
omgomgomgogmg,1,0,1
omgomgomgogmogmggg,1,0,1
omgomgomgomg,4,6,10
omgomgomgomgomg,2,4,6
omgomgomgomgomgomgomg,1,2,3
omgomgomgomgomgomgomgomggggggg,0,1,1
omgomgomomgomg,0,1,1
omgomomgomgomomg,0,1,1
omgoodness,15,15,30
omgoooooodness,0,1,1
omgoooooosh,1,0,1
omgoosh,0,1,1
omgosh,109,96,205
omgoshh,2,3,5
omgoshhh,3,2,5
omgoshness,0,2,2
omgoz,1,0,1
omgpop,15,12,27
omgpoping,0,1,1
omgpopping,0,1,1
omgrand,1,0,1
omgs,0,6,6
omgsh,34,45,79
omgshh,1,0,1
omgshness,1,0,1
omgshomgshomgsh,0,1,1
omgsondibvhibd,0,1,1
omgsoo,1,0,1
omgssh,0,1,1
omgswineflu,1,0,1
omguh,1,0,1
omgwtf,1,4,5
omgwtfbbq,2,2,4
omgwtfdq,0,1,1
omgwtflol,1,0,1
omgwtfmate,1,0,1
omgwtfrva,1,0,1
omgwtfspoilers,1,0,1
omgyay,0,1,1
omgyrd,1,0,1
omgz,14,10,24
omgzitznina,1,0,1
omgzorzroflmaomglol,0,1,1
omgzzz,3,0,3
omgzzzz,2,0,2
omgzzzzz,0,2,2
omh,4,0,4
omhgsauhgduigdufh,0,1,1
omhros,1,0,1
omhy,1,0,1
omi,1,2,3
omicron,0,1,1
omid,1,3,4
omidvaram,1,0,1
omie,0,1,1
omieeeebaby,1,0,1
omigash,0,1,1
omigawsh,0,1,1
omigod,3,5,8
omigoddd,0,1,1
omigoddddd,1,0,1
omigood,1,0,1
omigoodness,2,1,3
omigosh,14,21,35
omigoshh,1,0,1
omigoshhhh,2,0,2
omigoth,0,1,1
omij,1,0,1
oming,1,1,2
ominious,1,0,1
ominous,22,8,30
ominously,3,2,5
omir,1,0,1
omission,2,2,4
omissions,0,1,1
omit,1,2,3
omits,1,0,1
omitted,2,2,4
omj,60,89,149
omjesus,3,0,3
omji,0,1,1
omjjj,1,0,1
omjoe,0,1,1
omjomjomj,0,1,1
omjonas,1,0,1
oml,3,0,3
omle,0,1,1
omlet,2,6,8
omlete,0,2,2
omlets,2,1,3
omlette,9,14,23
omlettes,0,3,3
omlouv,1,1,2
omly,3,1,4
omm,3,5,8
omma,1,0,1
ommegang,2,1,3
ommfg,1,0,1
ommg,7,5,12
ommgee,0,1,1
ommgeezus,0,1,1
ommgg,0,1,1
ommggg,2,1,3
ommgggg,0,1,1
ommggggg,0,1,1
ommm,4,1,5
ommmg,4,0,4
ommmgg,2,0,2
ommmmffffggggg,1,0,1
ommmmg,1,1,2
ommmmggggggg,1,0,1
ommmmmmmmmmmm,0,1,1
ommpa,0,1,1
ommphh,0,1,1
ommwent,1,0,1
ommyygoshh,1,0,1
omngosh,1,0,1
omni,3,8,11
omnia,18,7,25
omniaaaa,1,0,1
omniabscence,0,1,1
omniapro,0,1,1
omnibus,12,15,27
omniex,1,0,1
omnifocus,5,3,8
omnigraffle,4,2,6
omnimbus,0,1,1
omnioutliner,1,1,2
omnipass,2,0,2
omniplan,0,1,1
omnipotent,2,4,6
omnipresence,0,1,1
omnipresent,0,3,3
omnis,1,0,1
omniscience,0,1,1
omniscient,0,1,1
omniture,5,0,5
omnivore,0,2,2
omnivorousity,1,0,1
omniweb,0,1,1
omniworld,0,1,1
omnom,1,2,3
omnomlette,0,1,1
omnomnom,4,9,13
omnomnomnom,1,2,3
omnomnomnomnom,0,3,3
omnomnomwin,0,1,1
omnomonom,1,0,1
omnonomnom,0,1,1
omntd,0,1,1
omntda,1,0,1
omnya,0,1,1
omo,2,5,7
omocha,1,0,1
omogmomg,0,1,1
omomomogmogmogmomgogmogm,1,0,1
omomomom,0,2,2
omona,1,0,1
omorfa,0,1,1
omorrow,1,1,2
omorw,0,1,1
omoshiroi,0,1,1
omotesando,1,0,1
ompa,1,0,1
ompetition,0,1,1
ompf,0,1,1
ompletely,1,0,1
omputer,1,1,2
ompv,0,1,1
omq,9,3,12
omqq,3,0,3
omqqq,0,2,2
omr,0,1,1
omran,0,1,1
omre,0,1,1
omroep,0,1,1
omrp,0,1,1
oms,3,2,5
omsi,0,1,1
omss,1,0,1
omt,2,2,4
omu,0,1,1
omule,0,1,1
omv,0,3,3
omw,43,30,73
omy,2,6,8
omygawd,0,2,2
omygee,1,0,1
omygoodness,1,0,1
omygosh,7,3,10
omygoshomygoshomygosh,0,1,1
omylem,0,1,1
omz,1,0,1
omzetting,1,0,1
on,84191,84195,168386
ona,9,6,15
onable,0,1,1
onagra,1,0,1
onaim,1,0,1
onair,2,2,4
onamission,1,0,1
onawhimm,0,1,1
onb,0,1,1
onbeforeunload,0,1,1
onbersation,0,1,1
onbly,0,1,1
onboard,10,15,25
onborad,0,1,1
onbrand,1,0,1
onc,0,1,1
oncall,7,1,8
oncalls,1,0,1
oncampus,0,1,1
oncav,1,0,1
once,2399,4025,6424
oncea,1,0,1
onceamonth,1,0,1
onceayearjoke,0,1,1
onceee,1,0,1
onceeee,1,0,1
onceeeeeeee,1,0,1
oncelebrity,0,1,1
oncetv,0,1,1
onch,3,7,10
onchanged,1,0,1
oncie,4,0,4
onclick,1,1,2
onclipevent,1,0,1
oncogene,1,0,1
oncological,1,0,1
oncologist,3,0,3
oncology,2,0,2
oncoming,6,2,8
oncontextmenu,0,1,1
oncore,1,0,1
oncounter,1,0,1
oncrutches,1,0,1
oncue,1,0,1
ond,2,3,5
onda,1,5,6
ondaway,0,1,1
onde,4,3,7
ondemand,14,5,19
onder,1,1,2
ondialog,1,0,1
ondii,1,0,1
ondine,0,1,1
ondoors,1,0,1
ondt,0,1,1
one,27262,26683,53945
oneadoze,1,0,1
oneal,2,2,4
oneandone,1,0,1
oneandsame,0,1,1
onebodes,0,1,1
onecall,2,0,2
onecar,1,0,1
onecare,1,0,1
onece,1,0,1
onechancenoend,0,1,1
onecorpfx,1,0,1
oned,2,0,2
onedavid,0,1,1
oneday,5,6,11
oneddl,0,1,1
onee,13,20,33
oneechan,0,1,1
oneee,12,13,25
oneeee,3,5,8
oneeeee,2,2,4
oneeeeee,0,1,1
oneeeeeee,1,3,4
oneeeeeeee,1,1,2
oneeeeeeeeee,1,1,2
oneeleven,0,1,1
onees,1,0,1
onefourrr,1,0,1
onefriends,0,1,1
onegai,1,0,1
onehd,4,0,4
onehitterrrr,1,0,1
oneil,1,1,2
oneill,1,1,2
oneindia,1,0,1
oneiric,0,1,1
oneka,1,0,1
oneliners,1,0,1
onelove,0,2,2
onely,0,3,3
onem,0,1,1
onemanga,2,1,3
onemidtown,0,1,1
onemoreday,1,0,1
onemoreurl,1,0,1
onenkf,0,1,1
onenote,0,3,3
oneofmyfavoritemovies,0,1,1
oneon,1,0,1
oneone,1,0,1
oneoneoneone,1,0,1
oneonta,1,2,3
oneoverzero,0,2,2
onepage,0,1,1
onepiece,1,2,3
oneprayer,0,1,1
oner,0,1,1
onerepublic,0,2,2
oneriot,3,0,3
ones,1767,1604,3371
onesale,0,1,1
oneself,11,9,20
onesentence,0,1,1
oneshot,6,5,11
oneshots,1,0,1
onesie,3,5,8
onesies,1,4,5
oness,1,0,1
onesss,1,1,2
onessss,0,1,1
onesssssss,1,0,1
onessssssssssss,1,0,1
onestar,1,0,1
onestly,1,0,1
onestops,1,0,1
onething,1,0,1
onetime,1,0,1
onetreehill,0,2,2
onetvpcdotcom,2,0,2
onetvxq,0,1,1
oneup,2,1,3
oneuropa,0,1,1
onew,2,0,2
onewas,1,0,1
oneway,1,0,1
oneword,1,0,1
onewton,1,0,1
oney,2,1,3
oneye,1,0,1
onez,1,2,3
onf,0,1,1
onfg,1,0,1
onfriday,1,0,1
onfront,0,1,1
ong,15,15,30
onga,0,7,7
ongaku,1,0,1
ongc,1,0,1
ongeh,0,1,1
onger,0,1,1
onghostbusters,1,0,1
ongina,0,3,3
ongistic,0,1,1
ongo,1,0,1
ongoco,0,1,1
ongodly,0,1,1
ongoing,23,21,44
ongoings,0,1,1
ongraduate,0,1,1
ongs,0,1,1
ongue,0,1,1
ongz,1,0,1
onhannah,1,0,1
onher,0,1,1
onhere,0,1,1
onhow,1,0,1
oni,5,5,10
onibus,0,1,1
onibuses,1,0,1
onie,1,0,1
oniel,1,0,1
onies,0,2,2
onig,2,0,2
onight,1,0,1
onigiri,1,3,4
onihdiwb,0,1,1
oniichan,0,1,1
oniine,0,1,1
onilne,0,1,1
onim,1,0,1
onimusha,1,0,1
onine,0,5,5
oningiri,0,1,1
onioin,1,0,1
onion,76,106,182
onionbelt,0,1,1
onionbooty,0,1,1
onions,58,52,110
oniony,1,1,2
onish,0,1,1
onit,3,1,4
onittee,0,1,1
onix,1,0,1
oniy,2,0,2
onizuka,1,1,2
onj,1,0,1
onkel,1,0,1
onkle,0,1,1
onkssssss,0,1,1
onky,0,1,1
onkyo,0,1,1
onl,9,5,14
onlain,1,0,1
onlater,0,1,1
onlee,1,2,3
onley,1,0,1
onleyyyy,1,0,1
onli,20,7,27
onlie,1,0,1
onlien,1,0,1
onlight,0,1,1
onlii,1,1,2
onliiiiiine,0,1,1
onliiiine,0,1,1
onliine,1,0,1
onlinacyxx,0,1,1
online,2456,2198,4654
onlinebizowner,0,1,1
onlinee,5,3,8
onlineee,0,3,3
onlineeee,1,2,3
onlineeeee,1,0,1
onlineeeeeeeeee,1,0,1
onlineminds,0,1,1
onlineness,1,0,1
onlineovky,0,1,1
onliners,1,0,1
onlineshop,0,1,1
onlinestats,0,1,1
onlinethough,0,1,1
onlinetwopping,0,1,1
onlinevents,0,4,4
onlinewaaah,1,0,1
onlinez,1,0,1
onlining,2,1,3
onlinneee,1,0,1
onlinnne,0,1,1
onlinsten,1,0,1
onlione,1,0,1
onliune,1,0,1
onlive,2,0,2
onlly,0,2,2
onln,0,1,1
onlne,1,0,1
onlnie,0,1,1
onload,0,1,1
onlookers,0,1,1
onlt,2,3,5
onlto,0,1,1
onlu,2,0,2
only,17612,10501,28113
onlye,1,0,1
onlyget,1,0,1
onlygirl,1,0,1
onlygizmos,0,1,1
onlygot,0,1,1
onlyhave,1,0,1
onlyin,1,0,1
onlymeuk,1,0,1
onlyn,4,5,9
onlyne,1,1,2
onlyone,1,0,1
onlysaw,1,0,1
onlyu,1,0,1
onlyv,0,1,1
onlyvaleria,0,1,1
onlyy,8,4,12
onlyyy,2,4,6
onlyyyy,1,0,1
onlyyyyy,1,1,2
onm,2,6,8
onme,2,0,2
onmouseover,0,1,1
onmy,9,1,10
onmyd,0,1,1
onmymortgage,1,0,1
onmyspace,0,1,1
onn,19,23,42
onna,2,2,4
onnan,0,1,1
onne,0,1,1
onnga,0,1,1
onnly,1,0,1
onnn,15,15,30
onnne,1,0,1
onnnn,12,17,29
onnnnn,2,10,12
onnnnnn,2,4,6
onnnnnnn,0,3,3
onnnnnnnn,1,0,1
onnnnnnnnn,1,1,2
onnnnnnnnnn,0,1,1
onnnnnnnnnnn,0,1,1
onnnnnnnnnnnn,0,1,1
onnnnnnnnnnnnnnnn,1,0,1
onnnnnw,0,1,1
onnu,0,1,1
ono,10,20,30
onoes,3,1,4
onofrio,2,3,5
onolicious,0,1,1
onoly,0,1,1
onom,0,1,1
onomatopoeia,1,1,2
onondaga,0,2,2
onone,0,1,1
onooes,0,1,1
onot,0,1,1
onpc,0,1,1
onpeak,1,0,1
onpoint,1,0,1
onpp,0,1,1
onq,1,0,1
onr,3,0,3
onrait,1,0,1
onrec,1,0,1
onredtube,0,1,1
onrisslow,1,0,1
onroad,5,2,7
onry,1,0,1
ons,34,20,54
onsala,1,0,1
onsale,6,4,10
onscreen,3,2,5
onsdag,1,0,1
onse,1,0,1
onself,0,1,1
onsen,1,1,2
onserve,0,1,1
onset,6,4,10
onshore,2,0,2
onside,1,0,1
onsie,0,1,1
onsite,7,5,12
onslaught,9,7,16
onsptz,1,0,1
onstage,18,21,39
onstar,1,1,2
onstead,0,1,1
onsted,0,1,1
onsugar,0,1,1
ont,18,10,28
ontarians,0,1,1
ontarien,1,0,1
ontarihoe,0,1,1
ontario,61,70,131
ontarion,1,0,1
ontarioooo,0,1,1
ontb,0,1,1
ontd,127,49,176
ontdai,1,0,1
ontdek,0,1,1
ontder,1,0,1
ontders,1,1,2
ontdp,0,1,1
ontdst,1,0,1
ontdstartrek,2,0,2
onteeeeeeem,1,0,1
ontem,9,16,25
onthand,1,0,1
onthe,3,8,11
onthebrightside,0,1,1
onthebus,1,0,1
onthego,0,1,1
onthelow,7,0,7
onther,1,0,1
ontheroad,0,1,1
ontheway,2,1,3
onthewayy,0,1,1
onthewayyyyz,1,0,1
onthisday,1,0,1
onthoofd,1,0,1
onti,1,1,2
ontime,5,3,8
onto,506,456,962
ontoday,1,0,1
ontokusatsu,0,1,1
ontological,0,1,1
ontology,0,2,2
ontonight,0,1,1
ontop,6,5,11
ontoplist,4,1,5
ontourage,0,1,1
ontvangen,0,1,1
ontwitter,0,1,1
onu,2,1,3
onunload,0,1,1
onur,0,3,3
onus,0,1,1
onuto,0,1,1
onw,1,3,4
onward,11,26,37
onwards,28,29,57
onwe,1,0,1
onweer,0,1,1
onwin,1,0,1
onx,0,1,1
ony,4,4,8
onya,0,5,5
onyah,0,1,1
onyet,1,0,1
onyewu,1,0,1
onyi,0,1,1
onyii,1,0,1
onyl,2,2,4
onyou,1,0,1
onyour,1,0,1
onyx,9,10,19
onz,1,1,2
onzin,0,1,1
onznn,0,1,1
oo,184,259,443
ooaahohs,1,0,1
ooaf,0,1,1
ooah,0,1,1
ooak,0,4,4
ooaps,0,1,1
oob,2,2,4
oobe,1,0,1
oober,12,4,16
ooberly,0,1,1
oobladoobla,1,0,1
oobleck,0,1,1
ooc,118,123,241
ooch,1,1,2
oocss,0,1,1
ood,6,8,14
oodd,1,0,1
oodddd,1,0,1
oodles,10,25,35
ooe,0,1,1
ooer,3,3,6
ooerr,0,1,1
ooers,0,1,1
ooey,0,1,1
oof,21,16,37
ooff,0,3,3
ooffff,1,0,1
ooffoo,1,3,4
oofft,0,1,1
oofm,1,0,1
ooft,5,4,9
ooftt,0,1,1
oog,1,0,1
ooga,0,1,1
oogaly,0,1,1
oogie,1,0,1
ooglayy,1,0,1
oogle,1,2,3
oogleh,1,0,1
oogling,3,1,4
oogly,1,0,1
oogy,1,0,1
ooh,545,1139,1684
oohed,0,1,1
ooheee,0,2,2
ooher,1,0,1
oohft,0,1,1
oohh,49,69,118
oohhh,20,32,52
oohhhh,9,11,20
oohhhhh,1,6,7
oohhhhhh,2,2,4
oohhyeahh,0,1,1
oohin,1,0,1
oohing,0,1,1
oohje,1,0,1
oohkay,1,0,1
oohmygoshhh,0,1,1
oohok,1,0,1
oohs,0,3,3
oohwee,1,0,1
ooi,1,1,2
ooiii,0,1,1
ooit,0,1,1
ooj,1,0,1
ook,9,9,18
ooka,1,2,3
ookaaayy,0,1,1
ookay,1,3,4
ookey,1,0,1
ookie,0,2,2
ookini,0,1,1
ookk,1,1,2
ookkaaay,1,0,1
ooks,2,3,5
ooky,1,0,1
ool,4,4,8
oolainy,1,0,1
oolala,1,1,2
oold,1,1,2
oolll,1,0,1
oolong,2,11,13
oom,1,20,21
ooma,0,1,1
oome,1,0,1
oomf,1,0,1
oomfs,0,1,1
oomg,6,2,8
oomggggggggggggggg,1,0,1
oommgg,0,1,1
oommggg,0,1,1
oommmgg,1,0,1
oommmgggg,1,0,1
oomoo,0,2,2
oompa,5,4,9
oompah,1,0,1
oomph,11,3,14
oomploompas,0,1,1
oon,4,6,10
oona,0,3,3
oonamusic,0,1,1
oone,1,1,2
oonga,1,0,1
oonjhal,0,1,1
oonjuri,1,0,1
oonroz,1,0,1
ooo,227,436,663
oooah,0,1,1
oooba,1,1,2
ooober,0,2,2
ooochy,1,0,1
ooodeee,1,0,1
ooodles,1,1,2
oooelp,1,0,1
oooer,0,3,3
oooerr,0,1,1
oooerrr,0,1,1
ooof,8,4,12
ooofff,2,0,2
oooffff,1,0,1
oooffft,0,1,1
ooofffuhhhh,0,1,1
oooft,2,3,5
oooh,387,767,1154
ooohdear,1,0,1
ooohh,27,45,72
ooohhh,37,37,74
ooohhhh,6,9,15
ooohhhhh,1,2,3
ooohhhhhh,1,1,2
ooohhhhhhh,1,1,2
ooohhhlalla,0,1,1
ooohing,0,1,1
ooohlala,0,1,1
ooohoh,0,1,1
ooohohoo,0,1,1
ooohooh,0,1,1
ooohooohooo,1,0,1
ooohwee,0,2,2
ooohweeee,0,1,1
oooiifull,1,0,1
oook,3,6,9
oookaaaay,0,1,1
oookaay,0,1,1
oookay,4,3,7
oookayy,1,0,1
oookkk,1,0,1
ooold,1,0,1
ooolha,0,1,1
ooom,1,0,1
ooomg,2,1,3
ooommg,0,1,1
ooommgg,1,0,1
ooommggg,0,1,1
ooommmggg,2,0,2
ooommmm,1,0,1
ooommmmggg,1,0,1
ooommmmggggg,1,0,1
ooomph,0,1,1
oooms,0,1,1
ooon,0,3,3
oooncee,0,2,2
ooonly,0,1,1
ooonnnn,1,1,2
ooonnnnnnn,0,1,1
oooo,129,218,347
ooooa,0,1,1
ooooba,0,1,1
oooober,0,1,1
oooobooolahh,0,1,1
ooooch,1,0,1
ooood,0,1,1
ooooemmmgeeee,0,1,1
ooooer,0,2,2
oooof,3,0,3
ooooff,1,0,1
oooofff,0,1,1
ooooffff,1,0,1
oooog,1,0,1
ooooh,145,263,408
oooohh,10,16,26
oooohhh,15,10,25
oooohhhh,8,10,18
oooohhhhh,3,2,5
oooohhhhhh,2,3,5
oooohhhhhhhhh,0,1,1
oooohno,1,0,1
oooohoooohyeaaa,0,1,1
ooooioo,1,0,1
ooook,3,3,6
ooookaaayy,1,0,1
ooookay,3,2,5
ooookkkkkkaaaaayyyy,1,0,1
oooold,2,0,2
ooooldd,0,1,1
oooolllldddd,0,1,1
oooollllldddd,0,1,1
oooommmmggg,1,0,1
oooommmmmgggg,1,0,1
oooon,2,1,3
oooonly,1,0,1
oooonnn,0,1,1
oooonnnn,4,0,4
oooonnnnn,1,0,1
ooooo,53,111,164
oooood,0,2,2
oooooffff,0,1,1
oooooffffff,1,0,1
oooooft,0,1,1
oooooh,57,93,150
ooooohh,1,4,5
ooooohhh,0,5,5
ooooohhhh,1,4,5
ooooohhhhh,1,0,1
ooooohhhhhh,0,2,2
ooooohhhhhhhhhh,0,1,1
ooooohoh,1,0,1
ooooohshiny,0,1,1
oooooiaaaaaaaaah,0,1,1
ooooojjjjjjjizzzzzyyyi,0,1,1
oooook,1,0,1
oooookaaay,1,0,1
oooookay,2,2,4
oooookkkk,2,0,2
ooooold,0,1,1
ooooomg,1,0,1
ooooommmmm,1,0,1
ooooon,1,4,5
ooooonnnnnnnnnnnnnn,1,0,1
oooooo,27,56,83
oooooocch,1,0,1
ooooooffff,1,0,1
oooooog,1,0,1
ooooooh,19,30,49
oooooohey,0,1,1
oooooohh,1,1,2
oooooohhh,1,4,5
oooooohhhh,2,2,4
oooooohhhhh,3,1,4
oooooohhhhhh,0,1,1
oooooohhhhhhhhhhhh,1,0,1
ooooook,1,0,1
oooooold,1,1,2
oooooomg,1,0,1
oooooon,0,2,2
ooooooo,8,23,31
oooooooh,14,14,28
ooooooohh,1,0,1
ooooooohhh,0,2,2
ooooooohhhh,1,0,1
ooooooohhhhhh,0,1,1
ooooooohnoooooo,1,0,1
oooooooi,0,1,1
oooooookay,0,1,1
ooooooold,0,1,1
ooooooon,0,1,1
oooooooo,6,13,19
ooooooooe,0,1,1
ooooooooh,8,13,21
oooooooohhhh,0,1,1
oooooooohhhhh,0,1,1
oooooooohhhhhh,0,1,1
oooooooold,1,0,1
ooooooooo,3,9,12
oooooooooh,4,10,14
ooooooooohhh,0,1,1
ooooooooold,1,1,2
ooooooooomg,1,0,1
ooooooooon,0,1,1
oooooooooo,5,6,11
ooooooooooh,3,2,5
oooooooooohhh,1,0,1
oooooooooohhhh,0,1,1
oooooooooon,0,1,1
ooooooooooo,4,3,7
oooooooooooh,1,4,5
ooooooooooohh,1,0,1
ooooooooooohhhhhhhhhh,0,1,1
oooooooooook,0,1,1
ooooooooooommmmmmmmmmmm,0,1,1
oooooooooooo,1,7,8
ooooooooooooh,2,1,3
oooooooooooohhhhhh,1,0,1
oooooooooooohhhhhhhh,0,1,1
oooooooooooohhhhhhhhh,1,0,1
oooooooooooomg,0,1,1
ooooooooooooo,1,1,2
ooooooooooooochhhh,1,0,1
oooooooooooooh,1,1,2
oooooooooooooo,0,3,3
ooooooooooooooo,0,1,1
oooooooooooooooo,0,1,1
ooooooooooooooooh,2,0,2
oooooooooooooooollllddd,1,0,1
oooooooooooooooommmmmmmmmmgggggggggg,0,1,1
oooooooooooooooooh,0,1,1
ooooooooooooooooohhhhhhhhhhhhhhh,1,0,1
ooooooooooooooooon,1,0,1
oooooooooooooooooo,2,1,3
oooooooooooooooooooo,0,1,1
ooooooooooooooooooooooo,0,1,1
ooooooooooooooooooooooooo,0,2,2
ooooooooooooooooooooooooooomg,0,1,1
ooooooooooooooooooooooooooooooh,1,0,1
oooooooooooooooooooooooooooooooooooooh,0,1,1
oooooooooooooooow,1,0,1
ooooooooooooooow,1,0,1
oooooooooooooops,1,0,1
oooooooooooooow,1,0,1
ooooooooooooow,1,0,1
oooooooooooouuuutt,0,1,1
oooooooooooouuuuuuuuuuuch,1,0,1
ooooooooooosssssssaaaaaaaahhhhh,0,1,1
oooooooooootay,0,1,1
ooooooooooouuuuuuuuuuuccccccccccchhhhhhhhh,1,0,1
oooooooooouchie,1,0,1
oooooooooout,0,1,1
ooooooooops,0,1,1
ooooooooouch,1,0,1
ooooooooout,0,1,1
ooooooooow,1,0,1
oooooooops,1,0,1
oooooooouuuuuuuuuuucccccccchhhhhhhhhh,1,0,1
oooooooow,1,0,1
oooooooowww,1,0,1
oooooooppps,0,1,1
ooooooops,2,0,2
ooooooout,2,1,3
ooooooouutch,1,0,1
ooooooovvveeee,0,1,1
ooooooow,0,2,2
ooooooowie,1,0,1
oooooops,3,1,4
oooooouuuuuuuuuucccccccchhhh,1,0,1
oooooow,1,1,2
ooooooweeeeeee,0,1,1
oooooown,1,1,2
ooooops,5,3,8
ooooor,1,1,2
ooooou,1,0,1
ooooouch,1,0,1
ooooout,1,0,1
ooooouuuuuch,1,0,1
ooooouuuuutttt,0,1,1
ooooove,0,1,1
ooooover,4,0,4
ooooovertiime,0,1,1
ooooow,1,0,1
oooooweeeee,1,0,1
ooooowieeeee,1,0,1
ooooown,0,1,1
ooooozzzzeeee,0,1,1
oooop,1,1,2
ooooppps,0,1,1
ooooppsss,0,1,1
oooops,13,23,36
oooopsies,0,1,1
oooouch,2,0,2
oooout,2,4,6
oooouu,1,0,1
oooouuuch,1,0,1
oooouuuuut,1,0,1
oooouuuuuuu,0,1,1
ooooveerrrrr,1,0,1
oooover,1,0,1
oooovvvva,1,0,1
oooow,6,1,7
oooowh,1,0,1
oooowie,1,0,1
ooooww,1,0,1
oooowweee,1,0,1
oooowwie,1,0,1
oooowww,1,0,1
oooowwww,0,1,1
oooozing,1,0,1
oooozy,1,0,1
ooop,1,3,4
oooper,0,1,1
oooph,0,2,2
ooopi,0,1,1
oooppps,1,1,2
ooopppsisess,1,0,1
ooopppss,1,0,1
ooopppsss,0,1,1
ooopps,3,1,4
oooppss,1,2,3
oooppsss,0,1,1
oooppsy,0,1,1
ooops,77,72,149
ooopsie,5,0,5
ooopsies,1,1,2
ooopss,2,1,3
ooopsss,3,1,4
ooopssss,1,0,1
ooopsy,0,1,1
ooopzz,1,0,1
ooor,1,4,5
ooorhh,1,0,1
ooorr,1,0,1
ooos,1,0,1
ooot,0,2,2
oooted,0,1,1
oooth,0,1,1
oootroooon,1,0,1
ooou,1,1,2
ooouch,3,0,3
ooouh,0,1,1
ooouhhhh,0,1,1
ooouucchh,1,0,1
ooouuhh,0,1,1
ooouuuccchhh,2,1,3
ooouuucch,1,0,1
ooouuuuch,1,0,1
ooouuuut,1,0,1
ooover,1,0,1
oooverrrrrr,1,0,1
ooow,11,4,15
ooowee,0,2,2
oooweee,1,0,1
ooowh,1,0,1
ooown,0,1,1
oooww,4,0,4
ooowww,2,0,2
ooowwww,1,1,2
ooowy,1,0,1
oooyeah,0,1,1
ooozzz,0,1,1
ooozzzing,0,1,1
oop,10,22,32
oopd,0,1,1
oopies,1,1,2
ooposite,1,0,1
ooppppsss,1,0,1
oopppssss,1,0,1
oopps,8,0,8
ooppss,1,5,6
ooppsss,1,1,2
oops,604,627,1231
oopse,1,0,1
oopsi,1,0,1
oopsie,9,11,20
oopsies,3,10,13
oopss,4,2,6
oopssss,0,1,1
oopsssssssss,1,0,1
oopsy,6,4,10
oopsypanda,1,0,1
oopsz,0,1,1
oopszz,0,1,1
ooptions,0,1,1
oopty,1,0,1
oopz,1,2,3
oor,1,1,2
oorah,1,3,4
oorrr,1,0,1
oorrrrr,1,0,1
oort,0,1,1
oortho,1,0,1
oos,1,1,2
oosh,1,2,3
oosome,0,1,1
oot,14,14,28
oota,2,0,2
ootg,1,0,1
ooth,0,4,4
oothentic,0,1,1
ootp,4,3,7
oots,0,1,1
ootside,0,1,1
ootsider,0,1,1
oott,1,0,1
ootunes,0,1,1
ooty,4,4,8
ooucchh,2,0,2
oouch,1,0,1
ooucha,1,0,1
oouchhhh,1,0,1
oouh,0,1,1
oout,3,4,7
oouttt,0,1,1
oouu,0,1,1
oouucchhh,2,0,2
oouuch,3,0,3
oouuh,0,1,1
oouutttffiittt,0,1,1
oouuuch,2,0,2
oove,0,2,2
ooveerr,1,0,1
oovoo,2,5,7
oovooed,1,0,1
oow,12,6,18
oowch,1,0,1
oowh,1,0,1
oown,1,2,3
oowooooooo,0,1,1
oowriter,1,0,1
ooww,2,1,3
oowweee,0,1,1
oowwright,0,1,1
oowww,1,1,2
oowwww,1,0,1
oowwwww,1,0,1
oox,2,0,2
ooxml,0,2,2
ooxx,2,0,2
ooze,2,3,5
oozes,2,2,4
oozification,0,1,1
oozing,8,5,13
oozy,1,0,1
op,149,124,273
opa,6,7,13
opaa,0,1,1
opaaa,0,1,1
opaaaa,0,1,1
opaaaaaa,0,1,1
opac,1,1,2
opacity,1,1,2
opakapaka,0,1,1
opaku,0,1,1
opal,4,5,9
opalescent,0,1,1
opaline,0,1,1
opalla,2,0,2
opals,0,2,2
opaque,2,1,3
opaqueness,0,1,1
oparh,1,0,1
opatija,1,1,2
opc,0,1,1
opccalendar,0,1,1
opcija,1,0,1
opcorse,0,1,1
opd,1,2,3
opda,0,1,1
ope,7,6,13
opec,2,0,2
oped,2,0,2
opedia,1,0,1
opefully,1,1,2
opeing,0,1,1
opel,1,5,6
open,2490,1812,4302
opena,1,0,1
openable,1,1,2
openagile,1,0,1
openaustralia,0,2,2
openauth,1,0,1
openbdsm,0,1,1
openbox,0,1,1
opencanvas,0,1,1
opencl,0,1,1
opencms,1,0,1
opencoffee,1,2,3
opencv,1,0,1
opend,2,2,4
opended,0,1,1
opendns,2,9,11
opendocument,1,0,1
opened,296,215,511
openeing,1,0,1
openelectrolyte,0,1,1
opener,37,35,72
openerless,0,1,1
openers,2,1,3
openes,1,0,1
openess,1,1,2
openfeint,1,0,1
openfest,0,1,1
openfient,1,0,1
openfire,3,0,3
openframeworks,1,1,2
opengl,4,4,8
opengov,0,1,1
opengrill,0,4,4
opengrok,1,2,3
openhacklondon,5,7,12
openhouse,0,2,2
openi,1,0,1
openid,6,3,9
openig,1,1,2
openin,4,1,5
opening,398,423,821
openingday,0,1,1
openings,18,16,34
openinkpot,0,1,1
openjdk,0,1,1
openlab,0,1,1
openlayers,1,0,1
openly,6,7,13
openminded,2,1,3
openmindesdness,0,1,1
openmoko,2,1,3
openmoney,0,1,1
openned,1,1,2
openness,3,4,7
openning,0,1,1
opennn,2,0,2
openoffice,14,11,25
openofficeplaza,0,1,1
openoutpost,1,0,1
openpanel,0,1,1
openpyro,0,1,1
openquest,0,1,1
openr,0,1,1
openradar,1,0,1
openradiux,0,1,1
openrasta,0,4,4
opens,105,93,198
opensim,2,0,2
opensocial,0,1,1
opensolaris,11,8,19
opensource,7,17,24
opensourced,1,0,1
openspacecode,2,8,10
openssh,3,1,4
openssl,1,0,1
openstreetmap,3,0,3
opensuse,7,1,8
opensync,1,0,1
opentech,0,2,2
openttd,1,1,2
openuniversity,0,1,1
openvideo,8,0,8
openview,0,1,1
openvrml,1,0,1
openwindow,0,1,1
openx,1,0,1
openxmldeveloper,0,1,1
openzap,0,1,1
openzone,2,0,2
oper,1,0,1
opera,181,236,417
operability,0,1,1
operable,1,0,1
operacion,1,0,1
operah,0,1,1
operahouse,0,1,1
operalink,1,0,1
operan,0,1,1
operandi,2,2,4
operaplot,0,1,1
operartion,1,0,1
operas,3,5,8
operasi,1,0,1
operate,26,12,38
operated,13,13,26
operates,0,4,4
operatic,0,1,1
operating,44,20,64
operation,146,68,214
operationa,0,1,1
operational,9,6,15
operationality,0,1,1
operationalization,1,0,1
operationbinnyraid,0,1,1
operations,13,19,32
operationtan,1,0,1
operative,3,8,11
operator,23,22,45
operators,5,6,11
operaunite,3,4,7
operaunity,0,1,1
operi,0,1,1
operim,0,1,1
opernterassn,1,0,1
opet,2,2,4
opeth,3,6,9
opf,2,1,3
opff,1,0,1
opgestaan,1,0,1
opgrad,1,0,1
oph,1,0,1
ophcrack,1,0,1
ophelia,1,2,3
opheobe,0,1,1
ophidian,0,1,1
ophone,1,0,1
ophouse,0,1,1
ophthalmoscope,0,1,1
ophy,0,1,1
opi,6,21,27
opiate,1,1,2
opiates,2,1,3
opick,1,0,1
opie,3,3,6
opienyoh,0,1,1
opin,0,1,1
opinan,0,1,1
opining,0,2,2
opinion,111,361,472
opinionated,2,6,8
opiniones,0,1,1
opinionn,0,1,1
opinions,23,83,106
opinon,1,4,5
opio,0,2,2
opioions,0,1,1
opion,0,2,2
opionions,0,1,1
opis,3,1,4
opisina,1,0,1
opium,1,2,3
opiums,1,0,1
opladen,0,1,1
oplan,0,2,2
oplj,0,1,1
oploud,1,0,1
opm,3,3,6
opml,1,0,1
opn,0,1,1
opne,1,0,1
opned,0,2,2
opnion,1,1,2
opnions,1,0,1
opo,1,1,2
opodo,0,1,1
opointment,1,0,1
opologise,0,1,1
oponent,0,2,2
oponia,1,0,1
oponion,0,1,1
oponopono,0,1,1
opor,1,1,2
oporto,3,4,7
oportunity,4,1,5
opos,0,1,1
oposite,0,1,1
opossum,8,0,8
opossums,0,1,1
opote,0,1,1
opp,9,24,33
oppa,21,17,38
oppaaaaaaa,0,1,1
oppai,0,1,1
oppen,0,1,1
oppened,2,0,2
oppenheimer,1,0,1
oppenning,0,1,1
opperated,0,1,1
opperating,1,0,1
opperation,2,0,2
oppertuity,0,1,1
oppertunities,1,1,2
oppertunity,1,2,3
oppining,1,0,1
oppinion,1,2,3
oppinions,0,1,1
oppinite,0,1,1
oppions,0,1,1
oppiset,1,0,1
oppisite,1,0,1
oppital,1,0,1
oppo,1,2,3
oppointment,0,1,1
opponent,8,5,13
opponents,3,5,8
opponion,1,0,1
opportinists,1,0,1
opportune,2,0,2
opportunist,1,0,1
opportunistic,1,1,2
opportunites,0,1,1
opportunities,45,60,105
opportunity,153,238,391
opportuniy,1,0,1
oppos,1,0,1
opposable,2,2,4
oppose,3,4,7
opposed,26,32,58
opposing,6,7,13
opposit,2,1,3
opposite,161,141,302
opposites,6,10,16
oppositess,0,1,1
oppositetown,1,0,1
oppositetuesday,1,0,1
opposition,5,9,14
oppositional,0,1,1
opposom,1,0,1
oppossed,0,1,1
oppossitteee,1,0,1
oppossums,1,0,1
oppotunities,0,2,2
oppotunity,1,0,1
oppotunties,1,0,1
oppoutunity,0,1,1
oppporunities,0,1,1
opppps,1,0,1
oppps,5,1,6
opppss,0,1,1
opppsss,0,1,1
oppresive,1,0,1
oppress,1,1,2
oppressed,7,3,10
oppression,2,1,3
oppressions,1,0,1
oppressive,10,1,11
opprotunity,1,0,1
opprotunnities,1,0,1
opprtunity,0,1,1
opps,47,50,97
oppsie,0,2,2
oppsies,2,0,2
oppss,0,2,2
oppsss,0,1,1
oppsummert,0,1,1
oppsy,1,1,2
oppt,1,0,1
oppty,1,1,2
oppurtunities,1,3,4
oppurtunity,5,4,9
oppurtunitys,0,1,1
oppy,0,1,1
opra,0,1,1
oprah,82,154,236
oprahs,0,2,2
oprama,0,1,1
opration,1,0,1
opre,0,1,1
oprea,0,1,1
opressed,0,1,1
opressing,1,0,1
opression,1,0,1
oprey,0,1,1
oprha,0,2,2
opri,1,0,1
oprit,0,1,1
opry,5,6,11
opryland,0,1,1
opryyyy,0,1,1
ops,41,37,78
opsavesarah,1,0,1
opschef,0,1,1
opscode,0,1,1
opshop,0,2,2
opsmgr,0,1,1
opss,0,1,1
opstarten,0,1,1
opsview,0,1,1
opt,28,32,60
optamist,1,0,1
optamistic,1,0,1
optar,0,1,1
optarse,1,0,1
optec,0,1,1
opted,26,26,52
optemisation,1,0,1
optemist,0,1,1
optermistic,1,0,1
opterons,0,1,1
opthamologist,1,0,1
opthomologist,1,0,1
optic,3,5,8
optical,21,13,34
opticalexpress,1,0,1
optician,5,4,9
opticians,20,5,25
opticon,1,0,1
opticrom,1,0,1
optics,5,0,5
optigan,1,1,2
optilan,0,1,1
optimal,5,5,10
optimi,1,0,1
optimis,1,0,1
optimisations,0,1,1
optimise,1,1,2
optimised,0,1,1
optimisiation,0,1,1
optimisim,1,0,1
optimising,0,1,1
optimism,6,43,49
optimisma,0,1,1
optimist,6,22,28
optimista,0,2,2
optimistic,36,96,132
optimistically,1,2,3
optimists,0,5,5
optimization,5,5,10
optimizations,3,1,4
optimize,4,15,19
optimized,1,6,7
optimizer,4,1,5
optimizing,3,1,4
optimizmom,0,1,1
optimologist,1,0,1
optimum,4,2,6
optimus,17,13,30
optimusssss,1,0,1
optin,0,2,2
opting,9,7,16
option,415,265,680
optional,14,35,49
optionally,0,2,2
optionals,0,1,1
optioned,0,1,1
options,183,159,342
optissimus,1,0,1
optn,1,0,1
optns,0,1,1
opto,1,0,1
optometris,1,0,1
optometrist,3,4,7
optometry,1,0,1
optomist,0,1,1
optomistic,0,1,1
optouts,1,0,1
optredens,0,1,1
optrex,1,0,1
opts,1,0,1
optus,46,17,63
optusisntthatbad,0,1,1
optuswirelessbroadband,1,0,1
opu,1,0,1
opuim,1,0,1
opulent,0,1,1
opus,2,5,7
opustit,0,1,1
oput,0,2,2
opv,0,1,1
opw,0,1,1
opwekking,0,1,1
oq,4,0,4
oqo,3,0,3
or,15116,16830,31946
ora,5,10,15
oracare,0,1,1
oracel,1,0,1
oracle,56,49,105
oracleclient,2,0,2
oraclelite,0,1,1
oracleopenworldtokyo,0,1,1
oracles,1,0,1
oraclites,0,1,1
oracular,0,2,2
orafice,1,0,1
oragami,0,1,1
orage,3,0,3
oragne,0,1,1
oragnised,1,0,1
oragnize,1,0,1
orah,0,1,1
oraidenisuppose,0,1,1
orain,1,0,1
oraiotato,0,1,1
orait,1,0,1
oraits,0,1,1
orajel,6,2,8
oral,144,62,206
oraldine,1,0,1
orale,0,1,1
orales,0,1,1
oralexam,0,1,1
orally,1,0,1
oralndo,0,1,1
oralpam,0,1,1
orals,16,1,17
oram,0,1,1
oramarecords,2,0,2
oran,0,3,3
orang,13,16,29
orangaid,1,4,5
orangantan,1,0,1
orangatan,1,0,1
orange,425,536,961
orangeade,0,1,1
orangeaid,0,1,1
orangeberry,3,0,3
orangecupps,0,1,1
orangee,1,0,1
orangeee,0,1,1
orangefied,1,0,1
orangeflowers,0,1,1
orangeish,1,0,1
oranges,22,37,59
orangesky,0,1,1
orangeville,0,1,1
orangewednesdays,0,1,1
orangey,2,3,5
orangina,1,0,1
orangizer,1,0,1
orangizing,1,0,1
orangnya,0,1,1
orangualla,0,1,1
orangutan,2,2,4
orangutang,1,0,1
orangutans,2,0,2
orangy,0,3,3
oranized,1,0,1
oranje,1,3,4
oranmore,0,2,2
oranqe,0,1,1
orapan,0,1,1
orapatto,0,1,1
orapax,1,0,1
oras,1,2,3
orascom,1,0,1
oration,0,1,1
oratory,2,2,4
orava,1,0,1
orayt,0,1,1
orb,6,6,12
orbea,1,2,3
orbicore,0,1,1
orbicule,0,1,1
orbis,0,1,1
orbison,1,2,3
orbit,13,9,22
orbital,1,2,3
orbited,0,1,1
orbiter,2,0,2
orbiting,1,0,1
orbitron,0,1,1
orbits,0,2,2
orbitz,4,3,7
orbmore,0,1,1
orbs,1,3,4
orbus,0,2,2
orc,3,2,5
orca,1,7,8
orcadian,1,0,1
orcale,1,0,1
orcas,1,2,3
orch,1,5,6
orchad,0,1,1
orchard,12,24,36
orchardbeach,0,1,1
orchata,1,2,3
orchestra,38,49,87
orchestragreen,1,0,1
orchestral,2,1,3
orchestrally,1,0,1
orchestras,1,0,1
orchestrate,0,2,2
orchestrated,0,3,3
orchestrates,0,1,1
orchestrator,1,0,1
orchid,17,10,27
orchiderium,1,0,1
orchids,3,7,10
orchrestra,1,0,1
orchs,1,0,1
orci,1,0,1
orcl,1,0,1
orco,0,1,1
orcom,1,0,1
orcon,3,0,3
orcs,2,1,3
orcus,1,0,1
orcypr,0,1,1
ord,11,10,21
ordained,1,4,5
ordar,0,1,1
ordeal,22,7,29
orded,2,1,3
orden,2,1,3
ordenando,0,1,1
order,1017,1038,2055
orderd,3,7,10
ordere,0,1,1
ordered,466,596,1062
orderer,2,0,2
orderin,4,2,6
ordering,99,131,230
orderley,1,0,1
orderly,1,2,3
orderr,0,1,1
orderrr,0,1,1
orderrrr,1,0,1
orders,147,129,276
ordert,1,0,1
orderves,0,1,1
ordiantor,1,0,1
ordina,1,0,1
ordinaire,0,1,1
ordinance,4,1,5
ordinarily,3,2,5
ordinariness,0,1,1
ordinary,40,52,92
ordinate,1,1,2
ordinated,1,0,1
ordinately,1,0,1
ordinating,0,1,1
ordination,5,6,11
ordinator,2,2,4
ordner,0,1,1
ordred,2,1,3
ords,1,1,2
ordway,0,1,1
ore,9,13,22
orea,0,1,1
oready,1,0,1
oreal,6,3,9
orecchiette,1,0,1
orecciete,1,0,1
oreck,0,1,1
ored,1,0,1
oredered,0,1,1
oredev,1,1,2
oredi,2,3,5
oreeeee,0,1,1
oreen,0,1,1
oreenge,0,1,1
oregan,2,0,2
oregano,7,15,22
oreganos,0,1,1
oregoh,0,1,1
oregon,97,74,171
oregonian,1,0,1
oregonness,1,0,1
oreilly,0,1,1
oreillys,1,0,1
oreinteering,1,0,1
oreiz,2,0,2
oreja,0,1,1
orek,0,1,1
oreksi,0,1,1
orel,1,1,2
orela,0,1,1
orelans,1,0,1
orem,1,2,3
oren,1,3,4
orenco,0,1,1
orens,0,1,1
orentation,1,0,1
orenthal,0,1,1
orentodoros,1,0,1
oreo,64,71,135
oreocake,1,0,1
oreomilkshake,1,0,1
oreooooooooooo,1,0,1
oreooos,1,0,1
oreos,55,59,114
oreossss,1,0,1
oreosssss,0,1,1
oreowolfs,0,1,1
ores,0,1,1
oresteia,1,0,1
oresty,1,0,1
orey,1,0,1
oreyt,1,0,1
orf,2,1,3
orff,1,0,1
orford,0,2,2
orfords,0,1,1
orfus,1,1,2
org,102,171,273
orgamise,1,0,1
organ,19,19,38
organa,0,1,1
organaut,0,1,1
organazational,0,1,1
organic,70,123,193
organically,0,6,6
organicaly,0,1,1
organice,1,0,1
organics,2,4,6
organied,0,1,1
organisation,16,12,28
organisational,4,2,6
organisations,1,1,2
organisationsentwicklung,1,0,1
organise,26,36,62
organised,35,43,78
organiser,3,4,7
organisers,9,7,16
organises,1,0,1
organising,18,43,61
organism,1,1,2
organisms,3,3,6
organist,1,1,2
organix,0,1,1
organization,23,45,68
organizational,4,3,7
organizations,8,7,15
organizator,0,1,1
organize,47,71,118
organized,49,109,158
organizedchaos,1,0,1
organizer,17,12,29
organizers,8,7,15
organizes,1,3,4
organizing,45,104,149
organizinging,0,1,1
organs,15,7,22
organza,0,1,1
organzational,0,1,1
organzing,0,2,2
orgasm,14,28,42
orgasmed,1,1,2
orgasmic,10,10,20
orgasmimagicalasticunderful,0,1,1
orgasming,1,1,2
orgasms,1,16,17
orgasmsunday,1,0,1
orgazmic,0,1,1
orgchem,1,0,1
orgeat,0,1,1
orgganizing,1,0,1
orgies,0,4,4
orgin,0,2,2
orginal,3,4,7
orginality,0,1,1
orginally,2,0,2
orginated,0,1,1
orginiality,0,1,1
orginizations,0,1,1
orginizing,1,0,1
orgmates,0,2,2
orgmode,1,0,1
orgo,5,1,6
orgramming,1,0,1
orgs,4,4,8
orgsamsunday,1,0,1
orgullo,0,1,1
orgy,13,8,21
orh,3,0,3
orhs,1,0,1
ori,3,6,9
oria,0,1,1
orial,1,0,1
oriana,2,1,3
oricand,0,2,2
oricat,0,1,1
oricum,1,3,4
oridinair,0,1,1
orielly,1,0,1
orient,2,4,6
oriental,7,6,13
orientated,3,3,6
orientates,0,1,1
orientating,1,0,1
orientation,109,87,196
orientations,0,1,1
oriente,1,0,1
oriented,9,18,27
orientee,1,0,1
orienteering,1,0,1
orientus,1,0,1
orifice,2,0,2
orig,12,11,23
origa,1,0,1
origami,5,17,22
origans,1,0,1
origens,0,1,1
oright,0,2,2
origi,0,1,1
origianlly,1,0,1
origin,66,100,166
original,337,470,807
originalalamo,1,0,1
originalamreyna,0,1,1
originale,0,1,1
originality,9,5,14
originally,65,80,145
originals,10,17,27
originaltog,1,0,1
originate,2,2,4
originated,0,8,8
originates,0,1,1
originator,0,1,1
originators,0,1,1
originele,0,1,1
origing,1,0,1
origins,39,74,113
origion,0,1,1
origional,0,1,1
origionally,0,1,1
origionals,0,1,1
orignal,1,2,3
orignals,0,2,2
orignaly,0,1,1
orihime,1,1,2
oriigiinal,0,1,1
orillia,2,2,4
orin,1,0,1
orinally,0,1,1
orination,1,0,1
oring,2,1,3
oringinally,0,1,1
orino,0,1,1
oriol,0,2,2
oriole,0,3,3
orioles,12,2,14
orion,12,11,23
oripoff,1,0,1
orishas,1,0,1
orissa,1,2,3
oriste,0,1,1
orisugurshane,0,1,1
orita,0,3,3
oritantion,1,0,1
orite,1,5,6
oritentated,1,0,1
oritse,1,3,4
oriya,0,2,2
orizon,0,1,1
orizu,1,0,1
orjii,1,0,1
orjust,0,1,1
ork,5,0,5
orkar,1,0,1
orkers,1,1,2
orking,2,0,2
orkney,3,5,8
orkneys,1,0,1
orkooooodd,0,1,1
orkut,33,41,74
orkutheroes,1,0,1
orkuting,1,0,1
orkutting,0,1,1
orl,9,14,23
orla,4,1,5
orlaith,1,0,1
orlamdo,0,1,1
orlan,0,1,1
orland,2,2,4
orlanddooooo,1,0,1
orlando,357,387,744
orlandofringe,0,1,1
orlandogolfblog,0,1,1
orlandoites,0,1,1
orlandomagic,0,1,1
orlandomix,0,1,1
orlandoo,1,4,5
orlandooo,1,1,2
orlandoooo,0,3,3
orlandooooooooooooooo,1,0,1
orlandos,1,1,2
orlandoweekly,1,0,1
orld,1,0,1
orleanians,0,1,1
orleans,82,70,152
orleanssssss,1,0,1
orli,0,1,1
orlmand,1,0,1
orln,1,0,1
orlnado,0,1,1
orlock,1,0,1
orly,5,10,15
orlyck,0,1,1
orm,2,4,6
orman,2,6,8
ormantik,0,1,1
orme,0,1,1
ormeau,1,0,1
ormise,1,0,1
ormond,3,1,4
ormonde,0,1,1
ormones,0,1,1
orn,1,1,2
ornagai,3,0,3
ornage,1,0,1
ornament,2,3,5
ornamental,1,1,2
ornaments,0,4,4
ornamenty,1,0,1
ornate,0,1,1
orne,1,0,1
ornella,1,0,1
ornery,2,4,6
ornette,0,1,1
orng,1,0,1
ornge,1,0,1
orning,0,2,2
orningggggggg,0,1,1
ornn,0,1,1
oro,2,10,12
oroble,0,1,1
orochi,0,1,1
orochimaru,1,1,2
orochon,0,1,1
oroiyte,0,1,1
oronton,0,1,1
oroonoko,0,1,1
oropel,1,0,1
orosbu,1,0,1
oroton,1,2,3
orozco,1,1,2
orphadontist,1,0,1
orphan,16,17,33
orphanage,2,5,7
orphanages,1,0,1
orphanandrew,0,2,2
orphaned,2,4,6
orphans,4,4,8
orpheon,0,1,1
orpheum,2,2,4
orpheus,2,1,3
orphy,1,0,1
orpington,2,1,3
orpingtons,0,1,1
orpnanage,1,0,1
orqasm,1,0,1
orquestra,1,0,1
orr,6,8,14
orralle,0,1,1
orrfex,0,1,1
orrgasmic,0,1,1
orrgeno,1,0,1
orrible,8,3,11
orrico,2,3,5
orrid,1,0,1
orridge,1,0,1
orright,0,1,1
orriginally,0,1,1
orrin,1,1,2
orris,1,0,1
orrow,2,1,3
orrr,4,6,10
orrrh,0,1,1
orrrr,4,3,7
orrrrr,1,1,2
orrrrrr,1,1,2
orrrrrrr,1,0,1
orrrrrrrr,0,1,1
orrrrrrrrr,1,0,1
orrrrrrrrrrrr,0,1,1
orry,2,1,3
ors,0,1,1
orsay,0,1,1
orsem,1,4,5
orser,0,1,1
orsim,0,1,1
orsmth,1,1,2
orsomething,0,1,1
orson,4,2,6
orstrahliah,0,1,1
orsum,0,2,2
orsz,0,1,1
ort,0,2,2
ortakoy,0,1,1
ortega,4,2,6
orten,0,1,1
orth,0,2,2
orthadentist,1,0,1
orthadonist,2,0,2
orthadontist,6,0,6
orthdontic,1,0,1
orthdontics,1,0,1
orther,2,0,2
ortho,49,8,57
orthodantist,1,0,1
orthodentest,1,0,1
orthodentist,3,0,3
orthodics,1,0,1
orthodoc,1,0,1
orthodonist,6,0,6
orthodonthist,1,0,1
orthodontics,3,0,3
orthodontisssttt,1,0,1
orthodontist,69,12,81
orthodontists,2,1,3
orthodonture,1,0,1
orthodox,2,13,15
orthodoxeaster,1,0,1
orthodoxers,1,0,1
orthoo,0,1,1
orthoooo,0,1,1
orthopaedic,1,0,1
orthopeadic,0,1,1
orthopedic,5,0,5
orthopedics,1,0,1
orthopedist,1,1,2
orthotics,1,1,2
ortigas,4,3,7
ortis,1,1,2
ortise,0,1,1
ortiz,7,4,11
ortom,1,0,1
orton,11,15,26
ortonnextwwechamp,0,1,1
ortons,0,1,1
ortu,1,0,1
ortveits,0,1,1
oru,4,3,7
orutharuku,0,1,1
orval,0,2,2
orvieto,0,1,1
orville,1,0,1
orw,1,0,1
orwell,2,3,5
ory,1,0,1
orygun,0,1,1
orypatrick,0,1,1
orz,5,1,6
orzel,0,1,1
os,761,252,1013
osa,0,3,3
osaa,0,1,1
osage,1,0,1
osaihsaiu,0,1,1
osaka,5,14,19
osakaya,0,1,1
osalto,0,1,1
osama,1,4,5
osamu,1,1,2
osang,0,1,1
osap,6,0,6
osasis,0,1,1
osasuna,0,1,1
osawa,1,0,1
osb,4,1,5
osbad,0,1,1
osborn,4,0,4
osborne,1,5,6
osbornes,0,1,1
osbourne,5,14,19
osbournes,1,2,3
osbridge,2,0,2
osc,0,2,2
oscar,70,85,155
oscarmayer,2,7,9
oscars,7,5,12
oscc,0,1,1
osce,3,1,4
oscillate,1,1,2
oscillates,1,0,1
oscillating,1,0,1
oscillator,1,1,2
oscillococcinum,1,0,1
oscoda,0,1,1
oscon,0,1,1
osconf,0,2,2
oscp,0,1,1
oscuridad,0,1,1
osdays,1,0,1
osdc,0,2,2
osdcmy,0,1,1
osde,1,0,1
osdev,0,1,1
ose,2,0,2
osea,1,1,2
osee,0,1,1
oseiset,0,1,1
osers,0,1,1
oses,1,2,3
osf,0,1,1
osft,1,0,1
osgi,2,0,2
osgood,4,7,11
osgoods,0,1,1
osgrid,2,0,2
osh,1,3,4
osha,2,2,4
oshawa,0,3,3
osheaga,0,1,1
osherove,0,1,1
oshi,1,0,1
oshidori,1,0,1
oshit,1,0,1
oshiwara,0,1,1
oshkonsin,0,1,1
oshkosh,4,3,7
osho,2,1,3
oshtweetup,0,1,1
oshun,0,4,4
oshy,0,1,1
oshyn,0,1,1
osi,1,1,2
osian,1,0,1
osico,1,0,1
oside,1,1,2
osie,1,0,1
osim,2,0,2
osiris,1,2,3
osis,1,1,2
osita,1,0,1
osito,2,0,2
osity,0,1,1
osj,0,1,1
osjam,1,0,1
oskar,0,4,4
osl,1,2,3
oslibeu,0,1,1
oslo,33,62,95
osly,2,0,2
osm,0,5,5
osme,1,0,1
osment,2,9,11
osmond,0,2,2
osmonds,0,1,1
osmoprep,1,0,1
osmosis,2,2,4
osn,4,3,7
osnaps,1,0,1
osnujem,0,1,1
oso,10,11,21
osobn,0,1,1
osocute,0,1,1
osoi,1,0,1
osom,0,1,1
osore,0,1,1
osovikki,1,0,1
osoyoos,1,2,3
osperys,0,1,1
ospf,0,2,2
ospo,0,1,1
osprey,4,2,6
ospreys,0,2,2
osr,0,1,1
osrry,1,1,2
oss,7,10,17
ossa,2,0,2
osscamp,1,0,1
osseo,1,0,1
ossia,0,1,1
ossified,2,0,2
ossim,1,0,1
ossington,0,1,1
osso,0,2,2
ossome,0,1,1
ossomness,1,0,1
ossum,3,7,10
ost,8,33,41
ostagazuzulum,1,0,1
ostara,1,0,1
ostate,0,1,1
ostatnych,0,1,1
osteen,2,11,13
ostensibly,1,1,2
osteo,2,1,3
osteoclast,1,0,1
osteopath,2,3,5
oster,1,0,1
osteraas,1,0,1
osterhase,0,1,1
osteria,2,1,3
osterlund,0,1,1
osters,0,1,1
ostertag,0,1,1
ostfriesland,0,1,1
ostftw,0,1,1
ostgut,0,1,1
osting,0,1,1
ostkreuz,0,1,1
ostm,1,0,1
ostore,1,0,1
ostracised,0,1,1
ostres,0,1,1
ostrich,2,13,15
osts,1,2,3
ostsee,0,1,1
osttruppen,0,1,1
ostuni,1,0,1
osu,10,10,20
osum,0,1,1
osutil,1,0,1
osw,0,1,1
oswald,2,0,2
oswalt,2,0,2
oswego,2,1,3
oswestry,4,1,5
osx,57,44,101
osyters,1,0,1
ot,142,108,250
ota,11,11,22
otaay,0,1,1
otaayy,1,0,1
otacon,2,0,2
otafest,1,0,1
otago,0,2,2
otah,1,0,1
otak,5,3,8
otaki,0,2,2
otakon,9,3,12
otaku,4,3,7
otakuismarlly,0,1,1
otakusa,0,1,1
otal,1,0,1
otalia,31,41,72
otaliafics,0,1,1
otaliaholics,1,0,1
otalialess,1,0,1
otamatea,1,0,1
otani,1,0,1
otara,0,1,1
otascotia,0,2,2
otavalo,0,1,1
otaw,1,0,1
otay,8,17,25
otays,1,2,3
otayz,1,0,1
otb,2,1,3
otba,0,1,1
otbc,1,1,2
otc,9,1,10
otch,0,3,3
otcha,0,1,1
otcw,1,0,1
otd,0,3,3
otday,1,0,1
ote,0,3,3
otehr,2,0,2
otel,0,2,2
otemtwitter,1,0,1
otep,2,5,7
oter,0,1,1
oteri,1,0,1
otets,1,0,1
otf,1,0,1
otfl,0,1,1
otg,0,1,1
otgdf,0,1,1
oth,50,61,111
otha,20,12,32
othaa,0,2,2
othache,1,0,1
othaner,1,0,1
othas,1,0,1
othawise,1,0,1
othbugs,1,0,1
othe,7,4,11
othello,8,3,11
other,5377,5166,10543
otherbrittany,1,0,1
otherdad,1,1,2
otherday,3,1,4
othere,2,2,4
otheres,0,1,1
otherewise,1,0,1
otherhalf,1,1,2
otherhand,1,2,3
otherinbox,1,1,2
otherise,1,0,1
otherland,0,2,2
otherlrv,1,0,1
otherr,2,0,2
otherrr,0,2,2
otherrrrr,0,1,1
otherrrrrrrrrrs,0,1,1
others,675,1044,1719
otherside,6,6,12
othersiders,2,0,2
othersockbuf,1,0,1
otherss,0,2,2
othersss,0,1,1
otherssss,0,1,1
otherst,0,1,1
othert,1,0,1
otherthings,1,0,1
otherthinking,1,0,1
othertimes,2,0,2
otherway,1,3,4
otherways,1,0,1
otherwise,476,441,917
otherwised,0,1,1
otherwize,1,0,1
otherworldly,0,1,1
othes,1,0,1
othewise,1,1,2
othfans,0,1,1
othing,1,1,2
othman,1,1,2
othodontist,0,1,1
othorhinolaryngologist,1,0,1
othr,16,9,25
othradontist,1,0,1
othres,0,1,1
othrs,0,1,1
othrwise,1,0,1
othrwse,0,2,2
oti,3,0,3
otiiiiiiiii,0,1,1
otimo,2,1,3
otis,12,20,32
otisle,2,0,2
otisville,0,1,1
otiti,0,1,1
otitis,2,0,2
otiz,0,1,1
otj,0,2,2
otju,0,1,1
otkins,0,1,1
otl,0,6,6
otley,0,1,1
otm,1,2,3
otmeal,0,1,1
otmorrow,1,1,2
otms,1,0,1
oto,0,4,4
otoh,8,1,9
otoko,0,1,1
otokomae,1,0,1
otomatisasi,1,0,1
otorooo,0,1,1
otown,8,9,17
otp,9,6,15
otr,2,2,4
otra,11,2,13
otranto,0,1,1
otras,0,1,1
otravin,1,0,1
otrip,1,0,1
otro,1,3,4
otros,1,0,1
otrs,0,2,2
ots,2,3,5
otsas,1,0,1
otsuka,1,1,2
otsus,0,1,1
ott,7,7,14
otta,1,1,2
ottawa,63,59,122
ottawaaa,1,1,2
ottbs,1,0,1
otte,2,3,5
otten,0,1,1
otter,6,19,25
otterbein,1,0,1
otterboxes,0,1,1
otterpops,4,1,5
otters,9,7,16
ottl,1,0,1
ottmar,0,3,3
otto,6,10,16
ottobar,3,0,3
ottoman,4,1,5
ottos,0,1,1
ottowa,1,0,1
ottp,1,0,1
otts,1,0,1
ottua,0,1,1
ottumwa,0,1,1
otty,1,0,1
otu,3,0,3
otus,0,1,1
otuside,1,0,1
otvetil,1,0,1
otvorio,0,1,1
otw,39,43,82
otweet,1,0,1
otys,1,1,2
ou,57,93,150
ouack,1,0,1
ouaiiiis,0,1,1
ouaip,0,1,1
ouais,1,1,2
ouat,0,1,1
oubad,0,1,1
ouble,1,0,1
oublier,0,1,1
ouc,1,0,1
oucccccccccccccchhh,1,0,1
oucccccccch,1,0,1
oucccccch,1,0,1
oucccch,1,0,1
oucccchh,1,0,1
ouccch,1,1,2
ouccchhh,1,0,1
oucch,3,0,3
oucchh,2,0,2
oucchhh,1,0,1
oucchhhh,1,0,1
oucchie,1,0,1
ouch,1873,252,2125
oucha,1,0,1
ouchback,0,1,1
ouchchcchhdhh,1,0,1
ouche,1,1,2
ouchee,4,0,4
oucheee,2,0,2
oucheeee,1,0,1
oucheees,1,0,1
ouchers,2,0,2
ouches,2,0,2
ouchfuckshitballs,1,0,1
ouchh,33,4,37
ouchhh,39,0,39
ouchhhh,11,1,12
ouchhhhh,10,0,10
ouchhhhhh,5,0,5
ouchhhhhhh,1,0,1
ouchhhhhhhh,2,1,3
ouchhhhhhhhh,1,0,1
ouchhhhhhhhhhh,2,0,2
ouchhhhhhhhhhhhhhh,1,0,1
ouchhhhhy,0,1,1
ouchhhiee,1,0,1
ouchhhy,2,0,2
ouchhy,1,0,1
ouchi,2,0,2
ouchie,108,3,111
ouchiee,2,0,2
ouchieee,2,0,2
ouchieeee,2,0,2
ouchies,78,7,85
ouchiess,1,0,1
ouchiesss,2,0,2
ouchiessss,1,0,1
ouchiesz,1,0,1
ouchiie,1,0,1
ouchiiees,1,0,1
ouchiuaha,1,0,1
ouchmyshoulder,1,0,1
ouchness,1,0,1
ouchorama,2,0,2
ouchouchouch,2,0,2
ouchouchouchouch,1,0,1
ouchx,1,0,1
ouchy,71,4,75
ouchyy,1,0,1
ouchyyy,1,0,1
oud,0,4,4
oude,1,0,1
ouef,1,0,1
ouendan,1,0,1
ouf,1,2,3
ouff,0,1,1
oufit,1,0,1
oufits,0,1,1
ouft,1,0,1
oufttrs,1,0,1
ough,4,2,6
oughhh,1,0,1
ought,28,70,98
oughta,6,12,18
oughtta,0,1,1
ougi,0,1,1
ouh,7,14,21
ouhh,1,2,3
ouhhh,1,1,2
ouhhhh,0,1,1
ouhhhhhh,1,0,1
ouhhhhhhh,1,0,1
ouhsc,1,0,1
ouht,1,0,1
ouhyeaaaaaah,0,1,1
oui,15,34,49
ouiii,0,1,1
ouiiiiiii,0,1,1
ouija,2,3,5
ouit,1,0,1
ouji,1,0,1
oujia,0,1,1
oukay,0,2,2
oukey,0,1,1
oukii,0,1,1
oul,2,1,3
oula,1,0,1
ould,3,1,4
oulets,0,1,1
ouline,1,0,1
ouljah,1,0,1
oulous,1,0,1
oulton,1,4,5
oulu,2,2,4
ouma,1,0,1
oun,1,3,4
ounce,10,11,21
ounces,6,8,14
ounch,0,1,1
oundle,1,0,1
ounds,0,3,3
ouni,1,0,1
ounl,0,1,1
ounnnn,0,1,1
ount,1,0,1
oup,1,0,1
oupppppppps,0,1,1
oups,1,8,9
oupssie,0,1,1
oupssiiee,0,1,1
oupsy,0,1,1
ouqhta,0,1,1
our,7128,8148,15276
oural,1,0,1
ouran,5,9,14
ouraussie,0,1,1
oured,0,1,1
ourface,0,1,1
ourfictions,0,1,1
ourgoal,0,1,1
ouriel,0,2,2
ourkuwait,0,2,2
ourladypeace,1,0,1
ourmate,1,0,1
ourmortgage,0,1,1
ouro,0,1,1
ouroboros,0,2,2
ouroborosian,1,0,1
ourpirateship,0,1,1
ourr,1,2,3
ourracingdream,0,1,1
ourrr,0,2,2
ours,220,203,423
ourseleves,0,1,1
ourself,1,2,3
ourselfs,2,1,3
ourselves,68,136,204
ourside,1,0,1
ourspace,0,1,1
ourss,1,0,1
oursteh,1,0,1
ourt,1,1,2
ourtechteam,0,1,1
ourttlzsjewtzqf,0,1,1
ourworld,1,1,2
ouryoungest,1,0,1
ourzone,0,1,1
ous,2,7,9
ousboy,1,0,1
ouse,5,1,6
ouses,0,1,1
ouside,5,8,13
ousom,0,1,1
oust,0,1,1
oustanding,0,1,1
ousted,5,1,6
oustide,1,0,1
out,43863,38390,82253
outa,63,26,89
outaa,0,1,1
outaah,1,0,1
outable,0,1,1
outacted,0,1,1
outage,85,20,105
outages,19,10,29
outakes,0,3,3
outasight,0,1,1
outback,21,31,52
outbacked,0,1,1
outbid,33,1,34
outboard,0,2,2
outbound,8,4,12
outbox,2,0,2
outbrake,1,0,1
outbreak,30,4,34
outbuilding,1,0,1
outburst,6,5,11
outbursting,1,0,1
outbursts,3,7,10
outbursty,0,1,1
outburts,0,1,1
outcalls,0,2,2
outcast,12,6,18
outch,7,2,9
outcheaaaa,1,0,1
outclassed,3,1,4
outcome,64,61,125
outcomes,4,7,11
outcoz,1,0,1
outcry,1,0,1
outcum,1,0,1
outdate,1,0,1
outdated,23,17,40
outdid,0,1,1
outdit,1,0,1
outdo,1,1,2
outdoing,0,1,1
outdone,3,7,10
outdoor,86,110,196
outdooring,1,0,1
outdoors,64,87,151
outdoorsmen,0,1,1
outdoorsport,1,0,1
oute,1,0,1
outed,5,4,9
outedness,1,0,1
outen,0,6,6
outer,28,30,58
outerlands,1,0,1
outernet,0,1,1
outersiders,1,0,1
outerspace,1,1,2
outerwear,0,2,2
outfield,3,7,10
outfielders,1,0,1
outfiled,1,0,1
outfit,188,293,481
outfitch,0,1,1
outfits,38,70,108
outfitt,0,1,1
outfitter,1,2,3
outfitters,21,23,44
outfittt,0,1,1
outfront,1,0,1
outgoing,12,11,23
outgrabe,0,1,1
outgrew,1,0,1
outgrow,9,3,12
outgrowin,1,0,1
outgrowing,2,0,2
outgrown,6,2,8
outgrows,1,0,1
outgrowth,0,1,1
outh,0,2,2
outher,2,0,2
outhere,2,4,6
outhhaa,1,0,1
outhouse,3,2,5
outhouses,0,1,1
outhow,1,0,1
outi,1,0,1
outie,2,4,6
outies,0,3,3
outift,1,2,3
outil,0,1,1
outin,1,0,1
outing,88,75,163
outings,12,11,23
outisde,3,4,7
outisdeeee,0,1,1
outiside,1,1,2
outit,0,1,1
outjoke,0,1,1
outkast,4,7,11
outkasts,1,0,1
outland,1,2,3
outlander,1,3,4
outlandish,0,3,3
outlands,1,1,2
outlap,0,1,1
outlasted,1,1,2
outlaw,3,6,9
outlawed,3,4,7
outlawing,1,0,1
outlaws,10,8,18
outlawslive,0,1,1
outlet,67,59,126
outlets,32,33,65
outlett,1,0,1
outliers,3,5,8
outline,35,30,65
outlined,2,3,5
outliner,0,1,1
outlines,8,5,13
outlining,2,6,8
outlive,1,1,2
outlived,1,2,3
outliving,1,0,1
outlo,0,1,1
outlook,160,77,237
outlooked,1,0,1
outlooking,1,0,1
outlooks,0,2,2
outloud,8,9,17
outluk,1,0,1
outlying,1,0,1
outmania,2,0,2
outmeal,1,0,1
outmy,1,0,1
outnerded,1,0,1
outness,1,1,2
outnumber,3,2,5
outnumbered,5,5,10
outof,2,3,5
outofcoffeeexception,1,0,1
outofmemory,1,0,1
outofmemoryexception,1,0,1
outofsleep,0,1,1
outofstate,1,0,1
outoftheblue,0,1,1
outofthecloset,0,1,1
outoftheslipstream,0,1,1
outoftwitter,0,1,1
outono,1,0,1
outpatient,6,1,7
outpatients,2,1,3
outperformed,1,0,1
outplayed,4,1,5
outpost,10,8,18
outpostgallifrey,1,0,1
outpouring,0,1,1
output,13,15,28
outputs,2,2,4
outr,0,1,1
outra,0,1,1
outrage,10,7,17
outraged,6,3,9
outragedno,1,0,1
outrageing,1,0,1
outrageo,0,1,1
outrageous,28,25,53
outrageousfortune,0,1,1
outrageously,4,5,9
outrages,1,1,2
outragous,0,2,2
outran,0,1,1
outras,0,1,1
outreach,2,11,13
outreaches,1,0,1
outrider,0,1,1
outrigger,0,2,2
outright,12,3,15
outrite,1,0,1
outro,3,6,9
outroe,0,1,1
outros,1,0,1
outruling,1,0,1
outrun,1,9,10
outrunning,1,2,3
outs,78,120,198
outsanding,0,1,1
outsdide,1,0,1
outsell,0,2,2
outshine,3,4,7
outshined,0,1,1
outshines,0,1,1
outshot,1,0,1
outsiddee,0,1,1
outsiddeeee,1,0,1
outside,4233,2655,6888
outsidea,1,0,1
outsidee,8,10,18
outsideee,4,7,11
outsideeee,3,2,5
outsideeeee,0,1,1
outsideeeeeeeeeeeeeeeeeee,1,0,1
outsidelands,0,1,1
outsiden,1,0,1
outsidenwt,0,1,1
outsider,7,3,10
outsiders,8,10,18
outsides,2,2,4
outsideto,0,1,1
outsidetoday,0,1,1
outsie,1,0,1
outsied,0,1,1
outsiede,1,0,1
outsiide,0,1,1
outsiiiide,0,1,1
outsiiiiiide,1,0,1
outsing,0,1,1
outsinging,1,0,1
outsise,0,1,1
outsite,0,3,3
outsized,0,1,1
outskees,1,0,1
outski,0,2,2
outskies,0,5,5
outskirts,4,0,4
outslept,0,1,1
outsmart,1,3,4
outsmarted,1,1,2
outsold,1,1,2
outsource,1,5,6
outsourced,3,3,6
outsourcing,3,9,12
outspark,1,0,1
outspoken,2,5,7
outstandig,0,1,1
outstanding,28,71,99
outstandingly,0,1,1
outstay,1,0,1
outstayed,1,0,1
outsted,1,0,1
outstretched,0,3,3
outstrip,0,1,1
outsude,1,0,1
outsurance,2,0,2
outsz,0,1,1
outt,50,70,120
outta,772,474,1246
outtaaa,1,0,1
outtaaaa,1,0,1
outtage,1,0,1
outtages,2,0,2
outtah,1,2,3
outtahere,0,1,1
outtake,1,1,2
outtakes,3,3,6
outtamyleague,0,1,1
outtatown,1,0,1
outter,1,1,2
outters,1,0,1
outthe,1,0,1
outthere,2,2,4
outtie,13,12,25
outties,2,0,2
outting,6,5,11
outto,1,1,2
outtown,0,1,1
outtrend,0,1,1
outtsidee,0,1,1
outtsiidee,0,1,1
outtt,26,37,63
outtta,0,2,2
outttsideeeee,1,0,1
outttskiiiii,0,1,1
outttt,24,21,45
outttta,0,1,1
outtttt,6,6,12
outttttt,5,4,9
outtttttt,6,3,9
outttttttt,2,1,3
outtttttttt,5,0,5
outtttttttttt,1,0,1
outttttz,1,0,1
outtve,1,0,1
outtweet,1,0,1
outtwit,2,1,3
outty,2,5,7
outvoted,4,1,5
outwaiting,1,0,1
outward,1,2,3
outweigh,4,1,5
outweighed,2,2,4
outweighing,1,1,2
outwhen,1,0,1
outwill,0,1,1
outwit,0,1,1
outwith,1,0,1
outwitting,0,1,1
outwood,1,0,1
outworld,1,0,1
outy,1,2,3
outz,1,8,9
outzen,1,0,1
ouu,1,8,9
ouuccch,1,0,1
ouuch,1,0,1
ouuchh,3,0,3
ouuchhh,1,0,1
ouugh,1,0,1
ouughh,1,0,1
ouuh,0,1,1
ouuhh,2,2,4
ouupps,1,0,1
ouut,6,3,9
ouuta,1,1,2
ouutch,0,1,1
ouutfit,0,1,1
ouutside,1,1,2
ouutt,0,2,2
ouuu,2,5,7
ouuucch,2,0,2
ouuuch,10,1,11
ouuuchh,1,1,2
ouuuchhhhh,1,0,1
ouuufff,1,0,1
ouuuhhh,1,0,1
ouuut,4,3,7
ouuuttt,1,0,1
ouuuu,0,1,1
ouuuuccchhh,1,0,1
ouuuucchhhh,1,0,1
ouuuuch,2,0,2
ouuuuchh,1,0,1
ouuuuchhh,1,0,1
ouuuuchhhh,3,0,3
ouuuuh,1,0,1
ouuuup,1,0,1
ouuuut,2,3,5
ouuuuttt,1,0,1
ouuuuttttt,1,0,1
ouuuuuch,1,0,1
ouuuuuchhh,1,0,1
ouuuuuchhhh,1,0,1
ouuuuut,1,1,2
ouuuuutttttttt,1,0,1
ouuuuuu,1,1,2
ouuuuuucccccchhhh,1,0,1
ouuuuuuch,3,0,3
ouuuuuut,0,2,2
ouuuuuuttttt,1,0,1
ouuuuuuuch,2,0,2
ouuuuuuuchhhhh,1,0,1
ouuuuuuuuch,1,0,1
ouuuuuuuuuch,1,0,1
ouuuuuuuuuchhhhhhhh,1,0,1
ouuuuuuuuut,1,0,1
ouuuuuuuuuuuuuut,1,0,1
ouuuuuuuuuuuuuuuuuuuuch,1,0,1
ouuuuuuuuuuuuuuuuuuuuuuuuuuuuuuch,1,0,1
ouuuuwwwwww,1,0,1
ouuwhh,0,1,1
ouve,1,0,1
ouvert,0,1,1
ouvi,1,1,2
ouvido,1,0,1
ouvindo,13,37,50
ouvinod,0,1,1
ouvir,4,8,12
ouw,4,0,4
ouwah,1,0,1
ouwchy,1,0,1
ouwe,1,2,3
ouwh,1,0,1
ouwie,2,1,3
ouwieeeeeee,1,0,1
ouwt,1,0,1
ouww,1,0,1
ouwwie,1,0,1
ouxh,1,0,1
ouy,1,4,5
ouzmo,1,0,1
ouzo,1,3,4
ov,40,22,62
ova,147,67,214
ovaa,3,2,5
ovaaa,2,3,5
ovaaaa,2,1,3
ovaaaaaa,0,1,1
ovah,9,9,18
ovahh,0,1,1
ovahhh,0,1,1
ovaj,1,0,1
oval,4,7,11
ovals,1,0,1
ovaltine,3,2,5
ovar,1,0,1
ovarian,3,0,3
ovariectomy,1,0,1
ovaries,18,5,23
ovarrrr,0,1,1
ovary,5,0,5
ovation,7,8,15
ovations,0,1,1
ovb,1,1,2
ovber,1,1,2
ovbi,1,0,1
ovc,2,1,3
ovcome,0,1,1
ove,12,7,19
oveaseas,1,0,1
ovechkin,0,3,3
oveeeeeeeeerrrrrrrrr,0,1,1
oveeeer,1,0,1
oveeer,1,0,1
oveeerrr,0,2,2
oveer,4,2,6
oveerloaaad,1,0,1
oveerr,0,1,1
oveerrrr,0,1,1
oveflowing,0,1,1
ovejch,1,0,1
ovejita,0,1,1
ovejo,0,1,1
oven,195,185,380
ovenbird,1,0,1
ovenight,1,0,1
ovens,5,1,6
oveous,0,1,1
over,14031,9609,23640
overabundance,0,1,1
overachiever,1,7,8
overachievers,0,1,1
overachieving,0,1,1
overacting,0,1,1
overactive,4,2,6
overage,1,1,2
overall,115,184,299
overalled,0,1,1
overalls,4,5,9
overally,1,1,2
overanalysing,1,0,1
overanalyze,1,0,1
overanalyzer,1,0,1
overanalyzing,2,2,4
overate,1,1,2
overated,2,10,12
overbaked,1,1,2
overbaord,2,0,2
overbay,0,1,1
overbearing,4,1,5
overbeke,0,1,1
overbet,0,1,1
overbid,1,0,1
overbleached,1,0,1
overblip,0,1,1
overblown,0,1,1
overboard,8,24,32
overboiled,3,0,3
overbook,0,1,1
overbooked,9,0,9
overbooking,0,1,1
overcame,1,3,4
overcap,0,1,1
overcapacity,2,2,4
overcapcity,0,1,1
overcast,163,87,250
overcastness,0,1,1
overcasty,0,1,1
overcharge,0,1,1
overcharged,4,0,4
overcharging,1,0,1
overcheered,1,0,1
overclock,1,1,2
overclocked,0,1,1
overclocking,2,0,2
overcome,29,40,69
overcomer,0,1,1
overcomes,2,3,5
overcoming,3,6,9
overcompensate,1,0,1
overcompensating,0,1,1
overcompetitive,0,1,1
overcomplicate,0,1,1
overconfidence,1,0,1
overconfident,2,0,2
overconfidentbastards,0,1,1
overconsumption,1,0,1
overcook,1,0,1
overcooked,16,2,18
overcooks,1,0,1
overcrowded,1,2,3
overcrowding,1,1,2
overdestiny,1,0,1
overdevelopment,0,1,1
overdid,27,5,32
overdo,8,7,15
overdoing,4,10,14
overdominant,1,0,1
overdone,17,2,19
overdose,20,18,38
overdosed,10,1,11
overdosin,1,1,2
overdosing,3,3,6
overdosis,0,1,1
overdraaaffffffttttttt,1,0,1
overdraft,11,5,16
overdrafted,1,0,1
overdrafting,1,0,1
overdrafts,1,0,1
overdramatic,2,1,3
overdraw,1,0,1
overdrawing,2,0,2
overdrawn,7,2,9
overdressed,2,2,4
overdrew,2,0,2
overdrive,17,6,23
overdrivee,1,0,1
overdriving,2,0,2
overdue,57,62,119
overdued,2,0,2
overe,0,1,1
overeat,2,1,3
overeating,4,1,5
overembellish,0,1,1
overemotional,0,1,1
overemotionalism,1,0,1
overengineered,1,0,1
overenthusiastic,1,0,1
overestimate,1,1,2
overestimated,1,1,2
overexcited,4,2,6
overexcitement,0,1,1
overexerted,1,0,1
overexplained,0,1,1
overexposed,2,0,2
overextended,2,2,4
overfed,1,0,1
overfeed,1,0,1
overfeeding,1,0,1
overfill,0,1,1
overfishing,1,0,1
overflow,12,16,28
overflowage,1,0,1
overflowed,5,2,7
overflowing,24,10,34
overflows,2,0,2
overfried,1,0,1
overgate,0,1,1
overgeneralising,1,0,1
overground,1,3,4
overgrown,6,5,11
overhall,0,1,1
overhand,1,0,1
overhang,2,2,4
overhangs,0,1,1
overhaul,5,10,15
overhauled,2,1,3
overhead,29,23,52
overheads,0,1,1
overhear,0,1,1
overheard,10,16,26
overheards,0,1,1
overhearing,3,1,4
overheat,6,1,7
overheated,32,5,37
overheatedd,1,0,1
overheateddd,1,0,1
overheating,30,3,33
overheats,9,1,10
overhere,5,9,14
overhim,1,0,1
overhype,0,1,1
overhyped,0,7,7
overindulge,0,2,2
overindulged,0,1,1
overindulgence,0,1,1
overish,1,0,1
overitnow,0,1,1
overjoy,0,1,1
overjoyed,7,9,16
overkill,11,17,28
overlady,0,1,1
overlake,1,1,2
overland,3,1,4
overlandbread,1,0,1
overlap,14,12,26
overlapped,1,0,1
overlapping,1,1,2
overlaps,4,2,6
overlay,23,5,28
overlayed,2,0,2
overlays,2,1,3
overlee,0,1,1
overlly,1,1,2
overload,72,65,137
overloade,1,0,1
overloaded,31,10,41
overloading,0,6,6
overloads,1,0,1
overlocker,1,0,1
overlong,1,0,1
overlook,5,8,13
overlooked,11,14,25
overlooking,9,14,23
overlooks,1,4,5
overlord,6,6,12
overlordette,0,1,1
overlords,1,2,3
overlove,1,0,1
overlsept,1,0,1
overly,62,48,110
overlycrowded,1,0,1
overmicrowaved,1,0,1
overmix,0,1,1
overmuch,0,1,1
overn,0,1,1
overnap,0,1,1
overness,0,1,1
overnight,209,117,326
overnighted,0,1,1
overnighter,3,2,5
overnightprints,1,0,1
overnights,14,6,20
overnite,6,0,6
overniter,0,1,1
overnyt,0,1,1
overpack,0,1,1
overpacked,3,1,4
overpacking,2,0,2
overpaid,1,2,3
overpair,1,0,1
overpass,0,1,1
overpay,1,1,2
overpaying,1,1,2
overpayment,1,0,1
overperformers,0,1,1
overplay,1,0,1
overplayed,4,4,8
overplaying,2,0,2
overpopulated,2,0,2
overpopulating,1,0,1
overpopulation,1,1,2
overposting,1,0,1
overpower,2,2,4
overpowering,4,2,6
overpowers,4,0,4
overpreparation,0,1,1
overprepared,1,0,1
overpriced,32,9,41
overprinting,0,1,1
overproduced,1,0,1
overprotected,0,2,2
overprotective,1,4,5
overqualified,3,1,4
overr,19,25,44
overrated,50,71,121
overratedness,1,0,1
overreaching,1,0,1
overreact,3,0,3
overreacted,6,1,7
overreacting,12,2,14
overreaction,3,0,3
overreactive,1,0,1
overreacts,1,0,1
overread,1,0,1
overridden,1,1,2
override,3,1,4
overrides,1,3,4
overriding,1,1,2
overrode,1,1,2
overrr,16,20,36
overrrr,10,7,17
overrrrr,8,5,13
overrrrrr,4,3,7
overrrrrrr,3,0,3
overrrrrrrr,1,0,1
overrrrrrrrrr,0,1,1
overrrrrrrrrrrr,1,0,1
overrrrrrrrrrrrr,1,0,1
overrrrrrrrrrrrrrrrrrr,1,0,1
overrrrrrrrrrrrrrrrrrrrrr,0,1,1
overruled,3,0,3
overrun,5,1,6
overrunning,1,0,1
overruns,0,1,1
overs,35,35,70
oversalted,1,0,1
oversast,0,1,1
oversaving,1,0,1
overschie,0,1,1
oversea,1,0,1
overseas,74,45,119
oversee,0,2,2
overseer,1,0,1
oversell,1,1,2
oversensitive,0,1,1
overshadow,0,1,1
overshadowed,3,0,3
overshadowing,2,1,3
overshadows,1,0,1
overshare,1,2,3
overshirt,1,0,1
overshooting,1,0,1
oversight,6,6,12
oversights,0,1,1
oversing,0,1,1
oversize,0,3,3
oversized,5,8,13
oversleep,19,8,27
oversleeping,8,7,15
overslept,175,43,218
oversocialised,0,1,1
oversold,6,0,6
overspammed,0,1,1
overspend,2,0,2
overspent,1,0,1
overspill,1,0,1
overss,1,1,2
overstayed,3,0,3
overstep,0,1,1
overstepped,1,0,1
overstepping,2,0,2
overstimulated,1,1,2
overstock,0,1,1
overstrerch,1,0,1
overstressed,2,0,2
overstretched,2,0,2
overstuffed,3,2,5
overstyled,0,2,2
overt,0,1,1
overtake,7,6,13
overtaken,15,3,18
overtakes,2,2,4
overtaking,7,6,13
overtall,1,0,1
overted,1,0,1
overtherainbow,1,0,1
overthere,3,0,3
overthink,3,2,5
overthinking,8,1,9
overthinks,1,0,1
overthr,0,1,1
overthrew,2,0,2
overthrow,1,2,3
overthrown,3,0,3
overtightened,2,0,2
overtiime,0,1,1
overtime,131,47,178
overtimes,0,1,1
overtired,15,3,18
overtiredness,2,0,2
overtly,0,1,1
overtones,0,2,2
overtook,1,1,2
overtrained,1,0,1
overture,0,1,1
overturn,1,0,1
overturned,8,3,11
overtweet,2,1,3
overtweeted,6,0,6
overtweeting,2,2,4
overun,0,1,1
overuns,1,0,1
overuse,7,3,10
overused,5,9,14
overusing,0,1,1
overv,0,1,1
overvalue,0,1,1
overview,1,10,11
overviewed,1,0,1
overviews,1,0,1
overwatched,0,1,1
overwater,1,0,1
overwatered,2,0,2
overwather,1,0,1
overweight,18,15,33
overwelmed,2,1,3
overwelming,3,0,3
overwhelemd,0,1,1
overwhelm,1,7,8
overwhelmed,100,47,147
overwhelmes,1,0,1
overwhelmin,1,0,1
overwhelming,39,39,78
overwhelmingly,4,4,8
overwhelms,2,1,3
overwheolming,1,0,1
overwiev,1,0,1
overwith,1,1,2
overwithhh,0,1,1
overwork,1,7,8
overworked,20,5,25
overworking,2,2,4
overworkn,1,0,1
overworry,0,2,2
overwrite,1,0,1
overwrites,2,0,2
overwritten,1,1,2
overzealous,1,0,1
oves,0,2,2
ovest,1,0,1
ovet,1,1,2
ovf,1,1,2
ovguide,0,1,1
ovh,1,1,2
ovi,12,11,23
ovid,1,2,3
ovidio,0,1,1
ovidius,0,1,1
ovie,3,3,6
oviedo,3,2,5
oving,1,1,2
ovingoutmay,1,0,1
ovio,0,1,1
ovistore,3,3,6
ovo,1,2,3
ovoga,0,1,1
ovoliko,1,0,1
ovome,0,1,1
ovoo,1,0,1
ovos,0,1,1
ovp,0,1,1
ovr,50,22,72
ovrboard,0,1,1
ovrcast,2,0,2
ovrnite,1,0,1
ovrrr,0,1,1
ovrs,1,0,1
ovrslept,0,1,1
ovrwrkd,1,0,1
ovs,1,0,1
ovuh,1,0,1
ovulating,2,0,2
ovulation,1,1,2
ovur,1,0,1
ovva,1,0,1
ovvaaa,1,0,1
ovvaaah,1,0,1
ovveeer,0,1,1
ovveerr,1,0,1
ovver,2,1,3
ovverr,1,0,1
ovverthink,1,0,1
ovvie,0,1,1
ovvvvvveeerrrrrrrrrrrrrr,0,1,1
ovvvvvvvvvvvvver,0,1,1
ovw,0,1,1
ovwr,1,0,1
ow,741,125,866
owa,5,1,6
owaa,1,0,1
owah,1,0,1
owan,0,1,1
owano,0,1,1
owasp,1,1,2
owatonna,0,1,1
owccch,0,1,1
owch,18,1,19
owchh,4,0,4
owchhhh,1,0,1
owchie,3,0,3
owchiee,2,0,2
owchy,2,0,2
owd,0,1,1
owdnlaod,0,1,1
owe,156,225,381
owed,16,7,23
owee,3,0,3
oweee,3,4,7
oweeee,1,1,2
oweeeeee,0,1,1
oweeeeeeeeeeeeeeeeeeeeeeeeeeeeeeeee,1,0,1
oweh,1,0,1
oweiisss,1,0,1
owel,1,1,2
owell,18,13,31
owells,1,1,2
owen,46,51,97
owenf,0,1,1
owennnn,0,1,1
owens,5,11,16
owensboro,2,0,2
ower,1,0,1
owerup,1,0,1
owes,22,24,46
owey,3,0,3
owez,0,1,1
owf,1,0,1
owfucker,1,0,1
owfuckowfuckowfuuuuck,1,0,1
owgers,0,1,1
owh,22,23,45
owhh,2,2,4
owhhh,4,0,4
owhhhh,0,1,1
owhhhhhh,1,0,1
owi,0,1,1
owie,86,2,88
owiee,2,1,3
owieee,4,0,4
owieeeeeeeee,1,0,1
owieeeeeeeeeeeeee,1,0,1
owieeesss,0,1,1
owieful,1,0,1
owiepains,1,0,1
owies,9,0,9
owiie,1,0,1
owiiiee,1,0,1
owing,8,3,11
owings,1,1,2
owireee,1,0,1
owjen,1,0,1
owkay,1,2,3
owkey,1,0,1
owkeyy,0,1,1
owkring,1,0,1
owl,81,169,250
owlcity,0,1,1
owls,7,28,35
owly,0,1,1
owm,1,0,1
own,2274,2727,5001
owna,0,1,1
ownadvertising,0,1,1
ownage,0,9,9
ownageeeeeeeeeeeeeeeeeeeeeee,0,1,1
ownayn,1,0,1
ownd,1,0,1
ownder,1,0,1
owndizzled,1,0,1
owned,104,120,224
ownedd,0,1,1
owneddddd,1,0,1
owneeeedddd,0,1,1
owner,153,164,317
owners,69,55,124
ownership,15,9,24
ownerslooking,0,1,1
ownes,1,0,1
ownfulness,0,1,1
ownin,2,0,2
owning,31,37,68
owninggg,1,0,1
ownlee,1,0,1
ownn,3,1,4
ownnn,1,0,1
ownnnn,0,2,2
ownnnnn,1,1,2
ownnnnnnnnnnnn,1,0,1
ownoez,1,0,1
ownoo,1,0,1
owns,43,82,125
ownsome,2,0,2
ownthemix,1,0,1
ownz,0,2,2
ownzz,0,1,1
ownzzzz,0,1,1
owoke,0,1,1
owolabi,0,1,1
oworthy,0,1,1
owow,0,2,2
owowow,4,0,4
owowowow,2,0,2
owowowowoowowowowoowowo,1,0,1
owowowowow,1,0,1
owowowowowow,1,0,1
owowz,0,1,1
owp,1,0,1
owr,1,0,1
owrj,1,0,1
owrk,1,1,2
owrked,1,0,1
owrking,1,0,1
ows,1,2,3
owsies,0,1,1
owt,26,17,43
owter,0,1,1
owtf,0,1,1
owtside,1,0,1
owtt,0,1,1
owtttt,1,0,1
owuld,1,0,1
oww,142,26,168
owwcchh,1,0,1
owwcchhh,1,0,1
owwchhh,1,0,1
owwee,1,0,1
owweeee,1,0,1
owwh,1,3,4
owwhh,2,0,2
owwie,25,1,26
owwiee,2,0,2
owwieee,1,1,2
owwieeee,1,0,1
owwies,8,0,8
owwn,0,1,1
owwp,0,1,1
owwtta,1,0,1
owww,87,23,110
owwwee,0,1,1
owwww,25,4,29
owwwww,3,1,4
owwwwwiieeeeee,1,0,1
owwwwwthis,1,0,1
owwwwww,2,0,2
owwwwwww,2,1,3
owwwwwwww,0,1,1
owwwwwyyyyy,1,0,1
owwwy,1,0,1
owwy,15,1,16
owwys,1,0,1
owy,3,0,3
owya,1,0,1
owyea,0,1,1
owyeash,1,0,1
ox,33,51,84
oxalate,1,0,1
oxba,0,1,1
oxbow,0,1,1
oxchris,1,0,1
oxcom,0,2,2
oxd,0,1,1
oxegen,10,8,18
oxen,1,2,3
oxf,1,0,1
oxfam,3,6,9
oxford,76,83,159
oxforddd,0,1,1
oxfordddd,0,1,1
oxfordgeekjam,1,0,1
oxfordgirl,2,0,2
oxfords,2,2,4
oxfordshire,3,2,5
oxfort,0,1,1
oxhey,1,0,1
oxi,0,1,1
oxid,0,2,2
oxidant,0,1,1
oxidants,0,1,1
oxidating,1,0,1
oxidation,4,0,4
oxide,1,1,2
oxidized,1,0,1
oxidizing,0,1,1
oxiinfam,0,1,1
oxite,0,1,1
oxley,2,0,2
oxm,3,1,4
oxnard,5,4,9
oxo,1,9,10
oxon,1,2,3
oxooxxoxoxooxoxxoo,0,1,1
oxox,8,17,25
oxoxo,0,3,3
oxoxoteambreezy,1,0,1
oxoxox,0,2,2
oxoxoxo,1,3,4
oxoxoxox,0,2,2
oxoxoxoxox,0,1,1
oxoxoxoxoxooxoxox,1,0,1
oxoxoxoxoxox,0,1,1
oxshoe,1,0,1
oxsite,1,0,1
oxtail,1,2,3
oxtails,1,1,2
oxteach,1,0,1
oxx,0,2,2
oxy,1,4,5
oxyboost,1,0,1
oxyclean,3,0,3
oxycodone,1,0,1
oxycontin,1,2,3
oxycotin,0,1,1
oxycotton,0,1,1
oxygen,25,35,60
oxygeners,0,1,1
oxylate,1,0,1
oxymetazoline,0,1,1
oxymoron,5,13,18
oxymoronic,0,1,1
oxymorons,0,2,2
oxytocin,0,1,1
oy,88,39,127
oya,0,1,1
oyaaa,1,0,1
oyaji,0,1,1
oyako,0,1,1
oyakudon,0,1,1
oyassumi,0,1,1
oyasumi,0,8,8
oyasuminasai,1,3,4
oyauma,1,0,1
oyay,0,1,1
oyd,0,1,1
oye,12,18,30
oyea,2,2,4
oyeaaaah,0,1,1
oyeah,0,5,5
oyee,0,2,2
oyem,0,1,1
oyendo,0,1,1
oyes,0,1,1
oyess,0,1,1
oyfr,0,1,1
oyin,1,0,1
oymba,1,0,1
oynoyn,0,1,1
oyo,0,1,1
oyonde,0,1,1
oyot,0,1,1
oyou,2,1,3
oyoyoy,1,0,1
oyr,0,2,2
oyster,19,25,44
oystercatchers,0,1,1
oysterfest,1,0,1
oysterfestival,0,1,1
oysters,20,16,36
oystsers,0,1,1
oyu,3,8,11
oyur,1,0,1
oyy,4,1,5
oyyy,1,1,2
oyyyy,2,1,3
oyyyyyyiee,0,1,1
oyyyyyyyy,1,0,1
oyyyyyyyyy,1,0,1
oz,199,211,410
oza,0,1,1
ozark,0,2,2
ozarks,1,4,5
ozay,0,1,1
ozbargain,0,1,1
ozblogtrip,1,0,1
ozbourne,1,0,1
ozchi,0,1,1
ozco,1,0,1
ozdust,0,1,1
ozfest,1,0,1
ozforex,0,1,1
ozh,0,2,2
ozi,1,0,1
ozios,1,0,1
ozlovefest,1,0,1
ozo,1,0,1
ozomatli,0,1,1
ozon,1,0,1
ozone,7,8,15
ozooo,1,0,1
ozrics,0,1,1
oztag,2,1,3
oztime,0,1,1
oztion,1,0,1
oztionites,1,0,1
oztivo,1,0,1
ozumo,0,1,1
ozvan,1,0,1
ozy,1,0,1
ozzfest,1,0,1
ozzie,6,8,14
ozzies,0,2,2
ozzle,1,0,1
ozzy,18,23,41
ozzys,2,0,2
ozzzzzzzz,1,0,1
ozzzzzzzzzzzz,1,0,1
pa,454,368,822
paa,6,1,7
paaaa,1,0,1
paaaaaaaaaaaaaaain,1,0,1
paaaaaaaaaaaaaain,0,1,1
paaaaaaaaain,1,0,1
paaaaaaaarisss,1,0,1
paaaaaahahahhahaa,1,0,1
paaaaaartay,0,1,1
paaaaaiiiiid,1,0,1
paaaaaiiiiiinnnn,1,0,1
paaaaaiiinn,1,0,1
paaaaain,2,0,2
paaaaarrrttttyyyyy,0,1,1
paaaaarttyy,0,1,1
paaaaarty,0,4,4
paaaaause,1,0,1
paaaaay,1,0,1
paaaaiiiiining,1,0,1
paaaain,5,2,7
paaaainnn,1,0,1
paaaainy,1,0,1
paaaanda,0,1,1
paaaarrrtay,0,1,1
paaaartay,1,0,1
paaaarty,0,5,5
paaaartyyyy,0,1,1
paaacked,0,1,1
paaacking,1,0,1
paaah,1,0,1
paaahah,0,1,1
paaaiiinn,1,0,1
paaaiiinnn,1,0,1
paaain,3,0,3
paaajamas,0,1,1
paaalease,0,1,1
paaalllee,1,0,1
paaapppeerrrr,1,0,1
paaark,0,1,1
paaarrrtttyyy,0,1,1
paaartay,0,1,1
paaarty,2,4,6
paaartyyy,0,1,1
paaau,1,0,1
paaaw,0,1,1
paad,0,1,1
paaggiiii,1,0,1
paahaa,1,0,1
paahahahahhaha,1,0,1
paaia,1,0,1
paaid,0,1,1
paain,2,0,2
paaji,0,1,1
paakhi,1,0,1
paal,1,1,2
paan,2,0,2
paani,0,3,3
paanjaaangg,1,0,1
paano,3,1,4
paar,0,2,2
paarents,0,1,1
paark,0,1,1
paarl,0,1,1
paarrrrttyyyyyy,0,1,1
paarrrrtyyy,0,1,1
paarrrty,0,1,1
paarrtaaay,1,0,1
paars,0,1,1
paart,0,1,1
paartttyyy,0,1,1
paarul,0,1,1
paas,0,1,1
paathra,0,1,1
paathu,1,0,1
paaulo,0,1,1
paautograph,0,1,1
paaya,1,0,1
paayce,0,1,1
paayyyce,0,1,1
pab,7,2,9
pabagalin,1,0,1
pabalik,0,1,1
pabh,1,0,1
pabl,1,4,5
pablfail,0,1,1
pablik,1,0,1
pablo,19,16,35
pablooo,1,1,2
pablos,1,1,2
pablosan,1,0,1
pabo,0,1,1
pabs,2,2,4
pabst,1,1,2
pabtis,1,0,1
pabundi,1,0,1
pac,57,58,115
paca,0,2,2
pacakes,0,1,1
pacalypse,0,1,1
pacar,3,4,7
pacarai,0,1,1
pacaran,1,1,2
pacarku,0,1,1
pacarnya,1,0,1
pacas,0,1,1
pacat,3,0,3
pacate,1,1,2
pacaud,0,2,2
pacaya,1,0,1
pacbirthday,0,3,3
pacca,0,1,1
pacccking,0,1,1
paccking,1,0,1
pace,69,100,169
pacecar,1,0,1
paced,1,10,11
pacee,0,1,1
pacemaker,1,4,5
pacencia,0,2,2
pacer,2,3,5
pacers,0,2,2
paces,2,2,4
pacey,2,2,4
pacha,6,8,14
pachacha,0,1,1
pachad,0,1,1
pachainga,1,0,1
pachanga,0,2,2
pachas,1,1,2
pachaugey,1,0,1
pacheco,1,4,5
pachette,1,0,1
pachinko,0,1,1
pachinos,0,1,1
pachira,1,0,1
pachirisu,0,1,1
pachito,0,1,1
pachooiegogo,1,0,1
pachtree,1,0,1
pachuca,2,0,2
pachuqueeee,0,1,1
pachyderms,0,1,1
pachysphinx,0,1,1
paci,2,2,4
pacient,0,1,1
pacifc,0,1,1
pacifer,1,0,1
pacific,78,108,186
pacifica,2,2,4
pacificer,0,1,1
pacifico,0,2,2
pacificos,0,1,1
pacifictime,0,1,1
pacifier,0,2,2
pacifiers,0,2,2
pacifist,1,1,2
pacify,0,3,3
pacin,1,0,1
pacing,11,10,21
pacino,2,5,7
paciotti,1,0,1
pacis,1,0,1
pacitti,0,1,1
paciugo,0,1,1
pack,855,548,1403
packa,0,1,1
packagae,0,1,1
package,215,248,463
packaged,8,4,12
packageeee,0,1,1
packageeeee,0,1,1
packager,0,1,1
packages,58,52,110
packagin,0,1,1
packaging,22,24,46
packaqe,1,0,1
packard,2,1,3
packd,1,0,1
packdd,1,0,1
packed,455,358,813
packeddd,0,1,1
packen,1,0,1
packer,3,7,10
packers,2,3,5
packes,0,1,1
packet,81,64,145
packetdienst,1,0,1
packets,30,16,46
packette,1,0,1
packety,0,1,1
packetz,1,1,2
packham,1,2,3
packhug,1,0,1
packign,0,1,1
packiiiiiiiiiiing,0,1,1
packiiing,1,0,1
packin,29,28,57
packing,1308,810,2118
packingg,1,3,4
packinggg,1,2,3
packingggg,0,2,2
packinggggg,1,1,2
packingggggggggg,1,0,1
packinmg,1,0,1
packinng,1,0,1
packk,2,0,2
packkkkkk,1,0,1
packman,0,1,1
packn,1,1,2
packo,1,0,1
packout,1,0,1
packpackpack,1,0,1
packrat,5,7,12
packs,53,47,100
packstation,1,0,1
packup,2,1,3
pacled,1,0,1
paclite,1,0,1
paclovee,0,1,1
pacman,19,59,78
pacmouth,1,0,1
pacnw,0,1,1
paco,7,10,17
pacobutthole,1,0,1
pacock,0,1,1
pacosanchez,1,0,1
pacprint,0,1,1
pacquaio,2,4,6
pacquiao,16,72,88
pacquio,0,2,2
pacquioa,0,1,1
pacrim,2,0,2
pacsun,7,6,13
pact,8,8,16
pactice,1,0,1
pacts,0,1,1
pacull,1,0,1
paczki,1,0,1
pad,119,117,236
pada,4,5,9
padaca,0,1,1
padahal,13,1,14
padal,1,0,1
padalecki,3,6,9
padam,1,0,1
padang,1,4,5
padapuppy,3,0,3
padasloth,1,0,1
padat,0,1,1
padawan,1,4,5
padawang,1,0,1
padcha,0,1,1
padd,2,0,2
paddd,1,0,1
padddd,1,0,1
padddddddd,1,0,1
padddled,0,1,1
padded,6,6,12
paddel,0,2,2
padden,3,0,3
paddi,1,0,1
padding,6,7,13
paddington,14,14,28
paddle,23,31,54
paddleboard,1,0,1
paddled,1,0,1
paddlepop,0,1,1
paddlepops,0,1,1
paddles,4,1,5
paddlin,0,2,2
paddling,22,34,56
paddlnig,1,0,1
paddo,1,3,4
paddock,6,3,9
paddon,0,1,1
paddy,31,14,45
paddyanglican,0,1,1
paddygt,1,0,1
paddyinvasion,1,2,3
paddypower,0,2,2
paddys,3,0,3
pade,1,0,1
padega,2,0,2
padegi,1,0,1
pademe,0,1,1
padeo,0,1,1
paderborn,3,1,4
padestrian,1,0,1
padfiles,1,0,1
padfoot,0,1,1
padge,0,2,2
padh,0,1,1
padhai,1,1,2
padhne,0,1,1
padi,0,1,1
padikatee,1,0,1
padilla,2,0,2
padin,0,1,1
padio,0,1,1
padley,0,1,1
padlock,2,3,5
padlocks,0,1,1
padma,4,0,4
padmaja,0,1,1
padman,1,0,1
padmashree,0,1,1
padme,1,0,1
padnda,0,1,1
padon,1,0,1
padoodlehead,1,0,1
padova,1,1,2
padraig,0,1,1
padre,18,29,47
padreee,2,1,3
padreeees,1,0,1
padres,30,19,49
padrestweetup,1,0,1
padrino,0,1,1
padron,1,1,2
pads,46,25,71
padster,0,2,2
padstoe,0,1,1
padstow,0,1,1
padta,0,1,1
padthai,0,1,1
padtron,0,1,1
padua,3,1,4
paducah,2,2,4
padunkadunk,0,1,1
padurar,0,1,1
padurea,0,1,1
padus,0,1,1
padusssss,1,0,1
padworth,1,0,1
padyluv,0,1,1
padyy,1,0,1
pae,2,1,3
paeanoid,0,1,1
paeathas,2,0,2
paedalo,0,1,1
paediatrician,0,1,1
paediatrics,1,0,1
paedo,1,3,4
paedofile,0,1,1
paedophile,1,1,2
paedophiles,0,1,1
paedophilia,2,0,2
paeds,3,0,3
paeducator,1,0,1
paella,10,15,25
paellas,1,0,1
paeng,0,1,1
paerfect,1,0,1
paerowatsumnida,1,0,1
paers,1,0,1
paes,1,3,4
paesanos,0,1,1
paezs,0,1,1
paf,2,2,4
pafc,2,0,2
pafetic,0,1,1
paffett,0,1,1
pag,20,25,45
pagaar,1,0,1
pagadian,1,0,1
pagaent,1,0,1
pagagraph,1,0,1
pagal,1,0,1
pagalguy,1,1,2
pagaling,0,2,2
pagam,0,2,2
pagan,3,10,13
paganfest,1,0,1
pagano,1,0,1
pagans,1,2,3
pagar,2,2,4
pagaron,1,0,1
pagasa,1,0,1
pagbabago,1,0,1
pagbasa,1,0,1
pagbibigyan,0,1,1
pagbigyan,0,1,1
pagbutihin,0,1,1
page,1454,1668,3122
pageant,22,25,47
pageantry,0,1,1
pageants,1,1,2
pagecom,2,0,2
paged,3,4,7
pagedown,1,0,1
pagee,3,0,3
pageee,0,2,2
pageeeee,0,1,1
pageez,0,1,1
pageface,1,0,1
pagefile,1,0,1
pagefour,1,0,1
pagelime,0,1,1
pagemaster,1,1,2
pagemethod,1,0,1
pagemethods,1,1,2
pagent,3,2,5
pagents,0,1,1
pager,13,5,18
pagerank,1,6,7
pageranks,0,1,1
pagereboot,1,0,1
pagers,0,2,2
pages,465,384,849
pageslistname,1,0,1
paget,0,2,2
pageup,1,0,1
pageviews,1,3,4
pagey,1,0,1
pagi,13,6,19
pagian,0,2,2
pagiging,1,0,1
pagiii,1,0,1
pagiiiii,0,1,1
pagin,1,1,2
pagina,1,0,1
paginate,0,1,1
paginating,1,0,1
pagination,3,2,5
paging,2,6,8
pagka,1,2,3
pagkakanta,0,1,1
pagkasquatter,1,0,1
pagkukuha,1,0,1
pagli,0,1,1
paglia,0,1,1
paglie,1,0,1
pagnakita,1,0,1
pagnakitaan,1,0,1
pago,0,2,2
pagod,2,2,4
pagoda,1,3,4
pagode,1,0,1
pagong,0,1,1
pagoood,1,0,1
pagopen,0,1,1
pagosa,0,1,1
pagota,0,1,1
pagrab,0,1,1
pagreply,0,1,1
pags,2,1,3
pagsulat,0,1,1
pagsundo,0,1,1
pagsusungit,0,1,1
paguyo,0,1,1
pah,32,28,60
paha,8,7,15
pahaa,2,2,4
pahaaaa,0,1,1
pahabol,0,2,2
pahadi,0,1,1
pahaha,6,6,12
pahahah,1,0,1
pahahaha,2,2,4
pahahahaha,1,6,7
pahahahahaaaa,0,1,1
pahahahhaah,0,1,1
paham,1,1,2
pahang,3,0,3
pahar,1,0,1
pahate,1,0,1
pahbo,1,0,1
pahh,1,0,1
pahha,0,1,1
pahhahah,0,1,1
pahhdna,0,1,1
pahhh,1,0,1
pahhhhh,1,0,1
pahhhty,0,1,1
pahin,2,0,2
pahina,0,1,1
pahinga,2,3,5
pahingi,0,1,1
pahit,0,1,1
pahiyas,1,1,2
pahleaaaaaaaaase,1,0,1
pahlein,0,1,1
pahntastics,0,1,1
pahole,0,1,1
pahonorsocietyst,0,1,1
pahriah,1,0,1
pahs,1,0,1
pahties,1,0,1
pahty,1,1,2
pahud,1,0,1
pahumble,0,1,1
pahzaniot,0,1,1
pai,3,9,12
paia,0,1,1
paic,0,1,1
paid,788,633,1421
paidd,1,0,1
paiddddd,1,0,1
paidddddd,0,1,1
paided,1,0,1
paidi,1,0,1
paidvacation,0,1,1
paied,1,1,2
paige,67,71,138
paigee,1,1,2
paigeeey,0,1,1
paiges,10,4,14
paigey,1,2,3
paigeyy,0,1,1
paign,0,1,1
paihia,1,0,1
paiiige,0,1,1
paiiiiiiid,0,1,1
paiiiiiiiiiiiiiin,1,0,1
paiiiiiiiinful,1,0,1
paiiiiinnnn,1,0,1
paiiiinnnnnnn,1,0,1
paiiinnnful,1,0,1
paiins,1,0,1
pail,1,4,5
pailou,0,1,1
pain,3849,743,4592
painbuddies,1,0,1
paine,0,2,2
pained,5,2,7
painefull,1,0,1
painfree,1,2,3
painful,747,134,881
painfull,21,6,27
painfulll,3,0,3
painfulllest,1,0,1
painfulllll,2,0,2
painfulllllllll,1,0,1
painfully,63,14,77
painfulness,1,0,1
painfulto,2,0,2
painfuly,1,0,1
paing,1,2,3
painheimer,0,1,1
paini,1,0,1
painin,2,1,3
paining,17,0,17
painisheartache,0,1,1
painkilers,1,0,1
painkiller,13,5,18
painkillers,93,23,116
painkillrs,1,0,1
painless,8,13,21
painlessly,2,2,4
painmongers,1,0,1
painn,3,0,3
painnn,7,0,7
painnnn,2,0,2
painnnnn,3,0,3
painnnnnnn,3,0,3
painnnnnnnnn,1,0,1
painnnnnnnnnn,1,0,1
painnnnnnnnnnnnnn,1,0,1
painrelief,0,1,1
painreliever,0,1,1
pains,285,60,345
painstaking,2,0,2
painstakingly,1,1,2
painswick,1,0,1
paint,386,431,817
paintball,27,40,67
paintballin,2,2,4
paintballing,19,13,32
paintballs,0,2,2
paintboy,0,1,1
paintbrush,2,1,3
paintbrushes,0,1,1
paintchat,1,0,1
paintd,0,1,1
painted,98,187,285
paintedarabs,2,0,2
paintedd,0,1,1
painter,11,17,28
painterly,1,2,3
painters,9,8,17
paintful,1,0,1
paintfull,1,0,1
painthing,0,1,1
paintin,3,4,7
painting,320,547,867
paintingg,0,1,1
paintinggg,1,0,1
paintings,16,57,73
paintjobs,0,1,1
paintn,0,1,1
paints,13,22,35
paintshop,4,1,5
paintshoppro,1,0,1
paintstik,0,1,1
painttook,1,0,1
painttttttttttt,0,1,1
painwork,0,1,1
painy,1,0,1
painyboi,1,0,1
painz,1,0,1
paionks,0,1,1
pair,480,339,819
pairasailing,1,0,1
paired,7,12,19
pairing,13,13,26
pairings,2,1,3
pairo,1,0,1
pairr,0,1,1
pairs,94,101,195
pairung,0,1,1
pairway,0,1,1
pairwithus,0,1,1
pais,1,2,3
paisa,4,2,6
paisano,0,1,1
paise,0,1,1
paisean,0,1,1
paiseh,1,0,1
paisely,1,1,2
paisey,1,0,1
paislee,1,0,1
paisley,28,25,53
paisleys,0,1,1
paiten,0,1,1
paitent,2,0,2
paiting,1,1,2
paitnbrush,0,1,1
paivi,0,1,1
paixao,0,1,1
paizo,1,0,1
paj,1,0,1
paja,1,0,1
pajala,1,0,1
pajama,13,13,26
pajamaas,1,0,1
pajamas,62,46,108
pajamassss,0,1,1
pajamaz,0,1,1
pajammas,1,0,1
pajariir,1,0,1
pajarito,2,0,2
pajaritos,0,1,1
pajero,0,2,2
pajisia,0,1,1
pajitnov,0,1,1
pajjade,1,0,1
pajjeee,0,1,1
pajjus,1,0,1
pajok,0,1,1
pak,25,37,62
paka,1,1,2
pakaawk,1,0,1
pakai,2,0,2
pakarinen,1,0,1
pakbung,0,1,1
pakcing,1,1,2
pakcricket,82,0,82
pakd,1,0,1
pake,15,18,33
pakelah,0,1,1
pakenya,0,1,1
paket,3,1,4
paki,4,9,13
pakiboyzz,1,0,1
pakidownload,1,0,1
pakielaman,1,0,1
pakil,0,1,1
pakiland,1,0,1
pakiligin,1,0,1
pakilus,1,0,1
paking,5,2,7
pakinggan,0,1,1
pakings,1,0,1
pakipot,0,1,1
pakis,3,1,4
pakistaan,1,0,1
pakistan,54,34,88
pakistani,5,17,22
pakistanis,1,2,3
pakistans,1,0,1
pakistanwillwin,3,0,3
pakka,1,2,3
pakkalaye,1,0,1
pakkao,0,1,1
pakkie,0,1,1
pakko,0,1,1
paklenica,0,1,1
pakman,0,1,1
pakner,1,0,1
pako,2,0,2
pakodas,0,2,2
pakora,2,1,3
paks,1,0,1
pakshe,1,0,1
pakshet,0,1,1
paksiw,1,3,4
paksu,1,0,1
paksyet,2,0,2
paku,1,1,2
pakuan,0,1,1
pakuranga,0,1,1
pal,89,132,221
pala,25,64,89
palabasin,1,0,1
palabok,1,2,3
palabras,0,1,1
palace,35,60,95
palaceeeeeeee,0,1,1
palaces,0,3,3
palacio,1,1,2
palacios,0,1,1
palacious,1,0,1
paladin,4,8,12
paladino,1,1,2
paladins,1,0,1
palador,0,1,1
palaeogeek,1,0,1
palagi,1,2,3
palahniuk,3,7,10
palahnuik,0,2,2
palais,3,0,3
palak,1,3,4
palakahi,1,0,1
palakkad,1,0,1
palama,0,1,1
palan,1,0,1
palanca,1,0,1
palang,5,1,6
palanga,1,0,1
palanning,0,1,1
palapa,0,1,1
palarca,0,1,1
palarong,0,1,1
palarva,0,1,1
palatable,0,3,3
palate,4,9,13
palatin,1,0,1
palatine,4,0,4
palatino,0,1,1
palative,1,0,1
palatka,2,0,2
palatschinken,1,1,2
palatte,0,1,1
palau,0,1,1
palava,2,1,3
palaver,1,2,3
palavras,1,0,1
palawan,3,12,15
palay,0,1,1
palazzi,1,0,1
palazzio,0,1,1
palazzo,0,6,6
palce,1,2,3
palci,0,1,1
palda,1,0,1
pale,110,69,179
paled,0,1,1
paleeeeeeee,1,0,1
palembang,0,1,1
palencia,1,0,1
paleness,3,0,3
palenque,0,1,1
paleo,1,3,4
paleontological,1,0,1
paler,3,0,3
palermo,1,0,1
pales,6,3,9
palest,1,0,1
palestina,0,1,1
palestine,1,4,5
palestinian,1,1,2
palestinians,1,0,1
paleta,0,1,1
palets,0,1,1
palette,13,20,33
palettes,1,4,5
paley,3,0,3
paleyfest,0,1,1
palghat,2,0,2
palgrave,0,1,1
pali,1,0,1
palimpsests,1,0,1
palin,18,29,47
palina,0,1,1
palindrome,0,2,2
palindromes,2,2,4
paling,4,13,17
palio,1,0,1
palipas,0,1,1
palis,0,1,1
palisade,1,0,1
palisades,2,2,4
palitxa,0,1,1
paljon,0,1,1
palkhi,1,0,1
palki,1,0,1
pall,1,0,1
pallace,0,1,1
pallachinkin,1,0,1
pallades,1,0,1
palladia,0,2,2
palladium,2,5,7
palladiums,0,1,1
pallakad,0,1,1
pallarenda,1,0,1
pallas,0,1,1
pallavi,0,1,1
pallbearer,1,0,1
pallet,6,3,9
palletbox,0,1,1
palletize,1,0,1
pallets,4,2,6
pallettes,2,0,2
palliatives,2,0,2
pallidium,1,0,1
pallies,0,2,2
pallor,1,0,1
pallot,0,1,1
palls,0,1,1
pally,14,5,19
pallys,1,0,1
palm,348,275,623
palma,3,1,4
palmade,0,1,1
palmares,0,1,1
palmas,0,2,2
palmcards,1,0,1
palmdale,6,8,14
palme,1,0,1
palmed,0,1,1
palmela,1,0,1
palmer,20,29,49
palmera,1,0,1
palmeranium,1,0,1
palmercash,1,0,1
palmers,2,2,4
palmerston,0,2,2
palmerzan,0,1,1
palmetto,4,3,7
palmettoo,1,0,1
palmguard,0,1,1
palmira,0,1,1
palmirinha,0,1,1
palmolive,0,1,1
palmpre,18,13,31
palms,31,27,58
palmsprings,2,0,2
palmy,2,4,6
palmyra,0,1,1
palnet,0,1,1
palns,1,1,2
palo,10,12,22
paloian,0,1,1
paloma,4,3,7
palomar,3,1,4
palomera,0,1,1
palomino,3,0,3
palookaville,1,0,1
paloooos,0,1,1
palooza,2,7,9
palor,0,1,1
palov,0,1,1
palovic,1,0,1
palp,1,0,1
palpable,0,3,3
palpably,2,0,2
palpak,0,1,1
palpate,0,1,1
palpitating,0,1,1
palpitations,6,2,8
palringo,3,3,6
pals,51,82,133
palsnaija,0,1,1
palsss,1,0,1
palsy,7,1,8
paltalk,2,1,3
paltos,1,0,1
paltrow,0,5,5
paltry,2,1,3
paltz,0,2,2
palu,1,1,2
palumbo,0,2,2
paluuu,0,1,1
palve,1,0,1
paly,1,5,6
palyed,0,1,1
palying,1,2,3
palz,0,1,1
pam,44,85,129
pamala,0,1,1
pamangkin,0,2,2
pamangkins,1,0,1
pamatay,0,1,1
pamati,1,0,1
pambam,0,1,1
pambayad,0,1,1
pamber,0,1,1
pambili,0,1,1
pambuccian,0,1,1
pamela,15,13,28
pamelas,1,0,1
pamer,1,2,3
pameran,0,1,1
pamerannya,0,1,1
pamilya,2,1,3
pamit,1,0,1
pamma,1,1,2
pammie,3,3,6
pammmmmmm,1,0,1
pammukale,1,0,1
pammy,2,3,5
pammykins,0,1,1
pamncakes,0,1,1
pamona,1,2,3
pampa,2,1,3
pampam,0,1,1
pampanga,6,8,14
pampatanggal,0,1,1
pamper,15,24,39
pamperd,1,0,1
pampered,10,39,49
pamperin,0,2,2
pampering,14,38,52
pampers,3,5,8
pamphlet,1,2,3
pamphlets,1,2,3
pamplico,0,1,1
pamplona,1,1,2
pamposh,0,1,1
pamprin,1,0,1
pams,4,0,4
pamsterdam,1,0,1
pamukkale,0,1,1
pamungkas,0,1,1
pan,115,163,278
pana,5,4,9
panacake,0,1,1
panacakes,0,3,3
panacea,0,1,1
panaceas,0,1,1
panache,0,2,2
panadeine,0,1,1
panadiene,1,0,1
panadine,2,0,2
panadol,29,9,38
panadols,1,1,2
panaera,0,1,1
panag,0,1,1
panahon,0,1,1
panahra,1,0,1
panaitan,0,1,1
panaji,0,1,1
panalist,0,1,1
panalo,0,5,5
panama,25,29,54
panamaa,0,1,1
panamaaa,0,1,1
panaman,1,0,1
panamax,0,1,1
paname,1,0,1
panamera,1,0,1
panameraaaaaaaaaa,0,1,1
panang,2,2,4
panara,3,1,4
panaraaa,0,1,1
panaramic,1,1,2
panarchy,0,1,1
panarctic,1,0,1
panaroma,1,0,1
panas,5,4,9
panasnya,0,1,1
panasnye,1,0,1
panasonic,10,11,21
panassss,2,0,2
panasya,1,0,1
panat,0,1,1
panathinaikos,1,0,1
panay,0,1,1
pancaaaakes,0,1,1
pancaakkesss,1,0,1
pancake,60,84,144
pancaked,1,0,1
pancakees,0,1,1
pancakes,247,452,699
pancakess,0,1,1
pancakesss,1,0,1
pancakkeess,0,1,1
pancakkkes,1,0,1
pancakus,0,1,1
pancetta,0,6,6
pancha,1,0,1
panchasarp,1,0,1
pancheros,1,1,2
panchgani,1,0,1
panchi,1,0,1
panchie,0,1,1
panching,1,0,1
panchito,1,1,2
pancho,1,3,4
panchogrande,0,1,1
panchos,1,2,3
pancious,2,5,7
pancit,3,9,12
panckaes,0,1,1
panckes,1,0,1
pancras,6,4,10
pancrearitis,1,0,1
pancreas,12,1,13
pancreatic,6,1,7
pancreatitis,1,0,1
pancrieas,1,0,1
pand,1,1,2
panda,279,142,421
pandaaa,1,0,1
pandababy,1,0,1
pandabear,0,1,1
pandahead,1,0,1
pandahugs,1,2,3
pandai,1,1,2
pandaish,1,0,1
pandan,1,2,3
pandanda,2,2,4
pandang,0,1,1
pandanon,0,1,1
pandanus,1,0,1
pandar,0,1,1
pandara,0,1,1
pandas,14,11,25
pandasized,1,0,1
pandasqueak,0,1,1
pandastream,2,0,2
pandawa,0,1,1
pandee,0,1,1
pandemia,1,0,1
pandemic,11,10,21
pandemics,1,0,1
pandemonium,3,2,5
pander,0,1,1
pandered,0,1,1
pandesal,2,5,7
pandharpur,1,0,1
pandian,1,0,1
pandol,1,0,1
pandoloph,0,1,1
pandora,83,103,186
pandoraradio,0,1,1
pandoras,0,2,2
pandoraslocker,0,1,1
pandoring,1,0,1
pandq,1,0,1
panduan,0,2,2
pandy,4,3,7
pandyface,1,0,1
pane,5,3,8
paned,1,0,1
panedol,2,0,2
paneer,3,6,9
panel,82,74,156
panelbeater,1,0,1
panelbeaters,1,0,1
paneling,1,0,1
panelist,2,1,3
panelists,0,1,1
panels,22,21,43
panelty,1,0,1
panera,75,88,163
paneraaaa,1,0,1
panerai,0,1,1
paneramore,0,1,1
paneras,1,0,1
panes,5,0,5
panet,0,1,1
panettiere,1,0,1
pang,18,9,27
panga,0,1,1
pangaea,0,1,1
pangandaran,1,0,1
pangang,1,0,1
panganiban,1,0,1
pangarap,0,1,1
pangas,0,1,1
pangasinan,1,1,2
pangboys,0,1,1
pangbroken,1,0,1
pange,0,1,1
pangea,1,0,1
pangent,1,0,1
panget,2,3,5
pangga,1,0,1
panggang,0,1,1
panggung,0,1,1
panghapon,0,1,1
pangi,1,1,2
pangieee,1,0,1
pangkakor,1,0,1
pangkor,1,1,2
panglima,1,1,2
pangs,4,9,13
pangseh,2,0,2
pangya,0,1,1
pangyapangyapangya,0,1,1
panhandle,4,2,6
panhandlers,1,0,1
panhead,1,2,3
panhell,1,0,1
panhistoria,0,1,1
pani,3,3,6
panic,243,166,409
panicar,1,0,1
panicaway,1,1,2
paniccc,0,1,1
paniccccc,1,0,1
paniced,3,0,3
panicfan,0,4,4
panicin,1,0,1
panicing,11,1,12
panick,4,0,4
panicked,20,5,25
panickin,1,1,2
panicking,27,14,41
panicky,6,1,7
panicng,0,1,1
panico,1,4,5
panicobracademy,1,0,1
panicpanicpanic,2,0,2
panicroom,0,1,1
panics,4,6,10
panicy,4,0,4
paniiiiic,1,0,1
panik,3,4,7
panika,0,1,1
panike,0,1,1
paniked,1,0,1
paniku,1,0,1
panima,1,0,1
panin,1,0,1
paninc,0,1,1
panini,15,12,27
paniniii,0,1,1
paninis,0,3,3
paninni,1,0,1
panio,0,2,2
panipat,0,1,1
paniq,0,1,1
panira,1,0,1
panis,0,2,2
panish,0,1,1
panished,1,0,1
panitia,0,1,1
panitianya,0,1,1
panitierre,0,2,2
paniya,0,1,1
panizza,1,0,1
panjang,4,2,6
panjangggg,0,1,1
panji,0,1,1
panjim,1,0,1
panjjjj,1,0,1
panju,0,1,1
pank,1,1,2
pankaces,0,1,1
pankaj,0,1,1
pankakes,0,2,2
pankcakes,2,0,2
pankicy,1,0,1
panking,0,1,1
panko,0,1,1
pankr,1,0,1
pankraz,0,1,1
panky,1,3,4
panlibus,1,0,1
panna,1,2,3
pannacotta,1,1,2
pannama,0,1,1
panned,4,3,7
pannekoek,0,1,1
pannel,1,1,2
pannels,2,2,4
pannenkoekenboot,1,0,1
pannicake,1,0,1
pannicked,0,1,1
pannier,1,1,2
panniers,0,1,1
pannikin,0,1,1
panning,1,3,4
pannini,0,3,3
panninied,0,1,1
pannormous,0,1,1
pannuven,1,0,1
panny,0,2,2
pano,7,9,16
panonood,1,0,1
panood,0,1,1
panorama,3,2,5
panoramas,2,0,2
panoramashot,0,1,1
panoramashots,0,1,1
panoramic,4,7,11
panoramio,0,1,1
panormous,1,0,1
panornoua,1,0,1
panos,2,1,3
panraen,0,1,1
panranga,0,1,1
panrea,1,1,2
pans,15,19,34
pansa,1,0,1
panscrub,1,0,1
panset,0,1,1
pansexual,0,1,1
pansies,1,8,9
pansin,1,0,1
pansit,1,5,6
pansol,1,0,1
panst,0,1,1
pansy,8,13,21
pansys,2,0,2
pansyyyy,0,1,1
pant,12,12,24
pantages,1,1,2
pantagraph,1,0,1
pantalones,1,0,1
pantaloons,1,0,1
pantang,1,0,1
pantasya,0,1,1
pantech,1,2,3
panted,0,1,1
pantego,1,0,1
pantelessness,0,1,1
pantene,1,4,5
panter,0,1,1
pantera,6,4,10
pantes,0,1,1
pantesan,2,1,3
pantheacon,0,1,1
pantheon,0,2,2
panther,10,32,42
pantherettes,0,1,1
panthers,10,9,19
pantherspantherspanthers,0,1,1
panti,1,0,1
pantie,2,0,2
pantieee,0,1,1
pantieloons,1,0,1
pantien,0,1,1
panties,31,51,82
pantiessssss,0,1,1
pantiies,0,1,1
panting,8,3,11
pantless,0,1,1
panto,3,3,6
pantomime,1,1,2
pantomimes,1,0,1
panton,0,1,1
pantone,0,8,8
pantries,1,0,1
pantry,30,21,51
pants,596,510,1106
pantsless,3,0,3
pantslessness,1,0,1
pantsonheaad,0,1,1
pantsu,0,1,1
pantswhen,1,0,1
pantsy,1,0,1
pantulone,0,1,1
panty,7,14,21
pantyhose,3,2,5
pantyhouse,1,0,1
pantyliner,1,0,1
pantys,1,1,2
pantz,1,2,3
panu,2,1,3
panuorin,0,1,1
panvel,6,4,10
panwa,1,0,1
panya,0,1,1
panynj,0,1,1
panza,1,0,1
panzella,0,1,1
panzer,1,0,1
panzerfaust,1,0,1
panzy,1,2,3
pao,15,17,32
paoed,1,0,1
paola,18,4,22
paoli,1,0,1
paolina,0,1,1
paolo,33,53,86
paolonutini,2,1,3
pap,29,14,43
papa,220,180,400
papaaa,1,1,2
papabear,0,2,2
papacut,1,0,1
papad,0,1,1
papadams,1,0,1
papagaio,1,1,2
papah,0,1,1
papai,0,1,1
papajeff,0,1,1
papajohns,0,1,1
papakeechee,0,1,1
papakura,0,2,2
papal,0,2,2
papalini,0,1,1
papalit,1,2,3
papalla,1,0,1
papalote,0,1,1
papantay,0,1,1
papapapapapapoker,0,1,1
papapic,0,1,1
paparatzzi,3,2,5
paparazi,1,1,2
paparazzi,42,78,120
paparazzis,1,1,2
paparazzzzzzi,0,1,1
papardelle,1,0,1
paparrazi,0,1,1
paparrazzi,0,1,1
papas,13,2,15
papasan,2,1,3
papasito,1,1,2
papasote,0,1,1
papavers,1,0,1
papaw,8,6,14
papaya,10,21,31
papayagan,1,0,1
papayas,1,0,1
papayat,0,1,1
pape,3,4,7
papee,1,0,1
papelbon,0,3,3
paper,1357,972,2329
paperairplanes,0,1,1
paperback,9,9,18
paperbacks,4,0,4
paperbackswap,1,0,1
paperbag,1,2,3
paperballfight,0,1,1
paperbat,1,1,2
paperboy,2,2,4
papercakes,0,1,1
paperchase,1,1,2
paperclip,2,0,2
paperclips,1,2,3
papercut,20,6,26
papercuts,8,1,9
papercutting,0,1,1
paperday,1,0,1
paperdoll,0,1,1
paperdollboutique,0,1,1
papered,0,1,1
paperheroes,1,0,1
papering,5,0,5
paperless,6,5,11
papermache,0,1,1
papermail,1,0,1
papermate,1,0,1
papermoon,0,1,1
papernstitch,0,2,2
paperound,1,0,1
paperpeople,0,1,1
paperround,4,1,5
paperrounddddd,1,0,1
paperrr,3,1,4
paperrrr,1,0,1
paperrrrrrrrrr,0,1,1
paperrwork,1,0,1
papers,337,198,535
papershyit,1,0,1
papersource,1,0,1
papertoys,0,1,1
papertrash,0,1,1
papervision,2,1,3
paperweight,3,5,8
paperwok,3,0,3
paperwork,190,66,256
paperworks,3,2,5
paperworksssss,1,0,1
paphi,0,1,1
paphitis,0,1,1
paphos,1,0,1
papi,44,39,83
papia,0,1,1
papier,1,1,2
papii,3,1,4
papillion,2,1,3
papillomas,0,1,1
papillon,0,2,2
papio,1,0,1
papion,0,1,1
papiot,1,0,1
papis,0,2,2
papiseeto,1,0,1
papists,0,1,1
papitas,1,0,1
papito,0,1,1
papo,1,3,4
papoose,1,0,1
papotz,1,0,1
papou,1,3,4
papouli,1,0,1
pappa,4,2,6
pappacito,0,1,1
pappadeaux,1,2,3
pappadeauxs,1,0,1
pappadeux,0,2,2
pappado,1,0,1
pappalardo,0,1,1
pappar,0,1,1
papparatzi,1,0,1
papparazi,0,1,1
papparazzi,4,6,10
papparedelle,1,0,1
pappasitos,1,4,5
pappaw,1,0,1
pappe,0,1,1
papped,2,0,2
papper,2,0,2
papperazzi,1,0,1
papperrr,1,0,1
papperrrr,0,1,1
pappettan,0,1,1
pappi,1,1,2
pappied,1,0,1
pappin,0,1,1
pappper,1,0,1
pappppppaaaaaa,1,0,1
papps,0,3,3
pappy,15,9,24
pappyland,0,1,1
pappyy,1,0,1
paprazzi,1,1,2
papreciate,0,1,1
paprika,2,8,10
paprikash,1,0,1
paprint,1,0,1
paps,22,15,37
papski,1,0,1
papst,0,1,1
paptastic,0,1,1
papu,2,0,2
papua,2,0,2
papuan,0,1,1
papuli,1,0,1
papuntang,1,0,1
papusas,0,1,1
papworth,0,1,1
papya,1,0,1
papyrus,7,0,7
papz,4,3,7
paqe,0,1,1
paqera,0,1,1
paqess,0,1,1
paquiao,2,4,6
paquin,2,1,3
paquioa,0,1,1
par,74,63,137
para,50,83,133
paraaaade,0,1,1
parab,0,12,12
parabanks,1,0,1
parabel,0,1,1
parabens,1,1,2
parabensss,0,1,1
parable,0,1,1
parables,0,1,1
parabola,1,0,1
parabolas,1,0,1
parabolic,0,1,1
paracas,1,0,1
paracet,0,2,2
paracetamol,27,8,35
paracetamols,1,0,1
paracetemol,4,0,4
paracetimal,1,0,1
paracetmol,1,0,1
paracetomal,1,0,1
paracetomol,2,0,2
parachute,4,25,29
parachuted,0,1,1
parachutes,2,3,5
parachuting,0,2,2
paracon,0,1,1
paracox,0,1,1
paractice,1,0,1
parade,453,215,668
paraded,1,0,1
paradeeee,1,3,4
paradehosting,1,0,1
parades,10,7,17
paradice,2,0,2
paradigm,2,1,3
paradigms,0,1,1
paradiiigm,1,0,1
parading,3,3,6
paradinho,1,0,1
paradis,0,2,2
paradise,104,162,266
paradisee,0,3,3
paradisefly,0,1,1
paradisio,1,0,1
paradiso,6,13,19
paradiz,0,1,1
paradize,0,2,2
paradon,1,0,1
paradox,3,7,10
paradoxes,0,1,1
paradoxical,0,3,3
paradoxically,0,1,1
paradoy,0,1,1
parafamily,1,0,1
parafield,0,1,1
parafin,1,0,1
paragliding,1,1,2
paragon,8,10,18
paragould,1,0,1
paragraoh,1,0,1
paragraph,35,22,57
paragraphs,17,9,26
paragrpah,0,1,1
paraguay,6,4,10
parah,9,2,11
parahnya,1,0,1
paraid,1,0,1
paraiso,2,0,2
parakai,0,1,1
parakeet,6,5,11
parakeets,1,5,6
paralax,0,1,1
paralegal,1,3,4
paralegals,1,1,2
paralel,1,0,1
paralell,1,1,2
paralised,1,1,2
paralized,2,0,2
parallel,25,28,53
parallelism,0,1,1
parallelized,0,1,1
parallels,23,23,46
paralleluniverse,1,0,1
paraluman,0,3,3
paralympic,0,1,1
paralysed,6,0,6
paralysis,8,4,12
paralytic,1,0,1
paralyze,1,4,5
paralyzed,20,10,30
paralyzing,1,1,2
paralyzingarachnophobia,0,1,1
param,1,3,4
paramahansa,0,1,1
paramapurusha,0,1,1
paramedic,4,4,8
paramedics,6,2,8
parameter,4,1,5
parameterised,0,1,1
parameterizedtype,1,0,1
parameters,5,2,7
parametrem,1,0,1
parametric,0,1,1
paramm,2,0,2
paramore,157,249,406
paramoreee,1,1,2
paramoreeee,1,0,1
paramoreeeeee,1,0,1
paramoremusic,1,0,1
paramores,1,4,5
paramount,6,8,14
paramour,0,2,2
paramoure,1,0,1
params,1,0,1
paramuns,1,0,1
paramus,1,2,3
parana,1,2,3
paranaque,0,2,2
parang,18,18,36
paraniod,0,3,3
paranjpe,0,1,1
paranju,0,1,1
paranoia,22,8,30
paranoiac,0,1,1
paranoias,0,1,1
paranoid,157,304,461
paranoidd,0,1,1
paranoiddd,1,0,1
paranoiddddddddddddd,0,1,1
paranoide,1,0,1
paranoidz,0,1,1
paranoif,0,1,1
paranoiiiid,0,1,1
paranoooooiiiid,0,1,1
paranormal,16,23,39
paranormaltv,0,1,1
paranoyed,1,0,1
parantean,0,1,1
paranthas,1,3,4
parants,0,1,1
paraonid,0,1,1
parapanic,0,2,2
parapel,1,0,1
parapgraph,0,1,1
paraphernalia,0,3,3
paraphrase,3,3,6
paraphrased,0,1,1
paraphrasing,2,3,5
parappa,1,1,2
paraqraph,1,0,1
parar,0,2,2
paras,1,0,1
parasailing,6,6,12
parasite,3,3,6
parasites,5,3,8
parasitk,1,0,1
parasol,4,7,11
parasolgroup,1,0,1
parasta,0,1,1
parastoo,0,1,1
parasucos,1,0,1
parata,0,1,1
parateam,0,1,1
parates,0,1,1
paratha,0,2,2
parathas,0,3,3
parathiro,0,1,1
paratransit,1,0,1
paratrigeminal,0,1,1
paratrooper,1,0,1
paraty,1,0,1
parawhore,0,1,1
parc,4,6,10
parce,0,3,3
parceeiro,0,1,1
parcel,42,33,75
parcelfarce,1,0,1
parcels,10,13,23
parched,6,5,11
parchman,0,1,1
parchment,1,1,2
parciales,1,0,1
parcs,7,11,18
pard,0,2,2
parddiiieee,0,1,1
parde,0,1,1
pardee,0,6,6
pardesi,0,1,1
pardew,0,1,1
pardey,0,1,1
pardner,0,1,1
pardo,2,1,3
pardon,13,41,54
pardoned,0,1,1
pardonmyfrench,1,0,1
pardont,0,1,1
pardos,1,0,1
pardy,1,0,1
pare,7,9,16
parea,1,0,1
parece,6,3,9
pareci,0,1,1
parecia,0,1,1
pared,0,1,1
paredes,2,2,4
paree,1,1,2
pareho,1,0,1
parehong,0,1,1
pareidolia,0,1,1
pareil,0,2,2
pareira,1,0,1
pareis,0,1,1
parel,1,1,2
parell,1,0,1
parella,0,2,2
parellel,0,1,1
parelli,0,1,1
parem,1,0,1
paren,1,0,1
parenal,0,1,1
pareng,0,1,1
parent,146,107,253
parentage,0,1,1
parental,34,26,60
parentalrights,1,0,1
parentals,28,30,58
parentalsss,0,1,1
parentalz,1,0,1
parentd,1,0,1
parenthesis,0,2,2
parenthetical,0,1,1
parenthood,5,8,13
parenting,16,41,57
parentingfail,2,0,2
parentinghanda,1,0,1
parentless,4,0,4
parentng,0,1,1
parentpage,1,0,1
parents,1655,1042,2697
parentsare,1,0,1
parentss,3,2,5
parentsss,0,2,2
parentsthe,0,1,1
parentts,1,0,1
parentz,1,1,2
parenz,1,0,1
paretns,2,0,2
pareto,0,1,1
parets,0,1,1
parez,0,1,1
parfait,10,8,18
parfaits,0,1,1
parfays,0,1,1
parfitt,1,0,1
parfum,1,0,1
parfume,2,4,6
parfumes,0,1,1
parfums,0,1,1
parfy,0,1,1
parguera,0,1,1
pari,4,4,8
pariah,1,0,1
paribahan,1,0,1
parichay,1,0,1
paricia,1,0,1
pariiiiis,1,0,1
pariiiis,1,0,1
parikh,1,0,1
parin,5,4,9
parinese,0,1,1
paring,0,1,1
paringa,0,1,1
parinoid,0,1,1
paris,541,570,1111
parisa,1,0,1
parisairshow,1,1,2
parisbas,0,1,1
parise,1,0,1
parish,10,9,19
parishables,0,1,1
parished,1,1,2
parishes,0,1,1
parishioners,0,1,1
parisi,0,1,1
parisian,3,6,9
parisians,0,2,2
parisien,0,1,1
parisienne,1,0,1
parisindy,0,1,1
parisss,0,2,2
parissss,0,1,1
paristhevixen,2,1,3
parisukat,1,1,2
parisukefest,0,1,1
parit,0,2,2
paritions,0,1,1
parity,0,2,2
pariu,0,1,1
park,1203,1768,2971
parka,1,3,4
parkade,1,0,1
parkcentre,1,0,1
parkchester,1,0,1
parkcity,0,1,1
parkdale,1,0,1
parkebooth,1,0,1
parked,98,50,148
parken,2,1,3
parker,38,44,82
parkerblade,0,1,1
parkerbooth,1,0,1
parkers,3,2,5
parkersburg,2,0,2
parkes,3,1,4
parkesburg,1,0,1
parkesy,0,1,1
parkhall,1,0,1
parkhead,0,1,1
parkhurst,0,1,1
parki,1,0,1
parkie,0,1,1
parkin,8,4,12
parking,386,182,568
parkinglot,2,4,6
parkinglots,0,1,1
parkingstan,1,0,1
parkinsons,0,2,2
parkiong,1,0,1
parkk,0,3,3
parkkk,0,3,3
parkkkk,0,1,1
parkks,0,1,1
parkland,1,0,1
parklands,0,3,3
parklane,1,1,2
parklea,0,1,1
parklife,6,2,8
parkman,1,3,4
parkmann,1,0,1
parknic,1,0,1
parko,0,1,1
parkooo,0,1,1
parkoooo,0,1,1
parkour,0,8,8
parkpop,1,1,2
parkridge,1,0,1
parkrun,0,2,2
parks,65,44,109
parkside,3,1,4
parkson,1,0,1
parksville,0,1,1
parktowers,0,1,1
parkvey,0,1,1
parkview,1,0,1
parkway,22,15,37
parkwaydrive,0,1,1
parkwest,1,2,3
parkwood,2,0,2
parky,2,3,5
parkzicht,1,0,1
parl,0,1,1
parla,0,1,1
parlament,1,4,5
parlami,0,1,1
parlance,1,0,1
parlar,0,1,1
parlares,0,1,1
parlavour,1,0,1
parlay,1,4,5
parle,3,3,6
parler,2,0,2
parlez,0,3,3
parli,0,1,1
parliament,39,44,83
parliamentary,1,1,2
parliaments,1,0,1
parlier,1,0,1
parlimant,0,1,1
parliment,1,3,4
parline,1,0,1
parlingo,1,0,1
parlo,1,0,1
parlor,7,12,19
parlot,0,1,1
parlotones,0,2,2
parlour,4,10,14
parlouron,0,1,1
parlours,0,1,1
parltrow,0,1,1
parm,4,5,9
parma,8,4,12
parmageddon,0,1,1
parmagian,0,1,1
parmas,1,0,1
parmasan,1,0,1
parmesan,6,22,28
parmesean,1,3,4
parmi,0,2,2
parmigian,1,0,1
parmigiana,0,4,4
parmijama,0,1,1
parmore,1,0,1
parmud,0,1,1
parnassus,1,0,1
parnell,1,2,3
parnets,2,0,2
parno,2,0,2
parnoid,2,2,4
parnoooo,1,0,1
parnta,1,0,1
parnts,1,0,1
parochial,1,0,1
parod,0,1,1
parodie,0,1,1
parodied,1,0,1
parodies,1,4,5
parodius,0,1,1
parody,11,49,60
parodying,1,1,2
parodyshow,0,1,1
parokya,0,1,1
parol,0,3,3
parole,3,4,7
paroled,1,0,1
parolee,0,1,1
paroles,2,0,2
paromita,1,0,1
paronychia,1,0,1
paros,1,0,1
parot,1,1,2
parou,0,1,1
parov,0,3,3
paroxysm,0,1,1
parp,1,1,2
parport,1,0,1
parque,1,0,1
parr,2,3,5
parra,12,5,17
parrafin,1,1,2
parral,0,1,1
parramatta,3,3,6
parred,1,1,2
parrents,1,1,2
parrets,0,1,1
parrick,1,0,1
parrie,1,0,1
parrilli,1,0,1
parrings,0,1,1
parris,0,2,2
parrish,2,3,5
parrk,1,0,1
parrot,26,17,43
parrothead,1,0,1
parrotlet,0,1,1
parrots,3,11,14
parrrr,1,0,1
parrrramoaarr,1,0,1
parrrrrr,1,0,1
parrrrtttyyyy,0,1,1
parrrtayy,0,1,1
parrrtty,0,1,1
parrrttyyy,1,1,2
parrrty,1,3,4
parrtaay,0,1,1
parrtayyy,0,1,1
parrty,1,3,4
parrtyy,0,2,2
parry,2,4,6
pars,2,3,5
parse,3,5,8
parsec,1,0,1
parselmouth,1,0,1
parselmouths,1,1,2
parseltongue,2,0,2
parser,6,5,11
parses,1,0,1
parsha,1,0,1
parsi,1,0,1
parsing,5,7,12
parsippany,0,2,2
parsley,13,8,21
parsloes,0,1,1
parsnip,0,5,5
parsnips,0,2,2
parso,1,0,1
parsol,1,0,1
parson,2,0,2
parsons,3,2,5
parsu,1,0,1
part,2322,2494,4816
parta,0,1,1
partaaaaaaaaaaaay,0,1,1
partaaaaaaaay,0,1,1
partaaaaaaay,1,0,1
partaaaaay,0,1,1
partaaaaayyy,1,0,1
partaaaay,2,1,3
partaaaayat,1,0,1
partaaai,0,1,1
partaaay,2,7,9
partaaaying,1,0,1
partaaays,1,0,1
partaaayy,0,1,1
partaaayyyyy,0,1,1
partaay,1,0,1
partaaying,0,1,1
partaayy,0,1,1
partaayyy,0,1,1
partake,15,18,33
partaken,1,1,2
partakers,1,0,1
partakes,0,1,1
partakin,0,1,1
partaking,3,4,7
partay,42,65,107
partayboy,1,0,1
partaying,3,2,5
partaysss,0,1,1
partayy,2,17,19
partayying,0,1,1
partayyy,5,10,15
partayyyy,3,7,10
partayyyyy,0,2,2
partayyyyyy,0,1,1
partayyyyyyy,0,1,1
partayyyyyyyyyy,1,0,1
parte,1,4,5
partea,0,3,3
parted,11,4,15
partee,2,3,5
parteee,0,1,1
parteeeeeeey,0,1,1
parteeeeey,0,1,1
parteeey,1,3,4
parteey,0,2,2
parteh,3,1,4
partehh,1,1,2
partein,1,0,1
partener,1,1,2
parteneriat,0,1,1
parteners,0,1,1
partents,3,1,4
parter,1,1,2
parters,0,1,1
partey,2,0,2
parteyy,0,2,2
parteyyy,1,1,2
parteyyyy,0,1,1
parth,0,3,3
partha,0,1,1
parthenon,0,1,1
parthiv,0,2,2
parthswedding,1,0,1
partht,1,0,1
parti,1,2,3
partial,36,40,76
partially,37,23,60
partialy,1,0,1
partically,0,1,1
particip,0,3,3
participacion,0,1,1
participant,7,10,17
participants,14,16,30
participar,0,1,1
participate,60,61,121
participated,10,21,31
participating,22,37,59
participatinqq,1,0,1
participation,17,12,29
participatory,0,1,1
participau,0,1,1
participtory,0,1,1
particle,5,6,11
particles,1,2,3
particpate,1,0,1
particually,1,0,1
particuarly,2,0,2
particular,99,150,249
particularily,0,2,2
particularly,102,133,235
particulars,0,1,1
particulary,1,4,5
particulate,1,0,1
partidul,0,1,1
partie,0,1,1
partied,30,38,68
partieddd,0,2,2
partieees,1,0,1
partier,0,3,3
partiers,1,2,3
parties,294,367,661
partiess,2,2,4
partii,2,3,5
partiii,0,1,1
partime,1,1,2
partin,0,1,1
parting,29,16,45
partings,1,0,1
partion,2,0,2
partipate,1,0,1
partipating,1,0,1
partiro,1,0,1
partisan,1,3,4
partit,0,1,1
partitin,1,0,1
partition,20,15,35
partitioned,2,0,2
partitioning,2,4,6
partitionmagic,0,1,1
partitions,4,2,6
partiu,1,1,2
partly,41,33,74
partlycloudy,0,1,1
partna,2,4,6
partnas,0,1,1
partner,216,201,417
partnered,3,2,5
partnerincrime,1,0,1
partnering,0,3,3
partnerpoint,1,0,1
partnerrr,0,1,1
partners,35,47,82
partnership,5,21,26
partnerships,1,6,7
partnert,1,0,1
partnerup,1,0,1
partnerz,1,0,1
partnmer,0,1,1
parton,5,12,17
partook,1,2,3
partout,1,1,2
partr,0,1,1
partridge,1,11,12
partridges,1,0,1
partrige,0,1,1
parts,317,276,593
partsami,0,1,1
partt,1,3,4
parttaaay,1,0,1
parttime,0,2,2
parttt,1,0,1
partttt,1,0,1
parttttt,1,0,1
partttttay,0,1,1
parttttttttyyyyyyyyyyyy,0,1,1
parttty,2,0,2
partttyyy,0,2,2
partty,1,0,1
parttyy,0,1,1
parttyyy,0,1,1
parttyyyy,1,0,1
partum,2,1,3
party,4216,5695,9911
partyboat,0,2,2
partybot,1,0,1
partyboy,0,2,2
partyboys,0,1,1
partycake,1,0,1
partyday,0,1,1
partyed,1,0,1
partyfoul,1,0,1
partygirls,0,1,1
partygoer,0,1,1
partyier,1,0,1
partyin,29,29,58
partying,220,250,470
partyinggg,0,1,1
partykillers,0,1,1
partyland,1,0,1
partyless,1,0,1
partylife,1,0,1
partylite,1,0,1
partymania,0,1,1
partymansuperstore,0,1,1
partymart,1,0,1
partymartytime,0,1,1
partymonster,0,1,1
partymouseis,0,1,1
partyn,2,2,4
partynight,1,1,2
partyontheinternet,2,0,2
partyparty,0,1,1
partypartyparty,0,4,4
partypeople,0,2,2
partypooper,1,0,1
partypoopers,1,0,1
partyrings,1,0,1
partys,23,16,39
partytiiime,0,1,1
partytime,2,8,10
partytimee,0,1,1
partywas,1,0,1
partywithneha,1,0,1
partyy,16,28,44
partyyy,9,23,32
partyyyiing,0,1,1
partyyyy,4,23,27
partyyyyy,4,8,12
partyyyyyy,1,2,3
partyyyyyyy,0,1,1
partyyyyyyyyy,0,1,1
partyyyyyyyyyyyyy,0,1,1
partyyyyyyyyyyyyyyyy,0,1,1
partyyyyyyyyyyyyyyyyyyyyyyy,1,0,1
partz,2,0,2
parul,0,2,2
parunaja,0,1,1
parusa,0,1,1
parusing,0,1,1
parut,1,0,1
parvati,0,2,2
parveenst,0,1,1
parvioula,1,0,1
parvo,14,0,14
parvovirus,1,0,1
pary,5,6,11
paryers,2,0,2
parys,1,0,1
paryt,1,1,2
pas,62,57,119
pasa,6,2,8
pasadena,15,25,40
pasadenas,0,1,1
pasado,1,1,2
pasal,9,1,10
pasali,0,1,1
pasalubong,7,8,15
pasalubongs,0,2,2
pasalubongssssss,0,1,1
pasan,1,0,1
pasando,1,0,1
pasandole,0,1,1
pasanga,0,2,2
pasanin,1,0,1
pasar,4,4,8
pasaraya,1,0,1
pasarela,0,1,1
pasas,0,1,1
pasaswords,1,0,1
pasaway,2,3,5
pasayahan,0,1,1
pasbeard,1,0,1
pascal,14,11,25
pascale,1,0,1
pascalene,1,0,1
pascha,0,4,4
pasco,0,1,1
pascoe,0,1,1
pascousergroup,1,0,1
pascual,0,2,2
pascy,1,0,1
pasdar,1,0,1
pase,0,2,2
pased,1,0,1
pasedena,1,2,3
paseee,1,0,1
pasend,0,1,1
pasensya,1,0,1
paseo,1,5,6
pases,0,2,2
pash,0,1,1
pasha,1,2,3
pashaaaa,1,0,1
pasher,0,1,1
pashes,1,0,1
pashimun,1,0,1
pashing,1,0,1
pashmena,0,1,1
pashmina,2,3,5
pasho,1,0,1
pasian,0,1,1
pasid,0,1,1
pasific,0,2,2
pasig,5,1,6
pasign,0,1,1
pasilaiciai,1,0,1
pasing,1,0,1
pasingot,0,1,1
pasini,0,2,2
pasionat,1,0,1
pasir,1,4,5
pasito,0,1,1
pasko,0,1,1
paskvil,0,1,1
paso,37,18,55
pasoan,1,0,1
pasodoble,0,1,1
pasok,5,10,15
pasor,1,0,1
pasos,0,1,1
paspad,1,0,1
pass,1024,1006,2030
passa,2,0,2
passable,2,2,4
passage,14,7,21
passagers,2,0,2
passages,3,5,8
passando,1,0,1
passanger,3,1,4
passangers,5,1,6
passat,3,1,4
passau,1,0,1
passayunk,1,0,1
passby,0,2,2
passcode,3,4,7
passd,2,0,2
passe,3,6,9
passed,1255,628,1883
passeed,0,1,1
passei,0,1,1
passel,0,1,1
passem,1,0,1
passenger,43,22,65
passengers,145,19,164
passengerside,1,0,1
passer,1,1,2
passers,2,2,4
passersby,0,1,1
passes,189,116,305
passholder,1,2,3
passi,1,1,2
passim,0,1,1
passin,11,9,20
passing,303,240,543
passion,130,185,315
passionate,23,71,94
passionately,6,4,10
passionatley,0,1,1
passione,0,1,1
passioned,0,1,1
passionfish,1,0,1
passionflower,0,1,1
passionfruit,4,10,14
passionfruiticy,0,1,1
passionista,0,1,1
passionmetrics,0,1,1
passionnant,0,1,1
passionnate,0,1,1
passionpit,0,2,2
passions,7,8,15
passive,16,18,34
passives,0,3,3
passivity,1,0,1
passo,0,2,2
passons,0,1,1
passou,1,1,2
passout,6,1,7
passover,2,9,11
passowrd,0,1,1
passpack,0,1,1
passport,175,93,268
passportfail,0,1,1
passports,10,8,18
passs,3,1,4
passseddd,1,0,1
passsing,0,1,1
passssed,0,1,1
passssin,1,0,1
passssssed,0,1,1
passsssssword,1,0,1
passsword,1,0,1
passt,0,2,2
passthedreamact,0,1,1
passtime,2,1,3
passwd,2,0,2
passwod,1,0,1
passwold,2,0,2
password,303,152,455
passworde,0,1,1
passwordmanager,0,1,1
passwords,37,25,62
passwordstyle,1,0,1
passwordz,0,2,2
passwork,1,0,1
passwort,2,0,2
passwrds,1,0,1
passyunk,0,1,1
past,1858,1161,3019
pasta,206,302,508
pastaaaa,2,0,2
pastaaaaaaaa,0,1,1
pastafarian,0,1,1
pastage,0,1,1
pastamania,2,1,3
pastas,4,5,9
pastasalad,0,1,1
pastazio,1,0,1
paste,134,95,229
pasteal,0,1,1
pasted,16,8,24
pastee,2,0,2
pasteeee,0,1,1
pasteing,1,0,1
pasteis,1,3,4
pastel,7,5,12
pastelcolor,0,1,1
pastele,0,2,2
pastelillos,0,1,1
pastelitos,1,0,1
pastels,5,4,9
paster,1,1,2
pasteries,1,0,1
pasters,1,1,2
pastery,1,0,1
pastes,3,3,6
pastetli,1,0,1
pasteur,0,2,2
pasteurised,1,0,1
pastewrong,1,0,1
pastey,0,2,2
pasti,3,6,9
pasticcera,0,1,1
pastiche,0,1,1
pastie,0,1,1
pasties,5,7,12
pastille,1,1,2
pastilles,4,3,7
pastime,3,4,7
pastimes,1,2,3
pastina,1,2,3
pasting,10,8,18
pastires,1,0,1
pastis,3,2,5
pastitsio,0,1,1
pastizzis,0,1,1
pastle,1,0,1
pasto,0,1,1
paston,0,1,1
pastor,51,139,190
pastoral,2,7,9
pastore,1,0,1
pastoria,0,1,1
pastors,9,20,29
pastpaper,1,0,1
pastrami,6,3,9
pastrana,0,1,1
pastrez,0,1,1
pastries,15,11,26
pastry,21,28,49
pastrys,0,2,2
pasts,1,3,4
pastsaaaaaa,0,1,1
pastthepointofnoreturn,1,0,1
pasttime,0,1,1
pasttimes,0,2,2
pastu,1,0,1
pasture,7,4,11
pastures,4,11,15
pasty,24,21,45
pasukan,2,6,8
paswanji,0,1,1
paswords,1,0,1
pasy,1,0,1
pat,114,170,284
pata,3,9,12
patachou,0,2,2
patade,1,0,1
patagonia,1,2,3
patah,3,0,3
pataks,0,1,1
patala,1,0,1
patan,0,1,1
patapon,4,2,6
patar,0,1,1
patas,0,2,2
pataskala,1,0,1
patat,0,1,1
patata,2,1,3
patate,0,1,1
patato,1,2,3
patatoe,1,0,1
patay,4,1,5
patbingsu,0,1,1
patch,158,110,268
patched,4,4,8
patcher,1,0,1
patches,47,23,70
patchhh,1,0,1
patchi,2,1,3
patching,12,7,19
patchouli,2,2,4
patchwork,1,3,4
patchy,7,4,11
patd,6,19,25
pate,6,7,13
pateh,0,1,1
patehtic,0,1,1
patel,5,6,11
patella,2,0,2
patellar,1,0,1
patellas,3,0,3
patellitos,0,1,1
patello,1,0,1
patels,0,1,1
patent,9,8,17
patentear,0,1,1
patented,0,2,2
patenting,1,0,1
patently,0,1,1
patents,2,1,3
pateo,0,1,1
patep,1,0,1
paternal,3,3,6
paternally,1,0,1
paternity,8,0,8
paterno,1,0,1
paterns,0,1,1
patersion,0,1,1
paterson,5,1,6
pates,0,1,1
patetic,1,0,1
path,77,103,180
patha,1,0,1
pathan,2,1,3
pathatic,1,1,2
pathbreaking,0,1,1
pathedic,0,1,1
pathertic,1,0,1
pathethic,1,0,1
pathetic,298,95,393
pathetical,0,1,1
pathetically,9,1,10
patheticcc,1,0,1
patheticically,1,0,1
patheticly,1,0,1
pathetico,1,0,1
pathetique,0,1,1
pathfinder,5,1,6
pathfinders,1,0,1
pathfinding,1,0,1
pathlocks,0,1,1
pathmark,1,0,1
patho,2,1,3
pathogens,1,0,1
pathologist,1,0,1
pathology,6,3,9
pathophysiology,1,0,1
pathos,1,1,2
paths,19,38,57
paththe,1,0,1
pathway,3,2,5
pathways,3,2,5
pati,4,5,9
patiag,0,1,1
patiala,0,1,1
patice,0,1,1
paticipate,0,1,1
paticullar,1,0,1
patience,118,168,286
patienly,0,1,1
patient,137,161,298
patientlly,0,1,1
patiently,53,97,150
patients,67,34,101
patiio,1,0,1
patilya,0,1,1
patince,1,0,1
patinkin,0,3,3
patinson,2,1,3
patintero,1,1,2
patio,78,133,211
patiofriday,1,0,1
pation,2,1,3
patis,0,1,1
patisserie,0,4,4
patissier,1,0,1
patit,0,1,1
patito,0,2,2
patkstereos,0,1,1
patli,1,0,1
patman,0,1,1
patmig,0,1,1
patn,0,1,1
patna,2,5,7
patneaude,0,1,1
pato,3,6,9
patois,0,3,3
patoot,0,1,1
patootie,1,7,8
patooties,0,1,1
patoowee,1,0,1
patowami,0,1,1
patpat,7,2,9
patpong,0,1,1
patr,1,0,1
patrami,0,1,1
patras,1,0,1
patraxaaa,0,1,1
patrents,0,1,1
patri,1,0,1
patria,1,0,1
patriarch,1,0,1
patriarchal,0,1,1
patriarchy,1,1,2
patriate,0,1,1
patric,2,1,3
patrice,3,8,11
patricia,13,20,33
patriciaa,1,0,1
patricio,0,1,1
patrick,129,210,339
patrickk,0,1,1
patrickphoenix,0,1,1
patricks,5,1,6
patricky,0,1,1
patridge,0,1,1
patrik,1,0,1
patrikyle,0,1,1
patrina,0,1,1
patriot,6,8,14
patriothit,0,1,1
patriotic,4,13,17
patriotics,1,0,1
patriotism,3,1,4
patriots,11,5,16
patrol,38,61,99
patrolling,4,1,5
patrols,1,0,1
patron,56,85,141
patronage,0,1,1
patronato,0,1,1
patroncr,0,1,1
patronisation,1,0,1
patronise,0,1,1
patronising,2,3,5
patronized,1,1,2
patronizing,3,2,5
patrons,5,8,13
patronum,1,1,2
patronus,0,2,2
patrycja,0,1,1
patryy,0,1,1
pats,21,25,46
patsee,0,2,2
patso,1,0,1
patssyy,0,1,1
patsy,6,4,10
patsys,1,0,1
patsyyyyyyyyyyyyyyyyyyyyyyyyyyyyyyyyyyyyyyyy,0,1,1
patt,1,5,6
pattabhi,1,0,1
pattarsion,0,1,1
pattaya,5,9,14
patted,4,1,5
pattelar,1,0,1
patten,1,1,2
pattens,1,0,1
pattenson,2,0,2
patter,5,8,13
patteren,1,0,1
patterened,1,0,1
pattering,0,3,3
patterison,0,2,2
pattern,100,98,198
patterned,1,2,3
patterns,53,49,102
patterntransform,1,0,1
patternwriting,0,1,1
patterson,7,14,21
pattes,0,1,1
patthi,0,1,1
patti,18,28,46
pattidon,1,0,1
pattie,2,4,6
patties,11,10,21
pattin,0,1,1
patting,2,7,9
pattinosn,1,0,1
pattinsom,0,1,1
pattinson,142,177,319
pattinsonn,1,0,1
pattinsonnn,1,1,2
pattinsons,2,1,3
pattiserie,0,1,1
pattison,6,9,15
pattle,0,1,1
patto,1,0,1
patton,6,8,14
pattrick,0,1,1
pattrison,0,1,1
patts,1,0,1
patty,44,51,95
pattycakes,2,2,4
pattypan,1,0,1
pattys,0,1,1
pattz,11,8,19
patulan,0,1,1
patung,1,0,1
patunia,1,0,1
paturo,0,1,1
paturoooo,0,1,1
patut,2,0,2
patutie,0,1,1
patv,0,1,1
patwa,1,0,1
paty,3,3,6
patyka,0,1,1
patz,5,5,10
patzz,2,0,2
pau,19,35,54
paual,0,1,1
paucity,1,0,1
pauken,0,1,1
paul,293,427,720
paula,88,139,227
paulaa,0,1,1
paulaabdul,0,1,1
paulaner,0,1,1
paulant,1,0,1
paulas,2,3,5
paulavga,0,1,1
paulbeatle,0,1,1
pauldaniel,0,1,1
paule,2,0,2
paulene,0,2,2
paulette,1,2,3
pauley,1,2,3
paulfeig,0,1,1
paulharriott,0,1,1
pauli,2,5,7
paulie,6,5,11
pauliee,0,1,1
paulien,1,1,2
paulies,1,0,1
pauliina,0,1,1
paulina,5,6,11
paulinaa,0,1,1
paulinaohhh,0,1,1
paulinasokoloski,0,1,1
pauline,2,8,10
paulineeeee,0,1,1
pauling,1,0,1
paulinians,0,1,1
paulino,0,1,1
paulis,0,1,1
paulista,0,1,1
paulit,1,0,1
paull,0,2,2
paullie,1,0,1
paulllllllllllllllllllllll,0,1,1
paulmac,0,1,1
pauln,2,0,2
paulo,59,91,150
pauloo,0,1,1
paulooo,1,0,1
pauloooooooo,0,1,1
paulpot,1,0,1
pauls,13,12,25
paulson,0,2,2
paulsrudd,0,1,1
paulton,0,1,1
paultons,1,0,1
pauluhhh,0,1,1
paulus,1,1,2
paulvandyk,1,0,1
pauly,5,4,9
paumaga,0,1,1
paunch,2,1,3
paupack,0,1,1
pauper,2,3,5
pausa,0,2,2
pausch,0,2,2
pause,83,72,155
paused,10,7,17
pausee,0,1,1
pauses,2,7,9
paush,0,1,1
pausing,13,4,17
pausini,0,2,2
pautiem,1,0,1
pauuu,0,1,1
pauv,1,0,1
pauves,0,1,1
pauvre,3,0,3
pauwi,1,3,4
pav,8,8,16
pavad,0,1,1
pavano,1,2,3
pavarotti,0,1,1
pave,1,2,3
paved,8,3,11
pavel,5,3,8
pavelk,0,1,1
pavelnedved,0,2,2
pavement,26,23,49
pavements,5,7,12
pavers,1,1,2
paves,1,1,2
pavi,1,3,4
pavie,1,0,1
pavilion,13,7,20
pavilions,0,1,1
pavillion,6,11,17
pavillions,1,0,1
pavilluin,0,1,1
paving,9,4,13
pavlidis,0,1,1
pavlina,0,1,1
pavlos,0,2,2
pavlov,1,2,3
pavlova,3,3,6
pavlovian,0,1,1
pavlovic,1,0,1
pavlow,0,1,1
pavo,3,0,3
pavorotti,1,0,1
pavwoahva,0,1,1
paw,69,32,101
pawan,0,1,1
pawb,0,1,1
pawcatuck,0,1,1
paweasee,0,1,1
pawed,1,0,1
pawel,0,1,1
pawents,0,1,1
pawful,0,1,1
pawhell,0,1,1
pawhuska,0,1,1
pawing,2,4,6
pawl,0,1,1
pawlas,1,0,1
pawlenty,0,1,1
pawley,1,1,2
pawleys,1,1,2
pawlitical,0,1,1
pawlitics,1,0,1
pawluczuk,0,1,1
pawn,11,10,21
pawnee,1,0,1
pawngame,1,0,1
pawning,1,0,1
pawns,2,1,3
pawnshop,1,3,4
pawparty,1,0,1
pawpaw,4,2,6
pawpawty,16,10,26
pawpet,0,1,1
pawpinnn,0,1,1
pawprints,1,0,1
paws,41,47,88
pawsitive,0,1,1
pawsome,0,3,3
pawsox,3,0,3
pawtaaaaaaa,0,1,1
pawtry,0,2,2
pawtucket,0,1,1
pawty,1,3,4
pawtying,1,0,1
pawww,0,1,1
pawxy,0,1,1
pawz,0,2,2
pax,18,12,30
paxil,3,0,3
paxman,0,3,3
paxok,1,0,1
paxton,7,2,9
pay,1636,2584,4220
paya,0,1,1
payaaahhh,1,0,1
payable,1,0,1
payables,2,0,2
payagan,1,0,1
payah,6,2,8
payahhhh,1,0,1
payal,0,1,1
payant,0,1,1
payaso,0,1,1
payat,0,2,2
payback,10,19,29
paybacks,1,2,3
paybox,0,1,1
paych,1,0,1
paycheck,91,58,149
paychecks,10,7,17
paycheque,1,3,4
paycut,2,0,2
paycuts,1,0,1
payday,85,75,160
paydays,1,2,3
paydayyy,0,2,2
paye,0,1,1
payed,40,34,74
payee,2,0,2
payees,1,1,2
payer,6,1,7
payers,4,1,5
payet,0,1,1
payg,16,4,20
paygeee,0,1,1
payin,19,13,32
paying,482,283,765
payingg,0,1,1
payingitforward,0,1,1
payings,1,0,1
payitforward,0,1,1
payla,0,1,1
payless,4,4,8
paylife,1,0,1
payload,1,0,1
paymasters,0,1,1
payme,0,1,1
payment,86,62,148
payments,42,16,58
paymymortgage,0,1,1
payn,3,1,4
payne,15,10,25
paynoattentionthen,1,0,1
paynthe,1,0,1
payoff,1,6,7
payoh,2,3,5
payola,1,0,1
payoneer,1,0,1
payong,1,0,1
payoo,1,0,1
payout,1,5,6
payouts,1,0,1
paypal,106,66,172
paypall,1,0,1
paypass,0,1,1
paypay,2,1,3
payphone,1,2,3
payphones,1,0,1
payroll,18,18,36
pays,76,100,176
paysite,0,1,1
payslip,3,1,4
payslips,1,0,1
payso,1,0,1
payson,1,0,1
paystub,0,1,1
payton,4,9,13
paytons,1,0,1
paytv,0,1,1
payu,1,1,2
payung,2,0,2
payy,3,2,5
payyce,1,0,1
payynneee,0,1,1
payyy,0,1,1
payyyyydayyyyyy,0,1,1
paz,7,5,12
pazarvalti,0,1,1
pazazz,1,0,1
pazes,0,1,1
pazik,1,0,1
pazone,0,1,1
pazooki,1,1,2
pazookie,2,1,3
pazookies,0,1,1
pazooookie,0,1,1
pazt,1,0,1
pazuvaut,1,0,1
pazzaz,0,1,1
pazzone,1,0,1
pazzukies,1,0,1
pb,91,102,193
pba,5,4,9
pbair,0,1,1
pball,1,0,1
pbamanda,0,1,1
pbarone,0,1,1
pbb,1,0,1
pbbft,1,0,1
pbbht,1,0,1
pbc,2,0,2
pbe,1,0,1
pbem,1,0,1
pbi,1,0,1
pbj,3,9,12
pbjs,0,1,1
pbl,4,3,7
pbly,1,0,1
pbm,0,1,1
pbmall,0,1,1
pbn,1,0,1
pbnj,0,1,1
pbnjen,0,1,1
pboh,1,0,1
pbomb,0,1,1
pbook,2,0,2
pbp,14,1,15
pbping,0,1,1
pbps,1,0,1
pbr,12,12,24
pbread,1,0,1
pbrs,0,1,1
pbs,24,23,47
pbsfail,1,0,1
pbsparents,1,0,1
pbt,0,2,2
pbth,0,1,1
pburg,0,1,1
pbwiki,0,1,1
pbx,3,1,4
pbz,1,0,1
pc,1110,620,1730
pca,0,2,2
pcaga,0,1,1
pcalc,0,1,1
pcampatl,1,2,3
pcaran,0,1,1
pcard,0,1,1
pcasaries,0,1,1
pcatl,1,0,1
pcb,6,7,13
pcba,0,1,1
pcbc,1,1,2
pcc,3,5,8
pcca,1,0,1
pccasegear,0,1,1
pccchhhh,0,1,1
pcd,72,91,163
pcdfan,1,0,1
pcdmelodyt,0,1,1
pcdroutines,1,0,1
pcdworld,1,0,1
pce,4,6,10
pceters,1,0,1
pcfopc,0,1,1
pcg,1,0,1
pcgaming,1,0,1
pcguy,1,0,1
pch,4,6,10
pchat,2,0,2
pche,1,0,1
pchen,0,1,1
pchhhh,0,2,2
pchow,0,1,1
pchse,0,1,1
pci,18,8,26
pcie,2,1,3
pcik,1,0,1
pciked,1,0,1
pcis,0,1,1
pcj,1,0,1
pck,3,1,4
pckd,1,0,1
pcker,1,0,1
pcket,0,1,1
pckg,3,0,3
pcl,4,1,5
pclub,0,1,1
pcm,3,3,6
pcmag,0,3,3
pcmikeafcpc,1,0,1
pcn,2,3,5
pco,6,1,7
pcola,2,2,4
pcolaaaa,0,1,1
pcon,2,0,2
pcos,1,2,3
pcp,3,5,8
pcpc,1,0,1
pcpo,1,0,1
pcquest,0,1,1
pcquiao,0,1,1
pcran,1,0,1
pcrd,0,1,1
pcre,1,0,1
pcrichards,1,0,1
pcs,50,34,84
pcsians,0,1,1
pcso,0,3,3
pcst,1,0,1
pct,2,0,2
pctk,0,1,1
pcture,0,1,1
pctv,1,0,1
pcu,2,0,2
pcvs,1,0,1
pcw,2,1,3
pcweenies,0,1,1
pcworld,2,2,4
pcx,1,0,1
pd,39,27,66
pda,14,11,25
pdaa,1,0,1
pdanet,4,1,5
pdas,0,1,1
pdates,1,0,1
pdb,1,1,2
pdc,2,4,6
pde,3,1,4
pdeng,1,0,1
pdf,43,39,82
pdfaccess,1,0,1
pdfid,0,1,1
pdfmaker,1,0,1
pdfpages,1,0,1
pdfs,13,3,16
pdg,1,0,1
pdgg,1,0,1
pdh,3,1,4
pdhal,2,0,2
pdhl,8,2,10
pdhpe,2,0,2
pdi,1,0,1
pdic,1,0,1
pdid,0,1,1
pdiddy,0,1,1
pdk,1,0,1
pdm,1,1,2
pdmm,0,1,1
pdn,0,2,2
pdo,2,1,3
pdoc,1,0,1
pdocast,0,1,1
pdont,0,1,1
pdoo,1,0,1
pdot,0,1,1
pdp,0,2,2
pdq,1,0,1
pds,2,4,6
pdsa,1,1,2
pdt,14,21,35
pdun,1,0,1
pdutty,1,0,1
pdx,25,24,49
pdxbus,1,0,1
pdxcc,1,0,1
pdxcodecamp,2,0,2
pdxmeetup,0,1,1
pdym,0,1,1
pdz,1,0,1
pe,166,155,321
pea,35,48,83
peaaaaceee,0,1,1
peaaaccce,0,1,1
peaace,0,1,1
peaaceout,1,0,1
peaberry,0,2,2
peabody,4,5,9
peac,1,0,1
peacan,0,1,1
peacceandlovee,0,1,1
peace,656,1175,1831
peaceable,0,1,1
peaceandlove,0,3,3
peaceblaster,1,0,1
peacebone,0,1,1
peaced,3,4,7
peacee,1,7,8
peaceee,1,8,9
peaceeee,1,1,2
peaceeeee,0,1,1
peaceeeeee,0,1,1
peaceful,68,216,284
peacefull,2,6,8
peacefulll,0,1,1
peacefully,23,35,58
peacefulness,0,3,3
peacelovekaos,0,1,1
peacelovektu,1,0,1
peacemaker,2,2,4
peacemakers,0,1,1
peacenik,0,1,1
peaceofmind,0,1,1
peaceout,0,2,2
peaceplease,0,1,1
peaces,1,1,2
peacest,0,1,1
peacful,4,4,8
peacfull,1,1,2
peacfully,1,1,2
peach,72,128,200
peachcake,0,1,1
peachcroft,0,1,1
peacheater,0,1,1
peachee,0,1,1
peaches,59,59,118
peachesboutique,0,1,1
peachh,1,0,1
peachie,0,1,1
peachiepoodle,1,0,1
peachily,0,1,1
peachtree,4,4,8
peachy,22,34,56
peacin,1,0,1
peacing,2,4,6
peacock,9,19,28
peacocking,0,2,2
peacocks,5,8,13
peacorps,1,0,1
peadar,1,0,1
peads,1,0,1
peage,0,1,1
peah,1,0,1
peahead,0,1,1
peak,78,92,170
peaked,11,7,18
peakhour,1,0,1
peakie,1,0,1
peaking,5,5,10
peaks,14,22,36
peaky,2,1,3
peal,5,0,5
peale,1,1,2
pealed,1,1,2
pealer,0,1,1
pealin,1,0,1
pealing,7,2,9
pealkirjad,0,1,1
peals,0,1,1
peameal,0,1,1
peanet,0,1,1
peanie,1,1,2
peanit,1,0,1
peant,0,2,2
peantu,0,1,1
peanut,203,284,487
peanutbutter,10,7,17
peanutcheese,1,0,1
peanuts,47,36,83
peanutter,0,1,1
peapack,1,0,1
peaper,0,1,1
peaple,1,3,4
peapod,2,1,3
pear,33,52,85
pearce,1,2,3
pearced,0,1,1
pearcen,0,1,1
pearcy,1,1,2
peardrop,1,0,1
pearjuice,0,1,1
pearl,113,127,240
pearla,2,0,2
pearland,0,1,1
pearler,1,0,1
pearlies,0,1,1
pearljam,1,2,3
pearlnecklace,0,1,1
pearlridge,2,1,3
pearls,16,26,42
pearlsbeforeswine,0,1,1
pearly,2,8,10
pearlyn,0,1,1
pearlz,2,0,2
pears,10,17,27
pearsall,2,0,2
pearse,1,0,1
pearshapebodygirl,0,1,1
pearshaped,0,2,2
pearson,5,9,14
pearsoned,1,0,1
pearsonified,0,1,1
peary,2,1,3
peas,73,144,217
peasant,5,6,11
peasants,3,3,6
pease,4,10,14
peasent,1,0,1
peasholm,0,1,1
peasy,5,14,19
peat,2,4,6
peated,1,0,1
peatlands,0,1,1
peaty,1,1,2
peaved,1,0,1
peavey,2,0,2
peavy,2,0,2
peazy,0,1,1
peazybaby,2,0,2
peb,0,1,1
pebble,11,9,20
pebbles,20,29,49
pebblesnya,1,0,1
pebblez,1,0,1
pebbs,1,0,1
pebcak,0,1,1
pebles,0,1,1
pebre,0,1,1
pebrets,1,0,1
pec,0,1,1
pecah,0,1,1
pecan,16,21,37
pecans,2,6,8
pecastee,1,0,1
peccle,0,1,1
pecel,0,1,1
pecera,1,0,1
pech,0,2,2
pecha,1,3,4
pechakucha,1,4,5
pechanga,1,2,3
pechkuch,0,1,1
pechs,2,0,2
pechu,1,0,1
pechuga,1,0,1
pecial,0,1,1
pecid,0,1,1
pecinta,1,0,1
peck,0,10,10
pecked,3,0,3
pecker,2,2,4
peckers,2,1,3
peckham,4,3,7
pecking,3,3,6
peckinpaugh,1,0,1
peckish,5,4,9
pecks,3,0,3
pecl,1,0,1
peco,0,1,1
pecorino,0,1,1
pecos,3,0,3
pecota,0,1,1
pecs,3,3,6
pectacles,0,1,1
pectin,1,2,3
pecting,1,1,2
pectoral,1,0,1
peculiar,7,9,16
peculiarity,0,1,1
ped,7,5,12
peda,1,0,1
pedagogy,1,1,2
pedal,32,21,53
pedalboard,0,1,1
pedaling,2,2,4
pedalling,1,0,1
pedalo,2,1,3
pedals,9,5,14
pedamundo,0,1,1
pedant,1,3,4
pedantic,4,12,16
pedantry,0,1,1
pedants,0,1,1
pedaphile,0,1,1
pedas,1,0,1
pedassss,1,0,1
pedastal,1,0,1
pedder,3,1,4
peddicord,1,0,1
peddies,0,1,1
peddle,4,1,5
peddled,0,1,1
peddlers,2,0,2
peddling,3,2,5
pede,1,0,1
pedeee,2,0,2
pedegg,0,1,1
pedegged,1,0,1
pedes,1,1,2
pedestal,2,2,4
pedestrian,9,4,13
pedestrians,2,2,4
pedey,0,1,1
pedi,52,122,174
pedia,2,1,3
pedialite,0,1,1
pedialyte,3,2,5
pediasure,2,0,2
pediatric,5,6,11
pediatrician,18,6,24
pediatricians,2,0,2
pediatrics,2,1,3
pedic,0,2,2
pedicab,0,1,1
pedicure,33,109,142
pedicured,1,1,2
pedicuree,0,1,1
pedicures,6,11,17
pedidos,1,0,1
pedie,0,1,1
pedigree,3,3,6
pedimeter,0,1,1
pediophobia,0,1,1
pedipaw,1,0,1
pedipaws,0,1,1
pediphile,0,1,1
pedir,0,1,1
pedis,1,5,6
pediu,1,1,2
pedling,1,0,1
pedn,0,1,1
pedo,15,7,22
pedobear,1,2,3
pedofile,0,1,1
pedometer,5,5,10
pedometers,0,1,1
pedooss,0,1,1
pedophile,5,2,7
pedophiles,2,1,3
pedophilia,0,1,1
pedos,1,1,2
pedosmile,1,0,1
pedr,0,1,1
pedra,0,1,1
pedregon,0,1,1
pedriatic,0,1,1
pedro,15,21,36
pedroia,0,2,2
pedrosa,4,2,6
peds,2,2,4
pedure,0,1,1
pee,280,133,413
peeaaccee,0,1,1
peeace,0,3,3
peeb,0,1,1
peebles,0,2,2
peeblo,1,0,1
peeboo,0,1,1
peece,1,0,1
peecee,1,1,2
peechurs,0,1,1
peecture,0,1,1
peectures,0,1,1
peed,92,35,127
peedi,2,2,4
peedy,1,0,1
peee,0,1,1
peeecturesss,0,1,1
peeed,0,1,1
peeee,1,4,5
peeeed,1,0,1
peeeee,3,0,3
peeeeeaceful,0,1,1
peeeeeanut,1,0,1
peeeeee,1,0,1
peeeeeee,3,0,3
peeeeeeeace,1,0,1
peeeeeeee,0,2,2
peeeeeeeeee,1,0,1
peeeeeeeeeeee,0,1,1
peeeeeeeeeeeeeerfect,1,0,1
peeeeeeeeeu,1,0,1
peeeeeeeely,1,0,1
peeeeeees,0,1,1
peeeeeople,0,1,1
peeeeeps,0,1,1
peeeeerfect,0,1,1
peeeek,0,1,1
peeeelar,0,1,1
peeeeling,1,0,1
peeeeoples,0,1,1
peeeeps,0,1,1
peeelling,1,0,1
peeenang,1,0,1
peeennnnsssss,1,0,1
peeep,0,1,1
peeeps,1,2,3
peeepz,0,1,1
peeer,0,1,1
peeerfect,1,1,2
peeerrrrfect,0,1,1
peeesa,0,1,1
peeesh,1,0,1
peefour,1,0,1
peegie,0,1,1
peein,3,0,3
peeing,32,32,64
peej,0,1,1
peek,28,126,154
peekababy,0,1,1
peekaboo,1,3,4
peeked,9,7,16
peeker,1,0,1
peekin,1,1,2
peeking,9,21,30
peeks,7,13,20
peekskill,0,1,1
peektures,0,2,2
peeky,1,1,2
peel,53,38,91
peeled,16,29,45
peeler,2,1,3
peelin,1,0,1
peeling,134,20,154
peelingg,1,0,1
peelingnya,1,0,1
peelings,1,0,1
peels,2,6,8
peely,5,0,5
peelz,1,0,1
peemypantssss,0,1,1
peen,2,8,10
peeno,1,0,1
peens,0,1,1
peeny,1,0,1
peeople,0,1,1
peeoplllleee,0,1,1
peep,46,79,125
peeped,2,6,8
peepee,8,1,9
peepers,1,4,5
peepes,0,1,1
peepettes,1,2,3
peepeye,1,0,1
peepin,1,4,5
peeping,3,9,12
peeple,2,1,3
peeples,1,1,2
peepls,1,0,1
peeplz,1,0,1
peepn,0,1,1
peepo,1,1,2
peeppss,0,1,1
peeps,551,932,1483
peepshow,1,3,4
peepsinsist,1,0,1
peepsters,0,1,1
peepsz,0,1,1
peepul,1,1,2
peepz,18,29,47
peepzzz,0,1,1
peer,29,33,62
peerarkproxies,1,0,1
peered,1,0,1
peerhelpers,1,0,1
peering,2,1,3
peerpong,0,2,2
peers,11,17,28
pees,10,4,14
peesh,0,1,1
peeshee,1,0,1
peet,4,10,14
peeta,0,1,1
peetah,0,1,1
peetes,1,0,1
peetnik,1,0,1
peetrie,0,1,1
peets,3,5,8
peetsah,0,1,1
peett,0,1,1
peety,0,1,1
peetypassion,1,0,1
peetz,1,0,1
peeve,11,10,21
peeved,27,5,32
peeves,6,1,7
peevish,1,0,1
peewee,1,5,6
peez,2,2,4
peezy,2,2,4
pefect,0,2,2
peform,0,1,1
peformance,3,5,8
peformed,0,1,1
peformer,0,1,1
peg,17,19,36
pega,1,1,2
pegah,0,1,1
pegal,2,0,2
pegando,1,0,1
pegar,0,2,2
pegasi,1,0,1
pegasus,3,4,7
pegau,0,1,1
pegeeeellll,1,0,1
pegel,2,2,4
pegellll,1,0,1
pegg,4,11,15
pegged,2,6,8
pegging,3,1,4
peggle,18,24,42
peggsseggbly,0,1,1
peggy,14,21,35
pegi,2,4,6
pegleg,1,0,1
pego,0,1,1
pegou,0,1,1
pegs,6,2,8
pegsss,0,1,1
peguei,1,1,2
peguins,1,0,1
peh,0,1,1
pehla,1,0,1
pehle,2,2,4
pehn,0,1,1
pei,17,19,36
peice,18,17,35
peices,7,5,12
peicing,2,0,2
peidonacara,0,2,2
peigh,1,0,1
peii,0,1,1
pein,1,0,1
peince,0,1,1
peine,1,0,1
peinlich,1,0,1
peinn,0,1,1
peint,0,1,1
peiople,1,0,1
peir,1,0,1
peirce,4,2,6
peirced,2,7,9
peircedddd,0,1,1
peirceing,0,1,1
peircing,3,4,7
peircings,3,3,6
peirsol,0,1,1
peis,1,0,1
peisaj,1,0,1
peisajul,0,1,1
peita,1,0,1
peitchinho,0,1,1
peitersen,1,0,1
peiwei,0,1,1
peizhi,0,1,1
pejaten,3,2,5
peje,1,0,1
pejmo,1,0,1
pejompongan,0,2,2
pejorative,0,2,2
pejoratively,0,1,1
peju,1,0,1
pek,1,3,4
pekak,2,0,2
pekalongan,0,1,1
pekan,0,1,1
peke,0,6,6
peken,1,0,1
peki,0,1,1
pekin,2,1,3
peking,1,2,3
pekker,1,0,1
peknou,0,1,1
pekny,1,0,1
peko,0,1,1
pekopeko,1,0,1
pekpek,0,1,1
peks,0,1,1
pel,3,5,8
pela,1,8,9
pelajar,0,1,1
pelajaran,0,1,1
pelampiasan,0,1,1
pelangi,3,0,3
pelargonium,1,0,1
pelas,0,1,1
pelase,2,0,2
pelat,1,0,1
pelatonics,0,1,1
pelc,1,0,1
pelda,0,1,1
peldon,0,1,1
pele,1,4,5
pelear,0,1,1
pelee,0,1,1
pelephone,2,2,4
peles,1,0,1
peleton,0,1,1
pelf,0,2,2
pelforth,1,0,1
pelfrey,0,2,2
pelfusion,0,1,1
pelham,14,11,25
peli,1,3,4
pelican,3,7,10
pelicans,3,2,5
pelicul,0,1,1
peliculas,0,1,1
pelikans,0,1,1
pelinkovac,0,1,1
pelio,1,0,1
pelis,1,0,1
pell,2,4,6
pelle,1,2,3
pellegrino,1,1,2
pellericious,0,1,1
pelles,0,1,1
pellet,2,4,6
pellets,3,4,7
pello,1,0,1
pellow,1,0,1
pelm,0,1,1
pelmeni,0,1,1
pelo,4,12,16
pelon,1,0,1
pelones,0,1,1
peloponnese,0,1,1
pelos,1,0,1
pelosi,2,4,6
pelota,0,1,1
peloton,0,2,2
pels,0,2,2
pelt,2,2,4
peltage,1,0,1
pelted,2,1,3
pelting,4,0,4
pelu,0,1,1
peluce,0,1,1
peluche,0,1,1
peluh,0,1,1
peluk,1,1,2
pelukan,1,0,1
pelukkkkk,1,0,1
peluru,1,0,1
peluuk,1,0,1
pelvic,5,3,8
pelvics,0,1,1
pelvis,8,0,8
pelz,0,1,1
pelzer,1,1,2
pema,1,0,1
pemafrost,0,1,1
pemalang,1,0,1
pemanently,0,1,1
pembantu,1,0,1
pembebasan,0,1,1
pemberton,3,0,3
pembine,1,0,1
pembo,1,0,1
pembodohan,1,0,1
pembroke,4,9,13
pembrokedave,0,1,1
pembrokeshire,4,9,13
pembs,2,6,8
pembsdave,1,0,1
pemerintah,0,1,1
pemetaan,1,0,1
pemican,1,0,1
pemilu,0,1,1
pemmican,1,0,1
pempek,0,4,4
pempengco,2,4,6
pempering,0,1,1
pemrokeshire,1,0,1
pemusnah,0,1,1
pen,192,147,339
pena,11,4,15
penah,1,1,2
penal,0,2,2
penalises,1,0,1
penalize,0,1,1
penalized,2,1,3
penalties,13,8,21
penalty,29,24,53
penampilan,0,1,1
penance,8,1,9
penang,18,24,42
penara,1,0,1
penarth,0,1,1
penat,1,3,4
penate,2,4,6
penbleth,0,1,1
penblwydd,0,1,1
pencahar,0,1,1
pencam,1,0,1
pence,2,4,6
penchant,3,6,9
penchee,1,0,1
pencil,56,59,115
penciled,0,1,1
pencilled,0,1,1
penciller,0,1,1
pencilneck,0,1,1
pencils,19,35,54
penclip,0,1,1
penculik,1,0,1
pend,0,2,2
penda,1,0,1
pendant,7,20,27
pendants,2,11,13
pendasitus,1,0,1
pendeja,0,1,1
pendejo,0,1,1
pendejos,0,1,1
pendek,0,2,2
pendelton,1,0,1
pendent,1,0,1
penderhaka,1,0,1
pendientes,0,1,1
pendin,0,1,1
pending,52,38,90
pendle,1,1,2
pendlessssssssss,1,0,1
pendleton,3,2,5
pendnisolone,1,0,1
pendog,0,1,1
pendolinem,1,0,1
pendolino,1,1,2
pendragon,3,2,5
pendrive,4,2,6
pendrives,1,0,1
pendulum,12,15,27
penelope,16,19,35
penenangan,1,1,2
penerbangan,1,0,1
penet,1,0,1
penetrate,2,2,4
penetrated,2,0,2
penetrates,1,0,1
penetrating,1,1,2
penetration,3,4,7
penfold,1,0,1
penft,1,0,1
peng,3,2,5
pengakuan,1,0,1
pengamen,1,0,1
pengaruh,1,0,1
pengawas,1,0,1
penge,2,6,8
pengeeeen,1,0,1
pengen,20,6,26
pengennya,1,0,1
pengersss,1,0,1
pengetua,0,1,1
pengin,1,0,1
pengins,0,1,1
pengiritan,0,1,1
pengiuns,0,2,2
pengste,0,1,1
pengu,2,0,2
penguicon,1,0,1
penguiiiinnn,0,1,1
penguin,45,73,118
penguiners,0,1,1
penguins,121,121,242
penguinsbeatdetroit,0,1,1
penguinsssss,0,1,1
pengulum,1,0,1
pengumuman,3,0,3
pengunjung,1,0,1
pengupop,1,0,1
pengy,2,1,3
penh,4,2,6
penham,0,1,1
penial,0,1,1
peniche,0,1,1
penicillin,9,4,13
penicuik,1,0,1
penie,0,1,1
peniel,0,1,1
penile,1,0,1
penilewords,1,0,1
pening,4,1,5
peninha,1,0,1
peninstone,1,0,1
peninsula,6,8,14
penis,75,67,142
penise,0,1,1
penisenlargement,0,1,1
penises,9,7,16
penisey,1,0,1
penisland,0,1,1
penisly,0,1,1
penissss,0,1,1
penitentiary,1,0,1
penjiiii,0,1,1
penjual,1,0,1
penketh,1,0,1
penkivil,1,0,1
penknife,2,0,2
penless,2,0,2
penmanship,2,1,3
penmon,1,0,1
penn,26,29,55
pennacle,1,0,1
pennance,0,1,1
pennant,1,0,1
penndragon,0,2,2
penndragonstudios,0,1,1
penne,5,10,15
penned,0,3,3
penner,1,1,2
pennergame,0,1,1
penney,2,5,7
pennfield,0,1,1
penni,1,0,1
pennie,2,3,5
pennies,39,27,66
penniless,10,2,12
pennine,1,1,2
pennines,1,1,2
penning,1,1,2
penningtons,0,1,1
penninsula,1,0,1
pennipotenti,0,1,1
penns,2,0,2
pennsbury,2,0,2
pennslyvania,1,0,1
pennslyvannia,0,1,1
pennstate,0,1,1
pennsylv,1,0,1
pennsylvania,28,20,48
pennsylvaniaaa,1,0,1
pennt,1,0,1
penny,88,91,179
pennyarcade,1,0,1
pennycat,1,0,1
pennyhill,0,1,1
pennyless,1,1,2
pennys,2,2,4
pennysaver,1,0,1
pennywise,6,5,11
penolope,0,1,1
penomenal,0,1,1
penopauze,0,1,1
penos,0,1,1
penpal,0,4,4
penpalpage,1,0,1
penpals,0,1,1
penquins,2,2,4
penrhos,1,0,1
penrith,7,4,11
penryn,0,1,1
pens,303,258,561
pensa,1,0,1
pensacola,9,9,18
pensando,1,1,2
pensar,2,1,3
pense,0,3,3
pensecola,0,1,1
pensei,2,0,2
penses,1,0,1
pensey,1,0,1
penshoppe,0,1,1
penshurst,0,1,1
pensicola,2,0,2
pensilvania,1,0,1
pension,8,5,13
pensioner,1,3,4
pensioners,4,0,4
pensionfund,1,0,1
pensions,1,3,4
pensium,1,0,1
pensiun,0,1,1
pensive,3,2,5
pensiveblog,0,1,1
penske,1,2,3
penso,0,1,1
penss,0,1,1
penster,0,1,1
pent,3,2,5
pentacle,0,1,1
pentacostel,0,1,1
pentagon,2,8,10
pentagone,1,0,1
pentagram,1,1,2
pentatonic,0,2,2
pentax,5,2,7
pentaxx,1,0,1
pentecoast,0,1,1
pentecost,4,21,25
pentecostal,0,2,2
pentecostals,0,1,1
pentecoste,0,1,1
pentel,1,0,1
penthouse,23,11,34
penthouses,1,1,2
penticton,5,4,9
pentiiiing,1,0,1
penting,0,3,3
pentingbangetdotcom,0,1,1
pentition,0,1,1
pentium,2,6,8
pentre,0,1,1
pentrenant,1,0,1
pentrex,0,1,1
pentridge,1,0,1
pentru,4,15,19
pentz,0,1,1
pentzkes,0,1,1
penuela,1,0,1
penuh,2,0,2
penulitimate,1,0,1
penultimate,10,7,17
penultinate,1,0,1
penumbra,2,0,2
penury,1,0,1
penut,0,1,1
penute,1,0,1
penutt,1,0,1
penweddig,0,1,1
penyakit,0,1,1
penyanyi,0,1,1
penyet,3,1,4
penyiar,1,0,1
penyu,1,1,2
penzance,1,3,4
penzey,1,0,1
peo,0,2,2
peobably,0,1,1
peoductive,0,1,1
peoge,0,2,2
peole,9,5,14
peolpe,2,2,4
peolple,1,2,3
peom,1,2,3
peon,1,0,1
peonies,6,11,17
peony,2,5,7
peooooples,0,1,1
peoople,1,0,1
peop,2,5,7
peope,5,4,9
peopel,6,1,7
peopl,3,4,7
people,10292,10268,20560
peoplebrowser,1,1,2
peoplebrowsr,5,18,23
peoplee,12,11,23
peopleee,6,4,10
peopleeee,1,2,3
peopleeeee,1,1,2
peopleeeeee,1,0,1
peopleeeeeee,0,1,1
peopleeeeeeeee,1,0,1
peopleeeeeeeeeeee,1,0,1
peopleeeeeeeeeeeeeeee,0,1,1
peopleees,0,1,1
peoplees,0,1,1
peopleess,0,1,1
peopleesss,1,0,1
peoplefight,1,1,2
peoplefinder,0,1,1
peopleidon,0,1,1
peoplel,1,0,1
peopleon,1,0,1
peoples,188,219,407
peoplesayso,1,0,1
peoplesoft,1,1,2
peopless,1,1,2
peoplesss,0,2,2
peoplesupport,1,0,1
peoplethatareimportanttome,0,1,1
peopletrain,0,1,1
peopleup,1,0,1
peoplewatching,1,0,1
peoplewho,1,0,1
peoplewhosuck,1,0,1
peoplewill,1,0,1
peoplez,5,6,11
peopling,1,0,1
peoplpe,0,1,1
peoplr,0,2,2
peopls,1,0,1
peopole,1,0,1
peopple,0,1,1
peopplee,0,1,1
peops,1,4,5
peor,1,0,1
peoria,3,10,13
peos,0,1,1
peow,0,2,2
peoww,1,0,1
pep,31,32,63
pepa,0,4,4
pepad,1,0,1
pepcid,2,3,5
pepe,7,4,11
pepeard,0,1,1
peper,1,0,1
peperami,1,0,1
pepermint,0,1,1
pepero,1,1,2
peperomia,0,1,1
peperomiam,0,1,1
peperoni,2,3,5
pepers,0,2,2
pepes,0,2,2
pepi,1,1,2
pepiberto,1,0,1
pepita,1,0,1
pepito,3,1,4
pepitooooos,1,0,1
pepitos,0,1,1
peple,4,1,5
pepo,1,2,3
pepole,2,3,5
pepov,0,1,1
pepp,2,2,4
peppa,5,1,6
peppah,1,0,1
peppard,1,0,1
peppe,1,0,1
pepped,1,0,1
pepper,142,159,301
peppercinis,1,0,1
peppercom,1,0,1
peppercorn,3,2,5
pepperdine,1,1,2
pepperdog,1,0,1
peppered,2,2,4
pepperidge,0,1,1
pepperish,1,0,1
pepperjack,1,0,1
peppermill,1,1,2
peppermint,17,33,50
peppermintmag,0,1,1
peppermints,1,0,1
pepperoni,22,14,36
pepperonis,3,0,3
peppers,44,58,102
pepperspray,1,0,1
peppersteak,0,1,1
peppertree,1,0,1
peppery,0,1,1
peppily,0,1,1
pepples,1,0,1
pepps,0,2,2
peppy,2,9,11
peprally,1,0,1
pepricka,1,0,1
peps,7,11,18
pepsi,102,113,215
pepsiee,0,1,1
pepsienglish,0,2,2
pepsirockband,1,1,2
pepsis,1,0,1
pepsodent,1,0,1
peptic,2,0,2
pepto,25,2,27
peptobismol,1,1,2
peptrends,1,0,1
pepules,1,0,1
pepz,0,3,3
peque,1,2,3
pequenina,0,1,1
pequeno,1,0,1
per,334,327,661
pera,2,2,4
perak,1,2,3
peral,1,0,1
peralypony,0,1,1
perambulator,0,1,1
peranakan,0,1,1
perander,0,1,1
perando,1,0,1
perang,1,0,1
perants,2,0,2
perasaan,0,1,1
perasan,0,2,2
perawan,0,1,1
perbulannya,0,1,1
perc,3,2,5
percacet,0,1,1
percaya,0,1,1
percee,1,0,1
perceive,2,1,3
perceived,3,5,8
perceives,1,0,1
perceiving,1,0,1
percent,38,39,77
percentage,14,10,24
percentages,2,1,3
percentawesome,0,1,1
percentile,2,3,5
percents,1,0,1
perception,13,17,30
perceptions,1,4,5
perceptive,2,7,9
percetakan,0,1,1
perch,5,11,16
perchance,7,4,11
perche,2,0,2
perched,0,4,4
percheron,0,1,1
perciate,0,1,1
percing,5,1,6
percocet,8,4,12
percocets,1,1,2
percolate,1,1,2
percolating,2,0,2
percoset,1,0,1
percosets,1,1,2
percoten,1,0,1
percs,2,0,2
percusion,1,0,1
percussion,3,8,11
percussionist,1,3,4
percy,24,14,38
percygermany,0,1,1
percypigs,0,1,1
perd,2,0,2
perdana,0,2,2
perdators,1,0,1
perddyy,0,1,1
perde,0,1,1
perdendo,1,0,1
perder,3,1,4
perdere,1,0,1
perdeu,2,0,2
perdi,14,2,16
perdia,0,1,1
perdida,1,0,1
perdido,1,1,2
perdig,0,1,1
perdii,1,0,1
perdimos,1,0,1
perdio,3,0,3
perdiste,1,0,1
perdition,0,1,1
perdo,0,1,1
perdoch,0,1,1
perdomo,1,1,2
perdonada,0,1,1
perdonadme,1,0,1
perdophile,0,1,1
perduce,1,0,1
perdue,1,1,2
perdumemoire,0,1,1
perdy,1,4,5
pere,1,1,2
pereaux,0,1,1
perect,0,1,1
pereee,1,0,1
pereeiru,1,0,1
perefect,0,1,1
peregine,0,1,1
peregrin,0,1,1
peregrine,0,3,3
peregrines,1,0,1
pereira,0,2,2
pereiro,1,1,2
perempat,0,1,1
perempuan,0,1,1
perenna,0,1,1
perennial,1,1,2
perennials,1,0,1
perera,0,1,1
peres,1,0,1
perette,1,0,1
peretty,0,1,1
pereview,1,0,1
pereyar,0,1,1
perez,123,87,210
perezhilton,13,13,26
perezhiltonr,1,0,1
perezito,0,1,1
perf,17,12,29
perfa,1,0,1
perfcet,0,1,1
perfct,2,1,3
perfec,1,1,2
perfeccionist,0,1,1
perfecdt,0,1,1
perfect,955,2534,3489
perfectamondo,1,0,1
perfected,6,13,19
perfectest,0,1,1
perfecting,1,7,8
perfection,22,83,105
perfectionism,0,3,3
perfectionist,8,14,22
perfectionistic,0,1,1
perfectionists,0,1,1
perfectipn,1,0,1
perfectlty,0,1,1
perfectly,125,274,399
perfectlyy,0,1,1
perfectness,0,2,2
perfecto,3,19,22
perfectomundo,0,1,1
perfectos,0,1,1
perfects,1,4,5
perfectt,1,1,2
perfecttiming,0,1,1
perfecttt,0,3,3
perfectttt,0,1,1
perfecty,0,1,1
perfectyl,0,1,1
perfecy,1,0,1
perfeeect,0,1,1
perfeito,0,1,1
perfekt,0,5,5
perfekta,0,1,1
perfekte,0,1,1
perfer,5,5,10
perferated,2,0,2
perferct,0,2,2
perfet,1,0,1
perfetic,1,0,1
perfhud,1,0,1
perfick,0,2,2
perfict,1,1,2
perfil,0,1,1
perfis,1,0,1
perfom,1,0,1
perfomance,3,10,13
perfomer,1,0,1
perfoming,1,5,6
perfomring,0,1,1
perforated,2,0,2
perforce,2,0,2
perform,214,227,441
performace,1,6,7
performan,1,0,1
performance,335,457,792
performances,45,57,102
performane,1,0,1
performans,0,1,1
performe,0,1,1
performed,54,64,118
performence,1,2,3
performences,1,0,1
performer,5,32,37
performerrr,0,1,1
performers,5,13,18
performin,6,6,12
performing,147,169,316
performng,1,0,1
performs,4,8,12
perfrom,1,0,1
perfromance,1,1,2
perfroming,1,2,3
perfrorming,0,1,1
perfs,1,1,2
perfsoft,0,1,1
perftect,0,1,1
perfum,1,2,3
perfumania,0,1,1
perfume,61,72,133
perfumed,1,1,2
perfumes,10,5,15
pergatory,1,1,2
pergi,11,6,17
pergo,1,0,1
pergunto,0,1,1
perh,1,0,1
perhaaps,1,0,1
perham,2,2,4
perhap,0,2,2
perhaps,370,728,1098
perhapss,0,1,1
perhapsss,0,1,1
perharps,1,0,1
perhatian,0,1,1
perhatiannya,0,1,1
perhentian,2,1,3
perhpas,0,1,1
peri,6,11,17
perian,0,2,2
perica,0,2,2
pericarditis,1,0,1
periced,0,2,2
pericope,0,1,1
peridanceee,0,1,1
peridot,0,1,1
perifories,0,1,1
perignon,0,1,1
perih,1,1,2
periihh,0,1,1
peril,6,1,7
perillo,0,1,1
perilous,1,1,2
perilously,1,1,2
perils,9,3,12
perimedics,0,1,1
perimere,1,0,1
perimeter,6,3,9
perimission,0,1,1
perineural,1,0,1
peringkat,0,1,1
perioada,0,1,1
period,356,260,616
periodcramp,1,0,1
periodd,1,0,1
periode,1,0,1
periodic,3,3,6
periodically,7,7,14
periodicity,1,0,1
periodik,1,0,1
perioding,1,0,1
periodistas,1,0,1
periodontist,3,1,4
periods,54,36,90
perioidddd,0,1,1
peripatetic,1,0,1
periperi,0,1,1
peripheral,3,2,5
peripherals,3,4,7
peripheralwhore,1,0,1
periscopes,0,1,1
perish,3,1,4
perishable,2,0,2
perished,6,0,6
perishers,1,0,1
perishin,1,0,1
peristalsis,1,0,1
perito,0,2,2
peritonsillitis,1,0,1
periwinkle,0,2,2
periwinklebloo,0,1,1
perjakas,0,1,1
perjalanan,1,0,1
perk,16,42,58
perkampungan,0,1,1
perkasa,1,0,1
perkasie,1,0,1
perke,0,1,1
perked,6,6,12
perkele,2,0,2
perkiland,0,1,1
perkin,3,0,3
perkiness,0,1,1
perking,1,2,3
perkins,7,10,17
perkinz,0,1,1
perks,22,60,82
perky,5,13,18
perkz,0,1,1
perl,17,32,49
perla,2,6,8
perlenberlins,0,1,1
perlis,1,1,2
perlman,1,3,4
perloff,1,0,1
perlous,1,0,1
perlov,1,0,1
perltweet,1,0,1
perlu,1,1,2
perly,0,1,1
perm,35,18,53
perma,3,6,9
permaban,1,1,2
permabroken,1,0,1
permaculture,0,2,2
permadi,2,0,2
permafail,1,0,1
permafrost,1,0,1
permalink,1,0,1
permalinks,0,2,2
permament,1,1,2
permanant,3,3,6
permanantly,5,0,5
permanate,1,0,1
permanatly,1,1,2
permanence,0,2,2
permanent,76,73,149
permanently,52,19,71
permanenttt,0,1,1
permanetky,1,0,1
permante,1,0,1
permantly,0,1,1
permarin,0,1,1
permeating,2,1,3
permed,4,2,6
permejo,0,1,1
permenant,2,1,3
permenantly,1,1,2
permenent,0,1,1
permentant,1,0,1
permi,0,1,1
permian,1,0,1
permier,0,1,1
permieres,1,0,1
permiership,0,1,1
perminant,1,0,1
perminate,0,1,1
permisi,0,1,1
permision,1,1,2
permiss,1,0,1
permissible,0,1,1
permissio,1,0,1
permission,52,83,135
permissions,8,7,15
permisson,0,1,1
permit,48,50,98
permite,2,0,2
permiting,1,0,1
permits,8,13,21
permitss,1,0,1
permitted,6,3,9
permitting,5,9,14
permo,0,1,1
permohonan,0,1,1
permotion,0,1,1
perms,3,1,4
permutation,1,0,1
permutations,0,1,1
permy,1,0,1
perna,0,1,1
pernah,4,11,15
pernambuco,0,1,1
pernas,0,1,1
pernell,0,1,1
pernicious,2,0,2
pernikahan,1,0,1
pernille,0,3,3
pero,99,74,173
perodua,0,2,2
perogies,2,4,6
peroid,1,1,2
peron,1,1,2
peronal,0,1,1
peronality,0,1,1
peroni,3,5,8
peronsally,0,1,1
peronto,1,0,1
peroo,2,0,2
perooo,1,0,1
perooooo,1,0,1
peroozer,0,1,1
perormance,1,0,1
peros,1,0,1
perosn,2,3,5
peroson,1,0,1
perot,1,0,1
peroxide,13,4,17
peroxwhy,0,1,1
peroxyde,1,1,2
perpanjang,0,1,1
perparandome,1,0,1
perpective,1,0,1
perpendicular,1,1,2
perperami,1,0,1
perpertraitor,0,1,1
perpertrator,1,0,1
perpetrating,0,1,1
perpetrations,0,1,1
perpetrator,1,0,1
perpetual,5,9,14
perpetualite,1,0,1
perpetualkid,0,1,1
perpetually,11,0,11
perpetualspiral,0,1,1
perpetuate,0,1,1
perpetuates,1,0,1
perpetuating,5,2,7
perpetuous,0,1,1
perpignan,0,1,1
perpindahan,0,1,1
perpisahan,0,3,3
perplexed,4,5,9
perplexing,0,2,2
perppermint,0,1,1
perr,1,0,1
perra,0,1,1
perranporth,1,0,1
perrenials,0,1,1
perretta,0,1,1
perrette,0,1,1
perretto,0,1,1
perrfect,2,0,2
perrfffeeccttt,0,1,1
perri,3,2,5
perricone,1,0,1
perrie,0,1,1
perrier,3,1,4
perrif,0,1,1
perrin,2,2,4
perris,0,4,4
perro,1,0,1
perrogative,1,0,1
perrogies,1,0,1
perros,0,1,1
perrrfect,0,3,3
perrrffecct,1,0,1
perrrrdy,0,1,1
perrrrfect,0,1,1
perrrrrrfecttttt,0,1,1
perrrrson,0,1,1
perrrys,1,0,1
perrtay,0,1,1
perrttyyy,0,1,1
perry,112,201,313
perryman,0,1,1
perrys,2,4,6
perrysburg,1,2,3
perryton,0,1,1
pers,6,4,10
persaon,0,1,1
persauded,0,1,1
persay,0,1,1
perscribed,0,1,1
perscription,6,2,8
perscriptions,2,0,2
perse,1,2,3
persecute,1,0,1
persecuted,3,0,3
persecution,1,3,4
persef,1,1,2
perseopolis,1,0,1
persephone,1,1,2
persephoneplus,0,1,1
persepolis,3,2,5
persepsi,0,2,2
perseption,0,1,1
perservere,2,1,3
perserverence,0,1,1
perseverance,2,5,7
persevere,4,9,13
persevered,0,3,3
perseverence,1,1,2
perseverenta,0,1,1
pershing,1,0,1
persia,11,7,18
persian,19,18,37
persiangirl,1,0,1
persianhacksthey,1,0,1
persiankiwi,14,0,14
persians,1,1,2
persiapan,0,1,1
persiapannya,1,0,1
persie,0,1,1
persiflage,0,1,1
persija,1,0,1
persil,0,1,1
persimmons,0,3,3
persin,1,0,1
persis,1,1,2
persist,10,2,12
persistance,1,5,6
persistant,5,4,9
persistence,2,12,14
persistent,24,20,44
persistently,2,0,2
persisting,5,1,6
persists,6,1,7
persn,1,0,1
persnl,1,0,1
perso,2,1,3
persoanl,0,1,1
persome,1,0,1
person,2154,2299,4453
persona,12,24,36
personable,2,9,11
personagem,0,1,1
personailsed,0,1,1
personailty,2,0,2
personal,418,688,1106
personalbranding,0,1,1
personalisation,0,2,2
personalise,0,1,1
personalised,2,4,6
personalites,0,1,1
personalities,7,20,27
personality,47,114,161
personalizado,0,1,1
personalization,0,2,2
personalize,3,3,6
personalized,7,21,28
personalizing,1,1,2
personallity,1,0,1
personally,126,263,389
personals,1,0,1
personaltity,0,1,1
personaly,2,0,2
personas,3,5,8
personb,1,0,1
personds,1,0,1
personel,2,0,2
persones,0,1,1
personification,0,1,1
personified,1,3,4
personifying,0,1,1
personil,1,1,2
personlity,0,1,1
personn,2,0,2
personnage,1,0,1
personnalities,0,1,1
personnality,0,1,1
personnally,0,1,1
personnaly,1,1,2
personne,2,1,3
personnel,3,3,6
personnels,1,0,1
persons,49,47,96
personz,1,0,1
persooon,0,1,1
persosal,0,1,1
perspecitves,1,0,1
perspection,0,1,1
perspective,21,95,116
perspectives,1,4,5
perspirating,1,0,1
perspiration,1,1,2
perspiring,2,0,2
persson,0,1,1
persssy,0,1,1
persuade,22,26,48
persuaded,8,12,20
persuadely,0,1,1
persuaders,0,1,1
persuading,6,4,10
persuasion,7,16,23
persuasive,8,12,20
persue,1,3,4
persuing,1,0,1
persuit,0,3,3
persuits,0,1,1
perswade,0,1,1
persze,1,0,1
pert,3,0,3
pertain,1,2,3
pertained,0,1,1
pertaining,1,2,3
pertains,1,3,4
pertama,0,3,3
pertamax,0,1,1
pertamina,0,1,1
pertanyaan,0,1,1
pertemps,1,0,1
pertersburg,0,1,1
perth,148,116,264
perthaustralia,0,1,1
perthites,0,1,1
perticular,1,1,2
pertiest,0,1,1
pertinent,2,3,5
pertle,2,0,2
pertransibunt,0,1,1
pertrified,0,1,1
pertty,0,3,3
perturbed,7,2,9
perty,4,9,13
pertyy,1,0,1
pertyyy,1,0,1
peru,69,85,154
perubahan,1,0,1
peruface,1,0,1
perugia,2,0,2
perugina,1,0,1
perugino,0,1,1
perumpamaan,0,1,1
perusal,1,0,1
peruse,2,3,5
perused,3,0,3
perusing,3,5,8
perut,12,2,14
peruto,0,1,1
peruu,1,2,3
peruuuttt,1,0,1
peruuuuu,0,1,1
peruuuuuu,1,0,1
peruvian,5,19,24
peruvians,0,2,2
perv,17,33,50
perva,1,0,1
pervaded,1,0,1
pervasive,2,1,3
perve,3,2,5
perved,0,2,2
perverse,1,4,5
perversely,1,0,1
perversion,0,3,3
perversity,1,0,1
pervert,13,10,23
perverted,16,16,32
pervertedly,0,1,1
perverting,1,0,1
perverts,9,8,17
perves,1,1,2
perveted,0,1,1
pervin,1,1,2
perving,6,6,12
pervs,7,18,25
pervvy,1,0,1
pervy,12,5,17
pervyy,0,1,1
perx,1,0,1
pery,0,2,2
perze,0,1,1
perzine,1,0,1
pes,6,6,12
pesach,2,2,4
pesan,0,1,1
pesants,1,0,1
pesar,1,0,1
pesaw,0,1,1
pescatarian,1,0,1
pescetarian,2,0,2
pesci,2,0,2
pesek,0,1,1
pesen,0,1,1
pesentation,0,1,1
pesh,0,1,1
peshawari,0,1,1
pesheva,0,1,1
pesho,0,2,2
pesimist,1,0,1
pesimistic,1,1,2
pesit,1,0,1
peskies,1,0,1
pesky,22,35,57
pesmu,0,1,1
peso,1,3,4
peson,1,2,3
pesonal,0,1,1
pesonality,0,1,1
pesos,10,4,14
pespiring,2,0,2
pesquisar,1,0,1
pessach,0,1,1
pessed,1,0,1
pessemistic,1,0,1
pessimism,1,2,3
pessimist,10,8,18
pessimistic,14,7,21
pessimists,0,3,3
pessisimistic,1,0,1
pessmism,0,1,1
pessoa,1,0,1
pessoal,0,2,2
pessoas,2,1,3
pest,5,10,15
pesta,1,0,1
peste,5,2,7
pester,3,11,14
pestered,1,1,2
pestering,10,12,22
pesters,1,0,1
pesticide,3,0,3
pesticided,0,1,1
pestilence,1,0,1
pestle,1,3,4
pesto,19,27,46
peston,1,1,2
pests,6,0,6
pestscides,1,0,1
pet,410,326,736
peta,47,14,61
petachtikva,1,0,1
petaflops,0,1,1
petafrance,0,1,1
petai,1,0,1
petairways,0,1,1
petal,3,17,20
petalive,0,1,1
petals,6,11,17
petaluma,1,1,2
petang,0,1,1
petanque,0,1,1
petapeta,0,1,1
petaq,0,1,1
petard,0,2,2
petas,1,0,1
petasin,1,0,1
petasis,0,1,1
petasos,0,1,1
petc,0,1,1
petcetra,1,0,1
petclub,0,1,1
petco,15,13,28
pete,163,250,413
peteandashleeanniversary,0,1,1
petece,0,1,1
petecowan,0,1,1
peteday,0,1,1
peteeey,0,1,1
petenut,1,0,1
petepeace,0,1,1
peter,247,378,625
peterborough,8,8,16
petered,1,0,1
peterfacineli,1,0,1
peterfacinell,4,0,4
peterfacinelli,79,7,86
peterhead,0,2,2
peterick,0,2,2
petermday,0,2,2
petero,1,0,1
peterpan,0,4,4
peterr,0,1,1
peterrrrrr,0,1,1
peters,18,25,43
petersburg,13,10,23
petersburgfl,1,0,1
petersen,1,1,2
petersfield,0,2,2
peterson,6,9,15
petersons,0,1,1
petery,0,1,1
peteryang,1,0,1
petes,5,5,10
petespace,1,3,4
petetion,1,0,1
petewentz,1,3,4
petewentzday,12,10,22
petey,14,9,23
petfinder,4,1,5
petfood,0,1,1
pethabitat,1,0,1
pethetic,2,0,2
pethick,1,0,1
peti,1,1,2
petia,0,1,1
petie,3,1,4
peties,0,1,1
petifile,0,1,1
petilla,0,1,1
petioning,1,0,1
petit,7,14,21
petite,10,23,33
petitecupcakes,1,1,2
petites,1,3,4
petition,44,72,116
petitionen,0,1,1
petitioning,1,0,1
petitiononline,0,1,1
petitions,3,4,7
petiton,0,1,1
petits,1,3,4
petland,0,2,2
petosin,0,1,1
petoskey,1,0,1
petpalooza,0,1,1
petparenthood,0,1,1
petpeeves,1,1,2
petr,1,0,1
petra,5,6,11
petras,0,1,1
petray,0,1,1
petrecut,0,2,2
petrelli,4,0,4
petresearch,0,1,1
petri,1,0,1
petria,0,1,1
petrichor,0,1,1
petridis,1,0,1
petrie,2,0,2
petrified,13,2,15
petrifying,1,0,1
petrillo,1,0,1
petrillos,0,1,1
petrilude,0,1,1
petro,1,0,1
petrochemical,0,1,1
petrof,0,1,1
petrol,42,21,63
petroleum,1,4,5
petrolhead,1,2,3
petrolheads,0,1,1
petrolling,1,0,1
petron,1,0,1
petrona,0,1,1
petronas,0,1,1
petros,0,1,1
petroski,0,1,1
petrossian,0,1,1
petrov,0,1,1
petrr,1,0,1
petrson,1,0,1
petrucci,1,1,2
petrus,0,1,1
pets,139,117,256
petshop,1,1,2
petshopboys,0,1,1
petsitting,1,1,2
petsmart,14,8,22
petso,1,5,6
petsoc,0,1,1
petsociety,1,1,2
petstore,1,1,2
pettachi,2,0,2
pettannu,1,0,1
petted,3,7,10
petten,0,1,1
petter,2,0,2
petteri,0,1,1
petti,1,0,1
petticoat,2,2,4
petticoats,0,1,1
pettigrew,1,0,1
pettin,1,0,1
pettiness,1,1,2
petting,14,13,27
pettins,0,1,1
pettinson,0,1,1
pettis,0,1,1
pettit,1,0,1
pettite,1,0,1
pettitte,1,1,2
pettsy,1,0,1
pettth,0,1,1
petty,14,26,40
pettyfer,5,1,6
pettyyy,0,1,1
petu,0,1,1
petulant,2,0,2
petunia,2,0,2
petunias,4,4,8
petworth,1,1,2
petz,1,1,2
petzl,1,0,1
petzz,0,1,1
peu,2,7,9
peucang,0,1,1
peugeot,3,2,5
peugot,0,1,1
peula,1,0,1
peur,1,1,2
peut,1,3,4
peux,1,3,4
pev,1,0,1
pevail,0,1,1
pevensey,1,0,1
pevensie,0,1,1
peverall,1,0,1
peverts,1,0,1
pevis,1,0,1
pew,9,15,24
pewee,0,1,1
pewfectly,0,1,1
pewh,1,0,1
pewp,2,0,2
pewrmit,1,0,1
pews,2,1,3
pewsey,1,0,1
pewter,0,3,3
peww,0,1,1
pex,2,2,4
pey,1,1,2
peychaud,0,1,1
peykpeyk,0,1,1
peynir,0,1,1
peyo,0,1,1
peyote,1,0,1
peyroux,0,1,1
peytie,0,1,1
peyton,27,11,38
peytons,1,1,2
pez,7,4,11
pezboy,0,1,1
pezee,1,0,1
pezmeister,1,0,1
pezpet,1,0,1
pezzner,0,1,1
pf,34,39,73
pfa,1,2,3
pface,1,0,1
pfannkuchen,1,1,2
pfb,0,2,2
pfc,8,5,13
pfchanggs,1,0,1
pfchangs,1,2,3
pfd,1,0,1
pfefferneuse,0,1,1
pfeh,1,1,2
pfeiffer,3,2,5
pfel,0,1,1
pfer,1,0,1
pferdemarkt,0,1,1
pfers,0,1,1
pff,39,19,58
pffahahahahaha,1,0,1
pfff,47,11,58
pffff,14,4,18
pfffff,8,3,11
pffffff,3,0,3
pfffffff,2,0,2
pffffffff,2,0,2
pfffffffff,0,1,1
pffffffffff,4,0,4
pffffffffffff,1,0,1
pffffffffffffff,1,1,2
pffffffffffffffffffffffffffff,1,0,1
pfffffffffffffffffffffftttttttt,1,0,1
pffffffffffft,2,0,2
pffffffffft,2,0,2
pfffffffft,1,0,1
pffffffft,2,0,2
pfffffft,0,1,1
pfffffh,1,0,1
pffffft,2,4,6
pffffh,0,1,1
pffffiouuu,1,0,1
pfffft,13,7,20
pfffftpfffft,1,0,1
pfffftt,1,0,1
pffffttt,1,1,2
pfffhhh,0,1,1
pfffiiiuuuhh,1,0,1
pffft,18,23,41
pffftt,4,1,5
pffhh,2,1,3
pffhpffhpffh,1,0,1
pffhpffhpfhh,1,0,1
pfft,82,72,154
pfftpshtss,1,0,1
pfftt,3,3,6
pffttt,1,1,2
pfftttt,1,1,2
pfftzzz,1,0,1
pfh,1,0,1
pfieffer,0,1,1
pfiew,0,1,1
pfiili,0,1,1
pfilippines,1,0,1
pfingst,0,2,2
pfingsten,1,0,1
pfingstfest,0,1,1
pfingstmontag,0,1,1
pfingstrose,0,1,1
pfiq,0,1,1
pfister,1,0,1
pfizer,2,1,3
pfl,1,1,2
pfm,0,1,1
pfn,0,1,1
pfoai,0,1,1
pforzheim,1,0,1
pfp,0,1,1
pfsense,0,2,2
pfsh,1,1,2
pfshh,1,0,1
pfsshh,1,0,1
pfssshtt,1,0,1
pft,21,13,34
pftt,2,1,3
pfttt,1,0,1
pftttttt,2,0,2
pfullendorf,0,1,1
pfunk,0,1,1
pfuuiih,1,0,1
pfw,1,2,3
pfww,0,1,1
pg,86,84,170
pga,2,11,13
pgaling,1,0,1
pgatour,0,1,1
pgawainya,1,0,1
pgb,0,1,1
pgc,1,0,1
pgce,0,2,2
pgcon,0,2,2
pgd,0,1,1
pgda,0,1,1
pge,0,1,1
pgen,1,0,1
pgg,0,1,1
pgh,9,9,18
pghmfanja,1,0,1
pghpenguins,1,0,1
pgl,0,1,1
pgm,1,0,1
pgma,0,1,1
pgn,13,5,18
pgod,1,0,1
pgpg,0,1,1
pgpm,2,0,2
pgr,4,1,5
pgraph,0,1,1
pgroove,1,0,1
pgs,17,16,33
pgsem,0,1,1
pgsm,0,2,2
pgsql,0,1,1
pgt,1,1,2
pgu,0,1,1
pgw,0,1,1
ph,104,88,192
pha,2,2,4
phaa,1,0,1
phaarrr,0,1,1
phace,2,0,2
phad,0,2,2
phaddy,0,1,1
phaedra,0,2,2
phaerie,0,1,1
phaeton,0,1,1
phage,0,1,1
phagocytosis,1,0,1
phaha,3,3,6
phahaha,0,2,2
phahahah,1,0,1
phai,2,1,3
phail,7,1,8
phailed,3,0,3
phair,1,3,4
phaket,1,0,1
phakisa,2,0,2
phal,0,1,1
phalanges,1,1,2
phalique,0,1,1
phallic,1,2,3
phalloides,0,1,1
phallus,1,2,3
phally,1,0,1
pham,1,2,3
phamily,0,2,2
phamton,0,1,1
phan,3,2,5
phanatic,0,2,2
phane,1,2,3
phangan,0,1,1
phanny,1,0,1
phans,0,2,2
phantasialand,3,0,3
phantasies,1,0,1
phantasmagoria,0,1,1
phantasmagoric,0,1,1
phantasmagorical,1,0,1
phantastic,1,2,3
phantasy,1,0,1
phanties,1,0,1
phantium,0,1,1
phantom,32,47,79
phantomile,1,0,1
phantoms,2,2,4
phanvilai,0,1,1
phaoloo,0,1,1
phaph,0,1,1
phappy,0,1,1
phaps,1,0,1
phar,0,1,1
pharama,1,0,1
pharangitis,1,0,1
pharao,0,1,1
pharaoh,2,0,2
pharcyde,0,1,1
pharell,0,6,6
pharex,0,1,1
pharlap,0,1,1
pharm,9,3,12
pharma,4,8,12
pharmaceutical,2,8,10
pharmaceuticals,0,2,2
pharmacies,0,2,2
pharmacist,7,9,16
pharmacists,3,0,3
pharmacology,5,4,9
pharmacy,55,20,75
pharmacying,0,1,1
pharmaseuticals,0,1,1
pharmchem,1,0,1
pharmecy,0,1,1
pharmhouse,0,1,1
pharmocology,0,1,1
pharms,2,0,2
pharoa,0,1,1
pharoah,1,0,1
pharoahe,1,1,2
pharoahs,1,0,1
pharoh,0,1,1
pharos,2,0,2
pharrel,1,0,1
pharrell,5,3,8
pharyngitis,4,0,4
pharyngulated,0,1,1
phase,74,95,169
phased,3,1,4
phasers,1,2,3
phases,7,9,16
phashion,0,1,1
phasing,2,3,5
phasinggggg,0,1,1
phast,0,1,1
phat,10,14,24
phatburgers,0,1,1
phatchance,0,1,1
phatdipped,0,1,1
phatfffat,2,1,3
phatgrips,1,0,1
phathead,0,1,1
phathom,0,1,1
phatphotos,0,1,1
phattt,1,0,1
phatty,3,2,5
phazz,0,1,1
phb,0,1,1
phbbt,0,1,1
phc,2,0,2
phch,1,0,1
phd,19,42,61
phdcomics,0,1,1
phds,1,1,2
phe,3,11,14
pheasant,4,4,8
pheasants,0,1,1
pheastant,1,0,1
phebe,0,1,1
phebes,1,0,1
phedippidations,0,1,1
phedre,1,3,4
phee,5,2,7
pheeeeeeew,1,0,1
pheeeew,1,0,1
pheeeewww,0,1,1
pheeew,0,1,1
pheef,1,0,1
pheefo,2,0,2
pheen,1,0,1
pheening,0,1,1
pheenix,1,0,1
pheesh,0,1,1
pheew,1,1,2
pheeww,1,2,3
pheewww,1,0,1
phela,1,0,1
phelan,1,0,1
phelem,1,0,1
phelm,1,1,2
phelp,0,1,1
phelps,7,9,16
phelpsy,0,1,1
phenagrin,1,0,1
phenergan,1,1,2
phenergen,0,1,1
phenes,0,1,1
pheno,0,1,1
phenom,5,5,10
phenome,0,3,3
phenomen,1,0,1
phenomena,3,3,6
phenomenal,16,62,78
phenomenallllllll,0,1,1
phenomenally,2,2,4
phenomenauts,0,1,1
phenomenol,0,1,1
phenomenological,0,1,1
phenomenology,1,0,1
phenomenom,1,0,1
phenomenon,3,17,20
phenomenons,0,1,1
phenominal,0,5,5
phenomnal,0,1,1
phenomonal,1,0,1
phenomonia,1,0,1
phenotypes,1,0,1
phenway,2,2,4
phenylephrine,2,0,2
phenytoin,1,0,1
pheobe,3,3,6
pheona,1,0,1
pheonix,5,11,16
pher,1,1,2
pherb,1,1,2
phere,0,1,1
pheromone,1,0,1
phers,0,1,1
phetch,0,1,1
phets,1,0,1
pheuw,0,1,1
pheuww,0,1,1
phew,130,280,410
phewff,0,1,1
phewph,1,0,1
pheww,4,7,11
phewww,0,2,2
phewwww,0,3,3
phewy,3,2,5
phfsh,1,0,1
phh,1,0,1
phhaa,0,1,1
phhe,1,0,1
phheewww,1,0,1
phhilippiness,0,1,1
phi,11,19,30
phia,2,1,3
phiafly,1,0,1
phibes,0,1,1
phick,0,1,1
phie,0,1,1
phienix,1,0,1
phierce,0,1,1
phieuw,0,1,1
phiilippines,1,0,1
phil,156,205,361
phila,3,2,5
philadelphia,49,30,79
philadlephia,0,1,1
philander,0,1,1
philanthropic,0,1,1
philanthropist,0,3,3
philanthropy,1,3,4
philatelists,1,0,1
philathropist,1,0,1
philbert,0,1,1
philbin,1,1,2
phildev,1,0,1
phile,0,6,6
philemon,0,1,1
philes,1,0,1
philgrant,1,0,1
philharmonia,1,0,1
philharmonic,2,2,4
phili,6,1,7
philidelphia,3,1,4
philien,1,0,1
philies,0,1,1
philiips,0,1,1
philine,0,1,1
philio,0,1,1
philip,25,24,49
philipa,1,0,1
philipe,1,0,1
philipglass,0,1,1
philipines,4,3,7
philipino,0,1,1
philiplilly,0,1,1
philiplocke,0,1,1
philipp,0,1,1
philippa,0,1,1
philippe,3,8,11
philippenes,1,0,1
philippians,0,3,3
philippine,17,28,45
philippines,246,437,683
philippinez,1,0,1
philippinian,0,1,1
philippino,0,1,1
philips,6,9,15
philisophical,0,1,1
philisophy,0,1,1
philistine,0,1,1
philiy,1,0,1
phill,3,4,7
philles,0,1,1
philli,2,2,4
phillie,0,1,1
philliees,0,1,1
phillies,60,47,107
phillip,25,35,60
phillipa,1,2,3
phillipdefranco,0,1,1
phillipe,2,5,7
phillipes,0,2,2
phillipine,0,1,1
phillipines,6,7,13
phillippa,0,1,1
phillippe,0,1,1
phillippines,2,2,4
phillips,8,8,16
phillistine,0,1,1
phillll,0,1,1
phillogy,0,1,1
phills,0,3,3
philly,300,218,518
phillycodecamp,1,0,1
phillyd,1,2,3
phillydogtraining,0,1,1
phillygoat,0,1,1
phillymoms,2,0,2
phillys,2,0,2
phillyyy,1,3,4
phillyyyy,0,1,1
phillyyyyyyyyyyyyyyyy,0,1,1
philmont,1,1,2
philo,5,8,13
philomath,1,0,1
philooo,1,0,1
philope,1,0,1
philos,0,1,1
philosofical,0,1,1
philosofy,0,1,1
philosohy,1,1,2
philosopher,5,10,15
philosophers,1,5,6
philosophical,9,23,32
philosophically,0,2,2
philosophie,1,1,2
philosophise,1,0,1
philosophizationing,1,0,1
philosophizin,0,1,1
philosopht,1,0,1
philosophy,57,91,148
philospher,0,1,1
philosphy,3,2,5
philospophizin,0,1,1
philp,0,1,1
philpackers,0,1,1
philpotts,0,1,1
philppines,1,2,3
phils,36,39,75
philsoophy,1,0,1
philtro,1,0,1
philwickham,0,3,3
phily,4,1,5
philyd,1,0,1
phim,4,1,5
phin,1,1,2
phine,3,0,3
phineas,11,20,31
phing,1,0,1
phiniiieeee,1,0,1
phink,0,1,1
phinneas,1,0,1
phinny,0,1,1
phipp,0,1,1
phipps,2,1,3
phipstape,1,0,1
phir,3,5,8
phirebase,1,0,1
phiroze,1,0,1
phis,2,0,2
phisci,1,0,1
phish,47,55,102
phished,4,0,4
phisher,1,0,1
phishermen,1,0,1
phishers,1,1,2
phishfood,0,1,1
phishin,0,1,1
phishing,7,10,17
phishlocked,1,0,1
phishtacular,0,1,1
phishtube,9,6,15
phisical,0,2,2
phisically,3,0,3
phisics,1,0,1
phit,0,1,1
phiten,1,1,2
phix,0,1,1
phizack,1,0,1
phizz,1,0,1
phizzone,0,1,1
phkin,1,0,1
phl,10,2,12
phlash,0,1,1
phlebotomy,5,1,6
phlegm,10,2,12
phlegmbot,1,0,1
phlegmily,0,1,1
phlegmisch,0,1,1
phlegmy,1,0,1
phlem,2,0,2
phling,1,0,1
phlip,0,1,1
phlippines,1,1,2
phllosophical,0,1,1
phlo,0,1,1
phlog,1,3,4
phlogs,1,1,2
phn,26,7,33
phnbff,0,1,1
phne,10,2,12
phneutral,0,1,1
phnoe,2,0,2
phnom,3,3,6
phns,1,1,2
phnx,1,1,2
pho,56,60,116
phoah,0,1,1
phoawr,0,1,1
phobe,1,2,3
phobia,57,18,75
phobias,5,4,9
phobic,3,1,4
phocking,0,1,1
phodinha,0,1,1
phoe,1,0,1
phoebe,25,21,46
phoebes,2,1,3
phoebs,2,1,3
phoebus,0,1,1
phoeeeeeeeebie,0,1,1
phoeler,0,1,1
phoen,2,3,5
phoenetically,1,0,1
phoenix,171,175,346
phoenixfm,0,2,2
phoenixtay,1,0,1
phoenixwolf,0,1,1
phoenixxxxx,0,1,1
phoenixxxxxx,0,1,1
phoenox,1,0,1
phoenyx,0,1,1
phoewee,0,1,1
phoey,1,0,1
phography,0,1,1
phogs,0,1,1
phoi,1,0,1
phoine,0,1,1
pholks,1,0,1
phome,1,0,1
phomission,0,1,1
phon,2,1,3
phone,9424,4081,13505
phoneapplicatio,0,1,1
phoneberry,0,1,1
phonebill,3,0,3
phonebook,8,7,15
phonebooks,0,1,1
phonecall,22,19,41
phonecalling,0,1,1
phonecalls,9,7,16
phonecharger,1,0,1
phonecharms,1,0,1
phonecias,0,1,1
phoneconfs,1,0,1
phoned,46,25,71
phonedog,1,0,1
phonee,17,9,26
phoneee,16,11,27
phoneeee,3,6,9
phoneeeee,2,3,5
phoneeeeee,1,1,2
phoneeeeeee,2,1,3
phoneeeeeeee,0,1,1
phoneeeeeeeee,1,0,1
phoneeeeeeeeee,1,0,1
phoneeeeeeeeeeeee,1,0,1
phoneeeeeeeeeeeeee,0,1,1
phonegap,0,1,1
phonegasm,1,0,1
phonein,1,0,1
phoneis,1,0,1
phoneix,1,0,1
phoneless,46,4,50
phoneline,4,0,4
phonemic,0,2,2
phonenix,1,0,1
phoneography,0,1,1
phonepic,1,0,1
phonera,0,1,1
phones,504,210,714
phoneshop,0,1,1
phonesick,1,0,1
phonesies,1,0,1
phonesnstuff,0,1,1
phonessss,1,0,1
phonetic,2,2,4
phonetically,0,1,1
phonetics,5,1,6
phonetorch,0,1,1
phoneview,0,2,2
phonevite,0,1,1
phoney,2,0,2
phonez,2,0,2
phonezoo,0,1,1
phonezz,1,0,1
phong,5,1,6
phonician,0,1,1
phonics,2,4,6
phonies,1,0,1
phoning,16,17,33
phonneee,2,0,2
phonnne,2,0,2
phono,1,1,2
phonogram,1,0,1
phonograph,1,0,1
phonography,0,2,2
phonology,2,0,2
phonophobia,0,1,1
phonte,3,0,3
phonw,0,1,1
phony,5,8,13
phonys,1,0,1
phoo,1,0,1
phooey,15,0,15
phooka,1,0,1
phoone,3,1,4
phoones,0,1,1
phooo,1,0,1
phoooey,1,1,2
phooone,4,0,4
phooonee,0,1,1
phoooo,0,1,1
phoooone,0,3,3
phooooneee,1,0,1
phoooonnneeeeee,1,0,1
phooooone,1,0,1
phoooooonee,1,0,1
phoooooto,0,1,1
phooshoot,0,1,1
phoosm,0,1,1
phootbooth,1,0,1
phootoboothingisfunforbunny,0,1,1
phooy,1,0,1
phop,1,0,1
phor,1,0,1
phorget,0,1,1
phorm,1,1,2
phormalll,1,0,1
phoro,0,1,1
phortach,0,1,1
phorum,0,2,2
phorvarina,0,1,1
phosis,1,0,1
phosophy,0,1,1
phosphates,1,0,1
phot,4,2,6
photage,1,0,1
photeetup,1,0,1
photg,0,1,1
photgrapher,1,0,1
photgraphy,0,1,1
phothos,1,0,1
photie,0,1,1
photies,1,3,4
photo,1133,1880,3013
photoa,1,0,1
photoalbum,0,1,1
photobiz,1,0,1
photoblog,4,9,13
photoboards,0,1,1
photobomb,0,1,1
photobombing,1,1,2
photobook,1,5,6
photobooks,1,0,1
photobooth,13,13,26
photobooths,1,0,1
photoboth,0,2,2
photobox,0,1,1
photobucket,43,36,79
photobuckets,1,0,1
photocamera,0,1,1
photocard,1,0,1
photocell,1,0,1
photochic,0,1,1
photocleaner,0,2,2
photocopied,2,0,2
photocopier,3,2,5
photocopies,2,1,3
photocopy,7,3,10
photocopying,2,3,5
photoday,0,1,1
photoedit,0,1,1
photoediting,0,1,1
photoes,0,1,1
photofiles,0,1,1
photofiltre,2,3,5
photoflixer,0,1,1
photofollows,1,7,8
photoframe,1,1,2
photofriday,0,1,1
photofunia,0,1,1
photog,25,46,71
photogear,0,1,1
photogeeking,1,0,1
photogene,0,1,1
photogenic,13,12,25
photoggin,1,0,1
photogra,0,1,1
photografica,0,1,1
photogragh,0,1,1
photograghy,0,1,1
photograher,0,1,1
photograhpic,0,1,1
photograpahy,0,1,1
photograper,0,1,1
photograpgher,0,1,1
photograph,25,57,82
photographable,0,1,1
photographe,0,2,2
photographed,8,14,22
photographer,53,150,203
photographers,16,42,58
photographes,0,1,1
photographic,7,17,24
photographically,0,1,1
photographico,0,1,1
photographies,0,3,3
photographing,23,34,57
photographs,14,35,49
photography,134,316,450
photographyclass,0,1,1
photographys,0,1,1
photographyy,0,2,2
photogrphic,1,0,1
photogs,4,14,18
photohop,1,0,1
photoid,1,0,1
photoise,0,1,1
photojob,0,1,1
photojournal,0,1,1
photojournalism,0,1,1
photojournalist,3,1,4
photojourno,0,1,1
photolaabb,1,0,1
photolab,1,0,1
photolog,1,0,1
photomania,2,0,2
photomanip,1,0,1
photomarathon,4,1,5
photomatix,0,1,1
photomedia,0,2,2
photomission,0,1,1
photon,0,3,3
photonically,0,1,1
photons,2,1,3
photoo,0,2,2
photooftheday,0,1,1
photooo,0,3,3
photoooo,0,1,1
photooooos,0,1,1
photoossss,0,1,1
photopass,2,0,2
photopgraher,1,0,1
photophiles,0,1,1
photophillic,1,0,1
photoplan,1,0,1
photorec,1,0,1
photos,889,1429,2318
photoscape,4,1,5
photosensitive,2,0,2
photosensitivity,1,0,1
photosession,1,0,1
photosharing,0,2,2
photoshelter,1,0,1
photoshhot,0,1,1
photoshoooot,0,1,1
photoshoop,0,1,1
photoshoot,99,206,305
photoshooting,2,1,3
photoshoots,8,12,20
photoshop,229,241,470
photoshoped,1,2,3
photoshoping,0,1,1
photoshopltd,0,2,2
photoshopped,16,10,26
photoshopper,0,1,1
photoshoppers,0,2,2
photoshoppin,0,1,1
photoshopping,7,16,23
photoshoppings,0,2,2
photoshoppping,1,0,1
photoshoppy,0,1,1
photoshops,1,0,1
photoshot,1,2,3
photoshp,0,1,1
photosmart,0,2,2
photosoot,1,0,1
photoss,0,1,1
photosss,1,0,1
photostickers,0,1,1
photostop,1,0,1
photostory,1,0,1
photostream,0,9,9
photostuff,0,1,1
photosynth,0,3,3
photosynthesis,0,2,2
photosynthesize,0,1,1
phototip,0,4,4
phototouch,0,1,1
photots,0,1,1
photovia,12,21,33
photovision,0,1,1
photovoltaic,1,0,1
photovoltaics,0,1,1
photowalk,8,5,13
photowalkers,1,0,1
photowalkingutah,1,0,1
photowalks,2,0,2
photowork,0,1,1
photoworld,0,1,1
phots,0,2,2
photshoot,0,4,4
photshop,0,1,1
phoung,1,0,1
phouse,0,1,1
php,146,139,285
phpbay,1,0,1
phpbb,3,1,4
phpc,0,1,1
phpcamp,1,0,1
phped,0,1,1
phping,0,1,1
phpkonferenca,0,6,6
phpldapadmin,1,0,1
phplist,1,1,2
phplurk,27,11,38
phplurks,4,0,4
phpmotion,1,0,1
phpmyadmin,3,4,7
phpmyvisites,0,2,2
phpne,1,0,1
phpnw,1,0,1
phpscconf,0,1,1
phptal,0,1,1
phpuk,1,0,1
phpundercontrol,0,1,1
phpunit,0,2,2
phpvikinger,2,0,2
phpwm,0,1,1
phpwomen,0,1,1
phq,1,0,1
phr,1,0,1
phrack,1,2,3
phrase,40,141,181
phrased,0,1,1
phrasee,1,0,1
phrases,17,21,38
phrasing,5,2,7
phrat,1,0,1
phre,1,0,1
phreak,0,1,1
phreakaholic,3,3,6
phreaky,0,1,1
phred,0,1,1
phreddish,1,0,1
phresh,1,2,3
phreshy,1,0,1
phrf,1,0,1
phriends,1,1,2
phrkn,1,0,1
phrma,0,1,1
phrom,0,1,1
phs,1,4,5
phsco,1,0,1
phse,2,0,2
phsiycs,1,0,1
phsyced,0,1,1
phsyched,2,0,2
phsycho,0,1,1
phsycic,0,2,2
phsyco,1,1,2
phsycotic,0,1,1
phsyical,1,0,1
pht,0,2,2
phtcrack,0,1,1
phtoecs,1,0,1
phtogrphr,1,0,1
phtos,1,0,1
phts,1,0,1
phtwit,0,1,1
phtwitter,3,1,4
phtwitters,1,1,2
phtwochua,0,1,1
phu,0,1,1
phua,2,0,2
phuc,0,1,1
phucced,1,0,1
phucchi,0,1,1
phuck,4,4,8
phucked,2,2,4
phuckin,2,0,2
phucking,0,1,1
phuckn,1,0,1
phud,0,1,1
phug,1,0,1
phuhs,0,1,1
phuket,9,14,23
phull,1,0,1
phumza,1,0,1
phun,3,4,7
phung,0,1,1
phunk,1,2,3
phunnn,0,3,3
phunny,0,3,3
phuong,1,0,1
phuture,1,3,4
phuu,0,1,1
phv,1,0,1
phwaor,0,1,1
phwoaaarrr,1,0,1
phwoah,2,0,2
phwoahh,0,1,1
phwoahhh,1,0,1
phwoar,2,9,11
phwoargh,0,1,1
phwoarrr,0,1,1
phwom,1,0,1
phx,47,48,95
phxpride,0,1,1
phy,2,2,4
phyc,1,0,1
phych,1,0,1
phyched,1,0,1
phycisist,0,1,1
phyical,0,1,1
phyisical,0,1,1
phyisist,0,1,1
phyl,0,1,1
phylab,0,1,1
phylee,0,1,1
phylencia,0,1,1
phylicia,0,4,4
phylicialicious,1,0,1
phyliss,1,1,2
phyllis,8,5,13
phylo,1,0,1
phylogeny,1,0,1
phyo,0,6,6
phyra,0,1,1
phyreallysucks,1,0,1
phys,17,4,21
physc,0,1,1
physced,0,2,2
physched,0,1,1
physchotic,1,0,1
physcial,2,0,2
physcially,1,0,1
physcis,0,1,1
physco,2,4,6
physcosymatic,1,0,1
physcoweirdobuddy,1,0,1
physed,1,0,1
physgraf,0,1,1
physic,12,5,17
physical,189,102,291
physicality,1,0,1
physicall,0,1,1
physically,137,41,178
physicals,4,1,5
physicaly,4,1,5
physicially,1,0,1
physician,3,3,6
physicians,1,0,1
physicist,0,5,5
physicists,0,1,1
physicly,1,0,1
physics,369,162,531
physicsphysicsphysicsphysics,1,0,1
physicss,2,0,2
physie,1,0,1
physik,0,1,1
physiks,1,0,1
physio,67,16,83
physiological,1,0,1
physiology,14,14,28
physioooooo,0,1,1
physios,1,0,1
physiotherapist,3,0,3
physiotherapy,7,1,8
physique,1,5,6
physucks,1,0,1
physycology,1,0,1
phythagoras,1,0,1
phytochemicals,0,1,1
phytoestrogens,1,0,1
phytophilia,1,0,1
phytoplankton,1,0,1
phytoremediation,1,0,1
pi,71,62,133
pia,12,20,32
piaaa,1,0,1
piace,1,3,4
piacere,1,1,2
piacerebbe,1,0,1
piad,1,0,1
piada,0,1,1
piaf,0,1,1
piaget,0,1,1
pian,2,1,3
pianist,6,12,18
pianiste,0,1,1
pianists,0,1,1
piann,0,1,1
piano,250,348,598
pianoing,1,0,1
pianomusic,0,1,1
pianony,0,1,1
pianoo,0,2,2
pianooo,0,1,1
pianoooo,0,1,1
pianos,7,5,12
pianotime,0,1,1
pianoy,0,2,2
piant,0,1,1
pianta,2,0,2
pias,2,0,2
piatti,1,0,1
piatto,0,1,1
piattos,1,1,2
piatu,1,0,1
piaza,0,1,1
piazza,3,5,8
pib,0,2,2
pibb,1,1,2
pibbles,0,1,1
pibbs,0,1,1
pibk,0,1,1
pic,2319,3699,6018
pica,0,3,3
picacio,1,0,1
picadillo,1,2,3
picadilly,5,5,10
picador,1,1,2
picah,0,1,1
picalili,1,0,1
picamo,1,0,1
pican,0,1,1
picanha,0,1,1
picanic,1,0,1
picante,0,2,2
picanto,0,1,1
picantooo,0,1,1
picard,13,10,23
picardo,1,2,3
picasa,9,12,21
picasillyville,1,0,1
picassa,1,0,1
picasso,7,7,14
picassochic,1,0,1
picassos,1,0,1
picat,1,1,2
picature,0,2,2
picbug,0,1,1
picc,5,3,8
piccaa,1,0,1
piccadilly,5,8,13
piccadily,0,1,1
piccalo,1,0,1
piccanto,0,1,1
piccata,0,2,2
piccc,1,1,2
picccccc,1,0,1
piccccccc,0,1,1
piccccy,0,1,1
piccckkk,1,0,1
picchu,2,2,4
piccie,2,13,15
piccieeeeeeeee,1,0,1
piccies,6,14,20
piccino,1,0,1
piccis,0,1,1
piccle,1,0,1
piccn,0,1,1
picco,0,1,1
piccoli,1,0,1
piccolo,5,3,8
piccolospoleto,0,1,1
piccs,0,1,1
picctureee,1,0,1
piccy,12,17,29
piccys,1,6,7
piccyture,2,0,2
pice,2,2,4
piced,1,0,1
picetl,0,1,1
picfor,1,0,1
pich,1,0,1
pichaas,0,1,1
pichas,1,1,2
piche,0,1,1
picher,0,6,6
pichi,0,2,2
pichiins,0,1,1
pichli,0,1,1
pichling,0,1,1
pichlmair,0,1,1
pichu,3,0,3
pichuers,0,1,1
picinc,1,0,1
picinic,0,2,2
picinics,0,1,1
picipi,1,0,1
pick,1349,1523,2872
pickanny,0,1,1
pickaxe,0,1,1
pickd,3,0,3
pickded,1,0,1
picked,545,595,1140
pickem,1,1,2
picken,1,2,3
pickens,1,0,1
picker,5,10,15
pickereing,1,0,1
pickering,5,4,9
pickerl,0,1,1
pickers,1,1,2
pickes,0,1,1
picket,0,2,2
picketed,0,1,1
picketers,1,0,1
pickett,0,3,3
pickey,1,0,1
pickfines,0,1,1
pickford,2,0,2
pickie,3,0,3
pickies,1,0,1
pickiin,0,1,1
pickin,30,27,57
pickiness,1,1,2
picking,363,403,766
pickinggg,0,1,1
pickings,1,1,2
pickinn,0,1,1
pickk,1,0,1
pickking,0,1,1
pickkk,0,1,1
pickkshaa,0,1,1
pickle,44,56,100
pickled,6,11,17
picklepuss,0,1,1
pickler,7,21,28
pickles,37,38,75
pickless,0,1,1
picklets,1,0,1
pickling,1,1,2
pickmeup,0,1,1
pickney,0,2,2
picknic,0,2,2
picknick,1,5,6
picknicking,0,1,1
picknik,1,0,1
picknmix,1,0,1
pickpocket,1,0,1
pickpocketed,2,0,2
pickpocketing,1,1,2
pickpockets,1,1,2
pickrset,1,0,1
picks,83,86,169
picksburgh,0,2,2
pickup,30,36,66
pickupline,0,1,1
pickups,10,4,14
pickwick,0,1,1
picky,50,47,97
pickyness,0,2,2
picli,0,3,3
picliked,0,1,1
picline,1,0,1
picmessage,1,0,1
picnic,225,375,600
picniccy,0,1,1
picniche,0,3,3
picnicing,0,4,4
picnick,1,1,2
picnicked,1,0,1
picnicking,0,2,2
picnicky,0,1,1
picnics,8,20,28
picnik,7,9,16
picniking,0,1,1
picninc,0,1,1
picnya,0,1,1
pico,5,3,8
picol,1,0,1
picolo,0,1,1
picones,0,1,1
picopict,1,0,1
picoult,4,10,14
picpodcast,0,1,1
picross,0,5,5
pics,1753,2782,4535
picshurrs,0,1,1
picspam,1,7,8
picspams,0,1,1
picss,0,2,2
picsss,1,3,4
picssss,0,1,1
picsssss,0,1,1
picstures,0,1,1
picsz,1,1,2
picszzz,0,1,1
pict,5,21,26
picta,0,1,1
pictage,1,0,1
pictahsss,0,1,1
picth,1,0,1
picthers,1,0,1
pictiature,0,1,1
pictionary,4,5,9
pictionaryy,0,1,1
pictire,0,1,1
pictographs,1,0,1
picton,1,1,2
pictopic,0,1,1
pictoral,0,1,1
pictorial,3,5,8
pictorials,0,1,1
pictorz,0,1,1
picts,4,5,9
pictt,0,1,1
pictttures,0,1,1
pictu,1,2,3
pictue,2,1,3
pictuers,0,2,2
pictues,1,0,1
pictur,1,1,2
picturan,1,2,3
picture,2106,2533,4639
picturebut,1,0,1
pictured,8,17,25
picturedrome,0,1,1
picturee,3,7,10
pictureee,4,6,10
pictureeee,3,4,7
pictureeeee,1,0,1
pictureeeeeee,1,0,1
pictureeeeeeee,2,1,3
pictureeeeeeeeeeeeee,0,1,1
pictureeeeeeeeeeeeeeeeeeeee,1,0,1
pictureessss,0,1,1
picturehouse,1,1,2
pictureis,1,0,1
pictureless,8,0,8
pictureme,1,0,1
picturenya,0,1,1
pictures,1169,1809,2978
picturesforsadchildren,1,0,1
picturesnof,1,0,1
picturesque,0,6,6
picturess,2,1,3
picturesss,1,5,6
picturessss,2,0,2
picturesssss,0,4,4
picturesssssss,2,0,2
picturing,8,11,19
picturisation,0,1,1
picturs,0,2,2
picturse,1,0,1
picturses,1,0,1
pictus,0,1,1
pictuures,0,1,1
pictuurs,1,0,1
pictuuureess,0,1,1
pictuuuures,1,0,1
picu,1,0,1
picures,1,0,1
picutes,0,1,1
picutre,1,3,4
picutres,1,1,2
picutures,0,1,1
picx,1,2,3
picyure,0,1,1
picyy,0,1,1
picz,4,3,7
picza,0,1,1
piczers,0,1,1
piczo,4,6,10
pid,7,4,11
pida,0,1,1
pidc,1,0,1
piddle,1,0,1
piddled,3,0,3
piddling,2,0,2
piddly,1,0,1
piddypiddypoo,0,1,1
pide,2,1,3
pider,1,1,2
piderman,2,0,2
pidge,1,0,1
pidgen,1,0,1
pidgeon,2,1,3
pidgeons,0,3,3
pidgin,24,17,41
pidginsnarl,0,1,1
pidgy,1,0,1
pidivatham,0,1,1
pido,1,1,2
pidomain,0,1,1
pie,248,389,637
pieace,1,0,1
piebald,0,2,2
piece,534,558,1092
piecee,1,0,1
pieceing,1,0,1
pieces,236,193,429
piecessss,1,2,3
piecew,0,1,1
piechamp,1,2,3
piecin,0,1,1
piecing,1,4,5
piecrcing,0,1,1
piecses,1,0,1
pied,3,5,8
piedal,0,1,1
piedmont,3,4,7
piedmontpark,0,1,1
piedod,0,1,1
piedz,0,3,3
piee,0,1,1
pieeee,1,0,1
pieeeeeeeeeeeeee,1,0,1
piehole,0,1,1
pielea,1,0,1
piemaker,0,2,2
piemonte,1,1,2
pien,2,0,2
pienso,0,1,1
piepa,1,0,1
pier,43,47,90
pierce,16,25,41
pierced,72,88,160
pierceddd,0,1,1
piercedpeopledoesitbetter,0,1,1
pierceing,1,0,1
piercer,5,1,6
pierces,0,2,2
piercin,0,1,1
piercing,123,83,206
piercinggg,0,1,1
piercings,44,27,71
piercngs,0,1,1
pierdut,1,0,1
pierhead,0,1,1
pieri,0,1,1
pierina,0,1,1
pierino,0,1,1
pierogi,2,0,2
pierogies,2,0,2
pierone,0,1,1
pieroo,1,0,1
pierpont,0,1,1
pierre,17,20,37
pierric,1,0,1
pierrick,0,1,1
pierrot,0,1,1
piers,7,10,17
pierson,0,1,1
pierwsze,0,1,1
pierwszy,0,1,1
pies,48,77,125
piesa,0,1,1
pieses,0,1,1
pieseseeesss,1,0,1
piestewa,1,0,1
piet,0,4,4
pieta,0,1,1
pietasters,0,1,1
pieter,3,1,4
pietermaai,1,0,1
pietes,0,1,1
pietro,1,0,1
pietrus,1,2,3
piety,1,0,1
pif,2,3,5
piff,3,4,7
piffed,1,0,1
pifljay,0,1,1
pig,211,168,379
pigasus,0,1,1
pigay,0,1,1
pigbirdcowflu,1,0,1
pigeon,51,31,82
pigeons,25,14,39
pigeos,0,1,1
pigfest,1,0,1
pigflu,0,1,1
pigg,2,4,6
pigged,6,0,6
piggeh,1,1,2
pigggggggggg,1,0,1
piggggy,0,1,1
piggie,7,4,11
piggies,8,7,15
piggin,4,2,6
pigginess,1,0,1
pigging,10,11,21
piggio,1,0,1
piggish,0,1,1
piggle,0,2,2
piggledy,0,1,1
piggles,1,0,1
pigglet,1,0,1
piggley,0,1,1
piggls,0,1,1
piggly,1,2,3
piggy,57,44,101
piggyback,2,3,5
piggybacked,1,0,1
piggybacking,0,2,2
piggybank,0,1,1
piggys,1,2,3
piggystuff,0,1,1
piging,0,2,2
pigion,1,1,2
pigless,2,0,2
piglet,10,11,21
piglets,1,3,4
piglett,1,0,1
pigman,1,0,1
pigme,1,0,1
pigment,3,4,7
pigmentation,2,0,2
pigmented,1,0,1
pigments,2,1,3
pigmy,1,0,1
pignatelli,1,0,1
pignoli,1,0,1
pignose,1,0,1
pigout,1,0,1
pigpen,1,0,1
pigrams,0,1,1
pigs,100,91,191
pigsaredirty,0,1,1
pigsbum,1,0,1
pigskin,1,0,1
pigslothregular,1,0,1
pigster,1,0,1
pigsty,3,1,4
pigstye,1,1,2
pigtail,2,0,2
pigtails,5,9,14
pigunz,1,0,1
pih,2,2,4
piha,1,0,1
pii,2,0,2
piiccc,0,1,1
piicccturreesss,0,1,1
piickiing,1,0,1
piicture,0,3,3
piie,0,1,1
piieces,1,0,1
piigy,1,0,1
piii,1,0,1
piiiigs,1,0,1
piiiiichher,0,1,1
piiiiiiiiizzaaaa,0,1,1
piiiiincess,0,1,1
piiiiiza,0,1,1
piiiissed,1,0,1
piiiissseedd,1,0,1
piiiizza,1,0,1
piiizza,0,1,1
piinkberry,0,1,1
piiss,0,1,1
piizza,1,1,2
pijahat,0,1,1
pijama,1,2,3
pijamas,2,1,3
pijja,1,0,1
pik,11,10,21
pika,1,3,4
pikacha,0,1,1
pikachoi,1,0,1
pikachu,5,10,15
pikanichi,0,1,1
pikchas,1,0,1
pikchur,1,0,1
pikchurr,0,1,1
pikcing,0,1,1
pikd,0,1,1
pike,19,17,36
piked,2,2,4
pikelet,0,1,1
pikelets,2,0,2
pikeplace,0,1,1
pikes,3,6,9
pikey,1,2,3
pikicentral,0,1,1
pikies,1,0,1
pikin,1,1,2
piking,2,1,3
pikir,2,2,4
pikiran,2,0,2
pikko,2,0,2
pikle,0,1,1
piklets,0,1,1
pikmin,3,3,6
piknic,1,0,1
piknik,1,1,2
piko,1,0,1
piks,1,4,5
pikshur,0,2,2
pikshurs,1,0,1
piksoentjie,0,1,1
piktchas,0,1,1
pikture,1,1,2
piku,0,1,1
pikung,0,1,1
pil,2,1,3
pila,2,1,3
pilaf,2,2,4
pilah,0,1,1
pilahi,0,1,1
pilani,1,2,3
pilar,1,5,6
pilate,0,1,1
pilates,56,73,129
pilatessss,0,1,1
pilaw,0,1,1
pilca,0,1,1
pilcher,0,2,2
pilchers,0,1,1
pile,172,94,266
pileated,1,0,1
piled,17,10,27
piledrived,1,0,1
pilek,3,0,3
piles,40,10,50
pileup,1,0,1
pilfer,0,2,2
pilfered,1,0,1
pilgrim,10,7,17
pilgrimage,3,8,11
pilgrims,2,1,3
pilha,1,0,1
pili,2,0,2
pilick,0,1,1
pilih,0,1,1
pilihan,1,0,1
piliin,0,2,2
pilimarly,1,0,1
piling,21,4,25
piliphina,1,0,1
pilipinas,3,4,7
pilipino,0,3,3
pilita,0,1,1
pilitan,0,1,1
pilkington,0,1,1
pill,99,75,174
pilla,0,1,1
pillage,0,3,3
pillaged,1,0,1
pillaging,0,1,1
pillanatai,0,1,1
pillar,6,3,9
pillares,1,0,1
pillars,4,4,8
pille,0,1,1
pilled,2,0,2
piller,0,1,1
pillion,1,3,4
pilliow,1,0,1
pillllzz,0,1,1
pilllow,1,0,1
pillly,1,0,1
pillman,0,2,2
pillo,0,1,1
pillor,0,1,1
pillow,232,180,412
pillowbiter,1,0,1
pillowcase,3,3,6
pillowcases,0,1,1
pillowfight,0,1,1
pillowfighting,1,0,1
pillowman,0,1,1
pillows,57,54,111
pillowtalk,0,1,1
pillowtop,0,2,2
pills,256,88,344
pillsberry,0,1,1
pillsbury,4,1,5
pilly,1,1,2
pillz,1,0,1
pilmers,1,0,1
pilo,1,0,1
pilobolus,0,1,1
pilones,1,0,1
pilonidal,1,0,1
pilot,109,96,205
piloted,1,0,1
piloting,0,2,2
pilotmouse,1,0,1
pilotpenftw,0,1,1
pilots,16,10,26
pilow,0,2,2
pilows,0,1,1
piloxing,2,0,2
pilpres,0,2,2
pils,1,0,1
pilsbury,0,1,1
pilsen,1,2,3
pilsner,2,3,5
piltdown,0,1,1
pilton,1,0,1
pilzen,0,1,1
pim,19,20,39
pima,3,1,4
pimc,1,0,1
pimentel,0,2,2
pimento,0,1,1
pimentos,0,1,1
pimkie,1,0,1
pimlico,0,2,2
pimm,4,1,5
pimms,16,37,53
pimp,33,105,138
pimpalicious,0,1,1
pimped,4,13,17
pimper,0,2,2
pimpette,0,1,1
pimpin,15,47,62
pimping,5,28,33
pimpinnnn,0,1,1
pimple,80,11,91
pimpleites,1,0,1
pimples,35,5,40
pimply,0,1,1
pimpppp,2,0,2
pimps,6,11,17
pimpspace,0,1,1
pimptastic,2,0,2
pims,3,1,4
pin,124,108,232
pina,8,25,33
pinaasa,1,0,1
pinabayaan,1,0,1
pinabile,1,0,1
pinada,0,1,1
pinafore,0,1,1
pinaghandaan,1,0,1
pinagmulan,0,1,1
pinagnasaan,0,1,1
pinaise,1,0,1
pinaka,1,3,4
pinakain,1,0,1
pinakbet,0,1,1
pinakita,0,1,1
pinalampas,0,1,1
pinally,0,1,1
pinangiyo,1,0,1
pinanuod,0,1,1
pinapagawa,0,1,1
pinapanood,0,1,1
pinapatugtog,0,1,1
pinapple,4,2,6
pinappleness,0,1,1
pinapplez,1,0,1
pinarello,1,1,2
pinas,10,10,20
pinata,5,13,18
pinatas,2,2,4
pinatubo,0,2,2
pinatugtog,1,0,1
pinax,3,1,4
pinay,2,4,6
pinback,0,1,1
pinball,11,4,15
pinboard,0,1,1
pinbrawl,1,0,1
pinc,0,1,1
pinch,27,59,86
pinche,3,3,6
pinched,61,5,66
pinchedd,1,0,1
pincher,1,1,2
pinchers,1,1,2
pinches,6,7,13
pinchi,1,0,1
pinchii,1,0,1
pinchin,0,1,1
pinching,4,4,8
pincho,0,3,3
pinchoman,0,1,1
pinchwisdom,0,1,1
pinchy,3,0,3
pincio,1,0,1
pinckneyville,0,1,1
pincode,1,0,1
pincushion,2,0,2
pind,0,1,1
pindah,3,0,3
pindahan,1,0,1
pindahin,0,1,1
pinder,0,1,1
pindot,0,1,1
pindotted,0,1,1
pine,52,86,138
pineaaples,1,0,1
pineaple,0,1,1
pineaples,0,1,1
pineapple,71,158,229
pineapples,11,12,23
pineappleskinners,0,1,1
pineappleupsidedown,0,1,1
pineappley,0,1,1
pineback,1,0,1
pinebeetle,1,0,1
pinecone,2,0,2
pineconed,0,1,1
pinecones,0,1,1
pined,2,0,2
pineforest,0,1,1
pinehurst,2,0,2
pineiro,1,0,1
pinellas,3,1,4
pinery,0,1,1
pines,14,15,29
pinesol,1,0,1
pinetime,1,0,1
pinetown,1,0,1
pinewood,2,1,3
piney,0,1,1
ping,80,144,224
pinga,1,0,1
pingages,1,0,1
pingara,0,1,1
pingback,0,1,1
pingd,0,1,1
pinged,5,2,7
pinger,1,0,1
pingfire,1,0,1
pingfm,2,0,2
pinggang,1,0,1
pinggangache,1,0,1
pingin,6,0,6
pinging,38,37,75
pinginn,1,0,1
pingle,0,3,3
pingoo,0,2,2
pingping,1,0,1
pingpipilitan,0,1,1
pingpong,3,4,7
pingquach,0,1,1
pings,4,3,7
pingsan,1,0,1
pingss,0,1,1
pingthesemanticweb,1,0,1
pingu,1,4,5
pinguim,1,0,1
pinguins,0,1,1
pingus,0,1,1
pingyao,2,0,2
pinhead,1,0,1
pinhole,1,5,6
pinic,1,0,1
pinikpikan,0,1,1
pining,18,4,22
pinipilit,0,1,1
pinjam,0,2,2
pinjem,0,2,2
pink,693,1004,1697
pinkangelsforthecure,0,1,1
pinkantoinette,0,1,1
pinkard,0,1,1
pinkat,0,1,1
pinkberries,0,1,1
pinkberrry,1,1,2
pinkberrryyy,0,1,1
pinkberry,63,49,112
pinkberrys,1,1,2
pinkbfly,0,1,1
pinkchaddi,0,1,1
pinkchalkstudio,1,0,1
pinkdot,0,1,1
pinker,0,1,1
pinkers,1,0,1
pinkerton,1,0,1
pinkett,1,3,4
pinkey,0,2,2
pinkeye,12,1,13
pinkfloyd,1,0,1
pinkfluffygay,0,1,1
pinkg,0,1,1
pinkguitarchick,0,1,1
pinkhaze,0,1,1
pinkie,17,6,23
pinkies,2,2,4
pinking,1,1,2
pinkink,0,1,1
pinkish,4,5,9
pinkishh,0,1,1
pinkishred,1,0,1
pinkk,0,4,4
pinkkk,0,1,1
pinkkkkkkk,0,1,1
pinkkyyy,0,1,1
pinklao,1,0,1
pinklicious,0,1,1
pinkluxetip,0,1,1
pinkly,1,1,2
pinkness,1,3,4
pinkos,0,1,1
pinkpanther,0,1,1
pinkpop,33,39,72
pinkpopdag,0,1,1
pinkpotato,0,1,1
pinks,8,13,21
pinkslip,1,0,1
pinkster,1,0,1
pinksteren,2,2,4
pinkston,0,1,1
pinktooth,0,1,1
pinkville,0,1,1
pinkwater,0,1,1
pinkwind,0,1,1
pinky,113,67,180
pinkyless,1,0,1
pinkypinky,0,1,1
pinkyponk,1,0,1
pinkys,1,0,1
pinkytoast,0,1,1
pinkyy,1,0,1
pinkz,1,1,2
pinnacle,10,6,16
pinnacles,0,1,1
pinnadi,0,1,1
pinned,8,16,24
pinnette,0,1,1
pinning,4,5,9
pinningnew,1,0,1
pinnnk,0,1,1
pinnwand,1,1,2
pino,0,4,4
pinocchico,0,1,1
pinocchio,4,4,8
pinochio,0,1,1
pinoi,1,0,1
pinoko,1,0,1
pinole,1,0,1
pinon,0,1,1
pinos,0,1,1
pinot,13,36,49
pinotage,1,1,2
pinotnoir,1,0,1
pinots,0,2,2
pinoy,13,29,42
pinoybiyahe,0,1,1
pinoygraphers,0,1,1
pinoys,1,6,7
pinoyzz,0,1,1
pinpinim,0,1,1
pinpoint,10,35,45
pinpoints,1,0,1
pinqy,0,1,1
pins,96,35,131
pinsan,0,2,2
pinsandneedles,1,0,1
pinse,0,1,1
pinsher,1,0,1
pinsk,0,1,1
pinsky,1,0,1
pinstack,1,0,1
pinstar,1,0,1
pinstorm,1,1,2
pinstripe,5,3,8
pinstriped,0,2,2
pinstripes,0,1,1
pinstriping,1,0,1
pint,65,107,172
pinta,2,2,4
pintade,0,1,1
pintage,1,0,1
pintakasi,1,0,1
pintar,1,0,1
pinte,0,1,1
pintei,0,1,1
pinter,2,4,6
pinting,0,2,2
pinto,7,4,11
pintos,1,0,1
pints,31,22,53
pintsli,0,1,1
pintura,0,1,1
pintxos,0,1,1
pinty,1,0,1
pinugin,0,1,1
pinup,4,7,11
pinupfiles,0,1,1
pinuplifestyle,0,1,1
pinups,0,1,1
pinupuntahan,1,0,1
pinurl,1,0,1
pinwhackingtastic,0,1,1
pinwheel,1,3,4
pinwheels,1,0,1
piny,0,1,1
pinyata,1,0,1
pinyin,0,2,2
pio,2,2,4
pioche,1,0,1
piod,1,0,1
pioint,1,0,1
piola,1,0,1
piolet,0,1,1
piolo,0,1,1
pioneer,8,14,22
pioneering,0,2,2
pioneerof,0,1,1
pioneers,2,2,4
piont,3,0,3
pior,4,0,4
pios,0,1,1
piot,1,0,1
piotr,0,1,1
piou,2,0,2
pious,0,2,2
pip,15,24,39
pipa,0,1,1
pipastrel,1,0,1
pipboy,0,1,1
pipe,50,48,98
pipeline,5,13,18
pipelines,1,0,1
piper,14,20,34
pipers,2,2,4
pipes,20,20,40
pipetas,0,1,1
pipette,0,1,1
pipettes,2,0,2
pipex,0,2,2
pipi,4,1,5
pipic,1,0,1
pipin,1,1,2
piping,6,4,10
pipis,2,0,2
pipito,0,1,1
pipl,1,1,2
pipol,3,2,5
pipon,1,0,1
pippa,2,7,9
pippas,1,0,1
pipped,2,1,3
pippeemoooeee,1,0,1
pippen,0,1,1
pippi,2,0,2
pippin,3,9,12
pipping,1,2,3
pippy,1,2,3
pips,8,11,19
pipski,0,1,1
pipsss,1,0,1
pipuxo,0,1,1
pipz,1,2,3
piqu,0,1,1
pique,2,3,5
piquet,4,4,8
piquetes,1,0,1
pir,1,3,4
piraat,0,1,1
piracy,9,8,17
pirahna,1,0,1
piramid,3,0,3
pirando,0,1,1
piranha,2,2,4
piranhas,3,2,5
pirata,1,1,2
pirate,82,139,221
piratebay,5,3,8
piratebays,1,0,1
pirated,9,6,15
piratefest,1,0,1
piraten,1,0,1
piratenicjos,0,1,1
pirateninjas,1,0,1
piratenpartei,1,0,1
pirateology,2,0,2
pirater,1,0,1
pirates,70,97,167
piratesssssss,0,1,1
piratey,2,1,3
pirating,7,1,8
piratingg,0,1,1
piratkopia,0,1,1
piratpartiet,0,4,4
pirbright,1,0,1
pirced,0,1,1
pircing,2,0,2
pirde,0,1,1
pire,0,2,2
pirecing,1,0,1
pirei,0,1,1
pirelli,0,2,2
pirette,1,1,2
pireze,1,0,1
pirg,1,0,1
piri,2,2,4
pirillo,0,1,1
pirinja,0,1,1
piriteeze,1,0,1
piriteze,4,0,4
piriton,7,1,8
piriya,0,6,6
pirki,1,0,1
pirkinning,0,1,1
pirlo,2,0,2
pirmasens,1,0,1
pirmo,0,2,2
pirncess,0,1,1
piro,0,1,1
piroline,1,0,1
pirouette,0,2,2
pirpi,1,0,1
pirro,1,0,1
pirtle,0,1,1
piru,0,1,1
pirvate,0,1,1
pis,6,4,10
pisa,7,15,22
pisaaaah,1,0,1
pisah,1,0,1
pisang,1,5,6
pisani,1,0,1
pisarem,1,0,1
pisat,1,1,2
pisay,4,3,7
pisc,1,0,1
piscean,0,1,1
pisces,2,14,16
pisco,1,2,3
pisd,4,0,4
pisem,0,1,1
pisgah,0,2,2
pish,17,12,29
pishaw,0,1,1
pished,2,1,3
pishee,1,0,1
pisheee,1,0,1
pishet,1,0,1
pishh,0,1,1
pishin,1,0,1
pishing,3,0,3
pishka,0,1,1
pisht,0,1,1
pishy,1,0,1
pismo,7,5,12
pisnicku,0,1,1
pisode,0,3,3
pisoi,1,0,1
piss,225,163,388
pissagio,1,0,1
pissants,1,0,1
pissd,1,1,2
pissdrunk,0,1,1
pissed,1456,249,1705
pissedd,3,0,3
pissedddddd,1,0,1
pissedinaparktuesday,0,1,1
pissedoff,3,0,3
pisseed,3,1,4
pisser,4,0,4
pisses,63,26,89
pisshed,0,1,1
pissig,1,0,1
pissin,33,8,41
pissiness,0,1,1
pissing,212,60,272
pissingannoying,1,0,1
pissinq,1,0,1
pissness,1,0,1
pissoff,1,0,1
pisss,0,2,2
pisssed,3,0,3
pisssing,1,0,1
pissssed,3,0,3
pisssseddddd,1,0,1
pissssing,1,0,1
pisssssed,2,0,2
pisssssseddddddd,1,0,1
pissssssing,1,0,1
pisssssssed,1,0,1
pissssssss,0,1,1
pissssssssssssssssssssed,1,0,1
pissssy,1,0,1
pisst,2,0,2
pisstake,4,1,5
pissup,0,1,1
pissups,1,0,1
pissy,36,17,53
pist,8,1,9
pista,3,1,4
pistaa,0,1,1
pistachio,8,9,17
pistachios,5,3,8
pistacia,1,0,1
pistacios,0,1,1
pistacrd,1,0,1
pistaschio,0,1,1
piste,0,4,4
pisted,1,0,1
pistenponys,0,1,1
pistiando,1,0,1
pistiar,1,0,1
pistol,8,10,18
pistola,1,0,1
pistolet,0,1,1
pistolpackinmama,1,0,1
pistols,3,9,12
pistolwink,1,4,5
piston,1,2,3
pistons,11,6,17
pisture,1,1,2
piszed,0,1,1
pit,193,140,333
pita,43,32,75
pitah,1,0,1
pitam,1,0,1
pitas,3,0,3
pitaya,1,0,1
pitboard,0,1,1
pitbull,25,20,45
pitbullchat,1,0,1
pitbulls,6,3,9
pitch,118,104,222
pitcha,1,0,1
pitchar,1,0,1
pitchas,1,0,1
pitchblack,0,1,1
pitchblackula,1,0,1
pitched,25,16,41
pitchengine,0,2,2
pitcher,24,20,44
pitchers,9,7,16
pitches,9,5,14
pitchfork,10,5,15
pitchforkmen,0,1,1
pitchforks,2,0,2
pitchin,0,2,2
pitching,35,17,52
pitchmen,1,1,2
pitchshifter,0,1,1
pitchtv,0,1,1
pitchumani,0,1,1
pitchy,2,1,3
pitcure,0,1,1
pite,1,0,1
pitera,0,2,2
pitfall,1,1,2
pitfalls,0,1,1
pith,0,1,1
pithy,1,5,6
piti,1,1,2
pitied,0,1,1
pitiful,43,14,57
pitifully,1,0,1
pitiless,0,1,1
pitlane,0,1,1
pitlanefanatic,1,0,1
pitlochry,1,0,1
pitman,2,2,4
pitmedd,0,1,1
pitney,0,1,1
pitou,1,0,1
pitp,1,0,1
pitr,0,1,1
pits,46,9,55
pitsburg,1,0,1
pitsea,0,1,1
pitstop,1,3,4
pitstopped,0,1,1
pitsvillle,1,0,1
pitt,35,40,75
pitta,7,4,11
pittbul,0,1,1
pittbull,1,2,3
pittburgher,0,1,1
pitted,4,2,6
pitter,5,8,13
pitterfull,1,0,1
pittie,0,1,1
pitting,2,1,3
pitts,11,5,16
pittsburg,8,2,10
pittsburgh,119,99,218
pittsburgher,1,0,1
pittsburgherians,0,1,1
pittsburghhh,0,1,1
pittsfield,0,1,1
pittsworth,0,1,1
pittsylvania,1,0,1
pittt,0,1,1
pittwater,0,1,1
pitty,54,14,68
pittying,0,1,1
pituah,0,1,1
pituaries,1,0,1
pituitary,1,0,1
piture,1,0,1
pitures,0,1,1
pity,480,119,599
pityed,0,1,1
pityful,3,0,3
pitying,1,0,1
pityme,1,0,1
pityparty,0,2,2
pitypool,1,0,1
pitz,1,1,2
piu,2,0,2
pius,0,2,2
piuuuu,1,0,1
piv,2,1,3
piven,0,2,2
pivot,1,4,5
pivotal,1,0,1
pivots,0,1,1
piwu,1,0,1
piwulang,0,1,1
pix,135,232,367
pixalated,1,0,1
pixar,91,154,245
pixars,0,2,2
pixel,41,25,66
pixelapnea,0,2,2
pixelate,1,0,1
pixelated,5,9,14
pixelbender,0,1,1
pixelengine,0,1,1
pixelh,0,3,3
pixeling,2,0,2
pixellated,3,0,3
pixellized,1,0,1
pixelmator,0,3,3
pixelmytwitter,0,1,1
pixelpipe,1,1,2
pixelpost,1,1,2
pixels,20,21,41
pixelskin,0,1,1
pixeltamer,1,0,1
pixer,0,1,1
pixes,0,1,1
pixetra,0,1,1
pixi,1,1,2
pixiangel,0,1,1
pixie,36,57,93
pixiebob,0,1,1
pixiedust,0,1,1
pixielott,0,1,1
pixiemiss,0,1,1
pixiemobile,1,0,1
pixiemom,1,0,1
pixies,13,17,30
pixietwitter,0,1,1
pixilated,1,0,1
pixim,0,1,1
pixiv,3,0,3
pixle,1,0,1
pixlr,1,0,1
pixma,2,0,2
pixon,3,0,3
pixplsthx,0,1,1
pixplz,0,1,1
pixs,5,3,8
pixum,0,1,1
pixx,2,0,2
pixxxx,0,1,1
pixy,1,1,2
pixz,0,1,1
piya,1,1,2
piyaaa,0,1,1
piye,1,0,1
piyia,0,1,1
piyo,1,2,3
piyolet,0,1,1
piyu,3,0,3
piz,4,1,5
piza,0,1,1
pizaa,0,1,1
pizaaid,1,0,1
pizhai,0,1,1
pizonos,0,1,1
pizookie,1,1,2
pizookies,2,0,2
pizz,1,1,2
pizza,1051,1298,2349
pizzaa,0,2,2
pizzaaa,0,1,1
pizzaaaa,2,3,5
pizzaaaaa,3,3,6
pizzaaaaaaa,1,0,1
pizzacrust,1,0,1
pizzadienst,1,0,1
pizzaed,0,1,1
pizzafusion,2,0,2
pizzagirl,0,1,1
pizzahut,1,5,6
pizzaku,1,0,1
pizzaman,1,0,1
pizzamania,0,1,1
pizzanight,0,1,1
pizzanya,0,1,1
pizzaparty,0,1,1
pizzaria,2,1,3
pizzary,0,1,1
pizzas,24,34,58
pizzatweetup,1,0,1
pizzazz,0,2,2
pizzbee,0,1,1
pizze,0,1,1
pizzeria,5,7,12
pizzerias,0,1,1
pizzi,0,3,3
pizzicato,1,0,1
pizzle,1,2,3
pizzy,1,1,2
pizzza,3,4,7
pizzzaaaa,0,1,1
pizzzza,0,1,1
pizzzzaaa,1,0,1
pizzzzzzza,0,1,1
pj,84,151,235
pjaano,0,1,1
pjaficianado,0,1,1
pjain,0,1,1
pjamas,0,2,2
pjammas,0,2,2
pjays,1,0,1
pjc,1,0,1
pjchallenge,1,1,2
pjers,1,0,1
pjewelz,0,1,1
pjilly,0,1,1
pjotter,0,1,1
pjs,87,102,189
pjsgamm,0,1,1
pjssss,1,0,1
pjwhqgqhdj,1,0,1
pjz,1,0,1
pk,43,33,76
pka,0,1,1
pkai,1,1,2
pkat,0,1,1
pkc,1,0,1
pkd,2,0,2
pke,1,2,3
pkg,10,8,18
pkgs,2,0,2
pkh,1,0,1
pki,2,2,4
pkin,1,0,1
pking,0,1,1
pkiwi,1,0,1
pkk,0,1,1
pkl,0,1,1
pkmans,1,0,1
pkmmdi,1,0,1
pkmn,2,0,2
pkn,0,3,3
pko,1,0,1
pkoi,2,0,2
pkollar,1,0,1
pkov,1,0,1
pkr,4,1,5
pkra,1,0,1
pks,2,1,3
pkt,1,0,1
pku,2,0,2
pkuers,1,0,1
pkuhl,0,1,1
pkwy,4,2,6
pky,1,0,1
pkz,0,1,1
pl,31,34,65
pla,2,12,14
plaaaaaaaaaaaaaaaaaaaaaaaaaaazzzzzzzzzzzzzzzzzaaaaaaaaaaaaaaaaaaaaahahahhaaaaaaaaaaaaaaaaaaaaa,1,0,1
plaaaaaaaaaaaanet,0,1,1
plaaaaaay,1,0,1
plaaaaaces,0,2,2
plaaaaah,1,0,1
plaaaaay,0,1,1
plaaaannn,0,1,1
plaaaay,2,0,2
plaaace,0,1,1
plaaay,2,1,3
plaaiiit,0,1,1
plaan,1,1,2
plaanin,1,0,1
plaase,0,1,1
plaat,0,1,1
plaatjes,0,1,1
plaay,1,0,1
plaayed,0,1,1
plaaying,2,0,2
plaayingg,0,1,1
plaayyyy,2,0,2
plaaza,0,1,1
plaboy,1,0,1
placard,0,1,1
placards,1,1,2
placate,0,2,2
placated,1,0,1
placccceeee,0,1,1
placceee,0,1,1
placd,0,1,1
place,2996,3456,6452
placea,1,1,2
placeblog,0,1,1
placebo,28,46,74
placeboooooo,0,1,1
placebos,1,0,1
placed,56,61,117
placee,2,6,8
placeee,1,2,3
placeeeee,1,1,2
placeeeeeeeeeeeeeeeeee,1,0,1
placees,0,1,1
placegetters,0,1,1
placeholder,0,3,3
placeholders,1,0,1
placemat,0,1,1
placemats,0,2,2
placement,73,37,110
placements,11,2,13
placementt,1,0,1
placenta,4,1,5
placentia,1,2,3
placer,0,5,5
placere,0,2,2
places,500,513,1013
placess,1,0,1
placethere,1,0,1
placey,0,1,1
placid,3,9,12
placido,0,1,1
placing,11,22,33
plack,1,0,1
placment,1,1,2
placut,0,1,1
pladdy,1,0,1
plae,1,1,2
plaer,0,1,1
plaese,2,1,3
plaeseeeee,1,0,1
plaesure,0,1,1
plagarise,1,0,1
plagarism,2,1,3
plage,0,3,3
plagerise,1,0,1
plagerism,1,0,1
plagiarised,2,0,2
plagiarism,7,7,14
plagiarist,0,1,1
plagiarize,1,2,3
plagiarizing,1,1,2
plague,51,17,68
plagued,10,5,15
plagues,3,3,6
plaguey,1,0,1
plaguing,4,1,5
plah,1,0,1
plaice,0,1,1
plaid,21,39,60
plaids,0,1,1
plain,225,190,415
plainclothes,1,0,1
plaines,2,0,2
plainfield,4,1,5
plaing,0,1,1
plainly,3,2,5
plains,9,12,21
plainsman,0,1,1
plaintain,0,1,1
plainte,0,1,1
plaintext,1,0,1
plaintiff,1,0,1
plaintive,2,0,2
plainview,3,0,3
plainvilleee,1,0,1
plaise,0,1,1
plaisir,0,1,1
plaisure,0,1,1
plait,2,10,12
plaited,0,1,1
plaiting,1,1,2
plaits,1,2,3
plajarin,0,1,1
plak,6,3,9
plaling,0,1,1
plalla,1,0,1
plam,1,1,2
plan,1178,1687,2865
plana,1,1,2
planalto,0,1,1
planaria,1,0,1
planatarium,0,1,1
planb,2,0,2
planbe,1,0,1
planchet,1,0,1
planchin,0,1,1
plancius,1,0,1
planck,1,4,5
plancks,0,1,1
pland,1,2,3
plane,1267,538,1805
planeando,1,0,1
planed,12,7,19
planedout,1,0,1
planeeee,0,1,1
planeet,0,1,1
planephones,0,1,1
planer,2,0,2
planeride,1,0,1
planes,72,66,138
planescape,1,0,1
planeswalkers,2,0,2
planet,154,283,437
planeta,2,4,6
planetarium,5,2,7
planetbeing,1,0,1
planetdnb,0,1,1
planete,1,0,1
planeteers,0,1,1
planetickets,1,0,1
planetlesss,0,1,1
planetlove,1,0,1
planets,9,20,29
planetshakers,1,3,4
planetside,0,1,1
planetskaro,1,0,1
planfest,0,1,1
plang,1,3,4
plange,0,1,1
plangi,0,1,1
planification,0,1,1
planign,0,1,1
planin,0,1,1
planing,20,28,48
planinning,0,1,1
plank,5,3,8
planke,0,1,1
plankey,1,0,1
planks,5,5,10
plankstadt,1,0,1
plankton,1,8,9
plann,0,1,1
plannage,0,1,1
planne,0,1,1
planned,576,443,1019
plannen,0,1,1
planner,22,46,68
planners,3,8,11
planng,1,0,1
plannig,0,1,1
planniing,0,1,1
plannin,18,18,36
planniness,1,0,1
planning,550,1001,1551
planningg,0,1,1
plannings,0,1,1
plannn,1,1,2
plannned,0,1,1
plannner,1,0,1
plannng,0,1,1
plannning,0,1,1
plannong,0,1,1
plano,13,14,27
planograms,1,0,1
plans,1553,1096,2649
plansem,0,2,2
plansfor,1,0,1
planshh,1,0,1
planss,4,3,7
plansss,3,0,3
planssss,1,1,2
plansssssssss,1,0,1
plant,189,205,394
planta,0,2,2
plantaholic,1,0,1
plantain,2,3,5
plantains,1,7,8
plantan,0,1,1
plantanos,0,1,1
plantar,1,1,2
plantatie,0,1,1
plantation,13,10,23
plantations,2,0,2
plante,1,0,1
planted,41,66,107
planten,1,0,1
planter,6,7,13
planters,2,3,5
plantes,0,1,1
planthey,1,0,1
plantie,1,0,1
plantin,0,2,2
planting,41,77,118
plantings,0,2,2
plantism,1,0,1
plantlings,0,1,1
plantpots,1,0,1
plantronics,0,2,2
plants,205,168,373
plantsex,1,0,1
plantsmyth,0,1,1
plantsvszombies,0,1,1
planuri,0,1,1
plany,0,1,1
planz,2,4,6
plaque,4,7,11
plaquemines,0,1,1
plaques,2,1,3
plaridel,0,1,1
plarva,1,0,1
plas,0,1,1
plasa,1,0,1
plase,9,1,10
plasent,1,0,1
plasil,0,1,1
plaskett,2,0,2
plasma,27,14,41
plasmas,1,0,1
plasme,0,1,1
plasmoid,1,1,2
plasmoids,1,0,1
plass,0,3,3
plasse,1,0,1
plast,1,0,1
plaster,36,13,49
plastercine,1,0,1
plasterd,0,1,1
plastered,13,9,22
plasterer,1,0,1
plasterers,3,0,3
plastering,1,2,3
plasters,10,1,11
plastic,193,135,328
plasticc,1,0,1
plastichands,0,2,2
plasticine,0,4,4
plastics,0,2,2
plasticvill,0,1,1
plasticville,0,1,1
plasticworld,0,1,1
plasticy,1,0,1
plastik,1,0,1
plastinated,0,1,1
plasting,1,0,1
plastiscines,1,0,1
plastix,0,1,1
plastoc,1,0,1
plasts,1,0,1
plasty,0,1,1
plat,4,3,7
plata,1,1,2
platains,1,0,1
platano,2,1,3
platanos,2,1,3
platanoverde,1,0,1
platapous,0,1,1
plate,151,150,301
plateau,4,2,6
plateaued,1,0,1
plated,2,4,6
platefish,0,1,1
plateform,0,1,1
plateful,1,1,2
platekompaniet,0,1,1
plateleg,0,1,1
platelettes,1,0,1
platen,0,1,1
plater,5,1,6
platers,1,0,1
plates,42,47,89
plateu,1,0,1
platform,58,90,148
platforma,0,1,1
platformbiased,1,0,1
platformchat,0,1,1
platformer,2,2,4
platforming,1,0,1
platforms,20,14,34
plath,2,0,2
platic,0,1,1
platiico,0,1,1
platin,0,2,2
plating,0,1,1
platinium,0,1,1
platinovka,0,1,1
platinum,32,50,82
platinums,1,1,2
platit,1,1,2
platium,0,1,1
platja,0,2,2
platnum,2,0,2
plato,9,14,23
platon,1,0,1
platonic,8,12,20
platoon,3,1,4
platos,0,1,1
platt,2,0,2
platte,1,1,2
platter,7,9,16
platters,1,3,4
plattform,0,1,1
platts,1,0,1
plattsburgh,2,1,3
platty,0,1,1
platu,0,1,1
platunim,1,0,1
platyin,1,0,1
platypi,1,1,2
platypus,3,6,9
platypuses,0,1,1
platz,1,4,5
plaudern,0,1,1
plauge,1,0,1
plauged,1,0,1
plaugeee,1,0,1
plauging,1,0,1
plausible,2,10,12
plav,2,0,2
plaxico,1,0,1
plaxo,3,5,8
play,4987,4692,9679
playa,14,31,45
playaaaa,1,1,2
playable,9,6,15
playadelcarmen,0,1,1
playah,1,3,4
playas,0,2,2
playasia,2,0,2
playaz,1,1,2
playback,17,8,25
playbackk,1,0,1
playball,1,1,2
playbar,0,1,1
playbarn,1,2,3
playbill,0,3,3
playbills,1,0,1
playboating,1,0,1
playboy,40,34,74
playboys,1,2,3
playcare,1,0,1
playcat,1,0,1
playcode,1,0,1
playcount,3,0,3
playcounts,1,0,1
playd,1,2,3
playdate,15,9,24
playdateokc,1,0,1
playdates,2,2,4
playdays,1,1,2
playdo,0,1,1
playdoh,1,1,2
playdom,1,0,1
playdough,3,5,8
played,1039,1147,2186
playedd,1,0,1
playedddd,1,0,1
playeeng,0,1,1
playen,2,2,4
player,518,391,909
playeres,1,0,1
playero,0,1,1
playeros,1,0,1
playerpass,0,1,1
players,145,161,306
playerstation,0,1,1
playerz,1,0,1
playes,1,0,1
playfight,0,1,1
playfish,4,0,4
playfriend,1,0,1
playful,6,15,21
playfull,1,1,2
playfully,0,1,1
playgarden,1,0,1
playgirl,1,1,2
playgrd,0,1,1
playgrnd,1,0,1
playground,43,70,113
playgrounds,4,3,7
playgroung,0,1,1
playgroup,6,8,14
playhouse,7,8,15
playhouseinthepartk,0,1,1
playi,1,0,1
playiang,0,1,1
playig,0,1,1
playign,0,2,2
playiiin,1,0,1
playiing,2,2,4
playin,197,305,502
playinb,0,1,1
playinf,0,1,1
playing,3184,4156,7340
playinga,0,1,1
playingforchange,0,1,1
playingg,1,1,2
playinggg,3,0,3
playingggg,0,1,1
playinghardtoget,0,1,1
playings,0,1,1
playingsafe,0,1,1
playingso,1,0,1
playinn,0,1,1
playinng,1,0,1
playinnn,0,1,1
playinnng,0,1,1
playinq,3,1,4
playiong,0,1,1
playland,4,3,7
playlist,92,278,370
playlists,21,35,56
playlogic,1,0,1
playlsit,0,1,1
playmakers,1,0,1
playmate,6,9,15
playmates,2,6,8
playmill,1,0,1
playmobil,1,0,1
playmountain,0,1,1
playn,12,4,16
playng,1,1,2
playning,0,1,1
playnow,1,0,1
playoff,49,30,79
playoffbeard,1,0,1
playoffs,119,64,183
playofss,1,0,1
playon,0,1,1
playong,1,0,1
playpause,0,2,2
playpen,4,0,4
playplace,1,0,1
playportal,0,1,1
playradioplay,0,8,8
playright,1,0,1
playroom,2,1,3
plays,184,271,455
playschool,0,5,5
playset,1,1,2
playshop,1,1,2
playspymaster,8,1,9
playstadium,0,1,1
playstation,40,29,69
playstations,1,0,1
playster,0,2,2
playststion,1,0,1
playstuff,0,1,1
playsuits,1,1,2
playswithgunsandbigtrucks,0,1,1
playtest,1,0,1
playtested,0,1,1
playtests,0,1,1
playthrough,3,1,4
playthroughs,0,1,1
playtime,14,21,35
playtimerx,1,0,1
playtimes,1,1,2
playtube,1,0,1
playtv,1,2,3
playwright,1,1,2
playwrights,2,0,2
playwriting,1,0,1
playy,4,2,6
playyin,0,1,1
playyy,0,1,1
playyyy,0,3,3
playyyyed,1,0,1
playyyys,1,0,1
playyyyy,1,1,2
playyyyyy,1,0,1
playyyyyyy,1,0,1
playzone,0,1,1
plaza,44,77,121
plazaaaa,1,0,1
plazas,0,1,1
plaze,2,0,2
plazma,1,1,2
plazmic,2,0,2
plazza,1,0,1
plazzz,0,1,1
plazzzza,0,1,1
plc,7,5,12
plcb,1,0,1
plcbsucks,1,0,1
plcc,0,1,1
plce,0,2,2
plces,1,0,1
plcl,0,1,1
plcmnts,0,1,1
pldt,4,0,4
ple,3,2,5
plea,9,4,13
pleaaaaaaaaaaaaaaaaase,1,0,1
pleaaaaaaaaaaaaaaaase,1,1,2
pleaaaaaaaaaaaaase,0,1,1
pleaaaaaaaaasee,0,1,1
pleaaaaaaaase,1,1,2
pleaaaaaaaasssseeeeeeeeeee,1,0,1
pleaaaaaaase,0,2,2
pleaaaaaase,3,2,5
pleaaaaaasee,0,1,1
pleaaaaase,5,5,10
pleaaaaasee,0,1,1
pleaaaaaseeeeeeeeeee,1,0,1
pleaaaaasssee,0,1,1
pleaaaase,8,5,13
pleaaaasee,1,0,1
pleaaaaseee,1,0,1
pleaaaaseeee,2,0,2
pleaaase,14,11,25
pleaaaseee,1,0,1
pleaaasseee,0,1,1
pleaaasssee,1,0,1
pleaaassseeee,1,0,1
pleaaasssseeeeeeeee,1,0,1
pleaaassssseeee,0,1,1
pleaaaz,1,0,1
pleaase,5,13,18
pleaasee,0,4,4
pleaaseee,2,1,3
pleaaseeeeeeeee,1,0,1
pleaasse,0,1,1
pleaassee,1,0,1
pleaasseee,0,1,1
pleaasseeee,0,1,1
pleaasssee,1,0,1
pleaassseeeee,0,1,1
pleaca,1,1,2
pleace,0,1,1
pleacee,0,1,1
plead,8,11,19
pleaded,4,0,4
pleading,8,7,15
pleae,2,7,9
pleaes,1,0,1
pleanty,2,1,3
pleas,16,16,32
pleasae,1,0,1
pleasance,1,0,1
pleasant,110,218,328
pleasantly,3,51,54
pleasanton,5,3,8
pleasantries,0,2,2
pleasantview,1,0,1
pleasantville,3,4,7
pleasd,1,0,1
please,8044,8517,16561
pleaseandthankyou,0,1,1
pleaseanswer,1,0,1
pleasecloseyoureyes,1,0,1
pleased,140,415,555
pleasedon,1,0,1
pleasee,59,83,142
pleaseee,66,101,167
pleaseeee,45,37,82
pleaseeeee,21,20,41
pleaseeeeee,11,12,23
pleaseeeeeee,8,5,13
pleaseeeeeeee,14,12,26
pleaseeeeeeeee,1,2,3
pleaseeeeeeeeee,4,4,8
pleaseeeeeeeeeee,0,2,2
pleaseeeeeeeeeeee,4,1,5
pleaseeeeeeeeeeeee,0,2,2
pleaseeeeeeeeeeeeee,3,0,3
pleaseeeeeeeeeeeeeee,2,0,2
pleaseeeeeeeeeeeeeeee,1,0,1
pleaseeeeeeeeeeeeeeeeeeee,0,1,1
pleaseeeeeeeeeeeeeeeeeeeee,1,0,1
pleaseeeeeeeeeeeeeeeeeeeeeeee,0,1,1
pleasefix,1,0,1
pleasego,0,1,1
pleasekthanks,1,0,1
pleaseletmegetana,0,1,1
pleasent,2,2,4
pleasently,0,3,3
pleasentville,0,1,1
pleasepissonmychildhood,1,0,1
pleaseplease,1,1,2
pleasepleasee,1,0,1
pleasepleaseplease,9,3,12
pleasepleasepleasepleasepleasepleasepleaseplease,1,0,1
pleasepleasepleeee,0,1,1
pleaser,1,7,8
pleasereply,0,1,1
pleaserrrrr,1,0,1
pleases,3,14,17
pleasesayyess,0,1,1
pleasesendhelp,2,0,2
pleasestop,1,0,1
pleaseure,1,1,2
pleasex,0,1,1
pleaseyour,1,0,1
pleash,0,1,1
pleasin,2,0,2
pleasing,14,21,35
pleasingly,1,0,1
pleasnt,1,1,2
pleasonton,1,0,1
pleasse,1,2,3
pleassee,1,2,3
pleasseee,4,0,4
pleasseeee,2,2,4
pleasss,1,0,1
pleassse,4,3,7
pleasssee,1,0,1
pleassseee,1,3,4
pleassseeee,0,1,1
pleassseeeee,0,1,1
pleassss,0,1,1
pleassssse,1,1,2
pleasssssse,1,0,1
pleasssssssse,0,1,1
pleassure,0,1,1
pleasurable,1,7,8
pleasure,112,880,992
pleasureable,0,1,1
pleasured,0,1,1
pleasuredome,0,1,1
pleasuree,1,0,1
pleasurely,1,0,1
pleasuremaster,0,1,1
pleasures,15,40,55
pleasuring,0,1,1
pleaswe,0,1,1
pleasyyyyyy,0,1,1
pleatau,0,1,1
pleated,2,2,4
pleater,0,1,1
pleather,1,4,5
pleats,1,1,2
pleaure,1,3,4
pleayed,0,1,1
pleaz,6,4,10
pleaze,1,5,6
pleazze,0,1,1
pleazzzze,0,1,1
pleazzzzeeeee,1,0,1
pleazzzzz,1,0,1
pleazzzzzzze,1,0,1
pleazzzzzzzzzz,1,0,1
pleb,5,1,6
plebians,1,0,1
plebs,1,1,2
plec,3,2,5
pleca,0,1,1
plecat,2,7,9
plecata,0,1,1
plecher,0,1,1
plecing,0,1,1
pleck,0,1,1
pleco,2,0,2
plecostomus,1,0,1
plectrum,4,1,5
plectrums,1,2,3
pledge,12,31,43
pledged,1,4,5
pledges,2,2,4
pledgesis,0,1,1
pledgin,1,0,1
pledging,2,4,6
pleeaaase,0,1,1
pleeaaasee,1,0,1
pleeaaassee,0,2,2
pleeaaasseeeeeeeee,0,1,1
pleeaasee,2,2,4
pleeaasse,1,0,1
pleeaassee,2,0,2
pleeaasseee,1,0,1
pleeaasseeee,1,0,1
pleeaeesh,1,0,1
pleease,13,22,35
pleeasee,0,1,1
pleeaseee,3,0,3
pleeasseee,2,0,2
pleeassseee,1,0,1
pleeasssssseeeeeeeeeeeeeeeeeeee,1,0,1
pleeeaaaaaasssseeeeeeee,1,0,1
pleeeaaaaaseeeeeeeeeee,0,1,1
pleeeaaaaseee,1,0,1
pleeeaaaassseee,0,1,1
pleeeaaaassseeee,1,0,1
pleeeaaase,1,2,3
pleeeaaassee,1,0,1
pleeeaaasseee,0,1,1
pleeeaaassse,0,1,1
pleeeaaasssee,0,1,1
pleeeaaassseee,1,0,1
pleeeaaassseeee,1,0,1
pleeeaase,1,2,3
pleeeaaseee,1,0,1
pleeeaasse,0,1,1
pleeeaasseee,0,1,1
pleeeaasssee,0,1,1
pleeease,33,20,53
pleeeasee,1,0,1
pleeeaseee,2,2,4
pleeeassse,0,1,1
pleeeassseee,0,1,1
pleeee,1,0,1
pleeeeaaaaassssseeeee,1,0,1
pleeeeaaaas,0,1,1
pleeeeaaaaseeeee,1,0,1
pleeeeaaaassseee,0,1,1
pleeeeaaase,1,2,3
pleeeeaaasse,0,1,1
pleeeeaaasseeee,0,1,1
pleeeeaasee,1,0,1
pleeeease,35,36,71
pleeeeaseee,1,0,1
pleeeeasseee,1,0,1
pleeeeasssseeee,1,0,1
pleeeeeaaaaaaase,0,1,1
pleeeeeaaaaase,0,1,1
pleeeeeaaaasse,1,0,1
pleeeeeaaaasssseee,1,0,1
pleeeeeaaaseeee,1,1,2
pleeeeeaaasssseeee,1,0,1
pleeeeeaasse,1,0,1
pleeeeeaassseee,0,1,1
pleeeeease,19,19,38
pleeeeeasee,1,0,1
pleeeeeassseee,0,1,1
pleeeeeeaaaasssseeeeee,1,0,1
pleeeeeease,11,7,18
pleeeeeeeaaaseee,1,0,1
pleeeeeeeae,1,0,1
pleeeeeeease,6,3,9
pleeeeeeeassseeeeeee,1,0,1
pleeeeeeeeaase,1,0,1
pleeeeeeeease,8,3,11
pleeeeeeeeease,1,1,2
pleeeeeeeeeease,4,2,6
pleeeeeeeeeeaseeee,0,1,1
pleeeeeeeeeeease,2,0,2
pleeeeeeeeeeeease,1,2,3
pleeeeeeeeeeeeease,0,1,1
pleeeeeeeeeeeeeassssssssssssssssssssseeeeeeeeeeeeeee,0,1,1
pleeeeeeeeeeeeeeease,1,0,1
pleeeeeeeeeeeeeeeeeeease,1,0,1
pleeeeeeeeeeeeeeeeeeeeaase,1,0,1
pleeeeeeeeeeeeeeeeeeeease,1,0,1
pleeeeeeeeeeeeeeeeeeeeeeeeeease,1,0,1
pleeeeeeeeeeeez,1,0,1
pleeeeeeeeeeze,0,1,1
pleeeeeeeezzzzeeee,0,1,1
pleeeeeese,1,0,1
pleeeeenty,1,0,1
pleeeeese,1,1,2
pleeeeez,0,1,1
pleeeej,1,0,1
pleeeez,1,1,2
pleeeeze,1,1,2
pleeej,0,1,1
pleeese,0,1,1
pleeessss,0,1,1
pleeez,0,3,3
pleeeze,1,0,1
pleeezzze,0,1,1
pleese,0,1,1
pleess,0,1,1
pleez,6,8,14
pleeze,2,2,4
plegat,1,0,1
pleghm,1,0,1
pleh,2,0,2
plehgm,1,0,1
plehh,1,0,1
plein,0,7,7
pleiricy,1,0,1
plekke,1,0,1
plektrums,0,2,2
plenary,0,3,3
pleno,1,0,1
plent,1,0,1
plenti,0,4,4
plentiful,5,7,12
plentitude,1,0,1
plently,1,2,3
plenttttty,0,1,1
plenty,198,447,645
plentya,0,1,1
plentyof,1,0,1
pleny,0,1,1
pleo,2,0,2
plerk,0,1,1
plesae,5,0,5
plesant,0,3,3
plese,33,4,37
plesee,1,1,2
pleseeee,1,0,1
plesk,3,2,5
plesley,1,0,1
plesnesc,1,0,1
pletchum,0,1,1
plethora,5,9,14
pletnev,1,0,1
plett,1,0,1
pleugh,1,0,1
pleurgh,0,1,1
pleurisy,1,0,1
pleut,1,0,1
plex,7,2,9
plexi,1,0,1
plexiglass,3,1,4
plexnet,0,1,1
plexo,0,1,1
plexus,1,1,2
plexz,0,1,1
plez,3,1,4
plezier,0,2,2
plezzz,1,1,2
plezzzz,1,0,1
plezzzzzz,0,1,1
plezzzzzzzzzz,0,1,1
plfd,1,0,1
plg,7,3,10
plhh,1,0,1
pli,1,0,1
pliability,1,0,1
plian,0,1,1
plictiseala,0,1,1
plictiseste,1,0,1
plictisit,1,0,1
pliers,11,3,14
plies,5,9,14
plight,4,3,7
plih,1,1,2
pliiiiiis,0,1,1
pliiis,1,0,1
plimb,0,1,1
plimbari,0,1,1
plimmys,1,0,1
plimsoles,1,0,1
plin,1,0,1
plina,0,2,2
pling,2,0,2
plinker,0,1,1
plinko,1,0,1
plinky,0,2,2
plinth,1,1,2
pliplup,1,0,1
plis,5,4,9
plish,0,1,1
pliskin,1,0,1
plisnoh,0,1,1
plisplisss,1,0,1
pliss,1,1,2
plisss,1,0,1
plissss,1,0,1
plist,0,2,2
pliz,4,3,7
plizz,0,1,1
plizzz,2,2,4
plj,1,0,1
plk,1,0,1
plkn,0,1,1
pll,2,1,3
pllace,0,1,1
pllbbtt,0,1,1
plleaassee,1,1,2
pllease,1,1,2
plleasseee,1,0,1
plleeaassee,0,1,1
plleeaasseee,1,0,1
plleeeaaassseeee,0,1,1
plleeeaassseeee,0,1,1
plleeease,1,0,1
plleeeassseeeeeee,1,0,1
plleeeee,1,0,1
plleeeeeeaaassseee,0,1,1
pllikk,0,2,2
pllleaase,1,0,1
plllease,0,1,1
pllleeaaseee,0,1,1
pllleeeaaasse,1,0,1
pllleeeaaasseeee,1,0,1
pllleeeaaassseee,0,4,4
pllleeeaaassseeeeee,0,1,1
pllleeease,1,0,1
pllleeeasse,0,1,1
pllleeeeaaassseee,0,1,1
pllleeeeaaasssseee,0,1,1
pllleeeeaassse,1,0,1
pllleeeeeeassse,0,1,1
plllleassee,0,4,4
plllleeeaasse,0,1,1
plllleeeaassseeeee,0,1,1
plllleeeasseee,7,0,7
plllleeeease,1,0,1
plllleeeeaseee,1,0,1
pllllleeeeeaaaasssssseeeee,0,1,1
plllllllleeeeeeeaaaaaaasssssseeee,0,1,1
plllllllllllllllleeeeeeeeeasse,1,0,1
pllllllllllllllllllllllllllz,1,0,1
pllllllzzzzz,1,0,1
pllllz,1,0,1
pllls,0,1,1
plllz,0,1,1
plllzzz,1,0,1
pllz,1,1,2
pllzzzzzz,0,1,1
plm,1,3,4
plmconx,1,0,1
plmd,1,0,1
plms,1,0,1
pln,3,4,7
plng,2,2,4
plnnd,1,0,1
plnning,0,1,1
plns,2,2,4
plntenbakfiets,0,1,1
plnu,1,0,1
plnz,1,0,1
plo,2,6,8
ploafy,1,0,1
ploaia,0,2,2
ploaie,0,1,1
ploblems,2,0,2
ploc,1,1,2
plod,1,2,3
plodddd,0,1,1
plodding,1,4,5
plods,1,0,1
ploiise,0,1,1
ploise,0,1,1
plokker,1,0,1
plol,1,0,1
plolly,1,0,1
plone,0,6,6
plonk,1,1,2
plonked,1,2,3
plonker,2,4,6
plonkies,1,0,1
ploogle,1,0,1
ploooooooooooot,0,1,1
plop,6,4,10
plopped,1,3,4
ploppin,0,1,1
plopping,0,1,1
plops,1,0,1
plorar,0,1,1
plot,87,80,167
plotarc,1,0,1
plotbunnies,1,0,1
plotkin,0,1,1
plotline,2,1,3
plotlines,1,1,2
plotnyaaa,0,1,1
ploto,1,0,1
plots,8,7,15
plotted,1,1,2
plotter,1,1,2
plottin,1,0,1
plotting,20,27,47
plottter,1,0,1
plou,1,0,1
ploua,2,0,2
plouat,0,1,1
plough,4,1,5
ploughed,3,0,3
ploughing,1,3,4
plove,0,1,1
plovent,1,0,1
plow,4,3,7
plowed,4,3,7
plowey,1,0,1
plowing,2,2,4
plox,1,3,4
ploy,4,10,14
ploys,0,1,1
plp,4,4,8
plpanning,0,1,1
plpz,1,1,2
plr,0,2,2
pls,615,632,1247
plsanr,0,2,2
plscomehomealive,1,0,1
plsd,0,1,1
plse,8,8,16
plskthx,1,1,2
plskthxbai,1,0,1
plsno,1,0,1
plsplspls,1,1,2
plss,8,4,12
plsss,4,1,5
plssss,2,1,3
plsssss,1,0,1
plssssss,0,1,1
plsssssss,3,0,3
plsssssssssss,1,0,1
plsssssssssssss,0,1,1
plsssssssssssssssssssss,1,0,1
plssug,0,1,1
plstnx,0,1,1
plsy,0,1,1
plsying,0,1,1
plsz,1,0,1
plu,2,2,4
pluchie,0,1,1
pluck,15,12,27
plucked,6,4,10
plucker,0,2,2
pluckers,0,1,1
pluckin,0,2,2
plucking,11,5,16
plucks,1,0,1
plucky,0,3,3
plue,1,1,2
pluey,1,0,1
pluffie,0,1,1
plug,169,187,356
plugd,0,1,1
pluged,1,2,3
pluges,0,1,1
plugg,1,0,1
pluggage,1,0,1
pluggar,0,1,1
plugged,80,33,113
pluggedin,0,1,1
pluggin,0,3,3
plugging,16,25,41
pluggins,1,0,1
pluggo,0,1,1
plugh,0,1,1
plughole,1,0,1
plugin,88,104,192
pluging,0,1,1
plugins,39,33,72
plugs,51,28,79
pluim,0,1,1
pluins,0,1,1
pluit,1,0,1
pluker,0,1,1
plukers,0,1,1
plum,23,30,53
plumas,0,1,1
plumb,1,4,5
plumbbob,1,3,4
plumbed,1,0,1
plumber,42,13,55
plumbercon,0,1,1
plumberry,0,1,1
plumbers,12,5,17
plumbing,25,12,37
plumblossoms,0,1,1
plumbob,2,2,4
plumbs,0,1,1
plumbtastic,1,0,1
plumcake,0,1,1
plume,1,0,1
plumeria,2,2,4
plumerias,1,0,1
plumes,1,0,1
plumet,0,1,1
plumetted,1,0,1
plumit,1,0,1
plumm,2,0,2
plummer,0,1,1
plummet,6,0,6
plummeted,2,0,2
plummeting,1,1,2
plummets,4,0,4
plummetted,1,0,1
plumming,0,1,1
plumms,0,1,1
plummy,0,1,1
plump,3,10,13
plumper,0,2,2
plumpi,0,1,1
plumpie,1,0,1
plumping,0,1,1
plumpy,0,1,1
plums,1,4,5
plunber,1,0,1
plunder,1,1,2
plunge,12,17,29
plunged,4,1,5
plunger,5,4,9
plunges,1,0,1
plunging,0,1,1
plunk,0,1,1
plunked,1,0,1
plunkett,1,1,2
pluperfect,1,0,1
plur,0,2,2
plural,5,14,19
pluralised,0,1,1
pluralize,0,1,1
pluramon,0,1,1
plurk,113,189,302
plurkables,0,1,1
plurked,1,4,5
plurker,1,0,1
plurkers,5,13,18
plurkess,0,1,1
plurkfriends,1,0,1
plurkie,1,1,2
plurkies,0,1,1
plurkin,0,1,1
plurking,17,19,36
plurkites,0,1,1
plurkkk,0,1,1
plurklayout,1,0,1
plurkloves,2,0,2
plurkmates,0,2,2
plurks,3,5,8
plurksibs,0,1,1
plurkville,1,0,1
plurlife,0,1,1
plurrrkk,0,1,1
plurvana,1,0,1
plus,1427,1244,2671
pluse,2,0,2
pluses,3,3,6
plush,7,17,24
plushes,1,0,1
plushie,5,9,14
plushies,1,7,8
plushy,0,2,2
plusi,0,1,1
plusladyg,0,1,1
plusnet,2,0,2
pluss,1,3,4
plussed,2,0,2
plussize,0,1,1
plusss,1,2,3
plusssssss,0,1,1
plust,1,1,2
plut,0,1,1
plutarch,0,1,1
pluto,10,17,27
plutonians,1,0,1
plutonic,0,1,1
plutty,2,0,2
pluurking,1,0,1
pluz,0,2,2
plwease,1,0,1
plx,8,2,10
plxtransformer,0,1,1
ply,11,6,17
plya,0,1,1
plyed,0,1,1
plygrl,1,0,1
plying,2,4,6
plymland,0,1,1
plymouth,31,28,59
plyo,3,5,8
plyometric,1,0,1
plyometrics,2,4,6
plyr,3,1,4
plyrs,0,1,1
plywerk,0,1,1
plywood,2,0,2
plz,902,665,1567
plza,1,0,1
plzen,1,0,1
plzes,1,0,1
plzkthx,3,0,3
plzplzplz,1,1,2
plzplzplzplzplzplz,0,1,1
plzpost,0,1,1
plzs,1,0,1
plzthxxxxxx,1,0,1
plzz,27,28,55
plzzz,29,18,47
plzzzz,17,11,28
plzzzzz,7,3,10
plzzzzzz,3,4,7
plzzzzzzz,1,2,3
plzzzzzzzz,2,1,3
plzzzzzzzzz,3,4,7
plzzzzzzzzzz,0,1,1
plzzzzzzzzzzz,1,1,2
plzzzzzzzzzzzzz,1,0,1
plzzzzzzzzzzzzzzzz,0,1,1
plzzzzzzzzzzzzzzzzzz,1,0,1
pm,3089,2415,5504
pma,3,8,11
pmac,0,1,1
pman,4,8,12
pmand,1,0,1
pmark,1,0,1
pmartin,0,2,2
pmary,0,1,1
pmb,1,1,2
pmbok,0,1,1
pmbr,1,0,1
pmbst,1,0,1
pmc,4,1,5
pmcc,0,1,1
pmd,0,1,1
pme,0,1,1
pmed,5,1,6
pmest,1,0,1
pmf,0,1,1
pmg,3,1,4
pmgarmy,1,0,1
pmhow,1,0,1
pmi,3,1,4
pmike,1,0,1
pminawon,0,1,1
pming,2,3,5
pmish,1,1,2
pmk,1,2,3
pml,1,1,2
pmmp,0,2,2
pmn,1,0,1
pmnya,1,0,1
pmo,1,0,1
pmoallemian,0,1,1
pmore,2,1,3
pmot,2,2,4
pmotm,0,1,1
pmouth,1,0,1
pmoy,0,1,1
pmp,2,7,9
pmpr,0,1,1
pmps,0,1,1
pmpst,1,0,1
pmpworldwide,0,1,1
pmq,2,2,4
pmqs,8,5,13
pmr,0,3,3
pms,69,25,94
pmsclanforums,1,0,1
pmsfl,0,1,1
pmsing,12,6,18
pmsl,16,62,78
pmsssing,1,0,1
pmt,4,2,6
pmting,1,0,1
pmtoday,1,0,1
pmu,1,1,2
pmunta,1,0,1
pmusic,1,0,1
pmvry,0,1,1
pmz,1,0,1
pn,10,10,20
pna,1,0,1
pnaggung,1,0,1
pnald,1,0,1
pnasaran,0,1,1
pnat,1,0,1
pnb,0,1,1
pnc,15,9,24
pnd,1,0,1
pndering,0,1,1
pnderitaan,1,0,1
pnds,0,2,2
pne,2,3,5
pnemonia,8,0,8
pneu,2,0,2
pneumatic,4,2,6
pneumautotrombics,0,1,1
pneumnoia,1,0,1
pneumonia,59,7,66
pneumonoultramicroscopicsilicovolcano,0,1,1
pneumonoultramicroscopicsilicovolcanoconioses,0,1,1
pneumonoultramicroscopicsilicovolcanoconiosis,0,2,2
pneumothorax,2,0,2
pneumoultramicroscopicossilicovulcanoconi,0,1,1
pnf,0,1,1
png,9,13,22
pngcrush,1,0,1
pngen,2,1,3
pnget,1,0,1
pngs,1,0,1
pngumuman,0,1,1
pnh,1,1,2
pnhs,1,0,1
pnina,0,1,1
pnlc,1,0,1
pnlinevso,0,1,1
pnly,0,1,1
pnm,1,0,1
pnollen,1,0,1
pnom,1,0,1
pnoyapparel,0,1,1
pnpbaby,0,1,1
pnr,0,1,1
pns,5,1,6
pnsex,0,1,1
pnt,3,1,4
pnta,0,3,3
pntd,0,1,1
pnts,1,2,3
pnu,0,2,2
pnuemonia,8,0,8
pnut,1,1,2
pnw,4,2,6
pnwed,1,0,1
pny,0,3,3
pnyx,0,1,1
po,84,131,215
poa,15,3,18
poach,1,2,3
poached,9,7,16
poachers,2,0,2
poaching,2,3,5
poalo,1,0,1
poapoa,1,0,1
poar,1,0,1
poaring,1,0,1
poarrr,0,1,1
poaskpeoksapokepoksae,0,1,1
poat,0,1,1
poate,1,9,10
poay,0,1,1
pob,3,4,7
pobably,1,1,2
pobegal,0,1,1
pobeshito,1,0,1
poblano,0,1,1
poblanoes,1,0,1
poblem,1,1,2
poblems,0,1,1
pobobly,1,0,1
pobox,0,1,1
poboxes,1,0,1
poboy,1,1,2
poboys,2,0,2
pobre,12,1,13
pobrecita,5,1,6
pobrecitaaa,1,0,1
pobrecito,3,2,5
pobres,1,0,1
pobresita,1,0,1
pobresito,1,0,1
poc,4,0,4
poca,1,1,2
pocahaunted,1,0,1
pocahontas,8,9,17
pocari,1,0,1
pocasi,1,0,1
poccet,0,1,1
poch,0,1,1
pochee,1,0,1
pochemuchka,0,1,1
pocher,0,4,4
pochi,0,1,1
pocholo,0,1,1
pochu,1,0,1
pocitane,0,1,1
pock,0,1,1
pockeded,1,0,1
pocker,1,0,1
pockerrrr,0,1,1
pocket,211,181,392
pocketberry,1,0,1
pocketbook,1,2,3
pocketbooks,0,2,2
pocketed,1,0,1
pocketful,1,3,4
pocketgay,1,0,1
pocketgod,0,1,1
pocketknife,0,2,2
pocketliz,0,1,1
pocketmac,1,0,1
pocketmoney,0,1,1
pocketpc,1,0,1
pocketpede,0,1,1
pockets,60,44,104
pocketshow,1,0,1
pocketsquare,1,0,1
pockettweet,0,1,1
pockettweets,0,1,1
pockettwit,0,3,3
pocketwatch,1,0,1
pocketweet,1,0,1
pocketwit,10,5,15
pockety,1,0,1
pockies,0,1,1
pockles,1,0,1
pockt,1,0,1
pocky,12,14,26
pockys,0,1,1
poco,5,9,14
pocohontas,2,0,2
pocola,1,0,1
pocono,3,10,13
poconos,6,5,11
pocoo,1,0,1
pocoyo,0,1,1
pocrastinates,0,1,1
pocs,1,1,2
pocus,5,10,15
pod,92,84,176
poda,1,0,1
podacast,1,1,2
podalong,1,0,1
podaril,0,1,1
podarilo,0,1,1
podbean,1,1,2
podcamp,4,2,6
podcampaz,1,0,1
podcampohio,1,0,1
podcart,0,1,1
podcast,168,280,448
podcasted,1,1,2
podcaster,0,1,1
podcasters,1,4,5
podcastfriday,1,0,1
podcasting,6,18,24
podcasts,58,86,144
podchat,0,3,3
podconsult,0,1,1
podcrash,1,0,1
podding,0,1,1
poddington,1,0,1
poddy,3,0,3
pode,0,6,6
podemos,0,1,1
poder,1,3,4
poderia,1,0,1
podes,1,0,1
podforyou,1,0,1
podge,2,1,3
podged,0,1,1
podgie,1,0,1
podginess,0,1,1
podgorica,1,0,1
podgy,3,0,3
podi,1,0,1
podia,1,0,1
podiatrist,2,1,3
podiatry,1,0,1
podie,0,1,1
podio,0,1,1
podiobooks,0,1,1
podium,14,23,37
podiumposition,0,1,1
podiuuummm,1,0,1
podle,0,2,2
podlette,1,0,1
podmarathon,1,0,1
podnetwork,0,2,2
podperson,0,1,1
podpora,1,0,1
podpress,2,0,2
podpuraceuticals,1,0,1
podr,0,1,1
podre,1,0,1
podria,2,0,2
podrian,0,1,1
pods,5,12,17
podsex,0,1,1
podshock,0,1,1
podstock,0,1,1
podtracker,1,0,1
podtrh,0,1,1
podunk,1,1,2
podunktown,1,0,1
poduthuval,0,1,1
podwee,0,1,1
poe,8,7,15
poed,0,1,1
poehler,2,6,8
poem,61,227,288
poemist,0,1,1
poemmms,1,0,1
poems,42,56,98
poemss,2,0,2
poemsunder,0,1,1
poeople,0,1,1
poep,0,1,1
poepl,1,0,1
poeple,4,7,11
poepleee,0,1,1
poes,1,0,1
poested,0,1,1
poet,11,42,53
poetatoing,0,1,1
poetess,0,1,1
poetic,9,38,47
poetically,0,1,1
poetics,0,1,1
poetize,0,1,1
poetria,0,1,1
poetries,0,1,1
poetry,56,138,194
poetrygrl,1,0,1
poetryy,0,1,1
poets,10,21,31
poett,1,0,1
poex,1,0,1
pof,1,5,6
pofav,1,0,1
pofecional,0,1,1
pofferidges,0,1,1
poffertjes,1,2,3
pofff,1,0,1
poffins,0,1,1
pofile,1,0,1
pofrgtting,1,0,1
pofta,1,1,2
pog,1,2,3
pogi,1,2,3
pogo,30,17,47
pogoplug,1,0,1
pogos,3,0,3
pogrebom,1,0,1
pogress,0,1,1
pogressive,1,0,1
pogs,3,6,9
pogue,2,2,4
pogues,0,1,1
poh,36,7,43
poha,1,0,1
pohaku,0,1,1
pohang,1,0,1
pohara,1,0,1
pohm,0,1,1
pohne,0,1,1
pohr,0,1,1
pohs,0,1,1
pohz,1,0,1
poi,4,15,19
poia,2,0,2
poicy,0,1,1
poient,0,1,1
poifect,0,1,1
poignant,1,5,6
poiiiiiint,1,0,1
poiint,1,0,1
poike,0,1,1
poiktur,0,1,1
poilsh,1,0,1
poilu,0,1,1
poin,0,2,2
poindexter,1,0,1
poinr,1,0,1
poins,0,1,1
poinsoning,1,0,1
point,1306,1423,2729
pointalistic,0,1,1
pointandfind,1,0,1
pointblank,1,0,1
pointcast,1,0,1
pointd,1,0,1
pointdexter,0,1,1
pointe,11,14,25
pointed,42,53,95
pointer,16,15,31
pointers,7,22,29
pointgiver,0,1,1
pointin,0,1,1
pointing,39,78,117
pointless,138,109,247
pointlessly,1,1,2
pointlessness,1,1,2
pointlesss,1,0,1
pointlism,1,0,1
pointofsale,0,1,1
pointofview,1,0,1
points,361,407,768
pointt,1,3,4
pointy,12,14,26
pointyhead,1,0,1
poios,0,1,1
poipv,1,0,1
poirot,3,4,7
pois,5,3,8
poise,2,1,3
poised,3,6,9
poisen,2,4,6
poisend,1,0,1
poisened,2,0,2
poisening,2,1,3
poising,3,0,3
poisining,1,2,3
poision,2,1,3
poisioned,1,0,1
poisioning,3,0,3
poisoing,1,0,1
poisoining,0,1,1
poison,111,79,190
poisoned,23,7,30
poisonig,1,0,1
poisonin,1,0,1
poisoning,199,15,214
poisonings,0,1,1
poisonivy,0,3,3
poisonous,13,8,21
poisons,0,1,1
poisonsed,1,0,1
poisooooonnnnnn,0,1,1
poisson,2,2,4
poit,1,1,2
poitiers,0,2,2
poitin,1,0,1
poitive,0,1,1
poitn,1,1,2
poitnless,1,0,1
poiuytryuiop,0,1,1
pojdem,1,0,1
pojebal,1,0,1
poject,0,1,1
pojection,1,0,1
poji,0,1,1
pojmy,0,1,1
pok,12,11,23
poka,1,1,2
pokadot,1,1,2
pokagon,0,1,1
pokah,0,1,1
pokal,0,3,3
pokara,1,0,1
pokd,1,0,1
poke,45,97,142
pokeball,1,1,2
pokeballs,1,0,1
poked,57,13,70
pokedex,1,1,2
pokee,0,1,1
pokeflute,1,0,1
pokeherface,0,2,2
pokello,1,0,1
pokem,0,1,1
pokemans,4,1,5
pokemario,0,2,2
pokemon,90,125,215
pokemoning,1,0,1
pokemonplatinum,0,2,2
pokemons,3,1,4
pokemonz,2,1,3
poken,10,15,25
pokenaut,0,1,1
pokened,0,1,1
pokens,3,1,4
pokepokepoke,0,1,1
poker,229,323,552
pokered,1,0,1
pokerface,6,18,24
pokerfacee,0,1,1
pokerfaceffect,0,1,1
pokernetwork,0,1,1
pokernews,1,1,2
pokerplayer,1,0,1
pokerplayers,0,1,1
pokerr,1,0,1
pokerroad,1,0,1
pokerrrr,0,1,1
pokers,0,1,1
pokerstars,8,8,16
pokertime,0,1,1
pokertube,0,1,1
pokery,1,0,1
pokes,18,12,30
poket,0,1,1
poketwitter,0,1,1
pokeworld,0,1,1
pokey,14,12,26
pokez,1,3,4
pokezzzz,1,0,1
poki,1,0,1
pokie,1,2,3
pokies,1,1,2
pokii,0,1,1
pokim,1,0,1
pokin,4,1,5
poking,32,33,65
pokit,1,0,1
pokka,2,1,3
poklen,0,1,1
poklesne,0,1,1
poknya,0,1,1
poko,0,1,1
pokoknak,0,1,1
pokoknya,4,3,7
pokoknyaaaa,1,0,1
pokolbin,0,1,1
pokora,0,1,1
pokpok,1,0,1
pokr,0,1,1
pokrovsky,0,1,1
poks,0,1,1
pokud,0,1,1
pokumbol,1,0,1
pokwang,1,0,1
poky,0,1,1
pol,13,10,23
pola,1,1,2
polabear,0,1,1
polack,0,1,1
poladoodles,0,1,1
poladroid,0,1,1
polairoid,0,1,1
polak,0,1,1
polakmc,0,1,1
polamalu,0,1,1
polanco,0,1,1
poland,38,70,108
polapremium,1,0,1
polar,58,45,103
polaramine,1,0,1
polarash,0,1,1
polares,0,1,1
polariod,3,1,4
polariods,1,0,1
polaris,2,2,4
polarised,1,0,1
polarities,0,1,1
polarize,0,1,1
polarized,0,1,1
polarizer,1,0,1
polaroid,39,28,67
polaroids,6,9,15
polc,1,0,1
polcorrect,0,1,1
poldhu,0,1,1
pole,101,99,200
polearms,0,1,1
polecat,0,1,1
poleco,1,0,1
poledancing,0,1,1
poleg,1,0,1
polekats,1,0,1
polemic,0,1,1
poleness,0,1,1
poleng,0,3,3
polenta,2,2,4
poleologist,0,1,1
poles,13,14,27
polet,0,1,1
poley,1,0,1
polgara,1,0,1
poli,5,6,11
police,297,159,456
policee,0,1,1
policelink,1,0,1
policeman,2,4,6
policemans,1,0,1
policemen,3,3,6
policers,1,0,1
polices,1,1,2
policestate,2,0,2
policewomen,0,1,1
policia,1,0,1
policies,18,17,35
policrcar,0,1,1
policy,84,70,154
policyholders,0,1,1
policys,1,0,1
polidely,0,1,1
poliet,0,1,1
poligov,0,1,1
polina,1,1,2
polinas,0,1,1
polind,1,0,1
poliquit,0,1,1
polis,2,1,3
polisci,2,2,4
polish,128,149,277
polished,6,23,29
polisher,1,0,1
polishes,1,5,6
polishguy,1,0,1
polishing,7,22,29
polishs,1,0,1
polisi,1,3,4
poliss,0,1,1
polistishe,1,0,1
polit,0,1,1
politcal,1,1,2
politcally,0,1,1
polite,18,69,87
politehnica,0,1,1
politely,5,12,17
politeness,1,5,6
politest,1,0,1
politic,6,3,9
politica,1,0,1
political,51,80,131
politically,7,13,20
politicaly,0,1,1
politicamente,0,1,1
politican,0,1,1
politicans,1,0,1
politicar,1,0,1
politici,0,1,1
politician,10,16,26
politicians,23,21,44
politicin,0,1,1
politico,0,3,3
politicool,0,1,1
politics,128,121,249
politicsssssss,1,0,1
politiek,0,1,1
politigeek,0,1,1
politikana,0,1,1
politisi,0,1,1
politix,0,1,1
politly,0,1,1
politricks,1,0,1
politwitter,0,1,1
poliza,0,1,1
polk,0,3,3
polka,17,34,51
polkadot,4,0,4
polkadotrobot,1,0,1
polkagrisar,0,1,1
polkaholics,0,1,1
polkaroo,1,0,1
polker,0,1,1
polki,0,1,1
polkice,0,1,1
polkta,0,1,1
poll,44,101,145
polla,0,1,1
pollack,1,0,1
pollan,0,2,2
pollard,1,0,1
pollcard,1,0,1
polldaddy,0,1,1
polled,1,0,1
pollen,112,21,133
pollenate,0,1,1
pollencast,1,0,1
pollenizer,0,1,1
pollens,2,0,2
pollets,0,1,1
polley,0,1,1
polleys,0,1,1
pollie,1,1,2
pollielpie,0,1,1
pollies,1,1,2
pollinate,0,1,1
pollinating,0,1,1
pollination,0,1,1
pollinator,0,1,1
polling,11,9,20
pollinosis,2,0,2
pollita,0,1,1
pollo,14,10,24
pollock,1,3,4
pollocks,0,1,1
pollockshaws,1,0,1
pollok,0,1,1
pollon,1,1,2
polls,11,22,33
pollstar,0,1,1
pollster,0,1,1
pollsters,0,1,1
pollu,1,0,1
polluck,0,1,1
pollutants,2,0,2
pollutated,1,0,1
pollute,4,2,6
polluted,9,3,12
polluters,1,0,1
polluting,3,3,6
pollution,20,17,37
polluyion,0,1,1
polly,20,17,37
pollyanna,0,4,4
pollyna,0,1,1
pollys,1,0,1
pollytion,0,1,1
polnad,1,0,1
polo,67,58,125
pologies,1,0,1
pololo,1,0,1
polopoly,0,1,1
polor,1,0,1
polos,5,4,9
polotics,1,0,1
poloudala,0,1,1
polow,1,1,2
polowww,0,1,1
poloxamer,1,0,1
pols,2,2,4
polsci,0,2,2
polshow,0,1,1
polska,1,1,2
polsku,1,0,1
polsslag,0,1,1
poltalk,1,0,1
poltergeist,4,4,8
poltergeists,0,1,1
poltergists,1,0,1
poltz,1,0,1
polu,1,1,2
polusi,0,1,1
polution,2,1,3
polutions,1,0,1
polvo,0,1,1
polvoron,1,1,2
polwarth,0,1,1
poly,22,13,35
polyacrylate,2,0,2
polyamorists,0,1,1
polyamorous,0,3,3
polyamory,0,2,2
polyblock,1,0,1
polyclinique,1,0,1
polycrunch,0,1,1
polydactyl,2,1,3
polyemailism,0,1,1
polyemailist,0,1,1
polyester,3,6,9
polyfiller,0,2,2
polygamist,0,1,1
polygamy,1,3,4
polyghost,0,1,1
polygon,0,1,1
polygonal,0,1,1
polygons,1,0,1
polygots,0,1,1
polygraph,0,2,2
polyhedron,1,0,1
polyies,1,0,1
polyjuice,1,0,1
polymcfly,1,0,1
polymer,2,4,6
polynesian,1,1,2
polynomial,1,0,1
polynomials,2,0,2
polyphasic,0,1,1
polyphonic,1,1,2
polyrhythm,0,1,1
polyrhythmic,1,0,1
polys,0,4,4
polystyrene,2,0,2
polyvinyl,0,1,1
polyvore,4,17,21
polyvores,0,1,1
polyvoringg,0,1,1
polyyyy,0,1,1
pom,13,34,47
pomade,1,0,1
pomaga,0,1,1
pomanna,0,2,2
pombears,1,0,1
pome,0,3,3
pomegranate,9,19,28
pomegranatephone,0,1,1
pomegranates,1,1,2
pomegranet,0,1,1
pomegranite,1,4,5
pomegrante,1,3,4
pomerainian,1,0,1
pomeranian,4,3,7
pomeranians,0,1,1
pomeranz,1,0,1
pomeriaan,0,1,1
pomes,0,1,1
pomfry,1,1,2
pomi,0,1,1
pomkeygeekange,0,1,1
pomm,0,1,1
pommard,0,1,1
pomme,1,3,4
pommel,0,1,1
pommery,1,0,1
pommes,1,0,1
pommie,1,0,1
pommier,1,0,1
pommies,1,0,1
pommy,1,3,4
pommyland,0,1,1
pomodori,0,1,1
pomodoro,1,2,3
pomona,16,18,34
pomp,3,2,5
pompadour,1,0,1
pompamoose,0,1,1
pompano,1,4,5
pompeia,0,1,1
pompeii,4,4,8
pompeo,0,1,1
pompey,5,4,9
pompiao,0,1,1
pompidou,3,1,4
pompino,1,0,1
pompom,4,1,5
pompoms,0,5,5
pompous,2,4,6
pomptly,1,0,1
pompus,1,0,1
poms,1,13,14
pomy,1,0,1
pon,8,14,22
ponakan,0,1,1
ponaulajo,0,1,1
ponca,2,1,3
ponce,3,5,8
ponces,1,0,1
ponch,0,1,1
ponchatrain,0,1,1
poncho,15,9,24
ponchos,4,3,7
poncy,1,0,1
pond,74,91,165
pondahan,1,0,1
ponded,1,0,1
ponder,11,22,33
pondered,0,1,1
ponderer,0,1,1
ponderin,0,1,1
pondering,36,51,87
ponderland,14,4,18
ponderosa,1,3,4
ponders,3,8,11
pondi,1,2,3
pondicherry,0,1,1
pondok,1,2,3
pondoness,0,1,1
pondorosa,0,1,1
pondre,0,1,1
pondrous,0,1,1
ponds,1,3,4
pondy,1,1,2
pone,6,6,12
poneage,1,0,1
poned,5,8,13
ponens,1,0,1
poner,3,2,5
ponerlo,1,0,1
ponerme,1,0,1
pones,0,5,5
ponet,0,3,3
poney,0,1,1
ponferrada,0,1,1
pong,70,130,200
ponga,1,0,1
pongame,1,0,1
ponged,0,1,1
ponggg,1,0,1
ponggol,0,2,2
pongin,0,1,1
pongo,2,0,2
pongs,2,2,4
ponho,0,1,1
poni,1,0,1
ponie,1,0,1
ponied,1,0,1
ponies,13,21,34
poning,2,0,2
ponis,1,0,1
ponitail,1,0,1
ponjie,1,0,1
ponkpop,0,1,1
ponks,1,1,2
ponky,0,1,1
ponnie,0,1,1
ponning,1,0,1
ponnnnngggg,0,1,1
ponny,1,0,1
pono,3,0,3
ponoc,0,1,1
ponser,1,0,1
ponsonby,0,2,2
ponstan,1,1,2
pont,2,5,7
ponta,1,0,1
pontagrossense,0,1,1
pontas,1,0,1
pontavedra,1,0,1
pontcanna,0,1,1
ponte,1,3,4
ponteng,1,0,1
pontevedra,0,1,1
pontevico,1,0,1
ponti,0,1,1
pontiac,16,5,21
pontianak,1,0,1
ponticello,1,0,1
ponticyl,0,1,1
pontificate,0,2,2
pontificated,1,0,1
pontificating,0,1,1
ponting,0,1,1
ponto,0,1,1
pontoon,2,4,6
pontoonface,0,1,1
pontoonie,0,1,1
ponts,1,0,1
pontus,0,1,1
pontypark,0,1,1
pontypool,0,2,2
pony,75,71,146
ponybits,0,1,1
ponyboy,1,1,2
ponying,1,1,2
ponyo,1,2,3
ponyp,1,0,1
ponys,1,1,2
ponytaiil,2,0,2
ponytail,23,14,37
ponytails,2,3,5
ponyyyyy,1,0,1
ponza,0,1,1
ponzi,0,2,2
ponzio,1,0,1
ponzu,0,2,2
poo,513,152,665
poobag,0,1,1
poobear,1,0,1
poobie,0,1,1
poobs,1,0,1
poobum,0,1,1
pooby,1,0,1
pooch,26,27,53
pooche,1,0,1
pooched,5,1,6
pooches,2,3,5
poochfest,0,1,1
poochie,4,0,4
poochies,1,0,1
poochy,1,1,2
poocinda,2,0,2
pood,0,1,1
pooda,1,1,2
poodabutt,0,1,1
pooder,1,0,1
poodhu,1,0,1
poodie,0,2,2
poodle,36,22,58
poodleface,1,0,1
poodleish,1,0,1
poodlerific,0,1,1
poodles,7,2,9
pooed,8,1,9
pooey,18,2,20
poof,47,31,78
pooface,1,0,1
poofed,2,0,2
pooff,1,0,1
poofff,1,0,1
poofing,1,1,2
poofs,1,0,1
pooftah,0,1,1
poofter,1,1,2
poofy,10,5,15
pooh,65,45,110
poohbear,0,1,1
poohbeezy,1,0,1
poohbutt,1,0,1
poohead,0,1,1
pooheads,2,0,2
poohed,1,0,1
poohey,1,0,1
poohfy,0,1,1
poohh,1,0,1
poohie,1,0,1
poohpot,1,0,1
poohs,0,1,1
poohy,2,0,2
pooie,4,0,4
pooiis,1,0,1
pooing,1,0,1
pooja,3,4,7
pook,2,3,5
pooke,1,0,1
pookey,3,0,3
pookeybear,0,1,1
pookfest,1,0,1
pooki,0,1,1
pookie,13,17,30
pookies,0,1,1
pooks,4,1,5
pookster,2,0,2
pooky,0,3,3
pookyes,1,0,1
pool,1435,1740,3175
poolboy,2,1,3
poole,3,10,13
pooled,1,0,1
pooler,1,0,1
pooley,1,0,1
poolfor,1,0,1
poolgirl,0,1,1
poolie,1,1,2
pooliee,0,1,1
poolin,0,2,2
pooling,1,3,4
poolish,0,1,1
poolishes,1,0,1
pooll,2,2,4
poollll,0,1,1
poolllll,0,1,1
poolpartey,0,1,1
poolparty,0,4,4
pools,41,43,84
poolsaremosdef,0,1,1
poolside,30,67,97
poolsidin,0,1,1
pooltime,1,2,3
pooly,2,0,2
poolz,0,1,1
poom,2,0,2
poon,8,3,11
poonani,0,1,1
pooned,1,0,1
poonia,0,1,1
poons,2,0,2
poony,1,0,1
pooo,19,6,25
poooeypoopoo,1,0,1
pooof,1,1,2
pooofs,0,1,1
poooh,4,0,4
pooohh,0,1,1
poooker,0,1,1
poool,4,11,15
poooo,10,1,11
pooool,2,2,4
poooolll,1,0,1
poooonch,0,1,1
pooooo,3,3,6
poooooh,0,1,1
poooool,1,6,7
pooooooh,0,1,1
pooooool,0,4,4
pooooooo,4,0,4
poooooool,2,0,2
pooooooool,0,1,1
poooooooool,0,2,2
poooooooooooo,1,0,1
pooooooooooooooo,1,0,1
poooooooooooooooooooor,1,0,1
pooooooooooorly,1,0,1
poooooooooxa,1,0,1
poooooooor,2,0,2
pooooooop,0,1,1
pooooooopy,1,0,1
poooooop,2,0,2
poooooor,2,0,2
poooooorly,1,0,1
poooooorrrlllyyyyy,1,0,1
poooooorrrrr,1,0,1
pooooor,3,1,4
poooooring,1,0,1
pooooossibly,0,1,1
pooooouuuukeepsie,2,0,2
poooop,4,0,4
pooooped,0,1,1
poooor,8,0,8
poooorque,1,0,1
poooorrr,2,0,2
poooost,0,1,1
pooop,2,0,2
poooped,2,1,3
poooper,1,1,2
poooping,1,0,1
pooopp,1,0,1
pooopppulllllarrr,0,1,1
pooopville,1,0,1
pooopy,1,0,1
pooor,23,2,25
pooorly,1,0,1
pooorr,1,0,1
pooower,1,0,1
poop,332,109,441
pooped,118,61,179
poopensac,0,1,1
pooper,36,10,46
pooperhead,1,0,1
poopers,4,1,5
poopface,1,0,1
poophead,1,1,2
poophing,1,0,1
poopie,28,7,35
poopieee,1,0,1
poopies,2,0,2
poopin,2,1,3
pooping,21,8,29
poopininthenoog,1,0,1
poopless,1,0,1
poopoo,7,0,7
poopoopoo,1,0,1
poopoopoop,1,0,1
poopp,0,1,1
poopping,1,0,1
pooppooppooppooppooppoop,1,0,1
poops,13,7,20
poopsac,1,0,1
poopsauce,2,0,2
poopsicle,1,0,1
poopsicles,1,0,1
poopsie,2,0,2
poopsies,1,0,1
poopstain,0,1,1
poopster,0,1,1
poopsy,0,2,2
poopy,60,18,78
poopybutt,1,0,1
poopyyy,1,0,1
poopzkid,0,1,1
poor,7333,719,8052
pooram,2,0,2
poorbaby,2,0,2
poore,2,2,4
poorer,21,8,29
poorest,3,2,5
pooring,9,4,13
poorinqq,1,0,1
pooris,0,1,1
poorle,1,0,1
poorley,6,0,6
poorlies,1,0,1
poorliness,0,1,1
poorly,443,32,475
poorlyish,1,0,1
poorman,1,0,1
poorness,3,0,3
poorpoor,1,0,1
poorr,6,1,7
poorrrr,0,1,1
poors,4,0,4
poorthing,1,0,1
pooruseofsearchenginename,0,1,1
poory,2,0,2
poos,8,2,10
poose,1,0,1
poosers,1,0,1
poosh,0,1,1
pooshe,1,0,1
poosticks,1,0,1
poot,2,1,3
poota,0,2,2
pooter,6,2,8
pooters,1,0,1
poothead,1,0,1
pootie,1,1,2
pooting,0,1,1
pootjes,1,0,1
pootle,0,2,2
pootling,1,0,1
poots,1,0,1
poovum,0,1,1
pooy,2,0,2
pop,530,655,1185
popa,0,1,1
popadom,0,1,1
popart,0,1,1
popaw,1,0,1
popbangpopbang,0,1,1
popbelly,0,1,1
popbitch,1,1,2
popc,0,1,1
popcap,3,2,5
popchips,1,0,1
popcicle,2,2,4
popcicles,1,2,3
popcile,0,1,1
popciles,1,2,3
popcola,1,0,1
popcolaxoxo,1,0,1
popcorn,207,264,471
popcorning,1,0,1
popcornn,0,1,1
popcornnnnn,1,0,1
popcorns,3,2,5
popcornss,0,1,1
popcrunch,0,1,1
popcult,0,1,1
popculture,0,2,2
pope,15,28,43
popeater,1,0,1
poped,6,4,10
popego,2,0,2
popejoy,0,1,1
popems,0,1,1
poperatzi,0,1,1
popers,0,1,1
popery,1,0,1
popes,1,0,1
popeth,1,0,1
popey,1,0,1
popeye,14,11,25
popeyes,21,18,39
popfly,0,1,1
popgasm,0,2,2
popgastic,0,1,1
popgo,1,0,1
popi,0,2,2
popiah,2,0,2
popicles,0,1,1
popiel,0,1,1
popin,3,1,4
popinas,1,0,1
poping,2,2,4
popins,0,1,1
popiplo,0,1,1
popiscle,0,1,1
popits,0,4,4
popkes,1,0,1
poplar,4,0,4
poplatkov,0,1,1
pople,0,1,1
poplicious,0,1,1
poplife,0,1,1
poplin,0,1,1
poplockanddropit,0,1,1
popmie,0,1,1
popmusik,0,1,1
popmycheri,0,1,1
popn,1,2,3
popness,0,1,1
popo,6,6,12
popoki,2,0,2
popol,0,1,1
popolos,0,1,1
popon,0,1,1
popoo,1,0,1
popopopiest,1,0,1
popopopoker,0,1,1
popopopopopoker,0,1,1
poporn,1,0,1
popos,0,1,1
popovers,1,1,2
popovic,0,1,1
popow,1,0,1
popoy,1,0,1
popp,0,2,2
poppa,12,13,25
poppadum,0,1,1
poppd,2,0,2
popped,160,107,267
poppen,0,1,1
poppens,0,1,1
popper,4,5,9
poppers,2,4,6
poppery,1,0,1
poppet,6,9,15
poppets,0,2,2
poppi,0,2,2
poppie,0,3,3
poppies,3,6,9
poppiholla,0,1,1
poppin,83,124,207
poppinerybody,0,1,1
poppinest,0,1,1
popping,104,91,195
poppingsz,1,0,1
poppington,1,1,2
poppinjay,1,0,1
poppinnnn,0,1,1
poppinq,0,1,1
poppins,10,17,27
poppit,0,1,1
popple,2,0,2
poppn,1,1,2
poppop,4,0,4
popppen,0,1,1
popppinn,0,1,1
popppinnn,0,1,1
popppppinton,0,1,1
poppppppin,1,0,1
poppy,35,48,83
poppycock,1,1,2
poppys,2,0,2
poppyseed,1,2,3
poppytalk,1,1,2
poprocks,1,2,3
pops,145,172,317
popscene,3,1,4
popscicles,0,1,1
popscile,1,0,1
popseed,1,0,1
popsickle,1,0,1
popsicle,28,39,67
popsicles,21,10,31
popsie,0,2,2
popsikle,0,1,1
popstar,5,17,22
popstaronline,0,1,1
popstars,0,2,2
popstarts,1,0,1
popsugar,0,1,1
popsup,1,0,1
poptart,12,16,28
poptartreview,1,0,1
poptarts,21,19,40
poptwiz,1,0,1
popualirity,0,1,1
popuarity,1,0,1
populaar,0,1,1
populace,1,1,2
populair,1,0,1
populal,0,1,1
popular,178,300,478
popularise,0,1,1
popularity,20,31,51
popularly,1,1,2
popularmate,0,1,1
popularty,0,1,1
populate,1,2,3
populated,7,5,12
populating,5,2,7
populatiom,0,1,1
population,26,35,61
populationnnn,1,0,1
populations,2,0,2
populism,1,0,1
populist,1,0,1
populists,1,0,1
popunders,1,0,1
popup,16,6,22
popups,3,5,8
popurls,1,0,1
popusas,0,1,1
poput,1,0,1
popwatch,1,0,1
popworld,1,0,1
popz,2,1,3
poquito,2,2,4
poquoson,0,1,1
por,74,109,183
pora,1,0,1
porad,1,0,1
porae,1,0,1
porage,1,0,1
porak,0,1,1
porbably,0,1,1
porbally,1,0,1
porblem,0,1,1
porbly,1,0,1
porbs,0,1,1
porc,2,0,2
porcaria,0,1,1
porceilaine,0,1,1
porcelain,10,10,20
porcelan,0,1,1
porceline,1,0,1
porcello,2,0,2
porcfest,1,0,1
porch,93,142,235
porchdragon,1,0,1
porche,0,1,1
porches,0,1,1
porchetta,1,3,4
porchlight,0,1,1
porchpalooza,1,0,1
porci,0,1,1
porcina,5,1,6
porcine,1,0,1
porcini,1,0,1
porcos,1,0,1
porcupine,2,5,7
porcupines,1,2,3
pord,0,1,1
pore,16,10,26
poreans,1,0,1
porec,0,1,1
poreclain,1,0,1
pores,4,5,9
poret,0,1,1
porfavooor,1,0,1
porfavor,1,3,4
porfile,1,1,2
porfolio,0,1,1
porget,0,1,1
porgey,1,0,1
porgy,0,1,1
poridge,1,0,1
poring,6,2,8
porirua,0,1,1
porject,1,1,2
porjonto,1,0,1
pork,115,147,262
porkay,1,0,1
porkchop,3,2,5
porkchops,1,7,8
porke,1,2,3
porkers,0,1,1
porkfever,0,1,1
porkfloss,1,0,1
porkless,1,0,1
porks,1,0,1
porky,10,7,17
porkys,0,1,1
porland,1,0,1
porly,1,0,1
porlysick,1,0,1
porm,0,1,1
porma,0,1,1
pormise,0,1,1
porn,217,207,424
pornaddict,1,0,1
pornagraphers,1,0,1
pornbats,1,0,1
pornbot,1,0,1
pornbots,2,0,2
pornmoviespinoffs,0,1,1
porno,18,24,42
pornograph,1,0,1
pornographers,2,1,3
pornographic,3,2,5
pornography,4,3,7
pornos,0,3,3
pornotribune,0,1,1
porns,1,0,1
pornstar,2,8,10
pornstars,2,5,7
porntana,1,0,1
porntanaaaaaaa,1,0,1
pornwit,1,0,1
porny,1,1,2
pornz,1,0,1
porob,1,1,2
poron,0,1,1
porong,1,0,1
porper,0,1,1
porple,0,1,1
porpoises,0,1,1
porq,1,2,3
porqe,2,0,2
porqqi,0,1,1
porque,15,3,18
porquelasdose,1,1,2
porqueria,1,0,1
porquinho,0,1,1
porr,3,2,5
porra,3,0,3
porres,1,0,1
porridge,44,33,77
porridgesque,1,0,1
porridgy,1,0,1
porrige,1,0,1
porsch,1,0,1
porscha,2,3,5
porschas,0,1,1
porsche,14,12,26
porsches,3,0,3
porsgrunn,0,1,1
porsh,1,0,1
porsha,0,1,1
porshala,0,1,1
porshe,1,1,2
porstex,0,1,1
porsuchto,0,1,1
port,166,139,305
porta,6,2,8
portabella,0,1,1
portabello,2,4,6
portability,2,6,8
portable,47,68,115
portableapp,1,0,1
portableapps,2,3,5
portacabin,2,0,2
portadown,1,0,1
portaferry,1,0,1
portage,0,2,2
portail,1,0,1
portait,0,1,1
portaits,0,1,1
portajohns,0,1,1
portakabin,1,0,1
portakabins,1,0,1
portal,27,31,58
portaledge,0,1,1
portalling,0,1,1
portaloo,1,0,1
portaloos,1,0,1
portals,2,5,7
portanto,0,1,1
portapocket,0,1,1
portapotties,1,0,1
portarlington,0,1,1
portas,1,0,1
portastudio,0,1,1
portatil,0,1,1
portaventura,0,2,2
portch,0,1,1
portchester,1,0,1
portcon,1,1,2
portcredit,0,1,1
porte,3,1,4
portebello,2,0,2
ported,8,2,10
portemonnee,1,0,1
portended,0,1,1
portends,1,0,1
portents,2,0,2
porter,14,21,35
porterage,0,1,1
porterfield,3,0,3
porterhouse,1,4,5
porterrrrr,1,0,1
porters,1,0,1
porterville,0,1,1
portes,0,1,1
portese,1,0,1
portfoliiiiiiiio,0,1,1
portfolio,86,114,200
portfoliodesign,0,1,1
portfolioo,0,1,1
portfolios,2,5,7
portforwarding,0,1,1
porth,0,1,1
porthcawl,2,1,3
porthcurno,0,1,1
porthmadog,0,1,1
portholes,0,1,1
portia,7,13,20
portico,2,6,8
portif,0,1,1
portillo,1,6,7
porting,6,3,9
portion,32,46,78
portioned,2,0,2
portions,16,11,27
portis,0,1,1
portishead,0,2,2
portkey,0,1,1
portland,137,145,282
portlands,0,1,1
portlaoise,1,0,1
portlet,1,0,1
portlets,0,2,2
portman,2,5,7
portmeirion,1,0,1
portmore,1,2,3
portmouth,1,0,1
portnoo,1,0,1
portnoy,1,0,1
porto,29,30,59
portobella,0,1,1
portobello,8,7,15
portofolio,0,1,1
portola,0,1,1
porton,0,1,1
portos,0,2,2
portpatrick,1,0,1
portpolio,0,1,1
portrait,29,59,88
portraits,5,28,33
portraitssssss,1,0,1
portraiture,1,7,8
portray,2,0,2
portrayal,1,3,4
portrayed,4,5,9
portraying,0,1,1
portrayl,1,0,1
portrays,0,3,3
portriat,1,0,1
portrush,0,2,2
ports,35,12,47
portsea,2,0,2
portside,1,0,1
portsmouth,30,31,61
portsoy,1,0,1
portstewart,0,1,1
portu,0,1,1
portuare,1,0,1
portugaaal,1,0,1
portugal,65,84,149
portugalia,0,1,1
portugall,1,0,1
portugallien,3,0,3
portugasm,0,1,1
portugee,0,1,1
portugese,5,3,8
portugu,0,4,4
portugues,1,1,2
portuguese,52,85,137
portugueses,0,1,1
portukalos,0,1,1
portune,1,0,1
portupgrade,1,0,1
portwoods,1,0,1
porty,0,1,1
porud,1,0,1
porugal,0,1,1
poruing,1,0,1
porur,0,1,1
porve,0,1,1
porvoo,1,0,1
pos,40,20,60
posada,2,1,3
posados,1,0,1
posamistic,0,1,1
posarem,0,1,1
posative,0,1,1
posc,2,0,2
poscasts,1,0,1
poschy,0,1,1
pose,44,87,131
poseasclass,1,0,1
posed,23,18,41
posednik,1,0,1
poseidon,3,1,4
poseoff,0,1,1
posepone,1,0,1
poser,30,19,49
poserish,1,0,1
poserkid,0,1,1
poserpro,1,0,1
poserrrs,0,1,1
posers,23,17,40
posersss,0,1,1
poserz,1,0,1
poses,5,9,14
posesia,0,1,1
posesions,1,0,1
posess,0,1,1
posessed,2,1,3
posession,1,1,2
poseted,1,1,2
poseur,2,0,2
poseurs,1,0,1
posey,0,3,3
poseys,1,0,1
posh,36,72,108
poshcode,0,1,1
posher,0,1,1
poshh,0,1,1
poshish,1,0,1
poshness,0,1,1
posho,0,1,1
posi,3,2,5
posibil,0,3,3
posibilities,0,1,1
posibility,2,0,2
posible,6,5,11
posibly,1,0,1
posicles,0,1,1
posie,0,1,1
posies,1,0,1
posin,1,1,2
posing,20,27,47
posinioning,1,0,1
posion,4,1,5
posioned,1,0,1
posioning,8,0,8
posis,0,1,1
posit,1,0,1
positano,1,1,2
posited,0,1,1
positif,0,1,1
position,187,136,323
positional,0,1,1
positioned,2,4,6
positionieren,0,1,1
positioning,5,6,11
positions,34,25,59
posititvely,0,1,1
positiv,2,4,6
positive,299,902,1201
positively,17,38,55
positiveness,1,0,1
positiveposse,0,2,2
positives,6,4,10
positivetweet,0,1,1
positivety,1,0,1
positivism,1,0,1
positivity,14,70,84
positivly,1,0,1
positivus,0,1,1
positon,1,1,2
positronic,0,1,1
positve,3,9,12
positvely,1,0,1
posivitve,0,1,1
posix,0,1,1
poskupeo,0,1,1
poslaju,1,0,1
poslat,0,1,1
posledn,1,0,1
posloucham,1,1,2
posner,0,1,1
posneto,0,1,1
posns,0,1,1
posole,3,1,4
posomistic,0,1,1
posoned,1,0,1
posp,0,1,1
pospect,1,0,1
pospisil,0,1,1
pospne,1,0,1
pospone,1,0,1
posponed,5,2,7
poss,25,21,46
possa,1,0,1
possabilities,0,1,1
possbile,1,2,3
possbilities,1,0,1
possble,1,0,1
posscon,1,0,1
posse,18,25,43
possebly,1,0,1
posseeeee,1,0,1
posses,1,2,3
possesed,2,0,2
possesion,1,2,3
possess,8,12,20
possessed,11,13,24
possesses,3,0,3
possessing,2,0,2
possession,20,14,34
possessions,9,7,16
possessive,1,5,6
possessor,1,0,1
possiabally,1,0,1
possibably,0,1,1
possibally,0,1,1
possibe,1,2,3
possibilitat,1,0,1
possibilites,1,3,4
possibilities,16,81,97
possibility,70,54,124
possibillities,0,1,1
possibillitiesfor,0,1,1
possibilties,0,1,1
possibiltty,1,0,1
possibilty,1,2,3
possibily,3,0,3
possibl,0,1,1
possible,741,807,1548
possiblee,1,0,1
possibleee,0,1,1
possibles,1,1,2
possibley,2,3,5
possiblility,0,1,1
possiblities,0,3,3
possiblity,2,1,3
possibly,479,520,999
possibs,0,1,1
possie,1,0,1
possiible,0,1,1
possilbly,0,1,1
possilby,0,1,1
possins,0,1,1
possitive,0,3,3
possium,1,0,1
posso,1,3,4
posssaaaaaaaayyyy,0,1,1
possssibly,0,1,1
posst,0,1,1
possum,28,22,50
possumest,0,1,1
possums,5,4,9
possy,0,1,1
post,2159,3445,5604
posta,2,2,4
postable,1,0,1
postage,28,18,46
postagem,0,1,1
postal,26,29,55
postar,3,1,4
postarile,1,0,1
postat,0,1,1
postati,0,1,1
postbank,0,1,1
postbirthday,0,1,1
postbox,3,4,7
postcads,0,1,1
postcard,25,54,79
postcards,15,45,60
postcars,0,1,1
postcode,8,6,14
postcodes,1,0,1
postcrossing,0,14,14
postd,1,2,3
postdigital,1,3,4
postdoc,0,2,2
postdocs,0,1,1
poste,1,3,4
postea,1,0,1
postear,1,1,2
posted,690,1211,1901
posteddd,1,0,1
postei,0,2,2
posteli,1,0,1
poster,149,236,385
posterboard,0,1,1
posterboy,1,1,2
posterchildren,0,1,1
postered,0,1,1
postergram,1,0,1
postering,1,2,3
posterior,3,1,4
posterity,2,2,4
posterle,0,1,1
postero,0,2,2
posterous,3,14,17
posterousing,0,1,1
posterr,0,1,1
posterrr,0,1,1
posters,97,109,206
postersize,0,1,1
posterstein,1,0,1
posterwhisperer,1,0,1
postesh,1,0,1
postet,0,1,1
postfestival,0,1,1
postfix,1,2,3
postfolio,0,1,1
postg,1,0,1
postgame,1,2,3
postge,0,1,1
postgrad,4,3,7
postgrads,1,0,1
postgraduate,2,1,3
postgres,1,2,3
postgresql,7,3,10
postgrey,1,0,1
posthaste,1,0,1
postholer,0,1,1
posthorn,0,1,1
posthuman,1,0,1
posthumously,1,0,1
posthunt,2,1,3
postial,1,0,1
postie,8,2,10
postieeee,0,1,1
posties,4,2,6
postiive,0,1,1
postin,6,13,19
posting,309,639,948
postings,11,13,24
postion,1,1,2
postions,1,0,1
postirous,1,0,1
postit,0,2,2
postitive,0,2,2
postits,2,1,3
postituses,0,1,1
postive,7,12,19
postively,1,1,2
postives,2,0,2
postivie,1,0,1
postivity,1,0,1
postje,1,0,1
postman,49,29,78
postmans,1,0,1
postmarked,1,0,1
postmaster,1,0,1
postmater,0,1,1
postmen,3,0,3
postmodern,1,1,2
postnet,1,0,1
postnuke,0,1,1
posto,1,1,2
postoakblvd,0,1,1
postoffice,1,2,3
postone,1,0,1
postoned,2,0,2
postovne,0,1,1
postpaid,1,3,4
postpartum,1,2,3
postpone,49,12,61
postponed,192,43,235
postponement,5,2,7
postponements,1,0,1
postponers,0,1,1
postpones,1,0,1
postponing,12,5,17
postprocessing,1,1,2
postr,1,0,1
postrank,0,3,3
postrio,2,0,2
postrock,0,1,1
postroom,1,0,1
posts,358,452,810
postseason,1,2,3
postsecret,8,14,22
postsecrets,0,4,4
postt,1,0,1
postulantes,0,1,1
postulate,0,1,1
postulates,0,1,1
postulating,0,1,1
postural,0,1,1
posture,10,6,16
postures,1,0,1
postwork,0,1,1
posty,3,0,3
posve,0,1,1
posy,2,1,3
posztere,0,1,1
pot,251,237,488
pota,0,1,1
potah,0,1,1
potamus,1,0,1
potaote,0,1,1
potaots,1,0,1
potassium,1,3,4
potat,1,0,1
potatas,0,1,1
potaters,0,2,2
potates,0,2,2
potato,131,205,336
potatoe,5,30,35
potatoes,97,136,233
potatoesjonasgirls,0,1,1
potatoessss,0,1,1
potatohead,0,3,3
potatoing,1,0,1
potatoo,1,0,1
potatos,8,14,22
potatosallad,0,1,1
potatote,0,1,1
potbelleez,1,1,2
potbelly,4,3,7
potbellys,1,0,1
potbs,0,1,1
potc,2,10,12
potd,1,3,4
potdolls,1,0,1
poteas,1,0,1
poteet,0,2,2
potek,1,1,2
potency,2,2,4
potensi,1,0,1
potent,6,9,15
potentate,1,0,1
potential,117,200,317
potentiality,0,1,1
potentially,42,21,63
potentials,1,0,1
potentialy,1,1,2
potentional,0,1,1
potenza,0,1,1
poter,0,1,1
poterisation,1,0,1
potero,1,0,1
potest,0,1,1
potesters,1,0,1
pothead,5,2,7
potheadrule,1,0,1
potheads,1,4,5
potholder,2,0,2
pothole,5,0,5
potholes,3,4,7
poti,0,1,1
poties,1,0,1
potion,10,2,12
potions,3,1,4
potipot,0,3,3
potitned,1,0,1
potito,1,0,1
potitosss,0,1,1
potluck,13,23,36
potlucks,1,2,3
potn,1,0,1
potna,1,2,3
potnoodle,0,1,1
potntl,0,1,1
poto,3,2,5
potom,0,2,2
potomac,5,3,8
potomic,0,1,1
potong,2,2,4
potosi,1,0,1
pototo,0,1,1
potown,1,1,2
potp,1,0,1
potpourri,1,1,2
potrait,0,1,1
potreboval,0,1,1
potreri,1,0,1
potrero,0,1,1
potrive,0,1,1
potro,12,2,14
potroastfail,1,0,1
potrol,1,0,1
potrrroooo,1,0,1
pots,34,41,75
potsdam,1,1,2
potsheen,0,1,1
potstickers,3,3,6
potstickes,0,1,1
pott,0,1,1
pottah,0,1,1
potted,10,5,15
potter,236,492,728
pottercast,4,1,5
potterhead,0,2,2
pottering,7,9,16
potters,2,7,9
pottertopia,1,0,1
pottery,6,12,18
potthast,0,1,1
pottied,1,1,2
potties,0,1,1
potting,6,4,10
potts,5,9,14
pottstown,0,1,1
pottsy,1,0,1
pottter,0,2,2
pottum,0,1,1
potty,72,57,129
pottymouth,1,1,2
pottys,1,0,1
pottytraining,0,1,1
potudalam,0,1,1
potuguese,0,1,1
potus,4,12,16
potusa,1,0,1
potvrdit,1,0,1
potw,1,0,1
pou,2,1,3
pouca,1,0,1
poucas,1,0,1
pouch,19,5,24
pouche,1,0,1
pouches,3,3,6
pouching,1,0,1
pouco,1,7,8
poufy,0,1,1
poughkeepsie,9,7,16
pouish,0,1,1
poulaki,1,0,1
poulenc,2,0,2
poulet,0,1,1
poulin,0,2,2
poulitos,1,0,1
poulsbo,0,1,1
poultry,0,1,1
poultryfest,1,0,1
poults,1,0,1
pounce,6,10,16
pounced,2,3,5
pouncer,1,0,1
pounces,0,4,4
pouncing,3,4,7
pouncybouncyhugs,1,0,1
pound,105,92,197
poundage,0,2,2
poundcake,1,0,1
pounded,6,1,7
pounder,8,4,12
pounders,0,1,1
poundin,4,0,4
pounding,164,17,181
poundland,1,1,2
pounds,205,218,423
poundss,1,0,1
poundstretcher,1,0,1
poundten,0,1,1
poundys,0,1,1
poupee,2,4,6
poupi,0,1,1
pouquinho,0,1,1
pouquinhoo,0,1,1
pour,101,99,200
pourch,0,1,1
pourd,0,1,1
poured,67,28,95
pourin,10,3,13
pouring,448,139,587
pouringgg,4,0,4
pouringggg,1,0,1
pourn,1,0,1
pourng,1,0,1
pourquoi,6,0,6
pourrrringggggg,1,0,1
pourrrrinnngggg,1,0,1
pours,33,20,53
pourtant,0,1,1
poustela,1,0,1
poustis,0,1,1
pout,77,26,103
pouted,4,2,6
pouter,1,0,1
poutier,0,1,1
poutiest,1,0,1
poutin,4,0,4
poutine,7,6,13
poutinerie,2,0,2
pouting,67,8,75
pouts,63,7,70
poutting,1,0,1
pouttt,1,0,1
pouty,24,3,27
poutz,1,0,1
pouuurrrrrr,1,0,1
pouyan,1,0,1
pov,9,26,35
pova,1,0,1
povand,0,1,1
povedans,1,0,1
poveglia,0,1,1
povem,0,2,2
poven,1,0,1
poverino,1,0,1
povero,0,1,1
povert,0,1,1
poverty,19,7,26
povestea,0,1,1
povich,1,0,1
poviem,0,1,1
povinne,0,1,1
povo,2,1,3
povray,1,0,1
povrecita,1,0,1
povso,1,0,1
povvo,1,0,1
pow,69,133,202
powa,0,2,2
powaa,0,1,1
powaaaa,0,1,1
powafull,0,1,1
powah,1,1,2
powahh,0,1,1
powahs,0,2,2
powai,1,0,1
powar,0,1,1
powass,0,1,1
powder,66,47,113
powdered,7,14,21
powderfinger,0,1,1
powderful,0,2,2
powderhorn,1,1,2
powderpost,1,0,1
powderpuff,2,5,7
powders,1,0,1
powdery,4,1,5
powe,1,0,1
poweder,0,1,1
poweerr,0,1,1
poweful,1,0,1
powell,8,17,25
powells,0,2,2
powepoint,1,0,1
power,1332,985,2317
powerade,4,6,10
powerades,0,1,1
poweraid,1,0,1
poweraide,0,1,1
powerangers,0,1,1
powerball,5,4,9
powerbell,1,0,1
powerblog,0,2,2
powerboard,1,0,1
powerboating,2,0,2
powerbook,29,8,37
powerbooks,4,0,4
powerbrick,1,1,2
powerchord,1,0,1
powercord,2,0,2
powercut,17,3,20
powercuts,4,0,4
powerdrill,0,1,1
powerdrops,1,0,1
powerdvd,1,0,1
powere,2,0,2
powered,32,44,76
poweredbytofu,0,1,1
powerepoint,1,0,1
powereranger,1,0,1
powerfailure,1,0,1
powerfist,0,1,1
powerfm,0,1,1
powerful,47,151,198
powerfull,3,3,6
powerfully,1,1,2
powerglide,0,1,1
powerglove,1,0,1
powergui,1,0,1
powergun,0,1,1
powerhouse,10,6,16
powering,9,9,18
powerlaces,0,1,1
powerless,12,5,17
powerleveling,1,1,2
powerlifter,0,1,1
powerline,1,0,1
powerlines,4,0,4
powerlive,0,1,1
powermac,5,0,5
powermetal,0,1,1
powermom,0,1,1
powermovesss,0,1,1
powernap,6,3,9
powernapped,1,0,1
powernaps,0,1,1
powernoize,0,1,1
poweroutage,1,0,1
powerp,1,0,1
powerpack,1,0,1
powerpacked,0,1,1
powerpath,1,0,1
powerpc,4,1,5
powerpets,0,1,1
powerpig,0,1,1
powerplant,1,2,3
powerplay,2,2,4
powerplug,1,0,1
powerpoint,55,41,96
powerpoints,3,1,4
powerpuff,3,7,10
powerpuffgirls,1,1,2
powerr,1,0,1
powerrakes,1,0,1
powerrrr,0,2,2
powers,111,101,212
powerset,0,4,4
powershell,0,12,12
powershop,0,1,1
powershot,8,4,12
powershower,1,0,1
powersource,1,0,1
powerspace,0,1,1
powersquid,1,0,1
powerstation,1,0,1
powerstearing,1,0,1
powerstrike,0,1,1
powerstrip,0,1,1
powersupply,1,1,2
powertap,3,3,6
powerthirst,1,0,1
powertools,1,0,1
powertothepeople,0,1,1
powertwitter,3,1,4
powerup,0,1,1
poweruser,1,0,1
powerwalk,1,2,3
powerwashed,1,0,1
powerwheel,1,0,1
powerzz,0,1,1
powet,0,1,1
powette,1,1,2
powhatan,0,1,1
pownce,1,0,1
powned,0,1,1
powning,0,1,1
powpow,1,0,1
powpowpows,0,1,1
powrcut,1,0,1
pows,0,2,2
powter,2,0,2
powting,1,0,1
powweerr,1,0,1
powwow,2,3,5
powww,2,0,2
pox,70,10,80
poxa,12,2,14
poxy,10,2,12
poy,2,0,2
poyalley,0,1,1
poyeeee,1,0,1
poynt,1,0,1
poynter,16,22,38
poynterday,2,11,13
poynterpie,0,1,1
poynterrrr,0,1,1
poynters,1,0,1
poynton,0,1,1
poytanas,1,0,1
poyyer,0,1,1
poyzon,0,1,1
poz,0,2,2
poza,1,2,3
pozd,1,0,1
pozde,1,0,1
pozdravim,0,1,1
pozdrawiam,0,2,2
poze,0,1,1
pozhachu,1,0,1
pozitiv,0,1,1
pozitiva,0,1,1
pozitive,0,1,1
poznan,0,2,2
poznat,0,1,1
pozole,4,1,5
pozt,0,1,1
pozzitive,0,1,1
pozzo,0,1,1
pp,62,39,101
ppa,4,2,6
ppac,0,1,1
ppajyeonnabbwa,0,1,1
pparked,1,0,1
ppasok,0,1,1
ppast,1,0,1
ppc,19,13,32
ppccchhhuuaahhh,0,1,1
ppcdl,0,1,1
ppchen,0,1,1
ppd,5,1,6
ppdurham,0,1,1
ppe,1,0,1
pped,1,0,1
ppeoples,0,1,1
ppeps,0,1,1
ppf,0,1,1
ppfffff,1,0,1
ppfffftttt,1,0,1
ppffftt,1,0,1
ppfftt,0,1,1
ppffttt,0,1,1
ppft,0,1,1
ppg,0,3,3
ppgz,0,1,1
pphew,0,1,1
pphhiiuuuh,1,0,1
pphhoonnee,1,0,1
ppi,2,2,4
ppic,1,0,1
ppics,1,0,1
ppicture,1,0,1
ppida,0,1,1
ppin,0,1,1
pping,1,0,1
ppittsburg,0,1,1
ppj,1,0,1
ppk,1,1,2
ppkbitan,1,0,1
ppkn,1,0,1
ppl,1823,1709,3532
pplayin,1,0,1
pple,30,32,62
pplease,0,1,1
ppleaseeexxx,1,0,1
pplechange,1,0,1
pples,2,0,2
ppll,1,2,3
pplleeeaaassseee,0,1,1
pplllggghhh,0,1,1
ppls,37,45,82
pplsoft,1,0,1
pplus,0,1,1
pplz,17,26,43
ppm,5,2,7
ppnat,0,1,1
ppo,1,1,2
ppod,0,1,1
ppoint,1,0,1
ppol,1,2,3
ppool,1,0,1
ppoooo,1,0,1
ppooool,1,0,1
ppop,1,0,1
ppor,1,0,1
ppose,1,0,1
pposed,1,2,3
ppost,1,0,1
ppp,62,25,87
pppaaaarrrtttaaaayyyy,0,1,1
pppeeeace,1,0,1
pppeeeeevvvv,1,0,1
pppfffttt,0,1,1
ppphhhhhttttt,0,1,1
ppphilip,1,0,1
ppphonne,1,0,1
pppl,3,3,6
pppllleeeaaassseee,0,1,1
pppllleeeassse,1,0,1
pppllllleeeeeaaaasssseeee,1,0,1
pppoe,3,0,3
pppooooooopped,1,0,1
pppp,1,2,3
pppparty,0,1,1
ppppfffffffffffffffffffffffffttttt,1,0,1
pppphhhhonnnnneeee,1,0,1
pppplease,1,0,1
ppppllleeeaaassseee,1,0,1
ppppoke,1,0,1
ppppooooooopppppp,1,0,1
ppppp,1,0,1
pppppaaaaarrrrraaaaammmmmooooorrrreeee,0,1,1
ppppplease,1,0,1
ppppplllleeeeasssseee,0,1,1
ppppppal,0,1,1
ppppppfffffftttttttt,0,1,1
ppppppplease,0,1,1
pppppppp,1,0,1
ppppppppppppppiiiiiiiiiiiiiiiiiiiiiiiiiiiiiiiiiii,1,0,1
pppppppppppppplzzzzzzzzzz,1,0,1
ppppremiere,1,0,1
ppps,1,2,3
pppsssshhh,0,1,1
ppq,1,1,2
ppqa,0,1,1
ppqs,2,1,3
ppr,3,0,3
pprincess,0,1,1
ppriv,0,1,1
pprkc,0,1,1
pproblems,1,0,1
pprofessional,0,1,1
pproperty,0,1,1
pprreettyy,0,1,1
pprs,1,1,2
pps,6,11,17
ppshh,0,1,1
ppss,1,0,1
ppssh,0,1,1
ppsshhh,1,0,1
ppsshhhhhh,1,0,1
ppsssht,1,0,1
ppst,0,1,1
ppt,21,24,45
pptp,3,0,3
ppts,1,0,1
pptweetup,0,1,1
ppuk,1,0,1
ppukm,0,1,1
ppv,10,18,28
ppview,1,0,1
ppvs,1,0,1
ppw,3,2,5
ppwk,0,1,1
ppy,1,3,4
ppz,1,5,6
pq,21,8,29
pqi,0,1,1
pqp,3,0,3
pqq,0,1,1
pque,0,2,2
pr,144,239,383
pra,29,32,61
praaay,0,1,1
praba,0,1,1
prabhakaran,4,0,4
prabhandham,1,0,1
prabhu,0,1,1
prabhuji,0,2,2
prabola,0,1,1
prabowo,1,0,1
prac,35,13,48
pracc,0,1,1
prace,0,1,1
prach,0,2,2
prachett,0,1,1
pracice,1,0,1
pracitce,0,1,1
prack,2,0,2
pracovat,1,0,1
pracovn,1,0,1
pracs,2,2,4
pract,1,0,1
practasing,0,1,1
practce,1,0,1
practesing,0,1,1
practic,0,1,1
practical,63,61,124
practicalities,1,0,1
practicality,1,2,3
practically,115,98,213
practicals,1,2,3
practicaly,1,0,1
practice,801,766,1567
practiced,29,13,42
practicee,5,5,10
practiceee,2,0,2
practices,25,18,43
practicez,1,0,1
practicin,1,1,2
practicing,71,130,201
practicinq,0,1,1
practicle,2,0,2
practicly,2,1,3
practicum,3,3,6
practicuum,0,1,1
practikum,1,0,1
practing,1,0,1
practis,0,2,2
practise,33,45,78
practised,2,3,5
practises,0,1,1
practising,18,30,48
practisng,0,1,1
practitioner,3,2,5
practitioners,2,2,4
practivally,0,1,1
pracuje,1,0,1
pracuju,0,1,1
pracy,1,0,1
prad,0,1,1
prada,32,44,76
pradam,0,1,1
pradamark,0,1,1
pradana,1,0,1
pradas,0,3,3
pradedam,0,1,1
pradesh,1,0,1
pradhikaran,0,2,2
pradidaaaaas,1,0,1
pradipika,0,1,1
prado,1,2,3
praegu,1,0,1
praful,1,0,1
prag,2,0,2
praga,0,1,1
prager,0,1,1
pragmatic,1,3,4
prague,30,34,64
prah,0,1,1
praha,1,1,2
prahasto,0,1,1
prahran,0,1,1
prahy,1,0,1
prai,0,1,1
praia,1,1,2
praiaaaaaaa,1,0,1
praie,0,1,1
praireskyes,0,1,1
prairewood,1,0,1
prairie,16,21,37
prairiebureau,1,0,1
prairieland,0,1,1
prairies,2,2,4
prairieville,1,0,1
praise,54,258,312
praised,5,8,13
praises,6,5,11
praiseteam,0,1,1
praising,3,25,28
praisn,0,1,1
prak,0,2,2
prakash,1,0,1
prakata,0,2,2
praks,0,1,1
praktiker,1,0,1
praktiklee,1,0,1
praline,3,2,5
pralines,1,2,3
pralums,1,0,1
pram,6,5,11
prambors,1,1,2
pramerica,0,1,1
pramise,1,0,1
prams,1,0,1
prana,1,0,1
pranayama,1,1,2
prance,2,3,5
prancer,1,1,2
prancing,1,2,3
prandial,0,1,1
prang,5,0,5
pranged,1,0,1
pranic,0,1,1
praning,1,0,1
praniti,0,1,1
prank,35,56,91
pranked,4,1,5
prankied,0,1,1
prankin,0,1,1
pranking,2,3,5
prankn,2,0,2
prankoffate,2,0,2
pranks,2,12,14
prankster,0,6,6
prankying,0,1,1
prannit,0,1,1
pranoid,1,1,2
prantauan,0,1,1
pranx,0,1,1
prappppp,0,1,1
praps,0,1,1
praque,0,1,1
prargue,0,1,1
prarie,2,1,3
pras,0,2,2
prasad,1,2,3
prashaad,1,0,1
prashad,1,0,1
prashantdr,0,1,1
prasie,0,1,1
prasodjo,0,1,1
prasoon,0,1,1
prat,10,5,15
prata,3,5,8
pratama,0,1,1
pratchett,4,11,15
prateek,1,0,1
prater,1,0,1
pratfalls,0,1,1
prati,0,3,3
pratibha,0,1,1
pratical,3,0,3
pratically,1,1,2
praticar,0,1,1
pratice,11,10,21
praticed,0,1,1
praticeee,1,0,1
praticing,0,2,2
praticipatory,1,0,1
praticum,1,0,1
pratika,1,0,1
pratishad,0,1,1
prato,0,2,2
pratoonam,1,0,1
prats,2,2,4
pratsie,0,1,1
pratt,26,25,51
prattens,0,1,1
prattle,0,1,1
prattling,0,1,1
pratts,4,1,5
prattville,1,0,1
prauge,0,1,1
praum,0,2,2
pravada,1,0,1
praval,0,1,1
pravda,0,1,1
prave,1,1,2
praveen,1,1,2
pravoslavnim,0,1,1
prawly,0,1,1
prawn,26,27,53
prawning,1,0,1
prawnnn,0,1,1
prawns,18,18,36
prax,1,2,3
praxis,1,1,2
praxisworkshop,0,1,1
pray,953,591,1544
prayed,22,34,56
prayen,0,1,1
prayer,177,231,408
prayerful,0,1,1
prayerfully,1,0,1
prayers,533,290,823
prayerz,0,1,1
prayforplagues,0,1,1
prayfully,1,1,2
prayin,37,28,65
praying,540,348,888
prayinggg,1,0,1
prayingggg,0,1,1
prayinq,0,1,1
prayion,1,0,1
prayn,3,4,7
prayng,0,1,1
prays,20,10,30
prayy,2,0,2
prayyy,1,0,1
prayyyy,1,0,1
prb,3,1,4
prbably,0,4,4
prbbly,2,0,2
prblem,1,0,1
prblems,1,0,1
prblm,2,2,4
prbly,8,4,12
prbs,1,0,1
prc,3,0,3
prcas,0,1,1
prctice,1,1,2
prd,1,1,2
prdct,1,0,1
prdeli,1,0,1
prdered,0,1,1
prds,1,0,1
prducer,0,1,1
prductive,0,1,1
pre,724,695,1419
prea,9,2,11
preaccch,0,1,1
preach,12,51,63
preached,2,1,3
preacher,5,11,16
preachers,5,8,13
preachery,0,1,1
preachin,1,3,4
preaching,9,36,45
preachn,0,1,1
preachs,0,1,1
preachy,4,1,5
pread,0,1,1
preair,0,1,1
preakness,2,6,8
pream,0,1,1
preamble,1,0,1
preamp,2,0,2
preapearing,1,0,1
preapproval,0,1,1
preapproved,2,0,2
preapre,1,0,1
prease,4,1,5
preassure,2,0,2
preasure,1,1,2
preatty,0,1,1
preaty,1,2,3
preauction,1,0,1
prebacila,0,1,1
prebacim,0,1,1
prebaked,0,1,1
prebday,1,0,1
prebeachaby,0,1,1
prebiotic,1,1,2
prebo,0,1,1
preboard,1,0,1
prebook,1,0,1
prebuilt,2,0,2
prebussing,0,1,1
precal,10,8,18
precalc,7,1,8
precalculo,1,0,1
precalculus,2,2,4
precambrian,0,1,1
precarious,4,1,5
precariously,2,1,3
precaution,2,4,6
precautionary,4,1,5
precautions,5,6,11
precautns,1,0,1
prece,0,1,1
precedance,1,0,1
precede,1,1,2
preceded,1,3,4
precedence,7,2,9
precedent,4,2,6
precedents,0,1,1
precedes,0,2,2
preceding,1,2,3
precedings,1,0,1
preceed,0,1,1
preceeded,2,0,2
preceeding,0,1,1
precentral,2,0,2
precept,1,0,1
preception,1,0,1
preceptor,0,1,1
precepts,0,1,1
prechate,0,1,1
prechiate,0,1,1
prechorus,1,0,1
preci,0,1,1
preciate,4,15,19
preciated,0,1,1
preciates,0,1,1
precies,0,2,2
precinct,3,2,5
precint,2,0,2
precioius,1,0,1
precion,1,0,1
precioso,0,1,1
precious,143,215,358
preciously,1,0,1
preciouss,0,1,1
preciousss,0,1,1
precioussssss,0,1,1
precip,2,0,2
precipice,0,2,2
precipitate,0,1,1
precipitated,1,0,1
precipitation,4,3,7
precipitous,1,0,1
precis,0,4,4
precisando,1,1,2
precisar,0,1,1
precisava,0,1,1
precise,18,25,43
precised,0,2,2
precisely,14,45,59
precision,1,3,4
precisley,1,0,1
preciso,10,3,13
precizezi,0,1,1
preclude,2,1,3
precludes,1,0,1
preco,0,1,1
precocious,1,0,1
precognitive,1,0,1
precon,1,1,2
preconceptions,0,1,1
preconcert,0,1,1
preconditioner,0,1,1
preconfigured,0,1,1
precook,0,1,1
precooking,1,0,1
precor,0,2,2
precosious,0,1,1
precott,1,0,1
precursor,2,2,4
precusor,1,0,1
precy,0,2,2
pred,3,0,3
predam,0,1,1
predate,0,1,1
predated,1,0,1
predates,1,0,1
predator,7,17,24
predators,7,4,11
predatory,1,0,1
preday,0,2,2
predeath,1,0,1
predecessor,1,3,4
predecessors,2,0,2
predefined,0,1,1
predestined,0,2,2
predetermined,0,2,2
predgitt,0,1,1
prediabetic,1,0,1
predicable,0,1,1
predicament,13,7,20
predicaments,1,0,1
predicatable,0,1,1
predicate,0,1,1
predicated,1,2,3
predice,0,1,1
prediciton,0,1,1
predicitve,0,1,1
predict,47,36,83
predictability,0,3,3
predictable,30,36,66
predictably,2,5,7
predicted,45,29,74
predictin,1,0,1
predicting,16,13,29
prediction,25,40,65
predictions,7,22,29
predictive,13,16,29
predictivetext,0,1,1
predictor,1,2,3
predictors,0,1,1
predicts,7,7,14
predilection,0,1,1
predinisolone,0,1,1
predinner,1,0,1
predispositions,1,0,1
preditor,1,0,1
predjuce,0,1,1
predjudice,1,1,2
predlets,0,2,2
prednisone,5,2,7
predocting,0,1,1
predominant,1,0,1
predominantly,1,2,3
predone,1,0,1
predos,0,1,1
predrafted,1,0,1
predrink,0,1,1
predrinking,1,0,1
predrinks,1,1,2
preds,0,3,3
preduce,1,0,1
preduction,0,1,1
pree,3,6,9
preece,0,1,1
preeee,0,1,1
preeeeeeeeeeeeeeeeeeeeettyyyyyy,0,1,1
preeeeeeeeeeetty,0,1,1
preeeeeeeeettty,0,1,1
preeeeeeeeetty,0,1,1
preeeeeetty,0,1,1
preeeeetty,0,2,2
preeeepare,0,2,2
preeeettiful,1,0,1
preeeetttyyy,0,1,1
preeeetty,0,2,2
preeeety,1,0,1
preeettty,0,1,1
preeetty,1,4,5
preeety,0,1,1
preemie,1,2,3
preemies,2,1,3
preeminent,0,1,1
preempted,2,0,2
preemptive,0,1,1
preen,0,3,3
preened,0,1,1
preening,2,2,4
preens,0,1,1
preepaaa,1,0,1
preese,1,0,1
preesh,0,1,1
preet,0,1,1
preetee,0,1,1
preethy,0,1,1
preeti,0,4,4
preettay,1,0,1
preetttty,1,1,2
preettty,0,1,1
preetty,0,4,4
preettyyy,0,1,1
preety,7,14,21
preetyy,0,1,1
preexisting,1,0,1
pref,2,13,15
prefab,0,3,3
preface,2,8,10
prefaced,1,0,1
prefarably,0,1,1
prefebly,0,1,1
prefect,5,12,17
prefection,1,0,1
prefectly,0,1,1
prefects,2,1,3
prefer,231,579,810
preferabbly,1,1,2
preferable,4,6,10
preferablly,1,0,1
preferably,30,68,98
preferaby,1,0,1
prefere,1,3,4
prefereably,0,1,1
prefered,12,4,16
preference,9,26,35
preferences,5,15,20
preferential,2,0,2
preferia,1,0,1
preferindo,0,1,1
preferir,0,1,1
preferirem,1,0,1
preferirias,1,0,1
preferito,0,1,1
preferits,1,0,1
preferrably,0,5,5
preferred,40,30,70
preferring,3,2,5
prefers,11,29,40
preffer,1,3,4
preffered,1,1,2
prefier,0,1,1
prefilled,0,1,1
prefiro,3,1,4
prefix,2,6,8
prefixed,0,1,1
prefixes,1,0,1
prefixing,0,2,2
preflight,0,1,1
preflop,3,0,3
prefolds,0,1,1
prefontaine,1,7,8
preform,7,7,14
preformance,5,3,8
preformances,1,3,4
preformed,1,3,4
preformence,0,1,1
preforming,6,7,13
preforms,0,1,1
prefr,1,0,1
prefs,6,1,7
prefunk,1,0,1
prefunkin,0,1,1
prefunking,1,0,1
preg,16,7,23
pregame,7,8,15
pregamed,0,1,1
pregaming,2,2,4
preganat,0,1,1
pregancy,0,1,1
pregant,2,0,2
pregatesc,2,2,4
pregessively,1,0,1
preggars,0,1,1
pregger,2,0,2
preggers,15,18,33
preggggoooooo,0,1,1
preggie,1,0,1
preggies,1,0,1
preggo,23,16,39
preggogals,1,0,1
preggoness,1,0,1
preggos,2,0,2
preggs,1,0,1
preggy,4,5,9
pregig,0,1,1
pregnacy,1,1,2
pregnancies,7,1,8
pregnancy,58,40,98
pregnant,204,168,372
pregnat,3,0,3
pregnent,0,1,1
pregnosaurs,0,1,1
pregnt,1,0,1
prego,17,12,29
pregobaby,1,0,1
pregos,1,1,2
pregrad,0,1,1
pregui,3,1,4
preguntarte,1,0,1
pregunto,0,1,1
pregzilla,0,1,1
prehaps,0,2,2
preheated,0,1,1
preheatin,0,1,1
preheating,1,0,1
prehistoric,4,3,7
preho,0,1,1
prehraly,0,1,1
preimer,1,0,1
preimere,0,1,1
preimiers,1,0,1
preinstalled,2,1,3
preis,0,1,1
preisley,1,0,1
preist,0,1,1
preity,2,3,5
preium,1,0,1
prej,1,0,1
prejean,1,2,3
prejudcie,0,1,1
prejudice,21,60,81
prejudiced,2,1,3
prejudices,0,3,3
prejudicial,0,1,1
prejudist,1,0,1
prek,3,1,4
prekmurje,1,0,1
prekvapive,1,0,1
prelaunch,6,8,14
prelearned,0,1,1
preletly,0,1,1
prelim,4,7,11
preliminary,10,2,12
prelims,10,4,14
prelink,1,0,1
prell,1,0,1
preloaded,2,2,4
preloading,1,0,1
prelonging,0,1,1
preloved,1,2,3
prelude,4,8,12
preludes,1,1,2
prem,8,3,11
premade,5,2,7
premades,1,1,2
premal,0,2,2
premarital,1,1,2
prematch,0,1,1
premature,22,17,39
prematurely,12,5,17
prematurity,0,1,1
premchand,0,1,1
preme,1,0,1
premed,2,1,3
premeditated,0,1,1
premeiere,0,1,1
premeire,3,5,8
premeirship,1,0,1
premenstrual,1,0,1
premere,1,0,1
premerger,1,0,1
premes,1,0,1
premesis,1,0,1
premi,1,2,3
premia,0,1,1
premidlifecrisis,1,0,1
premier,88,63,151
premiere,188,185,373
premiered,10,12,22
premiereee,0,2,2
premieres,16,25,41
premiering,7,7,14
premiers,3,12,15
premiership,13,9,22
premii,0,1,1
preminium,1,0,1
premios,1,1,2
premire,9,7,16
premires,0,1,1
premise,9,8,17
premises,4,4,8
premissin,0,1,1
premit,0,1,1
premiul,0,1,1
premium,55,49,104
premiumgas,1,0,1
premiumline,1,0,1
premiums,4,3,7
premiun,1,0,1
premix,0,1,1
premmie,1,0,1
premo,1,1,2
premonition,5,4,9
premonitions,0,1,1
premultiplied,1,0,1
premutos,0,1,1
pren,1,0,1
prenatal,0,2,2
prenatals,1,0,1
prenatic,0,1,1
prend,0,2,2
prende,1,0,1
prendeville,0,1,1
prendi,1,1,2
prendre,1,0,1
prends,0,2,2
prendss,0,1,1
prenesi,0,1,1
prengnacy,0,1,1
prenss,0,1,1
prentis,0,1,1
prenton,0,1,1
prenup,0,1,1
prenzlau,0,1,1
prenzlauerberg,0,1,1
prenzlberg,1,0,1
preoccupation,0,3,3
preoccupied,11,5,16
preoccupy,1,0,1
preoductive,0,1,1
preople,2,0,2
preorder,25,25,50
preorderd,0,3,3
preordered,29,41,70
preordering,2,2,4
preorders,3,4,7
preowned,0,1,1
prep,124,127,251
prepa,0,1,1
prepackaged,3,1,4
prepaed,1,0,1
prepaid,19,8,27
prepaids,2,0,2
prepaing,1,0,1
prepair,1,0,1
prepaired,0,2,2
prepairing,2,5,7
prepar,0,2,2
preparando,0,3,3
preparandome,2,0,2
preparat,0,1,1
preparation,57,58,115
preparations,9,22,31
prepard,0,1,1
prepare,204,228,432
prepared,180,209,389
preparedness,1,1,2
prepareedddd,0,1,1
prepareing,2,0,2
prepares,5,4,9
preparin,3,4,7
preparing,320,432,752
preparinging,0,1,1
preparty,1,5,6
prepass,1,0,1
prepation,0,1,1
prepatory,1,0,1
prepaudition,0,1,1
prepay,4,3,7
prepayments,1,0,1
prepd,0,1,1
prepearing,2,1,3
prepend,1,1,2
prepended,1,0,1
preper,0,2,2
preperation,6,3,9
preperations,1,0,1
preperd,1,0,1
prepered,0,1,1
prepfer,0,1,1
prepin,1,1,2
preping,3,8,11
preplan,1,0,1
preplanned,2,0,2
preple,1,0,1
prepn,2,0,2
preponderance,0,1,1
preponed,2,0,2
preponin,1,0,1
prepoo,0,1,1
preportion,1,0,1
preposal,1,0,1
preposition,0,1,1
prepositions,1,0,1
preposterous,4,2,6
preposulo,0,1,1
prepotente,1,0,1
prepped,10,10,20
preppiest,0,1,1
preppin,3,3,6
prepping,47,68,115
preppp,0,2,2
preppy,6,2,8
prepre,0,1,1
prepremiere,1,1,2
preprocess,0,1,1
preproduced,0,1,1
preproduction,1,0,1
preprom,2,1,3
preps,6,11,17
prepster,0,1,1
prepubescent,1,0,1
preqo,0,1,1
prequal,2,0,2
prequel,6,10,16
prequell,0,1,1
prequels,2,1,3
prerace,1,0,1
preraphaelite,0,1,1
prerecorded,5,2,7
prerelease,2,3,5
prerendered,1,0,1
prereq,1,0,1
prerequisite,2,1,3
prerequisites,0,1,1
prerey,0,1,1
prerih,1,0,1
prerna,0,2,2
prerog,1,0,1
prerogative,1,2,3
prertty,1,0,1
pres,22,45,67
presael,0,1,1
presage,1,0,1
presale,60,33,93
presalers,1,0,1
presales,0,7,7
presantation,2,1,3
presantion,0,2,2
presario,1,0,1
presbies,0,1,1
presbyterian,0,2,2
presbyterians,0,1,1
presbytery,1,2,3
presc,1,0,1
prescence,0,2,2
prescences,1,0,1
preschool,39,32,71
preschooler,2,2,4
preschoolers,4,7,11
prescibes,1,0,1
prescient,0,3,3
prescot,0,2,2
prescott,5,3,8
prescreen,0,1,1
prescribe,5,4,9
prescribed,26,7,33
prescriber,1,0,1
prescribing,0,1,1
prescribingtm,0,1,1
prescrip,1,0,1
prescription,52,22,74
prescriptions,13,4,17
prescrption,0,1,1
preseason,6,5,11
presei,0,1,1
preseli,0,1,1
presell,0,1,1
preselling,1,0,1
presells,1,0,1
presely,0,1,1
presenatation,0,1,1
presenation,2,0,2
presence,56,113,169
presences,1,1,2
presenciei,1,0,1
presens,0,1,1
presense,1,0,1
present,384,638,1022
presentable,7,9,16
presentacion,1,0,1
presentaion,2,0,2
presentaition,0,1,1
presentando,0,1,1
presentasi,3,4,7
presentatie,1,1,2
presentation,393,375,768
presentational,1,0,1
presentationml,0,1,1
presentationnn,0,1,1
presentations,65,48,113
presentatons,1,0,1
presented,19,31,50
presenteeeenhos,0,1,1
presenter,11,18,29
presenterar,0,1,1
presenters,5,10,15
presenterspeak,0,1,1
presentin,1,0,1
presenting,29,58,87
presention,0,1,1
presentir,1,0,1
presentism,0,1,1
presently,12,9,21
presentness,1,0,1
presentors,0,1,1
presents,90,213,303
presentss,0,1,1
presenttt,0,1,1
preservation,2,4,6
preservative,0,1,1
preservatives,2,1,3
preserve,9,12,21
preserved,1,3,4
preserver,1,1,2
preservers,1,0,1
preserves,3,2,5
preserving,0,6,6
preset,4,2,6
presetation,0,1,1
presetnation,1,0,1
presets,18,26,44
presetsss,0,1,1
presh,5,7,12
preshaw,0,1,1
preshit,1,1,2
preshow,3,3,6
preshredded,0,1,1
preshy,0,1,1
presi,1,0,1
presice,0,2,2
presidebt,0,1,1
presiden,0,2,2
presidency,0,9,9
president,108,160,268
presidental,1,2,3
presidente,1,3,4
presidentiable,0,1,1
presidential,7,9,16
presidents,6,13,19
presider,1,0,1
presidian,1,0,1
presiding,1,1,2
presidio,0,1,1
presidntiables,1,0,1
presies,0,1,1
presigned,0,1,1
presiunea,2,0,2
preskool,1,0,1
presley,12,12,24
presleys,0,1,1
presne,0,1,1
presnet,0,1,1
presnt,0,1,1
presntable,1,0,1
presntaion,0,1,1
presntations,1,0,1
presntn,1,0,1
preso,5,15,20
presoaked,0,1,1
presonal,1,0,1
presonify,0,1,1
presonl,1,0,1
presonus,1,0,1
presov,1,0,1
presque,0,1,1
presribed,1,0,1
press,280,346,626
pressbox,0,1,1
presschool,0,1,1
pressclub,0,1,1
presscon,2,4,6
pressconferences,0,1,1
presse,0,2,2
pressed,61,30,91
pressent,0,2,2
pressents,0,1,1
presser,9,5,14
pressers,0,1,1
presses,8,9,17
pressesion,1,0,1
pressgang,1,0,1
pressi,0,1,1
pressie,16,34,50
pressies,11,20,31
pressin,3,1,4
pressing,45,32,77
presskit,0,1,1
pressley,0,1,1
pressly,1,0,1
pressmode,0,1,1
pressn,1,0,1
presso,2,1,3
pressrelease,3,1,4
presstv,1,0,1
pressue,1,0,1
pressume,0,1,1
pressumed,1,0,1
pressups,0,1,1
pressure,274,212,486
pressured,11,5,16
pressures,3,3,6
pressuring,2,3,5
pressurised,0,1,1
pressurized,1,1,2
pressurizing,0,1,1
pressy,1,2,3
prest,0,1,1
prestatyn,0,1,1
presten,2,1,3
prestige,4,7,11
prestiged,1,0,1
prestiger,0,1,1
prestigious,0,4,4
presto,1,6,7
prestock,1,0,1
preston,32,25,57
prestonia,0,1,1
prestonlowe,0,1,1
prestons,3,1,4
prestwich,1,0,1
prestwicks,1,0,1
presumably,8,15,23
presume,13,29,42
presumed,6,6,12
presuming,4,4,8
presumptous,0,1,1
presumptuous,1,2,3
presure,2,2,4
presurre,0,1,1
pret,7,5,12
pretalk,0,1,1
pretbc,0,1,1
preteen,1,1,2
preteens,1,1,2
pretemd,1,0,1
pretend,158,192,350
pretended,10,3,13
pretender,1,1,2
pretenders,3,1,4
pretendiing,1,0,1
pretendin,1,1,2
pretending,76,87,163
pretendo,0,1,1
pretends,6,6,12
pretenscious,1,0,1
pretense,0,1,1
pretenses,2,0,2
pretenting,0,2,2
pretentious,10,12,22
pretentiousness,0,1,1
pretest,0,1,1
pretext,0,1,1
pretezel,1,0,1
pretheis,0,1,1
pretii,0,1,1
preto,0,2,2
pretoria,3,3,6
pretrified,0,1,1
pretsels,0,1,1
prett,0,3,3
prettay,0,3,3
prettaye,1,0,1
prettayy,0,1,1
prettehhh,0,1,1
prettey,1,0,1
pretti,0,4,4
prettie,1,0,1
prettied,4,5,9
prettier,40,56,96
pretties,4,12,16
prettiest,22,44,66
prettifide,0,1,1
prettified,0,2,2
prettiful,0,1,1
prettily,1,0,1
prettiness,1,1,2
pretto,0,1,1
pretttaaayyyy,0,1,1
pretttttttttty,0,1,1
prettttttty,0,2,2
pretttttty,1,2,3
prettttty,1,5,6
pretttttyy,1,0,1
pretttttyyyyy,1,0,1
pretttty,2,6,8
prettttyy,0,1,1
prettttyyy,0,1,1
prettty,8,22,30
pretttyy,0,1,1
pretttyyy,0,1,1
pretttyyyy,1,0,1
pretttyyyyyyy,0,1,1
pretttyyyyyyyyyyyyy,0,4,4
pretty,4855,7811,12666
prettybabe,0,1,1
prettyest,1,0,1
prettyface,1,0,1
prettyfail,1,0,1
prettyfied,1,0,1
prettyfnmess,1,0,1
prettyful,0,5,5
prettyfull,0,1,1
prettygirl,1,0,1
prettygreen,0,1,1
prettyiest,0,1,1
prettylady,0,1,1
prettyman,0,1,1
prettyness,0,1,1
prettypinkpearl,0,2,2
prettypinkshoes,2,0,2
prettyprincess,0,1,1
prettyprinting,0,1,1
prettyricky,1,1,2
prettys,0,3,3
prettyy,2,11,13
prettyyy,2,4,6
prettyyyy,0,2,2
prety,7,8,15
pretz,1,0,1
pretzal,1,0,1
pretzals,2,0,2
pretzel,24,17,41
pretzels,21,29,50
pretzles,2,1,3
preupgrade,1,0,1
prev,13,15,28
prevail,8,11,19
prevailed,5,4,9
prevailing,2,1,3
prevails,3,4,7
prevalence,1,0,1
prevalent,4,0,4
prevaricate,0,1,1
preve,0,1,1
preveiw,2,1,3
preveiws,1,0,1
prevelent,0,1,1
prevend,1,0,1
prevent,57,29,86
preventable,0,1,1
preventative,3,4,7
prevented,27,5,32
preventing,25,7,32
prevention,7,13,20
preventitive,0,1,1
preventive,1,0,1
prevents,20,4,24
prevert,1,0,1
preverted,0,1,1
preview,150,269,419
previewd,0,1,1
previewed,6,1,7
previewing,2,4,6
previews,48,56,104
previewwww,0,1,1
previlaged,0,1,1
previo,1,0,1
previous,229,243,472
previouse,1,0,1
previously,33,37,70
prevising,1,2,3
previuse,1,0,1
prevliges,1,0,1
prevoius,0,1,1
prevy,1,0,1
prewexam,0,1,1
preworkmusic,1,0,1
prey,14,14,28
preying,0,1,1
preys,2,0,2
prez,19,27,46
prezbo,1,0,1
prezel,1,0,1
prezemthe,1,0,1
prezens,0,1,1
prezentare,0,1,1
prezentarea,1,0,1
prezentation,0,1,1
prezi,3,6,9
prezijes,0,1,1
prezinta,0,1,1
prezobama,0,1,1
preztal,0,1,1
preztel,1,2,3
preztels,1,0,1
prezy,1,0,1
prezzi,0,1,1
prezzie,12,8,20
prezzies,1,9,10
prezzo,1,1,2
prezzy,0,2,2
prf,1,0,1
prfect,1,0,1
prfection,0,1,1
prfessor,1,0,1
prfr,0,1,1
prfrmnce,1,0,1
prg,1,0,1
prgnosis,1,0,1
prgram,0,1,1
prgramme,0,1,1
prgrams,1,0,1
prgress,0,1,1
prgrm,1,1,2
prhaps,0,1,1
prhases,0,1,1
prhps,1,0,1
pri,8,4,12
pria,2,6,8
priachiongbian,0,1,1
prianka,0,1,1
prias,1,0,1
priate,1,0,1
pribadi,1,0,1
pricans,1,0,1
pricd,1,0,1
price,553,430,983
priced,36,37,73
priceless,26,140,166
pricelessly,0,1,1
priceline,4,1,5
pricelist,0,1,1
pricerite,0,1,1
prices,231,143,374
pricess,3,0,3
pricesses,0,1,1
pricetag,3,0,3
pricey,47,25,72
prichard,0,1,1
prichodem,0,1,1
pricier,4,2,6
pricilla,0,1,1
priciness,1,0,1
pricing,38,23,61
prick,26,22,48
prickard,0,1,1
pricked,4,1,5
pricking,2,1,3
prickled,1,0,1
prickley,1,0,1
pricklie,0,1,1
pricklies,1,0,1
prickling,2,0,2
prickly,10,3,13
pricks,20,8,28
pricless,1,0,1
prics,1,0,1
prictices,0,1,1
pricy,3,2,5
priddy,1,0,1
priddyyy,0,1,1
pride,231,296,527
pridelines,1,0,1
prideness,0,1,1
prides,2,2,4
prideto,2,0,2
pridictable,0,1,1
prie,0,1,1
priec,0,1,1
priecing,1,0,1
pried,1,0,1
priek,0,2,2
prielyn,0,1,1
priemum,0,1,1
priest,34,39,73
priestess,1,3,4
priesthood,1,0,1
priestley,1,0,1
priestly,2,2,4
priests,1,10,11
prieta,1,0,1
prieten,0,1,1
prieteni,0,2,2
prietenii,1,0,1
prietuu,0,1,1
priety,1,0,1
prievew,0,1,1
prieybabes,0,1,1
prig,0,1,1
priggdog,1,0,1
priggys,0,1,1
prii,2,0,2
priide,0,1,1
priii,0,1,1
priincess,1,0,1
priint,1,0,1
priivate,1,0,1
prikhodko,0,1,1
pril,0,2,2
prilis,0,1,1
prilo,1,0,1
prilosec,0,2,2
prilzezitosti,0,1,1
prim,3,1,4
prima,8,19,27
primaa,0,1,1
primaaz,0,1,1
primadonna,0,2,2
primal,6,13,19
primani,0,1,1
primaries,0,1,1
primarily,4,3,7
primark,24,24,48
primarkt,0,1,1
primart,0,1,1
primary,74,65,139
primas,0,1,1
primatage,0,1,1
primate,1,2,3
primatech,0,1,1
primates,1,0,1
primaveira,0,1,1
primavera,10,3,13
primaverasound,1,1,2
prime,86,96,182
primeau,1,0,1
primecare,1,0,1
primed,3,5,8
primedio,1,0,1
primeira,1,1,2
primeiro,0,3,3
primer,13,16,29
primera,0,2,2
primere,1,0,1
primero,2,1,3
primers,1,1,2
primes,2,2,4
primetime,6,7,13
primetimescheduling,0,1,1
primeur,1,0,1
primeval,66,15,81
primeveal,1,0,1
primevil,2,0,2
primi,0,1,1
primiere,1,0,1
primigenio,0,1,1
primii,0,1,1
priming,1,2,3
primiss,0,1,1
primit,0,5,5
primitive,3,6,9
primitives,0,1,1
primitivi,0,1,1
primix,0,1,1
primm,0,1,1
primmy,0,1,1
primo,13,4,17
primos,1,3,4
primosssss,1,0,1
primp,0,2,2
primpin,1,0,1
primping,0,1,1
primrose,4,4,8
prims,0,1,1
primul,0,1,1
primulas,0,1,1
primus,2,1,3
prin,2,4,6
princ,1,0,1
princaple,0,1,1
prince,153,319,472
princecharming,6,1,7
princee,0,2,2
princeeeess,0,1,1
princelple,0,1,1
princely,1,1,2
princemitchell,1,0,1
princerug,0,1,1
princes,11,10,21
princesa,0,1,1
princesaashleigh,0,1,1
princesammie,4,0,4
princess,262,411,673
princessa,0,1,1
princessbride,1,1,2
princesses,4,15,19
princessfiona,0,1,1
princessified,0,1,1
princessnique,1,0,1
princesspw,0,1,1
princesss,0,1,1
princessss,0,1,1
princesssss,0,1,1
princesssuperc,0,1,1
princessy,2,0,2
princestrasse,0,1,1
princeton,10,13,23
princexml,1,0,1
princey,1,0,1
princi,0,2,2
principal,20,21,41
principales,3,1,4
principally,0,1,1
principals,2,1,3
principalship,0,1,1
principessa,1,2,3
principium,0,1,1
principle,14,13,27
principled,1,1,2
principles,9,13,22
princy,0,1,1
prind,0,1,1
prinde,0,1,1
prine,0,1,1
priness,0,1,1
pringayu,1,0,1
pringle,3,3,6
pringles,23,36,59
pringless,0,2,2
prinlges,0,1,1
prinny,2,0,2
prinplup,0,1,1
prins,1,4,5
prinsessan,0,1,1
prinsessegade,0,1,1
prinsipe,0,1,1
print,223,277,500
printable,2,2,4
printcess,0,1,1
printchick,1,2,3
printed,59,111,170
printeed,1,0,1
printeet,0,2,2
printer,161,75,236
printerless,0,1,1
printers,18,13,31
printfriendly,0,1,1
printhead,1,0,1
printin,1,2,3
printing,89,92,181
printingone,1,0,1
println,1,0,1
printmakers,0,1,1
printmaking,0,1,1
printout,0,2,2
printouts,0,2,2
prints,54,66,120
printscreen,1,4,5
printshiptn,1,0,1
printtt,0,1,1
printung,1,0,1
printworks,0,1,1
printzului,0,1,1
prinze,0,1,1
prinzess,0,1,1
prions,0,1,1
prior,61,40,101
priorities,27,56,83
prioritise,3,0,3
prioritised,0,2,2
prioritize,5,10,15
prioritized,1,0,1
prioritizeeee,0,1,1
prioritizing,1,3,4
priority,56,47,103
priorotize,0,1,1
prioroty,1,0,1
priortize,0,1,1
priory,15,7,22
pripyat,0,1,1
pris,5,3,8
prisca,0,1,1
priscila,0,1,1
priscilla,3,25,28
priscillas,0,1,1
prisco,1,0,1
priscos,1,0,1
priscx,1,0,1
prise,2,1,3
prishtina,0,1,1
prisiclene,0,1,1
prisilly,0,1,1
prisin,1,0,1
prising,1,0,1
prisinhaaaa,0,1,1
prision,1,1,2
prisionbreak,1,0,1
priska,0,1,1
prism,8,10,18
prismacolor,0,1,1
prismalo,1,0,1
prisms,2,0,2
prisnor,1,0,1
priso,0,1,1
prison,194,95,289
prisonb,1,0,1
prisonbreak,10,2,12
prisoner,18,14,32
prisoners,3,4,7
prisons,3,2,5
prisrichardson,1,0,1
priss,1,2,3
prisses,1,0,1
prissma,0,1,1
prissy,5,3,8
prissypercys,0,1,1
pristine,2,6,8
prita,2,1,3
pritam,1,1,2
pritchard,10,7,17
pritchattsbury,1,0,1
pritey,0,1,1
pritha,0,1,1
prithiv,1,0,1
prithvi,1,1,2
prition,1,0,1
prits,0,1,1
pritt,3,1,4
pritttiii,0,1,1
pritty,7,6,13
prity,0,2,2
pritzker,1,0,1
prius,16,23,39
priuses,2,0,2
priv,1,5,6
privacidad,1,0,1
privacy,48,45,93
privacycontrol,1,0,1
privalagd,1,0,1
privalaged,0,1,1
privaledged,1,0,1
privasi,0,1,1
privat,0,3,3
private,343,303,646
privatecamz,1,0,1
privately,5,11,16
privates,1,0,1
privatestudmuff,0,1,1
privatisation,1,0,1
privatise,0,1,1
privatization,1,0,1
privatized,1,0,1
privatly,1,0,1
prive,9,4,13
privelage,2,2,4
privelaged,1,0,1
priveledge,2,0,2
priveledged,1,0,1
privelege,1,0,1
priveleged,1,1,2
priveleges,2,0,2
priveste,0,1,1
privet,1,5,6
privets,1,0,1
privilage,1,1,2
privilages,1,0,1
priviledge,2,3,5
priviledges,3,1,4
privilege,11,24,35
privileged,15,11,26
privileges,6,2,8
privilidges,1,0,1
priviliged,0,1,1
privind,0,1,1
privit,0,1,1
privite,0,2,2
privium,0,1,1
privlaged,0,1,1
privledged,0,1,1
privledges,1,0,1
privlige,1,0,1
privliged,0,1,1
privot,0,1,1
privoxy,1,0,1
privs,1,2,3
privt,2,0,2
privvate,1,0,1
privveee,0,1,1
privvy,1,0,1
privy,0,1,1
prix,70,66,136
priya,2,4,6
priyadarshan,0,1,1
priyam,0,1,1
priyanka,1,1,2
priz,1,1,2
prize,118,176,294
prized,5,5,10
prizegiving,2,0,2
prizerebel,0,1,1
prizes,38,73,111
prizewinner,0,1,1
prizm,0,1,1
priznan,1,0,1
prizomm,0,1,1
prj,2,0,2
prjct,3,0,3
prject,1,1,2
prjects,1,0,1
prk,4,2,6
prkg,1,0,1
prking,0,1,1
prkway,0,1,1
prl,1,0,1
prlly,2,2,4
prmiereing,0,1,1
prmises,0,1,1
prmote,0,1,1
prmp,0,1,1
prmsed,1,0,1
prn,1,0,1
prnh,1,0,1
prns,0,1,1
pro,495,522,1017
proabably,2,1,3
proabaly,2,0,2
proablly,1,0,1
proably,6,3,9
proactiv,2,1,3
proactive,15,12,27
proam,0,1,1
prob,756,649,1405
proba,1,0,1
probabably,0,1,1
probabaly,4,2,6
probabay,1,0,1
probabbly,2,1,3
probabil,3,0,3
probabilities,0,1,1
probability,6,6,12
probabily,3,2,5
probabl,2,0,2
probable,14,10,24
probabley,3,0,3
probablly,2,1,3
probablt,0,1,1
probably,3664,2900,6564
probablyillegal,0,1,1
probablyone,0,1,1
probablyyy,1,3,4
probablyyyy,0,1,1
probaby,5,5,10
probadly,1,0,1
probalby,0,1,1
probally,12,7,19
probalsome,0,1,1
probaly,12,6,18
probando,1,10,11
probanly,1,0,1
probao,1,0,1
probar,0,1,1
probarblie,0,1,1
probarbly,1,0,1
probarly,0,1,1
probars,1,0,1
probas,1,0,1
probashi,0,2,2
probate,2,2,4
probation,17,8,25
probational,0,1,1
probationround,0,1,1
probavam,0,1,1
probb,1,1,2
probbably,1,0,1
probbaly,1,1,2
probbly,2,1,3
probbs,0,1,1
probby,2,1,3
probe,6,3,9
probeard,0,1,1
probebly,1,2,3
probed,0,2,2
probel,1,0,1
probelm,3,1,4
probelmo,0,1,1
probem,1,0,1
probems,3,1,4
prober,0,1,1
proberbly,2,0,2
probere,0,1,1
proberly,5,7,12
probes,0,1,1
probibly,2,2,4
probily,1,0,1
probing,3,0,3
probinly,1,0,1
probiotic,2,2,4
probiotics,0,3,3
probkably,0,1,1
probl,4,5,9
problably,3,1,4
problaby,1,0,1
problamo,0,1,1
problebly,1,0,1
probleem,0,1,1
problem,1953,1853,3806
problema,1,8,9
problemas,2,2,4
problematic,15,3,18
probleme,1,3,4
problemed,0,1,1
problemes,1,0,1
problemi,1,0,1
probleminhas,1,0,1
problemless,0,1,1
problemm,0,5,5
problemmm,0,3,3
problemmmm,0,1,1
problemo,9,48,57
problemooo,0,3,3
problemos,0,1,1
problems,1159,494,1653
problemsrunning,1,0,1
problemss,1,0,1
problemsss,1,0,1
problemsz,1,0,1
problemw,1,0,1
problemz,0,1,1
probley,6,2,8
probli,1,1,2
problly,1,0,1
problm,1,1,2
problmes,1,0,1
problogger,0,1,1
probly,75,35,110
probm,1,0,1
proboards,0,1,1
probobly,5,4,9
proboly,2,0,2
proboscis,2,0,2
probrably,3,0,3
probre,0,1,1
probs,287,344,631
probss,0,3,3
probsss,1,0,1
probst,1,0,1
probsta,0,1,1
probubly,1,0,1
probz,11,18,29
probzz,0,1,1
proc,5,3,8
procarstinating,1,0,1
procastinated,0,1,1
procastinatin,1,0,1
procastinating,3,1,4
procastination,3,2,5
procastrinated,1,0,1
procaulk,1,0,1
proccesins,0,1,1
proccess,0,1,1
proccesses,1,0,1
procdure,1,0,1
proce,1,0,1
proceds,1,0,1
procedural,1,2,3
procedurals,0,1,1
procedure,45,22,67
procedures,14,2,16
procedury,1,0,1
proceed,5,13,18
proceeded,13,6,19
proceeding,4,6,10
proceedings,7,4,11
proceeds,3,16,19
proces,1,0,1
procesed,0,1,1
process,304,311,615
processed,33,23,56
processes,12,9,21
processing,50,62,112
procession,4,5,9
processions,2,0,2
processo,0,1,1
processone,0,1,1
processor,28,18,46
processors,5,3,8
processs,0,1,1
processtinate,0,1,1
processus,1,0,1
processwork,0,1,1
prochain,1,1,2
prochaine,0,1,1
prochoice,1,0,1
prociate,0,1,1
procitl,0,1,1
proclaim,3,4,7
proclaimation,0,1,1
proclaimed,5,7,12
proclaimers,3,3,6
proclaims,0,1,1
proclamation,0,3,3
proclivities,0,2,2
procmon,1,0,1
procol,0,1,1
procrasinating,1,0,1
procrasination,1,0,1
procrast,1,0,1
procrastenating,1,0,1
procrastinate,41,23,64
procrastinated,16,5,21
procrastinateee,1,0,1
procrastinater,0,1,1
procrastinates,1,1,2
procrastinatin,1,1,2
procrastinating,137,97,234
procrastinatioin,0,1,1
procrastination,68,59,127
procrastinations,0,1,1
procrastinator,31,11,42
procrastinators,3,3,6
procrasting,1,1,2
procrastinitis,1,0,1
procrastintd,1,0,1
procrastintor,0,1,1
procrastonate,0,1,1
procrastonating,1,1,2
procratinating,1,1,2
procratinator,2,0,2
procreate,1,1,2
procreation,0,2,2
procrostinater,1,0,1
procsledovat,0,1,1
procter,2,2,4
proctologist,1,0,1
proctor,2,13,15
proctored,1,0,1
proctoring,1,0,1
proctrastinating,1,0,1
procupine,0,1,1
procura,1,0,1
procurando,1,2,3
procurar,0,1,1
procure,3,2,5
procured,0,2,2
procurement,0,2,2
procurred,1,0,1
procuts,1,0,1
procy,1,0,1
procycling,1,0,1
prod,22,14,36
prodcast,0,1,1
prodcasting,0,13,13
prodcasts,1,0,1
prodcts,1,0,1
prodcution,1,0,1
prodded,1,3,4
prodder,0,1,1
proddies,1,0,1
prodding,3,2,5
proddy,1,0,1
prodecures,1,0,1
prodeecing,0,1,1
prodigal,1,1,2
prodigies,1,1,2
prodigious,0,1,1
prodigiy,1,0,1
prodigy,35,50,85
prodigys,0,1,1
prodine,1,0,1
proding,1,0,1
prodject,1,0,1
prodmain,1,0,1
prodmgmt,0,1,1
prodrive,0,1,1
prods,1,2,3
produb,1,0,1
produce,57,70,127
produceable,1,0,1
produced,32,40,72
producer,24,81,105
producerkeith,0,1,1
producerrr,0,1,1
producers,29,40,69
producerss,1,0,1
produces,1,8,9
producherblush,0,1,1
producin,1,0,1
producing,23,32,55
producition,0,1,1
producive,0,1,1
producs,1,0,1
product,137,249,386
producted,0,1,1
productice,1,0,1
productid,1,0,1
productiessss,0,1,1
production,101,139,240
productioncomp,0,1,1
productions,10,14,24
productionz,0,1,1
productive,332,768,1100
productivefriday,1,0,1
productively,2,3,5
productiveness,1,0,1
productivity,55,71,126
productivityswaps,0,1,1
productivo,1,0,1
productivr,0,1,1
productnamingrulez,0,1,1
productor,1,0,1
productpage,1,0,1
productplacement,0,1,1
products,122,198,320
produk,0,1,1
produktivita,0,1,1
produkts,0,1,1
produkuj,1,0,1
produs,0,1,1
produsernya,0,1,1
prodution,1,0,1
produxt,1,0,1
proenza,1,0,1
proeperly,1,0,1
proepr,1,0,1
proevolution,0,1,1
prof,61,66,127
profan,0,1,1
profane,1,3,4
profanities,0,2,2
profanity,5,14,19
profe,2,0,2
profecient,0,1,1
profecy,0,1,1
profeesional,0,1,1
profero,0,1,1
profesional,2,1,3
profesionally,0,2,2
profesionalny,0,1,1
profesor,0,1,1
profess,0,1,1
professed,1,0,1
professer,1,0,1
professinal,1,0,1
professing,1,0,1
profession,15,19,34
professionail,0,1,1
professional,88,176,264
professionalisation,1,0,1
professionalism,2,4,6
professionally,9,12,21
professionals,13,17,30
professionaltroutslapperandprocrastinator,0,1,1
professionnnnn,0,1,1
professions,2,3,5
professor,59,49,108
professors,16,7,23
professory,0,1,1
profet,1,0,1
proff,0,3,3
profferngs,0,1,1
proffers,0,1,1
proffesional,1,0,1
proffesionalone,0,1,1
proffessional,0,4,4
proffs,1,0,1
proffy,0,1,1
profi,0,1,1
proficency,1,0,1
proficiat,0,2,2
proficiency,3,5,8
proficient,0,6,6
profiel,1,2,3
profiile,0,1,1
profil,1,6,7
profile,676,1023,1699
profiled,1,0,1
profilee,1,2,3
profileee,0,1,1
profilephoto,1,0,1
profilepicture,0,1,1
profiler,3,1,4
profiles,49,56,105
profilez,0,1,1
profiling,3,4,7
profire,0,1,1
profis,0,1,1
profissional,1,0,1
profit,35,68,103
profita,0,1,1
profitability,1,2,3
profitable,6,8,14
profited,0,1,1
profiteering,1,0,1
profiteroles,2,2,4
profitez,0,1,1
profiting,0,1,1
profits,9,23,32
profitt,0,1,1
profle,0,1,1
proflie,1,3,4
proflies,0,1,1
proflowers,1,1,2
profnd,0,1,1
profolio,1,0,1
profont,0,1,1
proformance,1,0,1
proformer,0,1,1
profound,11,46,57
profoundly,5,4,9
profoundnesssss,0,1,1
profously,0,1,1
profram,0,1,1
profrom,0,1,1
profs,12,5,17
profundas,1,0,1
profuse,3,1,4
profusely,9,2,11
profusing,1,0,1
profusion,0,1,1
profy,0,2,2
profyle,1,0,1
prog,13,36,49
progam,3,0,3
progams,1,0,1
progarmme,1,0,1
progecad,0,1,1
progeny,2,2,4
progess,1,1,2
progessin,0,1,1
progessing,0,1,1
progessive,0,1,1
progesterone,1,0,1
proget,1,0,1
proggame,1,0,1
proggie,1,0,1
proggy,1,0,1
prognosis,8,2,10
prognoz,0,1,1
program,372,391,763
programa,1,3,4
programe,2,5,7
programed,1,1,2
programes,1,2,3
programing,6,6,12
programm,5,4,9
programmable,0,1,1
programmalamming,1,0,1
programmatically,2,0,2
programmaufruf,0,1,1
programme,52,70,122
programmed,8,13,21
programmer,18,33,51
programmers,8,19,27
programmes,26,18,44
programmin,2,0,2
programming,86,116,202
programmr,1,0,1
programms,0,1,1
programnya,0,1,1
programnyelv,0,1,1
programoz,0,1,1
programs,104,66,170
progresa,0,1,1
progress,156,295,451
progressed,5,7,12
progresses,6,3,9
progressing,11,16,27
progression,3,11,14
progressions,0,1,1
progressistes,0,1,1
progressive,24,36,60
progressively,9,2,11
progressives,0,4,4
progressivily,1,0,1
progressivley,1,0,1
progressivly,1,0,1
progresso,2,0,2
progresssssssssss,0,1,1
progrock,1,2,3
progs,3,7,10
progz,0,1,1
prohibit,3,2,5
prohibited,11,2,13
prohibiting,2,0,2
prohibition,1,2,3
prohibitionists,0,1,1
prohibitive,2,2,4
prohibitively,1,0,1
prohibitorum,0,1,1
prohibits,4,0,4
prohibts,1,0,1
prohjecctt,0,1,1
prohm,2,0,2
prohost,0,1,1
prohpecy,0,1,1
proiding,0,1,1
proiecte,0,1,1
proiectele,1,1,2
proiectul,0,1,1
proifle,0,1,1
proir,1,0,1
proj,23,18,41
projac,0,1,1
project,1002,1292,2294
projectaward,0,1,1
projectaware,1,0,1
projectcreateasmile,0,1,1
projected,5,7,12
projectfusion,1,0,1
projectgame,2,0,2
projectgargoyle,1,0,1
projectile,16,6,22
projecting,3,6,9
projectinnovation,0,1,1
projection,8,6,14
projectionist,1,1,2
projectionists,1,1,2
projections,1,1,2
projective,1,0,1
projectmanager,0,1,1
projectmanagerseminar,0,1,1
projectmayhem,1,0,1
projectmovewench,0,1,1
projectnahal,0,9,9
projectnatal,0,1,1
projecto,1,1,2
projectoo,1,0,1
projectooo,0,1,1
projector,25,25,50
projectors,4,2,6
projectparishilton,0,1,1
projectplaylist,1,0,1
projectplaylists,0,1,1
projectpresentation,0,1,1
projectrunway,0,1,1
projects,274,278,552
projectspaces,0,1,1
projectt,1,2,3
projectttt,2,0,2
projectwork,1,0,1
projeect,0,1,1
projekt,2,5,7
projektem,0,1,1
projekts,1,1,2
projet,2,0,2
projetct,1,0,1
projets,2,1,3
projex,1,0,1
projs,1,0,1
prok,0,1,1
prokofiev,0,1,1
prokofy,0,1,1
prokop,2,16,18
prolabw,1,0,1
prolactin,0,1,1
prolapsed,1,0,1
prolbems,0,1,1
prolem,0,1,1
prolenet,1,0,1
proli,3,0,3
prolife,3,3,6
proliferate,0,1,1
proliferated,0,1,1
proliferating,0,1,1
proliferation,1,0,1
prolifers,1,0,1
prolific,5,16,21
prolifically,0,1,1
prollie,0,1,1
prollly,1,0,1
prolly,353,215,568
prollyy,1,0,1
prolog,1,0,1
prologue,3,12,15
prolong,4,3,7
prolonged,6,4,10
prolonging,2,0,2
prolongs,2,1,3
proly,10,1,11
prolz,0,1,1
prom,599,763,1362
proma,1,0,1
promagistrate,0,1,1
promakeupstore,1,0,1
promax,0,1,1
promblem,2,0,2
promdate,0,1,1
promdress,0,1,1
promedica,0,1,1
promedio,0,1,1
promenade,7,15,22
promenights,0,1,1
promese,1,0,1
promess,0,1,1
promete,0,2,2
prometeste,1,0,1
prometo,1,0,1
prometric,2,0,2
promets,0,2,2
promi,0,2,2
promice,1,0,1
promiise,1,0,1
promiised,0,2,2
promil,0,1,1
prominence,1,0,1
prominent,6,2,8
prominently,2,3,5
promis,1,1,2
promiscuous,3,2,5
promise,479,815,1294
promised,228,162,390
promisedddd,0,1,1
promisee,3,2,5
promiseee,0,1,1
promiseeeee,0,4,4
promiseland,2,0,2
promises,63,65,128
promisess,1,0,1
promisin,1,1,2
promising,97,92,189
promisis,1,0,1
promiss,1,1,2
promisse,1,3,4
promissed,4,2,6
promisseeeeeeeee,1,0,1
promisses,1,0,1
promissing,0,1,1
promissory,1,1,2
promiswe,1,0,1
promithozon,1,0,1
promiz,0,1,1
promm,1,4,5
promma,0,2,2
prommiss,0,1,1
prommm,1,2,3
prommmm,1,1,2
prommmmm,0,2,2
prommmmmm,0,1,1
prommy,0,1,1
promnight,1,1,2
promo,99,206,305
promoational,1,0,1
promocode,1,9,10
promocodes,0,7,7
promod,1,0,1
promodj,1,1,2
promoing,0,1,1
promontory,1,0,1
promos,16,26,42
promose,0,2,2
promosed,0,1,1
promosi,0,2,2
promosing,0,1,1
promostand,0,1,1
promostion,1,0,1
promot,1,0,1
promotape,1,0,1
promote,51,168,219
promoted,24,39,63
promoter,12,15,27
promoters,14,6,20
promotes,5,6,11
promotiingg,0,1,1
promotin,1,0,1
promoting,31,94,125
promotion,71,125,196
promotional,6,17,23
promotionals,0,1,1
promotionnn,0,1,1
promotionnnn,1,0,1
promotions,9,23,32
promoto,0,1,1
promotor,0,1,1
promove,1,0,1
promplty,1,0,1
promply,1,0,1
prompromprom,0,1,1
prompt,16,21,37
prompted,5,11,16
prompter,0,1,1
promptered,0,1,1
prompting,5,1,6
promptings,0,1,1
promptly,14,17,31
promptness,1,0,1
prompts,3,8,11
prompty,0,1,1
proms,11,6,17
promsed,1,0,1
promsing,0,1,1
promskiees,0,1,1
promulgate,0,1,1
promulgated,1,0,1
promulgation,0,1,1
promzies,1,0,1
pron,2,12,14
proncial,1,0,1
prone,28,20,48
prones,1,0,1
pronged,0,1,1
pronger,2,1,3
pronghorns,0,1,1
prongs,1,1,2
pronin,0,1,1
pronk,1,0,1
pronostic,1,0,1
pronostics,1,0,1
pronouce,0,1,1
pronoun,1,1,2
pronounce,16,47,63
pronounced,12,34,46
pronounces,1,2,3
pronounciation,2,2,4
pronouncing,6,6,12
pronouns,3,3,6
prons,1,0,1
pronta,0,1,1
pronto,33,33,66
prontooo,0,1,1
prontoooo,1,1,2
pronunc,0,1,1
pronunced,0,1,1
pronunciation,2,6,8
pronz,3,0,3
proo,0,2,2
prooblem,1,0,1
proof,115,196,311
proofed,4,1,5
proofer,2,1,3
proofers,0,1,1
proofing,10,14,24
proofread,6,5,11
proofreader,0,1,1
proofreaders,0,2,2
proofreading,3,8,11
proofreadings,0,1,1
proofs,5,9,14
proom,0,1,1
prooom,0,2,2
prooooblem,1,0,1
proooof,0,3,3
proooom,0,2,2
proooomise,0,1,1
proooooooom,0,1,1
proor,1,0,1
prooscht,0,1,1
proot,0,1,1
proove,1,1,2
prooved,1,1,2
prooving,1,0,1
prop,49,51,100
propa,5,9,14
propaa,0,1,1
propaaa,1,0,1
propaaaa,1,0,1
propably,2,7,9
propaganda,11,9,20
propagandhi,1,1,2
propagandi,1,0,1
propagate,2,2,4
propagated,5,0,5
propagating,1,0,1
propagation,1,2,3
propaghandi,1,0,1
propah,0,1,1
propally,1,0,1
propaly,0,1,1
propane,3,6,9
propans,1,0,1
proparly,0,1,1
propasal,1,0,1
propbably,0,1,1
propechy,0,1,1
propecia,2,1,3
propecies,0,1,1
propeeeeeer,0,1,1
propel,5,2,7
propelene,0,1,1
propelled,0,2,2
propeller,1,1,2
propellerheads,0,2,2
propellers,1,1,2
propellor,0,1,1
propellors,0,1,1
propels,0,2,2
propelsion,0,1,1
propensity,3,1,4
proper,412,337,749
properley,2,0,2
properlly,1,1,2
properly,540,243,783
properr,1,0,1
properties,16,17,33
propertiii,1,0,1
property,67,70,137
propertyguru,0,1,1
propertyporn,0,1,1
propertys,0,1,1
propesterous,0,1,1
prophecies,1,3,4
prophecised,1,0,1
prophecy,6,6,12
prophesising,0,1,1
prophesized,0,2,2
prophesy,0,1,1
prophesying,0,1,1
prophet,2,11,13
prophete,1,0,1
prophetess,0,1,1
prophetic,2,8,10
prophetpx,0,1,1
prophets,1,2,3
prophylaxe,0,1,1
prophylaxis,1,0,1
prophyte,0,1,1
prophytes,0,1,1
propia,1,0,1
proping,1,0,1
prople,1,0,1
proplem,1,0,1
propley,1,0,1
proplus,1,1,2
proply,3,0,3
propogate,0,1,1
propolin,1,0,1
propolis,0,1,1
proponent,0,1,1
proportion,9,8,17
proportional,3,7,10
proportionally,0,1,1
proportionate,0,2,2
proportioned,1,1,2
proportions,9,7,16
propos,1,3,4
proposaaaal,0,1,1
proposal,139,81,220
proposaling,0,1,1
proposalllll,1,0,1
proposals,16,15,31
propose,14,25,39
proposed,12,22,34
proposes,4,3,7
proposing,5,7,12
propositio,0,1,1
proposition,6,8,14
propositioned,0,1,1
propositions,1,1,2
propostes,0,1,1
propoversary,0,1,1
propozitii,1,0,1
propp,1,0,1
proppa,3,1,4
propped,6,4,10
propper,9,7,16
propperly,2,1,3
proppin,1,0,1
propping,1,2,3
propppa,0,1,1
propre,0,2,2
proprely,1,0,1
proprietary,7,7,14
propriety,1,0,1
proprly,1,0,1
proprosal,1,1,2
props,56,222,278
propsal,1,0,1
propsh,0,4,4
propsjim,0,1,1
propsss,0,1,1
propted,1,0,1
propter,0,1,1
propulsion,1,1,2
propus,1,0,1
propx,2,0,2
propyl,1,0,1
propz,1,0,1
proration,0,1,1
prorject,1,0,1
prorlly,1,0,1
prorogued,0,1,1
prorsum,0,1,1
pros,23,34,57
prosciutto,1,1,2
proscout,1,0,1
proscrastinators,0,1,1
proscratination,0,1,1
proscuitto,1,0,1
prose,6,8,14
prosecco,6,6,12
prosecuted,0,1,1
prosecuting,1,0,1
prosecution,3,0,3
prosecutor,1,0,1
prosecutors,0,1,1
prosehos,1,0,1
proselytized,0,1,1
proselytizing,2,0,2
proseminar,1,0,1
prosepect,1,0,1
prosers,0,1,1
proses,1,4,5
proshow,1,0,1
prosit,0,1,1
prosle,0,1,1
prosnulsa,0,1,1
prospect,49,29,78
prospecting,0,1,1
prospective,4,17,21
prospects,17,10,27
prospectus,2,5,7
prospectuses,0,1,1
prosper,10,45,55
prospering,0,2,2
prosperity,2,11,13
prosperous,1,17,18
prosperty,0,1,1
prossecco,1,1,2
prossed,1,0,1
prosser,0,1,1
prossimo,0,1,1
prost,1,5,6
prostate,7,5,12
prostates,1,2,3
proste,0,1,1
prostetutes,1,0,1
prosthetic,1,3,4
prosti,1,0,1
prostitue,1,0,1
prostitute,15,13,28
prostituted,0,1,1
prostitutes,3,4,7
prostitution,5,3,8
prostrate,1,0,1
prosy,0,1,1
prot,1,2,3
protaction,0,1,1
protag,0,1,1
protagenist,1,0,1
protagonist,2,2,4
protagonista,1,0,1
protagonists,0,3,3
protams,0,3,3
proteas,8,0,8
protecion,0,1,1
protect,75,86,161
protected,60,35,95
protectenfant,0,1,1
protecting,20,12,32
protectinq,1,0,1
protection,81,68,149
protectioneven,0,1,1
protectipon,0,1,1
protective,26,25,51
protectiveness,1,0,1
protector,16,10,26
protectors,4,6,10
protects,4,5,9
proteg,0,1,1
protege,1,4,5
protegees,0,1,1
protein,64,66,130
proteins,2,4,6
proteinwednesday,0,1,1
protest,61,36,97
protestant,1,3,4
protested,2,1,3
protester,4,1,5
protesters,24,4,28
protesting,24,5,29
protestor,2,1,3
protestors,5,2,7
protestrs,1,0,1
protests,46,7,53
protexting,1,0,1
protfolios,0,1,1
protic,1,0,1
protien,1,6,7
protip,8,4,12
proto,12,5,17
protobuf,1,0,1
protocall,1,0,1
protocol,16,16,32
protocolli,0,1,1
protocolo,1,0,1
protocols,1,5,6
proton,4,2,6
protonet,0,1,1
protons,0,1,1
protools,5,2,7
protos,1,0,1
prototipando,1,0,1
prototype,58,52,110
prototyped,0,1,1
prototypes,2,1,3
prototyping,1,7,8
protour,1,0,1
protozoa,1,0,1
protracted,0,1,1
protractor,1,1,2
protrude,1,0,1
protruded,1,0,1
protruding,1,0,1
protu,1,0,1
protv,0,1,1
protx,2,0,2
proubly,1,1,2
proud,312,1933,2245
proudd,0,3,3
prouddd,0,3,3
proudddd,0,1,1
prouder,2,1,3
proudest,0,5,5
proudly,7,35,42
proudness,1,1,2
proudof,0,1,1
proudofpubs,0,1,1
proudpapasunday,0,1,1
pround,2,2,4
prounouce,1,0,1
proust,0,2,2
prout,0,1,1
proutster,0,1,1
prov,9,15,24
prova,3,0,3
provably,1,0,1
provails,0,1,1
provando,0,1,1
provanity,1,0,1
provar,0,1,1
provare,0,1,1
provarocate,1,0,1
provas,1,0,1
provc,0,1,1
provding,1,0,1
prove,85,138,223
provech,0,1,1
provecho,0,4,4
proved,24,40,64
provedor,1,0,1
proveeee,0,1,1
provehito,0,1,1
provehitoinaltum,0,4,4
provement,1,0,1
proven,33,32,65
provena,1,0,1
provence,2,6,8
provera,0,1,1
proverb,3,20,23
proverbial,3,7,10
proverbs,3,19,22
proves,29,46,75
provia,0,1,1
provid,0,1,1
providance,1,0,1
provide,67,110,177
provided,47,59,106
providence,20,24,44
providences,1,0,1
provider,56,32,88
providers,21,11,32
provides,17,24,41
providid,0,1,1
providing,18,38,56
providor,1,0,1
providores,1,0,1
provin,1,0,1
provincail,1,0,1
provincal,4,0,4
province,18,17,35
provinces,3,0,3
provincetown,4,0,4
provincia,1,0,1
provincial,16,3,19
provincials,4,4,8
proving,36,31,67
provinical,2,0,2
provision,3,5,8
provisional,6,3,9
provisionally,0,1,1
provisioned,1,0,1
provisioning,2,4,6
provisions,8,4,12
proviso,1,0,1
provlem,1,0,1
provnices,1,0,1
provo,2,3,5
provocateur,1,1,2
provocations,1,0,1
provocative,2,4,6
provocatively,0,1,1
provocraft,0,1,1
provod,0,1,1
provogue,1,0,1
provokatively,0,1,1
provoke,6,3,9
provoked,3,4,7
provoker,0,1,1
provoking,5,16,21
provolone,1,4,5
provoost,0,1,1
provost,1,0,1
provpdx,1,0,1
provs,1,0,1
provy,1,0,1
prowd,0,1,1
prowess,0,4,4
prowiss,1,0,1
prowl,4,6,10
prowler,4,1,5
prowlin,0,2,2
prowling,3,1,4
prowls,1,0,1
prowse,0,1,1
prox,1,0,1
proxi,1,0,1
proxiad,1,0,1
proxied,1,0,1
proxies,12,7,19
proximately,0,1,1
proximity,10,14,24
proximo,0,1,1
proximty,0,1,1
proximus,2,0,2
proxistar,0,2,2
proxy,52,27,79
proxycomm,0,3,3
proxying,1,0,1
proxys,1,0,1
proy,0,1,1
proyect,1,2,3
proyecto,0,2,2
proyek,0,1,1
prozac,3,5,8
prozess,0,1,1
prozzak,0,1,1
prozzies,1,0,1
prp,3,0,3
prpject,0,1,1
prple,1,0,1
prpoercourses,1,0,1
prposal,0,1,1
prppl,0,1,1
prqctice,1,0,1
prr,2,0,2
prreeeeetty,1,0,1
prreeeeeyty,1,0,1
prrety,0,1,1
prrffff,1,0,1
prriiiide,0,1,1
prroblem,0,1,1
prrojjectt,1,0,1
prroobbaably,0,1,1
prrr,0,1,1
prrreety,1,0,1
prrrr,1,2,3
prrrretty,0,1,1
prrrrrecious,0,1,1
prrrrrrrr,1,0,1
prrrrrrrrrr,1,1,2
prrrrrrrrrrrrrr,0,1,1
prrrrrrrrrrrrrrrrrrrrrrrrrrrrrrrrrrrrrr,0,1,1
prrrtt,0,1,1
prrty,1,2,3
prs,8,6,14
prsa,2,2,4
prsany,1,0,1
prsent,1,0,1
prsly,0,1,1
prsn,3,0,3
prsnt,1,0,1
prsntn,0,1,1
prsocialite,0,1,1
prson,1,0,1
prss,0,1,1
prssa,0,1,1
prstories,1,0,1
prt,2,2,4
prtama,2,0,2
prties,0,1,1
prtlnd,1,0,1
prtnr,1,0,1
prts,2,0,2
prtty,1,2,3
prty,5,5,10
pru,2,3,5
prude,6,4,10
prudence,3,4,7
prudent,3,1,4
prudenta,0,1,1
prudential,1,2,3
prudes,1,3,4
prudhoe,0,1,1
prudoe,1,0,1
prudy,0,1,1
prue,2,4,6
prueba,1,0,1
pruebas,5,0,5
prues,0,1,1
pruette,1,0,1
prufock,0,1,1
prufrock,0,1,1
prufung,1,0,1
pruis,1,0,1
pruitt,1,3,4
pruma,0,1,1
prumm,1,0,1
prune,11,7,18
pruned,2,2,4
pruners,1,1,2
prunes,5,5,10
pruney,2,1,3
pruning,4,5,9
pruny,1,0,1
pruple,3,0,3
prussia,3,2,5
prussian,1,1,2
prv,1,0,1
prvileged,1,0,1
prville,2,0,2
prvn,0,2,2
prvt,1,0,1
prweek,2,0,2
prwise,0,1,1
prwview,0,1,1
pry,12,9,21
pryanichek,0,1,1
pryce,0,1,1
pryde,0,1,1
prydz,1,3,4
pryers,1,0,1
prying,2,2,4
prynce,1,0,1
pryng,1,0,1
pryo,0,1,1
pryor,1,5,6
pryramid,1,0,1
prysir,0,1,1
prytania,1,1,2
prz,1,0,1
przecina,0,1,1
przeglad,0,1,1
przemek,0,1,1
przepadam,1,0,1
przepraszam,1,0,1
przypominanka,0,1,1
ps,1112,1167,2279
psa,6,19,25
psalm,0,16,16
psalmist,1,1,2
psalms,0,7,7
psanchez,0,1,1
psat,1,1,2
psats,1,0,1
psaz,0,1,1
psb,7,2,9
psbs,0,1,1
psc,5,3,8
pschh,0,1,1
psci,0,1,1
pscofn,0,1,1
pscs,0,1,1
psd,10,9,19
psda,0,1,1
pse,5,2,7
psed,1,0,1
pseo,1,0,1
pset,0,1,1
pseudo,17,15,32
pseudocode,0,1,1
pseudocoel,1,0,1
pseudoephedrine,2,1,3
pseudomonas,0,1,1
pseudonym,0,2,2
pseudopod,1,2,3
pseudorule,0,1,1
pseudoscience,0,1,1
pseudostarmap,0,1,1
pseudowork,0,1,1
pseudowrimo,0,8,8
pseuso,0,1,1
psf,7,0,7
psfk,0,1,1
psfreeattitude,0,1,1
psg,1,0,1
psh,45,50,95
psha,2,0,2
pshaw,2,3,5
pshawww,0,1,1
pshe,2,1,3
psheeeesh,1,0,1
pshff,1,0,1
pshft,0,1,1
pshh,16,20,36
pshhh,11,11,22
pshhhh,2,0,2
pshhhhhhhhhhhhhhhh,0,1,1
pshhhht,2,0,2
pshhlynnae,0,1,1
pshht,1,1,2
pshhtt,0,3,3
pshiih,0,1,1
pshkk,0,1,1
pshop,0,2,2
psht,3,4,7
pshts,1,0,1
pshtt,0,2,2
pshttt,0,1,1
pshycology,1,0,1
psi,4,6,10
psia,0,1,1
psicopath,0,1,1
psid,0,2,2
psigenix,1,0,1
psihoyos,0,2,2
psion,2,2,4
psis,0,1,1
psisters,0,1,1
psittacine,0,1,1
psittacosis,0,1,1
psj,1,1,2
pskiater,1,0,1
pskmail,0,1,1
psl,4,0,4
pslams,0,1,1
psle,0,1,1
psls,1,0,1
psm,0,2,2
psmh,1,0,1
psml,0,4,4
psn,28,18,46
psnation,0,1,1
psnid,0,1,1
pso,3,1,4
psoas,0,1,1
psone,1,1,2
psoraisis,1,0,1
psoriasis,3,0,3
psot,0,1,1
psp,132,129,261
pspgo,0,3,3
pspice,0,2,2
pspplurk,0,1,1
psprint,1,0,1
psps,2,0,2
pspvintage,0,1,1
psquared,0,1,1
psr,2,0,2
psrt,1,0,1
pss,6,3,9
pssd,1,0,1
pssh,10,9,19
psshaw,1,0,1
psshh,1,4,5
psshhh,5,0,5
psshhhh,1,0,1
psshhtt,1,0,1
pssht,1,2,3
pssr,1,0,1
psss,1,2,3
psssh,12,12,24
psssha,0,1,1
pssshh,2,0,2
pssshhh,2,2,4
psssp,0,1,1
pssss,1,0,1
pssssh,1,0,1
psssshhh,1,0,1
pssssht,1,0,1
psssssh,0,1,1
pssssshhhhhhh,0,1,1
pssssss,0,1,1
pssssssh,1,1,2
pssssssssssssssssssssh,1,0,1
pssssssssst,1,0,1
psssssssst,0,1,1
psssssst,0,3,3
pssssst,0,1,1
psssst,1,5,6
pssssttt,0,1,1
pssssttttt,0,1,1
pssst,2,16,18
psst,5,33,38
psstt,0,2,2
pssttt,1,1,2
pst,46,56,102
pstams,0,1,1
psti,0,1,1
pstn,1,0,1
pstr,0,3,3
pstump,0,2,2
pstumpneedstwitter,0,1,1
psu,23,11,34
psuede,0,1,1
psuedobabysitting,1,0,1
psv,1,3,4
psw,2,1,3
pswd,2,2,4
pswrd,1,0,1
psx,1,0,1
psy,9,6,15
psya,1,0,1
psyblog,0,1,1
psyc,2,1,3
psych,97,78,175
psychadelphia,0,1,1
psychcally,1,0,1
psyche,8,10,18
psyched,39,111,150
psychedelic,1,6,7
psychedelics,1,0,1
psychiatric,1,3,4
psychiatrist,3,5,8
psychiatrists,1,2,3
psychiatry,1,1,2
psychic,19,46,65
psychical,0,1,1
psychically,1,0,1
psychicparanorm,0,1,1
psychicradio,0,1,1
psychics,1,4,5
psyching,5,4,9
psychlapedia,0,1,1
psycho,46,50,96
psychoanalysis,0,1,1
psychobabble,1,0,1
psychobable,0,1,1
psychobilly,1,4,5
psychobio,1,0,1
psychobob,0,1,1
psychodelic,0,1,1
psychodynamic,1,0,1
psychogenic,0,1,1
psychokillerclown,1,0,1
psychokinetic,0,1,1
psycholgy,1,0,1
psycholinguistics,0,1,1
psychological,11,13,24
psychologically,2,2,4
psychologie,1,0,1
psychologist,4,4,8
psychologists,5,4,9
psychology,86,71,157
psychometrics,1,0,1
psychonauts,1,0,1
psychopath,1,2,3
psychopathology,0,1,1
psychopaths,1,1,2
psychor,0,1,1
psychos,5,3,8
psychosis,2,2,4
psychosocial,1,2,3
psychosomatic,1,1,2
psychosurgery,1,0,1
psychotherapy,0,3,3
psychotic,7,6,13
psychotically,1,0,1
psychoticness,0,1,1
psychotropic,0,2,2
psychoville,7,0,7
psychunitentertainment,1,0,1
psychwrites,0,1,1
psychy,0,1,1
psyco,2,1,3
psycological,1,1,2
psycology,0,1,1
psycrafter,1,0,1
psygnosis,0,2,2
psyhced,1,0,1
psyhhht,0,1,1
psyhics,0,1,1
psyillium,0,1,1
psykick,0,1,1
psykohot,0,1,1
psykoid,0,45,45
psyllium,2,1,3
psys,1,0,1
psytrance,2,0,2
psz,1,0,1
pt,125,141,266
pta,9,2,11
ptain,0,1,1
ptaj,1,0,1
ptama,1,0,1
ptarmi,0,1,1
ptc,6,2,8
ptcard,0,1,1
ptcl,1,3,4
ptcuser,0,2,2
pte,1,0,1
ptelas,1,0,1
pter,0,1,1
ptero,1,0,1
pterodactyl,2,0,2
pterol,1,0,1
ptetty,1,0,1
ptfao,0,4,4
ptfe,0,1,1
ptfo,2,0,2
ptg,0,2,2
ptgui,0,1,1
pthalates,1,0,1
pther,1,0,1
pti,1,1,2
ptimo,0,1,1
pting,1,0,1
ptit,1,2,3
ptjobs,1,0,1
ptl,4,16,20
ptlls,0,1,1
pto,18,4,22
ptofeasional,0,1,1
pton,1,1,2
ptooey,2,0,2
ptople,0,1,1
ptopoer,0,1,1
ptosis,3,0,3
ptour,1,0,1
ptown,7,6,13
ptp,1,0,1
ptptn,1,0,1
ptq,1,0,1
ptr,1,5,6
ptree,2,0,2
ptrips,0,1,1
ptrivate,0,1,1
ptrs,0,1,1
pts,50,38,88
ptsd,3,6,9
ptsiampas,1,0,1
ptsw,1,0,1
ptt,2,0,2
pttr,2,0,2
pttsss,0,1,1
pttt,1,0,1
ptu,2,9,11
ptub,2,1,3
ptunes,1,0,1
ptv,0,1,1
ptvrdr,0,1,1
ptw,3,1,4
ptwitty,1,0,1
ptwittytv,1,0,1
pty,2,0,2
ptz,1,0,1
pu,10,13,23
pua,2,1,3
puahah,0,2,2
puahaha,0,3,3
puaj,0,1,1
puakea,0,1,1
puan,0,1,1
puas,1,4,5
puasa,3,1,4
puassss,1,0,1
pub,312,378,690
pubbbbb,0,1,1
pubbed,1,0,1
pubbing,3,2,5
pubcenter,1,0,1
pubcon,0,1,1
pubcrawl,0,1,1
pubcrawling,0,1,1
pubcrawls,0,1,1
pubdate,0,2,2
pubdraw,0,1,1
pube,3,1,4
pubefros,1,0,1
puberty,5,7,12
pubertyfail,1,0,1
pubes,2,3,5
pubescent,2,2,4
pubforum,1,0,1
pubic,3,8,11
pubicity,0,1,1
pubid,1,0,1
pubish,0,1,1
pubisher,0,1,1
pubishers,1,0,1
pubishing,1,0,1
publi,0,1,1
publib,1,0,1
public,502,481,983
publica,2,0,2
publically,2,3,5
publican,1,2,3
publicar,0,1,1
publicat,2,2,4
publication,10,11,21
publications,2,5,7
publicbuspool,0,1,1
publicis,1,2,3
publicise,1,0,1
publicist,8,17,25
publicists,0,2,2
publicity,18,38,56
publicityguru,0,1,1
publicize,1,1,2
publicized,4,0,4
publicly,10,24,34
publicmic,0,1,1
publicness,1,1,2
publicon,0,1,1
publicplan,1,0,1
publicserviceannouncement,0,2,2
publicspeaking,0,1,1
publicsphere,3,2,5
publicst,1,0,1
publictechnology,1,0,1
publictimeline,0,1,1
publicwhip,0,1,1
publicy,0,1,1
publieke,0,1,1
publif,0,1,1
publiity,0,1,1
publikus,0,1,1
publique,0,1,1
publish,48,66,114
publishable,1,0,1
published,39,119,158
publisher,22,24,46
publishers,19,8,27
publishes,1,1,2
publishiable,0,1,1
publishing,21,43,64
publishingsite,1,0,1
publishinq,0,1,1
publishment,0,1,1
publisise,1,0,1
publisist,2,0,2
publix,22,18,40
publsihers,0,1,1
publunch,1,1,2
pubmed,0,2,2
pubmeet,1,0,1
pubquizzing,0,1,1
pubs,16,27,43
pubsubhubbub,1,0,1
pubulation,1,0,1
pubwards,0,1,1
pubwich,1,0,1
puc,1,0,1
puca,1,0,1
pucca,0,3,3
pucci,0,2,2
puccini,1,0,1
puccy,1,0,1
puce,1,2,3
puces,0,1,1
puch,1,2,3
puchas,1,0,1
puchase,0,1,1
puchi,0,3,3
puchita,1,0,1
puchong,2,1,3
puchot,0,1,1
pucing,0,1,1
puck,7,11,18
pucked,1,0,1
pucker,1,7,8
puckett,0,1,1
puckin,1,0,1
pucking,1,0,1
puckish,0,1,1
pucks,5,0,5
puckulence,0,1,1
pucky,0,1,1
pucnture,1,0,1
puctuations,1,0,1
pucture,1,0,1
pud,8,7,15
pudd,1,4,5
puddin,8,3,11
puddincakes,0,1,1
puddinf,1,0,1
pudding,96,112,208
puddings,5,1,6
puddingsongs,0,1,1
puddingsunday,1,4,5
puddinheads,0,1,1
pudditat,0,1,1
pudditatso,0,1,1
puddle,42,19,61
puddledub,0,1,1
puddlegear,0,1,1
puddles,22,24,46
puddletown,0,1,1
puddly,1,0,1
puddy,3,2,5
puddying,2,0,2
puddytat,0,1,1
pude,5,0,5
pudga,1,0,1
pudge,8,3,11
pudges,0,1,1
pudgettes,0,1,1
pudgy,5,2,7
pudikathunu,0,1,1
pudner,1,0,1
pudong,1,0,1
pudoo,1,0,1
puds,3,3,6
pudu,0,1,1
puduraya,0,1,1
puebla,4,3,7
pueblo,8,3,11
puede,2,1,3
pueden,1,0,1
puedes,2,2,4
puedo,17,1,18
puente,2,3,5
puentevella,1,0,1
puerile,0,1,1
puero,0,1,1
puerta,0,2,2
puerto,77,68,145
puertorican,1,4,5
puertorico,1,0,1
puertoriqueno,0,1,1
pues,5,11,16
puess,0,1,1
puett,0,1,1
puff,35,52,87
puffed,8,5,13
puffer,3,4,7
pufferfish,5,0,5
puffers,1,0,1
pufff,1,0,1
puffff,1,0,1
puffffff,1,0,1
pufffffffffffffffffffffffffffffffffffffs,1,0,1
puffffy,1,0,1
puffi,0,1,1
puffie,1,0,1
puffies,1,0,1
puffin,5,5,10
puffiness,1,0,1
puffing,12,6,18
puffingrrl,0,1,1
puffins,4,1,5
puffkin,1,0,1
puffle,0,2,2
puffpuff,0,1,1
puffs,28,34,62
puffy,99,29,128
puffyn,1,0,1
pufnstuf,1,1,2
puft,2,1,3
pug,56,53,109
puget,3,1,4
pugface,1,0,1
pugfest,0,1,1
pugged,0,1,1
puggers,0,1,1
puggerton,1,0,1
puggies,0,1,1
puggle,4,4,8
puggled,0,1,1
puggles,0,2,2
puggs,1,0,1
puggy,3,1,4
pugh,1,1,2
pughug,2,7,9
pughugs,1,0,1
puglia,0,1,1
pugly,0,1,1
pugman,0,1,1
pugmarks,2,0,2
pugmaster,0,1,1
pugneys,0,2,2
pugs,11,9,20
pugsly,3,0,3
pugtonas,0,1,1
pugwash,1,0,1
puh,9,17,26
puhawans,0,1,1
puhh,1,1,2
puhhh,0,1,1
puhhhhh,1,0,1
puhhhleeezzeeeee,1,0,1
puhhlease,0,1,1
puhhleaseeee,0,1,1
puhhleazeeeee,1,0,1
puhi,1,0,1
puhig,0,1,1
puhl,1,0,1
puhleaase,0,1,1
puhleaassee,0,1,1
puhlease,5,4,9
puhleaseeeeeeee,0,1,1
puhleaseeeeeeeee,0,1,1
puhleaze,1,0,1
puhleeeaasse,1,0,1
puhleeeaassee,1,0,1
puhleeeeease,0,1,1
puhleeeese,1,0,1
puhleeeeze,0,1,1
puhleeezeee,1,0,1
puhleez,0,2,2
puhleeze,0,1,1
puhlez,0,1,1
puhlzz,1,0,1
puhpuhplease,1,0,1
puhweese,1,0,1
puhwezz,0,1,1
pui,1,8,9
puiki,0,1,1
puis,2,0,2
puisse,1,0,1
puj,1,0,1
puja,0,2,2
pujdou,0,1,1
puji,0,1,1
pujols,1,0,1
pujuk,1,0,1
puk,5,1,6
pukage,1,0,1
pukalani,1,0,1
puke,167,36,203
pukebuckets,1,0,1
pukec,1,0,1
puked,68,8,76
pukeee,1,0,1
pukefest,1,0,1
pukeing,2,1,3
pukekohe,1,0,1
pukepukepuke,1,0,1
pukes,6,1,7
puketon,1,0,1
pukeville,1,0,1
pukey,26,2,28
pukeyyyyy,1,0,1
puki,0,2,2
pukie,1,0,1
pukies,2,0,2
pukin,2,0,2
puking,93,15,108
pukka,2,3,5
pukkaliving,0,1,1
pukkeeee,1,0,1
pukkelpop,0,1,1
pukulan,0,1,1
puky,1,0,1
pul,1,2,3
pula,1,1,2
pulak,3,4,7
pulang,29,18,47
pulanggg,1,0,1
pulangggg,1,0,1
pulanggggggggg,1,0,1
pulao,1,4,5
pulaski,2,0,2
pulau,3,2,5
pulavar,0,2,2
pulchritudinous,0,1,1
pulcinella,1,0,1
puld,1,0,1
pulease,1,1,2
puleeze,1,0,1
pulford,1,0,1
pulgarin,1,0,1
puli,1,1,2
pulin,1,0,1
puling,2,0,2
pulis,0,1,1
pulish,1,1,2
pulitika,0,1,1
pulitzer,0,3,3
pulkies,0,1,1
pulkvedis,1,0,1
pull,460,356,816
pulld,1,0,1
pulldown,1,0,1
pulleaase,1,0,1
pulled,684,233,917
pullem,1,0,1
pulley,2,3,5
pulli,0,1,1
pulliam,1,1,2
pullin,17,13,30
pulling,209,163,372
pullip,0,1,1
pullled,0,1,1
pullling,1,0,1
pullllllllease,0,1,1
pullman,7,6,13
pullmonster,1,0,1
pullout,0,2,2
pullover,2,1,3
pulls,47,42,89
pullup,2,2,4
pullups,0,4,4
pulmano,0,1,1
pulmbobs,0,1,1
pulmonary,1,0,1
pulmonogist,1,0,1
pulmonologist,2,0,2
pulogadung,1,0,1
pulp,13,23,36
pulping,1,0,1
pulpit,1,1,2
pulpitationssssssss,1,0,1
puls,1,1,2
pulsa,5,4,9
pulsaa,1,0,1
pulsaaa,1,0,1
pulsar,1,0,1
pulsate,1,0,1
pulsating,8,1,9
pulse,14,53,67
pulseaudio,0,1,1
pulsewave,1,0,1
pulsing,2,0,2
pulsions,0,1,1
pulsorock,0,1,1
pult,1,0,1
pulte,1,0,1
pulun,0,1,1
pulusu,1,0,1
puluwan,0,1,1
pulve,1,0,1
pulver,8,0,8
pulverhund,0,1,1
pulverised,1,0,1
pulverize,0,3,3
pulverizes,0,1,1
pulverizing,0,1,1
pum,0,1,1
puma,17,15,32
pumas,9,7,16
pumashock,0,1,1
pumasoar,1,0,1
pumasok,4,3,7
pumatay,0,1,1
pumayag,0,1,1
pumba,2,2,4
pumes,0,1,1
pumice,1,2,3
pumkin,2,2,4
pumkpin,1,0,1
pummel,1,2,3
pummeled,1,1,2
pummeling,1,0,1
pummelled,1,0,1
pump,116,77,193
pumpd,0,1,1
pumpease,0,2,2
pumped,92,291,383
pumpedd,0,2,2
pumpeddd,1,2,3
pumpedddd,0,1,1
pumpeed,0,1,1
pumpeeed,0,1,1
pumpernickel,4,2,6
pumpernickle,1,0,1
pumpers,0,1,1
pumpin,3,5,8
pumping,29,39,68
pumpkin,54,74,128
pumpkinghead,0,1,1
pumpkings,1,0,1
pumpkinhead,2,0,2
pumpkinn,1,0,1
pumpkinnn,0,1,1
pumpkins,11,9,20
pumpppeddd,0,1,1
pumps,35,23,58
pumpum,1,0,1
pumpz,1,0,1
pumunta,0,2,2
pumupuno,0,1,1
pun,63,99,162
puna,0,1,1
punage,1,0,1
punahou,1,3,4
punakea,0,1,1
punani,0,1,1
punblic,0,1,1
punc,0,1,1
puncaak,0,1,1
punced,1,0,1
punch,171,209,380
punchbag,1,0,1
punchbags,0,1,1
punchdrunk,3,0,3
punched,120,26,146
puncher,3,0,3
punchers,1,0,1
punches,16,20,36
punchestown,1,0,1
punchie,1,0,1
punchier,0,1,1
punchin,3,0,3
punching,33,21,54
punchline,4,7,11
punchlines,1,1,2
punchn,0,1,1
punchout,3,3,6
punchups,0,1,1
punchy,4,2,6
punct,0,1,1
punctual,2,3,5
punctuality,2,3,5
punctuated,0,2,2
punctuation,12,12,24
puncture,21,3,24
punctured,12,0,12
punctures,2,1,3
puncturing,1,0,1
puncuation,3,0,3
pund,1,0,1
punday,0,1,1
pundi,0,1,1
pundido,1,0,1
pundik,0,1,1
punding,1,0,1
pundit,0,2,2
punditgirl,1,0,1
pundits,2,4,6
punds,1,0,1
pune,53,33,86
puneam,0,1,1
puneites,1,0,1
punetraffic,1,1,2
puney,0,1,1
punfail,1,0,1
pung,0,1,1
pungent,2,0,2
punggol,2,2,4
pungo,0,1,1
pungs,1,0,1
punic,0,1,1
punish,25,13,38
punishable,1,1,2
punished,46,8,54
punishement,1,0,1
punisher,1,9,10
punishes,3,0,3
punishin,1,0,1
punishing,15,2,17
punishment,66,42,108
punishments,2,0,2
punit,0,2,2
punjab,7,4,11
punjabi,5,7,12
punjabs,1,0,1
punk,107,191,298
punkarse,0,1,1
punkass,2,1,3
punkbitch,0,1,1
punkbuster,2,0,2
punkd,3,0,3
punked,13,6,19
punker,0,2,2
punki,1,2,3
punkin,5,6,11
punking,3,1,4
punkinhead,0,1,1
punkins,1,1,2
punkk,0,1,1
punkkkk,1,0,1
punkn,0,1,1
punkpirate,0,1,1
punkrock,1,0,1
punkrockchick,1,0,1
punks,12,5,17
punksta,1,0,1
punkt,0,1,1
punky,8,12,20
punkyfish,1,0,1
punkys,1,0,1
punl,0,1,1
punlk,1,0,1
punlowestformofwit,0,1,1
punn,1,0,1
punnage,0,1,1
punnery,1,0,1
punnet,1,2,3
punny,2,4,6
puno,3,0,3
puns,9,21,30
punsareonlyfunnywhenigetthem,1,0,1
punshiment,1,0,1
punsters,0,1,1
punt,6,5,11
punta,11,14,25
puntacularily,0,1,1
puntas,0,1,1
puntastic,1,1,2
puntastrophe,1,0,1
punted,2,0,2
punter,1,4,5
punters,1,3,4
punti,0,1,1
punting,4,5,9
puntnut,0,1,1
punto,4,4,8
punture,1,1,2
punx,1,0,1
punxsutawney,0,1,1
punxsy,1,0,1
puny,13,1,14
punya,11,9,20
punyeta,1,1,2
punyeters,1,0,1
puoring,1,0,1
pup,162,121,283
pupa,1,1,2
pupam,1,0,1
pupay,1,0,1
pupdate,1,0,1
pupdoggy,0,1,1
pupe,1,0,1
pupet,0,1,1
pupies,0,1,1
pupil,8,11,19
pupiled,0,1,1
pupils,10,11,21
pupko,0,1,1
puple,1,1,2
puplice,0,1,1
puplurk,1,0,1
pupog,0,1,1
pupose,0,1,1
pupp,1,1,2
puppa,0,1,1
puppas,1,0,1
puppe,1,0,1
puppeh,2,4,6
puppehs,0,2,2
puppens,0,1,1
pupper,1,2,3
puppers,1,0,1
pupperz,0,1,1
puppet,48,35,83
puppeteering,0,1,1
puppeteers,0,2,2
puppetering,0,1,1
puppetmaster,1,0,1
puppetry,1,2,3
puppets,12,24,36
puppi,1,0,1
puppie,4,1,5
puppieeeeeeeeeees,0,1,1
puppies,212,163,375
puppiessssssssss,0,1,1
puppini,1,1,2
pupppp,0,1,1
puppppppppy,0,1,1
pupppppppy,1,0,1
pupppppy,0,1,1
puppppy,0,1,1
pupppy,1,1,2
pupppyy,2,1,3
pupppyyy,1,0,1
puppup,1,0,1
puppy,1007,578,1585
puppycats,1,0,1
puppyclass,0,1,1
puppydawg,0,1,1
puppydog,0,2,2
puppydogdoorbellguarddoggy,1,0,1
puppydogeyes,0,1,1
puppyeyed,0,1,1
puppyeyes,1,1,2
puppyfind,0,1,1
puppylick,0,1,1
puppynon,1,0,1
puppys,8,4,12
puppysitting,1,2,3
puppysittn,0,1,1
puppyville,1,0,1
puppywood,1,0,1
puppyy,1,2,3
puppyyy,1,3,4
puppyyyy,1,3,4
puppyyyyyyyyyyyyyyyyy,1,1,2
pups,53,62,115
pupu,1,0,1
pupunta,1,3,4
pupusa,1,0,1
pupusas,1,4,5
pupy,0,1,1
pur,5,9,14
pura,1,4,5
purab,0,1,1
puras,0,1,1
purate,0,1,1
puravum,0,1,1
purcahased,0,1,1
purcell,1,1,2
purcells,0,1,1
purchace,0,1,1
purchaes,0,1,1
purchasable,0,1,1
purchase,156,184,340
purchased,65,98,163
purchaseee,0,1,1
purchaseing,0,1,1
purchases,26,44,70
purchasin,1,0,1
purchasing,19,32,51
purchasseedddd,0,1,1
purchesed,1,0,1
purchlive,0,1,1
purcozet,1,0,1
purdddy,0,1,1
purdeys,0,1,1
purdiness,0,1,1
purdue,10,5,15
purdy,6,34,40
pure,257,307,564
pureblood,0,1,1
purebred,3,1,4
pured,1,0,1
puredarwin,1,0,1
puree,4,4,8
pureed,0,2,2
pureflow,1,0,1
purefoods,1,1,2
pureftpd,1,0,1
purell,0,3,3
purely,18,38,56
pureology,0,1,1
purepwnage,0,1,1
puresleep,0,1,1
puresmoker,0,1,1
purest,0,4,4
purestorm,0,1,1
purevolume,1,5,6
purfect,0,2,2
purfume,2,3,5
purgation,0,1,1
purgatory,11,5,16
purge,14,12,26
purged,7,3,10
purgies,0,1,1
purging,6,2,8
purhaps,0,1,1
puri,5,6,11
puriandi,0,1,1
puricel,0,1,1
purification,1,1,2
purified,0,2,2
purifier,2,1,3
purify,1,2,3
purifyng,0,1,1
purikura,1,2,3
purin,0,1,1
puring,1,3,4
purist,0,4,4
puristen,0,1,1
puritanical,0,1,1
puritans,0,1,1
purity,4,10,14
purityyyy,1,0,1
purk,0,1,1
purkin,0,1,1
purl,4,0,4
purley,1,1,2
purllleeaasee,0,1,1
purls,0,2,2
purnell,2,1,3
purnima,0,1,1
purnus,0,1,1
puro,7,4,11
purolator,1,1,2
puros,0,1,1
purp,6,4,10
purpington,0,1,1
purple,271,443,714
purplebear,1,0,1
purplecheets,0,1,1
purpledress,0,1,1
purpleeee,0,1,1
purpleeeee,0,1,1
purpleeeeeeeeeee,0,1,1
purplefoodie,0,1,1
purplegirl,0,1,1
purplehaze,0,1,1
purpleiran,1,0,1
purplelicious,0,1,1
purplepleather,0,1,1
purples,5,5,10
purplesha,0,1,1
purplewhales,1,0,1
purpley,0,5,5
purplezzzs,0,1,1
purplezzzzs,0,1,1
purplish,3,0,3
purplr,0,1,1
purpo,1,0,1
purported,2,1,3
purportedly,0,1,1
purposal,1,0,1
purpose,114,169,283
purposed,0,1,1
purposeful,1,3,4
purposefully,3,0,3
purposeless,1,1,2
purposely,21,10,31
purposes,16,43,59
purposly,0,1,1
purps,0,1,1
purpsoes,0,1,1
purr,8,16,24
purrayers,1,0,1
purrdy,0,1,1
purred,1,1,2
purrfect,0,5,5
purrfectly,0,1,1
purrfeecttttttt,0,1,1
purrfur,0,1,1
purrinator,0,1,1
purring,9,32,41
purrkins,1,0,1
purrleeez,0,1,1
purrmissions,0,1,1
purrnature,0,1,1
purrr,2,3,5
purrrfect,0,2,2
purrrr,0,2,2
purrrrfect,1,1,2
purrrrk,0,1,1
purrrrr,0,1,1
purrrrrfume,1,0,1
purrrrrrfect,0,1,1
purrrrrrr,1,0,1
purrrrrrrrrrrr,0,1,1
purrrrrrrrrrrs,1,0,1
purrrrrrrty,0,1,1
purrrrrtty,0,1,1
purrrrs,0,1,1
purrrrsss,1,0,1
purrrrty,1,0,1
purrrs,1,0,1
purrrty,0,4,4
purrrtyyy,1,0,1
purrs,4,3,7
purrsevere,0,1,1
purrthday,1,0,1
purrtty,0,1,1
purrty,2,4,6
purrtyyy,0,1,1
purry,3,5,8
purs,0,1,1
purse,182,122,304
purseblog,0,1,1
pursebuzz,1,1,2
pursed,0,2,2
purseless,1,0,1
purses,24,25,49
pursh,2,0,2
purshottam,0,1,1
pursifoot,0,1,1
pursing,0,1,1
pursor,1,0,1
pursuaded,1,0,1
pursuading,0,1,1
pursual,0,1,1
pursuation,1,0,1
pursue,15,24,39
pursued,3,4,7
pursuing,8,15,23
pursuit,26,31,57
pursuits,2,2,4
purtee,1,1,2
purtell,0,1,1
purtiful,1,0,1
purto,0,4,4
purton,0,1,1
purtty,0,1,1
purty,7,23,30
purtyfull,0,1,1
purulia,1,0,1
purusha,1,0,1
purushan,0,1,1
purv,1,0,1
purveyor,1,0,1
purveyors,1,0,1
purwokerto,0,2,2
pus,9,6,15
pusat,1,0,1
puscic,0,1,1
puscifer,0,3,3
puse,2,1,3
pusee,1,0,1
puses,0,1,1
push,342,277,619
pusha,1,1,2
pushback,1,0,1
pushbike,0,3,3
pushcarrieupalittletoo,0,1,1
pushchair,1,1,2
pushchairs,1,0,1
pushe,1,0,1
pushead,1,0,1
pushed,177,70,247
pushen,0,1,1
pusher,3,9,12
pusherman,0,1,1
pushers,0,2,2
pushes,16,11,27
pushi,0,1,1
pushin,7,16,23
pushing,297,163,460
pushingdaisies,5,3,8
pushit,1,0,1
pushkin,2,3,5
pushmore,1,0,1
pushover,3,4,7
pushpa,1,0,1
pushpins,2,0,2
pushplaygroupiewannabes,0,1,1
pushpullbar,0,1,1
pushup,3,4,7
pushups,7,24,31
pushy,9,9,18
pusie,1,0,1
pusiiiiiiiing,0,1,1
pusiiiiing,1,0,1
pusiiiing,1,0,1
pusiiing,1,0,1
pusiing,3,0,3
pusing,28,3,31
pusinggggggggg,1,0,1
pusng,1,0,1
puso,4,1,5
puspita,1,0,1
puspos,0,1,1
pusrse,0,1,1
puss,16,12,28
pussed,1,0,1
pussey,1,0,1
pusshy,1,0,1
pussied,1,0,1
pussies,5,8,13
pussing,4,1,5
pussky,2,0,2
pussssinboots,0,1,1
pussssy,0,1,1
pussu,1,0,1
pussy,59,70,129
pussyass,1,0,1
pussycat,35,53,88
pussycatdolls,1,2,3
pussycatdooolllssss,0,1,1
pussycatis,1,0,1
pussycatisland,9,9,18
pussycatme,0,1,1
pussycats,1,12,13
pussyfoot,1,0,1
pussyhole,0,1,1
pussyparty,2,0,2
pussys,0,3,3
pussysluts,1,0,1
pussywussy,1,0,1
pussyyyyy,0,1,1
pustak,0,1,1
pustiso,0,1,1
pustiti,1,0,1
pustye,0,1,1
pusu,1,0,1
pusue,0,1,1
pusuit,1,0,1
put,4224,4016,8240
puta,5,8,13
putaaaaaain,1,0,1
putah,0,1,1
putain,1,1,2
putaless,1,0,1
putaqueparil,1,0,1
putaria,0,1,1
putashirton,1,0,1
putback,1,0,1
putchi,0,2,2
putea,1,1,2
putem,1,0,1
puter,56,24,80
puteri,0,1,1
putering,0,1,1
puterless,0,1,1
puterross,0,1,1
puters,2,1,3
putes,0,1,1
putet,1,0,1
putfeed,0,1,1
putfile,1,0,1
puthar,0,1,1
puti,0,2,2
putie,1,0,1
putih,3,2,5
putiing,0,1,1
putin,3,4,7
puting,4,5,9
putn,3,1,4
putnam,1,1,2
putney,2,2,4
puto,5,2,7
putoff,1,0,1
putol,1,1,2
putootie,0,1,1
putor,1,0,1
putos,0,1,1
putouts,0,1,1
putpat,0,1,1
putra,0,3,3
putrajaya,2,2,4
putri,1,4,5
putriastari,1,0,1
putrid,2,0,2
putris,0,1,1
puts,176,195,371
putside,0,1,1
putsy,0,1,1
putt,33,36,69
putta,0,1,1
puttanesca,1,1,2
putted,2,3,5
putter,4,4,8
puttering,0,4,4
putters,0,1,1
putthem,0,1,1
putthetwitterdown,0,1,1
puttiing,0,1,1
puttin,32,38,70
putting,700,736,1436
puttingslinkies,0,3,3
puttn,0,2,2
puttng,1,1,2
puttong,1,0,1
puttputt,2,1,3
putts,5,0,5
putttt,0,1,1
puttttty,0,1,1
puttu,1,0,1
putty,7,5,12
putus,2,1,3
putut,1,1,2
putz,10,5,15
putzes,1,0,1
putzing,0,3,3
puu,1,1,2
puuhuu,1,0,1
puuled,1,0,1
puuling,0,1,1
puulledd,1,0,1
puupies,2,0,2
puupy,3,1,4
puurfect,1,0,1
puurrrcausa,1,0,1
puurrrllleeasse,0,1,1
puurrty,0,1,1
puurtty,0,1,1
puurty,0,1,1
puusay,1,0,1
puuse,0,1,1
puut,1,0,1
puuues,1,0,1
puuuh,1,0,1
puuumped,2,0,2
puuurlease,1,0,1
puuurrrfect,0,1,1
puuurrrttty,0,1,1
puuurty,0,1,1
puuuu,1,0,1
puuuuhhhh,0,1,1
puuuumped,1,0,1
puuuurdy,0,1,1
puuuurrrrfect,0,1,1
puuuurty,0,1,1
puuuuucha,0,1,1
puuuuudin,1,0,1
puuuuuurrrmmmp,0,1,1
puuuuuuuerto,0,1,1
puuuuuuuuhhhhhhhh,0,1,1
puuuuuuuurdy,1,0,1
puuuuuuuuurple,0,1,1
puvodne,1,0,1
puwede,1,0,1
puweeeeez,1,0,1
pux,0,1,1
puxi,0,1,1
puxou,1,0,1
puya,0,1,1
puyallup,2,2,4
puyat,1,0,1
puyeng,2,0,2
puyet,0,1,1
puzo,1,0,1
puzzeled,0,1,1
puzzle,42,62,104
puzzled,10,10,20
puzzleopolis,1,0,1
puzzlepirates,1,0,1
puzzles,9,26,35
puzzling,0,6,6
pv,11,10,21
pva,1,1,2
pvc,2,2,4
pvcs,1,0,1
pvd,2,3,5
pve,0,1,1
pvfs,1,0,1
pvg,1,1,2
pville,2,0,2
pvj,1,0,1
pvm,0,1,1
pvp,10,10,20
pvr,12,9,21
pvred,0,1,1
pvs,3,2,5
pvsh,1,0,1
pvsz,1,0,1
pvt,3,3,6
pvtxs,0,1,1
pvv,0,1,1
pvz,2,3,5
pw,38,18,56
pwaha,0,1,1
pwahaha,0,1,1
pwahahaha,0,1,1
pwahahhah,0,1,1
pwahahhaha,1,0,1
pwanagetool,1,0,1
pwants,1,0,1
pwase,0,1,1
pwauth,1,0,1
pwav,1,0,1
pway,0,1,1
pwayin,0,1,1
pwc,2,3,5
pwd,4,4,8
pwde,0,2,2
pwdi,1,0,1
pwds,1,0,1
pweas,1,0,1
pwease,33,20,53
pweasee,1,1,2
pweaseee,1,0,1
pweaseeeeeeee,0,1,1
pweaseeeeeeeeeeee,0,1,1
pweasew,1,0,1
pweasss,1,0,1
pweaze,1,1,2
pweazse,0,1,1
pwede,9,13,22
pwedeeee,1,0,1
pwedeng,1,1,2
pweease,1,1,2
pweeease,2,1,3
pweeeasssee,1,0,1
pweeeease,1,0,1
pweeeeease,0,2,2
pweeeeeeeeeeeeeeeeeeeeeees,1,0,1
pweeeeeeeeeez,0,1,1
pweeeeeetty,0,1,1
pweeeeeeze,1,0,1
pweeeeeze,1,0,1
pweeeese,1,0,1
pweeeez,0,1,1
pweeese,1,0,1
pweeez,1,1,2
pweekly,1,0,1
pwees,0,1,1
pweese,5,0,5
pweesee,0,1,1
pweess,0,1,1
pweesseee,1,0,1
pweet,0,1,1
pweettierr,0,1,1
pweety,1,7,8
pweetypweez,1,0,1
pweez,4,4,8
pweeze,1,0,1
pweezee,0,1,1
pweh,1,0,1
pweination,0,1,1
pwentz,0,3,3
pwerpoint,2,0,2
pwes,1,0,1
pwese,1,0,1
pwesents,0,1,1
pwesteeeege,0,1,1
pwesto,1,0,1
pwetttty,0,2,2
pwetty,8,9,17
pwettyyyy,0,1,1
pwf,1,0,1
pwg,2,0,2
pwhahha,0,1,1
pwidi,0,1,1
pwincess,2,0,2
pwitter,2,0,2
pwitttyy,2,0,2
pwitty,1,0,1
pwk,0,1,1
pwkh,0,1,1
pwl,1,0,1
pwllelhi,0,1,1
pwmh,1,0,1
pwn,20,35,55
pwnage,21,3,24
pwnagetool,13,0,13
pwnapple,1,0,1
pwnd,14,10,24
pwndbat,0,1,1
pwned,32,34,66
pwnge,1,0,1
pwning,6,8,14
pwns,4,24,28
pwnsome,0,1,1
pwnt,2,0,2
pwntool,1,0,1
pwnyaaaah,0,1,1
pwnz,1,2,3
pwnzz,0,1,1
pwo,1,0,1
pwoar,1,0,1
pwoint,1,0,1
pwom,0,3,3
pwomis,0,2,2
pwomise,1,2,3
pwoor,1,0,1
pword,2,0,2
pworld,0,1,1
pwow,0,1,1
pwpt,0,1,1
pwpwpwpwpwpw,0,1,1
pwr,9,2,11
pwrsinal,1,0,1
pws,2,1,3
pwsent,0,1,1
pwt,2,2,4
pwtty,1,0,1
pwuhahahaha,0,1,1
pww,1,2,3
pwwase,1,0,1
pwweeeaassee,0,1,1
pwwwaaaaaarrrrr,0,1,1
pwy,2,0,2
px,12,18,30
pxce,0,1,1
pxe,0,1,1
pxeboot,1,0,1
pxts,0,1,1
pxxx,0,1,1
pxxxxsed,1,0,1
pxxxxxxr,1,0,1
pxy,2,0,2
py,8,3,11
pya,1,0,1
pyaah,1,0,1
pyaar,0,2,2
pyama,0,2,2
pyar,1,4,5
pyaza,0,1,1
pych,1,0,1
pychology,1,0,1
pycon,1,1,2
pycrust,1,0,1
pydza,0,1,1
pyeong,0,1,1
pyes,0,1,1
pyggy,1,0,1
pygmies,0,1,1
pygmy,2,6,8
pygtk,0,1,1
pygtkeditor,0,1,1
pyh,1,0,1
pyjaaaarma,0,1,1
pyjama,4,12,16
pyjamas,29,13,42
pyjamers,0,1,1
pyjies,1,0,1
pyke,1,3,4
pykrete,0,1,1
pyl,0,3,3
pyle,1,1,2
pylint,2,0,2
pylon,0,1,1
pylons,1,1,2
pylori,0,1,1
pym,0,2,2
pymble,0,1,1
pyne,1,0,1
pynk,1,2,3
pynkspyder,1,0,1
pyo,6,16,22
pyobjc,1,0,1
pyon,1,0,1
pyongi,1,0,1
pyongyang,1,0,1
pyoor,1,0,1
pyoung,1,0,1
pyp,0,1,1
pypants,0,1,1
pyparsing,0,1,1
pyper,1,0,1
pypi,1,1,2
pyppyeyes,1,0,1
pypso,1,0,1
pyr,1,0,1
pyramid,16,20,36
pyramids,5,6,11
pyramind,0,1,1
pyranees,0,1,1
pyrat,0,1,1
pyre,0,1,1
pyrex,2,0,2
pyrexia,1,0,1
pyriamid,0,1,1
pyro,1,8,9
pyrograph,1,0,1
pyromaniac,1,1,2
pyros,0,1,1
pyrotechnics,0,1,1
pys,0,1,1
pysaty,1,0,1
pysc,1,0,1
pysched,0,1,1
pyschic,0,1,1
pyscho,1,3,4
pyschology,3,1,4
pyschos,0,1,1
pyschoville,1,0,1
pysco,1,1,2
pyshics,1,0,1
pysical,1,0,1
pyt,2,4,6
pythag,2,0,2
pythagoras,1,2,3
pythagorean,1,2,3
pythagorus,0,1,1
pythia,1,0,1
python,55,92,147
pythonee,0,1,1
pythonic,0,1,1
pythonkings,0,1,1
pythons,1,2,3
pytli,0,1,1
pyusying,1,0,1
pyuuhhh,0,1,1
pyweb,1,0,1
pywebsvcs,1,0,1
pywreckexd,1,0,1
pyxml,1,0,1
pyyp,0,1,1
pz,6,4,10
pza,0,1,1
pzizz,0,3,3
pzone,1,1,2
pzones,0,1,1
pzpzpzpz,1,0,1
pzzy,1,0,1
pzzzzza,0,1,1
qa,13,15,28
qaaa,1,0,1
qaaimzia,0,1,1
qabalah,0,1,1
qabalistic,0,1,1
qaddy,0,2,2
qado,0,1,1
qadsia,0,1,1
qadsiya,0,1,1
qaeda,3,1,4
qaf,5,1,6
qaid,1,0,1
qais,1,0,1
qake,1,0,1
qall,0,1,1
qame,2,7,9
qames,1,0,1
qand,1,0,1
qanda,1,0,1
qanoon,1,0,1
qanqster,0,1,1
qant,1,0,1
qantas,5,7,12
qanted,1,0,1
qany,1,0,1
qarntine,0,1,1
qarntned,0,1,1
qarntweetup,0,1,1
qas,1,2,3
qasimzia,0,1,1
qassatati,0,1,1
qat,0,1,1
qatar,6,8,14
qatari,1,0,1
qauli,1,0,1
qaulifies,1,0,1
qavimator,0,1,1
qawallis,0,1,1
qawjuss,0,1,1
qay,0,5,5
qayum,1,0,1
qb,8,5,13
qba,1,0,1
qbasic,0,1,1
qbe,0,2,2
qbeez,1,0,1
qbert,1,0,1
qbic,0,1,1
qbob,0,1,1
qboe,1,0,1
qbsdmup,1,0,1
qby,1,0,1
qc,37,27,64
qca,1,0,1
qcaffee,1,0,1
qcon,1,1,2
qcs,5,0,5
qd,4,4,8
qde,1,0,1
qdja,1,0,1
qdlb,0,1,1
qdo,3,0,3
qdoba,10,9,19
qdos,1,0,1
qe,11,12,23
qed,0,2,2
qeddin,0,1,1
qee,1,1,2
qeee,1,0,1
qeeeee,1,0,1
qeek,0,1,1
qeen,2,0,2
qeez,1,0,1
qegs,1,0,1
qeh,2,1,3
qemailserver,0,1,1
qemists,1,0,1
qemu,1,0,1
qendresa,0,1,1
qendrik,1,0,1
qepd,1,0,1
qeria,1,0,1
qesthe,0,1,1
qestion,2,0,2
qet,19,21,40
qetta,0,1,1
qettin,5,4,9
qettinq,1,6,7
qettn,1,2,3
qetttinqg,0,1,1
qeue,1,1,2
qewl,1,0,1
qf,3,2,5
qfc,4,4,8
qfl,0,1,1
qflm,1,0,1
qfp,1,0,1
qft,0,1,1
qfy,1,0,1
qgirl,0,1,1
qgoogle,1,0,1
qgrossi,1,0,1
qh,2,2,4
qhaulla,0,1,1
qhen,1,0,1
qhere,1,0,1
qhostin,1,0,1
qhuinn,0,1,1
qi,19,40,59
qiana,0,1,1
qianmen,1,0,1
qianyi,0,1,1
qiauter,0,1,1
qich,2,0,2
qicsa,1,0,1
qidong,1,0,1
qiero,1,0,1
qif,1,0,1
qigong,1,0,1
qik,18,17,35
qimme,0,1,1
qin,0,1,1
qing,2,2,4
qingqing,0,1,1
qingwen,0,1,1
qink,0,1,1
qionton,1,0,1
qiote,0,1,1
qip,0,1,1
qirl,2,6,8
qirlies,1,0,1
qirllllieeeeee,0,1,1
qirls,0,3,3
qisginh,1,0,1
qistina,1,0,1
qith,0,2,2
qiuck,1,0,1
qiuqiu,0,1,1
qiut,0,1,1
qiuz,1,0,1
qiuzes,0,1,1
qiv,1,0,1
qive,1,1,2
qivenin,0,1,1
qiver,1,0,1
qivinq,2,1,3
qiwoehsaoihdasohi,1,0,1
qiyas,1,0,1
qj,5,0,5
qjump,0,1,1
qjx,1,0,1
qk,1,1,2
qkdqq,0,1,1
qku,0,1,1
ql,2,3,5
qlad,1,2,3
qlc,1,0,1
qld,59,72,131
qlders,1,0,1
qlid,0,1,1
qlimax,0,1,1
qlive,0,1,1
qlty,0,1,1
qm,0,3,3
qmail,2,1,3
qmark,2,0,2
qmb,0,2,2
qmbol,1,0,1
qmu,2,1,3
qmunity,0,1,1
qmx,0,1,1
qn,1,3,4
qna,2,1,3
qnap,1,0,1
qndo,1,1,2
qng,3,0,3
qnnutyanem,1,0,1
qns,3,3,6
qnz,0,2,2
qo,32,35,67
qoal,0,1,1
qod,3,3,6
qods,0,1,1
qoe,0,1,1
qoes,0,2,2
qofs,0,1,1
qoiinq,1,0,1
qoiinqq,0,1,1
qoin,5,4,9
qoincideencia,0,1,1
qoing,0,2,2
qoinq,12,10,22
qolonel,0,1,1
qomchurch,0,2,2
qon,3,4,7
qone,3,1,4
qoneee,1,0,1
qonna,5,9,14
qonnna,0,1,1
qonqueror,0,1,1
qoo,1,0,1
qood,14,34,48
qoodd,0,1,1
qoodieee,0,1,1
qoodluck,0,1,1
qoodmornin,0,1,1
qoodmorninq,0,5,5
qoodness,1,0,1
qool,0,1,1
qoola,0,1,1
qooniesssss,0,1,1
qoons,0,1,1
qoood,1,2,3
qooodmorninqq,0,1,1
qooodniite,0,1,1
qooodniqht,0,1,1
qooood,0,1,1
qooooood,0,1,1
qooqle,1,0,1
qoose,1,0,1
qoosfr,0,1,1
qop,1,0,1
qore,3,0,3
qork,1,0,1
qos,2,0,2
qosas,0,1,1
qosh,2,2,4
qosz,1,0,1
qot,18,19,37
qota,2,0,2
qotd,2,6,8
qotes,1,0,1
qotsa,1,0,1
qott,1,0,1
qotta,7,7,14
qottah,0,1,1
qotw,0,1,1
qouestion,0,1,1
qouta,1,0,1
qoutables,1,0,1
qoute,2,4,6
qoutes,1,1,2
qouth,0,1,1
qouting,0,1,1
qp,0,1,1
qpac,1,0,1
qpg,0,1,1
qpi,1,0,1
qpon,0,1,1
qpr,1,0,1
qq,23,10,33
qqing,1,0,1
qqlf,1,0,1
qqn,0,3,3
qqonnqq,1,0,1
qqq,3,1,4
qqqq,1,1,2
qqqqqqq,0,1,1
qr,4,9,13
qrad,0,1,1
qraduation,0,2,2
qran,0,1,1
qrandma,2,1,3
qrandmother,1,0,1
qrannie,1,0,1
qrape,1,0,1
qraphix,0,1,1
qreace,0,1,1
qrease,0,1,1
qreat,1,1,2
qreeaatt,0,1,1
qria,1,0,1
qrite,1,0,1
qrl,1,0,1
qro,1,2,3
qrounded,1,0,1
qroup,1,0,1
qrowwnnn,0,1,1
qrr,1,0,1
qrrr,2,0,2
qrs,0,1,1
qrter,1,0,1
qrtr,0,1,1
qrv,0,1,1
qrwgqjt,0,1,1
qs,13,15,28
qsa,1,0,1
qscriptengine,2,0,2
qsd,0,1,1
qsesh,0,1,1
qshock,0,1,1
qsite,0,3,3
qst,1,2,3
qstns,0,1,1
qt,44,44,88
qta,0,1,1
qtask,1,0,1
qtau,0,1,1
qtek,0,1,1
qtes,0,1,1
qtip,4,1,5
qtips,2,1,3
qtiptheabstract,0,1,1
qtns,0,1,1
qtpie,0,1,1
qtr,9,5,14
qts,1,1,2
qtscript,1,0,1
qtt,0,1,1
qtv,1,3,4
qtvr,1,0,1
qtweeter,4,2,6
qtwith,0,1,1
qu,105,53,158
qua,24,15,39
quaaaa,1,0,1
quaaaaaaaaaaaase,0,1,1
quaaad,0,1,1
quaalude,1,0,1
quack,9,18,27
quacker,0,1,1
quackers,3,2,5
quackery,0,1,1
quacking,1,0,1
quackkkkk,1,0,1
quacks,4,1,5
quacky,0,1,1
quactagon,0,1,1
quad,39,29,68
quadcam,2,0,2
quadcamera,1,0,1
quadcore,1,1,2
quadding,0,2,2
quadminton,0,1,1
quadpitts,0,1,1
quadra,3,0,3
quadrahosting,1,0,1
quadrant,1,0,1
quadrapalegic,1,0,1
quadraped,1,0,1
quadratic,5,1,6
quadratics,1,0,1
quadriceps,1,0,1
quadrilateral,0,1,1
quadrilogy,0,1,1
quadro,1,1,2
quadrophenia,1,2,3
quadrople,1,0,1
quadruple,5,6,11
quadrupled,1,2,3
quadrupole,0,1,1
quads,11,14,25
quadtan,0,1,1
quaffable,0,1,1
quagies,0,1,1
quagmire,1,1,2
quahog,0,1,1
quai,1,0,1
quaid,1,2,3
quail,6,8,14
quails,1,1,2
quailty,1,0,1
quaily,1,0,1
quaint,5,9,14
quaity,0,1,1
quak,1,0,1
quake,33,50,83
quakecon,0,1,1
quakedy,0,1,1
quakelive,2,2,4
quakenet,0,1,1
quaker,4,6,10
quakerfinder,0,1,1
quakers,2,2,4
quakes,8,6,14
quaking,0,2,2
quakk,1,0,1
qual,9,5,14
qualcomm,0,2,2
quale,0,1,1
qualed,0,1,1
quali,10,4,14
qualies,2,0,2
qualifax,1,0,1
qualifes,1,0,1
qualificatiion,1,0,1
qualification,6,7,13
qualifications,6,3,9
qualified,25,39,64
qualifier,8,8,16
qualifiers,7,3,10
qualifies,3,13,16
qualifiing,1,0,1
qualifty,1,0,1
qualify,53,34,87
qualifyin,1,0,1
qualifying,42,33,75
qualis,1,0,1
qualit,1,1,2
qualitativ,0,1,1
qualitative,1,2,3
qualites,0,1,1
qualitfying,0,1,1
qualities,6,24,30
qualitly,0,1,1
quality,299,522,821
qualityfollowers,0,1,1
qualitytime,1,1,2
qualityy,0,2,2
quall,1,0,1
qualli,1,0,1
quallies,1,0,1
quallity,0,1,1
qually,1,1,2
qualm,0,1,1
qualms,1,3,4
qualquer,2,0,2
quals,3,4,7
qualudes,0,1,1
qualy,0,1,1
quam,0,2,2
quamech,1,0,1
quamel,0,1,1
quan,5,11,16
quana,1,0,1
quanathin,1,0,1
quand,1,1,2
quandary,2,3,5
quando,3,3,6
quandry,2,2,4
quang,1,1,2
quanicag,0,1,1
quann,0,1,1
quanna,1,0,1
quans,1,0,1
quant,2,1,3
quantas,1,0,1
quantcast,0,1,1
quantick,1,0,1
quantico,1,2,3
quantifiable,1,0,1
quantify,0,3,3
quantifying,1,0,1
quantim,0,1,1
quantitative,2,1,3
quantities,2,7,9
quantity,11,38,49
quantiwhat,1,0,1
quantize,0,1,1
quanto,2,3,5
quantom,0,1,1
quants,0,2,2
quantum,20,29,49
quantus,1,1,2
quarantee,1,0,1
quaranteen,2,0,2
quarantine,53,16,69
quarantined,39,3,42
quarantining,1,1,2
quaratined,1,0,1
quard,1,0,1
quardian,1,0,1
quarentine,6,0,6
quarentined,1,0,1
quarintine,3,1,4
quarintined,1,0,1
quark,4,4,8
quarrantined,3,0,3
quarrel,4,1,5
quarreled,2,1,3
quarreling,0,1,1
quarrelled,1,0,1
quarrels,1,0,1
quarrentined,1,0,1
quarriers,1,0,1
quarries,0,1,1
quarrington,1,0,1
quarry,5,8,13
quarrying,0,1,1
quart,2,7,9
quarter,144,97,241
quarterback,1,1,2
quartered,1,0,1
quarterfest,1,0,1
quarterfinal,1,0,1
quarterfinalist,0,1,1
quarterfinals,2,1,3
quarterlife,0,1,1
quarterly,7,9,16
quarterpast,1,0,1
quarterpounder,0,1,1
quarters,31,29,60
quartershade,0,1,1
quartet,3,10,13
quartets,1,2,3
quartier,1,0,1
quarto,3,0,3
quarts,0,2,2
quartz,3,5,8
quasadilla,0,1,1
quase,1,4,5
quasecinema,0,1,1
quash,1,0,1
quashed,2,2,4
quashing,0,1,1
quasi,4,13,17
quasimodo,5,0,5
quastion,0,1,1
quatar,0,1,1
quatavia,0,1,1
quatch,1,0,1
quatchi,1,0,1
quatemala,0,1,1
quater,8,4,12
quaterfinals,0,1,1
quaternary,0,1,1
quaternions,1,0,1
quaters,1,1,2
quatile,1,1,2
quatro,1,4,5
quatsch,0,2,2
quattro,1,1,2
quaver,1,1,2
quavers,0,3,3
quay,16,8,24
quays,0,3,3
quayside,0,1,1
quazi,1,0,1
qubo,1,2,3
qubtek,1,0,1
qucci,1,1,2
qucik,1,1,2
quciker,0,1,1
qud,0,4,4
qudoba,0,1,1
que,313,273,586
queasiness,1,0,1
queasy,44,4,48
queba,0,1,1
quebbec,0,1,1
quebec,28,32,60
quebeccity,0,1,1
quebecers,1,0,1
quebecois,0,1,1
quebecoise,1,0,1
quebrado,1,0,1
quebrou,2,0,2
qued,0,1,1
queda,1,1,2
quedadilla,0,1,1
quedan,1,1,2
quedar,0,1,1
quedas,1,0,1
queden,0,1,1
quedo,2,1,3
quedoo,1,0,1
quee,0,1,1
queee,1,0,1
queeee,1,0,1
queeeeee,1,0,1
queeeeeeeeeeeeee,1,0,1
queeeeeeeeen,0,2,2
queeeeen,0,2,2
queeeennn,1,0,1
queeen,0,2,2
queeensland,0,1,1
queef,0,4,4
queefing,0,1,1
queefs,0,1,1
queem,0,1,1
queen,245,436,681
queena,0,1,1
queenadreena,0,1,1
queenb,1,0,1
queenbacardi,1,0,1
queenbag,0,1,1
queenbea,1,0,1
queenbee,0,3,3
queenbeehunt,1,0,1
queenbirthday,0,1,1
queenbmakeup,0,1,1
queendom,1,0,1
queened,0,1,1
queeney,1,0,1
queenie,3,7,10
queenlexxxiii,0,1,1
queenofthepandas,0,1,1
queenrania,0,1,1
queens,80,111,191
queensbay,0,1,1
queensberry,0,1,1
queensboro,1,0,1
queensborough,0,2,2
queensbury,1,0,1
queensday,1,2,3
queensferry,0,1,1
queensgate,0,1,1
queensize,1,0,1
queenslan,0,1,1
queensland,20,51,71
queenslander,1,8,9
queenslanders,0,2,2
queensoftwitter,0,2,2
queensryche,2,2,4
queenstown,3,6,9
queensunday,0,1,1
queensweek,0,1,1
queentash,0,2,2
queenvibes,1,0,1
queeny,0,1,1
queenz,3,0,3
queer,23,25,48
queercasters,1,0,1
queerer,0,1,1
queerleader,1,0,1
queers,5,1,6
queertunes,0,1,1
queervoltage,0,1,1
queestions,0,1,1
queesy,3,0,3
queezie,1,0,1
queezy,17,2,19
queff,1,0,1
queijo,2,4,6
queimar,0,2,2
quein,0,1,1
queing,6,5,11
queisso,0,1,1
queith,0,1,1
queja,1,0,1
quek,1,0,1
quel,1,7,8
quelindoo,1,0,1
quell,3,0,3
quelle,3,3,6
quelqu,1,0,1
quelsz,0,1,1
quem,5,11,16
quemestry,1,0,1
quen,3,6,9
quena,0,1,1
quench,4,7,11
quenched,0,1,1
quencher,1,1,2
quenna,1,0,1
quensland,0,1,1
quenti,0,1,1
quentin,2,12,14
queo,1,1,2
queos,0,1,1
quer,3,2,5
queremos,1,1,2
querendo,0,1,1
queretaro,0,1,1
queria,32,2,34
queriaa,1,0,1
querida,1,1,2
querido,2,0,2
queriendole,1,0,1
queries,14,22,36
quero,29,5,34
querooo,1,0,1
querrey,1,0,1
querries,1,0,1
querty,0,1,1
querulous,0,1,1
query,24,32,56
querying,0,1,1
ques,5,6,11
quesaadillaazzssszz,0,1,1
quesadiaas,0,1,1
quesadila,1,0,1
quesadilla,9,15,24
quesadillaaa,1,0,1
quesadillas,12,15,27
quesailllas,0,1,1
quesci,1,0,1
quesedilla,1,0,1
queshtions,0,1,1
quesidilla,1,1,2
quesidillas,2,2,4
quesidillia,0,1,1
quesillo,1,0,1
quesion,0,1,1
quesites,0,1,1
quesnel,1,1,2
queso,9,18,27
quess,14,5,19
quessie,0,1,1
quesss,0,1,1
quesstion,1,0,1
quesstions,0,1,1
quest,96,106,202
questa,1,0,1
questacon,0,1,1
questcrew,1,0,1
quested,1,0,1
quester,0,1,1
questhaven,0,1,1
questhelper,2,0,2
questi,0,1,1
questie,0,1,1
questies,0,4,4
questing,2,5,7
questio,0,2,2
questiom,0,1,1
question,725,1334,2059
questionable,17,11,28
questionablecontent,1,0,1
questionably,1,1,2
questionaire,2,0,2
questionaries,0,1,1
questioned,7,8,15
questioners,0,1,1
questioning,13,14,27
questionings,1,0,1
questionmark,1,0,1
questionn,2,0,2
questionnable,2,0,2
questionnaire,3,5,8
questionnaires,0,2,2
questionned,0,1,1
questionning,1,0,1
questionnnn,0,1,1
questionns,0,1,1
questions,357,599,956
questline,1,0,1
questlove,1,1,2
questo,2,3,5
queston,1,0,1
questran,1,0,1
quests,14,8,22
quesy,3,0,3
quet,0,2,2
quetal,0,1,1
quetions,0,1,1
quetsion,1,0,1
quetsions,0,1,1
queue,150,71,221
queued,8,5,13
queueing,8,3,11
queues,25,8,33
queueueueue,0,1,1
queuing,12,8,20
queus,0,1,1
quevedo,0,1,1
queyny,0,1,1
quezon,4,2,6
quezzy,1,0,1
quh,2,0,2
qui,8,15,23
quiapo,1,1,2
quibble,1,0,1
quibbles,0,2,2
quibbling,0,1,1
quibs,1,0,1
quich,1,0,1
quichaquiche,1,0,1
quiche,8,19,27
quicheenfolie,0,1,1
quiches,1,1,2
quichly,1,0,1
quick,793,945,1738
quickanswertodelayedreply,1,0,1
quickboard,1,0,1
quickbook,1,0,1
quickbooks,6,2,8
quickcalendar,1,0,1
quickcam,1,2,3
quickchat,1,2,3
quickdoahappydancecuz,1,0,1
quicke,1,0,1
quickely,1,0,1
quicken,5,2,7
quicker,61,74,135
quickest,8,12,20
quickfind,1,0,1
quickfire,0,5,5
quickfreedom,1,1,2
quickie,7,12,19
quickies,0,2,2
quickindex,1,0,1
quickk,2,0,2
quickkkkk,1,0,1
quickley,0,1,1
quicklook,0,1,1
quickly,501,330,831
quicklyy,1,0,1
quicklyyyy,1,0,1
quickmark,1,0,1
quickmelt,0,1,1
quickness,4,6,10
quickoffice,1,0,1
quickpath,1,0,1
quickpawn,1,0,1
quickpedia,0,1,1
quickplace,1,0,1
quickpull,1,0,1
quickpwn,38,1,39
quickr,1,1,2
quicksand,3,3,6
quicksilver,7,7,14
quickstart,0,1,1
quickstep,0,1,1
quickstrike,1,0,1
quickstyle,1,0,1
quicktime,8,7,15
quicktrip,0,3,3
quicktweet,0,1,1
quicktweeting,0,1,1
quickvic,1,0,1
quickview,1,0,1
quickwitted,1,0,1
quickword,1,0,1
quicky,3,4,7
quicly,1,0,1
quid,67,36,103
quidco,1,2,3
quidditch,10,4,14
quiddler,0,1,1
quide,0,1,1
quidi,0,1,1
quiditch,1,0,1
quids,1,1,2
quieche,0,1,1
quien,6,2,8
quieor,1,0,1
quiere,2,2,4
quiereme,1,0,1
quieres,1,2,3
quiero,24,11,35
quieroo,2,0,2
quierro,0,1,1
quiestions,1,0,1
quiet,717,794,1511
quietdrive,0,1,1
quieted,0,1,1
quietened,0,1,1
quietens,0,1,1
quieter,17,13,30
quietest,1,0,1
quietish,0,1,1
quietkarma,0,1,1
quietly,28,42,70
quietness,1,11,12
quiets,0,1,1
quiettttt,1,0,1
quiff,0,3,3
quigg,4,0,4
quiggle,0,1,1
quigley,1,3,4
quigly,0,1,1
quigong,0,1,1
quihote,0,1,1
quiiere,1,0,1
quiiiero,1,0,1
quiiierooo,0,1,1
quiiiickly,0,1,1
quiiiiero,1,0,1
quiiiinn,0,1,1
quiiite,1,0,1
quik,15,8,23
quikcheck,0,1,1
quiksilver,1,0,1
quiktip,0,1,1
quiktrip,1,0,1
quiktweet,0,1,1
quil,7,4,11
quilete,0,1,1
quill,0,2,2
quillen,1,0,1
quills,0,2,2
quilly,0,1,1
quilmenean,1,0,1
quilt,27,45,72
quilted,2,2,4
quiltergasm,0,1,1
quilters,0,1,1
quilting,7,10,17
quilts,3,2,5
quilty,3,0,3
quiltypleasure,1,0,1
quim,1,0,1
quimbo,0,1,1
quimby,0,1,1
quimic,1,0,1
quimica,1,1,2
quimpo,0,1,1
quin,5,4,9
quina,0,1,1
quinary,0,1,1
quince,8,8,16
quincea,0,3,3
quinceanera,1,3,4
quinceneara,1,0,1
quincenera,1,2,3
quinces,0,1,1
quincy,8,17,25
quindella,1,0,1
quinie,0,1,1
quinlan,1,1,2
quinland,1,0,1
quinmatesss,0,1,1
quinn,16,18,34
quinnnn,0,1,1
quinnny,0,1,1
quinny,2,0,2
quinnyboy,1,0,1
quino,0,1,1
quinoa,7,7,14
quins,2,3,5
quint,0,1,1
quinta,4,3,7
quintana,0,2,2
quintanilla,0,1,1
quinten,1,1,2
quintessa,0,1,1
quintessence,1,0,1
quintessential,2,4,6
quintessentially,0,1,1
quintet,2,2,4
quintets,1,0,1
quintin,0,1,1
quintino,0,1,1
quinto,18,43,61
quinton,2,1,3
quintos,0,1,1
quints,0,1,1
quintuple,1,0,1
quintuples,1,0,1
quintus,0,1,1
quinziato,1,0,1
quinzo,0,1,1
quip,1,4,5
quipped,0,1,1
quips,1,1,2
quiptment,0,1,1
quire,0,2,2
quirk,2,3,5
quirkieness,0,1,1
quirkier,0,2,2
quirkiness,0,1,1
quirkles,0,1,1
quirks,8,6,14
quirky,15,31,46
quirkybox,0,1,1
quirkyness,1,1,2
quiros,0,1,1
quis,0,1,1
quise,0,1,1
quiser,0,2,2
quisha,1,0,1
quisiera,2,0,2
quit,570,315,885
quita,0,1,1
quitar,0,3,3
quitas,1,0,1
quitate,0,1,1
quite,1919,2718,4637
quited,1,0,1
quiteeeee,0,1,1
quitely,3,6,9
quiter,2,1,3
quiters,1,0,1
quites,0,2,2
quitet,1,0,1
quitforacause,1,0,1
quitin,0,2,2
quiting,6,3,9
quitman,1,0,1
quito,2,4,6
quits,35,19,54
quitsmoking,1,1,2
quitsmokingdiary,1,0,1
quitt,1,0,1
quitte,0,1,1
quitted,2,1,3
quitter,7,6,13
quitters,2,1,3
quittin,2,3,5
quitting,68,57,125
quittingforacause,1,0,1
quittt,1,0,1
quiver,2,4,6
quivera,1,0,1
quivered,1,0,1
quiverin,1,0,1
quivering,5,2,7
quivery,1,0,1
quix,0,1,1
quixote,1,1,2
quiz,293,218,511
quizam,1,0,1
quizas,1,2,3
quizbot,1,0,1
quizes,14,9,23
quizez,1,0,1
quizilla,2,3,5
quizillia,0,1,1
quizing,1,0,1
quizmania,1,0,1
quizmaster,0,2,2
quizmee,0,1,1
quizno,1,5,6
quiznos,15,10,25
quizy,0,1,1
quizz,0,1,1
quizzage,1,0,1
quizze,0,1,1
quizzed,0,1,1
quizzee,0,1,1
quizzer,1,1,2
quizzes,63,61,124
quizzez,0,1,1
quizzical,0,1,1
quizzing,1,0,1
quizzle,1,0,1
quizzo,1,1,2
quizzy,1,0,1
qulit,1,0,1
qulity,1,0,1
qullie,0,1,1
qummy,0,1,1
qun,2,0,2
qunn,0,1,1
qunna,1,1,2
quo,1,11,12
quoffed,0,1,1
quoi,1,0,1
quon,3,0,3
quondam,0,1,1
quootes,1,0,1
quore,1,0,1
quorn,6,7,13
quorum,0,1,1
quot,2,1,3
quota,25,12,37
quotability,0,1,1
quotable,0,8,8
quotables,1,1,2
quotas,2,2,4
quotation,2,9,11
quotations,2,3,5
quote,138,719,857
quotebank,0,1,1
quoteclub,0,1,1
quoted,18,38,56
quotefromaknight,0,1,1
quotes,67,250,317
quotesnack,0,2,2
quotess,0,1,1
quotethursday,0,1,1
quotewerks,0,2,2
quotey,3,0,3
quoth,2,0,2
quotient,2,5,7
quoting,15,58,73
qur,0,1,1
quran,0,2,2
qurantined,1,0,1
qurl,0,1,1
qururi,0,1,1
qus,1,0,1
qusay,3,0,3
qusetioning,0,1,1
qust,0,1,1
qustion,0,1,1
qustions,0,1,1
qut,5,4,9
qute,3,2,5
qutes,0,1,1
qutie,0,1,1
qutting,2,0,2
quuality,1,0,1
quue,0,1,1
quuen,0,1,1
quuens,0,1,1
quuote,0,1,1
quutamo,0,1,1
quuu,1,0,1
quuuuite,1,0,1
quween,0,1,1
quwheel,1,0,1
quy,6,3,9
quyen,0,1,1
quyet,1,0,1
quynh,2,2,4
quynn,0,1,1
quys,2,1,3
quysz,1,0,1
quyz,0,1,1
qv,1,1,2
qvb,0,2,2
qvc,6,11,17
qvolvafsorsdrgnh,0,1,1
qw,1,0,1
qwade,1,0,1
qwaiiiiszzzzzz,0,1,1
qwanoes,0,1,1
qwas,0,1,1
qwebview,0,1,1
qwee,0,1,1
qween,0,1,1
qweeter,1,0,1
qweezy,1,0,1
qwen,0,1,1
qwerty,19,12,31
qwertyuiopasdfghjklzxcvbnmultiply,1,0,1
qwertz,0,1,1
qwest,6,3,9
qwick,1,0,1
qwik,0,1,1
qwill,1,0,1
qwirufhaslfiuhaslgiuarw,1,0,1
qwit,6,2,8
qwitter,1,4,5
qwk,1,0,1
qwooolest,0,1,1
qwt,1,0,1
qww,0,1,1
qx,0,1,1
qxxx,1,0,1
qy,1,1,2
qyn,0,1,1
qype,3,1,4
qypeparty,1,0,1
qyviron,0,1,1
qz,0,1,1
qzr,0,1,1
ra,44,67,111
raa,5,1,6
raaa,2,0,2
raaaa,1,0,1
raaaaaaaaaaaaaaaaaaaaul,0,1,1
raaaaaaaaaaaaaaage,1,0,1
raaaaaaaaaaaaaahm,1,0,1
raaaaaaaaaaaaacerrrrrrrrrrrrrrrrr,0,1,1
raaaaaaaaaaagh,1,0,1
raaaaaaaaaaarr,0,1,1
raaaaaaaaaaaww,0,1,1
raaaaaaaaaain,0,1,1
raaaaaaaaah,1,0,1
raaaaaaaaiiiinnnnn,0,1,1
raaaaaaaaining,1,0,1
raaaaaaaawkin,0,1,1
raaaaaaace,0,1,1
raaaaaaahhhhhh,1,0,1
raaaaaaannnnndyyyyyyy,0,1,1
raaaaaaarugh,1,0,1
raaaaaaauuuuulll,1,0,1
raaaaaagggggggeeeeee,1,0,1
raaaaaank,1,0,1
raaaaad,0,1,1
raaaaage,1,0,1
raaaaaging,1,0,1
raaaaah,1,0,1
raaaaain,1,0,1
raaaaaining,1,0,1
raaaaalph,1,0,1
raaaaange,1,0,1
raaaaawwwwwrrrrrr,1,0,1
raaaaawwwwwwwwrrrrrrr,1,0,1
raaaaay,0,1,1
raaaaaychelll,0,1,1
raaaachaeelll,0,1,1
raaaachel,0,1,1
raaaain,2,1,3
raaaawr,2,0,2
raaad,0,1,1
raaadd,0,1,1
raaah,1,1,2
raaahhh,1,0,1
raaahhhh,0,1,1
raaahhhhh,1,0,1
raaahr,0,1,1
raaaiiiin,1,0,1
raaaiin,0,1,1
raaain,1,0,1
raaaining,1,0,1
raaalphhh,1,0,1
raaang,0,1,1
raaap,0,1,1
raaather,0,1,1
raaaw,1,0,1
raaawr,0,2,2
raaawrr,0,1,1
raaay,1,0,1
raaazee,1,0,1
raab,1,0,1
raabe,0,1,1
raach,0,1,1
raad,0,1,1
raadddiiooo,1,0,1
raadio,2,0,2
raaga,1,0,1
raah,1,0,1
raaiiin,1,0,1
raain,2,1,3
raained,1,0,1
raaining,0,1,1
raainn,1,0,1
raainny,0,1,1
raam,1,1,2
raani,1,0,1
raar,0,1,1
raari,0,1,1
raariram,0,1,1
raaro,0,1,1
raat,1,2,3
raatle,0,1,1
raave,0,1,1
raawrrrr,0,1,1
raawwwrrr,1,0,1
raay,0,1,1
raaz,2,1,3
rab,3,3,6
rabak,1,0,1
rabane,0,1,1
rabannises,0,1,1
rabat,2,2,4
rabbash,1,0,1
rabbbb,1,0,1
rabbi,1,7,8
rabbid,1,1,2
rabbids,1,5,6
rabbiiishhh,1,0,1
rabbiiit,1,0,1
rabbiis,0,1,1
rabbins,0,1,1
rabbis,1,0,1
rabbit,157,123,280
rabbitheart,0,1,1
rabbitheft,0,1,1
rabbiting,1,1,2
rabbitmq,2,1,3
rabbitohs,0,2,2
rabbits,38,40,78
rabbitss,1,0,1
rabbitt,0,3,3
rabble,5,3,8
rabbled,1,0,1
rabbleforacause,1,0,1
rabbo,0,1,1
rabboni,0,1,1
rabby,1,0,1
rabe,1,1,2
rabea,0,1,1
rabeiro,1,1,2
raben,0,1,1
rabena,0,2,2
rabenstein,0,1,1
rabi,2,1,3
rabiatul,0,1,1
rabid,8,8,16
rabies,11,6,17
rabigh,0,1,1
rabit,2,1,3
rable,1,0,1
rables,0,2,2
rabo,1,1,2
rabobank,1,2,3
rabu,3,3,6
rabujd,0,1,1
rac,12,3,15
racas,0,1,1
raccah,0,1,1
racccchie,0,1,1
raccoon,30,14,44
raccoons,11,5,16
raccooon,0,1,1
race,598,713,1311
racebuddy,2,0,2
racecar,0,1,1
racecourse,2,1,3
raced,16,8,24
raceday,0,5,5
racedriver,0,1,1
racee,1,1,2
raceface,1,0,1
racefail,1,0,1
raceforlife,0,4,4
racehorse,0,3,3
racehorses,2,1,3
raceland,0,1,1
racer,15,14,29
racerback,1,0,1
racers,5,11,16
races,85,98,183
racess,2,0,2
racetrack,8,5,13
raceway,7,3,10
rach,51,69,120
racha,0,1,1
rachael,21,30,51
rachaelll,0,2,2
rachaelphillips,1,0,1
rachaels,1,2,3
rachaelsarahmurray,1,0,1
rachal,0,1,1
rachamankha,0,1,1
rache,2,1,3
racheal,1,2,3
racheals,0,1,1
rachee,0,1,1
rachel,171,280,451
rachelannmusic,1,0,1
rachelinjapan,0,1,1
racheljisoffthechain,0,1,1
rachell,0,1,1
rachelle,7,7,14
rachelll,0,2,2
rachells,0,1,1
rachels,6,8,14
rachelsantos,0,1,1
rachelsexton,1,0,1
rachelwest,1,0,1
rachet,1,2,3
rachey,0,1,1
racheyy,1,0,1
rachhh,1,0,1
rachi,0,1,1
rachie,4,5,9
rachies,0,1,1
rachii,1,0,1
rachl,0,1,1
rachmaninoff,0,3,3
rachmaninov,0,1,1
rachmurrayx,0,1,1
rachy,1,3,4
rachyl,1,1,2
racial,6,8,14
racialprofiling,1,0,1
racials,0,1,1
racin,2,2,4
racine,1,2,3
racing,140,148,288
racingdigest,1,0,1
racism,31,12,43
racist,66,40,106
racists,14,7,21
racit,2,1,3
rack,51,59,110
rackable,1,1,2
rackam,0,1,1
racked,9,7,16
rackers,1,0,1
racket,15,12,27
racketball,1,0,1
rackets,2,4,6
rackin,0,2,2
racking,10,7,17
rackley,1,0,1
rackmount,0,1,1
racks,5,6,11
rackspace,2,5,7
raclette,0,1,1
racmaninoff,0,1,1
racoare,0,1,1
racole,0,1,1
raconteur,0,1,1
raconteurs,2,3,5
racoon,14,5,19
racoons,11,3,14
racquel,2,0,2
racquet,8,5,13
racquetball,5,2,7
racquets,3,0,3
racsit,0,1,1
racv,1,0,1
racy,1,5,6
rad,73,184,257
rada,1,5,6
radah,1,0,1
radar,72,47,119
radarrr,0,2,2
radars,5,3,8
radarscope,1,0,1
radarweb,1,0,1
radball,0,1,1
radcakes,1,0,1
radcliffe,2,10,12
radcore,0,3,3
radd,2,3,5
raddd,0,1,1
radddd,1,1,2
raddddd,1,0,1
radded,1,0,1
radder,0,1,1
raddest,1,5,6
raddidio,1,0,1
raddio,1,0,1
raddish,0,1,1
raddishes,0,1,1
raddison,3,1,4
raddled,2,0,2
raddsion,0,1,1
rade,0,1,1
radec,2,0,2
radegast,1,0,1
radeji,0,1,1
radek,0,1,1
radelaide,2,2,4
raden,1,0,1
radeo,1,0,1
radeon,2,4,6
radeons,1,0,1
rader,1,0,1
radest,0,1,1
radfem,0,3,3
radford,1,2,3
radge,0,2,2
radgolls,0,1,1
radgrid,1,0,1
radh,1,0,1
radha,2,3,5
radhi,1,1,2
radhia,0,1,1
radi,2,1,3
radial,1,0,1
radian,1,3,4
radianborge,0,1,1
radiance,0,5,5
radians,1,0,1
radiant,3,15,18
radiantchurch,0,1,1
radiata,1,0,1
radiate,3,2,5
radiated,1,1,2
radiates,0,3,3
radiating,3,2,5
radiation,15,11,26
radiator,17,7,24
radiators,0,1,1
radical,12,25,37
radically,4,2,6
radicals,2,1,3
radici,0,1,1
radicool,0,1,1
radiiiiooooo,0,1,1
radiioooo,0,1,1
radin,1,3,4
radinas,0,1,1
radinho,2,0,2
radio,991,1349,2340
radioactive,16,9,25
radioactivebee,0,1,1
radioactivity,1,0,1
radioavisen,1,0,1
radiobob,1,0,1
radioboxer,0,1,1
radiocity,0,1,1
radiocomedy,0,1,1
radiodaddy,1,0,1
radiodisney,2,5,7
radioflare,1,0,1
radiographic,2,1,3
radiohead,14,39,53
radiohosting,0,1,1
radioing,1,0,1
radiojen,0,1,1
radiolab,0,1,1
radioless,1,0,1
radiolina,0,1,1
radiologist,1,0,1
radiology,1,1,2
radionz,1,0,1
radioo,0,3,3
radiooo,1,4,5
radioooo,0,1,1
radiooooo,0,1,1
radioooooo,0,1,1
radioparadise,1,0,1
radiophonic,1,2,3
radiopir,0,1,1
radioplay,1,0,1
radiopoppers,0,1,1
radioqueen,0,1,1
radioriel,0,1,1
radios,7,11,18
radioshack,3,1,4
radioshow,2,2,4
radioshows,0,1,1
radiosophie,0,1,1
radiostation,2,2,4
radiostations,2,0,2
radiosucks,1,0,1
radiosuzy,0,1,1
radiot,0,1,1
radiotaxi,0,1,1
radiotherapy,2,0,2
radiovixen,1,0,1
radioyou,0,1,1
radish,3,9,12
radishes,8,6,14
radisson,2,8,10
radit,1,1,2
radius,20,11,31
radj,1,0,1
radkasvabikova,0,1,1
radke,1,2,3
radl,1,0,1
radler,0,2,2
radley,3,1,4
radleys,1,0,1
radnage,0,1,1
radness,0,1,1
radney,1,0,1
radni,1,0,1
radnifficiant,0,1,1
radnomness,0,1,1
radnor,1,1,2
radom,0,1,1
radomski,0,1,1
radon,1,0,1
radost,0,2,2
radox,1,2,3
radrails,1,0,1
radroots,0,1,1
rads,1,0,1
radtastic,1,4,5
radu,1,1,2
radulescu,1,0,1
radvision,0,2,2
radwanska,1,0,1
rady,2,2,4
radza,0,1,1
rae,33,46,79
raeanne,1,0,1
raechel,2,0,2
raecia,1,0,1
raeder,0,1,1
raeding,0,1,1
raeeeeeeeeee,0,1,1
raef,1,1,2
raeg,1,0,1
raegan,3,3,6
raehanley,1,0,1
raekke,0,1,1
raekwon,0,2,2
raelene,0,1,1
raelin,1,1,2
raelly,2,1,3
raelynn,0,2,2
raelynne,0,1,1
raemen,1,0,1
raen,0,1,1
raep,1,0,1
raerae,1,0,1
raeredeyes,0,1,1
raes,1,0,1
raeson,1,0,1
raeven,0,1,1
raf,5,13,18
rafa,227,50,277
rafaaaaaaaaaaaaaaaa,1,0,1
rafaaaaaaaaaaaaaaaaa,1,0,1
rafael,36,51,87
rafaga,0,2,2
rafal,3,0,3
rafalet,2,0,2
rafe,3,5,8
rafeal,1,0,1
rafeer,1,0,1
rafel,0,1,1
raff,2,1,3
raffa,2,2,4
raffels,1,0,1
rafferty,0,2,2
raffertys,1,0,1
rafferzini,1,0,1
raffi,0,2,2
raffia,0,1,1
raffic,1,0,1
raffis,1,0,1
raffle,15,25,40
raffled,0,1,1
raffles,4,10,14
raffo,0,1,1
raffstar,1,0,1
raffy,1,2,3
rafi,1,2,3
rafidah,0,2,2
rafif,1,0,1
rafiqui,1,0,1
rafito,1,0,1
rafocu,1,0,1
rafrag,0,1,1
rafs,1,0,1
raft,8,12,20
rafted,1,0,1
rafter,0,1,1
rafters,3,5,8
raftim,1,0,1
rafting,9,27,36
rafts,1,1,2
rag,24,20,44
raga,2,0,2
ragamuffin,0,1,1
ragan,2,1,3
ragansocmed,1,0,1
ragardless,1,0,1
ragas,0,1,1
ragazza,1,1,2
ragazzi,0,1,1
ragbrai,1,1,2
ragda,1,1,2
ragdoll,3,1,4
rage,72,81,153
ragebags,1,0,1
raged,3,3,6
ragedy,1,0,1
rageee,1,0,1
rageeeeeee,1,0,1
ragen,1,0,1
ragequit,1,0,1
ragequitstwitter,1,0,1
ragequitting,2,0,2
rager,1,2,3
ragers,2,0,2
rages,1,2,3
ragey,1,0,1
ragg,0,1,1
raggady,0,1,1
raggalgher,0,1,1
ragged,9,2,11
raggedy,5,1,6
ragging,1,4,5
raggs,0,1,1
raggy,2,0,2
raghead,0,1,1
raghu,1,2,3
ragi,0,1,1
ragiem,0,1,1
ragin,27,6,33
raging,54,36,90
ragingcrazylady,1,0,1
ragious,1,0,1
ragish,1,0,1
raglan,0,2,2
ragland,0,1,1
ragnar,4,1,5
ragnarians,1,0,1
ragnarok,1,1,2
ragnhild,1,1,2
ragoons,1,0,1
rags,7,8,15
ragstock,0,1,1
ragtime,1,0,1
ragtops,0,1,1
ragu,3,0,3
raguelita,0,1,1
ragunan,0,1,1
ragusa,1,0,1
ragweed,1,2,3
rah,13,34,47
raha,9,6,15
rahaa,0,2,2
rahab,0,1,1
rahaf,0,1,1
rahahahahaha,1,0,1
rahal,2,0,2
rahamim,0,1,1
rahat,2,0,2
rahatlat,0,1,1
rahay,0,1,1
rahda,0,1,1
rahe,3,6,9
raheem,8,3,11
rahegi,0,2,2
rahel,0,2,2
rahels,0,1,1
rahen,1,0,1
rahenge,0,1,1
raher,1,0,1
rahh,3,2,5
rahhell,0,1,1
rahhh,4,1,5
rahhhh,1,0,1
rahhhhh,0,1,1
rahhhhhh,2,0,2
rahhhhhhhhhhh,1,0,1
rahi,6,0,6
rahiem,1,0,1
rahim,2,0,2
rahimo,1,0,1
rahissa,0,1,1
rahm,2,0,2
rahma,1,1,2
rahman,3,7,10
rahmans,1,0,1
rahmat,2,0,2
rahne,0,1,1
raho,0,1,1
rahr,0,1,1
rahrahrah,0,1,1
rahsaan,2,0,2
raht,0,1,1
rahter,1,0,1
rahtid,0,1,1
rahul,1,11,12
rahulgoyal,0,1,1
rahut,1,0,1
rahwa,1,0,1
rahway,1,0,1
rai,10,12,22
raibh,0,2,2
raiboe,1,0,1
raibow,0,1,1
raibread,1,0,1
raid,79,52,131
raided,9,7,16
raiden,11,11,22
raidena,0,1,1
raidens,1,0,1
raider,6,20,26
raiders,6,14,20
raidersfan,1,0,1
raiderz,2,0,2
raidie,0,1,1
raiding,19,9,28
raidio,1,0,1
raido,0,2,2
raids,7,6,13
raidys,0,1,1
raigie,0,1,1
raihana,1,0,1
raiiiiiiiiiiiin,1,0,1
raiiiiiiin,1,0,1
raiiiiiin,1,0,1
raiiiiin,2,0,2
raiiiiiny,1,0,1
raiiiining,1,0,1
raiiin,2,0,2
raiils,0,1,1
raiin,7,5,12
raiinbowgiirl,1,0,1
raiineeee,1,0,1
raiiniing,1,0,1
raiining,1,0,1
raiinyy,2,0,2
raiishhxclusive,0,1,1
raikko,1,0,1
raikkonen,4,0,4
raiko,1,0,1
raikonnen,2,0,2
rail,47,29,76
railcar,0,1,1
railcard,3,0,3
raildays,1,0,1
railed,1,1,2
railfan,0,1,1
railing,5,3,8
railings,2,2,4
railleur,2,1,3
railload,1,0,1
railmall,0,2,2
railo,2,3,5
railroad,6,10,16
rails,38,52,90
railsbeach,0,2,2
railsberry,0,1,1
railsbridge,0,1,1
railscamp,0,2,2
railscast,0,2,2
railscasts,1,0,1
railsconf,2,4,6
railsinside,0,1,1
railsmagazine,0,1,1
railspubnite,1,0,1
railtracks,0,1,1
railway,16,11,27
railways,4,2,6
raim,0,1,1
raimi,10,19,29
rain,8107,2807,10914
raina,7,3,10
rainage,1,0,1
rainballs,0,1,1
rainbird,1,0,1
rainbo,0,1,1
rainbocupcake,0,1,1
rainbooooooooooooooooow,0,1,1
rainboot,1,0,1
rainboots,14,5,19
rainbow,111,243,354
rainbowbridge,2,0,2
rainbowholic,0,1,1
rainbowjelly,0,1,1
rainbowmuffins,0,1,1
rainbowpants,1,0,1
rainbowridge,1,0,1
rainbows,32,64,96
rainboww,0,1,1
rainbowy,1,0,1
raincheck,20,6,26
rainchecked,1,2,3
rainchek,1,0,1
raincitylady,0,2,2
raincloud,1,3,4
rainclouds,1,4,5
raincoat,11,11,22
raincoats,0,2,2
raind,1,0,1
raindance,1,4,5
rainded,1,0,1
raindelay,1,0,1
raindr,0,1,1
raindrop,0,2,2
raindrops,15,20,35
raindy,1,2,3
raine,3,4,7
rained,534,100,634
raineddd,1,0,1
raineed,1,0,1
rainen,1,0,1
rainer,1,2,3
raines,0,1,1
rainesosyal,0,1,1
rainest,1,1,2
rainey,1,0,1
rainfall,7,8,15
rainfest,1,0,1
rainforest,14,18,32
rainforests,2,3,5
rainforestt,1,0,1
rainforrest,0,2,2
rainfree,1,0,1
raing,8,0,8
raingear,1,0,1
rainging,8,1,9
raingodd,0,1,1
rainhats,2,0,2
raini,0,2,2
rainie,1,1,2
rainier,4,2,6
rainiest,4,2,6
rainig,4,3,7
rainiiiiing,1,0,1
rainiing,1,0,1
rainin,129,13,142
raining,4075,1001,5076
rainingall,1,0,1
rainingg,10,1,11
raininggg,0,2,2
rainingggg,4,0,4
raininggggg,2,0,2
rainingggggg,1,0,1
raininggggggggggggggggggg,1,0,1
rainingor,1,0,1
rainingstars,0,1,1
raininig,0,1,1
rainining,2,0,2
raininq,2,1,3
raininqq,1,0,1
raininqqq,0,1,1
raininy,1,0,1
rainjacket,1,0,1
rainless,0,2,2
rainly,1,0,1
rainman,1,0,1
rainmaster,0,1,1
rainmore,1,0,1
rainn,11,8,19
rainndreads,0,1,1
rainng,2,0,2
rainniingggg,1,0,1
rainniinnngggg,0,1,1
rainnin,1,0,1
rainning,23,5,28
rainnl,0,1,1
rainnn,9,3,12
rainnnd,1,0,1
rainnning,2,1,3
rainnnn,4,1,5
rainnnnn,1,1,2
rainnnnnn,1,0,1
rainnnnnnn,2,0,2
rainnnnnnnn,1,0,1
rainnnny,1,0,1
rainnnyy,1,0,1
rainny,8,3,11
raino,0,1,1
rainobow,0,1,1
rainout,1,0,1
rainouts,0,1,1
rainrain,2,0,2
rainrainrain,0,1,1
rainrainrainrainrain,1,0,1
rains,365,167,532
rainscreened,0,1,1
rainsheck,1,0,1
rainspits,1,0,1
rainss,1,0,1
rainsss,1,0,1
rainstick,1,0,1
rainsticks,1,0,1
rainstorm,9,5,14
rainstorms,2,2,4
rainsucks,1,0,1
raintoday,1,1,2
rainville,1,0,1
rainwater,4,5,9
rainwink,0,1,1
rainx,0,1,1
rainy,1670,674,2344
rainyday,2,0,2
rainydaytimes,0,1,1
rainyin,1,0,1
rainykai,0,1,1
rainyrainy,1,0,1
rainysanctuary,0,1,1
rainyseason,1,0,1
rainysonic,0,1,1
rainyyy,1,1,2
rainyyyyyy,0,1,1
rainz,1,1,2
raipur,1,1,2
raisaaaaaaaa,1,0,1
raise,120,154,274
raised,76,137,213
raisen,0,1,1
raiser,6,8,14
raises,18,39,57
raisin,19,32,51
raisinet,1,0,1
raisinets,0,1,1
raisinettes,1,0,1
raising,39,63,102
raisingthebar,0,1,1
raisinq,1,0,1
raisins,16,26,42
raisiny,0,1,1
raison,3,3,6
raisons,1,1,2
raissa,1,0,1
rait,2,0,2
raither,1,0,1
raitt,0,2,2
raiva,1,0,1
raiy,0,1,1
raiyu,0,1,1
raiza,0,1,1
raj,3,14,17
raja,4,6,10
rajadhi,1,0,1
rajah,2,0,2
rajahmundry,1,0,1
rajan,1,0,1
rajapakse,1,0,1
rajapakshe,3,0,3
rajarajeshwari,0,1,1
rajarshi,1,0,1
rajastan,1,0,1
rajasthan,3,2,5
rajawali,0,1,1
rajdeep,0,2,2
rajdhani,1,0,1
rajeena,0,1,1
rajeev,21,2,23
rajendran,0,1,1
rajesh,0,1,1
rajeshji,0,1,1
raji,1,0,1
rajin,1,4,5
rajinder,0,1,1
rajini,0,2,2
rajinikant,0,1,1
rajioon,2,0,2
rajiv,1,0,1
rajjjjjjjjj,0,1,1
rajkot,1,0,1
rajma,0,3,3
rajnikant,0,2,2
rajnikanth,0,1,1
rajon,1,0,1
rajshahi,1,0,1
rajskub,0,1,1
raju,1,1,2
rajut,0,1,1
rajy,1,0,1
rak,1,4,5
rake,10,8,18
rakeback,2,0,2
raked,2,2,4
rakeem,1,0,1
rakel,0,2,2
rakers,1,0,1
rakes,1,3,4
raket,0,1,1
raketeering,0,1,1
raketen,0,1,1
rakh,1,0,1
rakhi,0,4,4
rakho,0,2,2
raki,1,0,1
rakim,0,1,1
raking,6,5,11
rakip,0,1,1
rakis,0,1,1
rakish,0,2,2
rakista,0,1,1
rakita,1,0,1
rakiya,0,1,1
rakkas,1,0,1
rakouska,0,1,1
raksha,1,0,1
rakshita,0,1,1
raksta,0,1,1
raku,0,1,1
rakuzen,1,0,1
rakvere,0,1,1
rakyat,2,1,3
rala,0,2,2
ralat,0,1,1
ralatt,0,1,1
raleigh,40,36,76
raleighh,0,1,1
raley,0,1,1
raleys,2,1,3
ralf,2,3,5
rali,1,0,1
raliegh,1,2,3
ralise,0,1,1
ralitsa,0,1,1
ralized,1,0,1
ralkative,0,1,1
rall,1,0,1
ralla,0,1,1
ralley,0,3,3
rallfy,0,1,1
ralliart,1,0,1
rallied,1,2,3
rallies,3,0,3
rallija,0,1,1
rallisport,0,1,1
rally,106,64,170
rallye,0,2,2
rallying,3,1,4
rallys,3,1,4
rallyshow,1,0,1
ralny,0,1,1
ralph,24,46,70
ralphclaxton,0,1,1
ralphie,5,0,5
ralphin,1,0,1
ralphing,2,0,2
ralphonelottery,0,1,1
ralphphonelottery,0,1,1
ralphs,10,5,15
ralphviktor,0,1,1
ralphy,2,1,3
ralts,1,0,1
raly,0,1,1
ram,160,107,267
rama,4,7,11
ramada,0,5,5
ramadan,2,2,4
ramadhan,2,1,3
ramagping,0,1,1
ramah,0,1,1
ramai,0,1,1
ramalam,0,1,1
ramalama,0,1,1
ramalho,1,0,1
raman,0,2,2
ramani,1,0,1
ramapge,1,0,1
ramat,1,1,2
ramay,1,0,1
ramayan,1,0,1
ramazotti,1,0,1
rambaldi,0,1,1
ramberling,1,0,1
rambis,0,1,1
rambla,1,0,1
ramblas,0,1,1
ramble,8,13,21
rambled,4,0,4
rambleforce,0,1,1
rambler,0,2,2
ramblers,0,1,1
rambles,0,3,3
rambling,9,17,26
ramblingjax,1,0,1
ramblings,0,18,18
rambly,2,4,6
rambo,9,8,17
ramboia,1,0,1
rambos,0,1,1
rambow,0,4,4
ramboxcorrie,0,1,1
rambunctious,1,4,5
rambunctiousness,0,1,1
rambunxious,0,1,1
rambut,3,6,9
rambutan,0,1,1
rambutnya,0,1,1
rambuuuut,0,1,1
ramdas,1,0,1
ramdev,1,0,1
ramdildo,0,1,1
ramdisk,1,0,1
ramdom,0,2,2
ramdomthoughts,0,2,2
rame,2,6,8
rameen,0,1,1
ramei,1,0,1
ramen,85,81,166
ramennn,0,1,1
ramens,0,1,1
ramey,0,1,1
rami,3,6,9
ramiel,0,1,1
ramiele,2,8,10
ramiers,0,1,1
ramifications,0,1,1
ramimellee,0,1,1
ramin,1,1,2
ramindra,1,0,1
ramirez,2,6,8
ramiro,1,0,1
ramis,2,0,2
ramjam,0,1,1
ramjathan,0,1,1
ramla,0,1,1
ramli,0,1,1
ramly,1,0,1
rammed,17,4,21
rammer,0,1,1
rammers,0,1,1
ramming,1,2,3
rammm,0,1,1
rammmm,1,1,2
rammos,0,1,1
rammstein,9,9,18
rammsteinsong,1,0,1
rammy,3,0,3
ramo,0,1,1
ramola,0,1,1
ramon,8,15,23
ramona,7,11,18
ramonaa,0,1,1
ramone,1,2,3
ramones,1,16,17
ramonn,1,0,1
ramons,1,2,3
ramorra,1,0,1
ramos,2,5,7
ramosgood,0,1,1
ramosp,0,1,1
ramotswe,0,1,1
ramp,17,11,28
rampage,14,13,27
rampagecrew,0,1,1
rampages,0,1,1
rampaging,0,4,4
rampant,10,6,16
rampantheart,1,0,1
rampart,1,0,1
rampchamp,1,1,2
ramped,0,2,2
rampers,0,1,1
rampin,1,0,1
ramping,3,3,6
rampling,0,1,1
ramps,4,5,9
ramrod,0,1,1
rams,7,2,9
ramsack,0,3,3
ramsay,11,21,32
ramsays,0,1,1
ramsbottom,1,1,2
ramsdens,0,1,1
ramses,0,2,2
ramsey,6,13,19
ramseys,0,1,1
ramsgate,0,2,2
ramshackle,1,0,1
ramshackleness,0,1,1
ramshaw,0,1,1
ramsie,1,0,1
ramsons,0,1,1
ramstein,1,1,2
ramsy,1,0,1
ramu,0,1,1
ramune,0,3,3
ramy,1,0,1
ramya,0,1,1
ramyun,3,4,7
ramz,2,2,4
ramzy,1,0,1
ran,1257,474,1731
rana,2,4,6
ranaaa,0,1,1
ranadi,0,1,1
ranae,0,1,1
ranafout,0,1,1
ranana,0,1,1
ranat,1,0,1
rance,1,0,1
ranch,65,87,152
rancher,2,6,8
ranchera,1,0,1
rancheras,0,1,1
rancheria,1,0,1
ranchero,1,2,3
rancheros,1,1,2
ranchers,3,3,6
ranches,1,0,1
ranchi,2,2,4
ranching,0,1,1
ranchito,1,1,2
rancho,8,12,20
ranchocommunity,0,1,1
ranchooo,1,0,1
ranchos,1,0,1
rancia,1,0,1
rancic,1,1,2
rancid,18,14,32
rancids,0,1,1
rancor,2,1,3
rand,6,12,18
randa,0,2,2
randal,2,2,4
randalio,1,0,1
randall,8,15,23
randalls,3,3,6
randallw,0,1,1
randalyn,0,1,1
randang,0,1,1
randaroo,1,1,2
randazz,0,1,1
randee,3,2,5
randell,2,0,2
randers,0,2,2
randhir,0,1,1
randi,5,11,16
randid,1,0,1
randie,0,2,2
randiferrrrrrr,0,1,1
randing,0,1,1
randle,1,1,2
randleman,1,0,1
randm,2,1,3
rando,1,3,4
randolm,1,0,1
randolph,4,3,7
randolphs,1,0,1
random,710,1197,1907
randomally,1,0,1
randomc,0,1,1
randomcdfrom,0,1,1
randomchatter,1,0,1
randomdude,0,1,1
randome,1,0,1
randomely,0,1,1
randomenly,0,1,1
randomer,0,5,5
randomers,1,2,3
randomest,2,4,6
randomfact,3,3,6
randomfacts,3,0,3
randomfoodcrave,1,0,1
randomicly,0,1,1
randomingly,1,0,1
randomise,0,1,1
randomised,0,1,1
randomiser,1,0,1
randomish,0,1,1
randomization,0,1,1
randomized,0,1,1
randomizer,1,2,3
randomlb,1,0,1
randomly,201,140,341
randomm,0,1,1
randommess,0,1,1
randommm,0,1,1
randomn,1,2,3
randomners,1,0,1
randomness,14,49,63
randomnessandpoetry,0,1,1
randomnesss,0,1,1
randompubwednesday,0,1,1
randomquestions,0,1,1
randomretweet,0,2,2
randoms,11,22,33
randomsentence,0,1,1
randomtext,2,2,4
randomthought,1,0,1
randomthoughts,0,1,1
randomtimes,0,1,1
randomusicgirl,0,1,1
randomx,0,1,1
randomy,0,1,1
randon,0,4,4
randoooooom,0,1,1
randos,0,1,1
randr,0,1,1
rands,0,2,2
randsom,0,1,1
randstadrail,1,0,1
randul,0,1,1
randum,1,0,1
randumly,0,1,1
randuri,1,0,1
randwick,3,1,4
randy,57,52,109
randys,1,3,4
randyyy,0,1,1
rane,2,2,4
raned,1,0,1
ranelagh,0,1,1
raney,1,0,1
rang,100,42,142
ranga,3,5,8
rangaaaaaa,0,1,1
ranganathan,0,1,1
ranganess,1,0,1
rangani,0,1,1
rangas,1,0,1
range,147,158,305
ranged,2,0,2
rangee,0,1,1
rangefinder,0,1,1
rangehood,1,0,1
ranger,35,31,66
rangers,53,112,165
rangerssssssssssss,0,1,1
rangerswon,1,0,1
ranges,3,4,7
rangga,0,1,1
ranggi,1,0,1
rangi,0,2,2
rangie,0,1,1
ranging,2,3,5
rangking,1,0,1
rangoon,0,2,2
rangs,1,0,1
rangsit,1,0,1
rani,3,4,7
rania,2,2,4
ranii,0,1,1
ranil,0,1,1
raning,15,2,17
ranining,1,1,2
ranita,0,1,1
ranivus,0,1,1
raniy,1,0,1
ranjan,1,0,1
ranjini,0,2,2
rank,45,53,98
ranka,1,0,1
rankabove,0,1,1
ranke,0,1,1
ranked,21,20,41
rankedhard,0,1,1
rankedv,0,1,1
ranker,1,0,1
rankin,3,1,4
ranking,23,27,50
rankings,6,13,19
rankles,0,1,1
ranks,11,20,31
ranma,3,0,3
rann,0,2,2
rannddoomm,1,0,1
ranngggggg,0,1,1
rannie,0,3,3
rannon,0,1,1
rannt,0,1,1
ranny,1,0,1
ranother,1,0,1
ranou,0,1,1
ranque,1,0,1
ranru,0,1,1
ranrunsit,0,1,1
rans,1,0,1
ransac,2,0,2
ransacked,3,1,4
ransom,9,10,19
ransone,0,1,1
rant,63,132,195
ranted,3,2,5
ranthampore,0,1,1
ranting,26,26,52
rantings,0,2,2
rantoul,1,0,1
rants,10,28,38
rantsandraves,0,1,1
ranty,0,1,1
ranuth,0,1,1
ranza,1,0,1
ranzel,0,1,1
rao,0,4,4
raoa,0,1,1
raocow,1,0,1
raok,0,3,3
raonnnn,1,0,1
raos,0,1,1
raoul,1,2,3
raouls,0,1,1
rap,106,154,260
rapage,2,0,2
rapariga,0,1,1
rapat,1,0,1
rape,75,48,123
raped,68,22,90
rapelay,2,0,2
rapelle,1,0,1
raper,0,1,1
rapes,4,3,7
rapestove,0,1,1
rapeville,1,0,1
rapey,0,1,1
rapget,1,0,1
rapgod,0,1,1
raph,5,4,9
rapha,1,2,3
raphael,7,11,18
raphaela,0,1,1
raphaelite,0,1,1
rapheal,0,1,1
rapht,0,1,1
rapi,0,1,1
rapid,13,15,28
rapide,1,1,2
rapidez,0,1,1
rapidly,41,11,52
rapido,2,1,3
rapids,20,23,43
rapidshare,15,6,21
rapidweaver,2,0,2
rapieist,1,0,1
rapier,0,2,2
rapies,0,2,2
rapifferent,1,0,1
rapih,0,2,2
raping,17,9,26
rapish,1,0,1
rapist,5,2,7
rapists,1,0,1
raponi,1,0,1
raport,1,1,2
raportul,0,1,1
rapos,0,1,1
rapot,1,1,2
rapp,5,5,10
rapped,5,3,8
rappelled,1,0,1
rappelling,1,0,1
rappelz,2,1,3
rapper,22,46,68
rapperrr,0,1,1
rappers,11,15,26
rapperswil,0,1,1
rappin,4,4,8
rapping,20,22,42
rappn,1,0,1
rapport,2,1,3
rapppp,0,1,1
rappt,0,1,1
rappy,1,0,1
rapradar,1,0,1
raps,6,13,19
rapscallion,1,1,2
rapsody,0,1,1
rapstar,0,1,1
rapt,0,1,1
raptitude,0,1,1
raptobike,1,0,1
raptor,5,5,10
raptors,5,5,10
raptr,2,1,3
rapture,3,6,9
rapturefest,1,0,1
raptures,0,1,1
rapunzel,1,3,4
rapz,0,1,1
raq,1,0,1
raqs,1,2,3
raqu,0,1,1
raquel,8,14,22
raquels,1,0,1
raquetball,0,1,1
raquets,0,1,1
rar,11,14,25
rara,2,7,9
rarakeynes,0,1,1
rararar,1,0,1
rarararrrarararr,1,0,1
rare,124,174,298
rarebreeds,2,0,2
rarecatbreeds,0,1,1
rared,1,0,1
rarefied,0,1,1
rarely,146,114,260
rarer,0,2,2
rares,1,1,2
rarest,0,1,1
rarfankit,0,1,1
rargh,5,1,6
rargiddyblah,1,0,1
rarh,0,1,1
rarharhar,0,1,1
rariety,0,1,1
rarified,1,0,1
rarin,0,2,2
raring,5,12,17
rarities,0,1,1
rarity,6,6,12
rarley,3,0,3
raro,0,2,2
rarotonga,1,0,1
rarr,1,2,3
rarranged,0,1,1
rarrely,0,1,1
rarrr,1,2,3
rarrrr,2,1,3
rarrrrr,0,1,1
rarrrrrrrgrrrr,1,0,1
rarrrrrrrr,1,0,1
rarrrrrrrrr,0,1,1
rarse,1,0,1
rarther,2,1,3
rarugal,0,1,1
ras,4,2,6
rasa,7,3,10
rasain,1,0,1
rasanya,3,1,4
rasayana,0,1,1
rasberries,0,3,3
rasberry,5,10,15
rascal,21,65,86
rascall,2,0,2
rascally,0,2,2
rascals,5,16,21
raschilla,1,0,1
rascism,1,0,1
rascist,0,1,1
rasco,1,0,1
rase,0,4,4
rasera,1,0,1
rasetsu,0,1,1
rash,145,25,170
rasha,1,0,1
rashad,4,7,11
rashaka,0,1,1
rashard,8,5,13
rashed,1,0,1
rasheed,1,0,1
rasheeda,1,1,2
rasheem,1,0,1
rasheezy,0,1,1
rashel,1,0,1
rasher,2,0,2
rashers,3,0,3
rashes,22,5,27
rashguard,1,0,1
rashid,0,3,3
rashly,0,1,1
rashmi,2,1,3
rashuns,0,1,1
rashy,1,1,2
rasied,0,1,1
rasika,1,1,2
rasin,1,1,2
rasing,1,0,1
rasins,2,0,2
rasion,0,1,1
rasising,1,0,1
rasists,1,0,1
rasmus,2,6,8
rasmussen,0,2,2
rasna,0,1,1
rason,0,1,1
rasp,6,1,7
raspa,2,2,4
raspado,1,1,2
raspas,1,0,1
raspb,0,1,1
raspberried,0,1,1
raspberries,16,24,40
raspberry,39,87,126
raspberrys,1,1,2
raspeig,0,1,1
rasperry,0,2,2
rasphberrycake,0,1,1
rasping,1,0,1
raspucia,0,1,1
raspuns,1,0,1
raspusha,0,1,1
rasputia,1,0,1
rasputin,0,3,3
rasputina,0,1,1
raspy,9,2,11
raspyyyyyyy,0,1,1
rasslin,1,0,1
rassure,0,1,1
rast,0,1,1
rasta,3,7,10
rastafari,1,0,1
rastafarian,1,0,1
rasteand,1,0,1
raster,2,2,4
rasterization,1,0,1
rasti,0,1,1
rastrick,0,1,1
rasturant,1,0,1
rat,132,80,212
rataouille,0,1,1
ratard,1,0,1
ratarsed,1,0,1
ratat,2,0,2
ratatat,0,4,4
ratatatatatatatatat,0,1,1
ratatouille,3,7,10
ratatouli,1,0,1
ratbag,3,2,5
ratched,1,0,1
ratcheeeeet,0,1,1
ratchet,6,13,19
ratchets,0,1,1
ratcliffe,0,2,2
rate,281,227,508
rated,53,81,134
ratedd,0,1,1
rateee,1,0,1
ratehr,1,0,1
rateing,0,1,1
ratemy,0,1,1
ratemydrawings,1,0,1
ratemyplace,0,1,1
rater,1,0,1
rates,43,52,95
ratha,1,1,2
rathbone,5,12,17
rathbones,0,1,1
rathbun,1,1,2
rathenal,0,1,1
rather,1529,1233,2762
rathered,1,0,1
ratherr,2,1,3
rathi,1,0,1
rathmines,1,0,1
rathmullan,1,0,1
rathnayake,0,1,1
rathole,0,2,2
ratholeradio,0,2,2
raths,0,1,1
rating,23,39,62
ratings,21,29,50
ratio,40,29,69
ration,3,4,7
rational,6,14,20
rationale,3,6,9
rationalisation,0,1,1
rationalise,1,1,2
rationality,1,0,1
rationalization,1,2,3
rationalize,1,0,1
rationally,1,2,3
rationed,2,0,2
rationing,4,3,7
rations,3,1,4
ratios,6,1,7
ratisbon,0,2,2
ratito,1,0,1
ratko,0,1,1
ratkong,1,0,1
ratley,1,0,1
ratliff,1,0,1
ratling,1,0,1
ratlovers,0,1,1
ratm,1,2,3
ratna,2,2,4
rato,1,1,2
raton,3,2,5
ratoncito,1,0,1
ratpack,0,1,1
ratpoison,1,0,1
ratra,1,0,1
ratrace,1,0,1
ratri,0,1,1
rats,90,50,140
ratsies,1,4,5
ratskeller,0,1,1
ratt,2,1,3
rattalaagrisse,0,1,1
rattay,1,0,1
ratted,1,4,5
rattie,7,2,9
rattielovers,1,0,1
ratties,6,1,7
ratting,0,1,1
rattle,6,10,16
rattled,3,3,6
rattler,0,1,1
rattles,1,1,2
rattlesnake,7,7,14
rattlesnakes,1,1,2
rattling,10,3,13
rattly,1,0,1
ratttt,1,0,1
ratty,7,7,14
ratu,0,2,2
ratz,1,0,1
rau,6,2,8
raub,0,1,1
rauch,0,2,2
raucous,2,1,3
raucously,0,1,1
raudel,0,1,1
raudha,1,0,1
raue,1,0,1
raul,11,9,20
raulito,1,1,2
raullll,0,2,2
rault,0,1,1
raunaq,0,1,1
raunchy,5,4,9
raus,2,3,5
rauschenberg,1,0,1
raushnion,0,1,1
rautaruukki,0,1,1
rauuuul,1,0,1
rav,8,5,13
rava,0,1,1
ravage,1,1,2
ravaged,3,2,5
ravages,1,0,1
ravaging,2,0,2
ravans,0,1,1
ravc,0,1,1
rave,43,76,119
raved,2,3,5
raveee,0,1,1
raveeee,0,1,1
raveeeeeee,0,1,1
raveeeeeeeeeeeeeeee,0,1,1
raveeen,0,1,1
raveen,1,0,1
raveenn,1,0,1
ravein,0,1,1
raveka,1,0,1
ravel,1,1,2
raveler,0,1,1
ravellers,0,1,1
ravello,0,1,1
ravelry,7,16,23
ravels,1,0,1
raven,20,27,47
ravena,2,0,2
ravenatic,1,0,1
ravenclaw,4,3,7
ravenclaws,2,0,2
ravencrest,1,0,1
ravenedge,1,1,2
ravenglass,0,1,1
ravenhearst,2,0,2
ravenna,1,2,3
ravenosa,0,1,1
ravenous,3,6,9
ravenously,2,0,2
ravens,3,4,7
ravensbourne,1,0,1
raver,1,5,6
raverly,1,0,1
ravers,0,3,3
raverside,0,1,1
raves,3,10,13
ravey,1,1,2
ravi,4,3,7
ravin,3,7,10
ravinder,1,0,1
ravindra,2,0,2
ravine,3,2,5
raving,19,40,59
ravings,0,1,1
ravioli,15,23,38
raviolis,2,2,4
raviolli,0,3,3
raviolo,0,1,1
ravished,0,5,5
ravishh,1,0,1
ravishing,2,2,4
ravit,0,1,1
raviv,0,1,1
ravo,0,1,1
ravoli,0,1,1
ravrrrrrr,1,0,1
ravs,1,0,1
ravus,0,1,1
ravuth,0,1,1
ravwan,1,0,1
ravyn,0,1,1
raw,211,179,390
rawa,1,0,1
rawan,1,1,2
rawbreed,1,0,1
rawck,0,1,1
raweng,1,0,1
rawepicurean,0,1,1
rawesome,0,1,1
rawest,0,1,1
rawhide,2,1,3
rawinterviews,0,1,1
rawk,8,21,29
rawked,0,2,2
rawkin,0,1,1
rawkk,0,1,1
rawkkk,0,1,1
rawknroll,0,2,2
rawko,1,0,1
rawks,2,16,18
rawksome,0,1,1
rawkssss,0,1,1
rawkstar,0,1,1
rawkstarrr,1,0,1
rawkstars,0,1,1
rawkus,0,1,1
rawlings,0,1,1
rawlins,0,1,1
rawls,0,1,1
rawn,0,1,1
rawnesss,0,1,1
rawon,0,2,2
rawr,130,89,219
rawralliesaurx,0,2,2
rawree,1,0,1
rawrgaby,0,1,1
rawrgh,1,0,1
rawrgrawrrawrgrawr,0,1,1
rawrhhh,1,0,1
rawrr,7,9,16
rawrrgasmness,1,0,1
rawrrr,3,4,7
rawrrrr,3,3,6
rawrrrrr,3,1,4
rawrrrrrr,3,2,5
rawrrrrrrr,0,1,1
rawrs,0,1,1
rawry,0,1,1
rawrz,1,1,2
rawrzlucisaur,0,1,1
raws,1,0,1
rawunion,0,1,1
raww,0,1,1
rawwrr,1,0,1
rawwrritskayla,3,0,3
rawwrrr,2,1,3
rawwwr,0,1,1
rawwww,0,1,1
rawwwwa,0,1,1
rawwwwr,0,1,1
rawwwwwwa,0,1,1
rawwwwwwk,0,1,1
rawwwwwwwwwwr,0,1,1
rawwwwwwwwwwwwwwwwwwwwwwwwwwwwr,1,0,1
rawz,1,0,1
raxacoricofallipatorius,1,0,1
ray,237,329,566
raya,4,6,10
rayan,1,0,1
rayas,0,1,1
raybabe,0,1,1
rayban,6,1,7
rayband,1,0,1
raybands,1,0,1
raybans,7,13,20
raybees,1,0,1
raycel,0,1,1
raych,2,0,2
raychel,2,3,5
raychelle,1,0,1
raychul,0,1,1
raychulmoore,0,1,1
raychyl,1,0,1
raycy,0,1,1
rayder,2,0,2
raye,1,2,3
rayeana,1,0,1
rayearth,0,1,1
rayed,2,1,3
rayes,0,1,1
raygun,1,4,5
rayguns,0,1,1
rayhan,0,1,1
rayidge,0,1,1
raying,0,1,1
rayj,1,1,2
rayjohnzjust,1,0,1
raykas,0,1,1
raylee,0,1,1
rayleigh,2,1,3
raylene,2,1,3
rayman,0,2,2
raymer,2,1,3
raymond,14,28,42
raymondo,1,0,1
raymonds,1,0,1
raymund,1,0,1
raymundo,0,2,2
rayn,1,0,1
rayna,1,1,2
rayne,1,4,5
rayneclowd,0,1,1
rayner,0,1,1
rayners,0,1,1
raynham,1,0,1
raynin,1,0,1
rayo,1,2,3
rayon,1,0,1
rayos,2,1,3
rayrachel,1,0,1
rayray,4,2,6
rayrone,2,0,2
rays,96,130,226
rayss,0,1,1
raysss,0,1,1
rayssss,0,1,1
raysssss,0,1,1
rayt,0,1,1
raytheon,0,1,1
raytracer,0,1,1
rayunda,0,1,1
rayv,7,1,8
rayvn,0,1,1
rayy,0,2,2
rayyah,0,2,2
rayyan,2,1,3
rayybeeann,1,0,1
rayyes,0,1,1
rayyyyy,0,1,1
rayz,1,0,1
raz,3,1,4
raza,0,4,4
razaaan,0,1,1
razar,1,0,1
razb,1,0,1
razbiram,1,0,1
razdazical,0,1,1
raze,1,1,2
razeenjie,1,0,1
razel,0,1,1
razer,4,2,6
razhel,1,0,1
razi,0,1,1
razia,3,3,6
razias,1,0,1
razkalz,0,1,1
razman,0,2,2
razmataz,1,0,1
razna,0,1,1
razne,0,1,1
razoe,1,0,1
razon,0,2,2
razoos,0,1,1
razor,61,24,85
razorback,0,2,2
razorbacks,1,2,3
razorbalde,1,0,1
razorblade,2,2,4
razorblades,4,0,4
razorburn,1,0,1
razored,0,1,1
razorfish,0,1,1
razorgeist,1,0,1
razorlight,3,5,8
razorlightness,0,1,1
razorlights,0,1,1
razormane,1,0,1
razors,4,6,10
razorscale,3,1,4
razr,13,3,16
razuna,0,1,1
razy,2,2,4
razz,5,5,10
razza,1,0,1
razzamataz,0,1,1
razzamatazz,0,1,1
razzberry,0,1,1
razzed,1,1,2
razzi,0,1,1
razzing,0,1,1
razzle,2,2,4
razzleberry,0,1,1
razzles,0,1,1
razzmatazz,1,2,3
razzoos,1,1,2
razzumfrazzum,0,1,1
razzz,0,1,1
rb,47,219,266
rba,1,0,1
rbac,0,1,1
rbaf,0,1,1
rbalsojies,0,1,1
rbc,2,3,5
rbcchi,0,1,1
rbcm,1,0,1
rbcs,1,0,1
rbd,4,3,7
rbee,0,1,1
rbffl,1,0,1
rbgb,0,1,1
rbh,1,0,1
rbhs,0,1,1
rbi,5,1,6
rbio,0,1,1
rbis,1,2,3
rbj,0,1,1
rbk,0,1,1
rbl,2,0,2
rbleipzig,0,1,1
rblpn,0,2,2
rblpnbro,0,1,1
rblpnqte,0,1,1
rbls,1,0,1
rbm,1,0,1
rbma,0,1,1
rbol,0,2,2
rbpc,0,1,1
rbr,2,1,3
rbs,7,9,16
rbt,1,1,2
rbted,1,0,1
rbu,2,0,2
rburgring,1,2,3
rbus,1,0,1
rbv,0,1,1
rbwebkitgtk,0,1,1
rc,91,110,201
rca,4,0,4
rcapped,0,1,1
rcasm,0,1,1
rcb,7,9,16
rcbc,1,1,2
rcc,3,0,3
rccar,1,0,1
rcct,1,0,1
rcentu,1,0,1
rception,1,0,1
rch,1,0,1
rchenfreaq,0,1,1
rchmax,0,1,1
rchmnd,0,1,1
rchmond,1,0,1
rchtet,1,0,1
rci,1,0,1
rcia,0,1,1
rck,0,2,2
rcks,0,1,1
rckstr,2,0,2
rclass,0,1,1
rcmp,1,0,1
rcn,7,1,8
rcncongress,0,1,1
rcoles,1,2,3
rcp,1,1,2
rcption,1,0,1
rcrd,1,0,1
rcrg,0,1,1
rcrs,1,0,1
rcs,0,2,2
rcsd,0,1,1
rct,2,3,5
rcti,0,3,3
rcv,5,0,5
rcvd,3,0,3
rcve,1,0,1
rcw,1,2,3
rd,832,806,1638
rda,4,2,6
rdags,0,1,1
rdal,0,1,1
rdam,0,1,1
rdar,1,0,1
rdayt,1,0,1
rdb,0,2,2
rdbms,1,0,1
rdc,2,1,3
rdddd,1,0,1
rdddy,1,0,1
rde,2,2,4
rdece,0,1,1
rden,0,1,1
rdestad,0,1,1
rdf,3,2,5
rdfa,3,0,3
rdfer,0,1,1
rdfquery,1,0,1
rdg,0,9,9
rdgeneration,1,0,1
rdgsalsa,1,1,2
rdgtweetup,1,1,2
rdida,1,0,1
rdis,0,1,1
rdj,2,13,15
rdly,1,1,2
rdn,0,1,1
rdng,1,0,1
rdo,2,0,2
rdot,1,0,1
rdotty,0,1,1
rdp,2,7,9
rdplace,0,1,1
rdq,2,0,2
rdrs,0,1,1
rds,6,6,12
rdshift,1,0,1
rdst,0,1,1
rdt,0,1,1
rdu,6,1,7
rdv,1,0,1
rdw,0,1,1
rdwdrm,0,1,1
rdx,1,0,1
rdy,14,17,31
re,12906,22532,35438
rea,6,12,18
reaaaaaaaaaaaaaaaaaaaaaaaaaally,1,0,1
reaaaaaaaaaaaaaaaally,0,1,1
reaaaaaaaaaaaaally,0,1,1
reaaaaaaaaaaal,0,1,1
reaaaaaaaaaallly,1,0,1
reaaaaaaaaaally,2,1,3
reaaaaaaaaallly,1,0,1
reaaaaaaaally,2,0,2
reaaaaaaal,0,1,1
reaaaaaaalllly,1,0,1
reaaaaaaallly,0,1,1
reaaaaaaally,1,1,2
reaaaaaalllllly,0,1,1
reaaaaaallllyyyy,1,0,1
reaaaaaally,3,1,4
reaaaaad,2,0,2
reaaaaal,0,1,1
reaaaaallllllyyyyy,1,0,1
reaaaaallllyyyyyyy,1,0,1
reaaaaally,8,1,9
reaaaaaly,1,0,1
reaaaad,1,0,1
reaaaal,0,1,1
reaaaallllly,0,1,1
reaaaalllllyyyy,1,0,1
reaaaalllllyyyyy,1,0,1
reaaaalllly,0,1,1
reaaaallllyyyy,1,0,1
reaaaallly,3,2,5
reaaaalllyy,1,0,1
reaaaally,5,9,14
reaaaaly,1,3,4
reaaaalyy,0,1,1
reaaaalyyyy,1,0,1
reaaaat,0,1,1
reaaal,4,1,5
reaaalllly,2,0,2
reaaallly,5,3,8
reaaalllyyy,1,1,2
reaaalllyyyy,2,0,2
reaaally,19,8,27
reaaallyy,0,1,1
reaaals,2,0,2
reaaasonably,1,0,1
reaaatt,0,1,1
reaached,1,0,1
reaad,0,1,1
reaadddyyy,0,1,1
reaadii,1,0,1
reaadiii,1,0,1
reaading,0,1,1
reaady,0,2,2
reaal,3,2,5
reaali,1,0,1
reaaliiee,1,0,1
reaalll,0,1,1
reaalllllyyyyyyy,0,1,1
reaalllls,0,1,1
reaalllly,2,1,3
reaallllyyy,1,0,1
reaallllyyyyy,0,1,1
reaallly,5,4,9
reaalllyy,1,1,2
reaalllyyy,3,0,3
reaalllyyyyyyyy,1,0,1
reaally,13,8,21
reaallyy,3,1,4
reaallyyy,2,0,2
reaallyyyyyy,1,0,1
reaalt,1,0,1
reaaly,9,0,9
reaalyy,1,0,1
reabsorbed,1,0,1
reaccuring,1,0,1
reach,384,334,718
reachable,6,4,10
reachd,1,0,1
reached,205,190,395
reachedcamden,1,0,1
reacher,1,1,2
reaches,16,16,32
reachhhh,0,1,1
reachin,2,3,5
reaching,63,70,133
reachout,2,1,3
reachs,1,0,1
reackon,0,1,1
reacquainted,2,2,4
reacquainting,1,0,1
react,22,27,49
reacted,5,9,14
reactie,0,1,1
reacties,0,1,1
reactii,0,1,1
reactin,2,0,2
reactine,1,0,1
reacting,16,8,24
reaction,175,160,335
reactionaries,0,1,1
reactionary,1,1,2
reactiongrid,1,0,1
reactions,22,24,46
reactivate,12,3,15
reactivated,7,3,10
reactivates,1,0,1
reactivation,2,1,3
reactive,2,2,4
reactivity,0,1,1
reactor,4,4,8
reacts,2,5,7
read,3794,4733,8527
readability,0,2,2
readable,5,7,12
readathon,11,16,27
readay,0,1,1
readd,1,0,1
readdd,0,4,4
readddd,0,1,1
readdddddy,1,0,1
readddy,1,5,6
readddyd,1,0,1
readddyy,0,1,1
readded,1,0,1
readding,2,0,2
readdinngg,0,1,1
readdy,3,6,9
readdyy,0,1,1
readdyyyy,0,1,1
reade,2,0,2
readed,0,1,1
reader,151,149,300
readeremben,1,0,1
readers,33,65,98
readership,0,1,1
readfr,0,1,1
readhead,1,2,3
readheads,0,1,1
readi,4,1,5
readie,0,1,1
readies,0,2,2
readii,0,2,2
readiing,1,0,1
readily,5,2,7
readin,43,54,97
readind,1,2,3
readiness,4,0,4
readinf,0,1,1
reading,2006,3356,5362
readingg,4,2,6
readingggg,1,0,1
readinggggg,1,1,2
readingit,1,0,1
readings,36,29,65
readingthecityofbones,0,1,1
readinh,0,1,1
readinq,2,1,3
readinqqq,0,1,1
readiz,0,1,1
readjag,0,1,1
readjust,1,1,2
readjusted,1,0,1
readjusting,3,0,3
readjustment,1,1,2
readjustments,1,0,1
readkore,1,0,1
readly,0,1,1
readme,2,2,4
readmit,1,0,1
readn,0,3,3
readng,0,2,2
readog,0,1,1
readon,1,1,2
readonly,2,0,2
readout,0,1,1
reads,74,119,193
readt,0,1,1
readthebest,0,1,1
readwriteweb,1,2,3
ready,6122,7848,13970
readyboost,0,1,1
readybrekkers,0,2,2
readyfor,3,0,3
readying,4,5,9
readylistening,1,0,1
readymade,0,1,1
readynas,0,2,2
readyng,1,0,1
readynow,0,1,1
readys,1,0,1
readysetgo,1,0,1
readyt,0,1,1
readyto,0,2,2
readytoday,0,1,1
readyw,1,0,1
readyy,15,28,43
readyyy,3,7,10
readyyyy,1,2,3
readyyyyy,1,1,2
readyyyyyyyyy,0,1,1
readyz,0,1,1
readz,0,1,1
reaed,0,1,1
reaf,0,1,1
reaffalli,1,0,1
reaffirm,1,0,1
reaffirmed,0,1,1
reaffirming,1,0,1
reaffirms,0,2,2
reafunboy,1,0,1
reafy,1,0,1
reag,1,1,2
reagal,0,1,1
reagan,13,18,31
reaganz,1,0,1
reagents,1,0,1
reagge,0,1,1
reaggeton,0,2,2
reagret,0,2,2
reagular,1,0,1
reah,1,1,2
reahersals,0,1,1
reail,0,1,1
reain,2,0,2
reainfiqwnfipag,1,0,1
reair,1,0,1
reais,2,1,3
reaise,0,1,1
reak,2,0,2
reaked,0,1,1
reakfast,0,1,1
reaking,1,0,1
reakkly,0,1,1
reakly,1,0,1
reaks,2,0,2
real,3243,3589,6832
realadulttalk,0,1,1
realadventures,0,1,1
realamateurwebcams,0,1,1
realased,1,0,1
realate,1,0,1
realationship,0,1,1
realatives,1,0,1
realax,0,2,2
realaxing,0,4,4
realaxtion,0,1,1
realbasic,1,0,1
realbhousewives,1,0,1
reald,0,1,1
realdiva,0,1,1
realdoll,0,1,1
reale,0,1,1
realeased,2,3,5
realeasing,1,0,1
realee,1,0,1
realer,0,2,2
realese,0,1,1
realesed,2,1,3
realest,3,4,7
realfood,0,1,1
realgames,0,1,1
realhousewives,1,1,2
reali,25,8,33
realiable,1,1,2
realife,1,0,1
realign,0,1,1
realigned,1,0,1
realignment,1,0,1
realii,4,0,4
realio,0,1,1
realisation,16,7,23
realisations,2,0,2
realise,265,176,441
realised,535,245,780
realisedni,0,1,1
realises,10,7,17
realisied,0,1,1
realising,47,19,66
realisitically,0,1,1
realism,0,5,5
realisng,0,1,1
realist,3,6,9
realista,0,1,1
realistc,1,0,1
realistic,28,41,69
realistically,7,4,11
realisticly,1,0,1
realit,2,1,3
realities,5,4,9
reality,624,353,977
realitycheck,1,0,1
realityn,1,0,1
realitytv,2,0,2
realiza,0,1,1
realizados,0,1,1
realization,57,14,71
realizationn,0,1,1
realizations,5,0,5
realizd,1,1,2
realize,631,405,1036
realized,1425,615,2040
realizedd,0,1,1
realizes,39,25,64
realizin,2,0,2
realizing,160,70,230
realjasonearles,1,0,1
realjordin,1,0,1
realkanye,0,1,1
realkid,0,1,1
realkidpoker,1,0,1
reall,23,25,48
realle,1,0,1
realleh,1,0,1
realli,23,17,40
reallie,1,0,1
realliee,0,1,1
reallife,1,1,2
reallifequote,1,0,1
reallii,1,2,3
realling,1,0,1
reallised,1,0,1
realliy,1,0,1
reallizing,1,0,1
reallk,1,0,1
realll,4,4,8
reallll,6,3,9
realllll,2,2,4
realllllll,0,1,1
reallllllll,1,0,1
reallllllllll,1,0,1
realllllllllll,1,0,1
reallllllllllll,1,0,1
reallllllllllllllllll,0,1,1
reallllllllllllllllllllllllllly,1,0,1
realllllllllllllllllllllllllly,1,0,1
reallllllllllllllllllllllllly,1,0,1
realllllllllllllllllllly,1,0,1
reallllllllllllllllllly,0,1,1
realllllllllllllllly,2,0,2
reallllllllllllllly,0,1,1
reallllllllllly,1,0,1
realllllllllllyyyyyyyyyyyyyyy,1,0,1
realllllllllly,4,2,6
reallllllllly,3,0,3
realllllllllyyy,1,0,1
realllllllly,4,5,9
reallllllly,12,4,16
realllllllyyy,1,0,1
realllllllyyyy,1,1,2
realllllllyyyyy,1,0,1
realllllllyyyyyy,1,0,1
realllllly,30,15,45
reallllllyyyy,1,1,2
reallllllyyyyy,0,1,1
reallllls,0,1,1
reallllly,26,14,40
realllllyy,1,0,1
realllllyyy,6,1,7
realllllyyyy,2,0,2
realllllyyyyyy,2,0,2
realllluyyyy,1,0,1
realllly,39,19,58
reallllyy,2,1,3
reallllyyy,3,5,8
reallllyyyy,5,1,6
reallllyyyyy,2,0,2
reallllyyyyyyy,2,0,2
realllssssss,1,0,1
reallly,113,53,166
realllyy,3,6,9
realllyyy,14,3,17
realllyyyy,3,3,6
realllyyyyy,2,2,4
realllyyyyyy,1,1,2
realllzz,0,1,1
reallocating,1,0,1
realls,1,0,1
reallt,3,1,4
reallu,1,0,1
really,31496,18524,50020
reallycute,1,0,1
reallyenjoyed,1,1,2
reallygood,1,0,1
reallyhaha,1,0,1
reallyl,1,1,2
reallylike,1,0,1
reallyll,1,0,1
reallyn,0,2,2
reallyreally,5,0,5
reallyreallyreally,7,4,11
reallyreallyreallyreally,1,0,1
reallyreallyrealy,0,1,1
reallys,1,0,1
reallysad,1,0,1
reallysick,1,0,1
reallythinking,1,0,1
reallytired,2,0,2
reallyy,22,12,34
reallyyy,24,19,43
reallyyyy,12,6,18
reallyyyyy,5,1,6
reallyyyyyy,3,0,3
reallyyyyyyy,2,1,3
reallyyyyyyyy,0,1,1
reallyyyyyyyyy,1,0,1
reallyyyyyyyyyy,0,1,1
reallyyyyyyyyyyy,1,0,1
reallyyyyyyyyyyyy,1,0,1
reallyyyyyyyyyyyyyy,1,0,1
reallzzzz,1,0,1
realm,12,16,28
realmac,0,3,3
realmente,3,2,5
realmfox,1,0,1
realms,11,16,27
realmscape,0,1,1
realname,0,1,1
realness,0,3,3
realnetworks,0,2,2
realny,1,0,1
realozed,1,0,1
realpeachez,1,0,1
realplayer,2,2,4
realracing,1,0,1
realreadyready,1,0,1
reals,37,47,84
realschule,0,1,1
realsed,1,1,2
realsied,1,1,2
realsies,1,2,3
realsoftware,1,0,1
realss,1,0,1
realsss,3,0,3
realsuri,1,0,1
realtalk,0,4,4
realted,0,1,1
realtek,1,2,3
realtime,10,11,21
realtions,0,1,1
realtionship,0,2,2
realtionships,1,0,1
realtive,1,0,1
realtivly,1,0,1
realtiy,1,0,1
realtor,10,24,34
realtors,2,7,9
realtv,1,0,1
realtweeps,0,1,1
realty,2,5,7
realuzed,1,0,1
realvnc,1,0,1
realwizkhalifa,0,1,1
realwolverine,0,1,1
realwork,1,0,1
realworld,1,1,2
realx,0,4,4
realxing,2,7,9
realy,203,108,311
realyl,2,1,3
realyy,2,1,3
realyyy,0,1,1
realyz,1,0,1
realz,21,27,48
realzdemilovato,0,1,1
realzeez,1,0,1
realzied,1,1,2
realzies,2,0,2
realzigbn,1,0,1
realzing,0,1,1
realzo,1,0,1
realzz,1,1,2
realzzz,0,2,2
ream,4,3,7
reamaber,0,1,1
reamaining,1,0,1
reamed,1,0,1
reamer,0,1,1
reaming,1,1,2
reamonn,1,1,2
reams,2,2,4
reanimate,1,0,1
reanimated,0,1,1
reanimation,1,1,2
reanna,0,3,3
reannda,0,1,1
reante,0,1,1
reaon,1,1,2
reaons,1,0,1
reaosn,2,0,2
reap,3,10,13
reaparut,1,0,1
reaped,1,2,3
reaper,43,12,55
reapers,0,2,2
reaping,1,1,2
reapir,1,0,1
reappear,7,3,10
reappearance,1,1,2
reappeared,1,1,2
reappearing,2,3,5
reappears,1,1,2
reapply,2,1,3
reappraising,0,1,1
reaqlly,1,0,1
reaquainting,1,1,2
rear,94,34,128
rearange,1,0,1
rearanging,1,0,1
reardon,0,3,3
reardons,1,0,1
rearea,0,1,1
reared,1,3,4
rearended,4,0,4
rearing,5,3,8
rearmed,1,1,2
rearrange,17,17,34
rearranged,13,23,36
rearrangement,0,2,2
rearrangements,0,1,1
rearranging,16,16,32
rearry,0,1,1
rears,4,2,6
rearview,6,2,8
reary,1,1,2
reas,1,1,2
reasc,0,3,3
reasearch,1,1,2
reased,1,0,1
reaser,1,7,8
reaserch,0,1,1
reaserching,1,0,1
reasin,2,0,2
reasing,1,0,1
reaslised,1,0,1
reasn,1,0,1
reasomn,0,1,1
reason,2041,1444,3485
reasonable,54,70,124
reasonablee,0,1,1
reasonably,18,23,41
reasonale,1,0,1
reasoned,0,3,3
reasoning,13,14,27
reasonless,1,0,1
reasonn,0,1,1
reasons,236,301,537
reasonsforleavingthelastjob,1,0,1
reasonsihatewinter,1,0,1
reasontolovemj,0,1,1
reasonwhy,0,1,1
reasoons,0,1,1
reasors,0,1,1
reassassing,1,0,1
reassemble,1,0,1
reassembled,1,1,2
reassembling,2,0,2
reassess,0,1,1
reassigned,1,0,1
reassignment,1,0,1
reasson,1,1,2
reassurance,6,9,15
reassure,10,2,12
reassured,2,1,3
reassuring,12,14,26
reassuringly,0,1,1
reassurng,0,1,1
reast,0,1,1
reastraunt,0,1,1
reasun,1,0,1
reasurance,1,0,1
reat,1,4,5
reata,0,1,1
reatainer,1,0,1
reather,1,0,1
reatiners,0,1,1
reating,0,1,1
reationships,1,0,1
reativate,0,1,1
reatrd,0,1,1
reattach,2,0,2
reattaching,1,0,1
reaty,0,1,1
reauth,1,0,1
reaveling,1,0,1
reaver,0,1,1
reavis,1,0,1
reawake,1,0,1
reawakening,0,1,1
reax,1,1,2
reaxed,0,1,1
reay,2,1,3
reb,0,5,5
reba,7,12,19
rebadged,1,0,1
rebadgeing,0,1,1
rebaixando,1,0,1
rebal,1,0,1
rebanded,1,0,1
rebaptism,0,1,1
rebar,0,3,3
rebarcamp,0,1,1
rebas,1,0,1
rebate,11,3,14
rebates,2,2,4
rebath,0,1,1
rebbabie,1,0,1
rebbeca,1,0,1
rebc,0,1,1
rebcbos,1,0,1
rebcchi,2,4,6
rebcclt,0,1,1
rebcden,0,1,1
rebcdenver,0,1,1
rebclbg,1,0,1
rebcoc,0,1,1
rebcphl,0,7,7
rebcsf,0,1,1
rebe,1,1,2
rebeat,0,1,1
rebeca,0,3,3
rebecca,47,67,114
rebeccabrown,0,1,1
rebeccachadwell,0,1,1
rebeccaeward,1,0,1
rebeccas,1,1,2
rebeka,0,1,1
rebekah,10,9,19
rebekahglass,0,1,1
rebekahs,0,1,1
rebekka,1,0,1
rebel,35,75,110
rebelde,2,0,2
rebeldy,1,0,1
rebeling,2,0,2
rebelious,1,1,2
rebeliousss,0,1,1
rebelitest,0,1,1
rebell,1,0,1
rebelling,9,2,11
rebellion,9,8,17
rebellious,7,6,13
rebellioustwitwhoknowsacoolcatcook,0,1,1
rebels,5,6,11
rebelsim,0,1,1
rebelsimcard,1,0,1
rebelss,0,1,1
rebelution,2,2,4
rebena,1,0,1
rebert,1,0,1
rebewted,1,0,1
rebfest,0,1,1
rebick,1,0,1
rebies,1,0,1
rebill,0,1,1
rebirth,7,7,14
rebisaz,0,1,1
rebl,0,1,1
reblip,1,24,25
reblipin,0,1,1
reblipped,1,0,1
reblippin,0,5,5
reblipping,1,2,3
reblips,0,1,1
reblocked,1,0,1
reblog,8,9,17
reblogged,1,2,3
reblogging,3,5,8
reblonded,0,1,1
reblonding,0,1,1
rebon,0,1,1
rebond,2,0,2
rebonded,1,3,4
rebonding,1,1,2
rebook,3,0,3
rebooked,1,0,1
reboot,95,34,129
rebooted,22,8,30
rebooter,0,1,1
rebootiness,1,0,1
rebooting,19,8,27
reboots,5,2,7
rebore,1,0,1
reborn,5,9,14
rebought,1,2,3
rebound,5,4,9
rebounder,1,0,1
rebounding,2,0,2
rebounds,2,3,5
rebrake,1,0,1
rebrand,0,2,2
rebranded,0,5,5
rebranding,4,3,7
rebreada,1,0,1
rebreakable,1,0,1
rebreather,1,0,1
rebredo,1,0,1
rebro,0,1,1
rebroad,1,0,1
rebroadcast,4,2,6
rebroadcasting,1,0,1
rebroadcasts,1,0,1
rebroke,2,0,2
rebs,0,2,2
rebstar,0,2,2
rebucked,0,1,1
rebuffed,1,0,1
rebuffer,1,0,1
rebuffering,1,0,1
rebuffing,0,1,1
rebuild,41,11,52
rebuilders,1,0,1
rebuilding,28,18,46
rebuildingthe,1,0,1
rebuilds,0,1,1
rebuiled,1,0,1
rebuilt,5,2,7
rebuke,0,1,1
rebuked,1,0,1
rebull,0,1,1
rebunked,0,1,1
reburning,0,1,1
reburnt,1,0,1
rebus,1,4,5
rebut,0,2,2
rebuttal,0,1,1
rebutting,0,1,1
rebuy,3,0,3
rec,46,95,141
recaida,1,0,1
recaidas,1,0,1
recalculate,1,0,1
recalculated,1,0,1
recalibrating,1,0,1
recalibration,0,1,1
recall,58,72,130
recalled,21,2,23
recalling,3,7,10
recalls,4,2,6
recamelhehe,0,1,1
recant,1,1,2
recap,19,31,50
recape,0,1,1
recaping,1,1,2
recapital,0,1,1
recapitalised,1,0,1
recapped,0,1,1
recapping,3,5,8
recaps,3,7,10
recaptcha,0,1,1
recapture,1,2,3
recaptured,0,1,1
recased,0,1,1
recast,1,1,2
recasting,1,4,5
recc,1,2,3
recca,0,1,1
recce,2,0,2
recced,1,0,1
reccession,2,0,2
recco,1,7,8
reccomend,6,13,19
reccomendation,0,9,9
reccomendations,3,3,6
reccomended,3,5,8
reccomends,0,2,2
reccommend,3,6,9
reccommendation,1,0,1
reccommended,2,1,3
reccommending,0,1,1
reccon,1,0,1
reccord,0,1,1
reccos,0,2,2
reccs,1,0,1
reccurence,0,1,1
reccys,0,2,2
recd,1,1,2
rece,1,0,1
recebendo,1,0,1
recebii,0,1,1
recebo,0,1,1
recede,0,1,1
receded,0,1,1
receding,3,1,4
receed,0,1,1
receeded,1,0,1
receeding,3,0,3
receevin,1,0,1
receh,1,0,1
receibe,0,1,1
receiding,1,0,1
receieve,0,1,1
receieved,0,1,1
receipe,0,3,3
receipt,33,17,50
receipts,12,7,19
receipy,0,1,1
receivable,1,0,1
receivables,2,0,2
receive,201,200,401
received,304,427,731
receivee,0,1,1
receiveny,1,0,1
receiver,14,12,26
receivers,0,1,1
receivership,1,0,1
receives,2,4,6
receivi,1,0,1
receivin,1,0,1
receiving,84,66,150
recend,1,0,1
recent,182,186,368
recentlly,1,0,1
recently,464,352,816
recentlydeletedtweets,0,1,1
recents,0,1,1
recenty,1,1,2
recep,0,2,2
recepetion,0,1,1
recepie,2,0,2
recepies,0,2,2
recept,0,2,2
receptacle,1,0,1
receptiom,1,0,1
reception,188,133,321
receptionist,21,10,31
receptionists,1,2,3
receptions,3,4,7
receptive,2,1,3
receptors,1,0,1
receptu,0,1,1
recert,2,0,2
recertification,1,0,1
recertified,1,1,2
reces,0,1,1
recesion,0,1,1
recess,17,23,40
recessed,2,0,2
recesses,2,1,3
recession,154,93,247
recessional,0,1,1
recessionary,0,1,1
recessionista,2,2,4
recessionitis,1,0,1
recessions,0,2,2
recessioon,1,0,1
receving,1,2,3
recgnize,0,1,1
rech,1,0,1
rechaged,0,1,1
rechargable,0,1,1
recharge,29,27,56
rechargeable,1,3,4
recharged,4,11,15
rechargedd,1,0,1
recharger,4,1,5
recharges,1,1,2
recharging,2,10,12
recheck,6,1,7
rechecked,1,0,1
rechecking,1,0,1
reched,1,0,1
rechelle,0,1,1
recherche,1,0,1
rechnen,0,1,1
rechop,1,0,1
rechristened,0,1,1
recht,1,2,3
rechts,0,2,2
recibo,1,0,1
recien,0,2,2
reciept,2,1,3
reciet,1,0,1
recieve,27,30,57
recieved,58,35,93
recieveing,0,1,1
reciever,2,1,3
recieves,2,3,5
recieving,17,11,28
recife,6,13,19
recing,0,1,1
recipe,109,292,401
reciped,0,1,1
recipeeeee,1,0,1
recipes,38,119,157
recipie,2,3,5
recipient,9,7,16
recipients,5,5,10
recipies,2,7,9
recipocal,0,1,1
recipocated,0,1,1
reciprocal,0,5,5
reciprocate,4,12,16
reciprocated,2,9,11
reciprocating,0,3,3
reciprocation,0,3,3
reciprocity,0,3,3
recit,1,0,1
recitaaaal,0,1,1
recital,156,202,358
recitallll,1,0,1
recitals,12,9,21
recitalss,1,0,1
recitation,2,1,3
recite,8,8,16
recited,1,2,3
recites,0,1,1
recitial,0,1,1
reciting,4,5,9
recitle,1,0,1
recitles,1,1,2
recive,1,2,3
recived,2,2,4
reciving,0,1,1
reck,2,2,4
reckage,1,0,1
reckahnize,1,0,1
recked,2,0,2
reckin,0,1,1
recking,1,0,1
reckkkin,0,1,1
reckless,10,21,31
recklessly,2,0,2
recklessness,0,1,1
reckon,107,201,308
reckoned,0,2,2
reckoner,0,3,3
reckoning,4,3,7
reckonn,0,1,1
reckons,13,14,27
reclaim,6,5,11
reclaimed,3,8,11
reclaiming,0,1,1
reclaims,0,1,1
reclame,0,2,2
reclassification,0,1,1
recline,2,4,6
reclined,0,2,2
recliner,9,11,20
reclines,0,1,1
reclining,4,6,10
recluse,11,4,15
reclusion,0,2,2
reclusive,2,0,2
recluttering,1,0,1
reclyner,0,2,2
recnetly,1,0,1
reco,8,30,38
recode,2,1,3
recoded,1,1,2
recoding,2,5,7
recodnition,1,0,1
recoery,1,0,1
recoevered,1,0,1
recog,0,1,1
recoger,1,0,1
recoginise,1,0,1
recogintion,0,1,1
recogn,0,1,1
recognisable,1,3,4
recognise,23,31,54
recognised,12,15,27
recognises,2,2,4
recognising,3,0,3
recognision,0,1,1
recognition,17,36,53
recognitions,1,2,3
recogniz,1,0,1
recognizable,3,3,6
recognizance,0,1,1
recognize,78,118,196
recognized,28,46,74
recognizes,3,8,11
recognizin,1,0,1
recognizing,6,5,11
recogns,0,1,1
recoil,3,3,6
recollect,3,2,5
recollecta,0,1,1
recollecting,2,0,2
recollection,5,3,8
recollections,1,0,1
recolor,1,0,1
recoloring,1,1,2
recolour,1,0,1
recolouring,0,1,1
recom,3,3,6
recomand,0,1,1
recomandat,0,1,1
recombinations,1,0,1
recomed,0,1,1
recomeendo,0,1,1
recomend,4,20,24
recomendaci,0,1,1
recomendaciones,0,1,1
recomendando,0,1,1
recomendation,1,6,7
recomendations,1,9,10
recomended,1,8,9
recomending,0,1,1
recomendng,0,9,9
recomendo,1,7,8
recoment,0,1,1
recommandation,0,3,3
recommanded,0,1,1
recommed,0,3,3
recommedations,0,2,2
recommence,0,1,1
recommenced,1,0,1
recommences,1,0,1
recommend,145,514,659
recommendable,0,1,1
recommendatiion,0,1,1
recommendatins,0,1,1
recommendatio,0,1,1
recommendation,26,342,368
recommendations,48,198,246
recommendd,0,1,1
recommended,53,190,243
recommender,0,2,2
recommenders,1,0,1
recommending,12,73,85
recommendo,0,1,1
recommends,3,109,112
recommened,0,3,3
recommeneds,0,1,1
recomment,0,1,1
recommented,0,2,2
recommit,1,0,1
recommnedation,0,1,1
recommondation,0,2,2
recommondations,0,1,1
recomondation,0,1,1
recompensas,0,1,1
recompense,0,2,2
recompiled,1,0,1
recompiling,1,1,2
recon,15,18,33
reconcile,4,2,6
reconciled,3,2,5
reconciliation,1,0,1
reconciling,3,0,3
reconcilling,1,0,1
reconed,0,1,1
reconfig,1,0,1
reconfiguration,1,0,1
reconfigure,1,2,3
reconfigured,1,0,1
reconfiguring,3,1,4
reconfirm,0,2,2
reconginsed,0,1,1
recongize,1,0,1
reconised,0,1,1
reconizable,1,0,1
reconize,2,1,3
reconized,0,1,1
reconizing,0,1,1
reconneations,1,0,1
reconnect,9,18,27
reconnected,5,9,14
reconnecting,3,8,11
reconnective,0,1,1
reconnise,1,0,1
reconozcoo,1,0,1
recons,0,1,1
reconsider,21,8,29
reconsideration,1,0,1
reconsidering,3,0,3
reconsiders,1,0,1
reconsituted,0,1,1
reconstruct,1,0,1
reconstructed,3,3,6
reconstructible,0,1,1
reconstructing,2,2,4
reconstruction,5,1,6
reconstructive,1,0,1
recont,0,1,1
recontinue,1,0,1
recontra,0,1,1
reconvene,0,1,1
recooked,1,0,1
recoop,1,1,2
recooped,0,1,1
recooperate,1,2,3
recooperating,1,1,2
recooping,1,1,2
recoping,0,1,1
recopmmend,1,0,1
record,658,832,1490
recordable,1,0,1
recordar,1,1,2
recorddd,0,1,1
recordddddddd,1,0,1
recorde,0,1,1
recorded,164,180,344
recordedddddd,0,1,1
recordem,1,0,1
recorder,26,19,45
recorders,3,0,3
recordfolder,0,1,1
recordiing,1,0,1
recordin,6,2,8
recording,254,446,700
recordings,22,33,55
recordins,1,0,1
recordng,0,1,1
recordo,0,1,1
recordplayer,1,0,1
records,99,152,251
recordul,1,0,1
recordz,0,2,2
recored,5,0,5
recoreded,1,0,1
recorvered,1,0,1
recorvering,1,0,1
recory,0,1,1
recos,1,6,7
recount,6,11,17
recounting,1,1,2
recoup,3,14,17
recouperate,1,2,3
recouperating,3,0,3
recouping,3,3,6
recourse,5,0,5
recoursed,0,1,1
recover,198,95,293
recoverable,3,0,3
recoverd,1,1,2
recovered,94,85,179
recoveries,0,1,1
recoverign,1,0,1
recoverimg,1,0,1
recoverin,4,2,6
recovering,240,203,443
recovers,18,6,24
recovery,182,136,318
recoving,1,0,1
recovring,1,0,1
recovrng,1,0,1
recpetion,1,0,1
recr,0,1,1
recrd,1,0,1
recreate,19,10,29
recreated,1,1,2
recreating,4,5,9
recreation,7,9,16
recreational,2,2,4
recredit,1,0,1
recreo,0,1,1
recrossing,0,1,1
recruit,13,30,43
recruited,5,10,15
recruiter,7,13,20
recruiters,6,6,12
recruites,0,1,1
recruitin,0,1,1
recruiting,10,18,28
recruitment,7,14,21
recruitrs,1,0,1
recruits,5,14,19
recrutarea,1,0,1
recs,9,38,47
recsion,1,0,1
rectal,0,2,2
rectangle,2,4,6
rectangles,0,1,1
rectangular,2,0,2
rectial,1,0,1
rectification,0,1,1
rectified,3,3,6
rectify,7,7,14
rectifying,2,0,2
rectless,0,1,1
rector,3,0,3
rectory,1,1,2
rects,1,0,1
rectum,1,0,1
rectumface,0,1,1
recuest,0,1,1
reculse,0,1,1
recumbant,0,1,1
recumbent,3,2,5
recumbents,0,1,1
recuped,0,1,1
recuperado,1,0,1
recuperate,6,8,14
recuperated,0,1,1
recuperating,6,5,11
recuperation,2,3,5
recuperei,0,1,1
recurrance,0,1,1
recurrences,1,0,1
recurrent,2,1,3
recurring,12,14,26
recursion,0,1,1
recursive,2,8,10
recursively,1,0,1
recuters,1,0,1
recuva,1,0,1
recv,0,1,1
recvery,1,0,1
recving,0,1,1
recycable,1,1,2
recyceling,0,1,1
recyclable,4,0,4
recyclables,4,0,4
recycld,0,1,1
recycle,29,21,50
recycleables,2,0,2
recycled,19,18,37
recycler,4,1,5
recyclery,1,0,1
recycles,1,1,2
recycling,31,27,58
recyle,2,0,2
reczp,1,0,1
red,1991,2072,4063
reda,0,2,2
redact,0,1,1
redacted,3,5,8
redan,0,1,1
redang,1,1,2
redants,1,0,1
redating,1,0,1
redation,1,0,1
redaxscript,0,1,1
reday,1,1,2
redays,1,0,1
redbelt,1,0,1
redberries,1,1,2
redbone,0,3,3
redbonealexin,1,0,1
redbones,0,1,1
redbonezz,0,1,1
redbook,1,2,3
redbox,23,22,45
redboxing,0,1,1
redbreast,0,1,1
redbrick,1,0,1
redbrown,0,1,1
redbubble,2,5,7
redbuff,1,0,1
redbull,72,72,144
redbulls,5,7,12
redbullz,1,0,1
redbush,0,1,1
redbutton,1,0,1
redcaps,1,0,1
redcar,2,4,6
redcarpet,2,0,2
redcarpetglamours,0,2,2
redcliffe,2,3,5
redcoat,0,1,1
redcurrant,1,0,1
redd,2,5,7
reddd,1,1,2
redddd,1,0,1
reddddddd,1,0,1
reddem,1,0,1
redden,1,0,1
redder,10,1,11
reddest,0,1,1
reddi,0,1,1
reddick,1,1,2
redding,5,13,18
reddish,5,5,10
reddit,29,9,38
redditch,1,2,3
reddness,1,0,1
reddog,1,0,1
reddoor,0,1,1
reddot,1,1,2
reddusk,1,0,1
reddy,2,3,5
reddypurple,0,1,1
reddz,0,1,1
rede,1,0,1
redeam,1,0,1
redecorate,2,2,4
redecorated,2,3,5
redecorating,4,13,17
redecoration,1,1,2
redecorators,1,0,1
rededicate,1,0,1
rededicated,1,0,1
redeeemed,0,1,1
redeem,24,6,30
redeemable,1,0,1
redeemed,4,12,16
redeemer,2,1,3
redeeming,4,5,9
redeems,0,2,2
redefine,0,1,1
redefined,2,1,3
redefines,0,2,2
redefining,0,3,3
redefinition,0,1,1
redelivery,1,0,1
redemande,0,1,1
redemption,14,19,33
redemtion,1,1,2
reden,0,1,1
redention,0,1,1
redeorating,0,1,1
redeploy,0,1,1
redeployment,0,1,1
redeploys,1,0,1
reder,1,0,1
redesign,18,27,45
redesigned,5,5,10
redesigning,6,4,10
redesigns,0,2,2
redetv,0,1,1
redev,1,0,1
redevelop,1,0,1
redeye,10,9,19
redeyes,1,1,2
redface,0,4,4
redfaction,1,1,2
redfin,0,1,1
redflagdeals,1,0,1
redfm,0,1,1
redford,1,1,2
redgate,1,0,1
redgie,1,1,2
redglozery,1,0,1
redhairdontcare,1,0,1
redhat,3,5,8
redhawks,1,0,1
redhawt,1,0,1
redhead,13,28,41
redheaded,2,9,11
redheadgirl,0,1,1
redheads,6,7,13
redhill,1,1,2
redhorse,0,1,1
redhotchilipeppers,0,1,1
redhotmollie,0,1,1
redhouse,0,1,1
redi,4,3,7
redial,2,2,4
redic,13,3,16
redicc,1,0,1
redicilous,0,1,1
redick,6,2,8
redicously,0,1,1
redict,0,1,1
rediculious,2,1,3
rediculous,26,18,44
rediculously,10,3,13
rediculousss,1,0,1
redid,4,10,14
rediff,4,2,6
redik,0,1,1
reding,1,0,1
redio,1,0,1
redirect,16,12,28
redirected,6,3,9
redirecting,4,4,8
redirection,1,1,2
redirects,10,5,15
redis,1,1,2
rediscover,1,2,3
rediscovered,7,14,21
rediscovering,4,11,15
rediscoverings,1,0,1
rediscovery,0,1,1
redish,2,2,4
redisigned,1,0,1
redisigning,1,0,1
redislocate,1,0,1
redislocated,0,1,1
redistribute,0,1,1
redistribution,0,2,2
redit,0,1,1
reditect,1,0,1
rediuclous,0,1,1
redken,1,1,2
redl,1,0,1
redlands,10,7,17
redlegs,1,0,1
redlight,4,3,7
redline,10,3,13
redlinepleasedontmakemecutyou,1,0,1
redlocks,0,1,1
redman,5,6,11
redmango,2,0,2
redmayne,1,0,1
redmen,0,3,3
redmine,1,2,3
redmond,13,9,22
redmonetmizrahi,0,1,1
redmont,0,1,1
rednano,0,1,1
redneck,10,29,39
rednecks,5,4,9
rednecky,1,0,1
redner,0,1,1
redness,8,2,10
rednex,0,1,1
redo,82,27,109
redoin,1,0,1
redoing,24,16,40
redoinq,0,1,1
redoks,1,0,1
redonculus,0,1,1
redond,0,1,1
redondo,3,5,8
redone,17,10,27
redonk,1,3,4
redonkulous,0,1,1
redos,1,0,1
redoute,1,0,1
redowload,0,1,1
redownload,9,1,10
redownloaded,3,0,3
redownloading,4,1,5
redoxon,2,0,2
redoxreactions,1,0,1
redpants,2,1,3
redpath,1,0,1
redpity,0,1,1
redplanet,0,1,1
redpoint,0,2,2
redr,1,0,1
redraft,0,1,1
redrain,0,2,2
redrainnnnnnnnnnnnnnnnnnnnnnnnnnnnnnnnnnnnnnn,0,1,1
redraw,4,0,4
redrawing,1,0,1
redredheadhead,0,1,1
redressed,3,0,3
redrider,1,0,1
redro,0,1,1
redroaster,1,0,1
redrobin,1,0,1
redrock,1,3,4
reds,60,43,103
redsea,0,1,1
redshift,1,0,1
redshirt,0,1,1
redshirts,1,0,1
redshoeday,0,1,1
redskin,2,0,2
redskins,3,3,6
redsn,11,1,12
redsnow,3,0,3
redsox,29,24,53
redstar,1,2,3
redsteel,1,0,1
redstone,1,1,2
redstripe,1,0,1
redt,0,1,1
redtagcrazy,0,1,1
redtail,0,3,3
redtape,1,0,1
redtube,2,1,3
redub,0,1,1
redublls,0,1,1
reduce,43,51,94
reduced,63,33,96
reducedbrainvolumefromchemo,0,1,1
reducer,1,0,1
reduces,7,5,12
reducing,10,12,22
reduction,10,9,19
reductionist,0,1,1
reductions,1,0,1
reducuing,0,1,1
reduculous,1,0,1
reduculously,1,0,1
reduit,1,0,1
redundancies,9,0,9
redundancy,8,1,9
redundant,47,20,67
redundantly,1,1,2
redundent,2,0,2
redux,0,1,1
redvelvet,2,0,2
redvines,0,2,2
redwall,0,1,1
redwebbers,0,1,1
redwell,1,0,1
redwine,0,1,1
redwing,0,2,2
redwings,38,46,84
redwnload,1,0,1
redwongs,1,0,1
redwood,5,4,9
redwoods,2,0,2
redwwings,1,0,1
redy,8,8,16
redybrown,1,0,1
redye,1,0,1
redyed,0,1,1
redz,0,2,2
redzama,0,1,1
ree,11,15,26
reeaaaaaalllllllllyyy,1,0,1
reeaaaalllll,1,0,1
reeaaaallly,1,0,1
reeaaaally,0,1,1
reeaaalllly,0,1,1
reeaaallly,1,0,1
reeaaallyy,1,0,1
reeaaaly,1,0,1
reeaallllyy,0,1,1
reeaalllyy,1,0,1
reeaally,5,2,7
reead,0,1,1
reeady,1,1,2
reeal,1,1,2
reealized,1,0,1
reealllly,0,1,1
reeallly,1,0,1
reeally,8,5,13
reeb,0,1,1
reeba,0,1,1
reebok,2,3,5
reebokin,0,1,1
reeboks,0,1,1
reeboted,1,0,1
reebunny,1,0,1
reece,9,18,27
reeces,1,2,3
reed,22,26,48
reedbox,0,1,1
reedcourty,0,1,1
reedemable,0,1,1
reedemer,0,1,1
reeders,1,0,1
reediculous,0,1,1
reeding,0,2,2
reedlette,0,1,1
reeds,2,6,8
reedstar,0,2,2
reedville,0,1,1
reedy,3,2,5
reee,0,4,4
reeeaaaal,1,0,1
reeeaaaalllllyyyy,1,0,1
reeeaaaalllly,1,0,1
reeeaaaallly,1,0,1
reeeaaaally,1,0,1
reeeaaalllly,1,0,1
reeeaaallllyyy,1,0,1
reeeaaallly,1,1,2
reeeaaalllyyy,2,0,2
reeeaaally,4,1,5
reeeaal,1,0,1
reeeaalll,1,0,1
reeeaally,4,1,5
reeeaallyy,1,0,1
reeeal,7,3,10
reeeall,0,1,1
reeeallll,0,1,1
reeealllllly,1,0,1
reeeallly,3,0,3
reeeally,35,17,52
reeealy,2,1,3
reeed,0,1,1
reeee,0,3,3
reeeeaaaaaal,0,1,1
reeeeaaaaalllllly,1,0,1
reeeeaaaalllllly,1,0,1
reeeeaaal,0,1,1
reeeeaaallllyyyyyy,0,1,1
reeeeaaallly,1,0,1
reeeeaaalllyyy,1,0,1
reeeeaaally,1,0,1
reeeeaaaly,1,0,1
reeeeaalllyy,1,0,1
reeeeaally,1,0,1
reeeeaddeeeeeeeee,1,0,1
reeeeal,3,1,4
reeeealllllly,1,0,1
reeeeallly,0,1,1
reeeeally,13,8,21
reeeealy,3,1,4
reeeed,0,1,1
reeeedics,1,0,1
reeeeeaaaaaaally,0,1,1
reeeeeaaaaally,1,0,1
reeeeeaaaally,1,2,3
reeeeeaaady,0,1,1
reeeeeaaally,0,1,1
reeeeeading,0,1,1
reeeeeady,0,2,2
reeeeeal,3,0,3
reeeeeali,1,0,1
reeeeeallly,0,1,1
reeeeeally,15,8,23
reeeeealy,2,0,2
reeeeee,0,1,1
reeeeeeaaaaaaaallllllyyyyyyy,1,0,1
reeeeeeaaaaaally,1,0,1
reeeeeeaaaaally,1,0,1
reeeeeeaaaalllly,0,1,1
reeeeeeal,0,1,1
reeeeeeally,5,1,6
reeeeeeeaaally,1,0,1
reeeeeeeaally,1,0,1
reeeeeeeally,6,1,7
reeeeeeeeaaaal,1,0,1
reeeeeeeeaaally,1,0,1
reeeeeeeeal,0,1,1
reeeeeeeeally,0,1,1
reeeeeeeeeallly,1,0,1
reeeeeeeeeally,3,0,3
reeeeeeeeeeally,1,0,1
reeeeeeeeeealy,1,0,1
reeeeeeeeeeeally,1,1,2
reeeeeeeeeeeeal,0,1,1
reeeeeeeeeeeeeaaaaaallllllyyyy,1,0,1
reeeeeeeeeeeeeally,1,0,1
reeeeeeeeeeeeeeally,0,1,1
reeeeeeeeeeeeeeeeally,1,0,1
reeeeeeeeeeeeeeeeeeeeeally,0,1,1
reeeeeeeeeeeeeeeeeeeeeeeeeeeeeally,1,0,1
reeeeeeeeeeeeeeelax,0,1,1
reeeeeeeeeeeelllllleeeeee,1,0,1
reeeeeeeeeeeescue,0,1,1
reeeeeeeeeeeespon,0,1,1
reeeeeeeeeeetarded,0,1,1
reeeeeeeeely,1,0,1
reeeeeeeely,1,0,1
reeeeeeelly,0,1,1
reeeeeel,1,0,1
reeeeeelax,0,1,1
reeeeeelaxin,0,1,1
reeeeeezing,1,0,1
reeeeelaxxx,0,1,1
reeeeeli,1,0,1
reeeeest,0,1,1
reeeeh,0,1,1
reeeejuvinated,0,1,1
reeeelax,1,0,1
reeeeleasee,1,0,1
reeeely,2,0,2
reeeevise,0,1,1
reeef,0,1,1
reeeimi,0,1,1
reeek,0,1,1
reeellllaaxxxx,0,1,1
reeelly,0,1,1
reeem,1,0,1
reeerun,0,1,1
reeesee,1,0,1
reef,11,10,21
reefer,2,4,6
reefried,0,1,1
reefs,4,4,8
reegan,1,0,1
reege,1,0,1
reegie,0,1,1
reek,9,7,16
reeked,3,1,4
reeking,8,0,8
reeks,8,5,13
reel,13,28,41
reelax,0,1,1
reele,1,0,1
reelease,0,1,1
reelection,1,0,1
reeled,2,1,3
reeli,3,0,3
reelii,1,0,1
reeling,17,11,28
reelling,0,1,1
reeload,0,1,1
reels,2,2,4
reely,5,2,7
reem,1,1,2
reema,2,0,2
reeme,0,1,1
reemer,6,6,12
reemerge,0,1,1
reemergence,0,1,1
reemermaxsnewhair,0,1,1
reemermyspacemondays,0,1,1
reemers,0,1,1
reemy,0,1,1
reen,1,1,2
reena,1,2,3
reenable,0,1,1
reenact,2,0,2
reenacted,0,1,1
reenactment,2,1,3
reenactments,0,1,1
reencarnar,0,1,1
reencode,1,0,1
reencoded,1,0,1
reendeers,1,0,1
reenergize,1,0,1
reenergized,0,1,1
reentered,1,0,1
reentering,1,0,1
reenvie,1,0,1
reep,0,1,1
reepacheep,0,1,1
reeper,0,1,1
reeree,0,1,1
reerence,0,1,1
reers,0,1,1
rees,1,3,4
reesa,0,1,1
reese,42,42,84
reesee,2,0,2
reesekitty,0,1,1
reeser,4,0,4
reeses,13,23,36
reesies,0,2,2
reeson,1,0,1
reespondee,0,1,1
reest,0,1,1
reestablish,1,0,1
reestablishing,0,1,1
reesty,1,0,1
reet,8,9,17
reethi,0,1,1
reevaluate,3,0,3
reevaluating,1,2,3
reevaluation,1,0,1
reeve,2,2,4
reeves,7,16,23
reevesv,1,0,1
reexamined,1,0,1
reeyasabellina,0,1,1
reezing,0,1,1
reezy,1,0,1
ref,42,38,80
refactor,4,4,8
refactored,1,1,2
refactoring,7,11,18
refactorpro,0,1,1
refactors,0,1,1
refaeli,0,2,2
refaire,0,1,1
refaktorering,1,0,1
refamiliarising,1,0,1
refaz,0,1,1
refclass,0,1,1
refec,1,0,1
refection,0,1,1
refectory,2,0,2
refeed,0,1,1
refeer,1,0,1
refelction,0,1,1
refelt,1,0,1
refer,18,82,100
referal,0,2,2
referance,0,1,1
referat,0,1,1
refere,0,1,1
referecne,0,1,1
refered,5,3,8
referee,5,8,13
refereeing,3,1,4
referees,1,1,2
reference,86,191,277
referenced,5,5,10
references,31,46,77
referencesso,1,0,1
referencing,11,14,25
referendum,3,6,9
referer,0,1,1
referin,1,0,1
refering,6,14,20
refernce,0,1,1
referndum,0,1,1
referral,17,27,44
referrals,4,15,19
referred,19,32,51
referree,0,1,1
referrence,1,0,1
referrer,1,3,4
referrers,0,1,1
referrign,0,1,1
referrin,0,2,2
referring,58,141,199
refers,8,17,25
refesh,0,1,1
reff,1,1,2
reffed,2,0,2
refferal,0,1,1
refferances,0,1,1
reffered,3,0,3
reffering,0,5,5
refffing,1,0,1
reffing,5,2,7
refflex,0,1,1
reffrain,1,0,1
reffy,0,1,1
refi,4,0,4
refife,0,1,1
refik,0,1,1
refill,15,13,28
refillable,1,1,2
refilled,5,2,7
refilling,3,1,4
refills,7,3,10
refilm,2,0,2
refinance,3,0,3
refinancing,2,1,3
refine,2,4,6
refined,4,8,12
refineries,1,0,1
refinery,2,2,4
refing,0,1,1
refining,0,5,5
refinish,1,0,1
refinisher,0,1,1
refinishing,0,3,3
refinnyj,5,4,9
refirb,0,1,1
refire,1,0,1
refit,1,1,2
refits,1,0,1
refitted,1,0,1
refix,0,1,1
refixing,1,0,1
refizzle,1,0,1
reflash,2,0,2
reflashing,1,0,1
reflect,23,37,60
reflecte,1,0,1
reflected,6,5,11
reflecting,12,23,35
reflection,33,45,78
reflectionof,0,1,1
reflections,2,16,18
reflectionsssssss,1,0,1
reflective,10,8,18
reflectively,0,1,1
reflectn,0,1,1
reflectoporn,0,1,1
reflector,1,2,3
reflectors,1,3,4
reflects,4,10,14
reflekt,0,1,1
refletindo,1,0,1
reflex,11,11,22
reflexes,6,1,7
reflexie,0,1,1
reflexive,0,1,1
reflexlogy,0,1,1
reflexology,2,6,8
reflux,29,4,33
refn,1,0,1
refocus,1,4,5
refocused,1,1,2
refocusing,0,1,1
refold,1,0,1
refolllow,1,0,1
refollow,9,6,15
refollowed,3,1,4
refollowing,1,3,4
refollowsaturdaycozigotitwrong,0,1,1
reforecasting,0,1,1
reforestation,0,2,2
reforging,0,1,1
reform,10,11,21
reforma,0,1,1
reformat,20,2,22
reformate,1,0,1
reformation,3,2,5
reformats,1,0,1
reformatted,13,1,14
reformatting,14,1,15
reformed,0,6,6
reformer,0,1,1
reformers,1,1,2
reformierakond,0,1,1
reforming,2,2,4
reformist,1,0,1
reformists,1,0,1
reforms,2,2,4
reformulation,0,1,1
refound,2,0,2
refr,1,0,1
refracted,0,1,1
refractions,0,2,2
refractive,0,1,1
refracts,0,1,1
refrain,18,18,36
refrained,3,4,7
refraining,1,3,4
refrains,1,2,3
reframe,1,1,2
refreash,1,0,1
refreashed,0,2,2
refreched,1,0,1
refree,1,0,1
refreezing,1,0,1
refrence,0,1,1
refrences,1,0,1
refresed,2,1,3
refresh,106,84,190
refreshbelfast,0,1,1
refreshed,40,142,182
refreshen,1,1,2
refreshennnn,0,1,1
refresher,2,7,9
refreshers,1,0,1
refreshes,8,7,15
refreshin,2,0,2
refreshing,82,220,302
refreshingly,1,5,6
refreshings,0,1,1
refreshment,2,8,10
refreshments,1,9,10
refreshphoenix,1,0,1
refrewh,0,1,1
refri,1,0,1
refridgerate,1,0,1
refridgerated,1,0,1
refridgerator,2,1,3
refried,2,1,3
refrig,0,1,1
refrigerant,1,0,1
refrigerate,1,1,2
refrigerated,5,2,7
refrigeration,1,1,2
refrigerator,25,17,42
refrigerators,1,2,3
refrigirator,1,0,1
refrozen,1,0,1
refrshed,1,0,1
refrubish,1,0,1
refs,13,12,25
refuel,6,3,9
refueling,2,0,2
refuge,9,11,20
refugee,6,2,8
refugees,3,2,5
refuges,1,1,2
refugio,0,1,1
refulx,1,0,1
refund,54,37,91
refundable,2,3,5
refunded,11,3,14
refunding,4,1,5
refunds,10,4,14
refur,1,0,1
refurb,10,4,14
refurbish,0,1,1
refurbished,5,11,16
refurbishing,1,0,1
refurbishment,1,0,1
refurbs,2,0,2
refuring,1,0,1
refurnish,1,0,1
refurnished,1,1,2
refusal,4,2,6
refusd,0,1,1
refuse,159,115,274
refused,81,26,107
refuses,141,24,165
refusing,64,19,83
refusn,1,0,1
refusus,1,0,1
refutara,0,1,1
refute,2,4,6
refuuuuse,1,0,1
reg,68,63,131
rega,1,0,1
regada,1,0,1
regador,0,1,1
regae,2,0,2
regaeton,1,0,1
regailed,1,0,1
regain,13,9,22
regained,4,2,6
regaining,1,1,2
regains,1,1,2
regal,12,16,28
regalame,0,1,1
regale,0,2,2
regaled,1,0,1
regalia,1,2,3
regaling,0,1,1
regalo,0,3,3
regaloo,0,1,1
regals,0,1,1
regan,3,8,11
reganrunner,0,1,1
regard,8,26,34
regardant,1,0,1
regarde,0,4,4
regarded,1,3,4
regardelss,1,0,1
regarder,0,3,3
regardes,0,1,1
regarding,72,101,173
regardles,0,1,1
regardless,72,135,207
regards,32,95,127
regardsss,0,1,1
regaring,0,1,1
regatta,7,2,9
regattas,0,1,1
regaurdless,1,0,1
regd,1,0,1
regean,1,0,1
regeants,1,0,1
regection,0,1,1
regelen,1,0,1
regen,2,2,4
regenbogen,1,0,1
regency,2,0,2
regened,0,1,1
regenerate,1,1,2
regenerating,0,1,1
regeneration,3,0,3
regenerative,0,1,1
regenerator,0,1,1
regenerized,0,1,1
regenesis,1,2,3
regens,0,3,3
regensburg,1,2,3
regent,32,11,43
regents,180,33,213
regentss,1,0,1
regentsss,1,0,1
regentssss,2,0,2
regentsssss,1,0,1
regentstreets,0,1,1
regenttts,0,1,1
regester,0,1,1
regestered,0,1,1
regestration,0,1,1
regeted,0,1,1
regex,7,12,19
regexes,0,1,1
regexp,0,1,1
reggae,21,42,63
reggaefest,1,0,1
reggaeotn,0,1,1
reggaeton,3,9,12
reggateon,1,0,1
regge,0,1,1
reggea,0,1,1
reggeaton,2,0,2
regggeaton,0,1,1
regggular,0,1,1
reggie,15,21,36
reggies,1,2,3
reggy,1,0,1
reghan,1,0,1
regi,3,0,3
regice,0,1,1
regie,0,1,1
regift,0,1,1
regime,26,17,43
regimen,10,8,18
regiment,3,4,7
regimented,0,1,1
regimes,1,0,1
regimin,0,1,1
regina,28,42,70
reginaa,0,1,1
reginald,1,1,2
reginaldo,0,1,1
reginas,1,1,2
regine,0,1,1
regines,0,1,1
reginia,1,0,1
regino,0,1,1
regins,1,0,1
region,72,32,104
regional,20,22,42
regionalised,2,0,2
regionals,13,14,27
regions,9,9,18
regios,1,0,1
regirock,0,1,1
regis,19,29,48
regisford,1,0,1
registaring,0,1,1
registeel,0,1,1
register,151,119,270
registeration,2,0,2
registerdin,1,0,1
registered,106,99,205
registering,29,19,48
registers,8,6,14
registerws,1,0,1
registeryour,0,1,1
registracni,1,0,1
registrar,3,4,7
registrars,1,0,1
registrasi,1,0,1
registrate,0,1,1
registration,79,67,146
registrations,5,6,11
registred,0,2,2
registries,0,1,1
registry,10,16,26
regius,0,1,1
regluing,0,1,1
regnet,6,1,7
regnt,1,0,1
regnum,1,0,1
rego,4,1,5
regognition,0,1,1
regolith,1,0,1
regonised,1,0,1
regonnabetheonethatsavesme,1,0,1
regos,0,1,1
regrads,1,0,1
regreatingi,1,0,1
regrect,1,0,1
regresaaa,1,0,1
regrese,0,1,1
regreso,3,4,7
regress,4,3,7
regressed,3,0,3
regresses,0,1,1
regressing,3,1,4
regression,5,7,12
regressions,1,1,2
regressiva,1,0,1
regressive,0,1,1
regressiveness,0,1,1
regret,348,157,505
regretably,4,1,5
regreted,5,1,6
regreterger,1,0,1
regretful,10,0,10
regretfully,5,1,6
regreting,7,6,13
regrets,65,34,99
regrett,0,1,1
regrettable,0,2,2
regrettably,7,0,7
regretted,8,3,11
regrettin,2,0,2
regretting,122,19,141
regrettinh,1,0,1
regrigerator,0,1,1
regripped,1,0,1
regroth,1,0,1
regroup,7,2,9
regrouping,1,2,3
regrow,0,1,1
regrows,0,1,1
regrowth,1,0,1
regrowths,1,0,1
regs,2,0,2
regster,1,0,1
regu,1,0,1
reguaging,1,0,1
regualar,1,0,1
regualr,1,0,1
reguarding,0,1,1
reguardless,2,1,3
reguards,0,2,2
reguarly,0,1,1
reguisit,1,0,1
regul,0,1,1
regula,0,1,1
regular,336,303,639
regulard,0,1,1
regulare,0,1,1
regulares,0,1,1
regularity,1,0,1
regularizing,1,0,1
regularly,57,92,149
regulars,15,12,27
regulary,0,2,2
regulate,4,2,6
regulated,1,3,4
regulatin,1,0,1
regulating,1,1,2
regulation,7,5,12
regulations,9,2,11
regulator,1,1,2
regulators,1,2,3
regulatory,2,1,3
reguler,0,1,1
reguliersbreestraat,0,1,1
regullaaar,0,1,1
regurgitate,2,0,2
regurgitated,1,1,2
regurgitating,0,1,1
regurgitation,2,0,2
regyh,0,1,1
reh,7,3,10
reha,1,0,1
rehaam,1,0,1
rehab,65,53,118
rehabbing,1,1,2
rehabilitater,1,0,1
rehabilitating,1,0,1
rehabilitation,4,1,5
rehabilitator,1,0,1
rehabs,0,1,1
rehan,1,0,1
rehana,0,1,1
rehash,1,2,3
rehashed,1,0,1
rehashing,2,0,2
rehearals,0,1,1
rehearsal,219,259,478
rehearsalroom,0,1,1
rehearsals,66,84,150
rehearsars,0,1,1
rehearse,20,16,36
rehearsed,4,1,5
rehearsels,1,2,3
rehearsen,1,0,1
rehearshal,1,0,1
rehearsin,1,1,2
rehearsing,20,36,56
reheaserals,0,1,1
reheat,4,1,5
reheated,3,6,9
reheating,0,2,2
reheats,0,1,1
reheel,1,0,1
reherasal,1,0,1
reherasals,0,1,1
reherdal,1,0,1
reheresing,0,1,1
rehersahl,1,0,1
rehersal,27,32,59
rehersals,7,10,17
reherse,1,4,5
reherseal,0,1,1
rehersing,3,2,5
rehire,1,0,1
rehired,2,0,2
rehiring,1,0,1
rehm,4,0,4
rehman,0,3,3
rehmenni,1,0,1
rehna,1,2,3
rehoboth,5,2,7
rehome,2,1,3
rehomed,2,1,3
rehoming,3,0,3
rehsalin,0,1,1
rehsrsal,0,1,1
rehta,0,1,1
rehtahded,0,1,1
rehtard,0,1,1
rehte,0,1,1
rehti,1,0,1
rehtorb,0,1,1
rehursal,1,0,1
rehursals,2,0,2
rehurse,0,1,1
rehursed,1,0,1
rehursuls,1,0,1
rehv,0,3,3
rehydrate,1,1,2
rehydrated,0,1,1
rehydrating,0,1,1
rehydration,1,0,1
rei,3,7,10
reian,0,1,1
reibungsloser,0,1,1
reich,1,1,2
reichel,1,0,1
reichelle,0,2,2
reichelt,0,1,1
reicher,0,1,1
reichstag,0,1,1
reid,19,17,36
reidiou,1,0,1
reids,2,1,3
reidy,3,0,3
reifel,1,0,1
reigate,2,0,2
reign,15,17,32
reigndrop,0,1,1
reigned,2,1,3
reigning,1,0,1
reigns,5,6,11
reihana,0,1,1
reihe,0,1,1
reik,3,7,10
reiki,10,26,36
reiko,1,2,3
reiks,1,1,2
reil,0,1,1
reila,1,0,1
reiligious,0,1,1
reilised,1,0,1
reilley,1,0,1
reilly,9,17,26
reily,2,0,2
reimaging,1,1,2
reiman,0,1,1
reimburse,6,4,10
reimbursed,3,1,4
reimbursement,2,0,2
reimbursements,1,1,2
reimbursing,1,0,1
reimbusing,0,1,1
reimer,0,1,1
reimporting,1,1,2
reims,0,1,1
rein,3,7,10
reina,2,0,2
reinaaaa,0,1,1
reinact,0,2,2
reinacted,0,2,2
reinacting,1,0,1
reinactment,0,1,1
reinagel,1,0,1
reinas,1,0,1
reincarnate,2,2,4
reincarnated,0,4,4
reincarnation,3,4,7
reindeer,3,0,3
reindeers,0,1,1
reindl,0,1,1
reine,0,1,1
reiner,0,1,1
reinfected,1,0,1
reinfecting,1,0,1
reinforce,1,5,6
reinforced,3,2,5
reinforcement,4,4,8
reinforcements,3,3,6
reinforces,0,2,2
reinforcing,0,1,1
reinh,0,1,1
reinhard,1,0,1
reinhold,1,0,1
reiniciooo,1,0,1
reinier,0,1,1
reining,1,0,1
reinjured,3,0,3
reino,1,0,1
reins,2,4,6
reinsburs,1,0,1
reinsert,0,1,1
reinspired,0,1,1
reinsta,1,0,1
reinstaalltion,1,0,1
reinstal,1,0,1
reinstall,90,16,106
reinstallaion,1,0,1
reinstallation,1,0,1
reinstalled,25,13,38
reinstallimg,1,0,1
reinstalling,61,10,71
reinstate,3,1,4
reinstated,2,5,7
reinstating,1,1,2
reinstore,1,0,1
reinterpret,1,0,1
reinterpreted,1,0,1
reintroduce,1,0,1
reintroduced,0,2,2
reinvent,2,14,16
reinvented,0,2,2
reinventing,3,6,9
reinvention,1,3,4
reinvest,1,0,1
reioun,1,0,1
reip,0,1,1
reir,0,3,3
reirc,0,1,1
reis,0,1,1
reise,1,0,1
reisha,2,0,2
reisi,0,1,1
reisinger,1,0,1
reisling,1,1,2
reiss,1,1,2
reissue,3,3,6
reissued,1,0,1
reissues,2,0,2
reist,0,1,1
reisterstown,1,1,2
reiterate,4,3,7
reiterated,0,1,1
reiterates,1,0,1
reiterating,0,3,3
reiteration,0,1,1
reith,1,0,1
reitmans,1,0,1
reiuend,1,0,1
reivanna,1,0,1
reivising,1,0,1
reivisng,0,1,1
reiznieks,0,1,1
rej,0,2,2
reja,0,1,1
rejailbreak,1,0,1
reject,37,18,55
rejected,147,35,182
rejectedness,1,0,1
rejectified,1,0,1
rejecting,17,2,19
rejection,58,11,69
rejections,4,4,8
rejectprop,7,5,12
rejects,31,64,95
rejecttv,0,1,1
rejeuvenating,0,1,1
rejigging,1,0,1
rejioce,0,1,1
rejoice,6,32,38
rejoiced,1,0,1
rejoicement,0,1,1
rejoices,0,1,1
rejoicing,7,11,18
rejoin,5,3,8
rejoinder,0,1,1
rejoined,3,2,5
rejoining,2,0,2
rejoins,1,0,1
rejuva,0,2,2
rejuvenate,2,4,6
rejuvenated,2,9,11
rejuvenating,1,2,3
rejuvenation,1,2,3
rejuventation,0,1,1
rejuvented,0,1,1
rejuvinate,0,3,3
rejuvinated,1,3,4
rek,1,1,2
rekan,0,1,1
rekao,0,1,1
rekar,0,1,1
rekaxing,0,1,1
rekben,1,0,1
rekha,1,0,1
reki,1,0,1
rekids,1,0,1
rekin,0,1,1
rekindle,5,0,5
rekindled,0,5,5
rekindling,0,3,3
reking,0,1,1
rekkkk,1,0,1
rekl,0,1,1
rekla,0,1,1
reklamo,0,1,1
reklses,1,0,1
reknowned,1,0,1
reko,1,0,1
rekomenduoju,0,1,1
rekon,12,3,15
rekonnnn,0,1,1
rekonq,0,1,1
rekord,0,1,1
rekuest,1,0,1
rel,9,10,19
rela,1,2,3
relaaaaaaaaaaaax,0,1,1
relaaaaaaaaaax,0,1,1
relaaaaaxing,0,1,1
relaaaaay,1,0,1
relaaaax,1,1,2
relaaax,0,2,2
relaaay,0,2,2
relaax,0,3,3
relaaxxx,0,1,1
relace,0,1,1
relaci,0,1,1
relacksing,1,0,1
relacted,1,0,1
relaixing,1,0,1
relaized,2,1,3
relaks,0,1,1
relality,1,0,1
relaly,4,2,6
relansat,1,0,1
relapse,21,20,41
relapsed,7,1,8
relapses,1,1,2
relapsing,2,0,2
relapsinggg,1,0,1
relase,2,2,4
relased,0,2,2
relasie,1,0,1
relasing,1,0,1
relaspe,1,0,1
relasyon,1,0,1
relat,1,1,2
relatable,2,2,4
relate,90,112,202
relateable,0,1,1
related,301,317,618
relatedness,0,1,1
relates,2,7,9
relatie,1,0,1
relatii,1,0,1
relating,3,11,14
relation,6,29,35
relational,1,3,4
relationchip,0,1,1
relations,14,21,35
relationship,242,185,427
relationships,83,47,130
relationshop,0,1,1
relative,38,51,89
relatively,42,47,89
relatives,81,68,149
relativism,2,2,4
relativity,4,3,7
relatnships,0,1,1
relaunch,5,4,9
relaunched,2,4,6
relaunching,0,2,2
relavent,1,0,1
relavtives,1,0,1
relax,371,875,1246
relaxa,0,1,1
relaxaaaation,0,1,1
relaxant,1,1,2
relaxante,0,1,1
relaxants,3,2,5
relaxar,0,1,1
relaxat,0,1,1
relaxathon,0,1,1
relaxation,33,96,129
relaxationship,0,1,1
relaxatives,0,1,1
relaxe,0,3,3
relaxed,66,231,297
relaxedd,0,1,1
relaxen,0,1,1
relaxer,6,3,9
relaxers,8,0,8
relaxes,3,11,14
relaxful,0,1,1
relaxi,0,1,1
relaxiiiiing,0,1,1
relaxiiing,0,1,1
relaxiing,0,1,1
relaxin,31,106,137
relaxing,503,1483,1986
relaxingg,1,2,3
relaxinggg,0,4,4
relaxinggggg,1,0,1
relaxinnn,0,1,1
relaxinq,0,1,1
relaxn,1,2,3
relaxs,1,0,1
relaxsaaasyon,0,1,1
relaxte,0,1,1
relaxtion,0,1,1
relaxx,0,1,1
relaxxin,0,2,2
relaxxing,0,4,4
relaxxinqq,0,1,1
relaxxx,1,3,4
relaxxxing,1,2,3
relaxxxx,1,3,4
relaxxxxx,0,1,1
relaxxxxxing,1,0,1
relaxxxxxx,1,0,1
relaxxxxxxx,0,1,1
relaxxxxxxxx,0,1,1
relaxxxxxxxxing,0,1,1
relaxy,0,1,1
relay,77,125,202
relayed,1,3,4
relayer,0,1,1
relayforlife,1,1,2
relaying,4,6,10
relays,5,3,8
relayy,1,0,1
relayyyyy,0,1,1
relazing,1,1,2
relbel,1,0,1
rele,32,11,43
releaded,2,0,2
releaf,0,1,1
relearn,1,3,4
relearning,1,3,4
releas,0,1,1
releasd,1,1,2
release,556,591,1147
released,348,330,678
releasedato,0,1,1
releasedd,0,1,1
releaseon,1,0,1
releaser,0,2,2
releases,46,48,94
releasin,0,2,2
releasing,41,55,96
releasmas,0,1,1
releave,1,0,1
releaved,1,1,2
releaves,0,1,1
releaving,1,1,2
relece,0,1,1
relee,1,0,1
releeeeeeaaase,0,1,1
relegatdd,1,0,1
relegate,1,0,1
relegated,22,5,27
relegation,6,4,10
relegious,1,0,1
releif,1,1,2
releived,1,1,2
releiver,0,1,1
releivers,1,0,1
relending,0,1,1
relent,1,1,2
relented,0,1,1
relenting,1,0,1
relentles,1,0,1
relentless,18,15,33
relentlessly,0,1,1
relentness,1,0,1
relers,1,0,1
relese,1,2,3
releshing,1,0,1
reletives,0,1,1
reletless,0,1,1
relevance,3,2,5
relevancy,0,1,1
relevant,29,53,82
relevent,3,2,5
releves,1,0,1
relex,0,4,4
relexing,0,2,2
relfecting,1,0,1
relfection,0,1,1
reli,34,20,54
reliability,4,1,5
reliable,59,50,109
reliably,3,4,7
reliance,11,9,20
reliancebrdbnd,1,0,1
reliant,6,2,8
reliased,0,1,1
reliaze,0,1,1
reliazed,1,1,2
relic,4,7,11
relied,4,2,6
relieeeeefffff,0,1,1
relief,94,171,265
reliefed,0,1,1
relient,10,26,36
relies,2,3,5
reliesed,1,0,1
relieve,19,183,202
relieved,51,135,186
reliever,6,11,17
relievers,2,3,5
relieves,2,3,5
relievin,0,1,1
relieving,1,5,6
reliezed,0,1,1
relif,0,1,1
religeon,0,1,1
relight,1,0,1
religilous,0,1,1
religion,102,118,220
religions,3,8,11
religioous,0,1,1
religiosas,1,0,1
religiosity,0,2,2
religious,48,42,90
religiousity,0,1,1
religiously,12,14,26
religiouspersecution,0,1,1
religo,0,1,1
religon,1,5,6
religous,2,1,3
religously,2,3,5
religulous,1,3,4
relii,1,0,1
relinquish,6,1,7
relinquished,1,0,1
reliqion,0,1,1
reliquias,0,1,1
relireli,1,0,1
relise,2,3,5
relised,3,5,8
reliseed,1,0,1
relish,6,9,15
relished,0,1,1
relishing,0,7,7
relist,4,1,5
relisted,4,12,16
relisten,0,1,1
relistening,1,0,1
relistic,1,0,1
relisting,1,0,1
relistings,1,0,1
relive,17,24,41
relived,7,4,11
reliving,9,17,26
relize,5,2,7
relized,7,10,17
relizes,1,0,1
relizing,2,0,2
rell,4,5,9
rella,0,4,4
rellaxxx,1,0,1
rellay,1,0,1
relle,5,3,8
rellefierce,0,1,1
relleno,0,2,2
rellenos,0,1,1
relley,0,1,1
relli,10,5,15
rellies,0,1,1
rells,1,0,1
relly,30,20,50
rellys,0,1,1
relm,1,0,1
relmes,0,1,1
relo,0,2,2
reloacted,0,1,1
reload,37,15,52
reloaded,8,8,16
reloader,1,0,1
reloadin,1,0,1
reloading,15,4,19
reloads,0,1,1
relocate,10,6,16
relocated,5,5,10
relocates,0,1,1
relocating,8,9,17
relocation,4,5,9
relocations,1,0,1
relock,1,0,1
relocks,1,0,1
relocolization,0,1,1
relocolized,0,1,1
relod,1,0,1
relog,1,0,1
relojes,0,1,1
relook,0,1,1
relooking,3,2,5
relos,1,1,2
relp,1,0,1
relpies,2,0,2
relpy,1,5,6
rels,2,1,3
relson,1,0,1
reltionship,0,1,1
relucio,0,1,1
reluctance,3,0,3
reluctant,17,6,23
reluctantly,20,4,24
relvent,1,0,1
relxaing,1,0,1
rely,60,45,105
relyea,0,1,1
relyin,1,0,1
relying,26,12,38
relys,1,0,1
relyt,0,1,1
rem,18,29,47
rema,1,0,1
remade,6,4,10
remadies,0,1,1
remail,2,0,2
remain,86,88,174
remainder,16,19,35
remainders,1,0,1
remained,10,6,16
remaing,1,1,2
remainging,0,1,1
remaining,108,56,164
remaininggg,0,1,1
remains,68,48,116
remaja,1,0,1
remake,57,51,108
remakes,7,7,14
remaking,13,6,19
remamber,1,0,1
remand,2,0,2
remanders,1,0,1
remap,1,0,1
remarche,0,2,2
remark,14,27,41
remarkability,0,1,1
remarkable,6,17,23
remarkables,0,3,3
remarkably,8,12,20
remarked,2,1,3
remarking,0,1,1
remarks,11,15,26
remarried,3,0,3
remarry,1,0,1
remarrying,1,0,1
remaster,1,1,2
remastered,1,5,6
remastering,1,0,1
rematch,8,14,22
rematches,0,2,2
remax,0,1,1
remb,1,2,3
rembember,0,1,1
rember,5,8,13
remberd,1,0,1
remblance,0,1,1
rembr,2,1,3
rembrances,1,0,1
rembrandt,0,2,2
rembrant,0,1,1
remburse,0,1,1
remdawg,1,0,1
reme,1,1,2
remeber,32,36,68
remeberd,0,1,1
remebered,6,3,9
remebering,3,1,4
remebers,0,2,2
remebr,1,1,2
remebre,0,1,1
remed,2,1,3
remedi,1,0,1
remedial,12,8,20
remedials,1,0,1
remediated,1,0,1
remediation,2,0,2
remedied,1,4,5
remedies,41,12,53
remedio,1,0,1
remedy,63,50,113
remedys,1,0,1
remee,1,0,1
remeind,0,1,1
remeinds,1,0,1
remely,0,1,1
remem,1,0,1
rememba,7,5,12
remembaaa,1,0,1
remembeeeer,0,1,1
remember,2267,2804,5071
rememberable,1,0,1
rememberd,6,3,9
remembere,2,0,2
remembered,444,325,769
remembereds,1,0,1
rememberences,0,1,1
rememberer,1,0,1
rememberin,3,2,5
remembering,113,113,226
remembermeninab,0,1,1
rememberr,3,2,5
rememberrrr,0,1,1
rememberrrrrrrrrrrrrrrrrr,0,1,1
rememberrrrrrrrrrrrrrrrrrrrr,0,1,1
remembers,47,64,111
rememberthemilk,2,0,2
remembr,5,2,7
remembrall,0,1,1
remembrance,1,9,10
remembrd,1,2,3
remembrer,1,0,1
rememdies,0,1,1
rememdy,0,2,2
rememeber,4,6,10
rememeberd,1,0,1
rememeberr,1,0,1
rememebr,0,3,3
rememebred,0,1,1
rememer,3,4,7
rememered,1,0,1
remenber,2,3,5
remenbered,0,1,1
remener,1,0,1
remeniscing,2,0,2
remenising,2,0,2
remerk,0,1,1
remet,0,2,2
remi,3,6,9
remian,0,1,1
remicade,0,2,2
remided,2,0,2
remidies,2,0,2
remiix,0,1,1
remimber,1,0,1
remimding,0,1,1
remimds,1,1,2
remind,290,348,638
reminde,0,1,1
reminded,219,215,434
remindedd,1,0,1
reminder,76,254,330
reminders,9,23,32
remindes,1,0,1
remindg,0,1,1
remindin,5,2,7
reminding,87,155,242
remindingtipoftheday,0,1,1
reminds,411,495,906
remindz,1,0,1
remined,1,1,2
remings,0,1,1
remington,2,2,4
reminicent,0,1,1
reminicient,1,0,1
reminicing,2,1,3
reminisce,7,7,14
reminisced,1,3,4
reminiscencing,1,0,1
reminiscent,7,10,17
reminisces,1,0,1
reminiscience,0,1,1
reminiscin,2,2,4
reminiscing,41,51,92
reminise,1,0,1
reminised,1,0,1
reminising,3,4,7
reminsce,0,1,1
reminscing,0,1,1
reminsicing,0,1,1
reminsing,1,0,1
remiss,3,2,5
remission,1,2,3
remit,1,0,1
remivds,1,0,1
remix,86,265,351
remixed,3,13,16
remixers,1,2,3
remixes,16,35,51
remixin,0,1,1
remixing,3,5,8
remixru,0,1,1
remixxxes,0,1,1
remixxxx,0,1,1
remki,0,1,1
remley,1,0,1
remm,1,2,3
remmber,1,1,2
remmbr,1,0,1
remmeber,1,3,4
remmebered,1,0,1
remmember,1,2,3
remmen,0,1,1
remmenber,0,1,1
remmmba,0,1,1
remmmm,0,1,1
remmy,1,1,2
remnant,2,1,3
remnants,7,5,12
remnds,1,0,1
remo,0,2,2
remodaling,0,1,1
remodel,6,5,11
remodeled,5,4,9
remodeling,13,5,18
remodelista,0,1,1
remodelled,0,1,1
remodelling,1,0,1
remodled,0,1,1
remodulers,1,0,1
remolded,1,0,1
remon,0,1,1
remonstrance,0,1,1
remooooooote,0,1,1
remore,0,2,2
remorse,17,5,22
remorseful,6,1,7
remose,0,1,1
remositories,1,0,1
remote,199,122,321
remotely,34,16,50
remotepad,0,1,1
remotes,9,9,18
remotetap,1,1,2
remoting,1,1,2
remould,1,0,1
removable,6,2,8
removal,35,12,47
removalist,1,0,1
removalists,2,0,2
removd,1,0,1
remove,196,125,321
removeable,1,0,1
removed,334,81,415
removedor,0,1,1
removel,1,0,1
remover,16,7,23
removerrr,1,0,1
removers,1,1,2
removes,8,5,13
removin,2,1,3
removing,60,33,93
removy,1,0,1
rempages,1,0,1
rempel,1,0,1
rempit,0,2,2
rempits,0,1,1
rempong,2,0,2
rempongggg,1,0,1
remsen,1,1,2
remuera,0,1,1
remunds,0,1,1
remuneration,0,1,1
remus,3,2,5
remve,1,0,1
remy,12,18,30
remys,1,0,1
ren,31,38,69
rena,3,6,9
renact,0,1,1
renactment,1,0,1
renae,1,7,8
renaes,0,2,2
renagade,0,1,1
renaissance,5,16,21
renal,6,2,8
renaldo,0,1,1
rename,10,14,24
renamed,17,15,32
renames,0,1,1
renaming,3,2,5
renang,1,0,1
renantech,4,1,5
renard,0,1,1
renassaince,1,0,1
renata,4,2,6
renatamussi,2,0,2
renate,0,1,1
renaud,0,1,1
renault,3,3,6
renavations,0,1,1
renay,0,1,1
rencampo,0,1,1
rencana,0,1,1
rences,0,1,1
rencontre,0,1,1
rend,0,1,1
rendang,3,7,10
rendben,0,1,1
rende,0,1,1
rended,0,1,1
rendell,1,0,1
rendendo,1,0,1
render,35,17,52
rendered,15,12,27
renderer,0,1,1
renderheader,0,1,1
rendering,46,30,76
renderings,0,1,1
renderosity,0,1,1
renders,4,5,9
rendevous,0,3,3
rendez,0,1,1
rendezvous,4,9,13
rendi,0,1,1
rendigitty,0,1,1
rending,2,0,2
rendition,9,25,34
renditions,1,1,2
rendlesham,0,1,1
rends,1,0,1
rendu,0,1,1
renduring,1,0,1
rendy,0,1,1
rene,10,13,23
renea,0,1,1
reneable,0,1,1
renee,25,45,70
reneeee,1,0,1
reneeeee,0,1,1
reneeeeeeeeee,1,0,1
reneeporsia,0,1,1
renees,1,3,4
reneesme,0,1,1
renegad,0,1,1
renegade,9,20,29
renegades,1,1,2
renegading,0,1,1
reneging,3,0,3
renegotiate,1,0,1
renegotiating,1,0,1
renesm,0,1,1
renesme,1,1,2
renesmee,1,4,5
renesseme,0,1,1
renet,0,1,1
renett,0,2,2
renew,61,42,103
renewable,2,2,4
renewal,21,9,30
renewals,7,1,8
renewchuck,0,1,1
renewed,49,61,110
renewing,12,7,19
renews,2,2,4
renf,1,0,1
renfair,1,0,1
renfaires,0,1,1
renfe,1,0,1
renfest,1,1,2
renfrew,1,3,4
renfrewshire,1,0,1
renfro,1,0,1
renge,0,3,3
renh,2,0,2
reni,2,0,2
renie,2,2,4
renig,1,0,1
renion,1,0,1
renire,1,0,1
renis,1,0,1
renissance,1,2,3
reniya,1,0,1
renk,0,1,1
renku,0,1,1
renminbi,0,1,1
renna,0,1,1
renne,0,2,2
renner,1,1,2
rennes,2,1,3
rennet,1,0,1
rennie,0,1,1
rennies,2,2,4
rennison,2,0,2
rennnnnnnyyyyyyyyyyyyyyyyyyyyyyyyyyyyyyyyyy,0,1,1
renno,0,1,1
rennovating,0,1,1
rennovation,1,1,2
rennowe,0,1,1
rennt,0,2,2
renny,1,0,1
reno,49,38,87
renoaces,0,1,1
renoes,1,0,1
renoir,0,2,2
renoise,1,0,1
renolds,1,0,1
renos,4,0,4
renot,1,0,1
renouf,0,1,1
renouncing,1,1,2
renov,0,1,1
renovate,3,8,11
renovated,8,7,15
renovatin,1,0,1
renovating,3,8,11
renovation,11,14,25
renovations,9,9,18
renowned,2,4,6
renpro,0,1,1
rens,0,2,2
rensie,0,1,1
renske,0,1,1
rensselaer,0,1,1
renst,0,1,1
rent,314,251,565
renta,1,1,2
rentable,1,0,1
rentacops,1,0,1
rentage,1,0,1
rentak,0,1,1
rental,107,52,159
rentals,15,15,30
rentalsman,1,0,1
rentaphone,0,1,1
rentboy,1,0,1
rentboys,0,1,1
rentd,1,0,1
rented,56,74,130
renter,2,0,2
renters,3,3,6
rentheads,1,0,1
renthum,0,1,1
renting,32,38,70
renton,3,1,4
rents,108,79,187
rentttt,1,0,1
renttttt,0,1,1
rentz,1,0,1
renu,0,2,2
renue,0,1,1
renuka,0,1,1
renumbered,1,0,1
renunci,1,0,1
renuntat,0,1,1
reny,1,0,1
renz,1,2,3
renze,1,0,1
renzo,3,6,9
renzuken,0,1,1
renzznerrenz,0,1,1
reo,1,5,6
reobsessed,0,1,1
reoccuring,4,0,4
reoccurring,2,0,2
reocurring,1,0,1
reoffending,1,0,1
reopen,19,3,22
reopened,11,5,16
reopening,8,3,11
reopens,5,3,8
reord,0,1,1
reorder,5,0,5
reordered,2,0,2
reordering,2,1,3
reorders,1,1,2
reorg,2,0,2
reorganisation,0,1,1
reorganise,0,1,1
reorganised,0,2,2
reorganising,0,1,1
reorganization,1,2,3
reorganize,5,6,11
reorganized,2,3,5
reorganizing,7,6,13
reorginazation,1,0,1
reorging,0,1,1
reorgs,1,1,2
reoriented,1,0,1
reovering,1,0,1
reow,0,1,1
reowwwwwwww,0,1,1
rep,74,87,161
repack,6,0,6
repackage,2,1,3
repackaged,1,2,3
repackaging,0,1,1
repacking,2,1,3
repai,1,0,1
repaid,1,0,1
repaint,9,3,12
repainted,2,5,7
repainting,4,2,6
repair,239,71,310
repairable,3,0,3
repaird,1,0,1
repaired,57,18,75
repairedbut,1,0,1
repairer,1,0,1
repairfrom,0,1,1
repairing,17,10,27
repairman,11,1,12
repairmen,1,0,1
repairs,77,23,100
repairting,1,0,1
repait,1,0,1
reparat,0,2,2
reparations,1,2,3
repareren,0,1,1
reparied,1,0,1
reparing,1,0,1
reparked,1,0,1
reparking,1,0,1
repartee,2,1,3
repas,1,0,1
repasse,0,1,1
repast,1,0,1
repatch,1,0,1
repatriate,1,0,1
repatterning,0,1,1
repaved,1,0,1
repaving,2,1,3
repay,11,10,21
repaying,2,0,2
repayment,0,2,2
repayments,2,1,3
repays,0,1,1
repea,1,0,1
repeal,1,1,2
repear,1,0,1
repeat,245,339,584
repeated,30,19,49
repeatedely,1,0,1
repeatedly,33,21,54
repeater,3,2,5
repeatidly,1,1,2
repeatin,1,0,1
repeating,29,32,61
repeats,42,22,64
repeatt,0,1,1
repeattt,0,1,1
repect,3,2,5
repects,0,1,1
repede,1,1,2
repeirce,2,0,2
repel,4,2,6
repell,0,2,2
repellant,2,4,6
repellants,2,0,2
repellent,7,3,10
repellents,0,1,1
repeller,0,1,1
repelling,1,1,2
repels,2,2,4
repent,1,4,5
repentance,1,3,4
repenting,2,1,3
repercussions,4,2,6
repertition,1,0,1
repertoire,3,2,5
repesent,0,2,2
repetative,1,2,3
repeteren,0,1,1
repetetive,0,1,1
repeti,1,0,1
repetido,1,0,1
repeting,0,1,1
repetit,0,1,1
repetition,3,10,13
repetitions,1,2,3
repetitive,21,12,33
repetitoire,0,1,1
repetive,1,0,1
repetivly,1,0,1
rephael,0,1,1
rephase,0,1,1
repholster,0,1,1
rephotographing,0,1,1
rephrase,8,14,22
rephrased,0,2,2
rephrasing,0,1,1
repi,1,0,1
repierce,1,0,1
repierced,8,4,12
repiercing,1,0,1
repies,1,0,1
repin,0,1,1
repise,0,1,1
repites,1,0,1
repitiotion,1,0,1
repitition,1,0,1
repki,0,1,1
repl,1,1,2
replac,1,0,1
replacable,1,0,1
replace,268,131,399
replaceable,4,4,8
replaced,241,87,328
replacemennt,1,0,1
replacement,219,59,278
replacemente,1,0,1
replacements,20,5,25
replacer,0,1,1
replaces,7,6,13
replacing,81,35,116
replacment,0,1,1
replacments,1,0,1
replant,2,1,3
replanted,0,1,1
replanting,1,1,2
replastered,1,0,1
replay,107,73,180
replayed,1,1,2
replaying,12,16,28
replays,12,7,19
replced,1,0,1
repleid,1,0,1
replenish,8,5,13
replenished,1,5,6
replenishment,1,0,1
repleo,1,0,1
replete,1,1,2
repletion,1,0,1
repley,1,0,1
repli,1,0,1
replica,3,13,16
replicants,1,1,2
replicas,0,2,2
replicate,5,2,7
replicated,3,0,3
replicating,2,1,3
replication,7,1,8
replicator,1,1,2
replicators,0,1,1
replie,2,3,5
replied,286,348,634
repliedd,0,1,1
repliedddddd,0,1,1
replieed,2,0,2
replieing,1,0,1
repliers,1,0,1
replies,396,319,715
repliess,0,2,2
repliies,1,0,1
repliles,0,1,1
replime,1,0,1
repling,0,2,2
repllies,1,0,1
repllying,1,0,1
repllyyyy,0,1,1
replugging,0,1,1
replutation,1,1,2
reply,2047,2079,4126
replybefore,0,1,1
replyd,1,2,3
replyed,10,15,25
replyer,0,1,1
replyied,1,0,1
replyien,0,1,1
replyin,10,7,17
replying,235,245,480
replyingg,1,0,1
replyinggg,1,0,1
replyme,1,0,1
replyn,1,1,2
replys,32,19,51
replyto,1,0,1
replyy,5,17,22
replyyy,1,4,5
replyyyy,4,2,6
replyyyyy,0,1,1
replyyyyyyyyyyyy,1,0,1
repo,31,31,62
repochat,1,0,1
repoed,3,0,3
repoin,1,0,1
repoire,0,1,1
repond,0,2,2
reponding,1,0,1
reponga,1,0,1
reponse,2,0,2
repops,1,0,1
repopulate,2,0,2
repopulates,0,1,1
repor,0,1,1
report,612,439,1051
reportage,1,0,1
reportageapp,0,1,1
reportagem,0,1,1
reportaje,0,1,1
reportase,1,0,1
reportate,1,0,1
reportcard,1,0,1
reporte,0,1,1
reported,69,21,90
reportedly,15,1,16
reporter,18,28,46
reporters,11,9,20
reportes,1,0,1
reportidly,0,1,1
reporting,61,58,119
reportings,1,0,1
reports,234,97,331
repos,3,5,8
reposable,0,1,1
reposado,0,1,1
reposando,0,1,1
repose,3,0,3
reposess,0,1,1
repositioned,0,1,1
repositories,0,3,3
repository,7,4,11
repossessed,2,0,2
repost,27,80,107
reposted,2,9,11
reposting,7,7,14
reposts,2,0,2
repot,2,0,2
repotin,0,1,1
repotted,2,0,2
repotting,1,1,2
repoublican,0,1,1
repp,0,3,3
repped,2,0,2
repper,0,1,1
reppin,8,12,20
repping,1,8,9
reppion,0,2,2
repply,1,0,1
reppn,1,0,1
reppplies,1,0,1
repppn,0,1,1
repppp,0,1,1
reprehensibles,0,1,1
represent,17,72,89
representant,0,1,1
representantes,1,0,1
representathieves,0,1,1
representation,9,14,23
representations,0,3,3
representative,9,10,19
representatives,2,2,4
representativs,0,1,1
represented,7,12,19
representin,2,5,7
representing,6,20,26
represents,5,15,20
representtttt,0,1,1
repress,1,1,2
repressed,0,2,2
repressing,0,1,1
repression,3,0,3
repressurising,1,0,1
reprezent,1,0,1
reprieve,5,4,9
reprimand,3,0,3
reprimanded,4,2,6
reprimanding,1,0,1
reprint,4,3,7
reprinting,1,2,3
reprints,0,2,2
reprise,5,6,11
reprised,1,0,1
reprises,1,0,1
reprizele,0,1,1
repro,1,2,3
reproach,1,0,1
reproachful,1,0,1
reprobates,0,1,1
reprocess,1,1,2
reprocessing,1,0,1
reproduce,5,4,9
reproduced,0,1,1
reproduces,0,1,1
reproducible,1,0,1
reproducing,2,2,4
reproduction,3,4,7
reproductions,1,0,1
reproductive,6,3,9
reprodution,1,0,1
reprogram,1,2,3
reprogrammed,1,0,1
reprogramming,0,1,1
reprom,0,1,1
reprot,1,0,1
reproved,1,0,1
reps,15,16,31
repsonse,0,1,1
repsonses,1,0,1
repsonsible,0,1,1
repsponse,0,1,1
reptar,0,4,4
reptet,1,0,1
reptile,4,5,9
reptiles,1,6,7
reptilian,0,1,1
reptition,1,0,1
reptitive,1,0,1
repubblica,0,1,1
republic,60,69,129
republica,0,4,4
republican,15,28,43
republicans,10,11,21
republics,0,1,1
republiky,0,1,1
republish,2,1,3
republishing,1,1,2
repubs,2,0,2
repugs,1,0,1
repulled,1,0,1
repulse,1,2,3
repulsed,1,0,1
repulsive,5,2,7
repurchase,1,0,1
repurchased,1,1,2
repurcussions,1,0,1
repurp,0,1,1
repurpose,1,1,2
repurposed,0,1,1
repurposing,0,3,3
reputable,3,6,9
reputation,23,28,51
reputations,1,1,2
repution,1,0,1
repy,2,1,3
req,15,9,24
reqain,1,0,1
reqall,0,1,1
reqally,1,0,1
reqd,1,2,3
reqentss,1,0,1
reqentsz,1,0,1
reqentt,1,0,1
reqiem,1,0,1
reqina,0,1,1
reqired,0,1,1
reqmnt,1,0,1
reqqae,0,2,2
reqs,6,1,7
request,250,376,626
requesta,1,0,1
requestd,1,0,1
requested,77,67,144
requester,0,1,1
requesters,0,1,1
requestin,1,2,3
requesting,24,30,54
requests,84,127,211
requestt,0,1,1
requestyour,1,0,1
requets,1,0,1
requiem,9,18,27
requiemforthephantom,0,1,1
requiescat,1,0,1
requim,1,0,1
require,66,57,123
required,105,126,231
requirement,19,22,41
requirements,38,20,58
requiremt,1,0,1
requiremtns,1,0,1
requirers,1,0,1
requires,93,45,138
requiries,0,1,1
requiring,12,5,17
requisite,1,3,4
requisites,1,1,2
requisition,0,1,1
requited,1,0,1
requium,1,0,1
requoting,0,1,1
requre,1,0,1
requst,0,1,1
requuest,0,1,1
rer,1,1,2
reracking,0,1,1
reraise,0,1,1
reraised,1,1,2
reral,1,0,1
reran,1,0,1
rerason,0,1,1
rere,2,2,4
reread,23,32,55
rereading,14,19,33
rereads,1,1,2
rerealized,1,0,1
rerecord,1,1,2
rerecorded,1,0,1
rerecordings,0,1,1
reregister,1,0,1
rerelease,1,0,1
rereleased,0,1,1
rerepots,1,0,1
rereun,2,0,2
rereview,0,1,1
rerimanded,1,0,1
rerip,1,0,1
rerlected,1,0,1
reroll,0,1,1
rerolling,2,0,2
reroute,1,0,1
rerouted,2,0,2
rerouting,2,1,3
rerrange,0,1,1
rerrspec,0,1,1
rerun,45,22,67
rerunds,1,0,1
rerunning,1,1,2
rerunnnn,1,0,1
reruns,61,75,136
rerurns,1,0,1
rervising,1,0,1
res,24,39,63
resaaaa,1,0,1
resale,3,0,3
resaurant,0,1,1
resaving,1,0,1
rescan,2,0,2
rescanned,2,0,2
resch,1,1,2
resched,8,0,8
rescheduald,1,0,1
reschedualed,1,0,1
reschedueled,1,0,1
reschedule,72,17,89
rescheduled,43,19,62
reschedulencnk,1,0,1
reschedules,0,3,3
rescheduling,11,5,16
rescind,3,0,3
resco,2,0,2
rescource,1,0,1
rescreatu,1,0,1
rescrewing,1,0,1
rescu,1,0,1
rescue,184,165,349
rescued,38,42,80
rescuedevice,0,1,1
rescuee,0,1,1
rescueee,0,1,1
rescueing,0,1,1
rescueme,2,0,2
rescuer,1,0,1
rescuers,2,2,4
rescues,9,4,13
rescuing,14,9,23
resculed,1,0,1
rescure,2,1,3
rescuse,1,0,1
rese,2,0,2
reseach,0,1,1
reseaching,0,1,1
reseal,1,0,1
resealed,1,0,1
researach,1,0,1
researced,1,0,1
research,347,354,701
researchblogging,0,1,1
researched,2,3,5
researcher,1,2,3
researchers,1,6,7
researches,3,2,5
researchin,1,2,3
researching,61,70,131
researh,0,1,1
reseashing,1,0,1
reseated,1,0,1
reseating,3,0,3
resechdule,0,1,1
resection,2,0,2
reseda,0,1,1
reseized,1,0,1
resell,8,3,11
reseller,4,9,13
resellerclub,0,1,1
resellers,3,3,6
resemblance,4,12,16
resemble,18,18,36
resembled,0,1,1
resemblence,1,4,5
resembles,16,14,30
resembling,6,3,9
resend,22,15,37
resending,3,2,5
resenha,0,1,1
resent,17,17,34
resented,1,0,1
resentful,0,1,1
resenting,4,0,4
resently,1,1,2
resentment,3,7,10
resentments,0,1,1
resents,4,0,4
resep,2,0,2
resepsi,1,0,1
reseption,0,1,1
reserach,1,0,1
reserected,1,0,1
reserv,1,0,1
reserva,1,4,5
reservation,27,21,48
reservations,14,15,29
reserve,41,64,105
reserved,42,36,78
reserver,0,1,1
reserves,8,5,13
reserviert,0,1,1
reserving,2,6,8
reservist,0,1,1
reservoir,8,11,19
resesi,1,0,1
resession,1,0,1
reset,159,60,219
resetin,2,0,2
reseting,2,1,3
resets,8,3,11
resetted,9,0,9
resettin,0,1,1
resetting,24,3,27
resettling,2,0,2
resevoir,1,2,3
resface,0,1,1
resfriado,2,0,2
resfused,1,0,1
resh,0,1,1
reshadjason,1,0,1
reshamiya,0,1,1
reshape,0,1,1
reshaping,0,2,2
reshared,0,1,1
resharper,2,2,4
reshaydee,1,0,1
reshedule,0,1,1
resheduled,2,0,2
reshift,1,0,1
reshipping,0,1,1
reshmi,1,0,1
reshoot,1,0,1
reshot,0,1,1
reshow,1,0,1
reshred,0,1,1
reshuffle,0,3,3
resi,7,3,10
reside,8,8,16
residen,0,1,1
residence,15,20,35
residences,1,1,2
residency,8,13,21
resident,56,62,118
residental,1,0,1
residentevil,0,1,1
residential,9,5,14
residents,50,15,65
resides,3,0,3
residin,0,1,1
residing,3,2,5
residual,5,4,9
residue,0,3,3
resie,1,0,1
resieme,1,0,1
resight,0,1,1
resign,16,8,24
resignatiom,1,0,1
resignation,3,1,4
resignations,0,1,1
resigned,26,18,44
resigning,5,4,9
resigns,1,2,3
resiliant,0,3,3
resilience,3,2,5
resilient,1,4,5
resilliant,1,0,1
resin,7,9,16
resins,0,1,1
resipe,0,1,1
resist,110,236,346
resistance,20,33,53
resistant,9,13,22
resisted,12,14,26
resistence,0,1,1
resistent,2,1,3
resister,1,0,1
resisti,1,0,1
resistin,0,1,1
resisting,24,14,38
resistir,0,1,1
resistor,1,1,2
resistors,0,1,1
resists,0,2,2
resit,19,5,24
resitance,1,0,1
resited,2,0,2
resiting,0,1,1
resits,8,5,13
resittin,1,0,1
resitting,3,0,3
resituate,1,0,1
resize,14,23,37
resized,3,2,5
resizer,0,1,1
resizing,9,4,13
resked,1,0,1
resler,0,1,1
reslife,1,0,1
reslishing,1,0,1
resloved,0,1,1
resn,0,2,2
resnet,2,1,3
resnice,0,1,1
resnick,0,1,1
resnik,1,0,1
reso,0,1,1
resol,0,1,1
resold,2,1,3
resoldered,1,1,2
resolute,1,1,2
resolutely,0,1,1
resolution,54,33,87
resolutions,8,8,16
resolvd,1,0,1
resolve,29,20,49
resolved,29,43,72
resolver,2,1,3
resolves,4,1,5
resolveu,0,1,1
resolvido,0,1,1
resolving,6,3,9
resomething,1,0,1
reson,3,2,5
resonable,1,2,3
resonance,2,0,2
resonant,0,1,1
resonate,1,3,4
resonates,1,8,9
resonating,0,1,1
resonator,0,1,1
resonators,0,1,1
resons,1,0,1
resonses,1,0,1
resoon,1,0,1
resopnding,0,1,1
resored,0,1,1
resort,94,75,169
resorted,28,8,36
resorting,19,2,21
resorts,2,2,4
resorty,0,1,1
resound,0,1,1
resounding,5,2,7
resounds,1,0,1
resource,25,42,67
resourceful,0,6,6
resourcefulrochester,0,1,1
resourceinfo,0,1,1
resources,41,54,95
resourcing,2,0,2
resourse,0,1,1
resovoir,1,0,1
resp,6,2,8
respawn,2,0,2
respawned,1,0,1
respec,1,1,2
respect,171,280,451
respectable,7,15,22
respected,6,9,15
respectful,10,20,30
respectfully,3,6,9
respecting,6,2,8
respective,4,6,10
respectively,5,6,11
respectrobpattinson,1,0,1
respects,11,17,28
respeito,0,1,1
respekt,0,1,1
respir,0,2,2
respiration,1,1,2
respirator,1,2,3
respiratory,17,3,20
respire,0,1,1
respite,7,4,11
respitiry,1,0,1
respitory,5,0,5
resplendent,0,1,1
respnd,0,1,1
respnded,1,0,1
respnnd,0,1,1
respnses,1,0,1
respnsibilities,1,0,1
respon,2,4,6
responce,3,4,7
responcible,0,1,1
respond,339,240,579
respondas,1,0,1
respondd,0,1,1
responde,3,2,5
responded,113,77,190
respondem,1,0,1
responden,1,0,1
respondent,0,1,1
respondents,0,1,1
responder,3,2,5
responders,1,1,2
respondeu,1,0,1
respondin,3,1,4
responding,106,86,192
respondn,0,1,1
responds,26,10,36
respondy,1,0,1
responed,2,0,2
responible,1,1,2
respons,0,3,3
responsabilities,1,1,2
responsability,1,1,2
responsable,1,2,3
responsably,0,1,1
response,275,324,599
responsed,1,1,2
responsen,0,1,1
responses,60,69,129
responsibilites,1,0,1
responsibilities,36,19,55
responsibility,52,36,88
responsibilty,3,0,3
responsible,106,69,175
responsiblemel,1,0,1
responsiblity,0,1,1
responsibly,2,22,24
responsile,1,0,1
responsing,0,1,1
responsisbilities,1,0,1
responsive,9,7,16
responx,0,1,1
respooon,0,1,1
respoooond,1,0,1
respoooooon,1,0,1
resposado,0,1,1
respose,0,1,1
resposible,0,1,1
resposnes,1,0,1
resposta,0,2,2
respray,1,0,1
resprayed,1,0,1
respraying,1,0,1
resprep,1,0,1
respriatory,1,0,1
respsonses,0,1,1
respuestas,0,1,1
resq,0,1,1
resr,1,0,1
resresres,0,1,1
resrvatn,1,0,1
ress,0,3,3
ressa,0,1,1
ressacao,1,0,1
ressant,1,0,1
resse,0,2,2
ressemblance,1,0,1
resses,0,2,2
ressesion,1,0,1
ressist,1,0,1
resss,0,1,1
resssss,0,1,1
resssssst,0,1,1
ressurect,1,0,1
ressurected,1,0,1
ressurection,0,1,1
rest,2585,2749,5334
restacking,1,0,1
restanrant,1,0,1
restarant,1,0,1
restarants,1,1,2
restaraunt,7,6,13
restart,108,31,139
restartanja,0,1,1
restarted,43,14,57
restarting,31,10,41
restarts,14,4,18
restat,1,0,1
restate,2,2,4
restated,1,1,2
restauant,1,1,2
restauradores,1,0,1
restauran,1,0,1
restaurang,0,1,1
restaurant,287,433,720
restaurantcity,1,0,1
restaurante,1,0,1
restaurants,50,56,106
restaurantt,1,0,1
restauraunt,0,1,1
restauraut,0,1,1
restaurents,0,1,1
restavit,2,0,2
restb,1,0,1
restcan,0,1,1
restd,1,1,2
restday,0,1,1
restdays,0,1,1
reste,0,3,3
resteasy,1,0,1
rested,57,111,168
resterant,0,1,1
resteraunt,5,5,10
restful,15,33,48
restfull,1,1,2
restfulll,1,0,1
restfulness,0,1,1
resticted,1,0,1
restigouche,0,1,1
restin,7,8,15
resting,157,197,354
restingg,0,1,1
restist,1,0,1
restland,0,1,1
restless,141,34,175
restlessly,2,0,2
restlessnes,1,0,1
restlessness,3,1,4
restlesssss,1,0,1
resto,26,29,55
restocity,0,2,2
restocityyyy,0,1,1
restock,2,2,4
restocked,1,2,3
restocking,3,1,4
restof,1,0,1
restofmy,1,0,1
restole,1,0,1
reston,5,4,9
restons,0,1,1
restoom,1,0,1
restor,0,1,1
restora,1,0,1
restoran,0,1,1
restoration,4,6,10
restorative,1,4,5
restore,176,41,217
restored,60,40,100
restorer,0,2,2
restores,1,4,5
restoring,42,18,60
restorw,1,0,1
restos,2,1,3
restr,1,1,2
restrain,6,4,10
restrained,5,0,5
restraining,11,14,25
restrainingorder,0,1,1
restrains,0,1,1
restraint,9,8,17
restraints,2,0,2
restrant,0,1,1
restraunt,5,5,10
restraunte,1,0,1
restrepo,1,0,1
restretch,1,0,1
restrict,9,1,10
restricted,26,8,34
restricting,4,1,5
restriction,17,7,24
restrictions,41,10,51
restrictive,5,2,7
restrictor,0,1,1
restricts,7,1,8
restring,3,0,3
restringing,2,0,2
restrita,0,1,1
restrnt,0,1,1
restroom,25,13,38
restrooms,9,2,11
restruants,0,1,1
restructure,5,3,8
restructured,1,1,2
restructuring,3,7,10
restrung,2,1,3
rests,7,6,13
restsraunt,1,0,1
restttt,0,1,1
restttttt,1,1,2
resttttttt,0,1,1
restuarannt,0,1,1
restuarant,4,0,4
restuaraunt,1,0,1
restunat,1,0,1
resturan,0,1,1
resturant,17,24,41
resturants,2,2,4
resturaunt,1,4,5
restusarant,0,1,1
resty,1,0,1
restyled,1,0,1
restylestari,1,0,1
resubbing,1,0,1
resubmission,1,0,1
resubmissions,1,0,1
resubmit,1,1,2
resubmitted,1,1,2
resubmitting,1,0,1
resubscribing,1,0,1
resuced,1,0,1
resucitate,1,0,1
resudent,0,1,1
resue,1,0,1
resuellos,0,1,1
resuena,0,1,1
resukt,1,0,1
result,308,320,628
resulted,26,11,37
resulting,19,5,24
resultness,0,1,1
results,520,486,1006
resultsssss,1,0,1
resultssssss,1,0,1
resultttt,1,0,1
resum,2,0,2
resume,74,126,200
resumed,8,11,19
resumee,0,1,1
resumes,29,12,41
resuming,5,7,12
resumo,0,1,1
resunsaysdope,1,0,1
resupplied,1,0,1
resuraunt,1,0,1
resurface,3,3,6
resurfaced,1,0,1
resurfacing,1,1,2
resurgance,1,0,1
resurgence,1,1,2
resurrect,4,3,7
resurrected,4,5,9
resurrecting,2,2,4
resurrection,6,5,11
resurrector,0,1,1
resus,0,1,1
resuscitate,2,0,2
resuscitation,2,1,3
resuses,1,0,1
resut,0,1,1
resutls,2,0,2
resuts,1,0,1
resv,0,1,1
resvend,0,1,1
resveratrol,0,1,1
resync,6,1,7
resynced,0,1,1
resynch,0,1,1
resynching,0,1,1
resyncing,4,0,4
reszz,0,2,2
ret,11,3,14
reta,0,3,3
retaaaaaaail,0,1,1
retaaaaard,0,1,1
retail,91,89,180
retailer,9,5,14
retailers,7,3,10
retailing,1,2,3
retails,1,0,1
retain,10,13,23
retained,5,5,10
retainer,48,9,57
retainers,26,5,31
retaining,9,1,10
retains,5,1,6
retaired,1,0,1
retake,41,4,45
retakes,3,0,3
retakin,1,0,1
retaking,3,1,4
retaliate,2,0,2
retaliated,1,4,5
retaliates,1,0,1
retaliating,0,1,1
retaliation,4,3,7
retaner,1,0,1
retard,61,40,101
retardant,1,0,1
retardation,1,1,2
retardd,0,1,1
retardddddd,1,0,1
retarded,193,113,306
retardedddd,0,1,1
retardeddddd,0,1,1
retardeddddddd,0,1,1
retardedly,1,2,3
retardedness,2,2,4
retarditis,0,1,1
retardo,2,0,2
retardos,1,1,2
retards,8,14,22
retarede,1,0,1
retareded,0,1,1
retaring,0,1,1
retartded,2,0,2
retarted,15,5,20
retartedd,0,1,1
retary,1,0,1
retch,2,0,2
retched,1,0,1
retching,5,0,5
retcon,0,1,1
retconned,1,0,1
retea,0,1,1
reteach,1,2,3
reteeeting,0,1,1
retelistica,0,1,1
retelling,0,2,2
retent,1,0,1
retention,4,5,9
retentions,0,1,1
retentive,3,1,4
retentiveness,0,1,1
retest,10,0,10
retesting,1,0,1
retexturing,0,1,1
retford,2,1,3
retfrd,1,0,1
rethimnon,1,0,1
rething,1,0,1
rethink,28,18,46
rethinking,16,6,22
rethred,0,1,1
retial,0,1,1
reticent,0,1,1
retiche,0,1,1
retief,0,1,1
retier,1,0,1
retina,4,0,4
retinal,4,1,5
retinas,1,0,1
retinolic,1,0,1
retirament,0,1,1
retire,77,50,127
retired,63,42,105
retireddj,0,1,1
retirees,6,1,7
retireing,1,0,1
retirement,38,39,77
retirements,0,1,1
retiremnt,1,0,1
retires,7,2,9
retiries,1,0,1
retiring,33,12,45
retirment,0,2,2
retiro,2,1,3
retitle,1,1,2
reto,1,0,1
retold,1,0,1
retool,0,1,1
retopping,0,1,1
retoric,1,0,1
retorica,1,0,1
retorical,0,1,1
retort,2,3,5
retorted,1,1,2
retorting,0,1,1
retotd,0,1,1
retouch,3,1,4
retouched,0,1,1
retouchin,0,1,1
retouching,1,2,3
retour,3,0,3
retox,1,2,3
retquestin,1,0,1
retr,1,0,1
retrace,2,1,3
retraced,2,0,2
retracement,0,1,1
retracing,1,1,2
retrack,0,1,1
retract,10,8,18
retractable,1,3,4
retractar,1,0,1
retracted,2,2,4
retracting,5,2,7
retrain,1,3,4
retraining,0,1,1
retrains,0,1,1
retread,1,1,2
retreat,65,75,140
retreated,1,4,5
retreating,3,2,5
retreatmates,0,1,1
retreats,0,1,1
retreive,1,0,1
retreiver,1,0,1
retrenched,0,1,1
retrenchment,0,1,1
retribution,2,6,8
retried,3,0,3
retries,1,0,1
retrievable,1,1,2
retrieval,2,2,4
retrievd,1,0,1
retrieve,25,6,31
retrieved,7,5,12
retriever,19,15,34
retrievers,3,3,6
retrieving,2,7,9
retriver,1,0,1
retrivers,1,1,2
retro,39,74,113
retroactive,1,0,1
retroactively,2,1,3
retrofit,1,2,3
retrog,0,1,1
retrogaming,1,1,2
retrograde,4,7,11
retromodern,1,0,1
retrorewind,1,4,5
retros,0,2,2
retrospect,8,3,11
retrospective,2,1,3
retrospectively,0,1,1
retrotoon,0,1,1
retrotranslated,1,0,1
retrouve,0,1,1
retrun,0,1,1
retry,8,3,11
retrying,4,1,5
retsambew,5,3,8
retsi,1,0,1
retsina,1,0,1
rett,2,1,3
retta,1,0,1
rette,0,1,1
retturns,1,0,1
retty,0,1,1
retu,0,1,1
returm,1,0,1
return,640,576,1216
returnable,1,0,1
returnare,0,1,1
returnd,1,0,1
returned,202,172,374
returnees,0,1,1
returnes,0,1,1
returng,1,0,1
returning,129,86,215
returniths,1,0,1
returnjosh,1,0,1
returnn,2,0,2
returnng,0,1,1
returnofthejedi,0,1,1
returns,102,94,196
retwee,0,6,6
retweeeeat,0,1,1
retweet,125,569,694
retweetable,0,5,5
retweete,0,1,1
retweeted,13,56,69
retweeter,0,5,5
retweeters,1,2,3
retweetersrock,0,1,1
retweetin,1,1,2
retweeting,48,120,168
retweetist,0,1,1
retweeto,0,1,1
retweetrank,0,1,1
retweets,16,79,95
retweetworthy,1,0,1
retwist,1,1,2
retwisting,0,1,1
retwit,0,5,5
retwits,0,1,1
retwitt,0,3,3
retwittable,0,1,1
retwitter,1,0,1
retwitting,1,1,2
retxt,1,0,1
retype,5,1,6
retyped,2,0,2
retyping,1,0,1
retzlaff,0,1,1
reu,3,1,4
reuben,2,10,12
reubens,1,2,3
reuby,1,0,1
reuin,1,0,1
reuinions,0,1,1
reuinited,0,1,1
reuland,1,0,1
reult,0,1,1
reune,0,1,1
reuni,1,0,1
reunian,1,0,1
reunification,1,0,1
reuninion,1,0,1
reunion,214,238,452
reuniones,1,0,1
reuniong,0,1,1
reunionnn,1,0,1
reunionnnn,1,0,1
reunionpicknick,1,0,1
reunions,6,17,23
reunioun,0,1,1
reunitation,1,0,1
reunite,10,16,26
reunited,11,51,62
reunites,1,0,1
reuniting,5,10,15
reunun,1,0,1
reup,2,0,2
reupholster,1,1,2
reupload,4,2,6
reuploaded,1,2,3
reupped,1,0,1
reurbished,1,0,1
reurn,0,1,1
reurning,1,0,1
reusable,5,6,11
reuse,4,8,12
reused,3,2,5
reusesc,0,1,1
reusit,1,1,2
reusite,0,1,1
reusittttttt,0,1,1
reut,0,2,2
reuter,0,1,1
reuters,5,6,11
reutimann,1,3,4
rev,49,57,106
reva,5,1,6
revalation,2,0,2
revalations,1,0,1
revamp,13,12,25
revamped,4,8,12
revamping,8,10,18
revbise,1,0,1
revcovered,0,1,1
reveal,21,56,77
revealed,28,35,63
revealing,16,16,32
revealings,0,1,1
reveals,10,9,19
revee,0,1,1
revees,0,1,1
reveille,0,1,1
reveive,0,1,1
reveived,0,1,1
reveiw,0,2,2
reveiwing,1,0,1
revel,3,4,7
revela,0,1,1
revelaaaation,0,1,1
revelation,11,25,36
revelations,5,9,14
reveling,2,7,9
revell,0,1,1
revelling,1,1,2
revello,1,0,1
revelroom,0,1,1
revelry,2,2,4
revels,3,3,6
revenge,84,131,215
reveni,0,1,1
revenind,1,0,1
revenir,1,0,1
revenit,0,1,1
revenons,0,1,1
revent,1,0,1
reventon,0,1,1
revenue,9,21,30
revenues,2,2,4
rever,2,0,2
reverands,0,1,1
reverb,4,6,10
reverberating,2,0,2
reverberations,1,0,1
reverbin,1,0,1
reverbnation,3,6,9
revere,1,0,1
revered,1,3,4
reverence,0,2,2
reverences,0,1,1
reverend,1,3,4
reverened,0,1,1
reverent,0,1,1
reverie,0,2,2
revers,0,1,1
reversable,0,1,1
reversal,3,7,10
reverse,56,42,98
reversed,13,12,25
reverses,0,1,1
reversi,1,0,1
reversible,1,3,4
reverside,0,1,1
reversing,7,3,10
reversly,0,1,1
revert,16,4,20
reverted,10,2,12
reverter,0,1,1
reverting,4,7,11
reverts,1,0,1
reves,0,2,2
revesby,1,0,1
revesdoux,2,0,2
revet,1,0,1
revice,1,0,1
revie,1,0,1
revied,0,1,1
revield,0,1,1
reviens,0,1,1
revient,1,2,3
review,359,676,1035
reviewcast,1,0,1
reviewed,24,28,52
reviewer,2,6,8
reviewers,4,6,10
reviewin,1,2,3
reviewing,47,69,116
reviewnya,0,1,1
reviews,177,205,382
reviiiiiiising,1,0,1
reviiiiise,1,0,1
reviin,1,0,1
reviison,1,0,1
reviling,1,0,1
reving,1,1,2
revior,0,1,1
revirando,1,0,1
revis,0,1,1
revisando,0,3,3
revisar,1,0,1
revise,530,193,723
revised,52,29,81
revisedd,0,1,1
revisee,4,0,4
reviseee,2,0,2
reviseeee,1,0,1
reviseeeee,2,0,2
reviseeeeeeeeeee,1,0,1
reviseing,1,0,1
revises,1,1,2
revish,2,0,2
revisi,1,0,1
revisied,1,0,1
revisig,1,0,1
revisiing,1,0,1
revisiinnggg,0,1,1
revisin,25,8,33
revising,721,255,976
revisingg,4,0,4
revisinggg,3,0,3
revisingggg,1,0,1
revisingggggg,0,1,1
revisinggggggg,1,0,1
revisinyaaa,1,0,1
revision,1364,542,1906
revisionathon,1,0,1
revisione,1,0,1
revisiong,1,0,1
revisionisation,1,0,1
revisionn,3,2,5
revisionnn,2,2,4
revisionnnn,2,0,2
revisionnnnn,2,0,2
revisionnnnnn,1,0,1
revisions,23,14,37
revisionz,1,0,1
revisit,8,8,16
revisited,5,11,16
revisiting,4,10,14
reviso,0,1,1
revison,10,3,13
revisong,0,1,1
revisons,0,1,1
revissiiooon,1,0,1
revission,1,0,1
revissssssseeeeeeee,1,0,1
revista,0,2,2
revisting,1,0,1
revit,1,0,1
revita,0,1,1
revital,0,2,2
revitalash,0,1,1
revitalised,0,2,2
revitalising,0,1,1
revitalize,0,1,1
revitalized,1,1,2
revitalizing,0,2,2
revival,6,20,26
revivalists,1,0,1
revivals,0,1,1
revivd,0,1,1
revive,21,7,28
revived,4,15,19
revivemymind,0,1,1
revives,2,0,2
reviving,4,7,11
revivir,1,1,2
reviwing,1,0,1
revize,1,0,1
revlations,0,1,1
revlon,7,8,15
revnice,1,0,1
revo,2,8,10
revocer,0,1,1
revoir,14,12,26
revoire,0,1,1
revoirrr,1,0,1
revoke,9,0,9
revoked,6,2,8
revokes,1,0,1
revoking,1,1,2
revol,1,0,1
revolation,0,1,1
revoloution,1,0,1
revolt,8,7,15
revolta,0,1,1
revoltechs,1,0,1
revolted,3,0,3
revolting,13,9,22
revoltingly,1,0,1
revolts,0,1,1
revolucion,1,3,4
revoluion,0,1,1
revolution,50,91,141
revolutionary,18,32,50
revolutionchurch,0,2,2
revolutionists,0,1,1
revolutionize,0,5,5
revolutionized,0,2,2
revolutionizes,1,0,1
revolutionizing,0,2,2
revolutions,2,2,4
revolutonary,1,0,1
revolve,11,9,20
revolved,1,0,1
revolver,3,6,9
revolves,7,7,14
revolving,4,7,11
revote,1,1,2
revovering,0,1,1
revox,0,1,1
revrev,1,0,1
revrun,0,3,3
revrunwisdom,0,2,2
revs,2,11,13
revsing,1,1,2
revsion,13,1,14
revue,0,2,2
revv,1,0,1
revved,0,5,5
revvell,0,1,1
revver,1,0,1
revvin,1,1,2
revving,5,3,8
revvvolution,0,1,1
revvy,1,0,1
revwar,0,1,1
revy,0,1,1
revyyyy,1,0,1
rew,1,2,3
rewallt,1,0,1
rewan,1,0,1
reward,34,155,189
rewarded,6,22,28
rewardh,0,1,1
rewarding,10,52,62
rewards,10,21,31
rewared,0,1,1
rewarm,0,1,1
rewash,0,1,1
rewatch,19,25,44
rewatched,5,11,16
rewatches,2,0,2
rewatchin,1,0,1
rewatching,11,25,36
rewateched,1,0,1
rewd,1,0,1
rewe,1,4,5
rewearable,0,1,1
rewel,0,1,1
rewidder,0,1,1
rewiind,1,0,1
rewind,44,38,82
rewindd,1,0,1
rewinded,0,2,2
rewinding,3,6,9
rewings,2,0,2
rewins,1,0,1
rewire,2,2,4
rewires,0,1,1
rewiring,3,1,4
rewish,1,0,1
rewli,2,0,2
rewoke,1,1,2
reword,1,1,2
reworded,0,1,1
rework,10,4,14
reworked,0,4,4
reworking,4,1,5
rewound,2,2,4
rewrapped,0,1,1
rewrite,41,22,63
rewritebase,0,1,1
rewrites,1,4,5
rewriting,16,7,23
rewritten,4,2,6
rewritting,0,1,1
rewrote,4,2,6
rewteet,0,2,2
rewyneofficialpage,0,1,1
rex,41,31,72
rexall,2,0,2
rexam,1,0,1
rexburg,1,0,1
rexft,1,0,1
rexie,1,0,1
rexified,1,0,1
rexmurda,0,1,1
rexona,0,1,1
rext,0,1,1
rexy,4,3,7
rey,24,23,47
reya,1,0,1
reyah,0,1,1
reycie,0,1,1
reyes,10,8,18
reyghan,1,0,1
reyhan,1,0,1
reykjavik,1,3,4
reyl,1,0,1
reymee,0,1,1
reymond,0,1,1
reyna,2,2,4
reynaldo,0,1,1
reynalds,0,1,1
reynaulds,1,0,1
reyner,1,0,1
reynholm,0,1,1
reynold,0,3,3
reynolds,24,32,56
reynoldssss,0,1,1
reyog,1,0,1
reyruccio,0,1,1
reyt,2,4,6
rez,12,7,19
reza,3,4,7
rezai,1,1,2
rezday,0,1,1
rezed,0,1,1
rezeki,0,2,2
rezki,1,0,1
rezky,1,0,1
reznicek,1,0,1
reznick,0,1,1
reznor,12,21,33
rezo,0,1,1
rezolvata,0,1,1
rezolve,0,2,2
rezon,1,0,1
rezoning,1,0,1
rezpondr,0,1,1
rezvamp,0,1,1
rezzing,1,0,1
rezzopaviro,0,1,1
rf,20,11,31
rfactor,0,1,1
rfate,0,1,1
rfc,2,2,4
rfconlinemedia,0,1,1
rfd,2,0,2
rfday,0,1,1
rfelbeutel,1,0,1
rff,0,1,1
rfg,0,1,1
rfgen,1,0,1
rfgo,1,0,1
rfi,0,1,1
rfid,6,6,12
rfidtags,0,1,1
rfk,1,1,2
rfkc,1,0,1
rfl,1,2,3
rfol,2,7,9
rfp,2,1,3
rfpt,0,1,1
rfq,1,2,3
rfr,2,1,3
rfrglk,0,1,1
rft,1,0,1
rg,32,24,56
rgamethi,1,0,1
rgan,0,1,1
rganize,1,0,1
rgb,1,3,4
rgds,0,2,2
rge,0,1,1
rgen,0,1,1
rgerlich,1,0,1
rgesthuizen,0,1,1
rgh,1,1,2
rghh,1,0,1
rghhhhhh,1,0,1
rghostbusters,1,0,1
rght,6,4,10
rgiht,1,0,1
rgis,1,0,1
rgn,1,0,1
rgr,1,0,1
rgrik,1,0,1
rgryte,0,1,1
rgs,0,3,3
rgt,1,1,2
rgypt,1,0,1
rgzam,0,1,1
rh,12,9,21
rha,1,0,1
rhaaaa,1,0,1
rhaid,1,0,1
rhalon,1,0,1
rhames,0,1,1
rhandy,0,1,1
rhap,1,0,1
rhapsody,12,16,28
rharper,0,1,1
rhat,1,0,1
rhcp,2,9,11
rhd,2,0,2
rhe,1,4,5
rhea,3,3,6
rheal,0,1,1
rheannan,0,1,1
rheard,0,1,1
rheckendo,0,1,1
rhee,1,1,2
rheem,0,1,1
rhein,0,2,2
rheingau,1,0,1
rheinufer,0,1,1
rhel,2,0,2
rhem,0,1,1
rhema,2,0,2
rhemar,0,1,1
rhematoid,1,0,1
rhenayapelagia,1,0,1
rhenvar,1,0,1
rhersals,0,1,1
rhestr,1,0,1
rhesus,0,1,1
rhetoric,3,8,11
rhetorical,4,18,22
rhetorics,1,0,1
rhett,3,7,10
rhetter,0,1,1
rheumatic,1,0,1
rheumatoid,1,0,1
rheumatologist,1,0,1
rheumy,2,1,3
rhev,0,1,1
rhh,0,1,1
rhi,4,2,6
rhia,2,0,2
rhian,0,3,3
rhianna,4,2,6
rhiannes,0,1,1
rhiannon,6,6,12
rhiannons,0,1,1
rhianon,1,0,1
rhida,0,1,1
rhimes,2,0,2
rhind,0,1,1
rhine,2,2,4
rhinebeck,0,1,1
rhinecruise,0,1,1
rhineeees,0,1,1
rhineland,0,1,1
rhinestone,0,2,2
rhinestoned,0,2,2
rhinestones,1,5,6
rhinestoning,0,3,3
rhinitis,8,0,8
rhink,3,1,4
rhino,14,13,27
rhinoceros,0,1,1
rhinocerous,1,0,1
rhinoplasty,1,0,1
rhinos,3,3,6
rhirhi,1,1,2
rhis,2,0,2
rhix,0,2,2
rhizome,0,1,1
rhj,1,0,1
rhmf,0,1,1
rhn,1,0,1
rhnj,5,0,5
rhny,0,1,1
rho,2,1,3
rhoades,2,0,2
rhoads,0,1,1
rhoby,0,1,1
rhod,1,1,2
rhoda,0,3,3
rhodan,1,0,1
rhode,10,14,24
rhodes,6,7,13
rhodesia,1,0,1
rhodesian,0,1,1
rhodey,1,0,1
rhodia,1,0,1
rhododendron,0,1,1
rhody,1,4,5
rhoi,1,1,2
rholmen,1,0,1
rhombus,1,1,2
rhon,1,0,1
rhona,3,4,7
rhonaaa,0,1,1
rhonda,5,8,13
rhonday,0,1,1
rhone,0,3,3
rhonika,0,1,1
rhonj,5,0,5
rhosilli,0,1,1
rhotacism,0,2,2
rhough,1,1,2
rhowan,0,1,1
rhpdes,0,1,1
rhps,2,2,4
rhr,0,1,1
rhrsals,0,1,1
rhs,4,11,15
rhtc,1,0,1
rhthym,1,0,1
rhtymn,0,1,1
rhubarb,15,41,56
rhubarbpie,0,1,1
rhubard,3,1,4
rhuby,1,0,1
rhul,1,0,1
rhum,2,4,6
rhumatologist,1,0,1
rhumba,1,2,3
rhus,1,4,5
rhw,1,1,2
rhwnj,1,0,1
rhwo,1,0,1
rhx,0,1,1
rhy,1,1,2
rhyan,1,0,1
rhyder,1,0,1
rhydian,1,0,1
rhye,1,0,1
rhyl,1,1,2
rhylee,0,1,1
rhym,0,1,1
rhyme,23,47,70
rhymed,2,23,25
rhymefest,1,0,1
rhymenoceros,0,1,1
rhymer,0,1,1
rhymes,29,63,92
rhymie,0,1,1
rhyming,5,22,27
rhymingrockstar,0,1,1
rhymyinh,0,1,1
rhyno,1,0,1
rhys,19,14,33
rhyse,1,3,4
rhysy,1,0,1
rhythm,27,54,81
rhythmic,1,3,4
rhythmically,0,1,1
rhythms,1,3,4
rhythym,0,1,1
rhytm,0,1,1
rhywyn,1,0,1
ri,47,52,99
ria,11,15,26
riaa,10,1,11
riaaaaaaaaa,0,1,1
riabko,0,1,1
riaforge,1,0,1
riah,0,5,5
rial,2,1,3
rialable,1,0,1
rialto,0,2,2
rian,19,15,34
riane,1,2,3
rianing,1,0,1
riann,1,1,2
rianna,1,2,3
rianne,0,2,2
riannee,1,0,1
riannna,1,0,1
riannon,0,2,2
riaos,1,0,1
rias,0,4,4
riats,1,0,1
rib,53,30,83
riba,1,0,1
ribak,0,1,1
ribang,1,0,1
ribbed,1,1,2
ribber,1,0,1
ribbet,0,1,1
ribbin,1,0,1
ribbing,2,5,7
ribbit,4,3,7
ribble,0,1,1
ribbledale,0,1,1
ribblet,1,0,1
ribbon,28,34,62
ribboned,1,0,1
ribbons,6,8,14
ribbonzzz,1,0,1
ribbster,0,1,1
ribbun,1,0,1
ribcage,6,3,9
ribco,0,1,1
ribe,1,1,2
ribeana,0,1,1
ribena,17,11,28
ribenaaaa,0,1,1
ribenas,1,0,1
ribery,1,1,2
ribet,3,1,4
ribeye,3,3,6
ribeyes,1,2,3
ribfest,1,3,4
ribisi,0,1,1
ribiting,1,0,1
ribka,0,1,1
ribo,0,1,1
riboff,1,0,1
riboflavin,0,2,2
riboville,1,0,1
ribroast,1,0,1
ribs,124,127,251
ribut,2,0,2
ric,9,12,21
rica,26,49,75
ricafooooort,1,0,1
rican,14,19,33
ricann,0,1,1
ricans,0,1,1
ricant,0,1,1
ricardo,4,5,9
ricards,1,0,1
ricc,1,0,1
riccardo,1,1,2
ricci,4,1,5
riccy,1,0,1
ricdiculously,1,0,1
rice,350,438,788
riceamp,0,1,1
ricearoni,1,0,1
riceball,0,1,1
ricebunny,1,0,1
ricecakes,4,0,4
ricechex,0,1,1
ricecooker,1,0,1
ricee,0,1,1
riceing,1,0,1
riceisgoody,1,0,1
ricel,1,0,1
ricer,3,1,4
ricerche,0,1,1
ricers,1,0,1
rices,1,1,2
rich,261,306,567
richadesida,1,0,1
richagain,2,0,2
richanafbaby,0,1,1
richard,92,188,280
richardaznar,0,1,1
richarddddd,0,1,1
richardlynch,1,0,1
richardmarx,0,1,1
richardphung,0,1,1
richards,17,25,42
richardsolo,1,0,1
richardson,17,6,23
richardsonmatt,0,1,1
richardwiseman,0,1,1
richbuff,0,1,1
riche,0,1,1
richelle,4,5,9
richeng,0,1,1
richer,17,28,45
riches,7,9,16
richest,0,2,2
richey,0,4,4
richfaces,2,0,2
richfigray,0,1,1
richgirl,1,3,4
richgirls,1,0,1
richhard,1,0,1
richhh,1,0,1
richhhh,0,2,2
richie,27,37,64
richiee,0,1,1
richieee,0,1,1
richies,2,1,3
richland,1,0,1
richly,0,6,6
richman,1,3,4
richmond,83,66,149
richness,2,1,3
richo,1,0,1
richradin,1,0,1
richs,0,2,2
richt,1,0,1
richtea,0,1,1
richter,6,8,14
richtig,0,1,1
richting,1,2,3
richton,0,1,1
richy,2,1,3
richys,1,0,1
ricicles,0,1,1
riciculous,0,1,1
ricidulous,0,1,1
ricing,0,1,1
ricious,0,1,1
rick,102,135,237
ricka,0,1,1
rickard,1,0,1
rickards,0,1,1
rickbaker,6,0,6
rickenbacker,0,2,2
ricket,0,1,1
ricketts,1,0,1
rickety,3,2,5
rickey,3,5,8
rickg,0,2,2
ricki,2,6,8
rickie,0,3,3
rickk,0,1,1
rickkky,0,1,1
rickman,5,4,9
ricko,2,0,2
rickolas,0,1,1
rickoshay,1,0,1
rickprobstein,0,1,1
rickrack,0,1,1
rickroll,9,7,16
rickrolled,9,0,9
rickroller,0,1,1
rickrolling,0,1,1
ricks,3,5,8
rickshaw,3,5,8
rickshaws,1,0,1
rickster,0,1,1
rickwari,0,1,1
ricky,84,81,165
rickyfails,0,1,1
rickyross,0,1,1
rickys,3,2,5
rickyterror,1,0,1
rickyyyy,2,0,2
rickyyyyyy,1,0,1
rico,74,64,138
ricochet,0,1,1
ricockulous,0,1,1
ricoebe,0,1,1
ricoh,2,4,6
ricola,6,2,8
ricoo,1,0,1
ricooo,1,0,1
ricoooooo,1,0,1
ricos,1,0,1
ricotta,6,8,14
ricowboy,0,1,1
rics,0,2,2
rictor,1,0,1
ricz,0,1,1
rid,592,262,854
rida,10,32,42
ridaa,0,1,1
ridaaa,0,1,1
ridaaaa,0,1,1
ridance,0,1,1
ridata,1,0,1
ridculously,1,0,1
ridd,1,2,3
ridda,3,1,4
riddance,5,12,17
ridde,0,1,1
riddel,1,0,1
ridden,48,19,67
riddens,1,1,2
riddick,1,5,6
riddicks,1,0,1
riddim,2,7,9
riddims,0,1,1
ridding,4,7,11
riddle,9,16,25
riddled,7,1,8
riddler,1,1,2
riddleria,1,0,1
riddles,2,8,10
riddy,1,1,2
ride,1558,1574,3132
rideau,5,2,7
rideback,0,1,1
ridee,3,1,4
rideee,1,1,2
rideeeee,1,0,1
ridehalgh,0,1,1
rideless,1,0,1
ridemakerz,0,1,1
riden,1,1,2
rideoff,0,1,1
rideout,2,1,3
rider,33,54,87
riders,18,28,46
rides,141,138,279
ridess,0,1,1
ridesss,1,0,1
ridetoconquer,1,0,1
ridetowork,1,0,1
ridge,12,29,41
ridgeback,0,3,3
ridgecrest,1,2,3
ridgefield,1,2,3
ridgeline,1,0,1
ridgemont,0,2,2
ridgerock,0,1,1
ridges,0,3,3
ridgeway,2,2,4
ridgewood,1,0,1
ridgewoods,1,0,1
ridic,26,13,39
ridiccc,1,0,1
ridicilous,1,1,2
ridiciolous,1,0,1
ridicioulous,0,1,1
ridick,0,1,1
ridiclous,1,0,1
ridiclulous,1,0,1
ridicolous,1,0,1
ridicoulus,0,2,2
ridicously,3,0,3
ridicukous,0,1,1
ridicul,1,0,1
ridiculas,3,0,3
ridiculawesome,0,1,1
ridicule,3,3,6
ridiculed,2,2,4
ridiculing,1,0,1
ridiculolus,1,0,1
ridiculos,1,0,1
ridiculosly,3,0,3
ridiculous,395,221,616
ridiculously,166,88,254
ridiculousness,3,5,8
ridiculousss,1,1,2
ridiculoussss,1,0,1
ridiculousssss,0,1,1
ridiculoussssss,1,0,1
ridiculus,5,1,6
ridicuolous,1,0,1
ridicuous,1,0,1
ridicuousss,0,1,1
ridiiiing,0,1,1
ridikulus,1,0,1
ridin,22,29,51
riding,357,428,785
ridinggg,0,1,1
ridings,0,1,1
ridiously,1,0,1
ridiuclous,1,0,1
ridiulously,1,0,1
ridn,1,1,2
rido,2,0,2
ridonculous,0,1,1
ridonkulous,2,1,3
ridonkulously,0,2,2
riduculously,1,0,1
ridulous,1,0,1
ridulously,0,1,1
ridwan,0,1,1
rie,4,2,6
rieber,0,1,1
riechen,1,0,1
ried,1,1,2
riedel,0,3,3
riee,1,0,1
rieger,0,1,1
riehl,0,1,1
riek,0,1,1
riekie,0,1,1
rielle,0,2,2
rielly,1,0,1
rien,5,7,12
riendo,0,1,1
riendz,1,0,1
riengrind,1,0,1
rieno,0,1,1
riera,0,1,1
ries,3,4,7
riese,0,2,2
riesling,4,7,11
rieslings,0,1,1
riess,0,1,1
rieu,0,2,2
rieva,1,0,1
riewoldt,0,1,1
rif,1,6,7
rifa,0,1,1
rifdi,1,0,1
rife,1,0,1
riff,11,17,28
riffage,0,1,1
riffers,0,1,1
riffic,1,0,1
riffin,1,0,1
riffs,3,9,12
rifftrax,2,8,10
riffz,0,1,1
rific,1,2,3
rifky,1,0,1
rifle,12,6,18
rifles,2,2,4
rifraf,0,1,1
rift,3,2,5
rig,14,26,40
riga,5,10,15
rigalski,0,1,1
rigao,1,0,1
rigati,1,0,1
rigatoni,0,4,4
rigby,1,1,2
rigde,1,0,1
rigets,0,1,1
rigeurs,1,0,1
rigfht,0,1,1
rigg,1,0,1
riggan,1,0,1
rigged,7,8,15
riggens,1,0,1
riggers,0,1,1
rigggght,0,2,2
rigggghtt,0,1,1
riggght,0,1,1
rigght,1,1,2
riggies,0,1,1
rigging,3,4,7
riggle,1,0,1
riggot,0,1,1
riggs,3,1,4
righ,10,8,18
righhhhht,0,1,1
righhht,0,3,3
righhhtt,0,1,1
righht,0,3,3
righhtt,0,1,1
righing,1,0,1
righr,1,0,1
right,15069,12814,27883
rightard,0,1,1
rightards,0,1,1
rightaway,1,0,1
rightbdown,1,0,1
rightclick,2,0,2
righte,0,1,1
righted,0,2,2
rightened,0,1,1
righteous,18,19,37
righteously,1,2,3
righteousness,2,5,7
rightful,3,7,10
rightfully,8,8,16
righthand,0,1,1
rightho,0,1,1
righties,1,0,1
righting,2,1,3
rightio,0,5,5
rightists,0,1,1
rightly,9,11,20
rightmove,1,0,1
rightn,1,1,2
rightnow,6,8,14
righto,5,10,15
rightous,0,2,2
rights,109,90,199
rightscale,0,1,1
rightshifting,0,1,1
rightside,0,3,3
rightsizing,1,0,1
rightstuf,0,1,1
rightt,8,14,22
rightto,1,0,1
righttsss,0,1,1
righttt,4,7,11
rightttt,6,4,10
righttttt,0,2,2
rightttttttt,1,0,1
rightturn,1,0,1
rightup,0,1,1
rightwing,0,2,2
rightwinuts,1,0,1
righty,7,15,22
rightyo,3,0,3
righy,1,0,1
rigid,3,6,9
rigjht,1,0,1
rigmarole,0,1,1
rignt,1,0,1
rigo,1,1,2
rigoberto,1,0,1
rigobertoo,0,1,1
rigobertos,1,1,2
rigor,2,0,2
rigorous,1,5,6
rigorously,1,1,2
rigot,0,1,1
rigours,0,1,1
rigrag,1,0,1
rigs,5,3,8
rigsbys,0,1,1
rigshot,1,0,1
rigt,4,2,6
rigth,8,5,13
rigths,1,0,1
riguer,0,1,1
rigwhy,1,0,1
rih,5,1,6
rihal,1,0,1
rihana,0,1,1
rihanna,39,53,92
rihannadaily,1,0,1
rihannaofficial,1,0,1
rihannas,0,1,1
rihards,1,0,1
rihgt,1,0,1
rihito,1,0,1
rihroafhf,1,0,1
riht,1,1,2
rii,3,2,5
riigggght,0,1,1
riigh,0,1,1
riighhhttt,1,0,1
riight,2,7,9
riightt,0,1,1
riihh,1,0,1
riiida,0,1,1
riiidddddeeee,0,1,1
riiiggghhht,0,1,1
riiiggght,0,1,1
riiight,13,13,26
riiiice,0,1,1
riiiidiculous,0,1,1
riiiigghhhht,0,1,1
riiiighhttt,1,0,1
riiiight,7,9,16
riiiiiccckkkkyyy,1,0,1
riiiiidiculous,0,1,1
riiiiight,2,8,10
riiiiiide,1,0,1
riiiiiiggggggghhhtt,0,1,1
riiiiiiight,0,1,1
riiiiiiiicky,0,1,1
riiiiiiiightttt,0,1,1
riiiiiiiiight,0,3,3
riiiiiiiiiiight,0,1,1
riiiiiiiiiiiight,0,1,1
riiiiiiiiiiiiight,0,1,1
riiiiiiiiing,0,1,1
riiiiiiiising,0,1,1
riiiiiip,1,0,1
riiiiing,0,1,1
riiiiio,0,1,1
riiiing,0,1,1
riikka,1,0,1
riiko,1,0,1
riingen,1,0,1
riings,1,0,1
riio,1,0,1
riiqht,1,0,1
riite,3,0,3
riitte,1,0,1
riitteeee,0,1,1
rijkswaterstaat,0,1,1
rijn,1,0,1
rik,6,4,10
rikatuesday,1,0,1
rike,3,3,6
riker,3,3,6
rikers,0,1,1
riki,0,1,1
rikk,1,1,2
rikka,0,1,1
rikke,0,2,2
rikkes,0,1,1
rikki,5,2,7
rikku,2,1,3
rikkusdream,0,1,1
rikmanis,1,0,1
riko,1,0,1
rikrak,0,1,1
riks,0,2,2
rikshaw,0,1,1
riku,3,0,3
ril,0,3,3
rile,0,2,2
riled,2,5,7
rileeey,0,1,1
riles,1,1,2
riley,35,49,84
rileybear,1,1,2
rileyh,1,0,1
rileys,1,4,5
rilgon,0,1,1
rili,1,4,5
rill,2,0,2
riller,0,1,1
rilli,1,1,2
rilliam,0,1,1
rilling,0,1,1
rillito,1,0,1
rilo,0,2,2
rily,5,0,5
rim,20,17,37
rima,2,3,5
rimac,1,0,1
rimas,1,0,1
rimbaud,2,0,2
rime,0,1,1
rimes,1,5,6
rimi,0,1,1
rimini,3,2,5
rimjobs,1,0,1
rimmed,2,1,3
rimmel,2,2,4
rimmer,0,3,3
rimming,1,0,1
rimmington,1,0,1
rimou,0,1,1
rims,12,14,26
rimshot,1,2,3
rimsky,0,1,1
rin,51,50,101
rina,3,8,11
rinaaa,1,0,1
rinacee,1,1,2
rinaldi,0,1,1
rinaz,0,1,1
rince,1,0,1
rincewind,0,1,1
rincon,3,4,7
rind,2,1,3
rindee,0,1,1
rindi,0,1,1
rinding,0,1,1
rindo,2,0,2
rinds,2,2,4
rindu,3,0,3
rinduuuu,0,1,1
rine,3,0,3
ring,630,515,1145
ringable,0,1,1
ringan,0,1,1
ringback,1,3,4
ringbackk,0,1,1
ringbearer,0,1,1
ringcon,1,0,1
ringed,8,0,8
ringen,0,1,1
ringer,14,6,20
ringerike,0,1,1
ringers,2,3,5
ringfinger,0,1,1
ringg,0,2,2
ringgg,4,0,4
ringgit,2,0,2
ringhunt,3,1,4
ringin,5,3,8
ringing,143,58,201
ringinggg,1,0,1
ringings,0,1,1
ringleader,0,3,3
ringlets,3,2,5
ringling,2,0,2
ringmaster,1,2,3
ringneck,1,0,1
ringo,13,11,24
ringoffire,0,1,1
ringos,1,0,1
ringpop,0,1,1
ringringringring,1,0,1
ringrone,0,1,1
rings,134,167,301
ringside,3,3,6
ringsss,0,1,1
ringtone,42,92,134
ringtones,32,74,106
ringu,0,1,1
ringwald,1,1,2
ringwond,1,0,1
ringwood,0,3,3
ringworld,1,0,1
ringworm,5,2,7
ringz,0,1,1
rini,0,3,3
riniging,1,0,1
rining,1,0,1
rinitis,1,0,1
rink,22,16,38
rinks,3,0,3
rinku,0,1,1
rinky,1,1,2
rinn,2,0,2
rinna,1,1,2
rinnah,0,1,1
rinnavation,1,1,2
rinne,1,2,3
rinny,0,1,1
rino,4,0,4
rinos,0,1,1
rinpoche,0,1,1
rinq,2,2,4
rinqq,0,1,1
rins,1,0,1
rinse,17,23,40
rinsed,3,3,6
rinsing,4,0,4
rinstallation,1,0,1
rinstones,1,0,1
riny,1,0,1
rio,178,140,318
rioja,3,1,4
rioooo,1,0,1
rioooot,0,1,1
riordan,0,2,2
rios,1,4,5
riot,47,71,118
riotact,1,0,1
riotfest,2,0,2
rioting,3,0,3
riotous,0,1,1
riots,23,5,28
rip,1486,132,1618
ripa,2,2,4
ripasso,0,1,1
ripcord,1,0,1
ripcurlz,1,0,1
ripe,18,21,39
riped,0,1,1
ripen,1,4,5
ripened,1,0,1
ripening,1,1,2
riperon,1,0,1
riperton,4,0,4
ripes,2,0,2
ripfarrahfawcett,1,0,1
riph,1,0,1
riping,1,1,2
ripit,1,1,2
ripjaws,0,1,1
riple,1,0,1
ripley,7,15,22
ripleys,0,3,3
ripoff,10,5,15
ripoffs,1,0,1
ripon,1,2,3
ripp,2,0,2
rippblock,0,1,1
ripped,241,49,290
rippen,1,0,1
ripper,8,11,19
rippers,1,0,1
ripperton,1,0,1
rippin,7,3,10
ripping,56,37,93
ripple,3,6,9
ripples,8,3,11
rippling,1,2,3
ripps,0,1,1
rippy,1,1,2
rippys,0,1,1
rips,16,3,19
ripsaw,0,1,1
ripstick,1,0,1
ripsticking,0,1,1
ripstiking,2,0,2
riptide,1,2,3
ripunclejerry,1,0,1
ripv,0,2,2
ripvos,0,1,1
riq,0,1,1
riqht,4,4,8
rir,1,2,3
rirakkuma,0,1,1
rire,0,2,2
riri,4,5,9
riribear,1,0,1
ririe,1,0,1
ririfenty,1,0,1
ririiiiiiiiiiiiiiiiiiiii,0,1,1
ririinu,0,1,1
ririka,1,0,1
ririrn,0,1,1
rirri,0,1,1
riry,1,0,1
ris,6,6,12
risa,1,6,7
risas,0,1,1
risate,0,1,1
rise,186,357,543
rised,0,3,3
risedronate,1,0,1
risee,0,2,2
risen,8,5,13
riser,4,11,15
riserbars,1,0,1
risers,6,3,9
riserva,2,0,2
rises,13,13,26
riseth,1,0,1
riseup,1,0,1
rish,0,3,3
risha,0,2,2
rishabh,0,1,1
rishee,0,1,1
rishi,2,2,4
rishikesh,1,1,2
rishloves,0,1,1
rishona,0,1,1
rishta,1,0,1
rishtay,0,1,1
risi,1,0,1
risin,1,1,2
rising,68,73,141
risk,106,121,227
riskant,0,1,1
riskay,0,1,1
risked,2,0,2
riskin,0,1,1
risking,5,4,9
riskk,0,1,1
risks,9,15,24
risky,22,19,41
risnaa,0,1,1
risoles,0,1,1
risos,2,0,2
risotto,4,18,22
risound,1,0,1
risp,2,1,3
risposta,0,1,1
risque,3,3,6
riss,2,3,5
rissa,4,9,13
rissaissaissaissaissa,1,0,1
rissamazing,1,0,1
rissani,1,0,1
rissaya,2,0,2
risse,0,2,2
rissole,0,1,1
rissoto,0,1,1
rissss,1,0,1
rissy,1,0,1
ristar,0,1,1
risti,0,1,1
ristiem,0,1,1
ristorante,1,3,4
ristretto,1,0,1
ristrettos,0,1,1
rit,3,7,10
rita,30,54,84
ritalin,1,4,5
ritas,11,13,24
ritch,0,2,2
ritches,0,1,1
ritcheys,0,1,1
ritchie,1,10,11
ritchies,1,0,1
ritde,1,0,1
rite,475,274,749
riteaid,0,2,2
riteee,2,2,4
riteeee,0,1,1
riteing,1,0,1
ritenow,2,0,2
riteo,1,0,1
rites,11,2,13
ritheram,0,1,1
rithmatic,1,0,1
ritias,0,1,1
ritif,0,1,1
ritm,0,2,2
ritmo,2,0,2
ritney,0,1,1
riton,1,0,1
ritou,1,0,1
ritournelle,0,1,1
ritsukakun,0,1,1
ritt,0,1,1
rittal,1,0,1
ritten,0,1,1
rittenhouse,1,1,2
ritter,5,5,10
ritters,0,2,2
rittle,1,0,1
ritual,18,37,55
ritualised,0,1,1
ritualistic,1,1,2
rituals,2,4,6
rituxan,1,0,1
ritz,19,25,44
ritza,0,1,1
ritzy,1,4,5
riue,1,0,1
riun,0,1,1
riung,0,1,1
riv,3,6,9
riva,1,6,7
rival,11,17,28
rivaled,1,0,1
rivalry,4,13,17
rivals,5,12,17
rivalsforever,0,1,1
rivaraa,0,1,1
rivas,0,2,2
rive,2,3,5
riven,0,1,1
river,277,351,628
rivera,2,5,7
riverad,0,2,2
riveraments,1,0,1
riverand,1,0,1
riverbank,1,0,1
riverbats,1,0,1
riverbed,1,1,2
riverbend,5,3,8
riverbluff,1,0,1
riverboat,1,0,1
rivercats,3,0,3
rivercenter,1,0,1
riverdale,1,3,4
riverdance,2,2,4
riverdancing,2,1,3
riverdans,1,0,1
rivered,4,0,4
riverfest,1,4,5
riverfront,0,2,2
riveria,0,1,1
rivering,1,0,1
riverisland,1,0,1
riverkings,0,1,1
riverlife,1,0,1
rivermont,0,1,1
riverparkkk,0,1,1
riverplace,1,0,1
rivers,21,29,50
riverside,25,22,47
riversideboy,0,1,1
riversie,1,0,1
riverspa,0,1,1
riversplash,0,2,2
riversrunred,1,0,1
riverting,0,1,1
rivertrail,0,1,1
rivervalley,1,0,1
riverview,1,6,7
riverwalk,5,16,21
riverway,1,0,1
riverwest,0,1,1
riverwind,0,2,2
riverwood,0,2,2
riverworld,0,1,1
rivesing,1,0,1
riveted,0,1,1
riveting,3,10,13
rivets,0,1,1
rivetting,1,0,1
rivi,1,1,2
riviera,3,8,11
riving,1,0,1
rivington,0,1,1
rivising,0,1,1
rivision,0,1,1
riviting,1,0,1
rivkah,1,0,1
rivo,0,1,1
rivoli,1,0,1
rix,0,2,2
rixfm,0,1,1
rixt,1,0,1
riyadh,1,9,10
riyadul,0,1,1
riyanis,0,1,1
riydah,1,0,1
riyoko,1,0,1
riz,1,7,8
rizal,3,5,8
rizaness,0,1,1
rize,1,0,1
rizhsky,0,1,1
rizing,0,1,1
rizla,2,0,2
rizo,1,0,1
rizon,1,0,1
rizons,1,0,1
rizqun,1,0,1
rizta,0,1,1
rizuan,0,1,1
rizvis,1,0,1
rizwan,1,0,1
rizz,1,1,2
rizza,2,1,3
rizzle,4,2,6
rizzo,3,1,4
rizzoakasoft,1,0,1
rizzoto,0,1,1
rizzy,1,0,1
rj,34,18,52
rja,1,4,5
rjam,1,0,1
rjay,1,0,1
rjbs,1,0,1
rjc,0,1,1
rjcccc,1,0,1
rjdi,1,0,1
rjdj,0,2,2
rjs,3,1,4
rjukan,0,1,1
rjvr,1,0,1
rk,24,21,45
rkable,0,2,2
rkc,0,2,2
rkd,0,1,1
rked,5,1,6
rkekonservativt,0,1,1
rkelly,1,1,2
rkellys,1,0,1
rken,2,2,4
rketing,1,0,1
rkey,1,0,1
rkezett,0,1,1
rkfd,1,0,1
rking,0,1,1
rkinkoph,0,1,1
rkmb,1,0,1
rkn,2,2,4
rko,0,4,4
rkop,0,2,2
rks,0,2,2
rksc,0,1,1
rkus,0,1,1
rkw,0,1,1
rky,0,1,1
rl,51,34,85
rla,0,1,1
rlandet,0,1,1
rlando,0,1,1
rlax,1,0,1
rlc,1,1,2
rlct,2,0,2
rld,0,4,4
rldsavi,0,1,1
rle,5,3,8
rleans,0,2,2
rlfans,1,7,8
rlgl,1,0,1
rli,2,0,2
rlich,1,5,6
rlig,0,1,1
rligiously,1,0,1
rlin,0,1,1
rling,0,1,1
rlk,0,1,1
rlllllllllllly,1,0,1
rllllyyy,1,0,1
rllly,1,0,1
rllmuk,4,1,5
rlly,86,39,125
rllyy,0,1,1
rlm,0,1,1
rlo,2,0,2
rlod,1,0,1
rlol,0,1,1
rls,3,1,4
rlsv,1,0,1
rlt,0,1,1
rltnshp,1,0,1
rltnshpbvberat,1,0,1
rlv,1,0,1
rlw,1,0,1
rly,251,92,343
rlyrly,1,1,2
rlyy,3,0,3
rlyyy,1,0,1
rlyyyy,0,1,1
rm,104,94,198
rma,5,5,10
rmadrid,1,0,1
rmagick,1,0,1
rmaking,1,0,1
rman,0,2,2
rmanderson,0,1,1
rmap,0,1,1
rmb,5,8,13
rmbr,4,4,8
rmbrd,0,2,2
rmbred,0,1,1
rmbrme,0,1,1
rmbut,0,1,1
rmc,2,1,3
rmca,1,0,1
rmcaat,1,2,3
rmd,2,1,3
rme,7,0,7
rmed,0,1,1
rmember,2,0,2
rmer,0,1,1
rmes,1,0,1
rmg,0,1,1
rmh,2,2,4
rmidon,0,1,1
rmilk,1,0,1
rminey,0,1,1
rmk,0,1,1
rml,0,2,2
rmmbr,1,1,2
rmn,0,1,1
rmnendel,1,0,1
rmnp,1,0,1
rmodeling,1,0,1
rmodligen,0,1,1
rmp,0,3,3
rmps,4,1,5
rms,3,5,8
rmt,1,1,2
rmu,1,0,1
rmv,3,0,3
rmx,2,10,12
rmy,0,2,2
rn,85,50,135
rna,2,0,2
rnaigh,0,1,1
rnan,0,1,1
rnb,6,17,23
rnberg,0,2,2
rnborg,1,0,1
rnbpromo,1,0,1
rnbxclusive,0,1,1
rnc,1,3,4
rncana,0,1,1
rnd,13,0,13
rne,0,1,1
rnew,0,1,1
rng,2,2,4
rnh,1,0,1
rnin,0,2,2
rning,8,1,9
rnn,1,0,1
rnot,1,0,1
rnough,0,1,1
rnr,4,9,13
rnrjngr,1,0,1
rnrm,0,1,1
rns,2,2,4
rnt,18,10,28
rnwy,1,0,1
rny,2,2,4
rnz,1,2,3
ro,49,55,104
roa,2,2,4
roaaaadddd,0,1,1
roaaad,0,1,1
roaaadd,0,1,1
roach,35,25,60
roached,1,0,1
roachedeggs,0,1,1
roaches,24,3,27
roachh,1,0,1
roackband,0,1,1
road,1143,1092,2235
roada,1,0,1
roadbike,0,1,1
roadblock,1,3,4
roadblocks,0,2,2
roadburn,0,1,1
roadcase,0,1,1
roadchef,1,0,1
roadd,0,1,1
roaddddddd,0,1,1
roaddds,0,1,1
roaddog,1,0,1
roaded,1,0,1
roadford,0,1,1
roadhouse,15,18,33
roadie,5,9,14
roadies,4,3,7
roadin,0,1,1
roading,2,8,10
roadish,0,1,1
roadkill,26,3,29
roadkills,1,0,1
roadking,1,0,1
roadmap,1,4,5
roadmarch,0,1,1
roadmender,1,1,2
roadrage,1,0,1
roadrat,1,0,1
roadride,1,0,1
roadrules,1,0,1
roadrunner,7,2,9
roadrunners,1,0,1
roads,73,79,152
roadshow,8,30,38
roadshows,1,0,1
roadside,10,5,15
roadsides,0,1,1
roadsigns,1,0,1
roadster,1,4,5
roadtest,1,0,1
roadtriiiiip,0,1,1
roadtriipp,0,1,1
roadtrip,48,85,133
roadtriping,0,1,1
roadtrippin,2,2,4
roadtripping,3,3,6
roadtrips,1,7,8
roadtripu,1,0,1
roadtwip,1,2,3
roadways,2,1,3
roadwork,1,0,1
roadworks,6,1,7
roady,2,1,3
roadz,0,1,1
roai,1,0,1
roaides,1,0,1
roak,0,1,1
roal,0,1,1
roald,0,1,1
roam,7,23,30
roamed,0,4,4
roamin,2,0,2
roaming,32,32,64
roaminggebuehren,1,0,1
roaminqqq,0,1,1
roamnet,1,0,1
roams,0,1,1
roan,0,1,1
roanoke,8,2,10
roap,1,0,1
roar,29,26,55
roared,2,1,3
roarface,0,1,1
roaring,7,15,22
roarke,0,1,1
roarr,0,1,1
roarrr,1,0,1
roarrrrr,1,1,2
roars,1,2,3
roasst,0,1,1
roast,127,243,370
roasta,0,1,1
roastbeef,1,1,2
roastburger,1,0,1
roasted,35,62,97
roaster,7,1,8
roasters,2,2,4
roastery,0,1,1
roastin,1,4,5
roasting,42,47,89
roastingg,0,1,1
roastinggg,0,1,1
roastish,0,1,1
roasts,3,7,10
roasttingg,0,1,1
roat,1,0,1
roath,1,1,2
roating,1,0,1
roation,0,3,3
roawr,1,0,1
rob,496,618,1114
roba,0,1,1
robarmelo,1,0,1
robarney,0,1,1
robaron,1,0,1
robarts,2,1,3
robata,0,1,1
robax,1,0,1
robb,3,7,10
robban,0,1,1
robbed,102,23,125
robbeh,0,1,1
robben,0,3,3
robber,4,4,8
robberies,1,0,1
robbers,8,2,10
robbert,2,1,3
robbertsbridge,0,1,1
robbery,19,7,26
robbie,30,52,82
robbiee,1,0,1
robbierollins,0,1,1
robbies,1,2,3
robbijod,0,1,1
robbikin,1,0,1
robbin,1,3,4
robbing,13,2,15
robbins,16,43,59
robbinsons,0,1,1
robble,0,1,1
robbo,2,1,3
robbs,0,1,1
robby,17,20,37
robbybobby,0,1,1
robbykins,1,0,1
robbys,1,0,1
robclark,0,1,1
robcrotch,0,1,1
robd,1,0,1
robdust,0,1,1
robe,7,26,33
robeck,0,1,1
robecks,0,2,2
robed,2,0,2
robee,1,0,1
robehlayt,0,1,1
robek,0,2,2
robeks,6,2,8
rober,2,0,2
robers,0,1,1
roberson,3,2,5
robert,219,336,555
roberta,8,9,17
robertina,0,1,1
robertitos,0,1,1
robertjmiller,1,0,1
robertjordan,1,0,1
roberto,6,8,14
robertos,0,2,2
robertpattinson,2,0,2
roberts,17,45,62
robertsky,0,1,1
robertson,4,7,11
robertsons,0,1,1
robes,3,5,8
robeson,1,0,1
robet,0,1,1
robey,1,1,2
robf,0,1,1
robgasm,2,2,4
robi,1,1,2
robie,1,0,1
robiecreek,1,0,1
robiee,0,1,1
robiinn,0,1,1
robiits,0,1,1
robilyt,0,1,1
robin,139,225,364
robina,5,7,12
robineccles,0,1,1
robingsons,0,1,1
robinho,0,1,1
robinhood,1,2,3
robinhug,1,0,1
robinlover,1,0,1
robins,16,22,38
robinsom,0,1,1
robinson,13,26,39
robinsons,5,13,18
robinsprkl,1,0,1
robinthomas,0,1,1
robitussin,5,1,6
roble,1,0,1
roblem,0,1,1
roblerone,0,1,1
robles,1,4,5
roblox,10,8,18
robluketic,4,6,10
robness,1,1,2
robo,18,15,33
robobrickx,0,1,1
robocop,1,1,2
robocopy,1,0,1
robofillet,2,0,2
robofollows,0,1,1
roboform,2,0,2
robogames,1,0,1
robohelp,0,1,1
robokate,1,0,1
robold,0,1,1
robolucha,0,2,2
robonok,0,1,1
roboooot,0,1,1
roboraptor,1,0,1
robos,2,0,2
robosto,0,1,1
robot,113,132,245
robotbrighton,1,0,1
robotech,0,1,1
robotic,8,10,18
robotica,0,1,1
robotics,7,7,14
robotlegs,0,1,1
robotnick,1,0,1
roboto,1,5,6
robotpickupline,0,1,1
robotpickuplines,10,46,56
robotpicuplines,0,1,1
robotputdown,1,0,1
robotrip,1,0,1
robots,45,61,106
robotussin,2,1,3
robover,0,1,1
robpat,1,1,2
robpattinson,1,2,3
robpattznews,1,2,3
robpatz,0,2,2
robredo,0,1,1
robristen,0,1,1
robs,16,15,31
robscars,0,1,1
robsess,1,0,1
robsessed,0,1,1
robsessing,0,1,1
robsjohnston,0,1,1
robslegtenhorst,0,1,1
robson,6,3,9
robsten,39,32,71
robstigating,0,1,1
robterlude,0,1,1
robuchon,0,1,1
robust,2,10,12
robut,1,0,1
robux,3,1,4
robward,0,1,1
robwiki,0,1,1
roby,0,3,3
robybday,1,0,1
robyn,20,37,57
robynn,0,1,1
robyns,4,2,6
robypooh,0,1,1
robz,0,1,1
robzzz,0,1,1
roc,12,8,20
roca,0,1,1
rocairshow,0,1,1
rocawear,1,0,1
rocbattles,1,0,1
rocca,2,1,3
roccat,1,0,1
rocco,13,12,25
roccoman,1,0,1
roccos,1,1,2
roccstar,1,0,1
roce,0,1,1
rocford,1,0,1
roch,2,6,8
rocha,1,3,4
rochacha,1,0,1
rochak,1,2,3
rochas,0,1,1
rochdale,1,1,2
roche,3,11,14
rochefoucauld,0,1,1
rochel,0,1,1
rochelle,9,8,17
rochelles,1,0,1
rocher,3,5,8
rochers,2,2,4
roches,1,0,1
rochester,40,41,81
rochford,1,0,1
rochii,1,0,1
rochmaninoff,0,1,1
rocinante,1,0,1
rocio,3,3,6
rock,1027,2906,3933
rocka,1,2,3
rockabetty,1,0,1
rockabillies,1,1,2
rockabilly,1,5,6
rockabye,0,1,1
rockafella,0,1,1
rockafeller,1,2,3
rockaffairs,0,1,1
rockalily,0,1,1
rockamring,0,1,1
rockanthems,0,1,1
rockapella,0,1,1
rockathon,0,2,2
rockaway,4,9,13
rockaways,0,1,1
rockbaby,1,0,1
rockband,45,70,115
rockbanding,1,0,1
rockbandmonday,0,1,1
rockbottom,1,0,1
rockbox,3,3,6
rockboys,1,0,1
rockbuddy,0,1,1
rockbuster,0,1,1
rockchester,0,1,1
rockclimbing,2,1,3
rockclubb,0,1,1
rockcorps,1,0,1
rockdale,0,1,1
rockealo,0,1,1
rocked,139,339,478
rockedd,1,1,2
rockedddd,0,1,1
rockeeeedddd,0,1,1
rockefeller,2,2,4
rocken,0,1,1
rockeoke,1,0,1
rocker,13,32,45
rockerbod,1,0,1
rockeresti,0,1,1
rockerised,1,0,1
rockers,7,15,22
rockes,0,1,1
rockest,0,1,1
rocket,53,89,142
rocketband,9,0,9
rocketboom,1,1,2
rocketdock,0,2,2
rocketed,2,1,3
rocketeers,0,1,1
rocketh,0,1,1
rocketing,1,1,2
rocketlauncher,0,1,1
rocketmaaaan,1,0,1
rocketmail,1,0,1
rocketmoms,1,5,6
rocketown,1,1,2
rocketpower,1,0,1
rocketriot,1,0,1
rockets,37,62,99
rocketship,3,2,5
rocketships,0,1,1
rockett,0,3,3
rockettes,0,1,1
rocketz,0,1,1
rockeweb,0,1,1
rockey,0,1,1
rockfabrik,1,0,1
rockfans,0,1,1
rockferry,1,2,3
rockfest,9,8,17
rockfish,2,0,2
rockford,11,9,20
rockfordfirst,2,0,2
rockforts,0,1,1
rockgod,0,1,1
rockgoddess,0,1,1
rockhampton,1,0,1
rockharbor,1,0,1
rockhard,1,2,3
rockhopper,0,1,1
rocki,1,1,2
rockibn,0,1,1
rockie,0,1,1
rockier,0,1,1
rockies,16,10,26
rockifella,1,0,1
rockiin,1,0,1
rockin,94,320,414
rocking,99,273,372
rockingchair,0,1,1
rockinggg,0,1,1
rockingham,0,3,3
rockinnn,0,1,1
rockinthatting,0,1,1
rockinthekitchenmakinuslooklikeslackers,0,1,1
rockish,1,1,2
rockit,3,0,3
rockits,1,0,1
rockityroll,0,1,1
rockk,0,9,9
rockkin,0,1,1
rockkk,0,5,5
rockkkk,0,6,6
rockkkkk,0,2,2
rockkkkkkk,0,1,1
rockkkksss,0,1,1
rockkkssssssssssss,0,1,1
rockkn,0,1,1
rockks,1,0,1
rockky,1,0,1
rocklahoma,0,1,1
rockland,0,1,1
rockledge,1,0,1
rockless,1,0,1
rocklets,0,1,1
rocklin,1,1,2
rocklobster,1,0,1
rockmanekuzu,0,1,1
rockmanx,0,1,1
rockmusic,0,1,1
rockn,0,5,5
rockness,14,11,25
rocknesss,0,1,1
rocknoceros,1,0,1
rocknrola,1,0,1
rocknroll,4,5,9
rocknrolla,0,2,2
rocknsoul,1,0,1
rocko,5,2,7
rockoff,0,1,1
rockon,1,1,2
rockontherange,0,4,4
rockos,2,1,3
rockoutmonday,0,1,1
rockplat,1,3,4
rockpools,0,1,1
rockport,2,4,6
rockquest,1,0,1
rocks,279,1008,1287
rocksar,0,1,1
rockshow,2,2,4
rocksoulbrotha,0,1,1
rocksound,0,2,2
rocksport,0,1,1
rockss,0,3,3
rocksss,0,4,4
rockssss,1,0,1
rocksssss,0,2,2
rocksssssss,1,0,1
rockst,0,2,2
rockstaaar,0,1,1
rockstah,0,1,1
rockstar,46,109,155
rockstardom,0,1,1
rockstars,5,34,39
rocksteady,0,3,3
rockster,1,0,1
rocksterize,0,1,1
rockstore,0,1,1
rocksugar,1,0,1
rocksy,0,1,1
rockt,0,5,5
rocktail,1,0,1
rocktars,0,1,1
rocktober,1,1,2
rocktraxday,0,1,1
rockville,1,3,4
rockwall,3,2,5
rockwater,0,1,1
rockwell,7,17,24
rockwilder,0,1,1
rockwiz,1,1,2
rockwood,1,0,1
rockworld,1,0,1
rocky,106,120,226
rockyourlobster,1,0,1
rockyroad,0,2,2
rockys,0,2,2
rockytetleia,1,0,1
rockz,1,6,7
rockzz,0,1,1
rocling,0,1,1
rocls,1,0,1
rocman,0,1,1
rocnation,0,1,1
rocne,0,1,1
roco,1,1,2
rocos,1,0,1
rocquestar,0,1,1
rocs,1,0,1
rocsi,0,5,5
rocsocmedia,1,0,1
rocstar,0,1,1
rocz,1,0,1
rod,39,64,103
roda,2,2,4
rodalink,0,1,1
rodan,1,1,2
rodant,0,1,1
rodante,0,1,1
rodanthe,9,11,20
rodarte,1,1,2
rodatge,0,1,1
roday,1,2,3
rodchenko,0,1,1
rodd,1,0,1
roddenberry,1,2,3
roddenbery,0,1,1
rodders,2,1,3
roddick,33,18,51
roddicks,0,1,1
roddy,7,3,10
rode,91,105,196
rodelas,0,1,1
rodent,7,4,11
rodentjeopardy,2,0,2
rodents,3,6,9
rodeo,25,36,61
roderick,1,0,1
rodes,0,1,1
rodge,1,1,2
rodger,5,5,10
rodgers,6,6,12
rodhunt,0,1,1
rodi,1,1,2
rodic,0,2,2
rodica,0,1,1
rodie,0,1,1
rodina,2,0,2
rodly,0,1,1
rodman,0,1,1
rodn,0,1,1
rodney,25,16,41
rodneys,0,1,1
rodolfo,2,2,4
rodr,0,1,1
rodrego,1,0,1
rodrigo,8,9,17
rodrigoo,0,1,1
rodrigooo,0,1,1
rodrigoooo,1,0,1
rodrigues,0,1,1
rodriguez,5,11,16
rodriquez,0,1,1
rods,4,7,11
rodssss,0,1,1
rodws,0,1,1
roe,7,4,11
roebling,0,1,1
roedd,1,0,1
roeder,0,2,2
roehl,1,0,1
roel,1,1,2
roemenen,1,0,1
roenick,1,1,2
roermond,1,2,3
roeselare,0,1,1
roethlisberger,1,0,1
rof,0,2,2
rofade,0,1,1
roff,1,0,1
roffel,1,0,1
roffffllll,0,1,1
roffle,0,1,1
rofflll,0,1,1
rofile,0,1,1
rofl,213,378,591
roflao,0,1,1
roflayi,0,1,1
roflbot,0,1,1
roflcopter,1,6,7
roflcoptr,1,0,1
rofldig,0,1,1
rofled,0,1,1
rofling,2,3,5
rofll,0,2,2
roflll,4,1,5
rofllll,1,1,2
roflllll,1,0,1
rofllllllll,0,1,1
rofllmmfaopmsllollmao,0,1,1
roflmao,7,49,56
roflmaod,0,1,1
roflmaomf,0,1,1
roflmaooo,0,1,1
roflmaooooooooo,1,0,1
roflmfao,0,6,6
roflol,2,7,9
roflolhaha,0,1,1
roflolol,0,1,1
roflrofl,1,2,3
roflroflrofl,0,3,3
rofls,1,2,3
rofltastic,0,1,1
rofltrax,0,1,1
roflyao,0,1,1
roflz,1,1,2
rofo,1,0,1
rofpmsl,0,2,2
roft,1,1,2
rog,11,17,28
rogaine,2,0,2
rogan,4,5,9
roganjosh,0,1,1
rogate,0,1,1
rogen,5,5,10
roger,83,177,260
rogering,0,1,1
rogerma,0,1,1
rogers,75,56,131
rogersmith,1,0,1
rogerson,1,0,1
roggeeeeeeeeeeeeerrrrr,0,1,1
roggie,2,0,2
roggn,0,1,1
roght,1,1,2
rognan,0,1,1
rogo,0,1,1
rogont,1,0,1
rogue,21,24,45
roguee,0,1,1
rogues,1,0,1
rogueware,0,1,1
rogy,0,1,1
roh,21,12,33
rohan,7,13,20
rohani,0,1,1
rohanjacob,0,1,1
rohester,1,0,1
rohin,2,0,2
rohit,3,2,5
rohnert,1,0,1
roho,1,0,1
rohoe,1,0,1
rohos,0,1,1
rohtang,1,2,3
rohypnol,2,1,3
roi,20,27,47
roiben,0,1,1
roibos,0,2,2
roibush,0,1,1
roicom,1,0,1
roid,1,1,2
roided,0,1,1
roids,0,1,1
roidweek,0,1,1
roidz,0,1,1
roight,1,0,1
roin,0,1,1
roine,0,1,1
rois,0,1,1
roisin,1,1,2
roit,0,1,1
roja,0,1,1
rojadireco,0,1,1
rojadirecto,1,0,1
rojak,0,1,1
rojami,1,0,1
rojas,0,1,1
rojay,0,1,1
rojelio,0,1,1
rojer,2,0,2
roji,0,1,1
rojo,1,5,6
rojos,0,3,3
rok,2,8,10
roka,0,1,1
rokbonki,0,1,1
rokchik,0,1,1
roke,1,0,1
rokeby,1,0,1
roken,2,0,2
roker,4,8,12
rokesha,0,1,1
rokford,0,1,1
rokict,1,0,1
rokin,1,2,3
rokits,1,0,1
rokk,0,1,1
rokken,0,1,1
rokkia,0,1,1
rokkin,0,1,1
rokks,1,0,1
rokkstah,0,1,1
rokkugo,1,0,1
rokn,1,0,1
roko,0,1,1
rokr,1,2,3
roks,0,1,1
roku,2,4,6
rol,1,3,4
rola,2,1,3
rolags,0,1,1
rolaids,4,0,4
roland,46,64,110
rolanda,0,1,1
rolandgarros,3,4,7
rolandi,1,0,1
rolando,10,6,16
rolandos,1,0,1
rolar,1,1,2
roldemodel,0,1,1
role,108,270,378
roled,1,0,1
rolemodel,2,14,16
rolemodels,0,3,3
rolemodles,0,1,1
rolen,1,0,1
roleplay,8,4,12
roleplaying,3,4,7
roleplays,1,0,1
roles,16,18,34
rolex,2,2,4
roley,1,0,1
rolf,5,6,11
rolfage,0,1,1
rolfaroo,0,1,1
rolflolmao,0,1,1
rolfs,0,2,2
roli,0,1,1
roligt,0,1,1
rolim,0,1,1
rolinhos,0,1,1
rolita,0,1,1
roll,485,772,1257
rolla,0,4,4
rollan,0,1,1
rolland,2,3,5
rollandgarros,0,2,2
rollar,0,2,2
rollarcoaster,1,2,3
rollback,4,2,6
rollcage,1,0,1
rollcall,1,3,4
rolld,1,0,1
rolled,115,73,188
roller,78,110,188
rollerball,2,0,2
rollerblade,4,3,7
rollerbladed,0,1,1
rollerbladers,1,0,1
rollerblades,7,5,12
rollerbladin,1,0,1
rollerblading,8,12,20
rollercoasta,1,0,1
rollercoaster,16,28,44
rollercoasters,15,11,26
rollercoasting,0,2,2
rollercoaters,1,0,1
rollercoster,1,0,1
rollercosters,1,0,1
rollercstr,1,0,1
rollerderby,3,2,5
rollergirl,1,1,2
rollergirls,3,5,8
rollers,15,11,26
rollerscating,1,0,1
rollersk,0,1,1
rollerskate,3,2,5
rollerskaters,1,0,1
rollerskates,2,1,3
rollerskatin,0,1,1
rollerskating,5,8,13
rollersnakes,1,0,1
rolley,0,1,1
rolleyes,0,1,1
rollickin,0,1,1
rollicking,1,0,1
rollie,1,1,2
rollies,2,1,3
rollin,24,59,83
rolling,181,217,398
rollingstone,0,1,1
rollingstones,2,0,2
rollins,3,3,6
rolll,0,1,1
rollling,1,0,1
rollll,0,2,2
rollllinnnnggg,1,0,1
rollllll,0,1,1
rolllllllerbladingggg,0,1,1
rollmodel,0,1,1
rolln,0,1,1
rollo,3,3,6
rollocks,1,0,1
rollos,0,1,1
rollout,2,2,4
rollouts,1,3,4
rollover,5,10,15
rollovers,0,3,3
rolls,137,169,306
rollseyes,0,1,1
rollsss,0,1,1
rollsssssss,0,1,1
rollstatus,0,1,1
rollup,1,4,5
rollups,1,2,3
rolly,2,14,16
rollz,0,2,2
rolmao,1,0,1
roln,0,1,1
rolnaldo,1,0,1
rolo,6,6,12
rolodex,0,1,1
roloff,1,0,1
roloffs,0,1,1
rolooota,0,1,1
rolos,2,3,5
rolout,1,0,1
rolstoelen,0,1,1
roly,2,7,9
rolynn,0,1,1
rom,41,28,69
roma,15,26,41
romacne,1,0,1
romagnola,1,0,1
romain,2,2,4
romaine,0,2,2
romainian,0,1,1
romaji,2,1,3
roman,28,43,71
romana,1,3,4
romance,54,119,173
romanced,0,1,1
romances,0,5,5
romancing,3,4,7
romane,1,0,1
romania,19,36,55
romanian,7,30,37
romanians,2,2,4
romanii,0,1,1
romanitc,0,1,1
romanize,0,1,1
romano,1,4,5
romanos,0,2,2
romanovs,2,0,2
romanow,0,1,1
romans,5,22,27
romansleak,0,1,1
romantic,76,177,253
romantica,1,2,3
romantical,0,1,1
romantically,3,3,6
romanticaly,1,0,1
romanticc,1,0,1
romanticising,0,1,1
romanticism,2,0,2
romanticismo,1,0,1
romanticize,0,1,1
romanticized,0,2,2
romanticperfect,0,1,1
romantics,0,3,3
romantis,0,2,2
romany,1,1,2
romanza,0,1,1
romas,2,2,4
romatic,0,5,5
romatnic,0,1,1
romba,1,1,2
rombe,0,1,1
rombie,0,1,1
romcom,1,2,3
romcoms,1,2,3
romdel,0,1,1
rome,96,134,230
romeany,0,1,1
romedy,0,1,1
romeeeee,1,0,1
romel,0,1,1
romeo,56,74,130
romeos,0,1,1
romeothecat,1,0,1
romeoville,0,1,1
romero,4,4,8
romexpo,0,1,1
romey,3,1,4
romez,1,0,1
romford,3,2,5
romfy,0,1,1
romi,1,1,2
romie,0,1,1
romina,3,4,7
romines,0,1,1
rominski,1,0,1
romios,1,0,1
romm,1,2,3
rommate,2,1,3
rommel,0,1,1
rommen,0,1,1
rommie,1,1,2
romo,4,5,9
romorrow,1,0,1
romote,1,0,1
romour,1,0,1
romp,3,2,5
rompa,0,2,2
rompecabezas,1,0,1
romper,9,5,14
rompers,0,2,2
rompes,1,0,1
rompin,0,1,1
romping,3,2,5
rompio,1,0,1
roms,9,6,15
romsey,1,1,2
romulan,2,1,3
romulans,1,0,1
romulin,1,0,1
romulus,1,1,2
romy,6,8,14
ron,67,111,178
rona,6,6,12
ronaaaaaaaaaaaaaaaaaaaaa,0,1,1
ronak,0,1,1
ronal,1,0,1
ronald,14,16,30
ronalda,0,1,1
ronaldo,28,22,50
ronalds,0,2,2
ronamo,0,1,1
ronan,5,5,10
ronark,3,0,3
ronc,1,0,1
ronchy,1,0,1
roncy,1,0,1
rond,0,2,2
ronda,1,2,3
rondata,0,1,1
ronde,1,4,5
rondo,8,1,9
rondon,0,1,1
rondor,0,1,1
rone,0,2,2
ronell,1,0,1
ronen,0,2,2
ronery,17,0,17
roneryness,1,0,1
ronewmedia,0,3,3
rong,12,3,15
rongbao,1,0,1
roni,62,9,71
ronic,0,1,1
ronica,1,1,2
ronida,1,0,1
ronight,1,0,1
ronimo,0,1,1
ronin,2,3,5
ronis,1,1,2
ronja,1,3,4
ronjon,1,0,1
ronnayy,0,1,1
ronney,1,0,1
ronni,2,1,3
ronnick,1,0,1
ronnie,24,27,51
ronnies,1,3,4
ronniesluts,0,1,1
ronnja,0,2,2
ronnnnnn,0,1,1
ronno,0,1,1
ronny,0,3,3
ronron,1,0,1
ronry,2,0,2
ronsom,0,1,1
ronson,13,9,22
ronstadt,0,2,2
ronster,0,1,1
ront,1,0,1
rontgen,2,0,2
rontod,0,1,1
rontok,1,0,1
rony,0,2,2
roo,37,28,65
rooaaadddd,0,1,1
rooaad,1,0,1
rooaarrrrrr,0,1,1
rooad,1,0,1
roob,1,1,2
roobaki,0,1,1
roobarbs,1,0,1
roobbb,1,0,1
roobi,1,0,1
rooby,6,0,6
roocckss,0,1,1
roock,0,2,2
roode,1,0,1
roods,1,0,1
roof,248,212,460
roofdeck,0,3,3
roofed,1,0,1
roofer,2,1,3
roofers,4,2,6
roofflll,0,1,1
roofies,2,2,4
roofing,4,4,8
roofless,0,1,1
roofs,2,3,5
rooft,1,0,1
rooftoop,0,1,1
rooftop,23,48,71
rooftops,5,2,7
roofup,0,3,3
roofus,0,1,1
roog,1,0,1
rooibos,6,8,14
rooj,0,1,1
rook,5,5,10
rookers,0,1,1
rookie,24,16,40
rookies,3,8,11
rookinella,1,0,1
rooks,3,1,4
rooky,1,0,1
rool,1,6,7
rooled,1,0,1
roollll,0,1,1
rools,1,1,2
rooly,0,3,3
room,3782,2723,6505
roomate,28,10,38
roomates,15,5,20
roomba,6,7,13
roombas,0,1,1
roomboter,0,1,1
roomere,1,0,1
roomful,0,4,4
roomi,0,1,1
roomie,91,87,178
roomieee,0,1,1
roomieinchicago,1,0,1
roomies,51,49,100
roomiess,0,1,1
roomiesss,0,1,1
roomin,1,0,1
rooming,2,1,3
roomis,0,1,1
roomm,2,1,3
roommate,172,103,275
roommateless,2,0,2
roommates,49,35,84
roommattess,1,0,1
roommie,1,0,1
roommies,2,1,3
roommm,1,2,3
roommmm,1,0,1
roomnot,0,1,1
rooms,120,103,223
roomservice,1,1,2
roomy,2,9,11
roomz,1,0,1
roon,1,0,1
rooned,0,1,1
rooney,3,16,19
roonoob,0,1,1
roony,0,1,1
rooo,1,2,3
roooaaddtrip,1,0,1
rooob,1,0,1
rooobbbbbiiieeeee,0,1,1
rooock,0,2,2
rooockk,0,1,1
rooocks,0,2,2
roooll,0,1,1
rooolllll,0,1,1
rooom,13,10,23
rooomie,1,0,1
rooommate,0,1,1
roooms,1,0,1
roooo,0,1,1
rooooaaar,0,1,1
rooooaadddtrrrriiippp,1,0,1
rooooad,0,1,1
rooooar,0,1,1
roooock,0,2,2
rooood,2,0,2
roooolly,0,1,1
roooom,3,2,5
roooomage,0,1,1
roooomies,0,1,1
roooomina,0,1,1
roooooar,1,0,1
rooooobbbb,0,1,1
roooooccccccccckkkkkkkkkk,0,1,1
rooooock,0,1,1
rooooom,2,2,4
rooooomie,0,1,1
rooooomm,1,0,1
rooooommmates,1,0,1
rooooommmmiieess,0,1,1
roooooo,0,1,1
roooooolllllss,1,0,1
rooooooly,0,1,1
rooooooock,0,1,1
roooooooo,0,2,2
roooooooommmmm,1,0,1
rooooooooomies,0,1,1
roooooooooom,0,1,1
rooooooooooom,2,0,2
roooooooooooooooooooob,0,1,1
rooooove,0,1,1
roooot,0,1,1
roooott,1,0,1
rooots,0,1,1
roop,0,1,1
roopy,0,1,1
roos,5,5,10
rooseel,1,0,1
rooselll,0,1,1
roosendaal,1,0,1
roosevelt,10,13,23
roosh,1,0,1
rooslip,0,1,1
roost,1,3,4
rooster,15,18,33
roosters,11,6,17
root,184,123,307
rootbeer,7,27,34
rootbeet,1,0,1
rootberr,0,1,1
rootcanal,2,0,2
rootclip,1,0,1
rooted,7,14,21
rooten,1,0,1
rooter,2,0,2
rootin,4,9,13
rooting,69,116,185
rootings,0,1,1
rootkit,2,1,3
rootless,0,1,1
roots,81,123,204
rootsh,0,1,1
rootsicle,0,1,1
rootspicnic,2,0,2
rootss,1,0,1
rooty,0,3,3
rootz,0,1,1
rop,3,1,4
roparun,0,3,3
rope,45,50,95
roped,7,4,11
ropelike,0,1,1
roper,1,1,2
ropers,0,1,1
ropes,15,17,32
ropey,8,2,10
roping,1,3,4
ropog,0,1,1
ropping,0,1,1
roppongi,1,3,4
ropsten,0,1,1
roq,0,1,1
roqayah,0,1,1
roque,0,2,2
roquefort,0,1,1
ror,4,9,13
roraps,0,1,1
rorie,0,1,1
roro,2,1,3
rorris,1,0,1
rorschach,3,2,5
rorsley,0,2,2
rorty,0,1,1
rory,13,24,37
rorys,0,1,1
roryy,0,1,1
rorz,1,0,1
ros,12,16,28
rosa,25,34,59
rosaa,0,1,1
rosacea,1,0,1
rosaeca,1,0,1
rosahron,1,0,1
rosak,2,0,2
rosalba,1,1,2
rosalee,1,0,1
rosales,1,3,4
rosalie,8,13,21
rosalina,0,2,2
rosalind,1,2,3
rosalinda,1,0,1
rosalisa,0,1,1
rosals,0,1,1
rosalyn,1,0,1
rosamunde,0,1,1
rosanne,3,3,6
rosano,1,0,1
rosari,1,0,1
rosarias,0,1,1
rosario,5,3,8
rosarito,1,1,2
rosary,5,4,9
rosas,2,2,4
rosauro,0,1,1
rosazahnb,0,1,1
rosberg,5,3,8
rosca,0,1,1
roscars,0,1,1
rosch,0,1,1
rosci,1,0,1
rosco,1,4,5
roscoe,11,11,22
roscoes,14,13,27
roscoestastes,1,0,1
roscos,1,0,1
rosd,1,0,1
rose,179,289,468
roseann,0,2,2
roseanna,1,1,2
roseanne,11,18,29
roseannes,1,0,1
rosebowl,0,1,1
rosebud,3,2,5
rosebuds,1,1,2
roseburg,3,2,5
rosebush,1,0,1
rosebushes,0,1,1
rosecliff,1,0,1
rosecrans,0,1,1
rosedale,2,3,5
rosee,1,2,3
roseeeee,2,1,3
roseesss,0,1,1
rosefest,0,1,1
rosefestival,1,0,1
rosehill,0,1,1
rosehip,1,1,2
rosel,0,2,2
roseland,4,3,7
rosella,1,0,1
roselle,1,2,3
roselyn,2,2,4
roseman,1,0,1
rosemary,16,36,52
rosemarys,1,0,1
rosemery,0,1,1
rosemont,0,2,2
rosemount,1,1,2
rosen,0,3,3
rosenbaum,0,3,3
rosenberg,3,0,3
rosenberger,0,1,1
rosenbergradio,1,0,1
rosenblum,0,1,1
rosenborg,0,1,1
rosencrantz,1,1,2
rosendahl,0,1,1
rosenfeld,0,1,1
rosenfels,1,0,1
rosenheim,0,1,1
rosenhouses,1,0,1
roseola,1,0,1
rosepins,1,0,1
rosery,1,0,1
roses,63,136,199
rosester,1,0,1
roseta,1,0,1
rosetta,4,14,18
rosette,0,3,3
roseville,7,13,20
rosewater,0,2,2
rosewood,1,2,3
rosey,1,3,4
roseys,0,1,1
rosfest,0,1,1
rosh,2,0,2
roshambo,0,1,1
roshan,1,6,7
rosher,0,1,1
roshhh,0,1,1
roshin,0,1,1
roshnie,2,0,2
rosi,2,2,4
rosie,54,66,120
rosiee,1,0,1
rosieee,2,0,2
rosieeeeeeeeeeeeeeeee,0,1,1
rosiegirl,0,1,1
rosies,2,4,6
rosiewas,1,0,1
rosii,0,1,1
rosin,0,1,1
rosings,0,1,1
rosio,1,0,1
rosita,1,1,2
roskilde,3,4,7
roskillldde,0,1,1
roslin,2,0,2
rosling,1,0,1
roslyn,0,2,2
rosmalen,0,2,2
rosman,0,1,1
rosmar,1,0,1
rosmary,1,0,1
rosmer,1,0,1
rosner,0,1,1
roso,0,1,1
rosogulla,1,0,1
rosp,0,1,1
ross,114,155,269
rossa,0,1,1
rossanne,0,1,1
rossarioso,0,1,1
rosscarbery,0,1,1
rossdale,1,2,3
rossella,0,1,1
rosserfan,0,1,1
rossett,0,1,1
rossettastone,0,1,1
rossetto,1,0,1
rosshill,1,0,1
rossi,29,19,48
rossie,0,1,1
rossiee,0,1,1
rossini,2,0,2
rossio,1,0,1
rossiu,1,0,1
rosskimbarovsky,0,1,1
rossland,0,1,1
rosslare,0,1,1
rosslyn,1,1,2
rossnowlagh,1,0,1
rosso,5,2,7
rossofreddo,1,0,1
rosss,1,0,1
rosssssssssss,0,1,1
rossstar,0,1,1
rossum,0,2,2
rossy,1,1,2
rossz,0,1,1
rost,0,1,1
rostbratwurst,0,1,1
rosted,0,1,1
roster,6,7,13
rostered,3,1,4
rosters,3,1,4
rostgaard,0,1,1
rosti,1,2,3
rostine,0,1,1
rostul,0,1,1
roswell,16,5,21
rosy,6,11,17
rosyq,1,0,1
rot,28,17,45
rota,5,3,8
rotaract,3,1,4
rotarians,0,1,1
rotary,7,8,15
rotas,2,1,3
rotate,20,32,52
rotated,1,3,4
rotates,1,2,3
rotating,5,10,15
rotation,20,27,47
rotational,1,1,2
rotations,4,4,8
rotator,9,3,12
rotay,1,0,1
rotc,4,2,6
rote,3,3,6
rotelli,0,1,1
roten,0,1,1
rotf,22,12,34
rotfl,9,30,39
rotflmao,3,11,14
rotflmbo,1,0,1
rotflmfao,2,3,5
rotflmmfao,1,0,1
rotfls,0,1,1
rotflx,0,1,1
roth,26,30,56
rothbard,0,1,1
rothbardians,0,1,1
rothbone,0,1,1
rothbury,9,3,12
rothe,0,1,1
rothenburg,1,0,1
rother,0,2,2
rotherham,3,0,3
rotherhithe,1,0,1
rothers,0,2,2
rothery,0,1,1
rothesay,0,2,2
rothfuss,1,1,2
rothh,0,1,1
rothira,0,1,1
roths,1,1,2
rothschild,0,1,1
roti,12,23,35
rotina,1,0,1
rotine,1,0,1
rotini,1,1,2
rotinya,2,0,2
rotis,0,1,1
rotisserie,2,2,4
rotj,1,0,1
rotjes,1,0,1
rotk,2,0,2
rotkohl,0,1,1
rotl,1,0,1
roto,3,1,4
rotocasted,1,0,1
rotofufi,0,1,1
rotofugi,0,1,1
rotor,2,2,4
rotors,5,3,8
rotorua,1,3,4
rotory,0,1,1
rotos,0,1,1
rototil,0,1,1
rototiller,1,0,1
rotown,0,1,1
rotp,1,0,1
rotr,0,3,3
rots,3,2,5
rotschild,0,1,1
rott,2,2,4
rottaboat,0,4,4
rotted,6,3,9
rottedd,1,0,1
rotten,116,38,154
rottentomatoes,2,3,5
rottentomatos,0,1,1
rotter,0,1,1
rotterdam,24,25,49
rotterdammmm,1,0,1
rottf,0,1,1
rotti,2,0,2
rottie,6,1,7
rotting,15,9,24
rottingdean,1,0,1
rottk,0,1,1
rottlweiller,1,0,1
rottmayer,0,1,1
rottning,0,1,1
rotto,1,2,3
rotton,0,1,1
rottweiler,8,2,10
rottweilers,0,1,1
rottwieler,1,0,1
rotty,0,2,2
rotund,1,1,2
rotw,1,0,1
rotwang,1,0,1
rotwitter,1,1,2
rotz,0,1,1
rou,1,0,1
roubaix,1,2,3
roubao,0,1,1
roubaram,2,0,2
roubou,0,1,1
roud,1,0,1
roudebush,1,0,1
roudy,1,0,1
rouffus,1,0,1
rouga,1,0,1
rouge,32,43,75
rougeeee,0,1,1
rough,704,282,986
roughcut,0,1,1
roughday,1,0,1
roughead,0,1,1
rougher,2,2,4
roughest,7,1,8
roughh,1,0,1
roughhh,1,0,1
roughhousin,1,0,1
roughin,1,0,1
roughing,1,2,3
roughly,24,25,49
roughnight,1,0,1
roughplaces,0,1,1
rought,1,1,2
rouja,1,0,1
roula,1,0,1
roules,0,1,1
roulette,8,10,18
roulettes,1,0,1
roulla,1,1,2
roun,1,1,2
rounceval,1,0,1
round,885,1000,1885
roundabout,4,5,9
roundabouts,6,6,12
roundd,0,1,1
rounddd,0,2,2
rounded,13,19,32
rounder,3,2,5
rounders,15,9,24
roundhay,1,1,2
roundhouse,6,8,14
roundhousee,0,1,1
roundin,0,1,1
rounding,8,2,10
roundish,0,4,4
roundkick,0,1,1
roundly,0,1,1
roundness,1,0,1
roundofapplause,0,1,1
roundrock,1,0,1
rounds,54,68,122
roundtable,7,6,13
roundtables,1,0,1
roundtree,0,1,1
roundtrees,0,1,1
roundtrip,4,5,9
roundup,2,12,14
roundups,0,1,1
roundy,0,1,1
rount,1,0,1
rounteble,0,1,1
rountine,0,1,1
roupa,3,0,3
roupinhas,1,0,1
rouring,0,1,1
rourke,3,3,6
rous,1,1,2
rouse,1,4,5
roused,1,1,2
roush,3,0,3
rousing,0,4,4
rousseau,0,1,1
rout,2,1,3
routard,1,0,1
route,161,163,324
routeable,1,0,1
routebuddy,0,1,1
routed,1,1,2
routemaster,0,1,1
router,137,61,198
routern,1,0,1
routers,11,6,17
routes,15,20,35
routesy,0,2,2
routi,1,0,1
routin,0,1,1
routine,165,147,312
routined,0,1,1
routinely,3,2,5
routines,16,10,26
routing,4,8,12
routining,0,1,1
routt,1,0,1
routy,0,1,1
roux,13,21,34
rouxi,0,1,1
rova,2,0,2
rovacom,0,1,1
rove,109,232,341
rovedaily,1,0,1
rovee,0,1,1
roveee,1,1,2
roveeee,0,2,2
rover,16,19,35
roverem,0,1,1
rovers,2,7,9
roves,1,2,3
rovey,0,2,2
rovin,0,1,1
roving,6,3,9
rovings,0,1,1
rovio,0,1,1
rovision,0,1,1
row,699,504,1203
rowan,15,8,23
rowanmond,1,0,1
rowanronwoanrownaorn,1,0,1
rowde,0,1,1
rowdiness,0,1,1
rowdy,13,19,32
rowdys,0,1,1
rowdyyy,1,0,1
rowdyyyyyyyyy,0,1,1
rowe,8,6,14
rowed,1,0,1
rowen,0,3,3
rowenn,1,0,1
rowenta,1,0,1
rower,1,1,2
rowers,2,1,3
rowi,0,1,1
rowie,0,1,1
rowies,0,1,1
rowing,18,21,39
rowland,5,16,21
rowlanddddd,0,1,1
rowlands,0,3,3
rowles,0,3,3
rowlett,1,0,1
rowling,1,6,7
rowly,0,1,1
rownd,1,0,1
rownly,3,0,3
rowntree,0,1,1
rowntrees,1,1,2
rowr,0,2,2
rowrs,0,1,1
rows,29,33,62
rowswithformulasinexcel,1,0,1
rowville,2,0,2
roww,3,0,3
rowwing,1,0,1
rowww,0,2,2
rox,16,59,75
roxana,2,2,4
roxann,0,1,1
roxanna,0,1,1
roxanne,1,15,16
roxannemehalick,0,1,1
roxannneee,1,0,1
roxas,1,1,2
roxberry,0,2,2
roxboro,0,1,1
roxbury,5,18,23
roxer,0,1,1
roxette,5,4,9
roxettes,0,1,1
roxi,2,1,3
roxie,9,6,15
roxieee,0,1,1
roxieravenclaw,1,0,1
roxio,1,0,1
roxo,1,0,1
roxors,1,0,1
roxorz,0,1,1
roxx,2,7,9
roxxi,1,1,2
roxxie,1,0,1
roxxiiii,0,1,1
roxxors,1,0,1
roxxtarr,1,0,1
roxxx,2,1,3
roxxxberry,0,1,1
roxxy,0,2,2
roxy,46,48,94
roxyclean,1,0,1
roxyfit,0,1,1
roxys,0,2,2
roxytheonly,1,0,1
roxyy,0,1,1
roxyyyyyyy,0,1,1
roy,27,38,65
royaaa,0,1,1
royal,131,120,251
royalascot,1,0,1
royale,16,16,32
royalfail,0,1,1
royalfuckingmajesty,0,1,1
royalie,0,1,1
royalinkclothing,0,1,1
royality,0,1,1
royally,27,8,35
royals,33,21,54
royalties,5,5,10
royalty,9,33,42
royaltyfree,1,0,1
royaltyfreemusic,0,1,1
royaly,1,0,1
royay,0,1,1
roybendoybens,0,1,1
royce,6,13,19
royces,0,1,1
royden,0,1,1
roye,0,1,1
royhooker,0,1,1
royice,1,0,1
royksopp,2,6,8
royl,1,0,1
royle,1,2,3
royne,0,1,1
royrie,0,1,1
roys,1,1,2
royston,0,2,2
royyyy,0,1,1
roz,4,9,13
rozalla,0,1,1
rozan,0,1,1
rozhan,0,1,1
rozho,0,1,1
rozhodla,0,1,1
rozhodn,0,1,1
rozjel,0,1,1
rozk,1,0,1
rozman,0,1,1
rozner,0,1,1
roznik,0,1,1
rozottan,0,1,1
rozsavage,2,0,2
rozumiem,1,0,1
rozxy,0,1,1
rozz,0,1,1
rozzers,1,2,3
rozzville,0,1,1
rozzy,1,0,1
rozzzz,1,0,1
rp,41,57,98
rpa,1,1,2
rpat,1,0,1
rpattinson,0,1,1
rpatts,1,1,2
rpattz,42,35,77
rpattzpornpic,0,1,1
rpatz,7,11,18
rpatzz,1,1,2
rpb,1,0,1
rpc,1,0,1
rpda,1,0,1
rpe,1,0,1
rpeat,0,1,1
rper,0,1,1
rpers,1,1,2
rperss,1,0,1
rpetty,0,1,1
rpf,1,1,2
rpg,31,32,63
rpga,1,1,2
rpger,1,0,1
rpging,1,0,1
rpgs,4,8,12
rph,0,2,2
rphs,0,1,1
rpi,2,1,3
rpid,0,1,1
rping,1,7,8
rpish,1,0,1
rpk,0,1,1
rpl,1,0,1
rplied,0,2,2
rply,1,2,3
rpm,16,17,33
rpms,2,0,2
rpn,1,2,3
rpo,0,2,2
rpod,0,1,1
rpof,0,1,1
rpofecional,0,1,1
rpratz,0,1,1
rpreferrably,1,0,1
rproj,1,0,1
rps,4,4,8
rpt,4,1,5
rpteam,1,0,1
rpteyt,0,1,1
rpttz,1,0,1
rpv,1,0,1
rpw,0,1,1
rpyals,0,1,1
rq,0,1,1
rqsts,0,1,1
rquest,0,1,1
rquirements,0,1,1
rr,38,34,72
rra,1,1,2
rraazor,1,0,1
rrc,1,0,1
rrdeva,1,0,1
rre,0,1,1
rread,0,2,2
rreallllyyy,1,0,1
rreally,3,1,4
rreallyyy,1,0,1
rrebr,0,1,1
rreeaallllyy,1,0,1
rreeeaaalllyyy,1,0,1
rreeeaaallyy,0,2,2
rreeeaaddd,0,1,1
rref,1,0,1
rrenmatt,0,1,1
rreply,1,0,1
rreplying,0,1,1
rrfm,0,1,1
rrgghhh,1,0,1
rricane,0,1,1
rried,2,0,2
rries,1,0,1
rright,1,1,2
rrih,0,1,1
rritate,0,1,1
rrly,1,0,1
rro,1,0,1
rroarrr,1,0,1
rrod,38,4,42
rrodd,1,0,1
rromate,0,1,1
rroom,0,1,1
rrow,0,1,1
rrp,1,1,2
rrplyyy,1,0,1
rrr,8,3,11
rrraaaaarrhh,1,0,1
rrradiogirrrl,0,1,1
rrrannnddoomm,0,1,1
rrrawwr,0,1,1
rrreaallllyyy,1,0,1
rrready,0,2,2
rrrealllyyy,1,0,1
rrreally,0,1,1
rrreeaalllyy,0,1,1
rrreeaalllyyy,1,0,1
rrreeadddd,1,0,1
rrreeeaaallllyyyy,1,0,1
rrreeeeaaaaallllyyyyy,1,0,1
rrreiii,0,1,1
rrrggg,1,0,1
rrrggghh,1,0,1
rrrgghhh,1,0,1
rrriiicccaaa,0,1,1
rrriippe,0,1,1
rrrise,1,0,1
rrrosies,0,2,2
rrrowr,0,1,1
rrrr,8,0,8
rrrreally,1,0,1
rrrreeeeeaaaaallly,1,0,1
rrrrggghhh,1,0,1
rrrrgh,1,0,1
rrrriight,0,1,1
rrrrobbbb,1,0,1
rrrrr,3,1,4
rrrrrawrrrr,1,0,1
rrrrreally,0,1,1
rrrrrecuerd,0,1,1
rrrrree,0,1,1
rrrrrisa,0,1,1
rrrrroll,0,1,1
rrrrroooooaaaaarrrrr,0,1,1
rrrrrr,1,1,2
rrrrrrgh,1,0,1
rrrrrriiiiiiiddddeeeee,0,1,1
rrrrrrr,2,2,4
rrrrrrrgggghhhh,1,0,1
rrrrrrrr,1,0,1
rrrrrrrrggggggg,1,0,1
rrrrrrrrigor,0,1,1
rrrrrrrrr,1,0,1
rrrrrrrrrr,1,0,1
rrrrrrrrrrrrridiculously,1,0,1
rrrrrrrrrrrrriot,0,1,1
rrrrrwwwwwwwwwaaarrrrrrrrrrrrr,0,1,1
rrruuubish,1,0,1
rrs,2,1,3
rrst,1,1,2
rrstar,1,0,1
rrtheatre,4,2,6
rrtorp,0,1,1
rrunk,1,0,1
rrv,0,1,1
rrw,1,0,1
rry,2,3,5
rs,85,107,192
rsa,4,7,11
rsac,0,2,2
rsalisdd,1,0,1
rsar,1,0,1
rsbi,0,1,1
rsc,9,15,24
rschu,0,1,1
rscm,1,0,1
rscs,0,1,1
rscvote,1,0,1
rsd,6,1,7
rsdey,0,1,1
rsdpvs,1,0,1
rse,2,0,2
rself,0,1,1
rsf,1,3,4
rsg,7,0,7
rshs,1,0,1
rsi,29,1,30
rsib,1,0,1
rside,1,1,2
rsin,0,1,1
rsj,1,0,1
rsjonline,1,0,1
rsk,0,2,2
rsl,4,11,15
rsm,0,2,2
rsmith,1,0,1
rsms,1,0,1
rsmv,0,3,3
rsn,1,1,2
rsne,1,0,1
rsnlmbrjk,1,0,1
rsno,1,0,1
rsocket,1,0,1
rsod,1,0,1
rson,1,0,1
rsp,2,1,3
rspb,3,2,5
rspc,1,1,2
rspca,6,9,15
rspcs,1,0,1
rspec,0,3,3
rspect,0,1,1
rspi,1,0,1
rspnded,2,0,2
rspndn,1,0,1
rspv,1,0,1
rsr,0,1,1
rsrch,1,1,2
rsrs,1,4,5
rsrsrs,1,2,3
rss,113,106,219
rssed,0,1,1
rsso,1,0,1
rssreader,1,0,1
rst,10,4,14
rstaf,0,1,1
rstar,1,1,2
rstats,1,0,1
rste,0,1,1
rsted,1,0,1
rstevens,1,0,1
rstika,1,0,1
rstones,0,1,1
rstorean,0,1,1
rsv,2,1,3
rsvp,28,35,63
rsvpd,2,1,3
rsvped,3,2,5
rsvping,1,1,2
rsvps,2,5,7
rsvsgt,1,0,1
rsw,0,1,1
rsx,1,1,2
rsxy,0,1,1
rsync,1,1,2
rsyncs,1,0,1
rt,155,322,477
rta,1,0,1
rtannabelle,0,1,1
rtardedididid,1,0,1
rtat,0,1,1
rtb,1,0,1
rtbi,0,2,2
rtd,0,1,1
rte,2,5,7
rtf,1,0,1
rtfm,0,1,1
rtg,0,1,1
rth,0,2,2
rthat,1,0,1
rthday,0,1,1
rthe,1,0,1
rther,0,1,1
rthnx,0,1,1
rthx,0,2,2
rtiga,0,1,1
rtight,1,0,1
rtin,0,1,1
rting,1,1,2
rtl,2,0,2
rtm,2,0,2
rtmece,0,1,1
rtmpdump,1,0,1
rtn,4,0,4
rtns,0,1,1
rto,1,2,3
rtoh,0,1,1
rtold,0,1,1
rtorrent,0,1,1
rtorres,0,1,1
rtp,1,0,1
rtr,0,1,1
rts,1,7,8
rtsp,1,0,1
rtt,1,1,2
rttallgiraffe,1,0,1
rtu,0,1,1
rtumor,1,0,1
rtweek,0,1,1
rtwt,1,1,2
rty,0,1,1
ru,50,81,131
rua,5,2,7
ruaa,0,1,1
ruakaka,0,1,1
ruan,2,1,3
ruang,2,2,4
ruangan,0,1,1
ruanjintian,1,0,1
ruapehu,2,1,3
ruark,0,1,1
rub,289,141,430
ruba,0,1,1
rubaidh,1,0,1
ruban,0,1,1
rubard,0,1,1
rubb,1,0,1
rubbah,2,0,2
rubbbbb,1,0,1
rubbed,40,23,63
rubber,75,53,128
rubberband,0,2,2
rubberbands,1,1,2
rubbercasing,0,1,1
rubberduckie,0,1,1
rubbergloved,1,0,1
rubbermaid,0,2,2
rubberneck,1,1,2
rubberpart,1,0,1
rubbershoes,1,0,1
rubberstamps,0,1,1
rubbery,2,1,3
rubbie,1,1,2
rubbin,7,7,14
rubbing,103,64,167
rubbings,1,0,1
rubbins,0,2,2
rubbish,603,136,739
rubbished,1,0,1
rubbishhhh,3,1,4
rubbishhhhh,3,0,3
rubbishhhhhh,1,0,1
rubbishly,1,0,1
rubbishness,2,0,2
rubbishy,6,0,6
rubbissshhhhhhhhh,1,0,1
rubble,5,2,7
rubbord,1,0,1
rubbrbiand,0,1,1
rubbsh,1,0,1
rubbung,1,0,1
rubby,1,1,2
rubdown,6,3,9
rube,2,4,6
rubelad,1,0,1
ruben,10,14,24
rubenesque,1,0,1
rubens,23,6,29
rubenstein,1,1,2
rubes,1,1,2
rubeus,0,1,1
rubey,0,1,1
rubhino,1,0,1
rubi,2,3,5
rubia,0,1,1
rubicam,0,1,1
rubicks,0,1,1
rubicon,2,4,6
rubidoux,0,2,2
rubie,1,0,1
rubies,2,0,2
rubik,4,8,12
rubikian,0,1,1
rubiks,7,3,10
rubilen,0,1,1
rubin,1,4,5
rubina,1,1,2
rubing,1,0,1
rubins,1,1,2
rubinstein,1,0,1
rubio,6,5,11
rubios,4,6,10
rubis,1,0,1
rubish,9,3,12
rubishh,0,1,1
rubissshhhhh,1,0,1
rubitussin,1,0,1
rubix,4,2,6
ruble,0,1,1
rublev,0,1,1
rubn,1,0,1
rubra,1,0,1
rubric,0,2,2
rubs,20,23,43
rubtum,1,0,1
rubulad,1,0,1
ruby,111,150,261
rubybubble,0,2,2
rubyconf,1,1,2
rubydimond,1,0,1
rubyfag,0,1,1
rubyforge,0,1,1
rubygem,0,1,1
rubygems,1,1,2
rubyists,1,0,1
rubyjobfair,1,0,1
rubykaigi,2,0,2
rubykelz,1,0,1
rubylearning,0,2,2
rubylux,1,1,2
rubymaree,0,1,1
rubymine,1,2,3
rubyonrails,0,1,1
rubyrx,1,0,1
rubys,4,2,6
rubystein,1,1,2
rubyville,1,0,1
rubz,1,0,1
ruca,1,0,1
ruce,0,1,1
ruch,0,1,1
ruchi,0,3,3
ruchir,0,1,1
ruck,2,0,2
rucka,1,0,1
rucker,5,1,6
ruckers,1,0,1
rucking,0,1,1
ruckr,1,0,1
rucksack,10,6,16
ruckus,2,2,4
ruckuses,1,0,1
rucne,0,1,1
rucola,0,2,2
rucorn,0,1,1
rucus,1,0,1
rud,0,4,4
rudamentory,0,1,1
rudd,28,36,64
ruddbucks,1,1,2
rudder,1,0,1
rudderless,1,1,2
ruddigore,2,0,2
ruddington,1,0,1
ruddland,0,1,1
rudds,2,0,2
ruddy,18,10,28
rude,413,211,624
rudeboy,0,1,1
rudebw,0,1,1
rudee,1,2,3
rudeee,0,1,1
rudeeeeeee,1,0,1
rudefor,1,0,1
rudely,24,2,26
rudeman,1,0,1
rudeness,9,7,16
ruder,1,2,3
rudest,5,0,5
rudetsky,1,0,1
rudeys,1,0,1
rudi,1,5,6
rudie,1,0,1
rudimentary,0,3,3
rudity,1,0,1
rudly,1,0,1
rudness,1,0,1
rudo,0,3,3
rudol,0,1,1
rudolf,5,3,8
rudolfo,0,1,1
rudoloh,0,1,1
rudolph,11,4,15
rudry,0,1,1
rudulfs,1,0,1
rudux,0,1,1
rudy,20,21,41
rudyard,0,1,1
rudys,1,0,1
rudyy,0,1,1
rue,25,20,45
ruebelliard,1,0,1
rueben,1,0,1
ruebensbarrichello,1,0,1
rued,1,0,1
rueda,0,1,1
ruehl,8,0,8
ruehls,1,0,1
rueing,1,0,1
ruelala,1,2,3
ruella,0,1,1
ruen,1,0,1
rues,3,0,3
ruess,0,1,1
ruf,2,2,4
ruff,25,12,37
ruffa,0,2,2
ruffable,1,0,1
ruffalo,1,1,2
rufff,2,0,2
ruffffff,1,0,1
ruffian,1,0,1
ruffians,1,0,1
ruffied,1,0,1
ruffing,1,0,1
ruffito,1,0,1
ruffle,6,6,12
ruffled,0,4,4
ruffles,4,9,13
ruffly,1,2,3
ruffryd,0,1,1
rufie,1,0,1
rufino,0,1,1
rufio,1,1,2
rufiooooo,0,1,1
rufo,0,1,1
rufous,0,1,1
rufskin,0,1,1
rufulicious,0,1,1
rufus,22,16,38
rufuswainwright,0,1,1
rug,41,39,80
rugal,1,0,1
rugbly,0,1,1
rugby,134,140,274
rugbyboyfriend,1,0,1
rugbyleague,1,0,1
rugbywknd,0,1,1
rugbyzone,1,0,1
rugdoctor,0,1,1
rugeley,0,1,1
ruger,1,0,1
rugg,1,1,2
rugga,1,0,1
ruggamatrix,1,0,1
rugged,8,4,12
ruggedly,0,1,1
rugger,1,1,2
ruggie,1,0,1
rught,2,0,2
rugi,1,0,1
rugrat,1,5,6
rugrats,16,23,39
rugs,8,7,15
ruh,13,7,20
ruhaan,0,1,1
ruhani,0,3,3
ruhe,0,1,1
ruhee,1,0,1
ruhig,0,1,1
ruhl,1,0,1
ruhlman,0,1,1
ruhroh,2,0,2
ruhut,1,0,1
rui,3,1,4
ruiadhri,1,0,1
ruido,0,1,1
ruidoso,1,1,2
ruien,1,0,1
ruiined,0,1,1
ruilen,0,1,1
ruim,3,1,4
ruimm,1,0,1
ruimte,0,1,1
ruin,382,144,526
ruina,0,1,1
ruination,1,0,1
ruind,3,1,4
ruine,2,0,2
ruined,886,80,966
ruinedd,1,0,1
ruineddd,1,0,1
ruiner,1,0,1
ruiners,1,1,2
ruines,1,0,1
ruing,1,1,2
ruiniere,0,1,1
ruinin,5,1,6
ruining,184,44,228
ruinng,0,1,1
ruino,1,0,1
ruins,142,35,177
ruislip,0,1,1
ruisrock,0,1,1
ruiz,1,4,5
ruj,1,0,1
rujak,0,1,1
ruje,0,1,1
ruk,1,3,4
ruka,0,1,1
rukh,0,1,1
ruki,2,2,4
rukia,0,1,1
rukkus,0,1,1
rukna,0,1,1
ruko,2,1,3
rukus,0,1,1
ruky,1,0,1
rule,169,359,528
rulea,0,1,1
rulean,0,1,1
ruleaz,0,1,1
rulebook,0,1,1
ruled,29,15,44
ruleee,0,2,2
ruleeee,0,1,1
ruleeeee,1,0,1
ruleia,0,1,1
ruler,8,11,19
rulers,1,2,3
rules,198,404,602
rulesofengagement,0,1,1
ruless,0,1,1
rulesss,0,2,2
rulessss,0,1,1
rulez,5,14,19
rulezz,1,4,5
rulezzz,1,2,3
rulhi,0,1,1
rulin,0,1,1
ruling,9,8,17
rulings,0,1,1
rull,1,2,3
rullie,1,0,1
rulll,0,1,1
rulo,1,0,1
rulos,0,1,1
rulz,0,10,10
rulzz,0,2,2
rulzzzzz,0,1,1
rum,83,101,184
rumaaaah,0,1,1
rumacs,0,1,1
rumage,2,0,2
rumah,24,23,47
rumahabi,7,1,8
rumahkoki,0,1,1
rumahsakit,1,0,1
rumba,2,3,5
rumbar,0,1,1
rumbas,0,1,1
rumbel,0,1,1
rumbeling,1,0,1
rumble,22,22,44
rumblecuddle,1,0,1
rumblecuddles,1,0,1
rumbled,5,2,7
rumbles,9,1,10
rumblessss,1,0,1
rumbley,1,0,1
rumblies,1,0,1
rumblin,3,1,4
rumbling,21,8,29
rumblings,4,3,7
rumbly,14,2,16
rumbo,1,3,4
rumcake,0,1,1
rume,2,0,2
rumenige,1,0,1
rumer,3,0,3
rumers,2,0,2
rumersbout,1,0,1
rumfairy,0,1,1
rumi,1,3,4
rumie,0,1,1
ruminating,1,0,1
ruminations,0,1,1
rumles,1,0,1
rummag,1,0,1
rummage,7,12,19
rummaging,3,2,5
rumman,1,0,1
rummel,0,1,1
rummer,5,1,6
rummi,1,0,1
rummicube,1,0,1
rummikub,0,3,3
rummod,0,1,1
rummy,2,5,7
rumoor,1,0,1
rumor,74,64,138
rumored,13,9,22
rumores,2,0,2
rumors,74,60,134
rumour,43,21,64
rumoured,2,4,6
rumours,41,30,71
rump,1,3,4
rumpish,1,0,1
rumpleminze,0,1,1
rumplestiltkin,0,1,1
rumplestiltskin,1,1,2
rumpole,0,2,2
rumps,0,1,1
rumpus,1,1,2
rums,1,0,1
rumsfeld,0,1,1
rumya,0,1,1
rumz,1,0,1
rumzi,1,0,1
rumzshots,0,1,1
run,2767,2631,5398
runaround,5,2,7
runathon,0,1,1
runauto,1,0,1
runaway,17,17,34
runaways,4,5,9
runawayyyyyy,1,0,1
runcasts,1,0,1
runch,1,0,1
runco,0,1,1
runcore,0,1,1
rund,0,1,1
runday,0,2,2
rundell,1,0,1
rundgren,0,1,1
rundkino,0,1,1
rundle,2,3,5
rundll,1,0,1
rundmc,0,1,1
rundown,4,6,10
rundowns,0,1,1
rune,3,5,8
runeaddict,1,0,1
runeex,0,1,1
runes,5,3,8
runescape,8,22,30
runeword,1,0,1
runfola,0,1,1
rung,9,7,16
rungrado,1,0,1
rungta,0,1,1
rungus,0,1,1
runhead,1,0,1
runi,1,0,1
runic,0,1,1
runied,1,0,1
runin,4,3,7
runined,2,0,2
runing,6,5,11
runining,0,1,1
runk,0,2,2
runkeeper,4,5,9
runkingpro,1,0,1
runlevel,1,0,1
runn,7,2,9
runnded,1,0,1
runneburg,1,0,1
runned,2,0,2
runner,66,90,156
runnerbeans,1,0,1
runners,22,32,54
runneth,1,2,3
runnig,1,1,2
runnign,0,1,1
runniing,1,0,1
runnin,76,67,143
running,2115,1695,3810
runningahead,1,0,1
runningbear,1,0,1
runningday,0,1,1
runningest,0,1,1
runningg,1,1,2
runningmaggie,1,0,1
runningout,1,0,1
runnings,5,4,9
runninq,2,0,2
runnintoo,0,1,1
runnn,0,1,1
runnnin,0,1,1
runnning,2,1,3
runnnn,1,0,1
runnnnn,0,1,1
runnnnnnnnnn,1,0,1
runnnnnnnnnning,0,1,1
runns,1,0,1
runny,176,18,194
runnybottom,0,1,1
runoff,2,0,2
runout,1,0,1
runover,1,0,1
runoverrainbows,1,0,1
runrer,0,1,1
runrig,2,1,3
runs,358,300,658
runshaw,1,0,1
runshouse,0,1,1
runss,1,0,1
runsss,1,0,1
runssss,0,1,1
runt,4,3,7
runtergefallen,1,0,1
runtergeladen,1,0,1
runthrough,0,1,1
runtime,5,2,7
runtimes,1,0,1
runts,1,1,2
runty,1,0,1
runwaaaay,0,1,1
runway,42,34,76
runways,0,3,3
runy,0,1,1
runyan,0,1,1
runyon,7,11,18
runz,1,0,1
ruoholahti,0,1,1
ruosteinen,0,1,1
rup,1,1,2
rupa,1,0,1
rupanya,1,2,3
rupaul,2,3,5
rupauls,1,0,1
rupe,0,2,2
rupee,1,2,3
rupees,4,2,6
rupert,18,25,43
rupertread,0,1,1
rupey,0,1,1
ruphotography,0,2,2
rupi,0,1,1
rupiah,3,0,3
rupiahs,0,2,2
rupppiiiieeee,0,1,1
rups,1,0,1
ruptcy,1,0,1
ruptorss,1,0,1
rupture,3,0,3
ruptured,15,0,15
ruquier,0,1,1
rur,0,1,1
rural,24,22,46
rurally,0,1,1
ruri,0,1,1
rurns,1,0,1
ruro,1,0,1
ruroken,1,0,1
rurouni,1,0,1
ruru,0,1,1
rurulala,1,0,1
ruruns,1,0,1
rus,4,6,10
rusak,2,1,3
rusan,0,3,3
rusans,0,1,1
rusby,0,1,1
ruse,3,3,6
ruseleon,0,1,1
rush,273,304,577
rusharr,0,1,1
rushay,0,1,1
rushd,1,0,1
rushden,2,0,2
rushdie,3,3,6
rushdon,0,1,1
rushed,89,27,116
rusher,1,0,1
rushers,2,2,4
rushes,3,3,6
rushford,0,1,1
rushh,1,0,1
rushhhh,0,1,1
rushhhhh,0,1,1
rushhing,1,0,1
rushhour,0,3,3
rushi,1,0,1
rushign,1,0,1
rushin,2,2,4
rushing,82,46,128
rushinq,0,1,1
rushkies,1,0,1
rushling,0,1,1
rushmere,0,1,1
rushml,0,1,1
rushmore,3,5,8
rusholme,0,1,1
rushrushrush,0,1,1
rushton,1,0,1
rushville,0,1,1
rushworth,0,1,1
rushy,0,1,1
ruski,2,0,2
ruskin,2,0,2
rusko,1,1,2
rusks,0,5,5
rusky,1,1,2
ruslan,1,0,1
rusland,0,1,1
rusling,2,0,2
rusmek,0,1,1
russ,37,34,71
russa,1,1,2
russbooks,0,2,2
russe,3,2,5
russel,19,33,52
russell,68,113,181
russellbrand,0,1,1
russells,4,4,8
russellville,0,1,1
russerevy,0,1,1
russert,4,0,4
russes,1,0,1
russet,1,1,2
russetida,1,0,1
russetiden,0,1,1
russey,0,1,1
russfail,1,0,1
russh,0,1,1
russhh,0,1,1
russia,49,67,116
russian,86,133,219
russianroulette,0,2,2
russianrullet,0,1,1
russians,9,15,24
russiansrhot,1,0,1
russin,1,0,1
russina,0,1,1
russinovich,0,1,1
russion,0,1,1
russkaja,0,1,1
russki,0,1,1
russkogo,0,1,1
russle,1,0,1
russlittau,0,1,1
russnet,0,1,1
russo,1,4,5
russssssssyyyysysysysy,0,1,1
russtle,0,1,1
russy,4,2,6
rust,11,7,18
rustan,0,2,2
rustans,1,0,1
rustay,0,1,1
rusted,5,6,11
rustee,1,0,1
rusteeeeeeeed,0,1,1
rustic,1,3,4
rustica,1,1,2
rusticaa,0,1,1
rustin,1,0,1
rustle,3,3,6
rustled,0,1,1
rustler,0,1,1
rustlers,2,1,3
rustling,1,3,4
ruston,1,0,1
rusts,0,2,2
rusty,72,50,122
rustyrockets,1,2,3
rusuuuh,0,1,1
rusyan,1,0,1
rut,24,11,35
ruta,1,1,2
rutabaga,0,1,1
rutabagas,0,1,1
rutahhh,1,0,1
ruteraaaaa,0,1,1
rutger,1,4,5
rutgers,2,4,6
rutgersfest,0,1,1
ruth,30,61,91
ruthalyn,1,0,1
ruthann,0,1,1
ruthems,1,0,1
rutherford,4,4,8
rutherglen,0,2,2
ruthi,0,1,1
ruthie,6,5,11
ruthless,10,8,18
ruthlessly,0,1,1
ruthlessness,0,1,1
ruths,3,2,5
ruthsudlow,0,1,1
ruthy,3,1,4
ruti,0,1,1
rutine,2,1,3
rutland,1,3,4
rutledge,1,0,1
ruts,1,1,2
rutt,2,0,2
rutted,0,1,1
rutter,0,1,1
ruttown,0,1,1
rutty,1,0,1
ruubbish,1,0,1
ruud,1,0,1
ruudde,1,0,1
ruukki,0,1,1
ruumz,0,1,1
ruunnnnnnn,0,1,1
ruuub,1,0,1
ruuubbish,1,0,1
ruuude,1,1,2
ruuule,0,1,1
ruuullzzz,0,1,1
ruuumble,0,1,1
ruuun,0,1,1
ruuunnnsss,1,0,1
ruuuubbish,1,0,1
ruuuude,1,0,1
ruuuunn,0,1,1
ruuuuude,1,0,1
ruuuuuude,1,0,1
ruuuuuumbleeeeee,1,0,1
ruuuuuunnnnnn,0,1,1
ruuuuuuude,1,0,1
ruuuuuuuush,0,1,1
ruuuuuuuuuuuuun,0,1,1
ruv,3,3,6
ruvv,0,1,1
ruwi,1,1,2
ruwiki,0,1,1
ruww,0,1,1
ruxbury,1,0,1
ruxpin,3,0,3
ruy,0,1,1
ruz,1,1,2
ruzgar,1,0,1
ruzove,1,0,1
ruzzl,0,1,1
ruzzy,1,0,1
rv,23,15,38
rva,8,8,16
rvaen,0,1,1
rvbhat,1,0,1
rvca,0,1,1
rvd,0,1,1
rveal,0,1,1
rvenge,1,0,1
rvenp,1,0,1
rveryone,0,1,1
rvfd,0,1,1
rvghosttown,1,0,1
rvi,0,1,1
rvideo,0,1,1
rvie,1,0,1
rving,0,1,1
rvl,1,0,1
rvm,0,1,1
rvrse,1,0,1
rvs,1,0,1
rvsp,0,1,1
rvw,1,0,1
rw,8,8,16
rwa,6,5,11
rwachange,1,0,1
rwady,1,0,1
rwaly,1,0,1
rwan,1,0,1
rwanda,6,5,11
rwandan,1,0,1
rwap,0,1,1
rwar,0,2,2
rward,2,1,3
rwarr,0,1,1
rwarrrrrrr,0,1,1
rwb,2,0,2
rwc,2,1,3
rwe,0,1,1
rweeting,1,1,2
rwf,1,0,1
rwh,1,2,3
rwhats,1,0,1
rwitters,1,0,1
rwk,0,1,1
rwnj,0,1,1
rwoc,1,0,1
rwp,1,0,1
rwr,1,1,2
rws,1,0,1
rwtabithagibson,0,1,1
rwteets,0,1,1
rwth,0,1,1
rww,0,3,3
rwy,1,2,3
rx,32,36,68
rxam,1,0,1
rxdj,0,1,1
rxman,0,1,1
rxmorningrush,0,9,9
rxn,2,2,4
rxp,0,1,1
rxradio,0,3,3
rxtheride,0,1,1
rxtmr,2,0,2
rxvt,1,0,1
ry,27,38,65
rya,1,6,7
ryaaaaaaaaaaaaan,1,0,1
ryaaaaaaaaan,0,1,1
ryaaaaaan,0,1,1
ryaaaannn,1,0,1
ryaaan,1,0,1
ryaaann,0,1,1
ryabko,0,1,1
ryan,372,535,907
ryanair,8,7,15
ryanb,0,1,1
ryandilks,0,1,1
ryanferreira,1,0,1
ryangreenwood,0,1,1
ryankillgannon,1,0,1
ryann,1,3,4
ryanne,3,2,5
ryannn,1,1,2
ryannnnn,0,1,1
ryannnnnnnnn,1,0,1
ryannss,1,0,1
ryano,1,0,1
ryanodonnell,0,1,1
ryanpack,1,0,1
ryanross,1,0,1
ryanrossfanz,0,1,1
ryans,11,12,23
ryanseacrest,2,3,5
ryanshope,1,0,1
ryanss,0,1,1
ryanswayze,0,1,1
ryback,0,2,2
rybak,3,24,27
rybakk,0,1,1
rybarikova,0,1,1
rybka,0,1,1
rybo,0,1,1
rybody,0,1,1
ryce,1,0,1
rycer,0,1,1
rycethm,0,1,1
ryche,0,3,3
rychle,1,0,1
ryd,0,1,1
ryde,1,3,4
rydeas,0,1,1
rydeka,1,0,1
rydel,1,0,1
ryden,2,2,4
ryder,7,15,22
ryderrrrr,1,0,1
ryders,1,1,2
rydges,1,0,1
rydra,1,0,1
rydw,1,1,2
rye,15,36,51
ryeee,0,1,1
ryelle,0,1,1
ryerson,2,2,4
ryes,1,0,1
ryfo,0,1,1
ryg,0,1,1
rygb,1,0,1
rygby,0,1,1
rygegrej,0,1,1
ryggen,1,0,1
ryght,1,0,1
ryguy,1,0,1
ryhl,1,0,1
ryhmed,0,1,1
ryhmes,4,3,7
ryhming,1,0,1
ryhs,0,2,2
ryhthm,1,0,1
rying,1,0,1
ryka,1,0,1
rykal,1,0,1
ryke,1,0,1
ryker,1,0,1
rykiel,1,1,2
rykse,0,1,1
ryla,1,2,3
rylah,1,0,1
rylan,2,1,3
rylance,1,0,1
ryland,3,2,5
rylee,4,3,7
ryleee,0,1,1
ryleigh,0,2,2
ryley,1,3,4
rylie,1,0,1
ryloth,0,2,2
rym,1,0,1
rymagination,0,1,1
ryman,2,2,4
rymed,1,2,3
rymes,0,3,3
ryming,0,1,1
ryne,2,2,4
ryno,1,2,3
ryo,4,3,7
ryohei,1,0,1
ryoko,0,1,1
ryoma,0,1,1
ryomaru,0,1,1
ryon,1,0,1
ryone,0,1,1
ryons,0,1,1
rypod,2,0,2
ryro,3,2,5
ryry,3,2,5
rys,0,1,1
ryssssssssssssss,0,1,1
rystal,1,0,1
ryston,1,0,1
ryt,39,48,87
ryte,3,2,5
rytenow,1,0,1
rythem,0,1,1
rything,1,0,1
rythm,1,8,9
rythum,1,0,1
rytme,0,1,1
rytnow,1,0,1
rytnw,0,1,1
ryttt,0,1,1
rytui,0,1,1
ryu,7,3,10
ryuichi,1,2,3
ryuishi,0,1,1
ryusuke,1,0,1
ryuu,1,0,1
ryuuki,0,1,1
ryvita,1,1,2
ryvitas,1,0,1
ryze,0,2,2
rz,9,13,22
rza,1,0,1
rzende,0,1,1
rzeznik,0,1,1
rzi,0,1,1
rznbgs,0,1,1
rzor,1,0,1
rzte,1,1,2
sa,452,551,1003
saa,3,5,8
saaaaaaaaaaaaaaaaaaaaaaaaaaad,1,0,1
saaaaaaaaaaaaaaaaaaaaaaaaad,1,0,1
saaaaaaaaaaaaaaaaaaaaad,2,0,2
saaaaaaaaaaaaaaaaaaaay,1,0,1
saaaaaaaaaaaaaad,2,0,2
saaaaaaaaaaaaad,1,1,2
saaaaaaaaaaaaaddddd,1,0,1
saaaaaaaaaad,1,0,1
saaaaaaaaaaluuuuuuuuttt,1,0,1
saaaaaaaaaame,1,0,1
saaaaaaaaake,1,0,1
saaaaaaaad,3,0,3
saaaaaaaahhhdd,0,1,1
saaaaaaaandy,0,1,1
saaaaaaad,5,0,5
saaaaaaaddddd,1,0,1
saaaaaaam,1,0,1
saaaaaaame,1,1,2
saaaaaaay,0,1,1
saaaaaaayyyyyyyyyyannnnnnnnnggg,0,1,1
saaaaaad,7,0,7
saaaaaaid,1,0,1
saaaaaake,1,0,1
saaaaaam,1,0,1
saaaaaame,2,1,3
saaaaaammm,0,1,1
saaaaad,15,1,16
saaaaadddd,1,0,1
saaaaafe,0,2,2
saaaaame,2,0,2
saaaaave,1,0,1
saaaaavvvvveeee,1,0,1
saaaaay,0,1,1
saaaad,25,0,25
saaaadd,1,0,1
saaaadddddddddd,1,0,1
saaaafe,0,1,1
saaaake,1,0,1
saaaalllllyyy,1,0,1
saaaam,1,1,2
saaaame,4,3,7
saaaammmm,0,1,1
saaaang,0,2,2
saaaave,2,0,2
saaaaveeee,1,0,1
saaaaweeet,0,1,1
saaaay,0,2,2
saaaaying,0,1,1
saaaays,1,0,1
saaad,24,1,25
saaadd,3,0,3
saaaddd,6,0,6
saaadddd,1,0,1
saaaddddd,1,0,1
saaake,1,0,1
saaam,0,1,1
saaame,8,4,12
saaameee,0,1,1
saaang,0,1,1
saaassii,0,1,1
saaave,4,0,4
saaavvved,1,0,1
saaaw,1,1,2
saaaweeeeet,0,1,1
saaaweeeet,1,0,1
saaaweeett,0,1,1
saaaweet,0,1,1
saaay,1,2,3
saaayin,1,0,1
saaayyyy,0,1,1
saaayyyyy,0,1,1
saab,12,18,30
saabier,1,0,1
saablove,2,0,2
saabs,0,1,1
saaby,1,0,1
saaco,1,0,1
saad,31,1,32
saadd,2,0,2
saaddd,1,0,1
saadddd,1,0,1
saadia,2,1,3
saadiq,1,4,5
saag,0,3,3
saahburrrrrbeeeeah,1,0,1
saaiheid,0,1,1
saakin,0,1,1
saal,0,2,2
saala,0,1,1
saalborn,0,1,1
saale,1,1,2
saali,0,2,2
saame,1,1,2
saammee,2,1,3
saamne,1,0,1
saan,2,5,7
saangaat,0,1,1
saanich,1,0,1
saapadu,1,0,1
saaphyri,1,0,1
saar,0,2,2
saars,0,1,1
saarstrand,1,0,1
saas,3,2,5
saasquatch,0,1,1
saat,0,1,1
saatchi,0,1,1
saath,1,5,6
saating,0,1,1
saatnya,0,2,2
saaturday,1,0,1
saave,1,1,2
saavedra,0,1,1
saavik,0,1,1
saavy,0,3,3
saaweeeet,0,1,1
saay,2,4,6
saayin,0,1,1
sab,10,16,26
saba,2,6,8
sababa,0,1,1
sabado,2,4,6
sabah,4,3,7
sabai,2,1,3
sabalnur,0,1,1
sabana,0,1,1
sabar,2,4,6
sabarrrr,0,1,1
sabastian,1,0,1
sabat,0,1,1
sabatage,0,1,1
sabath,0,1,1
sabathia,1,0,1
sabatical,0,2,2
sabatoge,0,1,1
sabatoging,1,0,1
sabaton,1,0,1
sabator,0,1,1
sabaw,2,0,2
sabay,3,0,3
sabayon,3,0,3
sabb,2,1,3
sabbat,1,0,1
sabbath,9,24,33
sabbaths,1,0,1
sabbatical,5,7,12
sabbato,1,0,1
sabbb,1,0,1
sabbeth,0,2,2
sabbha,1,0,1
sabbiq,0,1,1
sabby,3,3,6
sabc,0,2,2
sabe,5,2,7
sabean,0,1,1
sabeer,0,1,1
sabel,0,1,1
saben,1,0,1
saber,7,1,8
sabercats,1,0,1
saberi,2,0,2
sabers,1,1,2
sabertooth,1,0,1
sabertrontoys,1,0,1
sabes,0,4,4
sabets,0,2,2
sabha,2,0,2
sabi,8,13,21
sabia,4,0,4
sabido,2,0,2
sabiel,0,1,1
sabihin,0,6,6
sabina,3,3,6
sabine,4,3,7
sabino,1,0,1
sabio,0,1,1
sabip,1,0,1
sabjee,1,0,1
sabko,0,1,1
sable,2,4,6
sables,0,1,1
sablonannya,1,0,1
sabnzbd,1,0,1
sabo,1,0,1
sabog,1,0,1
sabon,3,0,3
saboo,0,1,1
sabooram,1,0,1
saboot,0,1,1
sabor,2,2,4
sabot,0,2,2
sabotage,10,7,17
sabotaged,6,0,6
sabotaging,1,0,1
saboten,0,1,1
saboteur,1,1,2
saboutyou,0,1,1
sabr,0,1,1
sabra,1,1,2
sabraw,0,1,1
sabre,2,4,6
sabrepulse,1,0,1
sabresville,0,1,1
sabretooth,2,0,2
sabrin,0,1,1
sabrina,27,42,69
sabrinaaa,0,1,1
sabrinaaaa,0,1,1
sabrinaaaaaa,1,0,1
sabrinas,2,3,5
sabroso,1,1,2
sabs,1,1,2
sabse,0,1,1
sabsebolo,0,1,1
sabtu,5,2,7
sabudana,0,1,1
sabuga,1,0,1
sabun,0,1,1
saby,0,1,1
sabz,0,2,2
sabzi,0,1,1
sabzyyy,0,1,1
sac,104,63,167
saca,1,1,2
sacagewea,0,1,1
sacajawea,0,1,1
sacanagem,1,0,1
sacanas,1,0,1
sacanime,1,0,1
sacap,0,1,1
sacar,1,0,1
sacasim,1,0,1
sacbound,1,0,1
sacc,0,1,1
sacca,0,1,1
saccc,1,0,1
sach,3,4,7
sacha,6,10,16
sachai,0,1,1
sache,2,1,3
sacher,1,0,1
sachertorte,1,0,1
saches,0,1,1
sachet,1,1,2
sachets,1,0,1
sachi,1,0,1
sachie,2,1,3
sachiko,1,0,1
sachin,3,8,11
sachovnicovu,0,1,1
sachs,0,1,1
sachse,0,1,1
saci,1,1,2
sack,85,135,220
sackage,1,0,1
sackboy,5,3,8
sackboys,0,1,1
sackdorris,0,1,1
sacked,14,3,17
sackedd,1,0,1
sackgasse,1,0,1
sackgirl,1,0,1
sacking,4,2,6
sackiroth,1,0,1
sackk,0,2,2
sackofdicks,1,0,1
sackperson,0,1,1
sacks,4,2,6
sackville,0,1,1
sacmau,0,1,1
saco,2,0,2
sacooo,0,1,1
sacou,0,1,1
sacr,2,0,2
sacraab,0,1,1
sacrafice,3,5,8
sacraficed,0,1,1
sacrafises,1,0,1
sacralige,1,0,1
sacrament,0,2,2
sacramento,48,46,94
sacramentooo,1,0,1
sacramentoscene,0,1,1
sacre,3,2,5
sacred,30,24,54
sacreligious,1,0,1
sacremento,1,2,3
sacrfice,0,1,1
sacriest,1,0,1
sacrifce,1,0,1
sacrifice,43,32,75
sacrificed,11,2,13
sacrifices,23,13,36
sacrificial,1,2,3
sacrificies,0,1,1
sacrificing,13,6,19
sacrified,1,0,1
sacrilege,2,5,7
sacrilegious,2,0,2
sacrilige,1,0,1
sacriligious,1,0,1
sacroiliac,1,0,1
sacroiliitus,1,0,1
sacromento,1,0,1
sacrum,1,1,2
sacs,1,3,4
sacto,4,1,5
sactown,1,1,2
sad,27911,1510,29421
sada,1,1,2
sadact,1,0,1
sadaf,1,1,2
sadalcholics,1,0,1
sadam,0,1,1
sadandswolen,1,0,1
sadannyfan,0,1,1
sadannyfans,0,1,1
sadar,1,0,1
sadarses,2,0,2
sadass,0,1,1
sadbean,1,0,1
sadbear,1,0,1
sadblackberry,1,0,1
sadbluefaceguy,1,0,1
sadboring,0,1,1
sadbut,0,1,1
sadbuttrue,0,1,1
sadcakes,1,0,1
sadcore,1,0,1
sadd,108,2,110
saddam,1,2,3
sadday,1,0,1
saddays,1,0,1
saddd,57,0,57
sadddd,41,1,42
saddddd,20,0,20
sadddddd,12,0,12
saddddddd,7,1,8
sadddddddd,6,0,6
saddddddddd,2,0,2
saddddddddddd,2,0,2
sadddddddddddd,3,0,3
saddddddddddddddd,1,0,1
sadddddddddddddddd,1,0,1
saddddddddddddddddd,2,0,2
sadddddddddddddddddd,1,0,1
sadddddddddddddddddddddddddddd,1,0,1
sadddddddddddddish,1,0,1
sadddddness,1,0,1
sadddest,1,0,1
sadddface,1,0,1
sadddlike,1,0,1
sadded,3,0,3
saddeddddd,1,0,1
sadden,9,0,9
saddend,3,0,3
saddened,176,5,181
saddening,36,4,40
saddenning,1,0,1
saddens,102,2,104
sadder,111,5,116
sadders,1,0,1
saddest,249,17,266
saddeth,1,0,1
saddface,1,0,1
saddi,0,1,1
saddie,1,0,1
saddies,2,0,2
saddiq,1,0,1
saddle,20,25,45
saddlebacker,0,1,1
saddled,0,1,1
saddler,0,1,1
saddlers,0,1,1
saddles,3,6,9
saddleworth,0,1,1
saddly,6,0,6
saddned,2,0,2
saddness,13,2,15
saddnesss,0,1,1
saddnessssssss,1,0,1
saddning,1,0,1
saddo,11,1,12
saddy,2,0,2
sade,11,12,23
sadee,1,1,2
sadek,1,0,1
saden,2,0,2
sadened,4,0,4
sadening,2,0,2
sadens,3,0,3
sader,0,1,1
saderer,2,0,2
sadess,1,0,1
sadest,14,1,15
sadestt,1,0,1
sadette,0,1,1
sadevery,1,0,1
sadexposed,1,0,1
sadey,0,1,1
sadeyes,1,0,1
sadface,130,3,133
sadfaced,8,0,8
sadfacee,1,0,1
sadfaceee,1,0,1
sadfaces,5,0,5
sadfacing,1,0,1
sadfase,1,0,1
sadfgh,0,1,1
sadfuckingface,1,0,1
sadfully,0,1,1
sadhasdadjfd,1,0,1
sadhbh,1,0,1
sadhe,1,0,1
sadhomo,1,0,1
sadi,2,2,4
sadia,0,1,1
sadie,38,33,71
sadies,0,1,1
sadifying,1,0,1
sadily,1,0,1
sading,1,0,1
sadis,1,0,1
sadish,3,0,3
sadist,4,2,6
sadistic,9,5,14
sadistically,1,0,1
sadists,1,1,2
sadit,1,0,1
sadjlkslhk,1,0,1
sadkt,1,0,1
sadl,1,0,1
sadle,2,0,2
sadlers,0,1,1
sadlike,2,0,2
sadlly,1,0,1
sadlt,1,0,1
sadly,2279,203,2482
sadlyy,1,1,2
sadmacface,1,0,1
sadnees,1,0,1
sadness,541,49,590
sadnesss,2,0,2
sadnessss,1,0,1
sadnessssss,1,0,1
sadnesssssss,1,0,1
sadnez,0,1,1
sado,3,0,3
sadollah,1,0,1
sadotattoo,1,0,1
sadpanda,5,0,5
sadpants,1,0,1
sadrakeshaker,1,0,1
sadry,2,0,2
sads,19,2,21
sadsad,6,1,7
sadsadface,1,0,1
sadsadsad,4,0,4
sadsadsadsadsadsadsad,1,0,1
sadsaturday,2,0,2
sadsauce,1,0,1
sadsdad,1,0,1
sadshoes,1,0,1
sadsies,1,0,1
sadsome,1,0,1
sadsquare,1,0,1
sadsville,1,0,1
sadtime,1,0,1
sadtimes,14,0,14
sadtimesss,1,0,1
sadtomove,1,0,1
sadums,2,0,2
sadvidya,0,1,1
sadwithoutinternet,1,0,1
sadwrn,0,1,1
sadx,1,0,1
sady,1,0,1
sadye,0,1,1
sadz,1,0,1
sadzies,2,0,2
sae,3,5,8
saeed,0,1,1
saelections,0,1,1
saelina,0,1,1
saens,1,0,1
saeny,0,1,1
saertiously,0,1,1
saet,0,1,1
saethu,1,0,1
saetwo,0,1,1
saf,3,3,6
safa,1,1,2
safaa,0,2,2
safadiiiinea,0,1,1
safale,0,1,1
safara,1,0,1
safari,243,130,373
safaricon,0,1,1
safaris,1,1,2
safaristand,1,0,1
safcom,1,0,1
safd,0,1,1
safdar,1,2,3
safe,753,1597,2350
safeco,1,4,5
safee,0,2,2
safeeee,0,1,1
safeguard,0,2,2
safehaven,1,0,1
safehouse,3,1,4
safehouses,0,1,1
safejourneys,0,1,1
safely,94,241,335
safemama,0,1,1
safemode,1,0,1
safeness,0,1,1
safer,37,32,69
safers,1,0,1
safesearching,1,0,1
safesex,0,1,1
safesnaps,0,1,1
safest,5,8,13
safet,0,1,1
safetey,0,1,1
safetly,0,2,2
safettes,0,2,2
safety,90,83,173
safetycar,0,2,2
safetygoat,1,0,1
safetysuit,1,8,9
safewallet,0,1,1
safeway,20,19,39
safeways,0,1,1
safeword,0,2,2
saff,0,1,1
saffa,1,3,4
saffas,1,0,1
saffawati,0,3,3
saffc,0,1,1
saffeee,0,1,1
saffer,1,0,1
saffers,0,1,1
saffia,5,1,6
saffire,1,0,1
saffron,2,8,10
saffy,3,1,4
safia,1,1,2
safin,10,0,10
safina,15,6,21
safins,1,1,2
safire,0,1,1
safka,0,1,1
safley,1,1,2
safly,0,1,1
safm,2,1,3
safnoon,0,1,1
safo,0,1,1
safra,0,3,3
safran,2,0,2
safri,3,0,3
safrica,0,1,1
safrit,0,1,1
safs,0,2,2
saft,0,2,2
saftey,5,4,9
saftly,0,1,1
safty,3,1,4
saftysuit,1,0,1
sag,11,11,22
saga,46,84,130
sagada,5,2,7
sagan,2,1,3
sagano,1,0,1
sagaponick,0,1,1
sagar,0,2,2
sagas,2,0,2
sagat,1,0,1
sagawa,1,0,1
sage,20,37,57
sagebrush,0,1,1
sagely,1,1,2
sageothyme,0,1,1
sagepay,1,0,1
sager,1,0,1
sages,0,1,1
saget,3,5,8
sagetman,0,1,1
sagg,0,1,1
saggin,2,1,3
sagging,1,0,1
saggios,0,1,1
saggitarius,0,1,1
saggy,9,0,9
saggyness,1,0,1
sagi,0,1,1
sagie,1,0,1
saginaki,0,1,1
saginaw,2,2,4
saging,0,1,1
sagita,1,0,1
sagitarious,0,1,1
sagittarius,2,2,4
sagittariusdigital,0,1,1
saglit,0,2,2
sagmeister,1,0,1
sago,2,2,4
sagoo,0,1,1
sagot,1,0,1
sagra,1,0,1
sagree,0,1,1
sags,1,2,3
sagt,3,2,5
sagu,0,1,1
saguaro,0,1,1
saguaros,2,1,3
saguenay,0,1,1
saguijo,1,3,4
sah,5,9,14
saha,5,2,7
sahab,1,1,2
sahabat,1,2,3
sahai,0,1,1
sahaja,0,1,1
sahal,1,0,1
sahana,1,2,3
sahar,0,2,2
sahara,5,6,11
saharan,0,2,2
sahdam,1,0,1
saheba,0,1,1
sahi,1,6,7
sahib,0,1,1
sahiba,0,2,2
sahih,0,1,1
sahil,0,1,1
sahin,0,1,1
sahire,0,1,1
sahithya,1,0,1
sahiti,1,0,1
sahkusahksauhe,1,0,1
sahm,4,3,7
sahmommyhood,0,1,1
sahn,0,1,1
sahne,0,1,1
saho,1,1,2
sahoauishasoiauhe,0,1,1
sahoooeee,1,0,1
sahra,1,0,1
sahranah,0,1,1
sahre,1,0,1
sahtea,1,0,1
sahu,0,1,1
sahuaro,1,2,3
sahushaushu,0,1,1
sahving,0,1,1
sahweeeeee,1,0,1
sahweet,0,2,2
sahwweeet,0,1,1
sahy,0,1,1
sai,13,13,26
saiba,0,1,1
saiban,1,0,1
said,5085,4505,9590
saida,0,1,1
saidar,0,1,1
saidd,3,1,4
saidddd,1,0,1
saideira,0,1,1
saidhey,1,0,1
saidi,1,2,3
saidin,0,1,1
saidit,1,1,2
saidn,0,1,1
saido,1,0,1
saids,3,2,5
saif,1,1,2
saig,0,1,1
saiger,1,0,1
saigey,0,2,2
saigh,1,0,1
saigon,8,18,26
saigonica,0,2,2
saiid,1,0,1
saiiid,1,0,1
saiindo,0,1,1
sail,14,31,45
sailboat,2,5,7
sailboats,1,1,2
sailed,8,2,10
sailin,3,4,7
sailing,48,85,133
sailllling,0,2,2
sailly,0,1,1
sailor,46,66,112
sailorish,0,1,1
sailormoon,3,4,7
sailormooncomiccollection,0,1,1
sailors,2,7,9
sails,7,4,11
sailtrips,1,0,1
saima,0,3,3
saimaa,1,0,1
saimah,0,1,1
saimee,1,0,1
saimin,2,2,4
sain,1,1,2
saina,1,0,1
sainburys,2,0,2
saindo,1,2,3
saing,2,0,2
saingle,1,0,1
saini,1,0,1
sainos,1,0,1
sains,2,1,3
sainsbos,1,0,1
sainsbreebreebree,0,1,1
sainsbugs,1,0,1
sainsbury,14,15,29
sainsburys,21,12,33
saint,19,54,73
sainte,0,2,2
sainthood,0,1,1
saintjohn,0,1,1
saintly,0,1,1
saints,30,48,78
saintsbury,0,1,1
saintsfan,0,1,1
saintsfc,2,0,2
saintsrow,0,1,1
saintsss,1,0,1
saintus,1,0,1
saip,0,1,1
saipem,1,0,1
sair,9,4,13
saira,1,1,2
sairem,1,0,1
sais,6,7,13
saisaki,0,1,1
saisnbury,1,0,1
saison,1,1,2
saisse,1,0,1
sait,1,3,4
saitama,1,0,1
saits,1,0,1
saiu,4,0,4
saiy,0,1,1
saiyan,1,2,3
saiyuki,1,1,2
saiz,0,1,1
saizen,0,4,4
saja,3,7,10
sajaaa,0,1,1
sajaahhh,1,0,1
sajnos,0,1,1
sajoyia,0,1,1
sajtu,0,1,1
sajur,0,1,1
sak,1,3,4
saka,1,2,3
sakae,5,0,5
sakai,2,1,3
sakaiminato,0,1,1
sakamoto,0,2,2
sakanila,0,1,1
sakap,0,1,1
sakasama,0,1,1
sakatas,0,2,2
sakaw,0,1,1
sake,152,142,294
sakebombs,1,0,1
saked,1,0,1
sakeeee,1,0,1
saken,1,1,2
sakes,11,4,15
saket,3,0,3
sakey,1,0,1
sakhdkshfkshf,1,0,1
sakhir,0,1,1
saki,5,5,10
sakia,0,1,1
sakiiiit,1,0,1
sakiit,0,1,1
sakin,14,9,23
sakis,0,1,1
sakit,66,13,79
sakitnya,0,1,1
sakittt,1,0,1
sakixry,0,1,1
sakjakfh,1,0,1
sako,0,1,1
sakoge,0,1,1
sakops,0,1,1
sakora,0,1,1
sakra,0,1,1
sakrileg,0,1,1
saks,6,6,12
saksakan,1,0,1
sakshama,0,1,1
sakshi,0,1,1
sakta,1,1,2
sakte,0,1,1
sakti,1,2,3
sakto,2,3,5
saku,1,4,5
sakur,1,0,1
sakura,14,16,30
sakuracon,0,1,1
sakurai,1,2,3
sakuraiba,0,1,1
sakurity,1,0,1
sal,20,26,46
sala,2,0,2
salaam,1,7,8
salabat,0,1,1
salacious,2,1,3
salad,365,510,875
saladang,0,1,1
saladdd,1,0,1
saladddd,0,1,1
saladddddd,1,0,1
saladdddddd,1,0,1
salade,2,1,3
saladed,1,0,1
salads,30,24,54
saladworks,1,0,1
salah,9,8,17
salai,0,2,2
salalahu,0,1,1
salam,7,19,26
salama,0,2,2
salamaaat,1,0,1
salamaat,1,0,1
salamah,0,2,2
salamanca,1,2,3
salamat,5,24,29
salamaz,0,1,1
salame,0,2,2
salameats,1,0,1
salami,6,3,9
salamthaaaaaa,0,1,1
salana,0,1,1
salander,0,1,1
salar,0,1,1
salari,1,0,1
salaried,2,0,2
salaries,9,4,13
salariul,0,1,1
salarmy,0,1,1
salary,47,31,78
salaryman,0,1,1
salat,3,0,3
salata,0,3,3
salathai,0,1,1
salats,0,1,1
salazaaarr,1,0,1
salazar,2,1,3
salbal,1,0,1
salberry,0,2,2
salbutamol,1,0,1
salcam,0,1,1
salcedo,0,1,1
salchia,1,0,1
salchicha,1,0,1
salcido,1,0,1
sald,1,2,3
saldana,1,0,1
saldivar,1,0,1
saldor,0,1,1
saldr,1,1,2
saldy,1,0,1
sale,749,665,1414
salee,0,1,1
saleee,1,0,1
saleem,0,1,1
saleen,1,0,1
saleep,1,0,1
saleeping,0,1,1
salefail,1,0,1
saleh,1,0,1
salehi,2,0,2
saleing,0,3,3
salem,28,18,46
salen,1,1,2
salepo,1,0,1
salers,1,0,1
sales,239,299,538
salesfolk,0,2,2
salesforce,4,4,8
salesfunction,0,1,1
salesgirl,1,1,2
saleslady,1,0,1
salesman,9,11,20
salesmen,3,2,5
salespartner,0,1,1
salespeople,2,2,4
salesperson,1,2,3
salesppl,1,0,1
saleswoman,1,0,1
salesy,0,2,2
salfat,2,0,2
salford,1,4,5
salfordvhuddersfield,1,0,1
salg,0,1,1
salgamossss,1,0,1
salhi,0,1,1
salhiey,1,0,1
sali,2,2,4
salibury,0,1,1
salicylate,1,0,1
salidino,1,0,1
salidito,0,1,1
saliendo,2,0,2
salient,0,1,1
salieri,0,1,1
salim,0,2,2
salin,0,1,1
salina,2,5,7
salinas,3,5,8
salinasradio,0,1,1
saline,3,8,11
saling,1,6,7
salinger,2,4,6
salior,0,3,3
salip,0,1,1
salir,4,2,6
salisbury,7,7,14
salish,1,0,1
salishan,0,1,1
saliste,1,0,1
salita,0,1,1
sality,1,0,1
saliva,4,5,9
salivary,1,1,2
salivate,1,1,2
salivating,6,5,11
salivation,1,1,2
salkehatchie,1,0,1
salking,0,1,1
sall,4,4,8
sallad,1,1,2
salle,19,9,28
salley,3,1,4
sallgood,1,0,1
salli,0,1,1
sallian,3,0,3
sallians,1,0,1
sallie,3,1,4
sallllgood,0,1,1
sallllyyyy,1,0,1
sallon,0,1,1
sallu,0,7,7
sally,71,81,152
sallys,5,4,9
sallyy,1,0,1
salm,1,0,1
salma,1,1,2
salmaan,0,1,1
salman,2,6,8
salmiya,1,0,1
salmon,59,125,184
salmonberries,0,1,1
salmonella,0,3,3
salmoners,1,0,1
salmoni,0,1,1
salmonn,0,1,1
salmost,0,1,1
salo,2,2,4
saloma,1,0,1
salome,1,3,4
salomon,0,1,1
salon,138,167,305
salone,1,0,1
salonga,0,1,1
salonn,0,1,1
salonpas,1,1,2
salons,6,2,8
saloo,0,1,1
saloon,13,10,23
salooooooon,0,1,1
salope,1,0,1
salopek,1,0,1
salopians,0,1,1
salou,2,0,2
saloum,0,1,1
salpicao,0,1,1
salright,0,1,1
sals,0,1,1
salsa,97,147,244
salsaaaa,0,1,1
salsacise,0,1,1
salsal,1,0,1
salsalicious,0,1,1
salsalitos,0,1,1
salsaparty,1,0,1
salsaranch,0,1,1
salsasister,0,1,1
salsbury,0,2,2
salsear,0,1,1
salt,159,175,334
saltado,1,2,3
saltaire,0,1,1
saltash,1,0,1
saltavalley,0,1,1
saltburn,1,0,1
saltcellar,0,1,1
saltcreek,0,1,1
salted,6,9,15
salteens,0,1,1
saltees,1,0,1
salter,1,0,1
salterpath,1,0,1
saltfish,0,1,1
saltgrass,1,0,1
salthill,0,1,1
saltier,1,0,1
saltiest,1,0,1
saltillo,1,1,2
saltimbanco,0,2,2
saltimbancoooo,0,1,1
saltine,6,0,6
saltines,6,2,8
saltiness,0,2,2
saltnpepper,0,1,1
saltnvinega,0,1,1
salto,1,3,4
salts,6,2,8
saltscapes,1,0,1
saltshaker,1,0,1
saltville,0,1,1
saltwater,4,4,8
salty,53,28,81
saltys,0,1,1
saltyy,1,0,1
saltyyy,1,0,1
saltz,0,2,2
saltzburg,1,0,1
salu,0,1,1
saluations,0,1,1
salud,2,3,5
saluda,0,1,1
saludas,0,1,1
saludo,0,3,3
saludoos,0,1,1
saludops,0,1,1
saludos,2,11,13
salut,3,23,26
salutare,0,2,2
salutation,0,3,3
salutations,0,10,10
salutatorian,2,0,2
salute,10,39,49
saluted,0,1,1
salutes,1,6,7
saluting,0,1,1
salva,1,0,1
salvacion,0,1,1
salvadoor,0,1,1
salvador,21,24,45
salvadora,0,1,1
salvadoran,1,0,1
salvadorean,0,1,1
salvadorian,3,0,3
salvadorians,1,0,1
salvagable,1,0,1
salvage,15,4,19
salvageable,1,0,1
salvaged,4,2,6
salvaging,1,0,1
salvajes,1,0,1
salvan,0,1,1
salvating,0,1,1
salvation,81,162,243
salvations,1,0,1
salvator,0,1,1
salvatore,1,2,3
salvatrucha,1,0,1
salve,2,7,9
salveen,0,1,1
salvem,2,0,2
salven,0,1,1
salves,0,1,1
salvi,2,6,8
salvia,1,2,3
salviation,0,1,1
salvidor,0,1,1
salving,0,1,1
salvo,2,1,3
salvos,1,2,3
salwa,1,0,1
saly,1,1,2
salzberg,0,1,1
salzburg,5,2,7
salzgitter,0,1,1
salzman,1,0,1
sam,505,566,1071
sama,32,39,71
samaa,1,0,1
samaaa,1,0,1
samaaaa,1,0,1
samaaaaaaaaaa,1,0,1
samaarah,0,1,1
samach,0,1,1
samadhi,1,0,1
samah,1,0,1
samahan,0,1,1
samahang,0,1,1
samaire,1,0,1
samajh,1,1,2
samal,0,1,1
samamfa,0,1,1
saman,5,0,5
samandmax,1,0,1
samantha,63,69,132
samanthaa,0,1,1
samanthaaa,1,1,2
samanthar,0,1,1
samanthas,2,5,7
samar,1,0,1
samara,7,1,8
samarama,1,0,1
samaras,1,0,1
samaria,1,0,1
samaritan,3,4,7
samaritans,3,1,4
samarondeng,1,0,1
samarrrrr,0,1,1
samatha,3,0,3
samaya,2,0,2
samba,9,11,20
sambadi,1,0,1
sambal,8,1,9
sambandh,1,0,1
sambar,2,2,4
sambas,2,0,2
sambata,2,1,3
sambazon,0,1,1
sambel,0,1,1
sambennington,0,1,1
samberg,27,87,114
sambergggg,1,0,1
sambergs,0,2,2
sambert,0,1,1
sambhar,0,1,1
sambil,2,2,4
sambo,2,3,5
samboka,0,1,1
sambos,0,2,2
sambradley,3,4,7
sambrody,1,0,1
sambuca,12,3,15
sambucas,0,1,1
sambucca,2,0,2
sambuka,4,0,4
sambung,0,1,1
samburg,2,6,8
sambush,1,0,1
sambutannya,1,0,1
same,6022,4895,10917
sameach,0,1,1
sameagee,1,0,1
sameah,0,2,2
sameaj,0,1,1
samed,0,1,1
samedi,1,4,5
samee,23,10,33
sameee,8,9,17
sameeee,2,2,4
sameeeee,3,0,3
sameeeeee,2,0,2
sameeeeeeeeeeeeeee,0,1,1
sameeh,1,0,1
sameen,1,0,1
sameena,0,1,1
sameer,0,2,2
sameezy,0,1,1
samefagging,1,0,1
samela,1,0,1
samen,0,1,1
sameness,1,0,1
samenjoyed,0,1,1
sameperson,0,1,1
samepinch,1,1,2
samer,0,1,1
samerzz,0,1,1
sames,0,5,5
samesame,0,1,1
samesamesame,2,0,2
samesexsunday,3,17,20
samesies,3,0,3
samessssss,1,0,1
samesys,0,1,1
samet,0,1,1
samething,5,6,11
sametime,1,2,3
sametoyou,1,0,1
sameway,1,0,1
samey,1,2,3
samfish,1,0,1
samford,0,1,1
samghay,1,0,1
samgyupsal,1,0,1
samhellion,1,0,1
samhradh,0,1,1
samhraidh,0,1,1
sami,27,24,51
samia,1,2,3
samich,4,6,10
samiches,0,1,1
samiee,1,0,1
samiel,1,0,1
samies,1,0,1
samii,0,2,2
samims,0,1,1
samin,1,0,1
samir,0,2,2
samira,2,0,2
samis,0,1,1
samit,1,0,1
samitbasu,0,1,1
samizdat,0,1,1
samjams,1,0,1
samjh,0,2,2
saml,0,1,1
samluminate,0,1,1
samm,2,7,9
sammah,0,1,1
sammamish,2,1,3
sammdogg,0,1,1
samme,2,2,4
sammee,2,0,2
sammeee,0,3,3
sammeeee,0,1,1
sammeh,1,1,2
sammer,1,0,1
sammers,1,0,1
sammi,9,17,26
sammic,1,0,1
sammich,24,22,46
sammiches,8,2,10
sammie,21,19,40
sammiee,0,1,1
sammies,3,4,7
sammiewellens,0,1,1
sammii,0,1,1
sammiieee,0,1,1
sammiii,0,1,1
sammiis,0,1,1
sammikat,1,0,1
sammis,0,1,1
sammitch,1,0,1
sammle,1,0,1
sammm,1,0,1
sammme,3,0,3
sammmeeee,1,0,1
sammmich,1,1,2
sammmmmm,0,1,1
sammmmmmeadley,1,0,1
sammmmy,1,1,2
sammmmyy,0,1,1
sammmy,0,1,1
sammo,1,1,2
sammoons,0,1,1
sammosa,0,1,1
sammul,1,1,2
sammy,87,78,165
sammyland,0,1,1
sammys,1,2,3
sammysaur,0,1,1
sammywammy,1,0,1
sammyyy,1,0,1
samn,1,1,2
samna,1,0,1
samndean,0,1,1
samness,0,1,1
samnet,0,1,1
samo,3,2,5
samoa,3,3,6
samoan,0,2,2
samoas,0,1,1
samon,1,0,1
samorai,0,1,1
samosa,4,2,6
samosas,7,4,11
samourai,1,0,1
samovar,0,1,1
samoyed,0,1,1
samoz,0,2,2
samp,1,2,3
sampaaa,1,0,1
sampah,1,1,2
sampai,4,6,10
sampaloc,0,1,1
sampathram,1,0,1
sampe,28,7,35
sampein,0,1,1
samperin,0,1,1
sampeyan,0,1,1
sampiyonlarin,0,1,1
sample,68,96,164
sampleand,0,1,1
sampled,3,4,7
sampler,5,20,25
samplers,0,2,2
samples,50,68,118
sampling,9,7,16
sampo,0,1,1
sampras,5,8,13
samps,0,2,2
sampsa,0,1,1
sampson,11,16,27
sampsonn,0,1,1
sampsons,0,1,1
samr,1,0,1
samra,0,1,1
samro,1,1,2
samross,0,1,1
samrtly,0,1,1
sams,18,30,48
samsam,1,1,2
samsara,1,0,1
samshe,5,0,5
samsi,0,2,2
samsies,1,1,2
samsoe,1,0,1
samson,6,6,12
samsonite,0,1,1
samsparro,0,1,1
samss,0,1,1
samstag,0,1,1
samster,0,1,1
samsung,69,39,108
samsungunpacked,0,1,1
samt,2,0,2
samtagious,0,1,1
samuari,0,1,1
samudera,0,1,1
samuel,10,23,33
samuelgordon,1,0,1
samuels,1,1,2
samueltwitt,1,0,1
samui,3,5,8
samurai,14,9,23
samuri,2,0,2
samus,2,4,6
samvada,0,1,1
samvega,0,1,1
samw,0,1,1
samwise,1,2,3
samwoo,0,1,1
samy,1,3,4
samzies,1,1,2
san,677,646,1323
sana,55,62,117
sanaa,0,3,3
sanaaaa,1,0,1
sanai,0,1,1
sanakwa,0,1,1
sanam,1,2,3
sanams,1,0,1
sanang,0,2,2
sanantonia,1,0,1
sanantonio,1,0,1
sanantoniohackers,1,0,1
sanata,0,1,1
sanatatzii,1,0,1
sanath,0,1,1
sanay,3,1,4
sanaya,0,1,1
sanayeh,1,0,1
sanberg,1,1,2
sance,2,1,3
sancee,1,0,1
sancha,1,1,2
sanchas,0,1,1
sancheti,1,0,1
sanchez,10,9,19
sanchiepoo,1,0,1
sancho,0,2,2
sanchwich,1,0,1
sancing,1,0,1
sanckens,0,1,1
sancocho,1,0,1
sanctimonious,0,1,1
sanctimony,1,0,1
sanction,2,0,2
sanctioned,1,2,3
sanctioning,1,0,1
sanctions,2,0,2
sanctity,2,1,3
sanctuary,18,26,44
sanctuarysunday,9,23,32
sanctum,1,0,1
sanctury,1,0,1
sancu,1,0,1
sancuarysunday,0,1,1
sand,172,144,316
sanda,1,0,1
sandakan,1,0,1
sandal,12,8,20
sandale,1,0,1
sandali,1,0,1
sandals,94,77,171
sandara,0,2,2
sandart,0,1,1
sandawhich,0,1,1
sanday,1,0,1
sandbach,0,1,1
sandbag,1,2,3
sandbags,0,1,1
sandball,1,0,1
sandbanks,1,0,1
sandbar,2,3,5
sandberg,1,3,4
sandblasted,1,0,1
sandboards,0,1,1
sandbox,15,19,34
sandboxed,1,0,1
sandbridge,3,0,3
sandburg,1,1,2
sandcastle,2,6,8
sandcastles,2,4,6
sandcrab,1,0,1
sanded,4,2,6
sandee,0,6,6
sandeeeeeee,0,1,1
sandeen,0,4,4
sandeep,0,1,1
sandefjord,0,1,1
sandels,2,4,6
sanden,0,1,1
sander,1,4,5
sandern,1,0,1
sanders,7,4,11
sanderson,2,2,4
sandesh,1,0,1
sandey,1,2,3
sandfly,0,1,1
sandford,1,1,2
sandgate,1,0,1
sandhamn,0,1,1
sandhills,2,1,3
sandhya,1,4,5
sandhyakali,1,0,1
sandi,9,12,21
sandia,1,1,2
sandidge,0,1,1
sandie,0,7,7
sandiego,1,4,5
sandifer,0,1,1
sandii,0,2,2
sandilands,0,1,1
sandin,1,0,1
sanding,10,3,13
sandisk,1,2,3
sandle,1,0,1
sandler,6,23,29
sandlers,0,1,1
sandles,5,2,7
sandlot,4,17,21
sandly,1,0,1
sandman,17,17,34
sando,2,1,3
sandobx,0,1,1
sandor,1,1,2
sandow,0,1,1
sandown,3,0,3
sandpaper,14,2,16
sandpit,4,2,6
sandpits,1,0,1
sandra,39,42,81
sandraayu,0,1,1
sandras,2,2,4
sandrass,0,1,1
sandrine,0,1,1
sandringham,0,1,1
sandrinos,0,1,1
sandro,0,1,1
sands,14,13,27
sandshoesss,0,1,1
sandstone,0,2,2
sandstorm,4,3,7
sandstorms,1,0,1
sandton,2,5,7
sandusky,3,4,7
sandvika,0,1,1
sandvold,0,1,1
sandvolleyball,0,1,1
sandvox,0,1,1
sandweeh,0,1,1
sandwhich,38,44,82
sandwhiche,0,1,1
sandwhiches,5,7,12
sandwhichs,1,1,2
sandwich,376,369,745
sandwichcake,0,1,1
sandwiche,1,0,1
sandwiched,2,4,6
sandwiches,83,125,208
sandwichesss,0,1,1
sandwichessss,0,1,1
sandwiching,0,1,1
sandwichink,0,2,2
sandwichless,1,0,1
sandwidge,1,0,1
sandwihes,0,1,1
sandwish,2,1,3
sandwishes,2,0,2
sandwitch,1,7,8
sandwitches,3,2,5
sandy,64,61,125
sandycove,1,2,3
sandymouth,1,0,1
sandypup,1,0,1
sandys,0,2,2
sandyyy,0,1,1
sandyyyy,0,1,1
sandz,4,2,6
sane,37,90,127
saneeeeeeeeeee,0,1,1
sanely,1,0,1
saner,1,1,2
sanfo,1,0,1
sanford,9,5,14
sanfords,0,1,1
sanfran,4,2,6
sanfrancisco,2,5,7
sang,108,275,383
sanga,2,1,3
sangaattt,1,0,1
sangahkim,0,1,1
sangakara,2,0,2
sangakarra,1,0,1
sangat,9,4,13
sangatlah,0,1,1
sange,1,1,2
sangeetha,1,2,3
sanger,0,2,2
sangeria,1,0,1
sangers,0,1,1
sangey,0,1,1
sangganong,0,1,1
sangha,0,2,2
sangil,0,1,1
sangin,0,1,1
sangiovese,1,5,6
sangkar,1,0,1
sangr,0,1,1
sangra,0,1,1
sangrador,0,1,1
sangre,1,0,1
sangria,23,47,70
sangriaaa,0,1,1
sangrias,0,3,3
sangriiaaaaaaa,0,1,1
sangue,1,0,1
sanguinarian,0,1,1
sanguine,2,1,3
sanguines,1,0,1
sangwish,2,0,2
sangy,1,1,2
sanh,0,1,1
sanhueza,0,1,1
sani,1,0,1
sania,1,0,1
sanibel,2,2,4
sanie,1,0,1
sanitarium,0,2,2
sanitation,0,2,2
sanitazier,0,1,1
sanitised,2,0,2
sanitiser,2,0,2
sanitize,4,0,4
sanitized,0,2,2
sanitizer,12,12,24
sanitizing,1,1,2
sanity,31,50,81
saniya,0,1,1
sanj,0,1,1
sanjakey,0,1,1
sanjal,0,1,1
sanjana,2,0,2
sanjay,0,5,5
sanjaya,18,7,25
sanjays,0,1,1
sanjeev,0,1,1
sanjiyah,0,2,2
sanjo,1,0,1
sanjolly,3,0,3
sanjoseeeeee,1,0,1
sanju,0,2,2
sank,22,6,28
sanka,1,0,1
sankar,0,1,1
sanke,0,1,1
sankeerthna,0,1,1
sankeys,0,2,2
sankies,0,6,6
sankofa,1,0,1
sankq,0,1,1
sanks,0,1,1
sankt,1,0,1
sankya,0,1,1
sanluis,1,0,1
sanmberg,0,1,1
sanmon,0,1,1
sanna,0,2,2
sanndwich,0,1,1
sanne,1,2,3
sannes,0,1,1
sannesias,1,0,1
sannie,1,0,1
sanny,2,1,3
sano,0,1,1
sanomat,0,1,1
sanremo,0,1,1
sanrio,2,4,6
sans,88,51,139
sansa,1,3,4
sansalone,1,0,1
sansei,1,0,1
sanshou,0,1,1
sanskrit,1,1,2
sanson,0,1,1
sansone,0,2,2
sansrival,0,1,1
sansui,1,0,1
sant,3,4,7
santa,160,214,374
santaana,0,1,1
santabarbara,2,1,3
santaclarita,0,1,1
santaclaus,0,1,1
santacruz,1,0,1
santacruzan,2,5,7
santai,0,1,1
santaiiii,0,1,1
santan,0,1,1
santana,13,17,30
santander,2,3,5
santapod,0,1,1
santaquin,0,1,1
santarpio,0,1,1
santas,0,1,1
santayku,0,1,1
sante,1,0,1
santee,2,3,5
santeras,0,1,1
santeria,0,1,1
santet,1,0,1
santhosh,1,0,1
santi,10,4,14
santiago,9,14,23
santiagos,2,1,3
santigold,13,4,17
santik,1,0,1
santilli,0,1,1
santina,4,0,4
santini,0,1,1
santinno,1,0,1
santino,9,11,20
santinos,1,0,1
santo,2,2,4
santogold,2,3,5
santogolddd,1,0,1
santorini,3,13,16
santoro,0,1,1
santoros,0,1,1
santos,7,25,32
santosh,2,1,3
santoshi,0,1,1
santoz,0,1,1
santu,1,0,1
santugon,0,1,1
santullis,1,0,1
santya,1,0,1
sanu,0,1,1
sanuk,0,1,1
sanur,0,1,1
sanusi,1,0,1
sanvannah,0,1,1
sanwa,1,0,1
sanwhiches,0,1,1
sanwich,4,4,8
sanyo,0,3,3
sanyu,0,1,1
sanz,1,1,2
sanzz,2,0,2
sao,74,59,133
saod,1,0,1
saoire,0,1,1
saoksokakosakskoas,0,1,1
saooorrriiiiii,0,1,1
saosin,3,9,12
saoursally,1,0,1
saowy,1,0,1
sap,20,30,50
sapa,1,0,1
sapakamu,0,1,1
sapang,0,1,1
sapatos,0,1,1
sapce,1,0,1
sapd,1,0,1
sape,2,2,4
sapelling,1,0,1
sapelo,0,1,1
sapere,0,1,1
saph,0,1,1
saphire,0,1,1
saphirron,1,0,1
saphora,0,1,1
sapi,0,2,2
sapian,1,0,1
sapien,1,3,4
sapiens,1,1,2
sapient,0,1,1
sapin,0,1,1
sapinsidetrack,1,1,2
sapinya,1,0,1
sapir,1,0,1
sapkowski,1,0,1
sapling,2,1,3
saplings,0,1,1
sapna,0,1,1
sapning,0,1,1
sapnking,0,1,1
sapo,1,0,1
saporta,3,6,9
saportuhhh,0,1,1
sapose,1,0,1
saposed,1,0,1
sapost,2,0,2
saposta,1,0,1
sapp,1,2,3
sapped,3,0,3
sappening,1,0,1
sappers,1,0,1
sapphire,9,6,15
sapphires,2,0,2
sappho,1,1,2
sapphy,1,2,3
sappie,1,0,1
sappier,0,1,1
sappiest,1,0,1
sappigg,0,1,1
sappin,1,0,1
sappiness,0,1,1
sappnin,1,0,1
sappo,1,0,1
sapporo,3,4,7
sappose,1,0,1
sappy,18,14,32
sappyfriday,0,1,1
saprotams,0,2,2
saps,2,0,2
saptamana,0,1,1
sapten,1,0,1
sapu,0,1,1
sapuca,0,1,1
saputra,0,1,1
saq,1,0,1
saqa,0,1,1
saqan,1,0,1
saqi,0,2,2
saqu,0,1,1
saquaaaaan,0,1,1
sar,11,11,22
sara,131,210,341
saraaa,1,0,1
saraaaaa,0,1,1
saraaaap,0,1,1
saraaah,0,1,1
saraaahh,0,1,1
sarabeth,0,1,1
sarabil,0,1,1
saraburi,1,0,1
saracasm,0,1,1
saracei,1,0,1
saracens,1,0,1
saradurante,1,0,1
sarady,0,2,2
sarafina,1,0,1
saraghina,1,0,1
sarah,390,523,913
sarahbear,1,0,1
sarahbrayton,0,1,1
sarahcfuller,0,1,1
sarahconnor,0,2,2
sarahface,0,2,2
sarahh,0,2,2
sarahhh,2,1,3
sarahhhh,1,0,1
sarahhhhh,0,1,1
sarahhs,1,0,1
sarahjcooki,1,0,1
sarahk,0,2,2
sarahlouisemcm,1,0,1
sarahlove,0,1,1
sarahmaybee,1,0,1
sarahnoid,0,1,1
sarahroseteer,1,0,1
sarahrushworth,0,1,1
sarahs,16,21,37
sarahsaysfasho,0,1,1
sarahschro,0,1,1
sarahsgrad,0,1,1
sarahshaw,0,1,1
sarahss,0,1,1
saraht,1,0,1
sarahxsmiles,0,1,1
sarahxxlou,0,1,1
sarai,3,2,5
saraiva,0,2,2
sarajevo,0,1,1
sarakan,0,1,1
saralaw,0,1,1
saralee,1,0,1
saralyn,0,1,1
saramago,0,1,1
saran,1,5,6
saranara,0,1,1
sarandon,2,4,6
sarang,0,1,1
saranghae,0,7,7
saranghaeyo,0,1,1
sarangheyo,1,1,2
saranwrap,1,0,1
sarap,4,21,25
sarapan,1,2,3
sararh,0,1,1
saras,3,5,8
sarasate,0,1,1
sarasota,10,10,20
sarasotaaaaaa,1,0,1
sarathan,0,1,1
saratoga,21,9,30
saraula,1,0,1
saravanan,0,1,1
saraw,0,1,1
sarawak,3,2,5
sarayar,0,1,1
sarbanes,2,0,2
sarbatoresc,1,0,1
sarbatorile,1,0,1
sarbini,0,1,1
sarbo,0,1,1
sarbucks,1,0,1
sarcar,0,1,1
sarcarsm,0,1,1
sarcasam,1,0,1
sarcasiastic,0,1,1
sarcasim,3,2,5
sarcasism,0,1,1
sarcasitca,0,1,1
sarcasm,63,111,174
sarcasmagorical,0,1,1
sarcasms,1,0,1
sarcastic,47,83,130
sarcastica,0,1,1
sarcasticalan,0,1,1
sarcastically,6,2,8
sarcasticly,0,1,1
sarcasticness,0,1,1
sarcastics,0,1,1
sarcastik,1,0,1
sarccasm,1,0,1
sarch,1,0,1
sarchastic,1,0,1
sarching,0,1,1
sarcoid,1,0,1
sarcoidosis,1,1,2
sarcoma,1,0,1
sarcy,2,0,2
sarcycow,1,0,1
sardana,1,0,1
sardar,0,2,2
sardegna,0,1,1
sardig,0,1,1
sardigna,0,1,1
sardin,1,0,1
sardina,0,1,1
sardine,8,3,11
sardined,0,1,1
sardines,9,8,17
sardinhas,0,1,1
sardinia,2,4,6
sardius,1,0,1
sardonic,0,4,4
sare,1,0,1
sared,1,0,1
saree,1,5,6
sarees,0,1,1
sarek,1,0,1
sarena,1,1,2
sarerss,0,1,1
sarf,4,1,5
sarg,1,0,1
sargasso,1,0,1
sarge,2,3,5
sargeant,1,0,1
sargent,1,2,3
sargey,1,0,1
sargis,1,0,1
sarha,1,1,2
sarhos,1,0,1
sari,4,3,7
sarikka,1,0,1
sarili,1,1,2
sarin,0,1,1
sarina,0,5,5
sarinah,0,1,1
saringo,1,0,1
saris,1,1,2
sarishan,0,1,1
sarishans,1,0,1
sarishas,0,2,2
sarit,0,1,1
sarita,1,5,6
sariver,0,2,2
sariyille,1,0,1
sark,3,0,3
sarkasm,1,0,1
sarki,0,1,1
sarkis,0,1,1
sarko,1,3,4
sarkozy,1,6,7
sarky,0,1,1
sarlacc,1,0,1
sarms,1,0,1
sarmy,20,11,31
sarnaa,1,0,1
sarni,0,1,1
sarnia,1,0,1
sarnie,15,13,28
sarniee,2,0,2
sarnies,6,6,12
sarnis,1,0,1
sarnnies,1,0,1
sarnoff,1,0,1
sarny,1,1,2
sarnys,0,1,1
sarnyy,1,0,1
saroja,0,1,1
saron,2,2,4
sarona,1,0,1
sarong,2,1,3
saronti,0,1,1
saroto,1,0,1
sarp,0,1,1
sarpaneva,2,0,2
sarpanevas,1,0,1
sarpong,0,1,1
sarr,0,1,1
sarraaappp,0,1,1
sarracino,0,1,1
sarrah,1,1,2
sarri,0,1,1
sarrows,1,0,1
sarrr,1,0,1
sarrryyyy,1,0,1
sarruh,1,0,1
sarry,0,1,1
sars,17,1,18
sarsaparilla,1,0,1
sarsguard,1,0,1
sarsh,0,1,1
sarsion,0,1,1
sarstedt,0,1,1
sartaaj,0,1,1
sartana,1,0,1
sarted,2,0,2
sarth,1,0,1
sarthak,0,1,1
sartin,0,1,1
sarto,0,1,1
sartorial,0,1,1
sartre,0,1,1
sarts,0,1,1
saru,0,1,1
sarugo,0,1,1
sarum,0,1,1
sarurday,1,0,1
sarurity,1,0,1
sarver,4,0,4
sarvers,0,1,1
sarwan,0,1,1
sarwar,0,1,1
sary,1,0,1
sarz,0,1,1
sas,9,15,24
sasa,0,4,4
sasabeans,0,1,1
sasabihin,1,1,2
sasaeatsghosts,0,1,1
sasagutin,0,1,1
sasak,1,0,1
sasaki,0,1,1
sasama,1,0,1
sascha,3,6,9
saschas,1,0,1
sasd,2,0,2
sase,1,0,1
sasened,1,0,1
sash,4,14,18
sasha,50,71,121
sashaa,0,2,2
sashagreyday,1,0,1
sashas,0,1,1
sashay,0,2,2
sashaying,0,1,1
sasheing,0,1,1
sashes,0,2,2
sashi,2,0,2
sashie,1,0,1
sashimi,11,21,32
sashing,1,0,1
sashka,1,0,1
sashok,0,1,1
sasirekha,0,1,1
sasj,1,0,1
sask,3,5,8
saskatchewan,5,3,8
saskatoon,2,4,6
saskey,0,1,1
saskia,0,3,3
saskie,0,1,1
sasktel,1,0,1
saslemonster,0,1,1
sasly,1,0,1
saso,0,1,1
sasparella,1,0,1
sasquatch,9,10,19
sasquatchalex,0,2,2
sasquatches,0,1,1
sass,11,24,35
sassa,2,0,2
sassafras,1,1,2
sassafrass,1,0,1
sassan,1,1,2
sassay,1,0,1
sassgal,0,1,1
sassguy,0,1,1
sassi,0,2,2
sassiest,1,0,1
sassinate,1,0,1
sassing,0,1,1
sassle,0,1,1
sassoon,0,1,1
sassparilly,0,1,1
sasssssssssssys,0,1,1
sassy,19,36,55
sassyd,1,0,1
sassysunbeam,0,1,1
sastch,1,0,1
sastra,2,0,2
sasuage,1,0,1
sasuke,4,5,9
sasukies,0,1,1
saswata,0,1,1
sasya,0,1,1
sat,1704,1179,2883
sata,12,7,19
sataday,2,0,2
satalite,2,2,4
satallite,0,1,1
satan,26,27,53
satanesque,0,2,2
satanic,2,1,3
satanicide,0,1,1
satanism,0,1,1
satanist,0,2,2
satanists,1,0,1
sataniswearingajacket,0,1,1
satannnnnnnnns,0,1,1
satans,4,2,6
satansaturday,0,1,1
satanta,1,0,1
satara,1,0,1
satas,0,1,1
satateside,0,1,1
sataurdays,1,0,1
satay,3,12,15
satays,4,1,5
satb,0,1,1
satboards,1,0,1
satc,17,17,34
satch,1,3,4
satchal,1,0,1
satchat,1,2,3
satchel,0,4,4
satchifunkilus,0,1,1
satco,2,0,2
satday,2,1,3
satdee,0,1,1
sate,3,8,11
sated,3,3,6
sateen,1,1,2
satelite,9,3,12
satellit,1,0,1
satellite,83,27,110
satellited,1,0,1
satellites,3,6,9
saterday,8,10,18
saterdaynight,1,0,1
saterted,1,0,1
sath,1,2,3
sathapemu,0,1,1
sathish,0,1,1
sathube,0,1,1
sathurday,0,1,1
satia,1,0,1
satiate,1,0,1
satiated,3,0,3
satiating,0,1,1
satic,1,0,1
satie,2,0,2
satify,0,1,1
satifying,0,1,1
satii,2,1,3
satille,1,0,1
satillite,0,1,1
satin,8,14,22
satinbow,0,1,1
satinder,0,1,1
satine,1,0,1
satiny,1,0,1
satio,2,0,2
sation,0,1,1
satir,1,0,1
satire,4,6,10
satirical,0,4,4
satisfaced,0,1,1
satisfaction,27,49,76
satisfactions,0,1,1
satisfactorially,0,1,1
satisfactorily,2,1,3
satisfactory,2,3,5
satisfation,1,0,1
satisfez,0,1,1
satisfied,52,142,194
satisfies,2,5,7
satisfy,26,20,46
satisfying,31,72,103
satisfyingly,1,2,3
satish,0,3,3
satisifed,0,2,2
satistics,0,1,1
satisyfing,0,1,1
satisying,0,1,1
sativa,2,2,4
satleo,3,0,3
satly,1,0,1
satmione,0,1,1
satnav,4,5,9
satnd,0,1,1
satng,1,0,1
satnight,1,0,1
satnite,11,5,16
sato,3,3,6
satorides,1,0,1
satoru,0,1,1
satoshi,2,0,2
satou,0,1,1
satov,0,1,1
satrapi,0,1,1
satrday,1,0,1
satriani,1,10,11
satron,0,1,1
satrring,1,0,1
satrt,1,0,1
satrted,2,0,2
satruday,2,2,4
satrurdays,1,0,1
satrving,0,1,1
sats,126,60,186
satsang,0,2,2
satschan,1,0,1
satsuma,0,3,3
satsumas,2,1,3
satsun,1,0,1
satt,1,1,2
sattelite,2,0,2
sattilite,1,0,1
sattle,0,1,1
sattp,1,0,1
sattt,1,0,1
satttttttt,1,0,1
satty,1,0,1
satu,4,12,16
satuday,3,3,6
satudays,1,1,2
satur,1,3,4
saturaday,4,0,4
saturady,1,1,2
saturang,0,1,1
saturat,2,1,3
saturate,2,2,4
saturated,6,2,8
saturates,1,0,1
saturation,3,3,6
saturay,1,1,2
saturdaaaaaaay,0,1,1
saturdaaaay,0,1,1
saturdaaay,0,2,2
saturdaay,1,1,2
saturdaayss,1,0,1
saturdaayyy,1,1,2
saturdaayyyyyyyy,1,0,1
saturdaii,0,1,1
saturdais,1,0,1
saturdasy,1,0,1
saturdate,1,0,1
saturdau,1,0,1
saturday,3245,2843,6088
saturdaykitchen,0,1,1
saturdaynight,0,1,1
saturdaynite,0,1,1
saturdays,244,190,434
saturdayss,0,2,2
saturdayworkfail,1,0,1
saturdayy,5,7,12
saturdayyy,1,2,3
saturdayyyy,1,3,4
saturdayyyyy,1,2,3
saturdayyyyyy,1,0,1
saturdayyyyyyy,1,1,2
saturdayyyyyyyy,1,1,2
saturdayz,0,1,1
saturdink,1,0,1
saturn,18,13,31
saturnalia,0,1,1
saturncares,0,1,1
saturns,2,0,2
saturrdddday,0,1,1
satursay,2,0,2
saturtday,1,0,1
saturuday,0,1,1
satuuuuurday,0,1,1
satw,0,1,1
satwa,0,1,1
satx,3,0,3
saty,3,3,6
satyagrapha,0,1,1
satyam,3,1,4
satyame,0,1,1
satyashanti,0,1,1
satying,1,0,1
satyr,1,0,1
satz,4,2,6
sau,17,16,33
sauages,1,0,1
sauber,1,0,1
saubere,0,1,1
sauce,242,292,534
saucebox,0,1,1
sauced,1,0,1
saucejar,1,0,1
sauceness,1,0,1
saucepan,1,2,3
saucepans,1,0,1
saucer,4,6,10
saucers,2,1,3
saucersunday,1,0,1
sauces,5,11,16
saucey,2,1,3
sauchiehall,0,1,1
saucing,1,4,5
saucisses,0,1,1
saucony,0,1,1
sauconyz,1,0,1
saucy,9,14,23
saudade,12,2,14
saudades,14,4,18
saudara,1,0,1
saude,0,1,1
sauderton,0,1,1
saudi,22,15,37
saudiyah,0,1,1
sauer,0,2,2
sauerkraut,1,1,2
sauf,0,2,2
sauga,1,1,2
saugatuck,1,1,2
sauge,1,0,1
saugparty,0,1,1
saugt,0,2,2
saugus,0,1,1
saujana,0,1,1
saul,6,7,13
saula,3,9,12
saules,0,1,1
saulin,0,1,1
saulinha,0,1,1
saull,1,0,1
saulo,0,1,1
sault,0,5,5
saumrai,0,1,1
saumur,0,1,1
sauna,46,37,83
saunas,0,1,1
saunday,0,1,1
saundayy,0,1,1
saunder,0,1,1
saunders,3,6,9
saunderson,0,2,2
saundy,1,0,1
saunters,0,1,1
saunton,1,0,1
saur,1,3,4
saurabh,0,1,1
saurav,0,1,1
saurday,4,1,5
saurdays,0,1,1
saurfang,1,0,1
sauriks,1,0,1
sauron,1,1,2
sauros,0,1,1
saurus,2,0,2
saus,1,0,1
sausage,137,174,311
sausagefest,1,0,1
sausages,59,90,149
sausagey,0,1,1
sausalito,2,2,4
sausalitos,1,0,1
sause,1,3,4
sausge,1,1,2
sausilito,0,1,1
saussage,2,0,2
saut,0,1,1
sautan,1,0,1
saute,0,1,1
sauted,0,1,1
sautee,0,1,1
sauteed,5,5,10
sauterday,0,1,1
sauternes,0,1,1
sautter,0,1,1
sauv,2,3,5
sauvage,1,0,1
sauvie,1,0,1
sauvignon,5,6,11
sauvignonsunday,0,1,1
sauza,0,1,1
sauze,1,0,1
sav,4,14,18
sava,1,0,1
savable,1,0,1
savage,22,23,45
savagechickens,0,1,1
savaged,1,2,3
savagely,3,0,3
savagenation,0,1,1
savagery,1,0,1
savages,4,2,6
savaging,1,0,1
savaloy,1,0,1
savam,1,0,1
savanah,1,3,4
savanna,4,7,11
savannah,40,93,133
savannahpaganpride,0,1,1
savannahs,1,1,2
savannas,0,1,1
savannh,1,0,1
savant,0,1,1
savasana,0,2,2
savbear,1,0,1
save,1287,970,2257
savearl,1,0,1
savechuck,5,12,17
saved,341,381,722
savedata,2,0,2
savedbythebell,0,1,1
savedddd,0,1,1
savedollhouse,2,0,2
saveearl,20,9,29
saveee,1,0,1
saveeee,1,0,1
saveeeeeeeeeee,1,0,1
saveeeet,0,1,1
savefob,1,0,1
savefoodday,1,0,1
savegordon,1,0,1
saveheidi,1,0,1
saveing,1,1,2
savekitt,0,2,2
savella,1,0,1
saveloy,1,1,2
savely,1,0,1
savemart,1,0,1
savemefromhell,1,0,1
savemefromyself,0,1,1
savemyexperience,1,0,1
saveohiolibraries,3,0,3
saveontd,11,0,11
saveorshave,1,0,1
saver,9,35,44
savere,0,1,1
savereaper,1,0,1
savers,5,12,17
saves,39,70,109
savesamantha,0,1,1
savesavesaveme,1,0,1
savestheday,0,1,1
savethat,0,1,1
savethecoratee,1,0,1
savethegame,1,0,1
savethekitties,0,1,1
savethekoalas,0,1,1
savetheunusualmustache,0,1,1
savetheunusuals,3,1,4
savetimetrafficschool,1,0,1
savetube,1,0,1
savex,1,0,1
savhanna,1,0,1
savi,1,1,2
savietto,0,1,1
savignon,1,1,2
saville,1,1,2
savin,6,8,14
saviness,0,1,1
saving,249,335,584
savingaimee,0,1,1
savingg,1,0,1
savings,61,41,102
savint,0,1,1
saviola,0,2,2
savion,1,0,1
savior,11,18,29
saviors,0,1,1
saviour,3,16,19
savlon,1,0,1
savoca,0,1,1
savoie,1,1,2
savor,5,12,17
savored,0,2,2
savoretti,1,1,2
savoring,1,6,7
savors,0,3,3
savory,2,7,9
savos,1,0,1
savotes,1,0,1
savour,9,5,14
savoured,0,1,1
savourey,1,0,1
savouring,2,4,6
savoury,2,3,5
savoy,3,2,5
savu,1,0,1
savus,0,1,1
savusavu,1,0,1
savvas,0,1,1
savviest,0,1,1
savvv,0,1,1
savvvvve,1,0,1
savvvvvvvvvvvvvvveeeeeeeeeeeeeeeee,1,0,1
savvvyyyy,0,1,1
savvy,29,32,61
savvyyy,0,1,1
savy,1,4,5
saw,4569,5340,9909
sawa,4,3,7
sawadee,0,1,1
sawadikap,0,1,1
sawah,1,0,1
sawahbear,1,0,1
sawan,1,0,1
sawat,0,1,1
sawatdii,0,1,1
sawbone,1,0,1
sawdust,10,4,14
sawed,3,2,5
sawee,4,0,4
saweeeeeeeeeeeeet,0,1,1
saweeeeet,0,1,1
saweeeet,0,1,1
saweeeetttttt,0,1,1
saweeet,0,2,2
saweeey,1,0,1
saweet,2,3,5
sawesome,0,1,1
sawgrass,2,3,5
sawii,1,0,1
sawing,2,4,6
sawks,0,1,1
sawlarry,0,1,1
sawman,1,0,1
sawmill,1,0,1
sawn,0,1,1
sawnee,0,1,1
sawng,0,1,1
sawo,2,0,2
sawrie,1,0,1
sawrry,0,1,1
sawry,8,1,9
saws,2,2,4
sawsome,1,0,1
sawsum,0,1,1
sawtelle,0,3,3
sawtooth,1,0,1
saww,1,5,6
sawwa,0,1,1
sawwie,1,0,1
sawwry,0,1,1
sawww,0,1,1
sawwwy,1,0,1
sawwy,10,1,11
sawwyyy,1,0,1
sawy,7,0,7
sawyer,13,13,26
sawyyy,1,0,1
sawzaw,0,1,1
sawzy,0,2,2
sax,12,26,38
saxahone,0,1,1
saxaphone,3,4,7
saxo,1,0,1
saxofoon,0,1,1
saxohonistas,1,0,1
saxon,6,5,11
saxondale,0,1,1
saxonica,1,0,1
saxonr,0,1,1
saxons,1,0,1
saxony,0,2,2
saxophone,8,14,22
saxophoneeeeeeee,0,1,1
saxophonist,2,5,7
saxs,1,0,1
saxty,0,1,1
say,6951,9553,16504
saya,16,38,54
sayaa,0,1,1
sayaaa,0,1,1
sayaaaa,0,1,1
sayaaaang,2,0,2
sayaaang,1,0,1
sayaaanngg,0,1,1
sayaaanngggg,0,1,1
sayaang,2,0,2
sayad,0,1,1
sayan,0,1,1
sayana,1,0,1
sayang,86,40,126
sayangbattery,1,0,1
sayangg,1,0,1
sayangggg,0,1,1
sayangkuuuu,0,1,1
sayangnesss,1,0,1
sayangnya,4,1,5
sayangrudibangeeeettt,0,1,1
sayas,0,1,1
sayaw,0,2,2
sayawatha,1,0,1
sayd,1,1,2
saydly,1,0,1
saye,1,0,1
sayed,1,3,4
sayeed,0,1,1
sayer,1,2,3
sayers,0,2,2
sayeth,0,3,3
sayfada,0,1,1
sayfas,0,1,1
sayg,1,0,1
sayhaitojen,1,0,1
sayher,1,0,1
sayho,0,1,1
sayhold,0,1,1
sayi,0,1,1
sayian,0,3,3
sayid,2,1,3
sayig,0,1,1
sayign,0,1,1
sayin,152,288,440
sayinf,1,0,1
saying,1617,1497,3114
sayinggg,0,1,1
sayingggggggg,0,1,1
sayings,5,11,16
sayinn,1,1,2
sayinng,2,0,2
sayinnn,0,1,1
sayinnnn,0,1,1
sayinq,0,3,3
sayiri,0,1,1
sayitwithecards,0,1,1
sayjay,0,1,1
sayko,1,0,1
saykoji,0,1,1
saylor,1,0,1
saylors,1,0,1
saymyspacetwitters,1,0,1
sayn,11,6,17
sayng,0,1,1
saynine,0,1,1
saynow,40,32,72
saynowed,1,0,1
sayo,2,10,12
sayof,1,0,1
sayonara,6,2,8
sayong,0,1,1
sayori,0,1,1
sayounara,0,1,1
sayow,1,0,1
sayra,0,6,6
sayraa,0,1,1
sayres,0,1,1
sayreville,0,1,1
says,3225,2703,5928
saysay,0,2,2
saysi,1,0,1
saysing,0,1,1
sayss,2,0,2
saysss,0,1,1
sayssss,0,2,2
saytam,1,0,1
sayur,1,2,3
sayurday,0,1,1
sayure,1,0,1
sayve,1,0,1
sayville,1,0,1
saywhen,0,1,1
saywhha,0,1,1
sayy,11,15,26
sayyaaaaannnnggg,1,0,1
sayyessat,0,1,1
sayyy,4,3,7
sayyyy,1,1,2
sayyyyy,2,1,3
sayyyyyy,0,1,1
sayyyyyyyy,1,0,1
sayyyyyyyyyyy,1,0,1
sayz,2,2,4
saz,0,2,2
sazokaai,1,0,1
sazon,2,0,2
sazz,2,1,3
sazza,1,0,1
sazzy,2,3,5
sb,76,74,150
sba,1,2,3
sbaby,1,1,2
sball,2,3,5
sban,0,1,1
sband,0,1,1
sbarro,3,4,7
sbarros,0,1,1
sbb,5,2,7
sbbuzz,2,0,2
sbc,4,4,8
sbd,3,0,3
sbdrinks,1,0,1
sbe,1,1,2
sbeak,0,1,1
sbec,1,0,1
sbelah,0,1,1
sbelom,0,1,1
sbelumnya,0,1,1
sbend,1,0,1
sbenernya,0,1,1
sbentar,1,0,1
sbeteer,1,0,1
sbff,0,1,1
sbfgkdsfhgk,1,0,1
sbfs,2,0,2
sbg,0,1,1
sbh,2,3,5
sbhn,0,1,1
sbi,5,6,11
sbidwai,0,1,1
sbiggest,0,1,1
sbir,0,1,1
sbirthday,0,1,1
sbj,1,0,1
sbk,0,3,3
sbl,0,1,1
sblm,1,3,4
sblmnya,1,0,1
sbm,2,1,3
sbnarnya,0,1,1
sbnrny,0,1,1
sbnrnya,1,0,1
sbntr,0,2,2
sbo,1,1,2
sbook,0,1,1
sboth,0,1,1
sbout,1,1,2
sbox,0,1,1
sbp,0,1,1
sbr,3,3,6
sbret,0,1,1
sbrookey,0,1,1
sbry,0,1,1
sbs,24,20,44
sbscribe,0,1,1
sbsettings,6,2,8
sbsf,1,0,1
sbsh,0,1,1
sbstwo,0,1,1
sbtb,1,1,2
sbtd,1,0,1
sbtv,0,1,1
sbucks,1,2,3
sbulan,2,0,2
sbumc,1,0,1
sbutt,1,0,1
sbux,32,14,46
sbw,0,1,1
sby,2,7,9
sbz,1,0,1
sc,127,99,226
sca,3,2,5
scaaaaaaary,1,0,1
scaaaaaared,2,0,2
scaaaaaary,0,1,1
scaaaaared,2,0,2
scaaaaarrry,0,1,1
scaaare,0,1,1
scaaared,2,0,2
scaaary,0,1,1
scaarrryyy,1,0,1
scaary,1,0,1
scab,10,6,16
scabbby,1,0,1
scabbers,1,0,1
scabbin,0,1,1
scabbing,2,0,2
scabbots,0,1,1
scabby,7,2,9
scabbyrific,1,0,1
scabies,1,2,3
scabs,9,0,9
scad,4,6,10
scaddan,0,1,1
scaer,1,0,1
scafell,0,1,1
scaffold,1,1,2
scaffolders,1,0,1
scaffolding,4,3,7
scafolding,0,1,1
scaglione,0,1,1
scahill,0,1,1
scaired,1,0,1
scala,7,21,28
scalable,0,5,5
scalaliftoff,0,2,2
scalaris,1,0,1
scalc,1,0,1
scald,1,1,2
scalded,8,1,9
scalding,4,2,6
scale,64,63,127
scaled,4,0,4
scaleeeee,1,0,1
scaler,1,0,1
scales,30,21,51
scalextric,1,0,1
scalf,1,0,1
scalia,0,1,1
scalin,0,1,1
scaling,9,11,20
scallies,1,0,1
scallion,1,3,4
scallop,0,6,6
scalloped,3,1,4
scallops,3,5,8
scally,0,1,1
scallywag,1,2,3
scallywaggin,1,0,1
scallywags,0,2,2
scalon,0,1,1
scalp,39,9,48
scalped,2,0,2
scalper,3,4,7
scalpers,8,1,9
scalping,1,3,4
scalpol,1,0,1
scalzos,0,1,1
scam,55,29,84
scambio,0,1,1
scamble,0,1,1
scambled,0,1,1
scamed,1,0,1
scameras,0,1,1
scamers,1,0,1
scammed,19,2,21
scammer,6,2,8
scammers,7,6,13
scamming,8,3,11
scamp,4,0,4
scampagnata,0,1,1
scamper,1,2,3
scampered,1,0,1
scampering,1,0,1
scampers,2,1,3
scampi,7,6,13
scampie,1,0,1
scams,17,8,25
scamwow,1,0,1
scan,101,79,180
scanadlous,0,1,1
scandal,20,22,42
scandale,1,0,1
scandalicious,0,1,1
scandalous,9,23,32
scandalously,0,1,1
scandals,2,5,7
scandanavia,0,1,1
scandanavian,1,0,1
scandel,0,1,1
scandelous,2,2,4
scandi,0,1,1
scandic,0,1,1
scandilous,0,1,1
scandinavia,3,10,13
scandinavian,3,7,10
scandinavians,0,2,2
scandisk,2,0,2
scaned,0,1,1
scanf,0,1,1
scania,0,1,1
scaning,0,2,2
scanjet,0,1,1
scanky,0,2,2
scanlations,0,3,3
scanlin,0,1,1
scanlon,0,2,2
scann,0,1,1
scanned,16,6,22
scannelt,0,1,1
scanner,47,25,72
scanners,5,5,10
scanning,38,33,71
scanr,1,0,1
scans,12,8,20
scansnap,0,1,1
scant,3,0,3
scantily,0,5,5
scanton,1,0,1
scantron,1,0,1
scantz,0,1,1
scapa,0,2,2
scape,3,3,6
scapegoat,3,5,8
scapegoating,1,0,1
scapey,0,1,1
scaphoid,1,0,1
scaping,0,1,1
scappy,1,0,1
scapula,1,0,1
scapular,0,1,1
scar,77,30,107
scarabeo,0,1,1
scaramouche,0,2,2
scarboro,0,1,1
scarborough,10,9,19
scarbz,1,0,1
scarce,13,6,19
scarcely,1,1,2
scarceness,0,1,1
scarcity,0,3,3
scard,8,1,9
scardey,1,0,1
scardy,0,2,2
scare,207,136,343
scarecrow,6,5,11
scarecrows,0,1,1
scared,2242,505,2747
scaredd,7,0,7
scareddd,7,1,8
scaredddd,5,2,7
scareddddd,1,0,1
scaredddddd,1,0,1
scareddddddddd,1,0,1
scaredddddddddd,0,1,1
scareded,3,0,3
scarededededed,1,0,1
scareder,0,1,1
scaredeycat,1,0,1
scaredi,1,0,1
scaredofdinosaurs,0,1,1
scaredy,11,4,15
scaree,0,1,1
scareeed,1,0,1
scareeeed,2,0,2
scareeeeed,1,0,1
scareeeeeeeeeeeeeeeeeed,1,0,1
scareing,1,0,1
scaremongering,1,0,1
scarepal,1,0,1
scarepoint,0,1,1
scarer,0,1,1
scarers,1,0,1
scares,164,39,203
scarest,1,0,1
scaresthe,1,0,1
scareware,1,0,1
scarey,20,8,28
scarf,49,81,130
scarface,5,10,15
scarfed,4,2,6
scarfff,0,1,1
scarfin,0,1,1
scarfs,1,4,5
scarful,1,0,1
scargill,1,0,1
scarhead,1,0,1
scaried,1,2,3
scarier,15,9,24
scaries,0,1,1
scariest,61,10,71
scariin,1,0,1
scarily,5,5,10
scarin,4,1,5
scarind,1,0,1
scariness,0,2,2
scaring,114,29,143
scaringly,0,1,1
scarjo,2,1,3
scarlet,14,21,35
scarletl,0,1,1
scarlets,0,1,1
scarlett,19,16,35
scarletta,0,1,1
scarlette,0,1,1
scarlettomcflylogo,1,0,1
scarletts,2,0,2
scarlettt,0,1,1
scarlie,0,1,1
scarnose,1,0,1
scarolina,0,1,1
scarp,1,1,2
scarpa,1,0,1
scarpeezy,1,0,1
scarpered,0,1,1
scarpers,0,1,1
scarpitti,0,1,1
scarred,35,12,47
scarres,1,0,1
scarrier,0,1,1
scarriest,1,0,1
scarring,5,0,5
scarrred,2,0,2
scarrreweee,1,0,1
scarrriesssss,1,0,1
scarrrred,1,0,1
scarrrry,1,0,1
scarrry,2,0,2
scarry,6,5,11
scarryyyy,1,0,1
scars,39,13,52
scarsborough,1,0,1
scarsdale,0,5,5
scart,1,0,1
scartch,1,0,1
scarve,0,1,1
scarves,12,13,25
scarweee,1,0,1
scarweeee,1,0,1
scary,1440,661,2101
scarydreams,1,0,1
scaryer,1,0,1
scaryest,2,0,2
scaryhouse,0,1,1
scaryin,1,0,1
scarying,1,0,1
scarykids,1,0,1
scaryness,2,1,3
scaryskies,1,0,1
scaryuud,1,0,1
scaryy,8,3,11
scaryyy,5,4,9
scaryyyy,3,2,5
scaryyyyy,4,0,4
scaryyyyyy,1,0,1
scasa,0,1,1
scat,1,5,6
scatchy,1,0,1
scathing,0,1,1
scathingly,0,2,2
scating,0,1,1
scatman,0,1,1
scats,0,1,1
scatt,1,0,1
scattegories,0,1,1
scatter,1,1,2
scatterbrain,0,2,2
scatterbrained,4,0,4
scattered,29,16,45
scattergood,0,2,2
scattergories,4,3,7
scatterhearted,0,2,2
scattering,3,3,6
scatty,2,1,3
scav,0,1,1
scavange,0,1,1
scavanger,2,0,2
scavegnger,0,1,1
scavenge,1,1,2
scavenger,8,20,28
scavengers,1,1,2
scavenging,3,0,3
scavo,1,1,2
scawe,0,1,1
scawee,1,0,1
scawtty,0,1,1
scawwwy,1,0,1
scawwy,1,0,1
scawy,2,0,2
scaywered,1,0,1
scb,1,2,3
scbd,1,0,1
scbs,1,0,1
scbwi,0,2,2
scc,15,7,22
sccared,1,0,1
sccattered,0,1,1
sccc,2,0,2
scccarrreddd,1,0,1
sccccccccared,1,0,1
sccholarly,1,0,1
sccm,1,1,2
sccp,1,0,1
sccr,2,0,2
scd,1,0,1
sce,0,2,2
sceam,0,2,2
sceaming,0,1,1
sceane,1,0,1
scear,1,0,1
sceard,1,0,1
scearmt,1,0,1
sceary,1,0,1
scedual,0,1,1
scedule,3,2,5
sceduled,1,0,1
scee,1,0,1
sceen,1,1,2
sceens,0,1,1
sceered,0,1,1
sceeweeeyy,1,0,1
sceletons,0,1,1
sceme,2,0,2
scen,0,1,1
scenar,0,3,3
scenario,22,27,49
scenarios,3,11,14
scenary,1,1,2
scence,1,0,1
scences,1,0,1
scene,308,400,708
scenee,2,0,2
scenefest,0,1,1
sceneit,0,1,1
scenekick,1,0,1
scenekids,0,1,1
sceneries,0,2,2
scenery,9,51,60
scenes,82,119,201
scenesish,0,1,1
scenester,2,0,2
sceney,1,0,1
scenic,13,21,34
scenics,0,1,1
scenie,0,8,8
scennes,0,2,2
scent,19,55,74
scented,7,17,24
scentrd,1,0,1
scents,3,13,16
scentsational,0,1,1
scentsy,1,6,7
scepia,0,1,1
scept,0,1,1
sceptic,1,0,1
sceptical,0,5,5
sceptically,0,6,6
scepticism,0,2,2
scepticsbook,1,0,1
sceurpurrt,1,0,1
scew,0,2,2
scewif,1,0,1
scf,2,3,5
scfi,0,1,1
scfilm,1,0,1
scg,1,1,2
scgeek,1,0,1
scgool,1,0,1
scgs,1,0,1
sch,77,44,121
schaaf,0,1,1
schaal,0,1,1
schack,0,1,1
schad,1,0,1
schade,5,0,5
schadenfreude,3,2,5
schadenfreudetastic,0,1,1
schaeffer,1,1,2
schaffel,0,1,1
schaffen,0,1,1
schaffer,1,0,1
schafsk,0,2,2
schakal,0,1,1
schaken,0,2,2
schalke,1,1,2
schamp,0,1,1
schande,0,1,1
schandyy,1,0,1
scharff,1,1,2
schatje,1,0,1
schatten,1,0,1
schatz,1,4,5
schau,0,2,2
schaub,1,1,2
schaubs,1,1,2
schaum,0,1,1
schaumburg,0,3,3
schaut,0,1,1
schazz,0,1,1
schbag,1,0,1
schd,1,0,1
schdule,0,1,1
schdules,1,0,1
schdy,1,0,1
sche,0,1,1
schechman,0,1,1
scheckter,1,0,1
schecter,2,0,2
sched,59,28,87
scheds,1,3,4
schedual,6,7,13
scheduale,1,0,1
schedualed,1,0,1
schedualing,0,1,1
schedue,1,0,1
scheduel,1,0,1
schedule,598,397,995
scheduled,180,103,283
scheduledlookingfor,0,1,1
scheduler,3,3,6
schedulers,2,1,3
schedules,56,27,83
scheduling,35,16,51
schee,0,1,1
scheer,0,1,1
scheggie,1,0,1
schei,4,2,6
scheiman,1,0,1
scheinfeld,0,1,1
scheiss,2,1,3
scheisse,2,0,2
schellin,0,1,1
schellstede,0,1,1
schema,2,2,4
schematic,1,1,2
schematics,1,1,2
schembri,0,1,1
scheme,31,41,72
schemeing,0,1,1
schemes,8,2,10
scheming,5,8,13
schenectady,1,0,1
schengen,0,1,1
schenn,1,0,1
schererville,1,0,1
scherzer,1,0,1
scherzinger,2,4,6
schetch,0,1,1
scheuble,0,1,1
scheuring,1,0,1
scheveningen,0,6,6
schexy,0,1,1
scheyer,1,0,1
schhol,4,1,5
schhweet,0,1,1
schick,0,4,4
schicke,0,1,1
schicksal,0,1,1
schider,1,0,1
schieffer,1,0,1
schiele,0,1,1
schierholtz,0,1,1
schiff,0,2,2
schiffbauer,0,1,1
schijt,1,0,1
schikaneder,0,1,1
schildkr,0,1,1
schiling,0,1,1
schiller,0,1,1
schimbat,0,2,2
schimpfae,0,1,1
schindler,5,2,7
schindlers,1,0,1
schine,1,0,1
schinken,0,1,1
schiphol,3,5,8
schipol,2,0,2
schipperke,0,1,1
schism,1,0,1
schitt,1,0,1
schitz,0,1,1
schitzel,1,0,1
schitzo,2,1,3
schizm,0,1,1
schizo,2,2,4
schizocoel,1,0,1
schizoid,1,0,1
schizophrenia,2,2,4
schizophrenic,1,4,5
schizotypal,1,0,1
schizzle,0,1,1
schl,8,4,12
schlachte,1,0,1
schlaf,0,1,1
schlafly,0,1,1
schlaft,1,1,2
schlager,0,1,1
schlarship,1,0,1
schlecht,0,1,1
schleck,2,1,3
schleeeeeep,1,0,1
schleeeep,1,0,1
schleep,0,1,1
schleepy,0,2,2
schlegels,1,0,1
schleibecks,0,1,1
schleiswig,0,1,1
schlemmer,0,1,1
schlep,3,1,4
schlepped,1,0,1
schlepping,2,2,4
schlereth,0,1,1
schless,1,0,1
schleswig,1,1,2
schleyer,0,1,1
schlick,1,0,1
schliebeusch,1,0,1
schlikon,1,0,1
schlimmes,1,0,1
schlitterbahn,2,2,4
schlitterban,0,1,1
schlitz,1,0,1
schlocky,0,1,1
schloger,1,0,1
schlong,0,2,2
schlotsky,1,1,2
schlotskys,0,1,1
schlotzky,1,0,1
schlotzsky,1,3,4
schlub,1,1,2
schlumping,0,1,1
schluricup,1,0,1
schlurry,1,0,1
schmack,0,1,1
schmackofatz,0,1,1
schmain,0,1,1
schmaleers,0,1,1
schmalz,0,1,1
schmamms,0,1,1
schmance,1,1,2
schmancer,0,1,1
schmancy,0,1,1
schmanderz,1,0,1
schmangover,1,0,1
schmanielle,0,1,1
schmap,0,1,1
schmarbra,1,0,1
schmear,1,0,1
schmedicine,0,2,2
schmeeny,1,0,1
schmeer,1,0,1
schmeetings,0,1,1
schmeh,1,0,1
schmerrands,0,1,1
schmerzs,0,1,1
schmetition,1,0,1
schmexi,0,1,1
schmexy,1,1,2
schmey,0,1,1
schmich,1,0,1
schmicks,0,1,1
schmid,1,0,1
schmidt,4,2,6
schmilerz,0,2,2
schmitgirl,0,1,1
schmitness,1,0,1
schmitt,1,1,2
schmitter,1,0,1
schmitts,0,1,1
schmitty,0,1,1
schmobe,0,1,1
schmoes,0,1,1
schmoker,1,0,1
schmolf,1,0,1
schmonday,0,1,1
schmoo,2,0,2
schmooch,1,0,1
schmoogle,0,1,1
schmoooopsie,0,1,1
schmoopyness,0,1,1
schmoosy,0,1,1
schmooze,1,1,2
schmoozing,1,0,1
schmownce,0,1,1
schmuck,4,2,6
schmuel,1,0,1
schmutzy,1,0,1
schmynths,0,1,1
schn,0,1,1
schnake,1,0,1
schnapp,0,1,1
schnapps,3,9,12
schnapszahlen,0,1,1
schnauser,0,1,1
schnauzer,4,5,9
schnauzers,1,1,2
schnecky,0,1,1
schneewalzer,0,1,1
schnegge,0,1,1
schneider,8,10,18
schneiders,0,1,1
schneizel,1,0,1
schnelldorf,0,1,1
schnelly,1,0,1
schnepf,0,1,1
schnice,1,0,1
schnit,1,0,1
schnitzel,6,8,14
schnitzelbank,0,1,1
schnockered,0,1,1
schnoo,0,1,1
schnoodle,0,2,2
schnookums,0,1,1
schnooky,0,1,1
schnoss,1,0,1
schnuckiii,0,1,1
schnukums,0,1,1
schnukumz,1,0,1
schnurgle,1,0,1
scho,1,2,3
schoberr,1,0,1
schocked,1,0,1
schoctor,1,0,1
schoeffling,0,1,1
schoengberg,0,1,1
schoenweis,1,0,1
schofe,3,6,9
schoff,0,1,1
schofield,3,7,10
schoiol,0,1,1
schoker,1,0,1
schoko,0,1,1
schokostreusel,0,1,1
schol,5,2,7
schola,1,0,1
scholar,4,12,16
scholarly,1,6,7
scholarman,0,1,1
scholarpress,1,0,1
scholars,1,3,4
scholarship,33,46,79
scholarships,5,8,13
scholastic,1,1,2
scholenator,1,0,1
scholership,0,1,1
scholes,2,0,2
scholfield,1,0,1
scholl,6,4,10
scholls,1,1,2
scholo,0,1,1
scholorship,0,1,1
schols,1,0,1
schomberg,1,0,1
schome,1,0,1
schon,4,20,24
schonefeld,0,1,1
schonmal,0,1,1
schoo,6,4,10
schook,1,2,3
school,12878,7726,20604
schoolafter,0,1,1
schoolarship,1,0,1
schoolboard,1,0,1
schoolbooks,0,1,1
schoolbos,1,0,1
schoolboy,2,4,6
schoolboyhumor,0,2,2
schoolbreak,1,0,1
schoolbus,3,1,4
schoolconcert,0,1,1
schoolcraft,0,1,1
schoold,2,0,2
schoolday,6,10,16
schooldays,2,2,4
schooled,5,14,19
schooler,6,6,12
schoolers,7,10,17
schoolesque,1,0,1
schooless,1,0,1
schooley,0,1,1
schoolfriend,1,1,2
schoolfriends,2,0,2
schoolgirl,2,6,8
schoolgirlish,0,1,1
schoolgirls,1,1,2
schoolhouse,1,1,2
schoolie,0,2,2
schoolies,5,2,7
schoolin,1,3,4
schooling,23,17,40
schoolio,1,5,6
schoolioo,0,1,1
schooliooo,0,1,1
schoolis,0,1,1
schoolkids,2,0,2
schooll,9,8,17
schoollessons,1,0,1
schoolll,8,4,12
schoollll,2,2,4
schoolllll,1,0,1
schoollllll,1,1,2
schoolmarm,0,1,1
schoolmate,1,3,4
schoolmates,4,4,8
schoolmum,0,1,1
schoolname,1,0,1
schoolness,1,1,2
schoolnight,1,0,1
schoolnite,1,0,1
schoolproject,2,3,5
schoolrun,1,0,1
schools,244,160,404
schoolsbbreviation,1,0,1
schoolsout,0,1,1
schoolss,0,1,1
schoolstarts,0,1,1
schoolstuff,2,0,2
schoolteachers,0,1,1
schooltime,4,0,4
schoolweek,2,1,3
schoolweeks,2,0,2
schoolwill,1,0,1
schoolwise,1,0,1
schoolwork,49,21,70
schoolworks,4,0,4
schoolworkschoolwork,1,0,1
schoolwrk,1,0,1
schooly,1,0,1
schoolyard,2,1,3
schoolyear,3,4,7
schoolyrd,0,1,1
schoolz,0,1,1
schoolzzzz,1,0,1
schooners,0,2,2
schooo,1,0,1
schoool,70,52,122
schoooll,1,1,2
schooolll,1,0,1
schooollll,1,2,3
schooollllll,1,0,1
schooon,0,1,1
schoooo,1,0,1
schooool,29,18,47
schoooolio,1,0,1
schooooll,2,0,2
schoooolll,2,2,4
schooools,1,0,1
schoooool,15,19,34
schooooolll,1,0,1
schoooooo,1,0,1
schooooool,8,4,12
schoooooool,5,1,6
schooooooolllll,1,0,1
schooooooool,7,0,7
schoooooooolllll,1,0,1
schooooooooool,0,1,1
schoooooooooool,0,1,1
schooooooooooooool,0,1,1
schoooooooooooooooool,1,0,1
schooooooooooooooooooooooooooool,1,0,1
schopaholic,1,0,1
schopn,0,1,1
schopnosti,0,1,1
schossow,0,2,2
schott,0,1,1
schotzi,1,1,2
schould,2,0,2
schouler,1,0,1
schrader,0,1,1
schraeder,1,0,1
schrank,1,0,1
schranz,0,1,1
schreeking,0,1,1
schrei,0,1,1
schreiber,3,4,7
schreibheft,1,0,1
schreibt,0,1,1
schreibwerkstatt,1,0,1
schreiner,0,1,1
schreurs,0,1,1
schrijfwijze,0,1,1
schrodinger,2,1,3
schrooms,0,1,1
schrute,0,2,2
schs,1,0,1
scht,2,0,2
schtick,0,1,1
schtirred,0,1,1
schtroumpfs,0,1,1
schtuff,2,3,5
schtumm,0,1,1
schtupid,1,0,1
schtuuuuupid,1,0,1
schu,2,0,2
schuac,0,1,1
schuba,1,1,2
schubas,0,1,1
schuber,1,0,1
schubert,1,2,3
schubz,1,0,1
schuckman,0,2,2
schucks,2,2,4
schudule,1,0,1
schuf,0,1,1
schuh,0,1,1
schuhmacher,1,1,2
schuhz,1,0,1
schul,0,1,1
schule,1,2,3
schuleeee,0,1,1
schulenburg,1,0,1
schuler,1,0,1
schulferien,1,0,1
schultz,2,2,4
schulz,0,3,3
schumacher,2,0,2
schuman,0,1,1
schumi,1,4,5
schupp,1,0,1
schuster,0,1,1
schutt,1,0,1
schuur,0,1,1
schuyler,0,1,1
schveeeeeeeeeeeet,0,1,1
schwaaaaaaaaaasted,1,0,1
schwaaaaaaaabybaby,0,1,1
schwab,0,2,2
schwabe,0,1,1
schwaben,0,1,1
schwag,1,3,4
schwaggity,1,0,1
schwaiger,1,0,1
schwalm,0,1,1
schwan,1,0,1
schwans,1,0,1
schwartz,2,5,7
schwartzer,1,0,1
schwartzkopf,0,1,1
schwartzman,5,0,5
schwarz,1,1,2
schwarzbrot,1,0,1
schwarzemberg,0,1,1
schwarzenbach,1,0,1
schwarzenegger,6,5,11
schwarzer,2,0,2
schwarzwald,0,1,1
schwaste,0,1,1
schwasted,1,0,1
schwastedddd,0,1,1
schweeeeeet,0,1,1
schweeeeet,1,0,1
schweeeet,1,0,1
schweeet,0,2,2
schweepy,1,0,1
schweet,4,12,16
schweethearts,0,1,1
schweiger,0,1,1
schweigi,0,1,1
schwein,0,1,1
schweinfurt,0,1,1
schweitzer,0,1,1
schweiz,1,0,1
schweize,0,1,1
schweizer,1,0,1
schweppes,0,1,1
schwepps,1,0,1
schwiizerd,0,1,1
schwimmer,2,0,2
schwin,0,2,2
schwing,1,0,1
schwinn,1,0,1
schwinnjoyride,1,0,1
schwinny,1,0,1
schyman,0,1,1
sci,56,94,150
sciacca,0,1,1
sciataca,1,0,1
sciatic,6,1,7
sciatica,9,3,12
sciau,0,1,1
scibx,1,0,1
scid,0,1,1
science,746,434,1180
sciencedirect,1,0,1
scienceee,2,0,2
scienceeeeeee,1,0,1
scienceemann,1,0,1
sciences,17,8,25
scienceteacher,0,1,1
sciency,1,4,5
sciene,3,0,3
sciens,1,0,1
scientia,0,1,1
scientic,0,1,1
scienticslly,1,0,1
scientific,18,23,41
scientifically,0,8,8
scientifique,0,1,1
scientis,0,1,1
scientist,17,34,51
scientists,10,19,29
scientologists,1,2,3
scientology,4,6,10
scientwists,0,1,1
scifi,20,32,52
scifiassasin,0,1,1
scifiplantlady,0,1,1
scifly,0,1,1
scifon,0,1,1
scii,0,2,2
sciienceee,1,0,1
scikkk,1,0,1
scikotics,0,1,1
scilence,1,0,1
scilly,1,2,3
scim,2,0,2
scimeca,1,0,1
scince,7,0,7
scinece,3,0,3
scinians,1,0,1
scintilla,0,1,1
scintillating,2,3,5
scion,10,5,15
scions,0,1,1
sciorra,1,0,1
scioscia,1,0,1
scioto,1,0,1
scip,0,1,1
sciphone,2,0,2
scirocco,0,1,1
scisea,1,0,1
scissor,8,13,21
scissorhands,12,11,23
scissors,35,28,63
scissorshands,1,0,1
scit,0,2,2
scitech,0,1,1
sciv,0,1,1
sciver,0,1,1
scizophrenic,1,0,1
scj,0,1,1
scjp,2,0,2
sck,1,0,1
sckd,1,0,1
scketches,0,1,1
sckhool,0,1,1
sckol,3,0,3
sckool,4,2,6
sckoollllll,1,0,1
scks,1,1,2
scl,15,1,16
scla,1,0,1
sclera,1,0,1
scleritis,2,0,2
sclerosis,1,0,1
scliar,0,1,1
sclub,2,1,3
scm,2,0,2
scmandy,0,1,1
scmap,0,1,1
scmf,0,1,1
scmitty,1,0,1
scmwork,1,0,1
scn,0,2,2
scndl,1,0,1
scnotties,0,1,1
scnplay,0,1,1
scnr,1,1,2
scnyc,0,1,1
sco,1,4,5
scoala,0,1,1
scob,0,1,1
scobidou,0,1,1
scoble,3,7,10
scobleizer,0,1,1
scobz,1,0,1
scodelario,0,2,2
scofe,0,1,1
scoff,3,1,4
scoffed,6,1,7
scoffield,1,0,1
scoffin,1,1,2
scoffing,2,2,4
scofflaws,1,0,1
scoffolding,1,0,1
scoffs,1,0,1
scofield,9,9,18
scofiled,1,0,1
scoh,0,1,1
scohrid,0,1,1
scol,1,0,1
scolaped,0,1,1
scolarhip,0,1,1
scolari,1,1,2
scolarship,0,1,1
scold,6,1,7
scolded,23,9,32
scolding,11,1,12
scoldings,2,0,2
scoliosis,7,1,8
scoll,0,2,2
scollors,0,1,1
scom,4,1,5
scompa,0,1,1
sconds,1,0,1
scone,14,18,32
sconed,0,1,1
scones,32,48,80
sconnie,0,1,1
scons,0,1,1
scoob,1,1,2
scooba,1,0,1
scoober,0,1,1
scoobs,0,1,1
scooby,28,33,61
scoobydoo,1,2,3
scoobysnacks,0,1,1
scoobz,1,0,1
scooched,1,0,1
scoochie,1,0,1
scoof,1,0,1
scool,16,8,24
scoolproject,1,0,1
scools,0,1,1
scoooooool,1,0,1
scoooooott,1,0,1
scooooore,0,1,1
scoooppp,1,0,1
scooore,0,2,2
scoop,32,61,93
scooped,5,2,7
scooper,0,1,1
scooperoo,0,1,1
scoopers,1,0,1
scoopie,0,1,1
scoopin,0,1,1
scooping,5,4,9
scoops,7,15,22
scoopy,0,3,3
scoot,11,14,25
scootch,1,0,1
scooted,0,2,2
scooter,73,55,128
scootered,0,1,1
scootering,2,2,4
scooters,6,8,14
scooterswagg,0,1,1
scootertechno,0,1,1
scootie,1,0,1
scootin,0,1,1
scooting,4,2,6
scoots,1,2,3
scootsmagoo,1,0,1
scoottttsss,0,1,1
scooty,2,1,3
scope,21,24,45
scoped,1,4,5
scopes,1,0,1
scopey,1,0,1
scoping,4,5,9
scoprio,0,1,1
scoptt,0,1,1
scorch,1,1,2
scorched,7,2,9
scorcher,18,27,45
scorchers,0,2,2
scorchin,3,1,4
scorching,26,28,54
scorchinggg,0,1,1
scorchio,2,9,11
scorchshimmers,0,1,1
score,365,370,735
scoreboard,3,2,5
scorecard,3,2,5
scorecards,1,1,2
scorecenter,1,2,3
scored,103,127,230
scoree,1,4,5
scoreee,0,3,3
scoreeee,0,1,1
scoreeeee,0,4,4
scoreeeeee,0,2,2
scoreeeeeeeeeeeeee,0,1,1
scoreless,1,1,2
scoreline,3,1,4
scoren,0,1,1
scorer,1,4,5
scorers,0,2,2
scores,88,51,139
scoresheet,0,1,1
scoressssssssssssss,1,0,1
scorhing,1,0,1
scoria,0,1,1
scoring,17,18,35
scorless,1,0,1
scorn,0,4,4
scorned,5,1,6
scornful,0,1,1
scorp,1,0,1
scorpian,5,1,6
scorpid,0,1,1
scorpies,0,1,1
scorpio,8,20,28
scorpion,15,8,23
scorpions,6,8,14
scorpios,0,4,4
scorpius,0,1,1
scorrrreeeee,1,1,2
scorsese,1,4,5
scorsesse,1,0,1
scort,0,1,1
scot,11,11,22
scotand,1,0,1
scotch,11,49,60
scotched,1,1,2
scotchs,1,0,1
scotchtape,0,1,1
scotclans,0,1,1
scotia,5,11,16
scotian,0,1,1
scotish,1,1,2
scotland,270,223,493
scotlandd,2,2,4
scotlands,1,1,2
scotmid,1,0,1
scotrail,1,0,1
scotravel,1,0,1
scots,6,16,22
scotsman,5,5,10
scotsys,1,0,1
scott,147,254,401
scottbarretto,0,1,1
scotter,0,1,1
scottevest,1,0,1
scottie,7,13,20
scotties,0,3,3
scottisch,0,1,1
scottish,65,101,166
scottishcup,0,1,1
scottishcupfinal,0,1,1
scottishness,0,3,3
scottland,2,2,4
scottrade,0,1,1
scotts,10,10,20
scottsbluff,1,0,1
scottsdale,17,16,33
scotttt,1,0,1
scottttttttt,1,0,1
scotty,38,54,92
scottydont,0,1,1
scottyhendoville,0,1,1
scottys,1,1,2
scotus,2,1,3
scotweb,2,0,2
scouchdb,0,1,1
scoundrel,2,2,4
scoundrels,1,2,3
scour,5,2,7
scoured,3,0,3
scourge,3,0,3
scouring,8,4,12
scouse,3,2,5
scouser,1,1,2
scousers,2,5,7
scout,41,70,111
scouted,3,1,4
scouters,0,1,1
scouting,10,14,24
scouts,16,25,41
scouty,0,1,1
scoville,1,0,1
scow,1,0,1
scowering,0,1,1
scowl,2,1,3
scowling,0,1,1
scowls,0,2,2
scpa,0,1,1
scpas,0,1,1
scpojconf,1,0,1
scq,0,1,1
scquiq,0,1,1
scr,1,3,4
scra,1,0,1
scrabble,52,58,110
scrabbled,0,1,1
scrabbles,0,1,1
scrabster,1,0,1
scrached,2,0,2
scractched,1,0,1
scracth,0,1,1
scrag,0,1,1
scraight,1,0,1
scram,1,1,2
scrambed,0,1,1
scramble,15,10,25
scrambled,35,64,99
scramblers,0,1,1
scrambles,0,2,2
scramblesunday,0,1,1
scramblez,1,0,1
scrambling,8,0,8
scrambly,0,1,1
scrambo,1,1,2
scramby,0,1,1
scramento,1,0,1
scrammbled,0,1,1
scramming,1,0,1
scran,1,0,1
scranton,20,12,32
scrap,56,25,81
scrapballerina,1,0,1
scrapbk,0,1,1
scrapblog,1,2,3
scrapbook,27,38,65
scrapbookbytes,0,1,1
scrapbooked,2,2,4
scrapbookers,1,0,1
scrapbooking,8,28,36
scrapbooks,1,2,3
scrape,23,11,34
scrapebook,0,1,1
scraped,74,13,87
scraper,2,1,3
scrapers,1,2,3
scrapes,5,0,5
scrapey,1,0,1
scrapheap,1,4,5
scrapin,3,1,4
scraping,21,8,29
scrapp,0,1,1
scrappage,1,3,4
scrapped,15,2,17
scrapper,1,0,1
scrappers,2,0,2
scrapping,9,10,19
scrapple,0,2,2
scrappy,6,3,9
scraproom,2,0,2
scraps,10,9,19
scrapyard,1,0,1
scrapyards,0,1,1
scrat,0,2,2
scratch,330,203,533
scratchcard,0,1,1
scratchcards,1,0,1
scratchdisk,1,0,1
scratched,208,20,228
scratchedddddddddddddddddddddd,0,1,1
scratcher,2,8,10
scratchers,3,2,5
scratches,64,16,80
scratchie,1,0,1
scratchier,1,0,1
scratchies,0,1,1
scratchiessss,0,1,1
scratchin,4,2,6
scratching,62,33,95
scratchings,2,1,3
scratchless,1,0,1
scratchpad,1,0,1
scratchscratchscratch,1,0,1
scratchy,47,7,54
scratchyness,1,0,1
scrathc,0,1,1
scrathed,2,0,2
scrathsed,0,1,1
scraton,0,1,1
scrats,1,0,1
scrawl,1,1,2
scrawled,2,0,2
scrawny,4,1,5
scray,3,0,3
scrayched,1,0,1
scrazy,0,1,1
scrcipt,0,1,1
scre,4,1,5
screaaaaaaaaaaaaaaaaaaaaaaaaaaaaam,0,1,1
screaaaaming,1,0,1
screaching,1,0,1
screachy,1,0,1
scream,209,185,394
screamanova,0,1,1
screamberts,0,1,1
screamed,68,62,130
screamer,4,5,9
screamfeeder,0,1,1
screamimg,1,0,1
screamin,12,21,33
screaming,271,220,491
screamingg,1,0,1
screaminggggggggggggg,1,0,1
screamm,1,0,1
screamming,1,1,2
screammm,0,2,2
screammmmmm,1,0,1
screamn,1,0,1
screamo,5,14,19
screamoing,0,1,1
screams,50,50,100
screamworld,0,1,1
screamy,3,1,4
screamyx,2,0,2
screatches,0,1,1
scred,1,1,2
scree,1,0,1
screeamo,1,0,1
screech,1,5,6
screeched,2,0,2
screeching,12,3,15
screechpowers,2,0,2
screechy,2,0,2
screeeeam,1,0,1
screeeech,1,0,1
screeeeeaming,1,0,1
screeeeeeeewed,1,0,1
screeeeeens,0,1,1
screeeewed,1,1,2
screeen,0,1,1
screem,1,0,1
screeming,2,1,3
screen,1028,554,1582
screename,2,1,3
screenames,0,1,1
screenburn,1,0,1
screencamera,1,0,1
screencap,8,4,12
screencapping,2,0,2
screencaps,5,10,15
screencast,5,8,13
screencasting,0,1,1
screencasts,0,4,4
screencastsonline,0,1,1
screendump,0,1,1
screened,16,6,22
screeneds,1,0,1
screeners,1,0,1
screenface,0,1,1
screenflow,2,1,3
screengrab,2,2,4
screenie,0,1,1
screenied,1,1,2
screenies,3,0,3
screenin,2,0,2
screening,72,67,139
screenings,11,3,14
screenis,1,0,1
screenlet,1,0,1
screenlets,0,1,1
screenlock,1,0,1
screenname,4,7,11
screennames,1,0,1
screenplay,7,19,26
screenplays,1,3,4
screenprint,1,1,2
screenprinting,0,1,1
screenreach,0,1,1
screens,59,57,116
screensare,1,0,1
screensaver,5,6,11
screenshare,0,1,1
screenshield,1,0,1
screenshot,20,37,57
screenshots,15,27,42
screenshoty,0,1,1
screentest,1,0,1
screentime,1,3,4
screenwipe,2,1,3
screenwriter,0,2,2
screenwriters,0,3,3
screenwriting,1,3,4
screenwritingindia,1,0,1
screetching,1,0,1
screew,1,0,1
screm,0,1,1
screming,1,0,1
screne,1,0,1
scres,1,0,1
screw,385,220,605
screwattack,1,2,3
screwball,1,1,2
screwcaps,0,1,1
screwd,6,1,7
screwdriver,19,17,36
screwdrivers,1,2,3
screwe,0,1,1
screwed,644,95,739
screweddd,3,0,3
screwedddd,1,0,1
screwedom,1,0,1
screwedscrewedscrewed,1,0,1
screweed,2,0,2
screwey,1,0,1
screwf,1,0,1
screwin,2,0,2
screwing,75,20,95
screwmyx,0,1,1
screws,38,11,49
screwston,1,1,2
screwtape,0,2,2
screwthednr,1,0,1
screwtheestablishment,0,1,1
screwtons,1,0,1
screwtop,0,1,1
screwup,3,0,3
screwups,0,2,2
screww,0,2,2
screwwed,1,0,1
screwy,16,2,18
scrib,1,0,1
scribble,2,8,10
scribblenauts,5,4,9
scribbles,1,2,3
scribbling,1,5,6
scribblings,0,1,1
scribbly,0,1,1
scribd,2,2,4
scribe,1,3,4
scribed,0,1,1
scribes,0,1,1
scribkin,0,1,1
scribus,2,0,2
scrim,1,0,1
scrimmage,4,2,6
scrimp,1,0,1
scrimped,0,1,1
scrimpz,1,0,1
scrims,1,1,2
scrip,2,2,4
scripps,1,3,4
scrips,1,0,1
script,189,241,430
scriptability,1,0,1
scriptaculous,1,0,1
scripted,11,11,22
scriptfrenzy,0,1,1
scriptgirl,0,1,1
scripting,13,14,27
scriptings,1,0,1
scriptname,0,1,1
scriptreading,0,1,1
scripts,42,42,84
scripture,4,18,22
scriptures,0,2,2
scriptwriters,0,1,1
scriptwriting,1,1,2
scriptxray,0,1,1
scripty,0,2,2
scris,3,5,8
scrisesem,0,1,1
scriu,3,0,3
scrivener,1,4,5
scrivner,1,0,1
scrm,6,7,13
scrmbk,3,0,3
scrn,1,0,1
scrns,1,0,1
scrnshot,1,0,1
scrnshots,1,0,1
scrobble,8,2,10
scrobbled,6,5,11
scrobbler,4,0,4
scrobbles,4,1,5
scrobbling,3,5,8
scroggins,0,1,1
scroll,77,69,146
scrollball,1,0,1
scrollbar,1,0,1
scrolled,4,8,12
scrolling,38,17,55
scrolls,6,6,12
scrollwheel,1,0,1
scrolly,2,3,5
scroobiuspip,1,0,1
scrooge,2,1,3
scrotal,1,0,1
scrote,2,0,2
scrotum,3,1,4
scrotums,1,1,2
scrounge,4,4,8
scrounging,2,2,4
scrreeeaaammmm,0,1,1
scrshoots,1,0,1
scrub,45,37,82
scrubbb,0,1,1
scrubbed,38,11,49
scrubber,0,3,3
scrubbie,0,1,1
scrubbing,22,8,30
scrubbles,1,0,1
scrubby,2,3,5
scrubdown,1,0,1
scrubed,1,0,1
scrubing,2,0,2
scrubs,146,133,279
scrubss,0,1,1
scrubsssss,0,1,1
scrubus,1,0,1
scrudd,1,0,1
scruff,5,8,13
scruffbag,1,0,1
scruffle,1,0,1
scruffs,1,0,1
scruffy,6,7,13
scruffyyyyyy,0,1,1
scrum,14,12,26
scrumbled,0,1,1
scrumbledeggs,0,1,1
scrumbo,1,0,1
scrumboes,0,1,1
scrumminess,0,1,1
scrummmyyyy,0,1,1
scrummy,5,16,21
scrump,1,0,1
scrumpdillyicious,0,1,1
scrumpious,0,1,1
scrumptious,8,16,24
scrumptiousness,0,1,1
scrumptous,1,0,1
scrumptuous,1,0,1
scrumpy,1,0,1
scrumpys,0,1,1
scrums,0,1,1
scrumtious,0,1,1
scrumtrulescent,0,1,1
scrunch,3,2,5
scrunched,4,1,5
scrunchi,0,2,2
scrunchie,0,2,2
scrunchies,2,2,4
scrunchup,0,1,1
scruples,1,0,1
scrutineering,0,1,1
scrutinise,1,0,1
scrutiny,3,1,4
scruz,1,0,1
scrwd,1,0,1
scrwed,1,1,2
scry,0,1,1
scryers,1,0,1
scs,2,1,3
scsfc,1,0,1
scsi,4,1,5
sct,2,1,3
sctatched,0,1,1
sctest,1,0,1
sctions,1,0,1
sctrahc,0,1,1
sctub,1,0,1
sctv,1,2,3
scu,1,1,2
scub,1,0,1
scuba,17,24,41
scubadiving,1,0,1
scubapro,1,0,1
scubs,2,0,2
scud,0,1,1
scuderi,0,1,1
scudetto,0,1,1
scuene,1,0,1
scuff,3,0,3
scuffed,7,0,7
scuffing,0,1,1
scuffle,3,1,4
scuffs,2,0,2
scul,1,0,1
scula,0,1,1
scull,1,0,1
sculled,1,0,1
scully,5,6,11
sculpey,2,1,3
sculpin,1,0,1
sculps,1,0,1
sculpt,5,0,5
sculpted,0,1,1
sculptie,1,0,1
sculpting,7,6,13
sculptor,1,0,1
sculpture,10,11,21
sculptures,1,8,9
sculpty,1,0,1
scultpure,1,0,1
sculture,0,1,1
scum,30,24,54
scumbag,3,3,6
scumbags,3,0,3
scummathon,0,1,1
scummiest,1,0,1
scummvm,2,0,2
scummy,5,7,12
scumptious,1,0,1
scunci,0,1,1
scundered,1,0,1
scunnered,3,0,3
scunny,1,0,1
scunthorpe,1,1,2
scunts,0,1,1
scuppered,11,1,12
scuppering,0,1,1
scuppernong,0,1,1
scuppers,1,0,1
scupture,0,1,1
scurbs,1,0,1
scurd,1,0,1
scured,1,0,1
scurls,0,2,2
scurred,13,5,18
scurredddd,1,0,1
scurredddddddddddddd,0,1,1
scurried,1,0,1
scurries,0,1,1
scurrred,1,1,2
scurrredd,1,0,1
scurrrred,1,0,1
scurrrrry,0,1,1
scurrrry,1,0,1
scurry,3,2,5
scurrying,1,2,3
scurvy,1,4,5
scurvyseadog,1,0,1
scuse,2,5,7
scusi,0,1,1
scusssseeee,0,1,1
scusting,1,0,1
scutaro,0,1,1
scutters,1,0,1
scuttle,3,1,4
scuttlebutt,0,1,1
scuttled,1,0,1
scuttling,0,1,1
scutts,0,1,1
scuurd,1,1,2
scuuredd,1,0,1
scuuurrred,1,0,1
scuuuured,1,0,1
scuze,1,0,1
scuzz,2,3,5
scuzzy,1,1,2
scuzzz,0,1,1
scv,1,1,2
scvhon,0,1,1
scweet,0,1,1
scwl,2,0,2
scx,0,1,1
scyth,1,0,1
scythe,0,1,1
scyther,0,1,1
sd,193,131,324
sda,4,1,5
sdafghjkl,1,0,1
sday,4,2,6
sdbf,0,1,1
sdbuddiestmonks,0,1,1
sdc,3,2,5
sdcard,1,1,2
sdcc,11,10,21
sdclown,0,1,1
sddfijfhzdrijfwedfergftzhvtrgf,1,0,1
sddn,0,1,1
sde,0,2,2
sderot,0,1,1
sdf,1,0,1
sdfaf,1,0,1
sdfhndhodkdjfhosigh,1,0,1
sdfjkl,1,0,1
sdfjsdhflkshjfkahfkljshdfuwehfiujknfkjshdfkjsadfkjhsfkhsjkfhskfhkjs,1,0,1
sdh,1,1,2
sdhc,2,4,6
sdhewkjasnbd,1,0,1
sdhnashdnas,4,0,4
sdhsafjhhf,0,1,1
sdick,0,1,1
sdig,1,0,1
sdill,1,0,1
sdjd,0,1,1
sdjflajsdlfjal,1,0,1
sdk,35,14,49
sdkfjsklfsdf,0,1,1
sdkhf,0,1,1
sdkljfsldfjeicsieufcsvikscnoasiew,1,0,1
sdkljglkjas,1,0,1
sdksaslz,0,1,1
sdl,3,1,4
sdlc,1,0,1
sdlfjka,2,0,2
sdlfkjdasklfjdklsfj,1,0,1
sdljf,1,0,1
sdm,2,3,5
sdmart,1,0,1
sdmca,0,1,1
sdmit,1,0,1
sdn,2,2,4
sdnevent,1,0,1
sdnnl,1,0,1
sdo,2,1,3
sdoin,0,1,1
sdome,0,1,1
sdot,1,0,1
sdp,1,0,1
sdq,0,3,3
sdrawkcab,1,0,1
sdre,1,0,1
sdri,1,0,1
sdrink,0,1,1
sds,1,2,3
sdsm,0,1,1
sdss,1,0,1
sdsu,2,2,4
sdtay,1,0,1
sdtrk,2,2,4
sdtweetup,0,1,1
sdweathers,0,1,1
sdwtuv,1,0,1
se,230,227,457
sea,351,389,740
seaaa,0,1,1
seaaaa,1,0,1
seaaaaa,0,1,1
seaba,1,0,1
seabarn,0,1,1
seabass,0,2,2
seabee,1,1,2
seabird,0,2,2
seabiscuit,2,0,2
seaboard,0,1,1
seaborn,1,0,1
seabreeze,1,2,3
seabrook,1,0,1
seach,1,2,3
seached,1,0,1
seachriing,0,1,1
seacoast,1,1,2
seacom,0,2,2
seacreast,0,1,1
seacreat,0,1,1
seacres,1,0,1
seacrest,14,26,40
seacrets,0,1,1
seacrh,1,0,1
seactaine,0,1,1
seacuisine,0,1,1
sead,1,0,1
seadogs,0,1,1
seadon,1,0,1
seadoo,0,1,1
seaeaea,0,1,1
seaech,1,0,1
seaf,2,1,3
seafest,0,1,1
seafm,2,2,4
seafoam,0,1,1
seafood,63,78,141
seafoods,3,1,4
seaford,1,1,2
seaforth,1,0,1
seafront,3,4,7
seafull,0,1,1
seagal,1,4,5
seagall,0,1,1
seagate,12,1,13
seaglass,0,3,3
seagolville,0,1,1
seagrams,1,1,2
seagul,2,1,3
seagull,11,6,17
seagulls,12,11,23
seaguls,0,1,1
seagyn,1,0,1
seahawk,0,1,1
seahawks,1,1,2
seahorse,1,4,5
seahorses,2,0,2
seailing,1,0,1
seajaye,0,1,1
seak,0,2,2
seakaws,1,0,1
seaking,0,1,1
seakittens,1,0,1
seal,50,48,98
sealab,1,1,2
sealant,2,1,3
sealckers,0,2,2
sealclap,1,0,1
sealed,21,21,42
sealer,1,3,4
sealers,0,1,1
sealife,2,0,2
sealing,0,2,2
sealion,0,1,1
sealions,1,0,1
seals,14,14,28
sealsss,0,1,1
sealthrose,0,1,1
seam,11,6,17
seaman,1,3,4
seamed,1,0,1
seamen,0,1,1
seamer,0,1,1
seames,1,0,1
seamhead,0,1,1
seaming,0,1,1
seamless,4,6,10
seamlessly,7,3,10
seamonkey,3,1,4
seamonkeys,1,0,1
seamonstres,1,0,1
seams,11,14,25
seamstress,2,1,3
seamus,6,4,10
seamuswalsh,0,1,1
sean,145,214,359
seana,0,1,1
seanaldduck,0,1,1
seanalds,0,1,1
seanay,1,0,1
seance,0,1,1
seandainya,1,0,1
seandra,1,0,1
seanfaris,0,1,1
seanghayes,0,1,1
seani,1,0,1
seanie,0,2,2
seaniegurrl,1,0,1
seaniiii,0,1,1
seanjohn,0,1,1
seankingstontv,1,0,1
seann,2,0,2
seannery,0,2,2
seannn,1,0,1
seanny,1,0,1
seanp,3,0,3
seans,3,6,9
seant,0,1,1
seany,3,1,4
seanyb,0,1,1
seanybear,1,0,1
seanzy,1,0,1
seaoera,0,1,1
seaon,5,1,6
seaort,1,0,1
seaoson,1,0,1
seaplane,2,1,3
seaport,1,3,4
seaprior,0,1,1
seaquest,1,0,1
sear,0,4,4
seara,2,8,10
searced,2,1,3
search,659,737,1396
searchable,4,5,9
searchbar,0,2,2
searchbox,2,0,2
searchcast,0,1,1
searchcowboys,0,1,1
searched,91,50,141
searchengine,0,2,2
searchengines,0,1,1
searchengineworkshops,0,1,1
searchers,0,1,1
searches,37,31,68
searchforn,4,1,5
searchhyver,0,1,1
searchin,14,9,23
searchindexer,1,0,1
searchinf,0,1,1
searching,347,278,625
searchingg,0,1,1
searchiqn,1,0,1
searchmerge,0,2,2
searchmonkey,1,0,1
searchn,1,1,2
searchparam,1,0,1
searchs,1,0,1
searcing,1,0,1
searcy,1,2,3
seared,2,9,11
seargent,1,0,1
searh,0,1,1
searing,2,0,2
seariously,0,2,2
searle,0,1,1
searously,0,1,1
sears,18,19,37
seas,22,15,37
seasalt,3,2,5
seasaw,2,1,3
seascale,1,0,1
seascape,0,1,1
seasea,0,1,1
seaseme,0,1,1
seashell,1,0,1
seashells,0,1,1
seashore,2,5,7
seasia,2,1,3
seasick,7,2,9
seasickness,0,1,1
seaside,23,51,74
seasidee,1,0,1
seasideee,0,1,1
seasiders,0,1,1
seasmoke,0,1,1
seasn,1,0,1
seaso,0,1,1
seasom,0,2,2
season,2440,1879,4319
seasonably,1,0,1
seasonal,15,19,34
seasoned,5,14,19
seasonel,1,0,1
seasoning,8,15,23
seasonings,2,2,4
seasonique,1,0,1
seasonn,1,0,1
seasonnn,1,2,3
seasonnnnnn,0,1,1
seasonnow,1,0,1
seasons,131,142,273
seasoonnn,0,1,1
seasson,0,1,1
seastar,0,2,2
seat,404,291,695
seatac,4,3,7
seatback,2,0,2
seatbelt,14,9,23
seatbelts,4,2,6
seatch,1,0,1
seatcovers,1,0,1
seatec,0,1,1
seated,18,21,39
seater,3,6,9
seaters,1,0,1
seating,24,25,49
seatle,3,2,5
seatlle,1,0,1
seatmate,2,1,3
seatmates,2,2,4
seaton,0,4,4
seatown,1,1,2
seatpost,1,0,1
seatrail,1,0,1
seats,350,214,564
seatsss,0,1,1
seattle,371,337,708
seattleeee,1,0,1
seattles,0,1,1
seattlite,0,1,1
seatttle,1,0,1
seatwave,0,3,3
seaunicorn,0,1,1
seavash,0,1,1
seaver,1,0,1
seaview,0,2,2
seawalk,0,1,1
seawall,2,2,4
seawater,3,1,4
seaweed,7,16,23
seaweeds,0,2,2
seawinds,1,0,1
seawolves,0,1,1
seaworld,11,17,28
seay,0,1,1
seazer,1,1,2
seb,92,453,545
seba,1,1,2
sebab,5,0,5
sebagai,1,2,3
sebanyaak,0,1,1
sebas,0,1,1
sebastian,29,33,62
sebastianj,0,1,1
sebastians,0,1,1
sebastien,2,5,7
sebastiens,1,0,1
sebastin,1,0,1
sebastion,1,0,1
sebastopol,1,1,2
sebat,1,0,1
sebbie,0,2,2
sebby,5,4,9
sebeeeeel,1,0,1
sebeel,1,0,1
sebegitu,0,1,1
sebel,7,1,8
sebelah,3,1,4
sebelahan,1,0,1
sebelum,0,2,2
seben,0,1,1
sebenarnya,0,1,1
sebenarnye,1,0,1
sebenernya,1,0,1
sebentar,0,1,1
sebethy,0,1,1
sebi,3,0,3
sebina,1,0,1
sebiunouva,0,1,1
seblass,0,1,1
sebold,0,1,1
seboune,0,1,1
sebring,0,1,1
sebs,0,1,1
sebsebsebsebseb,1,0,1
sebuah,0,1,1
sebuk,0,1,1
sebulan,1,1,2
sebutnya,0,1,1
sebz,0,1,1
sec,164,171,335
seca,1,1,2
secada,2,0,2
secant,1,0,1
secar,1,0,1
secara,1,3,4
secas,2,0,2
secata,1,0,1
secatours,1,0,1
secatous,1,0,1
secaucus,1,0,1
secc,2,1,3
seccond,1,1,2
secede,0,1,1
secedes,0,1,1
secene,0,1,1
seceng,0,1,1
secengan,0,1,1
secented,0,1,1
seceondhand,1,0,1
secepat,1,0,1
seceret,0,1,1
secert,0,2,2
secertaries,0,1,1
secertly,1,0,1
seche,0,1,1
sechsel,0,1,1
sechsy,0,1,1
seciond,1,0,1
seck,1,0,1
secks,2,1,3
secksy,0,2,2
seclude,1,0,1
secluded,3,7,10
seclusion,1,6,7
secnd,2,0,2
secnds,0,1,1
seco,1,0,1
secon,2,0,2
second,1549,1664,3213
secondarily,0,1,1
secondary,28,19,47
secondchancemusic,0,1,1
seconde,0,2,2
seconded,4,4,8
secondhand,6,16,22
seconding,0,2,2
secondlife,7,7,14
secondlifesucks,0,1,1
secondly,10,13,23
secondment,2,1,3
secondnature,0,1,1
secondrecord,1,0,1
seconds,400,329,729
secondskin,0,1,1
secondss,0,1,1
secondstar,1,1,2
secondstomars,13,57,70
secondstomarsiscoming,0,1,1
secondthe,0,1,1
secondyear,1,0,1
secondz,0,1,1
seconed,1,0,1
secong,0,1,1
secound,2,1,3
secratery,0,2,2
secrct,0,1,1
secre,0,1,1
secrecy,4,2,6
secret,377,769,1146
secretaly,0,1,1
secretariat,0,1,1
secretaries,0,1,1
secretary,19,33,52
secretcrush,1,0,1
secrete,0,1,1
secretely,0,2,2
secretgarden,1,0,1
secretions,0,1,1
secretive,4,7,11
secretivily,0,1,1
secretlife,1,0,1
secretly,55,80,135
secretmeetings,1,0,1
secretmission,1,1,2
secretproject,0,1,1
secrets,71,127,198
secretsfromstrangers,0,1,1
secretsinsation,0,1,1
secretstory,0,1,1
secretts,0,1,1
secretttt,0,1,1
secretweet,0,1,1
secrety,0,1,1
secrret,0,1,1
secrutiy,1,0,1
secs,72,48,120
secstomars,0,1,1
sect,0,3,3
sectarian,1,0,1
sectarianism,2,0,2
sectary,1,0,1
secterianism,1,0,1
sectio,1,0,1
section,254,310,564
sectional,1,6,7
sectionals,3,2,5
sectioned,1,0,1
sectioning,1,0,1
sections,42,22,64
sectmsempra,1,0,1
sectomars,0,1,1
sector,11,9,20
sectors,1,2,3
secuestro,2,0,2
secuirty,0,1,1
secular,1,5,6
secularism,1,0,1
secularly,0,1,1
secunde,0,1,1
secura,1,0,1
secure,32,36,68
securecode,2,0,2
secured,11,21,32
securely,3,1,4
securing,4,3,7
securitatea,1,0,1
security,274,184,458
securitymodel,1,0,1
securityspy,0,1,1
securitytheatre,1,0,1
securitytwits,0,1,1
securom,2,0,2
secutiry,1,0,1
secxay,0,1,1
sed,60,36,96
seda,1,1,2
sedaka,0,2,2
sedan,2,0,2
sedang,3,5,8
sedangkan,1,0,1
sedans,1,0,1
sedap,1,7,8
sedaris,0,8,8
sedarising,1,0,1
sedate,4,1,5
sedated,14,5,19
sedating,1,0,1
sedation,3,3,6
sedative,2,1,3
sedatives,1,1,2
sedatul,0,1,1
seddd,1,0,1
seddie,2,0,2
sedeh,3,0,3
sedem,1,0,1
sedentary,0,2,2
seder,0,1,1
sederhana,1,1,2
sedey,3,0,3
sedeylah,1,0,1
sedgewick,0,1,1
sedgwick,1,1,2
sedgwicks,0,1,1
sedi,1,1,2
sedih,29,3,32
sedihh,1,0,1
sedihhh,1,0,1
sedihhhh,2,0,2
sedihnyaaaaaaaa,1,0,1
sediih,0,1,1
sediiiiiihhhhhh,1,0,1
sedikit,3,2,5
sediment,2,0,2
sediments,0,1,1
seding,1,0,1
sedins,1,0,1
sedo,1,0,1
sedona,6,12,18
sedric,0,1,1
seds,0,1,1
sedu,1,0,1
seduce,4,7,11
seduced,3,2,5
seductie,0,1,1
seduction,4,9,13
seductive,3,9,12
seductively,1,1,2
seductress,1,2,3
seduff,1,0,1
seduktiv,0,1,1
seduse,0,1,1
seduzindo,0,1,1
see,20560,25811,46371
seea,1,0,1
seeaaaffooodddsss,0,1,1
seeable,1,0,1
seeanewyou,0,2,2
seeason,1,0,1
seebach,0,1,1
seebivesi,1,0,1
seebrittnicole,0,1,1
seebye,0,1,1
seecer,1,0,1
seed,43,50,93
seedcamp,0,7,7
seeded,5,3,8
seeders,2,0,2
seedfund,0,4,4
seeding,5,1,6
seedless,3,2,5
seedling,2,1,3
seedlings,13,9,22
seedot,1,0,1
seeds,55,75,130
seedscancaff,0,1,1
seedss,1,0,1
seedy,9,2,11
seee,35,60,95
seeediiiiiiihhhhh,1,0,1
seeee,21,32,53
seeeea,1,0,1
seeeecareeee,1,0,1
seeeecret,1,1,2
seeeee,8,15,23
seeeeeb,1,0,1
seeeeecret,0,1,1
seeeeee,8,5,13
seeeeeecrets,0,1,1
seeeeeee,4,2,6
seeeeeeee,1,3,4
seeeeeeeeeb,0,1,1
seeeeeeeeed,1,0,1
seeeeeeeeeee,0,1,1
seeeeeeeeeeeeee,1,0,1
seeeeeeeeeeem,1,0,1
seeeeeeeeen,0,1,1
seeeeeeen,1,0,1
seeeeeeesh,0,1,1
seeeeeehr,0,1,1
seeeeeemon,1,0,1
seeeeeep,0,1,1
seeeeeerious,0,1,1
seeeeeester,0,1,1
seeeeeing,0,1,1
seeeeerious,1,0,1
seeeeester,0,1,1
seeeehr,1,0,1
seeeein,0,1,1
seeeeing,2,0,2
seeeen,0,2,2
seeeepinya,1,0,1
seeeepy,1,0,1
seeeerious,1,0,1
seeeeriously,1,0,1
seeeestahhh,0,1,1
seeeestar,0,1,1
seeeester,1,1,2
seeeex,0,1,1
seeeexy,0,1,1
seeegui,1,0,1
seeehr,0,1,1
seeeing,3,2,5
seeel,0,1,1
seeem,1,1,2
seeems,0,1,1
seeen,4,3,7
seeepppieee,1,0,1
seeester,0,3,3
seeet,0,1,1
seeexxxxy,0,1,1
seeeyaa,0,1,1
seeeyaaa,0,1,1
seeeyaaaa,0,1,1
seeezling,0,1,1
seefilmfirst,1,0,1
seefood,1,0,1
seefriend,0,1,1
seeger,1,2,3
seehh,0,1,1
seehimontouralongwithgeorgesampsonandstephenmulhern,0,1,1
seei,0,1,1
seeibg,1,0,1
seeiin,0,1,1
seein,83,83,166
seeinf,1,0,1
seeing,2162,2625,4787
seeings,2,2,4
seeingthe,1,0,1
seeinh,0,1,1
seeinng,0,1,1
seeinq,0,2,2
seeismic,0,1,1
seek,63,117,180
seeka,0,1,1
seeker,6,11,17
seekers,3,16,19
seekh,0,1,1
seekin,2,0,2
seeking,20,50,70
seekingbrenda,0,1,1
seekrit,1,1,2
seeks,1,3,4
seel,3,0,3
seele,0,1,1
seelee,1,0,1
seeley,5,6,11
seeling,1,1,2
seely,0,3,3
seem,2271,1047,3318
seema,0,2,2
seemd,3,1,4
seeme,0,1,1
seemed,291,207,498
seemes,1,0,1
seemic,4,1,5
seeming,10,7,17
seemingless,1,0,1
seemingly,40,14,54
seeminq,1,0,1
seemless,0,1,1
seemlessly,0,1,1
seemly,0,1,1
seemore,1,0,1
seemples,0,1,1
seems,3223,1878,5101
seemsto,1,0,1
seemt,1,0,1
seemto,1,0,1
seemy,3,0,3
seen,3069,2908,5977
seena,0,1,1
seend,1,0,1
seendatlol,1,0,1
seeng,1,1,2
seening,0,1,1
seenjb,1,0,1
seenmy,1,0,1
seenn,0,1,1
seens,4,1,5
seent,1,1,2
seep,3,3,6
seepage,0,1,1
seeped,6,1,7
seepie,1,0,1
seepies,1,0,1
seepin,0,1,1
seeping,6,2,8
seeps,2,4,6
seepy,7,1,8
seeqpod,4,0,4
seer,1,2,3
seersucker,1,2,3
seerve,0,2,2
sees,88,110,198
seesaw,0,2,2
seescottmcewan,0,1,1
seesh,2,0,2
seesion,1,0,1
seesmic,55,67,122
seesmicdesktop,1,1,2
seestah,0,1,1
seestar,0,1,1
seester,5,10,15
seesters,2,2,4
seet,1,3,4
seetaaurgeeta,0,1,1
seetharam,0,1,1
seethat,1,0,1
seether,3,8,11
seething,3,0,3
seetickets,2,0,2
seetom,0,1,1
seeusoon,0,1,1
seew,0,1,1
seewhysound,0,1,1
seexxyyy,0,1,1
seexy,2,0,2
seexyyyyy,0,1,1
seey,2,0,2
seeya,7,27,34
seeyaaaa,0,1,1
seeyah,0,2,2
seeyahhh,0,1,1
seeyaz,1,0,1
seeyou,0,4,4
seeyouinmemphis,0,2,2
seeyousoon,0,1,1
seeyu,0,1,1
seeyuhhh,0,1,1
seez,1,0,1
seezing,0,1,1
sef,2,3,5
sefa,1,0,1
sefaniee,0,1,1
sefest,1,0,1
sefo,0,1,1
sefton,1,1,2
seftoners,0,1,1
sefyllfa,1,0,1
sega,22,17,39
segafredo,0,2,2
segal,0,3,3
segala,0,2,2
segamat,1,0,1
segar,0,1,1
segara,0,1,1
segarra,1,3,4
segarrrrra,0,1,1
segb,0,1,1
segdon,0,1,1
segel,0,3,3
segeln,0,2,2
segemtn,0,1,1
seger,1,2,3
segeraa,0,1,1
segernya,0,1,1
segfault,3,0,3
segfaults,2,0,2
segini,4,2,6
segitu,1,0,1
segment,20,54,74
segmentary,0,1,1
segmentation,2,2,4
segmenting,0,1,1
segments,3,9,12
sego,0,2,2
segond,0,1,1
segons,0,1,1
segra,1,0,1
segredos,1,0,1
segregate,1,0,1
segregated,2,1,3
segregating,0,2,2
segregation,4,2,6
segreggation,1,0,1
segret,0,1,1
segs,2,0,2
segu,1,0,1
segue,1,3,4
segueix,1,0,1
seguidores,0,1,1
seguimos,1,0,1
seguir,2,1,3
seguire,1,1,2
seguisses,0,1,1
segun,0,1,1
segunda,0,2,2
segundo,1,5,6
seguras,0,1,1
segway,9,11,20
segways,0,2,2
seh,5,6,11
seha,0,1,1
sehari,0,2,2
seharian,5,1,6
seharusnya,2,0,2
sehat,0,2,2
sehe,0,1,1
sehen,0,1,1
sehh,1,0,1
sehhxxy,0,1,1
sehijau,1,0,1
sehingga,0,1,1
sehn,0,1,1
sehnsucht,1,0,1
sehr,8,21,29
sehs,0,1,1
sehwag,3,1,4
sei,13,9,22
seichas,0,1,1
seid,2,1,3
seidel,1,0,1
seidenhof,0,1,1
seieng,1,1,2
seiesmic,0,1,1
seif,0,2,2
seife,0,1,1
seiho,0,1,1
seiing,1,0,1
seiken,1,0,1
seiko,0,1,1
seilor,1,0,1
seilver,0,1,1
seimone,3,0,3
sein,1,7,8
seince,1,0,1
seine,1,2,3
seinfeld,7,35,42
seinfeldd,0,1,1
seinfelf,0,1,1
seinfield,1,1,2
seing,13,11,24
seining,0,1,1
seinor,1,0,1
seinors,1,0,1
seiors,0,1,1
seious,1,1,2
seiously,1,2,3
seirogan,1,0,1
seirosuly,1,0,1
seirously,1,1,2
seis,1,0,1
seisen,1,0,1
seisenbacher,0,1,1
seishishefu,1,0,1
seismic,2,2,4
seismologist,0,1,1
seismology,0,1,1
seisure,1,0,1
seisures,1,0,1
seit,0,1,1
seitan,1,2,3
seite,0,1,1
seith,1,0,1
seitter,1,0,1
seity,0,1,1
seitzy,0,1,1
seive,1,0,1
seiw,0,1,1
seiya,2,0,2
seiyuu,1,1,2
seize,6,18,24
seized,14,3,17
seizer,3,0,3
seizes,2,0,2
seizing,5,1,6
seizure,57,10,67
seizures,29,1,30
sej,0,3,3
seja,1,4,5
sejaaaaa,0,1,1
sejak,0,1,1
sejarah,4,1,5
sejaye,1,0,1
sejkmcke,1,0,1
sejok,1,0,1
sejours,1,0,1
seju,0,1,1
sejuk,2,0,2
sejuta,0,1,1
sek,4,2,6
sekadar,0,1,1
sekai,0,2,2
sekali,6,3,9
sekalian,0,2,2
sekaliiiiii,0,1,1
sekarang,7,4,11
sekaranggggggg,0,1,1
sekat,1,0,1
sekba,0,1,1
sekci,0,1,1
sekelas,1,0,1
sekhar,1,0,1
sekhmet,0,1,1
sekira,1,0,1
sekkend,1,0,1
sekolah,3,4,7
sekot,1,1,2
sekoteng,1,0,1
sekrainer,0,1,1
sekret,0,1,1
sekrit,0,3,3
seks,0,1,1
sekseh,1,0,1
seksi,0,2,2
seksii,0,2,2
seksu,0,1,1
sekuali,0,1,1
sel,37,28,65
sela,2,3,5
selah,1,12,13
selain,2,0,2
selalu,3,5,8
selaluuuuu,0,1,1
selam,0,3,3
selama,2,0,2
selamat,6,15,21
selamet,0,1,1
selamxo,1,0,1
selana,0,1,1
selangka,0,1,1
selangor,0,1,1
selasa,0,1,1
selaya,0,1,1
selayang,1,0,1
selbst,1,3,4
selbstjustiz,1,0,1
selby,1,1,2
selca,0,1,1
selction,1,0,1
seldom,13,22,35
seldon,1,0,1
sele,0,2,2
seleb,0,2,2
seleberty,0,1,1
seleccion,1,0,1
select,54,42,96
selecta,1,4,5
selectable,1,0,1
selectah,0,1,1
selected,48,43,91
selecting,14,13,27
selection,64,70,134
selections,18,14,32
selectiosn,1,0,1
selective,14,30,44
selectively,1,3,4
selectividaaad,0,1,1
selector,3,2,5
selectors,0,1,1
selects,3,2,5
seleeenaa,0,1,1
seleep,1,0,1
selekta,0,1,1
selemi,0,1,1
selemparan,0,1,1
selena,187,296,483
selenaa,0,4,4
selenaaa,0,2,2
selenaaaaa,0,1,1
selenagomez,2,2,4
selenagomezi,0,1,1
selenagomezlast,1,0,1
selenagomezweb,0,1,1
selenamarieparker,1,0,1
selenas,4,5,9
selene,1,2,3
selengarain,1,0,1
selenium,0,6,6
selens,0,1,1
selera,1,1,2
seles,1,2,3
selesai,0,8,8
selesaiii,0,1,1
selese,1,0,1
selesma,1,0,1
seletion,2,0,2
seleya,0,1,1
self,949,961,1910
selfassembly,1,0,1
selfconscious,0,1,1
selfcontrol,1,1,2
selfe,0,1,1
selff,1,0,1
selffail,2,0,2
selffish,1,2,3
selfhate,1,0,1
selfhelp,0,1,1
selfhi,0,1,1
selfhosted,0,1,1
selfish,135,65,200
selfishly,6,1,7
selfishness,2,1,3
selfkill,1,0,1
selfless,4,23,27
selflessness,0,2,2
selfmade,2,4,6
selfors,0,1,1
selfpitty,1,0,1
selfplanted,0,1,1
selfportrait,0,1,1
selfpr,0,1,1
selfpromo,0,1,1
selfpublishing,0,1,1
selfridge,1,1,2
selfridges,7,9,16
selfridgesssssssssss,1,0,1
selfs,3,2,5
selfsufficientish,1,1,2
selftorture,1,0,1
selfunfolding,0,1,1
selfupdate,1,0,1
selg,0,2,2
selge,1,0,1
selgomez,0,1,1
selice,0,1,1
selick,1,0,1
selin,1,1,2
selina,6,3,9
selinas,0,1,1
selinay,1,0,1
selinda,1,0,1
selingg,0,1,1
selinux,0,1,1
selis,0,1,1
selisih,0,1,1
selita,0,1,1
selkirk,1,1,2
sell,759,508,1267
sellables,0,1,1
sellars,0,1,1
sellbell,0,1,1
selleck,1,0,1
seller,51,32,83
sellers,16,18,34
selley,1,0,1
selleys,0,1,1
sellick,2,0,2
sellin,7,11,18
sellindge,1,2,3
selling,311,287,598
sellinge,1,0,1
sellingjewellry,0,1,1
sellinmy,1,0,1
sellise,0,1,1
selll,1,0,1
selllign,1,0,1
sellling,0,3,3
sellllll,0,1,1
sellls,0,1,1
selln,1,0,1
sellng,2,0,2
selloff,0,1,1
sellotape,2,1,3
sellout,8,7,15
sellouts,0,2,2
sellouty,1,0,1
sells,71,54,125
selly,27,8,35
selma,4,7,11
selmons,0,1,1
selo,0,1,1
selor,1,0,1
selos,0,1,1
selotape,1,0,1
selphy,2,0,2
sels,1,4,5
selsai,0,1,1
selsdon,1,0,1
selse,1,0,1
selsun,1,0,1
selt,1,0,1
selttle,0,1,1
seltweetup,1,0,1
seltzas,0,1,1
seltzer,2,3,5
seludup,0,1,1
selved,0,1,1
selves,11,21,32
selvester,0,1,1
selvin,0,1,1
selwyn,0,1,1
sely,1,0,1
selz,1,0,1
sem,49,45,94
sema,0,1,1
semagic,1,0,1
semaine,0,2,2
semaines,0,1,1
semakin,0,4,4
semalam,0,1,1
semana,3,13,16
semanas,4,1,5
semangaaat,0,2,2
semangaaatt,0,2,2
semangat,6,13,19
semangats,0,1,1
semanggatt,0,1,1
semangggaaattttt,1,0,1
semanggi,1,3,4
semantic,5,16,21
semantically,1,1,2
semanticly,0,1,1
semantics,3,3,6
semaphore,0,1,1
semaphores,1,0,1
semarang,2,1,3
semarreta,0,1,1
sembawang,2,1,3
sembilan,1,1,2
semblance,2,0,2
semble,1,0,1
semblez,0,1,1
sembreak,4,0,4
sembuh,7,4,11
sembwang,1,0,1
semc,0,1,1
seme,1,1,2
semek,1,0,1
semen,3,2,5
sementara,1,0,1
semes,2,0,2
semester,241,184,425
semesterproject,1,0,1
semesterr,0,1,1
semesters,10,10,20
semestial,1,0,1
semestral,1,0,1
semestralka,0,1,1
semestralkovat,1,0,1
semeter,0,1,1
semforum,1,0,1
semi,208,188,396
semiannual,1,1,2
semiar,0,1,1
semicleaning,0,1,1
semicon,1,1,2
semiconductor,0,1,1
semiconductors,0,1,1
semidetached,0,1,1
semifinal,3,5,8
semifinalist,1,0,1
semifinalists,0,1,1
semifinals,6,5,11
semiformal,0,1,1
semifreddo,1,0,1
semigrate,0,1,1
semihungover,1,0,1
semilla,0,1,1
semillon,0,1,1
semimonthly,0,1,1
semin,1,0,1
seminar,68,90,158
seminargghh,1,0,1
seminaries,0,1,1
seminarn,0,1,1
seminars,7,7,14
seminary,3,12,15
seminggu,1,0,1
seminka,0,1,1
seminole,0,2,2
seminoles,1,0,1
seminyak,1,0,1
semiology,1,0,1
semiotician,0,1,1
semiproductive,0,1,1
semis,20,11,31
semisonic,0,1,1
semitism,1,2,3
semitone,1,0,1
semlls,1,0,1
semmeln,1,0,1
semmi,1,0,1
semms,1,0,1
semn,0,1,1
semo,2,3,5
semoga,3,4,7
semoran,1,0,1
sempai,1,0,1
sempat,4,4,8
semper,1,0,1
semperamy,0,1,1
semperfidelis,1,0,1
sempet,2,3,5
sempire,1,0,1
sempit,0,1,1
semple,0,1,1
sempo,0,1,1
sempre,3,10,13
semprot,1,0,1
semptember,1,0,1
sempuh,1,0,1
sempurna,2,0,2
sems,6,2,8
semster,1,0,1
semtech,6,7,13
semtex,0,1,1
semtmech,0,1,1
semua,9,6,15
semuaa,0,1,1
semuaaa,0,1,1
semuache,1,0,1
semuanya,2,1,3
semuer,0,1,1
semur,1,0,1
semuuaa,0,1,1
semweb,1,2,3
semwebbers,1,0,1
semy,2,0,2
sen,24,25,49
senaaaanng,0,1,1
senan,1,0,1
senang,1,1,2
senangnya,0,2,2
senareo,0,1,1
senario,0,1,1
senary,0,1,1
senasib,1,0,1
senate,12,9,21
senator,0,11,11
senators,4,2,6
senayan,9,9,18
sence,19,17,36
sences,1,0,1
sencha,3,0,3
senchecks,0,1,1
senci,1,6,7
sencible,1,0,1
sencillo,0,1,1
sencing,0,1,1
sencond,0,1,1
sencss,0,1,1
sencual,0,1,1
sency,8,9,17
sencyyy,0,1,1
send,2153,3144,5297
senda,1,0,1
sendai,0,2,2
sendcancelmoneynow,1,0,1
sendddddddddd,0,1,1
sendds,0,1,1
sender,8,7,15
senderens,1,0,1
senderos,0,2,2
sendhil,1,0,1
sendin,16,15,31
sending,641,792,1433
sendiri,7,7,14
sendirian,3,2,5
sendirinyaaa,0,1,1
sendit,0,1,1
sendmail,4,1,5
sendn,0,2,2
sendo,0,1,1
sendoff,2,0,2
sendout,1,0,1
sendrom,1,0,1
sends,109,92,201
sendspace,0,3,3
sendstudio,1,0,1
sendt,0,1,1
sendup,0,1,1
sene,0,1,1
seneca,4,2,6
senefelder,0,1,1
senegal,5,1,6
seneng,0,2,2
senes,1,0,1
senet,0,1,1
senewen,1,0,1
senfaye,0,1,1
seng,2,0,2
senggigi,1,0,1
senggol,1,0,1
sengkiat,0,1,1
sengmenquan,0,1,1
sengoku,2,1,3
senheiser,1,0,1
seni,2,1,3
senidng,0,1,1
senile,5,5,10
senility,1,2,3
senin,4,3,7
senio,0,1,1
senior,283,309,592
seniora,1,0,1
seniorita,0,1,1
senioritis,7,3,10
seniority,2,4,6
seniors,195,65,260
seniortrip,0,2,2
seniwati,0,1,1
seniz,1,0,1
senja,0,1,1
senjathanae,0,1,1
senlis,0,1,1
senn,0,2,2
senna,3,8,11
sennd,0,1,1
sennen,0,1,1
sennheiser,8,6,14
sennheisers,4,2,6
sennheisser,0,1,1
senoir,0,1,1
senoirs,2,1,3
senokot,0,1,1
senor,3,2,5
senora,1,0,1
senorial,1,0,1
senorita,3,4,7
senoritas,0,2,2
senos,1,0,1
senpai,1,1,2
senrab,0,1,1
senryu,1,1,2
sens,2,5,7
sensa,0,1,1
sensai,1,0,1
sensation,17,38,55
sensational,1,19,20
sensationalising,0,1,1
sensationalism,2,0,2
sensationalist,0,1,1
sensationalized,1,1,2
sensations,4,4,8
sensble,1,0,1
sensde,1,0,1
sense,497,834,1331
sensed,1,6,7
senseee,1,1,2
senseful,0,1,1
sensei,7,11,18
senseible,0,1,1
senseless,12,9,21
sensen,0,2,2
senseo,2,1,3
senses,21,37,58
sensetional,0,1,1
sensetive,0,1,1
sensex,3,7,10
sensha,1,0,1
sensia,0,1,1
sensibilities,0,1,1
sensibility,2,10,12
sensible,21,37,58
sensibly,2,6,8
sensimilla,0,1,1
sensing,3,17,20
sensio,0,1,1
sensis,0,1,1
sensitive,107,42,149
sensitivities,1,1,2
sensitivity,11,4,15
sensitvie,0,1,1
sensivity,0,1,1
sensless,1,1,2
sensod,1,0,1
sensodyne,1,1,2
sensonize,0,3,3
sensor,34,10,44
sensored,0,2,2
sensors,5,6,11
sensorsimulator,1,0,1
sensory,3,3,6
senstive,1,1,2
sensual,4,10,14
sensuality,0,1,1
sensualsunday,0,1,1
sensya,1,1,2
sent,1406,1543,2949
senta,0,1,1
sentance,2,1,3
sentances,1,1,2
sentanta,1,0,1
sentateur,1,0,1
sente,0,1,1
sented,1,0,1
sentence,87,111,198
sentenced,4,1,5
sentences,30,31,61
sentencia,1,0,1
sentencing,1,0,1
senter,1,0,1
senternovem,0,1,1
senthil,1,0,1
senti,5,2,7
senticsphere,0,1,1
sentido,0,1,1
sentient,4,0,4
sentients,0,1,1
sentiment,10,33,43
sentimental,38,29,67
sentimentalists,0,1,1
sentimentals,0,1,1
sentiments,9,14,23
sentimetns,1,0,1
sentinel,3,2,5
sentir,1,0,1
sentit,1,0,1
sento,1,1,2
sentosa,14,11,25
sentra,0,2,2
sentral,0,1,1
sentrap,1,0,1
sentries,1,0,1
sentrum,0,1,1
sentrup,1,0,1
sentry,3,0,3
sentt,0,1,1
sentuamessage,1,0,1
sentul,4,0,4
senual,0,1,1
senuke,0,1,1
senuors,1,0,1
senxa,0,1,1
senyru,1,0,1
senyum,0,1,1
senyuming,0,1,1
senza,2,2,4
senzus,0,1,1
seo,36,148,184
seoadvice,0,3,3
seobook,0,1,1
seocnds,0,1,1
seoes,0,3,3
seoibiza,2,0,2
seoige,0,1,1
seoing,1,0,1
seok,1,5,6
seolithic,5,1,6
seolleim,0,2,2
seolyk,0,2,2
seomoz,1,3,4
seon,0,1,1
seoncd,0,1,1
seopivot,1,0,1
seopqr,1,0,1
seorang,0,1,1
seorously,1,0,1
seos,1,3,4
seoul,20,19,39
seow,0,1,1
sep,25,14,39
sepak,0,1,1
sepaking,0,1,1
sepang,1,1,2
sepankizhangu,1,0,1
separar,1,0,1
separate,80,72,152
separated,48,10,58
separately,9,14,23
separates,1,3,4
separating,32,2,34
separation,35,13,48
separatist,2,0,2
separatists,1,0,1
separaton,1,0,1
separator,2,0,2
separators,3,0,3
separetely,0,1,1
separted,1,0,1
separuh,0,2,2
sepas,1,0,1
sepatu,1,0,1
sepcial,2,1,3
sepenuh,1,0,1
seperate,41,25,66
seperated,21,5,26
seperately,2,2,4
seperating,14,2,16
seperation,11,2,13
sepereate,1,0,1
seperete,1,0,1
seperti,0,1,1
sepertinya,3,1,4
sepertly,1,0,1
seph,0,1,1
sephi,0,3,3
sephine,0,1,1
sephiroth,1,0,1
sephora,26,24,50
sephoraholic,1,0,1
sephoras,1,0,1
sepi,6,2,8
sepia,1,5,6
sepically,1,0,1
sepii,1,0,1
sepiii,3,0,3
sepiiii,1,0,1
sepik,1,0,1
sepiring,0,1,1
sepll,0,1,1
sepm,1,0,1
sepnd,1,0,1
sepnt,1,0,1
sepopcorn,0,2,2
sepotong,1,0,1
sepp,0,1,1
seppi,0,2,2
seppo,0,1,1
seppuku,1,0,1
seprate,0,1,1
seprated,0,1,1
sepre,1,0,1
sepressed,1,0,1
sepressing,1,0,1
sept,147,106,253
septa,4,1,5
septeber,1,0,1
september,301,277,578
septemberrr,0,2,2
septemberrrr,1,0,1
septemberrrrr,0,1,1
septembers,1,0,1
septembery,0,1,1
septemeber,2,0,2
septemper,0,1,1
septenary,0,1,1
septic,5,2,7
septillion,0,1,1
septima,0,1,1
septimus,1,0,1
septmember,0,1,1
septum,13,12,25
sepulchre,0,2,2
sepultura,1,2,3
sepulveda,0,3,3
seq,3,0,3
seqoia,1,0,1
seqouia,0,1,1
seqs,1,0,1
sequ,0,1,1
sequal,1,6,7
sequals,1,2,3
sequel,35,77,112
sequels,7,15,22
sequence,18,18,36
sequenced,0,1,1
sequencer,0,2,2
sequences,5,9,14
sequencial,0,1,1
sequencing,2,0,2
sequential,3,0,3
sequentially,2,0,2
sequester,0,1,1
sequestering,0,1,1
sequim,2,1,3
sequin,3,5,8
sequined,1,1,2
sequinned,0,1,1
sequinning,0,1,1
sequins,5,6,11
sequitur,1,0,1
sequoia,3,2,5
sequoyah,0,1,1
ser,24,23,47
sera,11,19,30
serabut,1,0,1
seraching,1,0,1
serafina,0,1,1
serah,1,0,1
seraina,1,0,1
seram,2,0,2
seranading,0,1,1
serandipity,0,1,1
serang,1,1,2
serangan,0,1,1
serangoon,2,3,5
serani,4,5,9
seraph,0,1,1
seraphim,0,1,1
seraphina,0,2,2
seras,0,1,1
serato,7,6,13
seratonin,1,2,3
serawak,0,1,1
serb,0,1,1
serbia,11,14,25
serbiaaaaaaaaaa,0,1,1
serbian,4,8,12
serbians,1,0,1
serbirish,0,1,1
serbs,1,1,2
serc,0,1,1
serched,0,1,1
serching,2,0,2
serco,0,1,1
sercurity,2,1,3
serda,0,1,1
serdang,1,1,2
serds,1,0,1
sere,1,0,1
sereal,1,0,1
sereeeeeeeenooooooo,0,1,1
sereeem,1,0,1
sereena,0,1,1
seregon,1,0,1
serem,3,1,4
seremban,2,1,3
seren,1,2,3
serena,32,41,73
serenaa,0,1,1
serenade,11,30,41
serenaded,6,4,10
serenading,3,7,10
serenamcflyfan,0,1,1
serenas,0,1,1
serenata,0,1,1
serendepitously,0,1,1
serendipitous,0,9,9
serendipitously,1,0,1
serendipity,7,29,36
serendipitysunday,0,1,1
serendra,2,3,5
serene,6,16,22
serenely,0,2,2
serengei,0,1,1
serengeti,0,2,2
serenik,0,1,1
sereniti,0,1,1
serenity,23,35,58
serenityro,1,0,1
serenitysprings,2,0,2
serer,0,1,1
seres,0,2,2
seresly,1,0,1
seret,1,0,1
serever,1,0,1
serf,0,1,1
serface,1,0,1
serg,0,4,4
sergai,1,0,1
sergay,1,0,1
serge,3,6,9
sergeant,1,4,5
sergei,2,1,3
serger,4,1,5
sergey,2,0,2
sergi,0,1,1
sergie,0,1,1
sergio,7,11,18
sergioooo,1,0,1
sergioooooo,1,0,1
sergios,1,0,1
sergy,0,1,1
seri,4,2,6
seria,7,4,11
seriado,0,1,1
serial,48,44,92
serialisation,0,1,1
serializable,0,1,1
serialization,3,0,3
serialized,0,2,2
serializing,0,1,1
serialkiller,1,0,1
serially,0,1,1
serials,1,1,2
serialseb,0,1,1
seribu,0,1,1
serie,7,22,29
serienjunkies,1,0,1
series,714,787,1501
seriesdata,0,1,1
seriese,1,0,1
serieses,0,1,1
serif,2,6,8
seriff,1,0,1
serifs,0,1,1
seriie,0,1,1
serina,0,5,5
serine,0,1,1
sering,5,0,5
serio,3,3,6
seriodusly,1,0,1
serioiusly,1,0,1
seriooo,0,1,1
serioously,1,0,1
serios,2,1,3
seriosa,2,0,2
seriosly,3,7,10
seriosuly,8,6,14
serioulsly,1,0,1
serioulsy,4,1,5
seriouly,0,3,3
serious,1064,666,1730
seriousbut,1,0,1
seriousdj,0,1,1
seriouse,4,0,4
seriousely,1,0,1
serioush,1,0,1
seriousily,1,0,1
seriousl,1,0,1
seriousleh,1,0,1
seriousley,5,1,6
seriousli,1,0,1
seriouslly,0,1,1
seriousllyy,1,0,1
seriously,2773,1673,4446
seriouslyy,4,3,7
seriouslyyy,4,1,5
seriouslyyyy,3,0,3
seriouslyyyyy,1,0,1
seriouslyyyyyy,0,1,1
seriouslyyyyyyyyy,1,0,1
seriousness,9,12,21
seriouss,1,0,1
seriousslllyy,0,1,1
seriousslyyy,1,0,1
seriousss,1,2,3
serioussss,1,1,2
seriousy,1,3,4
seriouz,1,0,1
serires,1,1,2
seris,1,0,1
serisly,1,0,1
serisoly,1,0,1
serisouly,1,1,2
serisously,0,1,1
seritonin,1,0,1
seritweet,0,1,1
seriuosley,1,0,1
seriuosly,3,4,7
serius,4,1,5
seriusly,2,2,4
seriuss,1,0,1
seriuz,0,1,1
serive,0,1,1
serivice,0,1,1
serj,1,2,3
serkan,0,1,1
serkis,0,1,1
serl,0,1,1
serlet,1,0,1
sermette,0,1,1
sermon,20,74,94
sermone,0,1,1
sermons,3,9,12
sername,1,0,1
sero,3,1,4
serobics,0,1,1
seroius,1,1,2
serom,1,0,1
seronoks,0,1,1
seroquel,1,0,1
serotonin,2,2,4
serotta,1,0,1
serouis,1,0,1
seroulsy,1,0,1
serous,2,0,2
serously,3,0,3
serpant,1,0,1
serpeations,1,0,1
serpent,1,3,4
serpentina,1,0,1
serpentine,2,1,3
serper,1,0,1
serperate,1,0,1
serpico,0,1,1
serpose,1,0,1
serps,1,2,3
serpy,0,2,2
serr,1,0,1
serra,1,2,3
serralves,0,1,1
serrano,0,4,4
serranos,2,0,2
serrar,1,0,1
serrat,0,1,1
serrato,0,1,1
serratos,0,1,1
serre,1,0,1
serriously,2,0,2
serro,1,1,2
serrrious,1,0,1
serrrrious,1,0,1
sers,2,1,3
sersiously,0,1,1
sersly,1,0,1
serster,0,1,1
sertab,0,1,1
sertenity,0,1,1
sertiger,0,1,1
seru,4,6,10
seruf,1,0,1
serum,4,5,9
serums,1,0,1
seruous,0,1,1
seruu,1,2,3
seruuu,2,1,3
serv,7,2,9
servant,10,12,22
servants,7,2,9
servcie,0,1,1
servd,0,1,1
serve,99,137,236
served,61,97,158
serveolution,1,0,1
servepath,1,0,1
server,638,311,949
serveral,1,0,1
serveraufbau,1,0,1
servered,0,1,1
serverience,1,0,1
serveris,0,1,1
serverizeing,0,1,1
serverly,1,0,1
serveroom,0,1,1
serverprobleme,1,0,1
serverproblems,1,0,1
serverroom,1,0,1
servers,182,91,273
serverside,0,1,1
serverxmlhttp,1,0,1
servery,0,2,2
serves,42,39,81
serveur,2,0,2
servey,1,2,3
servian,0,1,1
service,1114,928,2042
serviceable,1,1,2
serviced,19,7,26
servicemen,1,0,1
services,137,186,323
servicing,5,9,14
serviciu,0,1,1
servie,0,1,1
serviette,0,1,1
serviettes,0,2,2
servin,4,2,6
servina,0,1,1
serving,72,96,168
servingminds,1,0,1
servings,5,4,9
servira,0,1,1
servitude,1,1,2
servlet,0,4,4
servo,3,7,10
servolution,1,0,1
servomotors,0,1,1
servontay,0,1,1
servor,1,0,1
servy,1,0,1
sery,0,1,1
seryna,0,1,1
seryoso,0,1,1
ses,10,12,22
sesa,1,1,2
sesac,1,0,1
sesak,1,1,2
sesalin,1,0,1
sesame,33,36,69
sesc,0,1,1
sesdienas,1,0,1
sese,0,1,1
sesel,0,1,1
seseljeva,1,0,1
seseorang,1,0,1
sesetan,0,1,1
sesh,50,70,120
sesha,1,0,1
seshhh,0,1,1
seshhhh,1,0,1
seshhhhh,0,1,1
seshing,1,0,1
seshion,1,0,1
sesi,0,2,2
sesible,1,0,1
sesion,2,4,6
sesizare,0,1,1
sesny,0,1,1
seson,0,2,2
sesong,1,0,1
sesp,1,0,1
sesqui,0,1,1
sess,7,2,9
sessa,0,1,1
sessh,2,2,4
sesshion,0,1,1
sessiiiiii,1,0,1
sessioin,1,0,1
sessiojn,1,0,1
session,523,631,1154
sessiones,1,0,1
sessionistas,1,0,1
sessions,109,155,264
sessy,0,1,1
sessymomi,0,1,1
sest,1,1,2
sester,1,0,1
sestina,1,0,1
sesto,1,0,1
sestriere,1,0,1
sesuai,1,1,2
sesuatu,2,1,3
set,1609,1947,3556
seta,2,1,3
setagaya,1,0,1
setan,0,1,1
setanta,42,8,50
setaon,1,0,1
setar,0,2,2
setareh,0,1,1
setb,1,0,1
setback,11,3,14
setbacks,3,3,6
setee,0,1,1
setelah,1,2,3
setelan,0,1,1
setengah,1,1,2
seter,1,0,1
seterusnyaa,0,1,1
setfire,0,1,1
seth,51,90,141
sethen,1,0,1
sethington,1,0,1
sethr,1,0,1
seths,1,3,4
sethsimonds,1,0,1
sethu,1,0,1
sethy,1,1,2
seti,0,2,2
setia,1,1,2
setiabudi,0,1,1
setiap,3,1,4
setiapku,0,1,1
setiawan,2,0,2
setiawangsa,2,0,2
setiings,1,0,1
seting,2,0,2
setion,0,1,1
setipe,1,0,1
setissma,1,0,1
setlist,23,21,44
setlists,1,0,1
setlle,2,0,2
setlling,0,1,1
setmana,1,1,2
setoguchi,1,0,1
seton,2,2,4
setonians,0,1,1
sets,137,159,296
setsuna,0,1,1
setsurenka,0,1,1
sett,2,2,4
settas,0,1,1
settawut,1,0,1
settee,1,0,1
setteled,1,0,1
setteling,1,0,1
setter,5,7,12
setters,1,0,1
settimeout,0,1,1
settin,2,9,11
setting,290,365,655
settings,164,163,327
settingthe,0,1,1
settinqs,0,1,1
settle,229,160,389
settled,85,139,224
settledon,1,0,1
settlement,4,5,9
settler,2,0,2
settlers,2,8,10
settlerss,0,1,1
settles,9,11,20
settlewrs,1,0,1
settlin,1,4,5
settling,54,77,131
settn,0,1,1
setttled,1,0,1
settttt,0,1,1
setttttttt,0,1,1
settul,1,0,1
setty,0,1,1
setuju,1,1,2
setujuuuuuuuu,1,0,1
setup,103,136,239
setupping,1,0,1
setups,4,1,5
seturan,0,1,1
seturi,1,0,1
setyawan,0,1,1
seu,7,5,12
seuess,0,1,1
seuhdgsd,1,0,1
seulong,0,1,1
seumas,1,0,1
seumuran,1,0,1
seung,0,2,2
seungri,1,1,2
seus,0,1,1
seuss,3,9,12
seussical,1,4,5
seuste,1,0,1
sev,3,6,9
sevaloco,0,1,1
sevan,1,0,1
sevani,0,3,3
sevda,0,2,2
seve,1,3,4
sevear,1,0,1
sevearly,1,0,1
sevecek,0,1,1
seveen,1,0,1
seven,249,199,448
sevenatenine,0,3,3
sevenclips,1,0,1
sevendust,0,2,2
seveners,0,1,1
sevenfold,3,6,9
sevenfoldis,1,0,1
sevenfootswing,0,1,1
sevenfun,1,0,1
sevenish,0,1,1
sevenn,0,1,1
sevennnnnnnn,0,1,1
sevenoaks,1,0,1
sevenoffice,1,0,1
sevens,4,6,10
sevenswords,0,1,1
seventeeeeeeeeeeeeeeeeeen,0,1,1
seventeeen,0,1,1
seventeen,35,45,80
seventeenth,1,2,3
sevententh,1,0,1
seventh,21,13,34
seventies,1,0,1
seventy,4,2,6
seventyfive,1,0,1
sever,7,4,11
several,340,312,652
severale,1,0,1
severalk,2,0,2
severally,1,0,1
severals,0,1,1
severaly,1,0,1
severamce,0,1,1
severance,4,2,6
severe,199,42,241
severed,3,5,8
severely,60,10,70
severin,1,1,2
severing,1,2,3
severity,2,2,4
severl,1,0,1
severley,1,0,1
severly,13,2,15
severn,2,3,5
severs,2,0,2
severums,1,0,1
severus,3,1,4
severy,0,1,1
sevey,0,1,1
sevi,0,1,1
sevice,3,0,3
sevicemagic,0,1,1
seviche,1,0,1
sevier,0,1,1
sevierville,1,0,1
sevigny,0,1,1
sevilla,1,4,5
seville,5,3,8
sevindim,0,1,1
sevinirim,0,1,1
sevis,0,1,1
seviyoruz,0,1,1
sevmiyorum,1,0,1
sevo,1,0,1
sevrl,1,2,3
sevva,0,1,1
sevy,1,0,1
sew,40,40,80
sewa,0,1,1
sewage,14,4,18
seward,1,1,2
sewat,1,0,1
sewdish,1,0,1
sewed,3,6,9
sewell,1,0,1
sewer,17,1,18
sewerage,3,0,3
sewers,3,2,5
sewin,1,0,1
sewing,106,96,202
sewks,1,0,1
sewlem,1,0,1
sewn,6,5,11
seworld,0,1,1
sewot,0,1,1
sews,0,1,1
sewsad,1,0,1
sewsimple,1,0,1
sewwt,1,0,1
sex,468,769,1237
sexaaay,0,1,1
sexaay,0,1,1
sexaayy,0,1,1
sexaayyy,0,1,1
sexage,1,0,1
sexaii,1,0,1
sexas,0,1,1
sexateers,0,1,1
sexay,0,4,4
sexayyy,2,2,4
sexayyyy,0,1,1
sexbawcks,1,0,1
sexbloggercalendar,1,0,1
sexbot,3,1,4
sexbots,2,0,2
sexbox,0,1,1
sexbusters,1,0,1
sexc,2,3,5
sexcellent,0,1,1
sexci,1,0,1
sexciii,1,0,1
sexciiiii,0,1,1
sexcited,0,1,1
sexciting,0,2,2
sexdrive,1,0,1
sexed,2,1,3
sexeeh,0,1,1
sexeh,0,1,1
sexercise,0,1,1
sexers,1,0,1
sexes,2,4,6
sexi,9,10,19
sexie,1,1,2
sexiee,0,1,1
sexier,8,25,33
sexierrr,0,1,1
sexies,1,4,5
sexiest,20,54,74
sexified,1,6,7
sexify,13,5,18
sexii,1,6,7
sexiicon,1,0,1
sexiie,0,1,1
sexiii,1,1,2
sexiiii,1,1,2
sexiiiii,0,1,1
sexiiness,1,0,1
sexily,0,1,1
sexin,3,2,5
sexiness,7,5,12
sexing,2,5,7
sexism,5,5,10
sexisms,1,0,1
sexist,12,6,18
sexki,0,1,1
sexkitten,0,1,1
sexleader,1,0,1
sexless,0,1,1
sexlife,0,1,1
sexmas,1,0,1
sexnerd,0,1,1
sexo,0,1,1
sexoi,1,0,1
sexonds,0,1,1
sexous,0,1,1
sexousich,0,1,1
sexpistols,0,1,1
sexplain,1,0,1
sexplanation,0,1,1
sexpo,0,4,4
sext,4,2,6
sexta,2,5,7
sextaa,1,0,1
sextape,4,1,5
sextastic,1,0,1
sexth,1,0,1
sexting,5,2,7
sexton,1,1,2
sextoys,0,1,1
sexts,0,2,2
sextuplet,1,0,1
sextuplets,2,2,4
sexu,1,0,1
sexual,48,80,128
sexuality,9,10,19
sexually,15,7,22
sexuals,1,0,1
sexulation,1,0,1
sexville,0,1,1
sexx,0,1,1
sexxaay,0,1,1
sexxay,1,1,2
sexxc,0,1,1
sexxi,0,1,1
sexxieluv,1,0,1
sexxii,1,3,4
sexxin,1,0,1
sexxman,1,0,1
sexxx,0,1,1
sexxxaaayyyyy,0,1,1
sexxxay,0,1,1
sexxxiii,0,1,1
sexxxiiii,1,0,1
sexxxvideoclips,1,0,1
sexxxx,0,3,3
sexxxxx,0,1,1
sexxxxxxx,0,1,1
sexxxxxxxxy,0,1,1
sexxxxxxxy,0,1,1
sexxxxxxy,0,1,1
sexxxxxy,0,2,2
sexxxxxyyyy,1,0,1
sexxxxxyyyyyy,0,1,1
sexxxxy,0,3,3
sexxxxyyy,1,1,2
sexxxy,1,12,13
sexxy,0,5,5
sexxyblackinese,1,0,1
sexxyy,0,2,2
sexxyynesssss,0,1,1
sexxyyy,0,2,2
sexxyyyyy,0,1,1
sexy,499,1245,1744
sexya,0,1,1
sexyback,1,3,4
sexybeast,0,1,1
sexyboi,1,0,1
sexyboy,0,1,1
sexyed,0,1,1
sexyface,1,0,1
sexyfine,0,1,1
sexyfun,0,1,1
sexygirl,1,0,1
sexyhairphobia,0,1,1
sexyliah,1,0,1
sexylove,0,1,1
sexymap,0,1,1
sexymomma,0,1,1
sexymonday,0,2,2
sexyness,1,2,3
sexyonaman,0,1,1
sexypants,1,0,1
sexypantsss,0,1,1
sexys,0,3,3
sexysaturday,0,2,2
sexysongz,0,1,1
sexytastic,1,0,1
sexytime,3,2,5
sexytimes,0,1,1
sexyy,1,9,10
sexyyy,0,7,7
sexyyyy,0,4,4
sexyyyyy,0,4,4
sey,5,0,5
seya,1,2,3
seyasa,0,1,1
seychelles,1,1,2
seydels,1,0,1
seyeon,0,1,1
seyfried,1,1,2
seyhan,0,1,1
seymore,1,3,4
seymour,7,5,12
seys,0,1,1
seyy,1,1,2
sez,20,12,32
sezar,1,0,1
sezdawg,0,1,1
sezen,1,0,1
sezi,0,1,1
seznamu,0,2,2
sezonul,0,1,1
sezony,1,0,1
sezs,1,0,1
sezuire,1,0,1
sezuiring,1,0,1
sezykins,1,0,1
sezzion,0,1,1
sezzzzy,0,1,1
sf,321,317,638
sfa,2,8,10
sfaa,0,1,1
sfarsit,1,4,5
sfatui,0,1,1
sfc,4,2,6
sfcc,2,0,2
sfcs,0,1,1
sfeed,0,2,2
sfera,0,1,1
sfers,1,0,1
sfest,0,1,1
sff,3,0,3
sffff,1,0,1
sfffff,0,1,1
sfform,1,0,1
sfg,1,2,3
sfgiants,7,2,9
sfgs,1,0,1
sfiii,1,0,1
sfilmas,0,1,1
sfincione,0,1,1
sfinciune,0,1,1
sfiv,3,5,8
sfizi,0,1,1
sfk,0,1,1
sfklgjdfkljdfl,0,1,1
sfl,1,0,1
sflive,1,0,1
sfm,6,3,9
sfmacindie,0,2,2
sfmhdgdlk,1,0,1
sfmn,0,3,3
sfmta,1,0,1
sfmusictech,0,2,2
sfn,1,9,10
sfnal,0,1,1
sfnative,1,0,1
sfnm,0,1,1
sfo,49,29,78
sfogato,1,0,1
sfollow,1,0,1
sfoot,0,1,1
sfopera,0,1,1
sfp,0,1,1
sfpl,0,1,1
sfr,1,2,3
sfrb,0,1,1
sfriday,1,1,2
sfs,1,1,2
sfshkfhskjfhksdjfh,1,0,1
sfsu,2,1,3
sftc,1,0,1
sftp,2,1,3
sftw,5,7,12
sfu,2,2,4
sfuckedupjeans,1,0,1
sfuff,0,1,1
sfv,1,0,1
sfw,1,2,3
sfx,5,4,9
sfyb,1,0,1
sg,120,115,235
sga,8,8,16
sgain,0,1,1
sgb,2,1,3
sgba,1,0,1
sgc,4,2,6
sgd,3,1,4
sgdriving,2,0,2
sgeezy,0,1,1
sges,1,0,1
sgf,1,0,1
sgg,1,0,1
sgh,2,2,4
sghetti,1,0,1
sghsijrgk,1,0,1
sghtngs,1,0,1
sgi,1,1,2
sgidol,0,1,1
sgirls,0,1,1
sgitu,0,1,1
sgk,1,0,1
sgl,0,2,2
sgm,1,0,1
sgmummy,1,0,1
sgnp,0,1,1
sgo,1,0,1
sgolakers,0,1,1
sgomez,0,1,1
sgone,1,0,1
sgot,2,0,2
sgp,8,18,26
sgporeans,2,0,2
sgr,0,1,1
sgreat,1,0,1
sgrho,0,1,1
sgs,3,2,5
sgshw,0,2,2
sgt,13,6,19
sgthw,0,1,1
sgts,1,0,1
sgtweeps,0,1,1
sgtweetup,2,17,19
sgtwolfy,0,1,1
sgu,3,5,8
sgugar,1,0,1
sgv,1,0,1
sgweather,1,0,1
sh,221,133,354
sha,16,28,44
shaa,3,4,7
shaaa,1,0,1
shaaaa,1,0,1
shaaaaaaaaaaaame,1,0,1
shaaaaaaaaaaai,0,1,1
shaaaaaaaaades,1,0,1
shaaaaaaaaawty,0,1,1
shaaaaaaaawdy,0,1,1
shaaaaaaame,0,1,1
shaaaaaame,1,0,1
shaaaaaarks,0,1,1
shaaaabooya,0,1,1
shaaaame,2,0,2
shaaaammiee,0,1,1
shaaaare,1,0,1
shaaame,0,2,2
shaaandi,1,0,1
shaaare,1,0,1
shaaaring,1,0,1
shaaat,1,0,1
shaaaweeet,0,1,1
shaab,0,1,1
shaad,2,0,2
shaadi,3,1,4
shaan,0,1,1
shaant,0,3,3
shaanxi,0,3,3
shaap,1,0,1
shaare,0,1,1
shaato,1,0,1
shaawe,1,0,1
shaax,0,1,1
shaayad,0,1,1
shaayna,1,0,1
shab,0,3,3
shaba,1,0,1
shabaka,0,2,2
shabam,1,2,3
shabanaksais,0,1,1
shabang,1,0,1
shabat,0,1,1
shabazz,1,0,1
shabba,0,2,2
shabbas,1,0,1
shabbat,6,23,29
shabbattweetup,1,0,1
shabbos,4,0,4
shabby,19,59,78
shabd,0,1,1
shabhag,0,1,1
shabibi,1,0,1
shablam,1,0,1
shabnam,0,1,1
shaboobs,0,1,1
shabop,0,1,1
shabrina,0,1,1
shabtai,0,1,1
shabu,11,16,27
shabusen,0,2,2
shaby,1,0,1
shachar,1,0,1
shachihata,0,1,1
shachou,0,1,1
shack,30,46,76
shacked,0,1,1
shackered,1,0,1
shacki,1,0,1
shacking,2,1,3
shackle,0,1,1
shackled,2,1,3
shackleford,1,1,2
shackler,1,0,1
shackles,1,1,2
shacknews,0,1,1
shacktac,1,0,1
shad,6,6,12
shada,1,0,1
shadae,1,3,4
shadar,1,0,1
shadchan,1,0,1
shaddaaaaap,0,1,1
shaddap,2,0,2
shaddappp,0,1,1
shadddup,1,0,1
shaddduppp,1,0,1
shaddix,0,1,1
shaddup,1,4,5
shadduppp,0,1,1
shaddys,0,1,1
shade,92,96,188
shaded,8,1,9
shadeeee,1,0,1
shader,0,1,1
shaders,1,0,1
shades,70,132,202
shadesofleny,0,1,1
shadess,0,2,2
shadesss,1,0,1
shadessss,1,0,1
shadetown,0,1,1
shadez,2,3,5
shadi,2,3,5
shadii,0,1,1
shadiness,1,0,1
shading,8,6,14
shadoow,0,1,1
shadow,74,86,160
shadowbox,1,3,4
shadowboxes,0,1,1
shadowcast,3,2,5
shadowden,0,1,1
shadowed,1,0,1
shadowfax,1,0,1
shadowing,3,2,5
shadowland,0,1,1
shadowman,0,1,1
shadowof,1,0,1
shadoworld,0,2,2
shadowplay,0,1,1
shadowroom,1,0,1
shadowrun,0,1,1
shadows,27,37,64
shadowsmirk,0,1,1
shadowsorrw,0,1,1
shadowsssssss,1,0,1
shadowy,1,2,3
shadroui,1,0,1
shads,1,0,1
shady,52,45,97
shadyyyyy,0,1,1
shadzz,0,1,1
shae,13,7,20
shaeffer,0,1,1
shael,0,1,1
shaela,1,1,2
shaelen,1,0,1
shaelyn,1,1,2
shaes,0,1,1
shaf,0,1,1
shafer,1,3,4
shaffer,0,4,4
shaffi,0,2,2
shafi,0,2,2
shafik,1,0,1
shafo,1,0,1
shaft,16,5,21
shafted,11,1,12
shaftsbury,0,1,1
shafy,0,1,1
shag,13,13,26
shagable,0,1,1
shagg,1,0,1
shagged,5,2,7
shaggers,1,0,1
shaggie,0,2,2
shagging,1,0,1
shaggs,1,0,1
shaggy,8,7,15
shaghayeghhh,1,0,1
shagilious,0,1,1
shagirls,0,1,1
shagpile,0,1,1
shags,1,0,1
shagsunday,0,1,1
shah,10,11,21
shahabism,0,1,1
shahada,0,1,1
shahar,0,1,1
shahdeeeep,1,0,1
shaheed,2,0,2
shaheeeeeeeeeen,0,1,1
shaheeeeeen,0,1,1
shaheeeeen,1,0,1
shaheem,1,1,2
shaheen,36,62,98
shaheenftw,0,16,16
shaheens,0,1,1
shahhht,0,1,1
shahi,0,4,4
shahid,2,0,2
shahin,0,1,1
shahreil,1,0,1
shahrukh,1,1,2
shahrul,0,1,1
shahrzad,0,1,1
shahzaib,1,0,1
shai,3,5,8
shaianne,1,0,1
shailah,0,1,1
shailene,0,1,1
shaina,3,5,8
shainaa,0,1,1
shainawayashleighbrasier,1,0,1
shaine,1,2,3
shaira,1,1,2
shait,0,1,1
shaitan,0,1,1
shaiuehuaosea,1,0,1
shaiya,2,7,9
shajarian,1,0,1
shaje,0,1,1
shak,4,0,4
shaka,2,1,3
shakaaa,1,0,1
shakacon,1,0,1
shakaism,0,1,1
shakalohana,1,0,1
shakas,1,0,1
shakazine,0,1,1
shake,301,382,683
shakeaholic,1,0,1
shakeandbake,1,0,1
shakeaway,1,2,3
shakeaways,2,0,2
shaked,3,1,4
shakedown,1,3,4
shakedownn,1,0,1
shakedowns,0,1,1
shakee,1,0,1
shakeface,1,0,1
shakeitdoll,0,1,1
shakeking,1,0,1
shakelha,1,0,1
shakell,0,1,1
shaken,38,15,53
shakened,1,0,1
shakennotstirred,1,0,1
shakeology,0,7,7
shakeout,1,0,1
shaker,5,7,12
shakers,2,9,11
shakes,111,60,171
shakeshack,1,1,2
shakeshead,1,0,1
shakesomeaction,1,0,1
shakespear,3,0,3
shakespearan,0,1,1
shakespeare,43,41,84
shakespearean,0,2,2
shakespearesaturday,0,3,3
shakespearian,1,0,1
shakespears,1,0,1
shakester,0,1,1
shaketramp,0,1,1
shakey,11,9,20
shakeys,4,2,6
shakeyyyy,0,1,1
shakfish,1,0,1
shakha,1,0,1
shakib,1,0,1
shakie,0,1,1
shakies,2,0,2
shakiing,1,0,1
shakily,1,0,1
shakin,8,23,31
shaking,185,85,270
shakingg,1,0,1
shakinggg,0,1,1
shakira,8,16,24
shakiras,0,1,1
shaklaa,1,0,1
shakopee,0,2,2
shakora,1,0,1
shakran,0,1,1
shakri,1,0,1
shakspeare,0,1,1
shakti,1,6,7
shakur,2,3,5
shaky,43,20,63
shakya,0,1,1
shakymen,2,0,2
shal,5,4,9
shala,0,1,1
shalaalla,0,1,1
shalabh,0,1,1
shalah,0,1,1
shalal,1,0,1
shalala,0,1,1
shalalaaaaa,1,0,1
shalalala,1,1,2
shalalalala,1,0,1
shalamar,1,2,3
shalawam,0,1,1
shalaylee,0,1,1
shale,1,1,2
shalee,0,1,1
shaleese,0,1,1
shalice,1,0,1
shalina,1,0,1
shalinda,0,1,1
shaline,1,0,1
shalit,2,0,2
shaljem,0,1,1
shall,710,1544,2254
shallah,0,1,1
shallap,1,0,1
shalley,1,0,1
shalll,2,2,4
shallll,0,1,1
shallllll,0,1,1
shallnt,1,0,1
shallot,1,1,2
shallots,2,1,3
shallow,31,32,63
shallower,0,1,1
shallowness,0,2,2
shalls,0,1,1
shally,1,0,1
shaloco,0,1,1
shalom,2,19,21
shalonda,0,1,1
shalt,8,5,13
shalurr,0,1,1
shalyiiee,1,0,1
sham,14,9,23
shamal,0,1,1
shaman,8,6,14
shamanic,0,1,1
shamanism,0,1,1
shamans,0,1,1
shamanta,0,1,1
shamar,1,1,2
shamara,0,1,1
shamazing,0,1,1
shamba,1,0,1
shamballah,0,1,1
shambattle,1,0,1
shambhala,0,3,3
shambles,15,3,18
shamblessss,1,0,1
shambo,1,0,1
shambolic,1,3,4
shame,2123,458,2581
shamed,10,9,19
shamee,6,0,6
shameee,2,0,2
shameeeee,1,0,1
shameface,1,0,1
shameful,34,12,46
shamefull,0,1,1
shamefully,7,1,8
shameha,0,1,1
shameless,20,57,77
shamelessly,1,14,15
shamelesspity,1,0,1
shamelessselfpromotion,0,1,1
shamelin,1,0,1
shamelsss,0,1,1
shamers,1,0,1
shames,1,1,2
shamful,1,0,1
shamia,1,0,1
shamika,1,0,1
shamim,1,1,2
shaming,2,2,4
shamini,0,1,1
shaminxolunch,0,1,1
shamme,0,1,1
shammeeee,1,0,1
shammered,0,1,1
shammi,0,1,1
shammie,0,1,1
shammies,1,0,1
shammmahhhh,0,1,1
shammond,0,1,1
shammy,4,1,5
shammys,1,0,1
shamp,0,2,2
shampoo,101,54,155
shampooed,2,1,3
shampooedddd,1,0,1
shampooing,3,0,3
shampoop,1,0,1
shampoos,3,0,3
shampowing,0,1,1
shamr,1,0,1
shamrat,0,2,2
shamrock,3,4,7
shamrocks,1,2,3
shams,0,1,1
shamsi,1,0,1
shamu,7,7,14
shamus,4,0,4
shamwoohoo,0,1,1
shamwow,8,13,21
shamwows,2,1,3
shamzow,0,1,1
shan,29,38,67
shana,7,7,14
shanae,0,1,1
shanahan,1,1,2
shanaia,1,2,3
shanajaca,0,1,1
shanalogic,0,1,1
shanana,2,0,2
shananay,0,5,5
shananigans,1,0,1
shanara,0,1,1
shanaras,0,1,1
shanay,0,4,4
shanaynay,2,3,5
shanaynaybonquiquicourtneyface,1,0,1
shanbagh,1,0,1
shanbe,1,0,1
shanbhag,1,0,1
shancy,0,1,1
shand,1,1,2
shanda,3,2,5
shanday,1,0,1
shandee,0,1,1
shandi,3,1,4
shandiddles,0,1,1
shandies,0,1,1
shandon,1,1,2
shandre,1,0,1
shands,1,0,1
shandy,4,10,14
shandys,0,2,2
shane,133,128,261
shanea,1,0,1
shanedawson,1,6,7
shanedawsontv,0,1,1
shanee,3,1,4
shaneece,1,0,1
shaneee,1,0,1
shaneeee,0,1,1
shanelles,1,0,1
shanen,1,0,1
shaneofshanes,0,1,1
shaner,0,1,1
shanerz,0,1,1
shanes,3,4,7
shaneshaneshane,0,1,1
shanety,0,1,1
shaney,4,2,6
shaneyboi,1,0,1
shanez,1,0,1
shang,7,16,23
shanghai,56,39,95
shanghaiers,0,1,1
shanghainese,2,1,3
shanghi,0,1,1
shangri,5,10,15
shangrila,1,3,4
shanholtz,0,1,1
shani,5,3,8
shania,4,9,13
shanicaaaaaa,0,1,1
shanice,1,3,4
shanieaibo,0,1,1
shanieces,1,0,1
shanii,0,3,3
shanikaaa,0,1,1
shanima,1,0,1
shaniqua,0,1,1
shank,10,18,28
shankar,1,2,3
shanked,4,1,5
shankin,0,1,1
shanking,2,3,5
shanklin,1,0,1
shanks,7,12,19
shankss,1,1,2
shanksville,0,1,1
shann,1,6,7
shanna,1,5,6
shannaaa,1,0,1
shannababy,0,1,1
shannagins,1,0,1
shannan,0,1,1
shanne,0,2,2
shannel,0,1,1
shannen,2,4,6
shanni,0,1,1
shannie,2,1,3
shannii,1,1,2
shannimal,1,0,1
shannis,0,1,1
shannn,0,1,1
shannnnnnnnnnnnnnnnnnn,1,0,1
shannnnon,0,1,1
shannny,0,1,1
shanno,1,0,1
shannon,74,100,174
shannonhochkins,1,0,1
shannonleto,0,1,1
shannonmcintosh,0,1,1
shannonmyleigh,1,0,1
shannonr,1,0,1
shannons,2,2,4
shannonsimpson,1,0,1
shannshawt,0,1,1
shannt,0,1,1
shannu,1,0,1
shanny,5,2,7
shannyn,0,1,1
shannyyyy,1,0,1
shanon,0,2,2
shanp,0,1,1
shans,1,1,2
shanskywalker,1,0,1
shant,4,7,11
shantabulous,0,1,1
shantal,0,1,1
shantaram,0,3,3
shantasa,0,1,1
shantay,0,1,1
shante,0,5,5
shantel,0,2,2
shantell,0,2,2
shantelle,1,1,2
shantels,0,1,1
shanter,1,0,1
shantera,0,1,1
shanti,3,7,10
shants,1,2,3
shanty,1,1,2
shantz,0,1,1
shanu,0,1,1
shany,1,1,2
shanya,0,1,1
shanyjonas,0,1,1
shanyy,1,0,1
shanz,1,0,1
shanzy,0,1,1
shaoe,1,0,1
shaoey,0,2,2
shaolin,1,5,6
shaoyi,1,0,1
shap,1,1,2
shape,200,225,425
shaped,68,57,125
shapeeee,1,0,1
shapeless,2,0,2
shapemonkey,0,1,1
shaper,0,1,1
shapes,16,28,44
shapeshifted,1,0,1
shapeshifter,2,1,3
shapeshifters,0,1,1
shapeshifting,1,1,2
shapeworks,0,1,1
shaping,19,41,60
shapiro,3,1,4
shapoww,0,1,1
shappert,0,1,1
shappin,0,1,1
shaq,61,41,102
shaqberry,0,1,1
shaqmobile,1,0,1
shaqs,0,1,1
shaqtastic,2,0,2
shaqtus,0,1,1
shaquanda,1,1,2
shaquille,3,1,4
shaquoya,1,0,1
shaqvericks,1,0,1
shar,13,10,23
shara,2,4,6
sharage,1,0,1
sharai,0,1,1
sharait,1,1,2
sharam,1,1,2
sharanam,0,1,1
sharandhillon,0,1,1
sharanjonas,0,1,1
sharannya,0,1,1
sharapova,28,7,35
sharapovas,1,0,1
sharayah,1,0,1
sharaye,1,0,1
shard,5,1,6
shardai,1,0,1
sharde,2,0,2
sharded,1,0,1
sharding,0,1,1
shardlows,1,0,1
shards,13,1,14
shardtail,1,0,1
shardup,0,1,1
shardz,1,0,1
share,636,1414,2050
sharea,1,0,1
shareaholic,0,1,1
shareasale,0,1,1
shareasmilesunday,0,2,2
shared,85,151,236
sharedview,0,1,1
shareed,0,1,1
shareeee,1,0,1
shareeeeeeeeeee,0,1,1
shareeeeeena,0,1,1
shareen,1,0,1
shareeta,1,0,1
sharefest,0,1,1
shareforce,1,0,1
shareholder,1,80,81
shareholders,1,3,4
sharein,1,0,1
sharekhan,0,1,1
sharema,1,0,1
sharemarket,1,0,1
sharen,0,2,2
shareparelli,0,1,1
sharepint,1,0,1
sharepoint,31,50,81
sharepointing,1,0,1
sharer,1,1,2
sharers,2,0,2
shares,72,149,221
sharesies,1,0,1
sharethelove,1,0,1
sharethis,2,3,5
sharetub,0,1,1
sharew,1,0,1
shareware,0,1,1
sharfest,0,1,1
sharffenberger,1,0,1
sharfman,1,0,1
shari,5,9,14
sharia,0,1,1
sharian,1,0,1
sharie,1,1,2
sharif,4,0,4
sharin,3,11,14
sharina,0,2,2
sharing,154,899,1053
sharingan,0,1,1
sharingit,1,0,1
sharingthelove,0,7,7
sharis,2,3,5
sharissa,0,1,1
sharisse,1,0,1
sharito,1,0,1
shariyayikkolum,0,1,1
sharjah,2,1,3
sharjam,0,1,1
shark,66,57,123
sharkbait,2,0,2
sharkboy,1,7,8
sharkeez,0,4,4
sharkey,3,2,5
sharkeys,1,0,1
sharkfest,1,0,1
sharkie,1,1,2
sharkies,2,4,6
sharking,0,1,1
sharkk,1,0,1
sharkkkk,0,1,1
sharks,46,38,84
sharktale,0,1,1
sharkwater,1,2,3
sharky,2,1,3
sharkys,1,0,1
sharl,1,0,1
sharleez,1,4,5
sharlene,0,2,2
sharlenes,0,1,1
sharlotka,0,1,1
sharly,1,1,2
sharlz,1,0,1
sharm,2,4,6
sharma,3,2,5
sharmeen,0,1,1
sharmila,1,2,3
sharmin,1,0,1
sharmine,0,1,1
sharmon,1,0,1
sharmoota,1,0,1
sharn,0,1,1
sharna,0,2,2
sharnese,0,2,2
sharnie,0,1,1
sharnique,1,0,1
sharnnas,0,1,1
sharns,0,1,1
sharnt,0,2,2
sharon,41,76,117
sharona,1,5,6
sharonda,2,1,3
sharone,0,1,1
sharonhayes,0,1,1
sharonites,0,1,1
sharonnn,0,1,1
sharonp,0,1,1
sharons,1,3,4
sharont,1,0,1
sharonveazey,1,0,1
sharonville,1,0,1
sharp,93,86,179
sharpay,2,7,9
sharpe,1,1,2
sharpei,1,0,1
sharpen,0,4,4
sharpened,0,3,3
sharpener,2,1,3
sharpeners,1,0,1
sharpening,3,8,11
sharpenings,1,0,1
sharper,1,4,5
sharpest,1,1,2
sharpie,20,17,37
sharpied,0,1,1
sharpies,6,7,13
sharpiesssssssssss,0,1,1
sharping,1,0,1
sharpish,2,1,3
sharply,1,0,1
sharpness,3,1,4
sharpshooter,1,0,1
sharpshooters,0,1,1
sharpstown,0,1,1
sharpsvn,0,1,1
sharpton,2,0,2
sharr,0,1,1
sharre,1,0,1
sharrell,0,1,1
sharron,3,0,3
sharrreee,0,1,1
sharrrrod,0,1,1
sharry,0,1,1
shars,1,0,1
sharsies,1,0,1
shart,2,1,3
sharted,3,2,5
sharting,1,0,1
shartingthelove,0,1,1
sharwama,1,0,1
sharyl,0,1,1
sharyn,1,1,2
sharynne,0,1,1
sharz,0,1,1
shasawi,1,0,1
shasawy,1,0,1
shase,0,1,1
shash,0,2,2
shasha,0,1,1
shashank,0,1,1
shashawn,1,0,1
shashed,1,0,1
shashhhhhh,0,1,1
shashi,0,3,3
shashiko,0,1,1
shashlyky,1,0,1
shasta,3,7,10
shastri,0,1,1
shasy,1,0,1
shat,30,15,45
shatap,1,0,1
shatavia,0,2,2
shater,0,1,1
shatered,1,0,1
shating,1,0,1
shatner,6,26,32
shatnerquake,1,0,1
shatners,0,1,1
shatonia,1,0,1
shatoooooo,1,0,1
shatori,0,3,3
shatoya,1,0,1
shatranjanpoli,0,1,1
shats,2,0,2
shatt,0,2,2
shattard,0,1,1
shatted,2,0,2
shatter,12,4,16
shatterd,5,3,8
shattered,275,71,346
shatteredddd,0,1,1
shattering,12,3,15
shatteringly,0,1,1
shatters,2,1,3
shattle,0,3,3
shattrd,1,0,1
shattterrreeed,1,0,1
shattuck,2,0,2
shattup,0,1,1
shatup,0,2,2
shauasahsauashsua,0,1,1
shaughnessy,0,2,2
shauky,1,0,1
shaum,1,0,1
shaumburg,0,1,1
shaun,116,222,338
shauna,5,18,23
shaundara,0,1,1
shaundivine,0,1,1
shaundiviney,4,89,93
shaundrie,0,1,1
shauni,1,1,2
shaunie,0,2,2
shaunis,0,1,1
shaunjumpnow,8,153,161
shaunn,1,1,2
shaunna,1,0,1
shaunnaboo,0,1,1
shaunnnny,1,0,1
shauno,1,0,1
shaunr,1,0,1
shauns,5,5,10
shaunster,0,1,1
shaunte,0,1,1
shauny,4,3,7
shaunza,1,0,1
shausau,0,1,1
shausssss,0,1,1
shav,1,0,1
shavam,0,5,5
shavasana,0,1,1
shave,125,113,238
shaved,76,75,151
shavemylegs,1,0,1
shaven,4,5,9
shaver,2,5,7
shavers,4,2,6
shaves,3,4,7
shavii,0,1,1
shaving,85,39,124
shavings,0,2,2
shavinig,1,0,1
shavoa,1,0,1
shavon,0,1,1
shavone,0,1,1
shavout,0,2,2
shavua,3,3,6
shavuah,0,1,1
shavuos,1,0,1
shavuot,3,8,11
shavuout,0,1,1
shaw,9,19,28
shawanda,2,0,2
shawarma,4,9,13
shawarmas,1,2,3
shawayze,0,1,1
shawbury,1,0,1
shawdi,0,1,1
shawdows,1,0,1
shawdy,1,1,2
shawdyy,0,1,1
shawee,0,1,1
shaweeeeeeeet,0,1,1
shaweeeet,0,1,1
shaweet,0,1,1
shawi,1,0,1
shawin,1,0,1
shawinggg,0,1,1
shawkey,1,0,1
shawl,5,9,14
shawlands,1,1,2
shawls,0,2,2
shawms,0,1,1
shawn,67,69,136
shawna,12,16,28
shawnas,0,1,1
shawnathan,2,0,2
shawnathon,1,0,1
shawne,1,0,1
shawneda,1,0,1
shawnee,4,4,8
shawnemerrimanok,1,0,1
shawnie,3,1,4
shawnimal,0,1,1
shawnmcdonald,1,0,1
shawnna,2,1,3
shawnnn,0,2,2
shawnny,0,1,1
shawnon,0,1,1
shawns,0,3,3
shawnzz,1,0,1
shaworma,0,1,1
shaws,5,1,6
shawshank,8,9,17
shawster,1,0,1
shawtie,0,1,1
shawty,14,43,57
shawtyy,2,0,2
shawtyyy,1,0,1
shawwtyy,0,1,1
shay,21,32,53
shaya,1,0,1
shayad,1,0,1
shayai,0,1,1
shaybaby,1,0,1
shaybe,1,0,1
shaycarl,1,1,2
shayda,0,1,1
shayde,0,2,2
shaye,2,2,4
shayeclubb,1,0,1
shayefhom,0,1,1
shayes,1,0,1
shayface,0,1,1
shayfeh,1,0,1
shayib,1,0,1
shaykh,0,1,1
shayla,5,4,9
shaylaa,0,1,1
shaylah,1,1,2
shaylas,1,0,1
shaylasssss,0,1,1
shaylie,1,0,1
shayliie,0,1,1
shayliiee,1,0,1
shaymin,0,1,1
shaymins,0,1,1
shayna,5,8,13
shaynaaa,1,0,1
shayne,7,9,16
shayneward,0,1,1
shayrenee,0,1,1
shayri,0,1,1
shays,1,0,1
shaytards,0,1,1
shayy,1,1,2
shayyan,1,0,1
shayyy,0,1,1
shaz,5,5,10
shazaam,0,1,1
shazam,14,11,25
shazammy,0,1,1
shazi,1,0,1
shazia,1,0,1
shazsays,0,1,1
shazwan,1,0,1
shazy,0,1,1
shazz,2,0,2
shazza,1,3,4
shazzam,1,1,2
shazzasknits,0,1,1
shazzbat,1,0,1
shazzy,1,0,1
shazzyfizzle,0,1,1
shc,1,0,1
shchool,1,0,1
shcl,1,1,2
shcok,1,0,1
shcool,3,3,6
shcoolll,0,1,1
shcows,1,0,1
shd,18,24,42
shda,0,1,1
shdes,0,1,1
shdjgkadshlgh,1,0,1
shdow,1,0,1
shdw,1,0,1
shdy,0,1,1
she,17005,12663,29668
shea,8,12,20
shead,2,1,3
sheading,1,0,1
sheaf,1,1,2
sheahan,1,0,1
sheaks,1,0,1
sheala,0,1,1
shealing,1,0,1
sheamus,0,1,1
sheamuscrowley,0,1,1
shean,1,2,3
sheaps,1,0,1
shear,5,6,11
sheard,0,1,1
sheared,2,0,2
shearer,5,3,8
sheares,0,1,1
shearing,2,2,4
shears,4,1,5
shearsmith,1,0,1
sheat,2,1,3
sheata,1,0,1
sheath,1,1,2
sheayehh,0,1,1
sheba,1,2,3
shebag,1,0,1
shebang,3,0,3
sheboygan,1,1,2
shecklar,1,0,1
sheckle,0,1,1
sheckler,3,8,11
shecky,0,3,3
shed,129,86,215
shedd,4,2,6
sheddat,1,0,1
shedded,3,2,5
sheddin,0,1,1
shedding,31,10,41
sheded,1,0,1
shedeverycolor,0,1,1
shedevil,0,2,2
shediac,1,0,1
shedload,1,0,1
sheds,12,5,17
shedule,1,0,1
shee,5,11,16
sheean,0,1,1
sheeba,3,0,3
sheebas,1,0,1
sheeby,1,0,1
sheee,4,2,6
sheeed,1,0,1
sheeeeee,0,2,2
sheeeeeeee,1,0,1
sheeeeeeet,1,0,1
sheeeeeeets,0,1,1
sheeeeeep,1,0,1
sheeeeeesh,1,0,1
sheeeeesh,0,1,1
sheeeeets,1,0,1
sheeeeiiiiiiit,1,0,1
sheeeeit,1,0,1
sheeeeittt,1,0,1
sheeeep,1,0,1
sheeeesh,5,4,9
sheeeeshhh,1,0,1
sheeeet,4,0,4
sheeeiat,0,1,1
sheeeiiittttt,1,0,1
sheeeit,0,1,1
sheeesh,8,5,13
sheeeshe,1,0,1
sheeeshh,1,0,1
sheeeshhh,1,1,2
sheeessshh,1,0,1
sheeet,4,2,6
sheeez,1,0,1
sheegay,0,1,1
sheehan,2,0,2
sheeiiiiit,0,1,1
sheeit,3,3,6
sheek,1,1,2
sheel,1,0,1
sheelah,1,0,1
sheelple,0,1,1
sheen,6,12,18
sheena,4,14,18
sheens,0,1,1
sheeny,0,1,1
sheeot,0,1,1
sheep,99,103,202
sheepdah,1,0,1
sheepdog,0,2,2
sheepeads,0,1,1
sheepers,1,0,1
sheepies,0,1,1
sheepish,4,4,8
sheepishly,1,0,1
sheeple,1,3,4
sheeps,11,13,24
sheepshape,0,1,1
sheepshead,0,1,1
sheepskin,0,2,2
sheepstacker,0,1,1
sheepy,2,8,10
sheepz,0,2,2
sheer,31,35,66
sheerboredom,1,0,1
sheereen,1,0,1
sheering,0,1,1
sheerly,0,1,1
sheers,0,1,1
shees,0,1,1
sheese,1,0,1
sheesh,120,81,201
sheesha,2,2,4
sheeshhh,1,0,1
sheeshing,0,1,1
sheesss,1,0,1
sheet,93,78,171
sheeted,1,1,2
sheeties,1,0,1
sheeting,1,0,1
sheetnode,0,1,1
sheetover,0,1,1
sheetrock,0,1,1
sheetrocks,0,1,1
sheets,140,161,301
sheetsz,1,0,1
sheetz,7,6,13
sheeva,0,1,1
sheevaplug,0,1,1
sheez,3,5,8
sheezee,0,1,1
sheezey,0,1,1
sheezy,0,3,3
sheezyart,0,1,1
shef,1,1,2
shefali,0,1,1
shefaly,0,1,1
sheff,8,6,14
sheffeild,0,1,1
sheffer,1,1,2
shefffy,0,1,1
sheffield,69,44,113
sheffielderrrr,0,1,1
sheffieldfloods,1,0,1
sheffields,1,0,1
sheffileld,0,1,1
shefftimes,1,0,1
sheft,2,0,2
shegeeks,1,0,1
sheggario,0,1,1
shegunner,1,0,1
shehas,2,0,2
shehasbt,1,0,1
shehasmovedon,0,1,1
shehastoclosehermouuth,1,0,1
shehata,1,0,1
sheheartscandy,1,0,1
shehnsha,1,0,1
shehr,0,1,1
shehy,0,1,1
sheii,1,0,1
sheiit,0,1,1
sheik,6,0,6
sheikh,1,0,1
sheikra,0,1,1
sheila,9,29,38
sheild,0,1,1
sheilds,0,1,1
sheils,1,2,3
sheit,2,1,3
shek,1,0,1
shekan,1,0,1
shekar,0,1,1
shekel,0,1,1
shekels,1,0,1
shekhar,0,1,1
shekinah,2,0,2
shekler,0,1,1
shel,6,5,11
shelaaaaaaaa,0,1,1
shelane,0,1,1
shelb,1,2,3
shelbe,0,1,1
shelbee,2,0,2
shelbeee,1,0,1
shelbey,0,1,1
shelbi,3,3,6
shelbie,0,1,1
shelbitoes,0,1,1
shelbourne,0,1,1
shelbs,2,2,4
shelburne,1,2,3
shelby,59,66,125
shelbyjay,1,0,1
shelbys,2,4,6
shelbyyy,0,1,1
shelbyyyy,0,1,1
shelbz,0,2,2
shelbzzz,1,0,1
sheldawg,0,1,1
shelden,1,0,1
sheldon,12,19,31
sheldrick,1,0,1
sheldy,0,1,1
shelebs,1,0,1
shelf,64,67,131
shelfari,2,5,7
shelfs,2,0,2
shelfter,1,0,1
sheli,1,0,1
shelia,1,3,4
shelise,1,0,1
shelix,1,0,1
shell,92,101,193
shellac,1,1,2
shellah,1,0,1
shellbell,0,1,1
shelldon,0,1,1
shelle,0,2,2
shelled,3,2,5
shellena,1,0,1
shellerz,1,0,1
shelley,11,16,27
shellfish,7,3,10
shelli,3,3,6
shellie,1,1,2
shelliengai,1,0,1
shellies,1,0,1
shellin,1,0,1
shelling,2,0,2
shellium,0,1,1
shelll,0,1,1
shelllieeee,0,1,1
shellll,0,1,1
shells,16,33,49
shellscript,0,1,1
shellseekers,0,1,1
shelly,16,21,37
shellylynnlove,1,0,1
shellys,1,1,2
shellz,1,0,1
shels,0,1,1
shelshi,1,0,1
shelsley,1,0,1
shelter,96,35,131
sheltered,9,5,14
sheltering,1,1,2
shelters,7,3,10
sheltie,5,3,8
shelton,6,9,15
shelty,1,0,1
shelve,3,3,6
shelved,4,1,5
shelvening,0,1,1
shelves,38,33,71
shelving,4,1,5
shem,5,9,14
shemade,1,0,1
shemah,0,4,4
shemale,1,2,3
shemales,0,1,1
shemallen,1,0,1
shemar,2,1,3
shemay,0,1,1
shemen,0,1,1
shemesh,1,0,1
shemms,1,1,2
shemo,0,1,1
shemona,0,1,1
shemzuuuuu,0,1,1
shen,3,5,8
shenae,3,2,5
shenagians,0,1,1
shenanagans,1,0,1
shenandoah,0,2,2
shenanigan,1,2,3
shenanigans,18,27,45
shenannigans,0,1,1
shendig,1,0,1
sheng,0,5,5
shengy,1,0,1
shenkar,0,2,2
shenklets,1,0,1
shenmue,1,0,1
shennanigans,0,2,2
shenny,0,1,1
shenton,1,0,1
shenzhen,2,5,7
shep,4,11,15
shepard,8,10,18
shepards,6,8,14
sheperd,3,0,3
sheperds,0,1,1
shephard,2,3,5
shephards,0,1,1
shepheard,0,1,1
shepherd,16,20,36
shepherds,9,12,21
shepherdstown,0,1,1
shepp,1,0,1
sheppard,4,2,6
sheppards,0,2,2
shepparton,1,0,1
sheppey,0,1,1
sheppibones,0,1,1
sheps,0,1,1
shepton,1,2,3
shepval,1,1,2
sher,9,10,19
shera,1,1,2
sherae,0,1,1
sheraton,13,9,22
sherawat,0,2,2
sherbert,8,17,25
sherberts,0,1,1
sherbet,5,9,14
sherbets,0,1,1
sherborne,1,0,1
sherbrooke,1,1,2
shercole,1,0,1
sherdinator,1,0,1
shere,1,0,1
sheree,1,2,3
sherekan,1,0,1
sherene,1,0,1
shergillonnet,1,0,1
sheri,11,12,23
sheribaby,0,1,1
sheridaaan,1,0,1
sheridan,6,8,14
sheridans,1,0,1
sherie,3,1,4
sherif,1,0,1
sheriff,14,10,24
sheriffa,0,1,1
sheriffs,1,1,2
sherika,1,0,1
sherilyn,0,3,3
sherin,1,1,2
sherina,2,1,3
sheris,0,1,1
sherise,0,2,2
sheriseeeee,0,1,1
sheriton,0,1,1
sherkston,0,1,1
sherlaine,1,0,1
sherlane,1,0,1
sherley,0,1,1
sherlock,13,16,29
sherlocks,1,1,2
sherly,2,0,2
sherlyyyy,0,1,1
shermaine,0,1,1
sherman,10,19,29
shermanlive,1,0,1
shermin,1,0,1
shermk,2,0,2
shero,0,1,1
sherona,0,1,1
sherp,0,1,1
sherpa,0,4,4
sherpherd,0,1,1
sherr,0,2,2
sherraton,0,1,1
sherrell,0,1,1
sherri,11,22,33
sherridan,1,0,1
sherrie,5,6,11
sherrieshepherd,1,1,2
sherrif,2,2,4
sherriff,3,0,3
sherrifs,0,1,1
sherrill,0,2,2
sherrilynne,0,1,1
sherrlene,1,0,1
sherrod,1,0,1
sherrr,1,0,1
sherrrrrrrlene,0,1,1
sherrry,0,1,1
sherrryyyy,0,1,1
sherry,10,20,30
sherrybaby,1,0,1
sherryllyn,0,1,1
sherrys,0,1,1
shert,1,0,1
shervon,0,1,1
sherway,1,0,1
sherwin,4,1,5
sherwood,27,19,46
sherwoods,1,1,2
sherwoooood,1,0,1
shery,0,1,1
sheryce,0,1,1
sherye,0,1,1
sheryl,11,13,24
sheryll,1,0,1
sherylp,1,0,1
sheryn,1,0,1
shes,752,648,1400
shesab,1,0,1
shesavanitygirl,0,1,1
shesbattydesigns,0,1,1
shescape,1,0,1
shesh,4,6,10
shesha,0,1,1
sheshhh,0,1,1
sheskateshard,0,1,1
shess,1,1,2
shessh,0,1,1
shessocute,1,0,1
shesss,0,3,3
shet,16,7,23
shetingness,0,1,1
shetland,4,3,7
shetter,0,1,1
shetttttttt,1,0,1
shettttttttt,0,1,1
sheun,1,0,1
sheung,0,1,1
sheva,2,0,2
shevill,1,0,1
shevon,1,0,1
shevy,1,0,1
shew,3,2,5
shews,0,1,1
sheww,1,1,2
shewww,1,0,1
shexii,1,0,1
shey,4,3,7
sheyen,1,0,1
sheyenne,0,1,1
sheyet,1,0,1
sheykh,0,1,1
sheyla,1,0,1
sheylla,1,3,4
sheyna,1,0,1
sheys,0,1,1
sheyt,1,0,1
shez,3,6,9
sheza,1,0,1
shezan,0,1,1
shezz,0,2,2
shezza,1,0,1
shezzay,0,1,1
shezzzzzzzzzzz,0,1,1
shf,3,1,4
shfah,1,0,1
shfeek,1,0,1
shft,1,2,3
shh,32,40,72
shhcool,0,1,1
shheeeeitt,0,1,1
shhftgbeurbguiebgrb,1,0,1
shhh,26,99,125
shhhaaaa,0,1,1
shhhh,19,55,74
shhhhcrappy,1,0,1
shhhhfffttttt,0,1,1
shhhhh,5,26,31
shhhhheeeeeetload,1,0,1
shhhhhh,2,11,13
shhhhhhh,0,6,6
shhhhhhhh,3,3,6
shhhhhhhhh,2,1,3
shhhhhhhhhh,0,4,4
shhhhhhhhhhh,0,1,1
shhhhhhhhhhhh,0,2,2
shhhhhhhhhhhhh,0,1,1
shhhhhhhhhhhhhhh,1,0,1
shhhhhhhhhhhhhhhhhhhhhhhh,0,1,1
shhhhiiiittttt,1,0,1
shhhhing,0,1,1
shhhhooooooot,1,0,1
shhhiieeeet,0,1,1
shhhiiiiiiiiiiiiii,1,0,1
shhhiiiit,1,0,1
shhhiit,0,1,1
shhhiittt,1,0,1
shhhit,1,0,1
shhhooeesss,0,1,1
shhhppank,1,0,1
shhhuuuper,0,1,1
shhhweeeet,0,1,1
shhhweet,0,1,1
shhhyytt,1,0,1
shhiieett,0,1,1
shhiiiittt,0,1,1
shhiizzz,1,0,1
shhittt,0,1,1
shhlleeeeeeeeppppp,0,1,1
shhpank,0,1,1
shht,1,0,1
shhtupid,1,0,1
shhush,1,0,1
shi,22,20,42
shia,49,66,115
shiaaa,1,0,1
shiaaaa,1,0,1
shian,0,1,1
shiang,1,0,1
shiantology,0,1,1
shias,3,0,3
shiat,9,1,10
shiats,1,0,1
shiatsu,0,5,5
shiatz,1,0,1
shib,2,0,2
shiba,3,6,9
shibaricon,1,0,1
shibas,2,2,4
shibata,1,0,1
shibbbby,0,1,1
shibby,1,4,5
shibleys,0,1,1
shibnits,0,1,1
shibpur,1,0,1
shibu,0,1,1
shibuya,5,7,12
shibuyaaaa,1,0,1
shic,0,1,1
shica,0,1,1
shicara,0,1,1
shice,2,0,2
shick,1,2,3
shicken,0,1,1
shid,4,3,7
shida,1,0,1
shidd,0,2,2
shiddd,0,1,1
shidduch,0,1,1
shieeeeeeeeeet,0,1,1
shieeeeeeeeet,1,0,1
shieeeet,0,1,1
shieeet,1,1,2
shieeettttt,0,1,1
shieet,4,1,5
shiekra,1,0,1
shiel,1,0,1
shiela,0,3,3
shield,31,20,51
shielding,1,1,2
shields,12,9,21
shiesty,1,0,1
shiet,6,6,12
shiett,1,0,1
shietttt,0,1,1
shiettttt,0,1,1
shieyt,1,0,1
shifa,1,0,1
shife,1,0,1
shiff,1,0,1
shifft,1,0,1
shifra,1,0,1
shift,850,349,1199
shifted,22,15,37
shifter,3,4,7
shifters,2,2,4
shifting,24,17,41
shiftjis,1,0,1
shifts,183,63,246
shiftt,2,0,2
shifty,11,6,17
shiftyeyes,1,0,1
shifu,0,1,1
shige,1,0,1
shigg,0,1,1
shiggedy,0,1,1
shiggity,1,0,1
shiggles,0,2,2
shiggy,1,0,1
shih,5,14,19
shihan,0,1,1
shihove,0,1,1
shii,1,5,6
shiiaatt,1,0,1
shiibi,0,1,1
shiiddd,0,1,1
shiieet,2,0,2
shiiet,2,0,2
shiii,0,1,1
shiiid,1,0,1
shiiiet,1,1,2
shiiii,2,3,5
shiiiiat,0,1,1
shiiiiet,0,1,1
shiiiii,0,1,1
shiiiiiet,1,0,1
shiiiiiiiiiiii,1,0,1
shiiiiiiiiiiiiiiiiiiiiiiiiiiiiiiiiiiiiii,0,1,1
shiiiiiiiiiiiiiiiiiiiiiiiiiiiiiiiiiiit,0,1,1
shiiiiiiiiiiiiiiiiiiiiiiiiiiiiiit,1,0,1
shiiiiiiiiiiiiiiiiiiiiiiiiiit,0,1,1
shiiiiiiiiiiiiiiiiiiiiiit,1,0,1
shiiiiiiiiiiiiiiiiiiit,2,0,2
shiiiiiiiiiiiit,2,0,2
shiiiiiiiiiiine,0,1,1
shiiiiiiiiiiit,1,0,1
shiiiiiiiiiit,1,2,3
shiiiiiiiiit,2,0,2
shiiiiiiiit,1,1,2
shiiiiiiiitt,1,0,1
shiiiiiiiittttt,1,0,1
shiiiiiiiiz,0,1,1
shiiiiiiit,3,2,5
shiiiiiins,1,0,1
shiiiiiit,2,2,4
shiiiiiite,1,0,1
shiiiiiitttttt,1,0,1
shiiiiine,1,0,1
shiiiiit,12,2,14
shiiiiittt,1,0,1
shiiiiiz,1,0,1
shiiiiizzle,0,1,1
shiiiin,1,0,1
shiiiine,0,2,2
shiiiirt,0,1,1
shiiiit,18,8,26
shiiiittt,0,1,1
shiiiitttt,1,0,1
shiiine,0,1,1
shiiinnniiinggggggggggg,0,1,1
shiiipppp,0,1,1
shiiirt,1,0,1
shiiit,17,11,28
shiiite,0,1,1
shiiits,1,0,1
shiiitt,2,2,4
shiiittt,2,1,3
shiiiz,0,1,1
shiiizz,0,1,1
shiiizzzzz,0,1,1
shiina,0,1,1
shiine,1,2,3
shiit,24,14,38
shiitake,1,2,3
shiitee,1,0,1
shiitless,1,0,1
shiitt,1,2,3
shiitteeee,1,0,1
shiittt,2,1,3
shiity,2,0,2
shiizzzz,1,0,1
shik,1,1,2
shika,1,0,1
shikabane,1,0,1
shikamana,0,1,1
shikamaru,0,1,1
shikao,1,0,1
shikari,16,29,45
shikaris,3,0,3
shikessss,1,0,1
shikgaek,1,0,1
shiki,1,1,2
shikigami,0,1,1
shikin,1,0,1
shil,1,1,2
shila,0,2,2
shild,1,0,1
shildhood,0,2,2
shile,0,1,1
shiliang,0,1,1
shilin,0,1,1
shill,2,1,3
shilla,1,1,2
shilling,2,2,4
shillington,0,1,1
shillong,0,1,1
shills,1,0,1
shilly,1,0,1
shilo,3,5,8
shiloah,0,2,2
shiloh,5,5,10
shilverwhore,0,1,1
shim,2,1,3
shima,1,0,1
shimabukuro,0,2,2
shimane,1,0,1
shimano,2,2,4
shimasho,0,1,1
shimattandarou,0,1,1
shimazu,1,0,1
shimeon,1,0,1
shimla,2,2,4
shimmer,2,4,6
shimmering,1,0,1
shimmers,0,1,1
shimmery,2,2,4
shimmy,8,14,22
shims,1,0,1
shimshon,1,0,1
shimster,0,1,1
shimtastic,0,1,1
shimtop,1,0,1
shimy,1,0,1
shin,76,31,107
shina,0,1,1
shinanigans,1,2,3
shinasai,0,1,1
shinay,1,0,1
shindawg,0,1,1
shindell,1,0,1
shindig,14,17,31
shindigg,1,0,1
shindigs,1,0,1
shindler,1,0,1
shindong,1,0,1
shindown,0,1,1
shindsssayy,0,1,1
shindwe,1,0,1
shine,133,408,541
shined,1,3,4
shinedown,10,17,27
shinee,7,17,24
shineee,1,3,4
shineeeee,1,0,1
shineeeeee,1,0,1
shineful,0,1,1
shineh,0,1,1
shinehart,1,0,1
shinein,0,1,1
shineing,1,2,3
shineon,1,0,1
shiner,9,4,13
shiners,0,2,2
shines,34,82,116
shineshare,0,1,1
shineshine,0,1,1
shinethief,1,0,1
shiney,15,15,30
shineys,1,1,2
shinez,0,1,1
shing,2,1,3
shingeling,1,0,1
shinging,1,0,1
shingle,0,1,1
shingles,18,4,22
shingling,2,0,2
shingo,0,1,1
shingshing,1,0,1
shinguards,1,0,1
shinhg,1,0,1
shinichi,1,1,2
shinier,0,1,1
shinies,0,2,2
shiniest,0,2,2
shinigami,2,2,4
shinin,6,12,18
shining,304,690,994
shiningggg,0,2,2
shininh,0,1,1
shinji,0,1,1
shinju,0,1,1
shinjuku,1,5,6
shinjyuku,0,1,1
shinkansen,2,0,2
shinken,1,0,1
shinkoyasu,0,1,1
shinkuhadoken,1,0,1
shinla,0,1,1
shinnin,1,1,2
shinning,16,41,57
shinningn,1,0,1
shinnneeee,0,1,1
shinnny,1,0,1
shinny,2,7,9
shino,1,0,1
shinobi,2,2,4
shinobu,1,0,1
shinoda,0,1,1
shinoh,0,1,1
shinpads,0,1,1
shinpai,1,0,1
shinpas,1,0,1
shinra,0,5,5
shins,29,21,50
shinta,1,2,3
shintaro,0,1,1
shinto,1,0,1
shintos,1,0,1
shiny,138,296,434
shinya,1,0,1
shinycunt,1,0,1
shinyglowyweapons,1,0,1
shinyness,1,0,1
shinys,1,0,1
shinysome,0,1,1
shinyyy,0,1,1
shinyyyyy,0,1,1
shinzen,1,1,2
shiok,4,5,9
shiokness,0,1,1
shioks,1,0,1
shiower,1,0,1
ship,263,184,447
shiped,0,1,1
shipei,1,0,1
shiphrah,1,0,1
shipin,1,0,1
shipiness,1,0,1
shipit,1,0,1
shipley,1,4,5
shipleys,2,1,3
shiply,0,2,2
shipmates,0,2,2
shipment,31,18,49
shipments,4,3,7
shipowner,0,1,1
shippable,0,1,1
shipped,110,64,174
shipper,6,8,14
shippers,0,1,1
shippin,2,2,4
shipping,180,144,324
shippinggg,0,1,1
shippings,2,2,4
shippment,0,2,2
shippn,1,0,1
shippng,1,0,1
shippppp,0,1,1
shippuden,3,4,7
shippuuden,4,6,10
shippy,1,0,1
shiprice,0,1,1
shiprock,0,1,1
shiprocked,0,1,1
ships,35,34,69
shipuuden,1,0,1
shipwide,0,1,1
shipwreck,1,2,3
shipwreckbeads,1,0,1
shipwrecked,19,10,29
shipwreked,1,0,1
shipyard,2,1,3
shiqiu,0,1,1
shir,1,3,4
shira,4,6,10
shiraz,21,13,34
shirdi,1,1,2
shire,5,10,15
shireen,1,1,2
shirell,0,1,1
shirelles,0,1,1
shiren,2,0,2
shires,0,2,2
shiri,0,1,1
shirin,0,1,1
shirk,0,2,2
shirked,1,0,1
shirking,0,2,2
shirkrin,0,1,1
shirky,1,0,1
shirl,0,2,2
shirlann,0,1,1
shirleeezzzzzy,1,0,1
shirless,0,1,1
shirley,15,27,42
shirleys,0,1,1
shirlington,0,1,1
shirls,2,0,2
shirly,1,3,4
shirmp,1,0,1
shiro,1,1,2
shirota,0,1,1
shirou,1,0,1
shirring,1,0,1
shirt,970,1341,2311
shirtdresses,0,1,1
shirtfight,0,1,1
shirtless,20,51,71
shirtlessrob,0,3,3
shirts,296,392,688
shirtsey,0,1,1
shirtsgonetweeter,0,1,1
shirtt,1,1,2
shirttt,1,1,2
shirtttt,0,1,1
shirttttt,0,1,1
shirty,2,3,5
shiryani,1,0,1
shis,1,0,1
shisem,1,0,1
shish,6,4,10
shisha,8,9,17
shishcabobs,0,1,1
shisheido,0,1,1
shisher,0,1,1
shishkabob,0,1,1
shishkebab,0,1,1
shisk,0,1,1
shiso,0,1,1
shisshh,1,0,1
shistas,1,0,1
shisters,0,1,1
shit,5282,2089,7371
shita,1,0,1
shitake,2,1,3
shitara,1,0,1
shitass,3,1,4
shitastic,1,1,2
shitay,1,0,1
shitazzzzs,1,0,1
shitbags,1,0,1
shitballs,2,0,2
shitblock,1,0,1
shitbox,0,1,1
shitby,1,0,1
shitcago,1,0,1
shitcakes,1,0,1
shitcondamnit,1,0,1
shitday,1,0,1
shitdick,0,1,1
shite,152,55,207
shited,2,0,2
shitee,0,1,1
shiteee,1,1,2
shiteeee,0,1,1
shiteeeee,1,0,1
shiteeeeeeeee,1,0,1
shitehole,1,0,1
shiteloads,1,0,1
shiten,1,0,1
shiteous,6,1,7
shites,1,2,3
shiteshift,1,0,1
shitest,2,1,3
shitey,3,2,5
shiteye,1,0,1
shitface,5,0,5
shitfaceballs,1,0,1
shitfaced,3,4,7
shitfest,1,0,1
shitfight,1,0,1
shitfilled,1,0,1
shitfit,1,0,1
shitfuck,1,0,1
shitfuckdamn,1,0,1
shitfuckdickwankerr,1,0,1
shitfuckery,1,0,1
shitfucks,1,0,1
shitful,6,0,6
shithead,5,3,8
shitheads,0,2,2
shithole,17,3,20
shitholes,0,2,2
shithot,0,1,1
shithouse,2,1,3
shitier,0,1,1
shitin,1,0,1
shiting,4,0,4
shitkick,1,0,1
shitl,1,0,1
shitles,1,0,1
shitless,44,9,53
shitlesss,1,0,1
shitlike,1,0,1
shitlist,0,1,1
shitload,21,20,41
shitloads,7,2,9
shitly,1,0,1
shitmy,1,0,1
shitness,1,2,3
shitnit,1,0,1
shitnitz,0,1,1
shitnopsis,1,0,1
shitnow,1,0,1
shitrecruitmentagencies,1,0,1
shits,74,42,116
shitsawoon,0,1,1
shitsburgh,1,0,1
shitscared,1,0,1
shitshit,1,0,1
shitshitshit,2,0,2
shitshitshitshitshitshitshit,2,0,2
shitshow,1,1,2
shitshows,0,1,1
shitskabob,1,0,1
shitss,2,0,2
shitstack,2,0,2
shitster,0,1,1
shitstorm,0,1,1
shitsuji,1,0,1
shitsujin,0,1,1
shitsux,2,0,2
shitt,44,20,64
shitta,2,0,2
shittaaaaaaaaay,0,1,1
shittalker,0,1,1
shittalks,1,0,1
shittay,1,0,1
shitted,5,1,6
shittee,2,0,2
shitter,19,10,29
shitters,0,1,1
shittest,17,0,17
shittet,1,0,1
shitthebed,1,0,1
shitti,1,0,1
shittie,1,0,1
shittier,6,2,8
shittiest,13,3,16
shittification,1,0,1
shittin,5,3,8
shittiness,1,0,1
shitting,47,15,62
shittios,0,1,1
shitton,2,0,2
shittt,40,13,53
shitttt,14,8,22
shitttteee,1,0,1
shitttting,1,0,1
shittttt,5,4,9
shittttthavnt,0,1,1
shitttttt,4,1,5
shittttttt,7,2,9
shitttttttt,4,0,4
shittttttttt,1,1,2
shitttttttttt,1,0,1
shitttttttttttttt,1,1,2
shittttttttttttttt,0,1,1
shitttttttttttttttt,1,0,1
shitttttty,2,0,2
shittttty,1,0,1
shitttty,1,0,1
shittttyyy,1,0,1
shittty,3,0,3
shitttyyyy,1,0,1
shitty,810,136,946
shittybeat,1,0,1
shittyest,0,1,1
shittyness,1,0,1
shittypants,1,0,1
shittys,1,0,1
shittysunday,1,0,1
shittysweet,1,0,1
shittyy,1,0,1
shittyyy,2,0,2
shittyyyyyy,1,0,1
shituation,1,0,1
shitv,1,0,1
shitwtf,1,0,1
shity,25,4,29
shitz,6,5,11
shitzu,1,1,2
shitzukakapoopoo,0,1,1
shitzuuuu,0,1,1
shitzzz,1,0,1
shitzzzz,0,1,1
shiu,0,1,1
shiur,1,0,1
shiushh,1,0,1
shiv,3,5,8
shiva,3,3,6
shivaji,0,1,1
shivan,0,1,1
shivanaut,0,1,1
shivani,1,1,2
shivashankar,1,2,3
shive,1,0,1
shiver,10,11,21
shivered,1,0,1
shivering,55,4,59
shivers,29,13,42
shivery,5,0,5
shivi,1,0,1
shivmiketowersinthelung,0,1,1
shivon,0,1,1
shivoy,0,1,1
shivshankar,1,0,1
shivvering,1,0,1
shivvers,0,1,1
shiwazzle,1,0,1
shix,0,1,1
shiy,1,0,1
shiyet,1,1,2
shiyoukanaaaaaaaa,1,0,1
shiyoyo,0,1,1
shiz,51,45,96
shiza,2,0,2
shizaaa,0,1,1
shizafon,1,0,1
shizah,1,0,1
shizbizzle,0,1,1
shizen,1,0,1
shizer,2,0,2
shizits,0,1,1
shizl,1,0,1
shizlike,0,1,1
shiznaay,0,1,1
shiznat,0,1,1
shiznee,1,0,1
shiznit,4,15,19
shiznits,0,2,2
shizu,0,1,1
shizukani,3,0,3
shizz,22,40,62
shizzam,0,1,1
shizzat,0,1,1
shizze,1,0,1
shizzel,1,1,2
shizzexx,0,1,1
shizzie,0,2,2
shizzit,1,1,2
shizzle,20,24,44
shizzlebisc,0,1,1
shizzleeeeee,0,1,1
shizzleless,1,0,1
shizzles,0,2,2
shizzless,1,0,1
shizzlo,1,0,1
shizzly,0,1,1
shizznet,1,0,1
shizznit,0,4,4
shizzo,1,0,1
shizzum,1,0,1
shizzyy,1,0,1
shizzz,5,11,16
shizzzle,1,0,1
shizzzleeee,0,1,1
shizzznazzz,0,1,1
shizzznits,1,0,1
shizzzz,3,1,4
shizzzznitz,0,1,1
shizzzzzz,1,0,1
shizzzzzzz,0,1,1
shizzzzzzzz,1,0,1
shj,1,0,1
shjo,1,0,1
shjpping,0,1,1
shk,2,0,2
shkim,0,1,1
shlapp,0,1,1
shld,76,85,161
shlda,2,1,3
shldn,3,0,3
shldnt,4,3,7
shldv,1,0,1
shlebs,0,1,1
shleeeeeeeeeepy,1,0,1
shleeeeping,1,0,1
shleeeeppy,1,0,1
shleeeepy,1,0,1
shleeep,0,1,1
shleeepy,0,1,1
shleep,3,0,3
shleeping,2,1,3
shleepover,1,0,1
shleepy,3,0,3
shlees,0,1,1
shlef,0,1,1
shlep,1,0,1
shlieber,1,0,1
shll,1,0,1
shloer,0,1,1
shlok,1,0,1
shlokas,2,0,2
shlomo,1,0,1
shlon,0,1,1
shlonach,0,1,1
shlong,0,1,1
shlonich,1,0,1
shlonkom,0,1,1
shloon,3,0,3
shloonik,0,1,1
shlopy,1,0,1
shloshed,0,1,1
shlu,1,0,1
shlump,1,0,1
shm,3,1,4
shma,4,2,6
shmackeroo,0,1,1
shmadds,0,1,1
shmaeltacht,1,0,1
shmakkin,1,0,1
shmal,0,1,1
shmamoley,0,1,1
shmancy,3,1,4
shmanders,0,1,1
shmanderz,0,2,2
shmanks,0,2,2
shmarr,0,1,1
shmart,1,0,1
shmeating,0,1,1
shmeb,1,0,1
shmee,1,1,2
shmegster,1,0,1
shmelly,1,0,1
shmellz,0,1,1
shmenge,0,1,1
shmera,1,0,1
shmeredith,0,1,1
shmeric,0,1,1
shmex,0,1,1
shmexi,0,1,1
shmexii,1,0,1
shmexy,0,3,3
shmidt,0,1,1
shmilerdz,1,0,1
shmillerrrsss,0,1,1
shmister,1,0,1
shmitt,1,0,1
shmitty,1,0,1
shmoe,1,0,1
shmoke,0,1,1
shmoked,0,1,1
shmokey,0,1,1
shmolan,0,1,1
shmoly,1,0,1
shmonday,1,0,1
shmoni,1,0,1
shmonis,1,0,1
shmookie,2,0,2
shmoopie,1,1,2
shmoopy,1,0,1
shmooze,1,0,1
shmoozing,1,0,1
shmopey,0,1,1
shmov,1,0,1
shmuck,0,1,1
shmuel,1,0,1
shmums,1,0,1
shmup,1,0,1
shmups,0,1,1
shmuuuuer,1,0,1
shnaapp,0,1,1
shnakes,1,0,1
shnap,2,2,4
shnapp,0,1,1
shnappp,1,0,1
shnaps,1,2,3
shnat,1,0,1
shnauzer,1,0,1
shnazy,0,1,1
shnedras,1,0,1
shnelli,0,1,1
shniedddd,0,1,1
shniff,2,0,2
shnikes,0,1,1
shnikies,0,1,1
shnitzel,0,1,1
shnitzzel,0,1,1
shnizzle,0,1,1
shno,0,1,1
shnook,1,0,1
shnookems,0,1,1
shnookie,1,0,1
shnookito,1,0,1
shnookums,1,2,3
shnozal,1,0,1
shnu,1,0,1
shnuggle,1,0,1
shnuggled,0,1,1
shnuggles,2,0,2
shnuggling,0,1,1
shnukcums,0,1,1
sho,76,171,247
shoaib,0,1,1
shoaks,0,1,1
shoal,1,0,1
shoals,1,0,1
shoalsbiz,1,0,1
shob,0,1,1
shobas,1,0,1
shobaye,0,2,2
shobayke,0,1,1
shobba,0,1,1
shobdon,0,1,1
shobe,1,0,1
shober,1,0,1
shobha,1,0,1
shobhay,0,1,1
shobi,1,0,1
shobilitaa,1,0,1
shock,215,148,363
shockable,0,1,1
shockadelica,1,0,1
shockd,1,0,1
shocked,218,126,344
shockeddd,1,0,1
shockedness,1,0,1
shocker,22,30,52
shockerr,0,1,1
shockerrrr,0,1,1
shockers,1,1,2
shockey,1,0,1
shockhorror,1,0,1
shockin,8,1,9
shocking,142,72,214
shockingg,1,0,1
shockingly,15,5,20
shockingz,1,0,1
shockinn,1,0,1
shockley,0,1,1
shockmount,1,0,1
shockomedian,0,1,1
shocks,27,10,37
shocktop,1,0,1
shockulated,0,1,1
shockwave,8,4,12
shockwaves,1,0,1
shocky,0,1,1
shockz,1,0,1
shocl,1,0,1
shoco,0,1,1
shod,5,2,7
shodam,4,3,7
shodan,0,1,1
shodanagal,0,1,1
shoddy,13,4,17
shode,2,1,3
shodeh,1,0,1
shodown,1,0,1
shodows,0,1,1
shoe,232,232,464
shoebox,7,2,9
shoebuy,1,1,2
shoecare,1,0,1
shoed,0,1,1
shoedazzle,5,3,8
shoediva,1,0,1
shoee,0,1,1
shoeees,0,1,1
shoees,1,0,1
shoegasmic,0,1,1
shoegaze,1,2,3
shoeholic,1,0,1
shoehorn,0,1,1
shoehorned,1,0,1
shoehorns,1,0,1
shoehunting,0,1,1
shoeing,0,1,1
shoelace,2,2,4
shoelaces,4,2,6
shoelala,0,1,1
shoeless,1,2,3
shoemaker,1,0,1
shoemoney,0,3,3
shoemoneys,0,1,1
shoenmakers,1,0,1
shoes,1123,1142,2265
shoesaturday,1,0,1
shoeshopping,2,0,2
shoesies,1,0,1
shoeslaces,1,0,1
shoesless,1,0,1
shoesongs,1,0,1
shoess,4,4,8
shoesshoesshoes,1,0,1
shoesss,1,3,4
shoessss,0,1,1
shoesssss,1,0,1
shoestore,2,0,2
shoestring,1,3,4
shoetastic,0,1,1
shof,1,0,1
shofee,0,1,1
shofi,0,1,1
shofiechan,0,1,1
shoft,1,0,1
shog,0,1,1
shoguets,1,0,1
shogun,7,7,14
shoguns,0,2,2
shohadaie,1,0,1
shohreh,1,0,1
shoiahsoihaohasasio,1,0,1
shoipping,0,1,1
shoir,0,1,1
shoite,2,0,2
shoji,1,0,1
shojo,2,2,4
shojobeat,1,0,1
shok,1,0,1
shoked,0,2,2
shokin,1,0,1
shoko,3,0,3
shokoderlyf,1,0,1
shokran,0,1,1
shokravell,1,0,1
shokudo,1,2,3
shol,1,0,1
shola,1,0,1
sholat,2,2,4
sholay,0,3,3
shold,3,4,7
sholder,4,1,5
sholders,6,1,7
sholdert,1,0,1
sholdnt,1,0,1
sholdrs,1,0,1
shole,1,1,2
sholl,3,1,4
sholud,0,2,2
shoma,1,1,2
shomai,0,1,1
shon,2,5,7
shona,2,2,4
shonah,0,3,3
shonali,1,0,1
shonar,0,1,1
shonda,5,2,7
shondarhimes,0,1,1
shone,1,3,4
shoneezzzzzy,1,0,1
shonegold,1,0,1
shonen,2,2,4
shonert,0,1,1
shones,0,1,1
shoney,2,2,4
shoneys,1,0,1
shonge,0,2,2
shongut,1,0,1
shonie,1,1,2
shonika,0,1,1
shonky,1,2,3
shonna,1,1,2
shonny,0,1,1
shonta,0,1,1
shonteeeeeeis,0,1,1
shonteion,0,1,1
shontelle,5,13,18
shontellle,1,0,1
shonuff,0,1,1
shoo,18,6,24
shoobedoobop,0,1,1
shoobi,0,1,1
shoocked,1,1,2
shood,6,2,8
shoodnt,1,0,1
shoodobop,0,1,1
shooed,1,0,1
shooeessss,0,1,1
shooesss,1,0,1
shoofly,0,1,1
shoog,1,0,1
shooging,1,0,1
shooing,1,0,1
shook,34,29,63
shooked,1,0,1
shookie,0,2,2
shooking,1,0,1
shookudo,0,1,1
shookums,1,0,1
shool,18,4,22
shools,0,1,1
shoons,0,1,1
shooo,5,2,7
shoooe,0,1,1
shoooes,0,1,1
shoooesss,1,0,1
shoook,1,0,1
shoooo,4,2,6
shooooeeeesss,0,1,1
shooooer,0,1,1
shooooes,1,0,1
shooool,0,2,2
shooooo,0,1,1
shoooooo,0,1,1
shooooooes,2,0,2
shooooooo,2,0,2
shooooooocked,0,1,1
shoooooooo,1,0,1
shoooooooooooooo,0,1,1
shoooooooooooooooooooooooosh,1,0,1
shooooooooooot,1,0,1
shoooooooooow,0,1,1
shooooooooopping,1,0,1
shooooooooot,1,0,1
shoooooooot,0,1,1
shooooooow,0,1,1
shoooooop,1,0,1
shoooooopping,0,1,1
shooooooppinngggggg,0,1,1
shoooooot,2,2,4
shoooooow,0,1,1
shoooooping,0,1,1
shooooot,8,0,8
shooooppp,0,1,1
shoooot,5,1,6
shoooow,2,3,5
shooopping,1,0,1
shooopppp,0,1,1
shooorooot,0,1,1
shooorrtt,1,0,1
shooot,10,10,20
shoooting,0,2,2
shooots,0,1,1
shooott,1,0,1
shooottt,1,0,1
shoootttt,1,0,1
shooould,0,1,1
shooow,0,4,4
shooowerrr,0,1,1
shooowz,1,0,1
shoop,0,4,4
shoopeeshoop,1,0,1
shoopid,0,1,1
shooping,2,11,13
shoopping,0,1,1
shooppingg,1,0,1
shooppppingggg,0,1,1
shoops,1,0,1
shoos,1,2,3
shoosh,0,2,2
shoot,880,913,1793
shootaround,0,1,1
shooted,0,1,1
shooten,0,1,1
shooter,8,28,36
shooters,4,8,12
shootfest,1,8,9
shootin,11,19,30
shootind,1,0,1
shooting,241,334,575
shootings,7,1,8
shootingss,0,1,1
shootingstar,0,1,1
shootlikeapes,0,1,1
shootme,1,0,1
shootn,0,1,1
shootng,0,1,1
shootong,0,1,1
shootout,9,5,14
shootouts,1,0,1
shootq,0,1,1
shoots,48,64,112
shootsac,0,2,2
shootshop,1,0,1
shootsy,0,1,1
shoott,0,1,1
shooturtweeple,0,1,1
shooty,1,2,3
shoould,2,0,2
shoow,3,2,5
shop,1186,1147,2333
shopacholic,1,1,2
shopaholic,27,46,73
shopao,0,1,1
shopbop,0,1,1
shopbroker,0,1,1
shope,1,0,1
shoper,0,1,1
shopette,1,0,1
shopgirl,0,1,1
shophmore,0,1,1
shopify,0,2,2
shopiing,1,0,1
shopin,0,3,3
shoping,11,23,34
shopingmall,0,1,1
shopings,0,1,1
shopkeeper,3,2,5
shopko,1,1,2
shoplift,0,1,1
shoplifted,1,0,1
shoplifter,3,1,4
shoplifters,1,1,2
shoplifting,3,0,3
shoplooker,1,0,1
shopmaker,0,1,1
shopn,0,2,2
shopnbc,0,1,1
shopoholic,1,2,3
shopoholism,1,0,1
shopow,1,0,1
shopp,0,3,3
shoppa,0,1,1
shoppach,0,1,1
shoppaholic,1,0,1
shoppe,4,4,8
shopped,36,36,72
shoppen,3,2,5
shopper,8,11,19
shopperannie,1,0,1
shoppers,10,14,24
shoppes,1,2,3
shoppette,1,0,1
shoppiiiiiiiiiiiiing,0,1,1
shoppiiiiing,1,0,1
shoppiiin,0,1,1
shoppiin,1,3,4
shoppin,78,114,192
shoppind,0,1,1
shoppinday,1,0,1
shoppine,0,1,1
shopping,2036,3286,5322
shoppingand,1,0,1
shoppingcenter,0,1,1
shoppingcomparison,0,1,1
shoppingg,1,14,15
shoppinggg,1,7,8
shoppingggg,1,6,7
shoppinggggg,0,3,3
shoppingggggg,0,1,1
shoppinggggggg,1,0,1
shoppingggggggggg,0,1,1
shoppinggggggggggg,0,1,1
shoppingh,0,1,1
shoppings,3,6,9
shoppingsaturday,0,1,1
shoppingspree,0,1,1
shoppingx,1,0,1
shoppinn,0,1,1
shoppinng,0,1,1
shoppinnn,0,1,1
shoppinq,0,4,4
shoppn,1,3,4
shoppo,0,1,1
shoppong,1,1,2
shopportunistic,2,0,2
shoppp,1,0,1
shoppped,0,1,1
shoppping,4,11,15
shopppingg,0,1,1
shopppingggg,0,1,1
shopppinggggg,1,0,1
shopppinggtodayyyy,0,1,1
shopppinnngggg,0,1,1
shopppping,1,5,6
shoppppinggggggggg,0,1,1
shoppppp,1,1,2
shopppppinggg,0,1,1
shopppppingggg,0,1,1
shopppppping,1,1,2
shoppppppping,0,1,1
shopppppppping,0,1,1
shoppppppppinggggg,0,1,1
shoppy,0,1,1
shoprite,7,3,10
shops,227,182,409
shopshop,0,1,1
shopshopshop,0,1,1
shoptherapy,0,1,1
shopto,4,2,6
shoptoearn,1,0,1
shopvacs,0,1,1
shopw,1,0,1
shopwise,0,4,4
shopwurld,0,1,1
shopz,0,2,2
shor,1,1,2
shora,1,0,1
shoramd,1,0,1
shorba,0,1,1
shorcake,0,1,1
shore,80,92,172
shorebirds,3,0,3
shoreditch,5,4,9
shoree,0,1,1
shoreee,2,1,3
shoreeee,1,1,2
shoreham,0,1,1
shorehouse,0,1,1
shoreline,2,5,7
shorelineee,0,1,1
shorer,0,1,1
shores,16,24,40
shoresitch,0,1,1
shoreys,0,1,1
shories,1,0,1
shorinji,0,1,1
shoriyuken,0,1,1
shorkies,1,0,1
shorn,0,1,1
shorrrtttyyy,0,1,1
shorrttssssss,0,1,1
shorry,2,3,5
short,1617,1395,3012
shortage,26,6,32
shortages,1,2,3
shortarse,1,0,1
shortays,0,1,1
shortayy,0,1,1
shortbread,5,5,10
shortbus,0,1,1
shortcake,5,29,34
shortcakee,0,2,2
shortcakefail,1,0,1
shortcakes,1,1,2
shortchanged,1,0,1
shortcode,1,0,1
shortcoming,1,2,3
shortcomings,2,1,3
shortcrust,1,0,1
shortcut,15,11,26
shortcutfail,1,0,1
shortcuts,14,18,32
shortcutted,0,1,1
shortcutting,1,0,1
shorted,7,1,8
shorten,14,29,43
shortend,1,0,1
shortened,26,14,40
shortener,5,8,13
shorteners,1,2,3
shortening,15,15,30
shortens,2,3,5
shorter,88,104,192
shortest,27,15,42
shortfall,1,0,1
shortfest,0,1,1
shortfilm,0,1,1
shorthair,0,2,2
shorthand,4,3,7
shorthanded,1,0,1
shortie,3,7,10
shortiee,0,1,1
shorties,5,4,9
shortiiortii,0,1,1
shorting,3,1,4
shortland,2,6,8
shortless,0,1,1
shortlist,8,5,13
shortlisted,4,7,11
shortlisting,2,1,3
shortlists,0,1,1
shortlived,2,1,3
shortly,153,240,393
shortlyy,0,1,1
shortlyyyy,0,1,1
shortned,0,1,1
shortners,1,0,1
shortness,8,1,9
shortney,1,0,1
shortpump,0,1,1
shortr,1,0,1
shortrib,0,1,1
shortribs,1,0,1
shorts,288,321,609
shortsighted,1,0,1
shortsightedness,1,0,1
shortsleve,1,0,1
shortstack,24,78,102
shortstackhater,0,1,1
shortstackkk,1,0,1
shortstacksoon,0,1,1
shortstop,1,0,1
shortstops,1,0,1
shortt,2,0,2
shortttt,1,0,1
shortttttttt,2,0,2
shortturning,1,0,1
shortty,1,1,2
shorturls,1,1,2
shortwave,2,3,5
shortwood,0,1,1
shorty,25,38,63
shortz,1,1,2
shose,0,1,1
shosh,1,0,1
shoshana,1,2,3
shoshanna,0,1,1
shosie,0,1,1
shot,878,741,1619
shotdrinksaturday,0,1,1
shote,1,0,1
shoter,1,0,1
shotglass,1,1,2
shotglasses,1,1,2
shotgun,16,25,41
shotgunned,1,0,1
shotguns,0,3,3
shoti,0,1,1
shotime,1,0,1
shoting,0,1,1
shotly,0,1,1
shotoshi,0,1,1
shotradio,0,1,1
shots,546,391,937
shotsky,1,0,1
shotss,0,1,1
shotsss,1,0,1
shotsy,2,0,2
shott,0,1,1
shottas,2,0,2
shottie,1,0,1
shottiesssss,0,1,1
shotting,0,2,2
shottingham,1,0,1
shotts,1,0,1
shotttt,2,0,2
shotty,3,5,8
shotuin,1,0,1
shotwell,0,1,1
shotyy,0,1,1
shotz,0,1,1
shou,2,2,4
shoud,11,15,26
shouda,1,0,1
shoudda,0,1,1
shouddd,1,0,1
shoudl,6,6,12
shoudlnt,1,1,2
shoudn,1,0,1
shoudnt,1,0,1
shoudve,2,0,2
shouf,0,2,2
shoufiyya,0,1,1
shoujld,0,1,1
shoujo,4,3,7
shoukd,0,1,1
shoukdnt,1,0,1
shoukld,0,1,1
shoul,2,5,7
shoula,1,0,1
shoulc,0,1,1
should,10464,13662,24126
shoulda,271,87,358
shouldaa,1,0,1
shouldah,2,0,2
shouldbe,1,1,2
shouldbnt,1,0,1
shouldcome,1,0,1
shouldd,1,3,4
shouldda,1,0,1
shoulddd,1,2,3
shouldddd,0,1,1
shouldddddd,0,1,1
shouldddddddddddd,0,1,1
shouldent,1,1,2
shoulder,495,120,615
shoulderblade,1,0,1
shouldered,3,0,3
shoulderpad,1,0,1
shoulderpads,0,1,1
shoulderr,1,0,1
shoulders,202,104,306
shoulderstrap,1,0,1
shouldeve,1,0,1
shouldfer,1,0,1
shouldhave,1,0,1
shouldisaw,2,0,2
shouldistayorshouldigo,1,0,1
shouldmoveback,1,0,1
shouldn,12,5,17
shouldna,1,0,1
shouldnt,226,82,308
shouldnttt,1,0,1
shouldntve,2,0,2
shouldof,1,0,1
shouldr,1,0,1
shouldrs,1,0,1
shouldve,91,22,113
shoule,0,1,1
shoulf,1,1,2
shoullld,0,1,1
shouln,2,1,3
shoulnt,0,1,1
shouls,0,1,1
shoult,0,2,2
shoulve,2,1,3
shououts,1,0,1
shoup,1,0,1
shoureshiha,1,0,1
shout,286,1061,1347
shouta,1,0,1
shoutbox,1,2,3
shoutcast,2,5,7
shoutd,1,0,1
shouted,38,26,64
shoutedfm,1,0,1
shouter,0,1,1
shoutin,4,5,9
shouting,65,54,119
shoutout,72,259,331
shoutouts,3,31,34
shoutoutsat,0,1,1
shoutoutsaturday,0,1,1
shoutoutto,0,1,1
shouts,27,68,95
shoutsout,1,0,1
shouty,2,1,3
shoutz,0,3,3
shouuld,1,1,2
shouuldnt,1,0,1
shouullld,0,1,1
shouuuuuld,0,1,1
shouwering,1,0,1
shouwl,1,0,1
shoval,0,3,3
shove,25,35,60
shovebox,0,1,1
shoved,32,10,42
shovel,13,15,28
shoveled,0,1,1
shovelin,0,1,1
shoveling,9,3,12
shovelled,1,0,1
shovelling,3,1,4
shovels,0,1,1
shover,0,1,1
shoves,5,3,8
shoving,10,9,19
show,7789,8552,16341
showa,5,9,14
showaa,0,1,1
showaaa,0,1,1
showaaaa,0,3,3
showaaaaaaaah,0,1,1
showah,1,1,2
showahh,0,1,1
showahhh,0,1,1
showahhhh,0,1,1
showase,1,0,1
showasss,1,0,1
showatime,1,0,1
showb,1,0,1
showbag,0,1,1
showbags,1,0,1
showball,0,1,1
showbisiness,0,1,1
showbiz,6,12,18
showbizz,0,1,1
showboat,1,2,3
showboating,2,0,2
showbox,1,1,2
showbread,0,3,3
showbusiness,1,0,1
showcase,36,58,94
showcased,1,6,7
showcases,3,1,4
showcasing,2,3,5
showchoir,0,1,1
showcse,0,1,1
showd,1,5,6
showda,0,1,1
showday,0,1,1
showdi,0,1,1
showdown,15,14,29
showdowns,0,1,1
showe,0,4,4
showed,342,287,629
showee,1,0,1
showeed,1,0,1
showeeeeeeeeeeeeeeeeeeeeeeeer,0,1,1
showeeeeeeeeeeer,0,1,1
showeeeeeer,0,1,1
showeeer,1,4,5
showeeerrrr,0,1,1
showeeeshoweeee,1,0,1
showeer,0,4,4
showeered,0,1,1
showeerr,0,1,1
showem,1,0,1
shower,1661,2462,4123
showerblaster,0,1,1
showerd,0,2,2
showere,1,0,1
showered,138,110,248
showerhead,2,0,2
showeriiiing,1,0,1
showerin,4,3,7
showering,52,80,132
showerlessness,1,0,1
showerm,1,0,1
showerness,0,1,1
showerr,11,28,39
showerrd,1,0,1
showerringgg,0,1,1
showerrr,7,27,34
showerrrr,5,8,13
showerrrrr,1,5,6
showerrrrrr,1,1,2
showerrrrrrr,1,0,1
showerrrrrrrr,0,1,1
showerrrrrrrrrr,0,1,1
showerrrrrrrrrrrrrrr,0,1,1
showers,143,104,247
showershowershower,0,1,1
showerssss,1,0,1
showertime,6,5,11
showertimee,1,0,1
showertimes,0,1,1
showery,2,0,2
showeryng,1,0,1
showest,1,0,1
showetime,0,1,1
showform,1,0,1
showgirls,3,2,5
showgram,0,1,1
showground,0,1,1
showgrounds,0,1,1
showgun,1,0,1
showign,1,0,1
showin,31,26,57
showing,741,498,1239
showingg,1,0,1
showings,11,4,15
showiwatched,1,0,1
showjumping,0,1,1
showlast,1,0,1
showman,0,1,1
showmance,1,0,1
showmanship,0,1,1
showmasters,0,2,2
showme,1,0,1
shown,112,95,207
showng,0,1,1
showns,1,0,1
showoff,2,2,4
showoffhiphop,1,0,1
showoffs,0,1,1
showplace,2,0,2
showr,1,0,1
showrawrrrrr,0,1,1
showreel,3,5,8
showreels,0,2,2
showroom,7,15,22
showrooms,0,2,2
showrunner,1,0,1
shows,1404,1127,2531
showski,0,1,1
showsmthen,0,1,1
showss,1,2,3
showstars,1,0,1
showstoppas,1,0,1
showstopper,2,2,4
showstoppers,1,0,1
showstopping,1,0,1
showsuite,0,1,1
showtek,0,1,1
showtid,1,0,1
showtime,58,32,90
showtimes,1,1,2
showtunes,1,3,4
showtunessssssssssssssssssss,0,1,1
showtyme,1,0,1
showup,0,1,1
showurdock,0,1,1
showverlap,0,1,1
showw,11,12,23
showwa,0,1,1
showwaaa,0,1,1
showweerrr,1,0,1
showwer,1,0,1
showwering,0,1,1
showwerrr,0,1,1
showws,1,0,1
showww,4,6,10
showwww,1,0,1
showwx,1,0,1
showy,0,4,4
showz,3,2,5
showzen,1,0,1
shox,1,3,4
shoyu,0,2,2
shozu,7,2,9
shp,2,3,5
shpadoinkle,1,0,1
shpank,0,1,1
shpongle,0,2,2
shpould,0,1,1
shpouldnt,1,0,1
shppg,0,1,1
shpping,3,3,6
shppppinggggg,0,1,1
shpuld,1,1,2
shr,2,1,3
shraeger,1,0,1
shrager,1,0,1
shrank,8,2,10
shrapnel,0,1,1
shre,1,1,2
shreads,1,0,1
shreck,0,1,1
shred,19,32,51
shredddd,0,1,1
shredded,27,19,46
shredder,11,6,17
shredders,0,1,1
shreddies,4,5,9
shreddin,1,0,1
shredding,8,11,19
shreded,2,1,3
shredheads,2,3,5
shreding,1,0,1
shreds,8,2,10
shree,4,1,5
shreeded,1,0,1
shreeeeaaaacck,1,0,1
shreeek,1,0,1
shreek,1,0,1
shreeni,0,1,1
shreepy,2,0,2
shreika,1,0,1
shrek,15,33,48
shreks,0,1,1
shreve,0,1,1
shreveport,11,2,13
shrew,3,2,5
shrewd,0,2,2
shrews,1,4,5
shrewsbury,5,4,9
shreya,1,0,1
shreyas,1,0,1
shri,0,3,3
shriek,2,3,5
shrieked,1,0,1
shriekfreak,0,1,1
shrieking,3,4,7
shrieks,2,0,2
shrieky,1,1,2
shrill,2,2,4
shrimp,90,112,202
shrimpies,0,1,1
shrimps,6,8,14
shrimpton,0,1,1
shrimpy,2,0,2
shrine,7,12,19
shrinebowl,0,1,1
shriners,1,2,3
shrines,0,2,2
shrink,29,25,54
shrinkage,0,3,3
shrinked,1,0,1
shrinkin,1,0,1
shrinking,22,7,29
shrinks,4,6,10
shrinkx,0,1,1
shrinky,0,1,1
shripriya,0,1,1
shrits,0,1,1
shrivel,2,1,3
shriveled,1,0,1
shrivell,1,0,1
shrivelled,1,0,1
shrivelling,1,0,1
shrively,1,0,1
shriver,1,2,3
shriya,0,1,1
shrm,1,4,5
shrmp,1,0,1
shroat,1,0,1
shronk,1,0,1
shroom,0,2,2
shroomer,0,1,1
shroomface,0,1,1
shrooms,5,11,16
shroppy,0,1,1
shrops,1,1,2
shropshire,2,9,11
shroud,2,3,5
shrouded,1,0,1
shroup,0,1,1
shrpness,0,1,1
shrt,4,0,4
shru,0,1,1
shrub,1,4,5
shrubbery,2,2,4
shruberry,0,1,1
shrubs,5,3,8
shrug,17,30,47
shrugged,2,1,3
shrugggssss,1,0,1
shruggs,0,1,1
shrugs,15,20,35
shrulk,0,1,1
shrunk,33,6,39
shrute,0,1,1
shruti,0,1,1
shruu,1,0,1
shs,5,11,16
shsaheen,1,0,1
shsall,0,1,1
shsayer,1,0,1
shsh,1,0,1
shshshaking,1,0,1
shsmh,1,0,1
shsssssssh,0,1,1
shsyfgyasdhgk,0,1,1
sht,17,6,23
shtbox,0,2,2
shtephhy,1,0,1
shtetl,0,1,1
shti,1,0,1
shtich,0,1,1
shtick,1,1,2
shtink,1,0,1
shtoooooo,0,1,1
shtop,1,0,1
shtout,1,0,1
shtroumpf,0,1,1
shts,1,0,1
shttered,1,0,1
shttillll,0,1,1
shttt,1,0,1
shtuff,2,7,9
shtuffs,0,1,1
shtummy,1,0,1
shtyy,0,1,1
shu,8,8,16
shua,1,0,1
shuabq,1,0,1
shuai,2,1,3
shuan,0,4,4
shuang,1,1,2
shubb,1,0,1
shubh,0,2,2
shubha,0,1,1
shubho,0,1,1
shubhu,0,1,1
shubuh,1,0,1
shuccks,1,0,1
shuch,1,0,1
shuck,1,1,2
shucked,0,1,1
shucking,0,1,1
shuckle,0,1,1
shucks,101,92,193
shucku,0,1,1
shuckz,1,0,1
shucs,0,1,1
shud,154,184,338
shuda,14,5,19
shudda,5,4,9
shuddab,0,1,1
shuddap,1,0,1
shudder,25,13,38
shuddered,0,2,2
shuddering,2,0,2
shudders,8,5,13
shuddup,5,4,9
shudduppp,1,0,1
shudent,1,0,1
shudn,1,0,1
shudnt,18,6,24
shudve,5,4,9
shue,2,0,2
shuey,0,1,1
shuf,0,1,1
shuff,1,0,1
shufffle,0,1,1
shuffle,79,110,189
shuffleboard,0,1,1
shuffled,6,4,10
shufflegazine,0,2,2
shufflepants,0,1,1
shufflers,0,1,1
shuffles,3,2,5
shuffley,1,0,1
shuffling,8,10,18
shuffly,1,0,1
shufti,0,1,1
shug,0,1,1
shuga,0,1,1
shugar,1,0,1
shugg,0,1,1
shugga,1,0,1
shuggaa,1,0,1
shuggie,1,2,3
shuggs,0,1,1
shugo,0,2,2
shuh,0,1,1
shui,3,11,14
shuie,1,0,1
shujun,1,0,1
shuk,0,1,1
shukes,1,0,1
shukra,0,1,1
shukran,0,1,1
shukria,0,1,1
shukrn,0,1,1
shuks,1,1,2
shukudai,1,0,1
shul,3,1,4
shuld,36,30,66
shulda,10,2,12
shulder,0,1,1
shuldnt,1,0,1
shuldve,2,0,2
shulman,0,1,1
shultz,0,2,2
shultzy,0,1,1
shum,1,1,2
shuma,0,1,1
shumai,2,1,3
shuman,1,0,1
shume,0,2,2
shummthing,0,1,1
shun,11,10,21
shunda,0,1,1
shunji,1,0,1
shunjimatsuo,0,1,1
shunned,5,3,8
shunning,2,3,5
shunnnnnnnnnn,0,1,1
shunshunshun,1,0,1
shunsine,0,1,1
shunsuke,1,0,1
shunt,2,2,4
shunted,2,1,3
shuold,1,1,2
shup,2,3,5
shuper,1,0,1
shupert,0,1,1
shupppppp,0,1,1
shupps,1,1,2
shure,8,13,21
shuree,1,0,1
shurely,1,1,2
shures,1,1,2
shurg,0,1,1
shurie,1,0,1
shuriken,0,1,1
shuroken,1,0,1
shuroo,1,0,1
shurrr,0,1,1
shurrrre,0,1,1
shurrup,2,3,5
shurtleff,0,1,1
shuru,1,1,2
shush,15,35,50
shushed,3,1,4
shushh,1,0,1
shushhh,2,1,3
shushhhh,0,2,2
shushi,3,5,8
shushing,0,1,1
shusitu,0,1,1
shust,1,0,1
shuster,1,0,1
shustine,0,1,1
shuswap,1,0,1
shut,930,597,1527
shutak,0,1,1
shutcher,0,1,1
shutdown,20,10,30
shutdownn,1,0,1
shutdowns,4,0,4
shutdwn,1,0,1
shutes,0,1,1
shuteye,4,4,8
shuteyeview,0,1,1
shuting,3,2,5
shutit,0,1,1
shutoff,1,2,3
shutout,8,5,13
shutouts,1,0,1
shuts,36,10,46
shutt,4,0,4
shutter,21,26,47
shutterbuds,1,0,1
shutterbug,1,2,3
shutterbugs,0,1,1
shutterfly,1,1,2
shuttergods,0,1,1
shuttering,1,1,2
shutters,2,7,9
shutterspeed,0,1,1
shutterspeeds,0,1,1
shutterstock,0,1,1
shutteye,0,1,1
shuttin,3,4,7
shutting,78,42,120
shuttit,1,0,1
shuttle,117,29,146
shuttlecock,1,3,4
shuttled,1,1,2
shuttles,4,2,6
shuttleworth,1,0,1
shuttling,2,3,5
shuttng,1,0,1
shuttt,0,1,1
shutttt,1,1,2
shuttup,3,1,4
shuttupp,1,0,1
shutty,1,0,1
shutup,22,26,48
shutupandsitdown,0,1,1
shutupbitch,0,1,1
shutupdani,1,0,1
shutupdanielle,1,0,1
shutupp,0,1,1
shuu,0,1,1
shuumee,1,0,1
shuuree,0,1,1
shuurie,0,1,1
shuush,1,0,1
shuushhhhh,1,0,1
shuut,0,1,1
shuuupberb,0,1,1
shuuush,0,1,1
shuuut,1,0,1
shuuutup,1,0,1
shuuuu,0,1,1
shuuuush,1,0,1
shuuuut,1,0,1
shuuuutttt,1,0,1
shuuweeet,0,1,1
shuv,1,0,1
shuvatara,0,1,1
shuvit,2,0,2
shuvits,1,0,1
shuwaikh,0,1,1
shux,1,1,2
shuxx,0,1,1
shuyee,0,1,1
shuyraah,1,0,1
shuz,0,1,1
shuze,0,1,1
shuzz,0,1,1
shuzzle,1,0,1
shvaed,0,1,1
shve,0,2,2
shvitz,1,0,1
shvizut,1,0,1
shw,6,5,11
shwa,1,0,1
shwaa,1,0,1
shwaas,0,1,1
shwafia,1,0,1
shwag,0,1,1
shwaht,1,0,1
shwank,0,1,1
shwar,1,0,1
shwarma,0,3,3
shwasted,1,1,2
shwasteddddddddd,0,1,1
shwasty,0,1,1
shwaty,0,1,1
shway,0,3,3
shwaya,0,1,1
shwayze,1,4,5
shwayzted,0,1,1
shwd,1,0,1
shwed,2,0,2
shweeb,0,1,1
shweeeeeet,0,1,1
shweeeeet,0,2,2
shweeeepy,1,0,1
shweeep,0,1,1
shweeeps,0,1,1
shweeet,1,0,1
shweeettt,0,1,1
shweeettttt,1,0,1
shweep,0,1,1
shweepy,1,1,2
shweepyhead,0,1,1
shweet,1,10,11
shweetie,0,1,1
shweety,0,1,1
shwell,1,0,1
shwer,1,1,2
shwiiizerd,0,1,1
shwimming,0,2,2
shwine,1,1,2
shwing,0,1,1
shwinn,0,1,1
shwins,0,1,1
shwirl,0,1,1
shwmae,0,2,2
shwn,0,1,1
shwo,1,0,1
shwoer,1,2,3
shwos,0,1,1
shwr,0,3,3
shwrs,1,0,1
shwup,0,1,1
shxiet,1,0,1
shxt,10,7,17
shxtttt,0,1,1
shy,117,136,253
shyabee,1,0,1
shyam,1,0,1
shyamamamalan,0,1,1
shyammy,1,0,1
shyanne,0,2,2
shyched,0,1,1
shyeah,0,2,2
shyest,0,1,1
shyit,0,1,1
shyjune,1,0,1
shyl,0,1,1
shyla,2,0,2
shylana,1,0,1
shylock,0,1,1
shyloh,1,0,1
shyly,1,1,2
shyme,0,1,1
shyne,1,3,4
shyness,5,6,11
shyra,0,1,1
shyshy,0,1,1
shysite,1,0,1
shystie,1,0,1
shyt,60,40,100
shyte,4,0,4
shyts,2,1,3
shytt,1,0,1
shyttttttttt,1,0,1
shyur,0,1,1
shyy,0,1,1
shyyaat,1,0,1
shyyt,1,2,3
shyyttt,0,1,1
shyyy,1,0,1
shyyyet,1,0,1
shyyyt,0,1,1
shyyyytttt,0,1,1
shyyyyy,1,0,1
shyyyyyyt,1,0,1
shyyyyyyy,1,0,1
shyyyyyyyyt,1,0,1
shyz,1,0,1
shyza,0,1,1
shz,1,0,1
shzzzzzzzzzzzzzzzzzzzzzzzzzzzzzzzzzzzzzzz,1,0,1
si,202,268,470
sia,27,16,43
siaaaaa,1,0,1
siaaaaaaaaaaaaaaaaaaaaaaaaaaaa,1,0,1
siaaall,1,0,1
siaah,1,0,1
siad,1,3,4
siaga,0,1,1
siah,0,2,2
siaham,0,1,1
siak,0,1,1
sial,4,0,4
sialaaaaaaan,1,0,1
sialan,3,0,3
sialana,0,1,1
sialkot,1,0,1
sialnya,1,0,1
siam,4,7,11
siamese,8,4,12
siamion,1,0,1
sian,40,14,54
sianades,1,0,1
siang,19,9,28
siangg,2,0,2
sianghio,0,1,1
siannnnnn,1,0,1
sians,3,1,4
siany,1,0,1
sianz,8,0,8
sianzzz,1,0,1
siap,3,4,7
siapa,6,5,11
siape,0,1,1
siapin,0,2,2
siara,2,0,2
siaran,0,1,1
siares,1,0,1
siargao,0,2,2
siatic,1,0,1
siavash,7,3,10
siaz,0,1,1
sib,2,3,5
siba,0,1,1
sibal,2,0,2
sibbies,0,1,1
sibbling,1,2,3
sibblings,1,1,2
sibbo,0,1,1
sibby,1,0,1
sibearen,2,0,2
sibei,1,0,1
sibelius,1,2,3
siberia,2,2,4
siberian,1,4,5
siberians,0,1,1
sibilate,0,1,1
sibiling,1,0,1
sibiu,1,0,1
sibject,1,0,1
sible,2,0,2
sibley,1,0,1
siblin,1,0,1
sibling,22,20,42
siblings,53,54,107
siblingship,0,1,1
sibol,1,0,1
siboom,0,1,1
sibs,6,16,22
sibscriptions,1,0,1
sibu,2,2,4
sibuk,7,0,7
sibz,1,0,1
sic,25,21,46
sica,4,12,16
sicaa,0,1,1
sicamp,5,1,6
sicc,5,0,5
sicccc,1,0,1
sicccck,2,0,2
sicccckkkkk,1,0,1
siccck,2,2,4
siccckkk,1,0,1
sicck,2,0,2
sicckk,2,1,3
sicckkk,2,1,3
sicckkkk,2,1,3
sicckkkkk,1,0,1
sice,0,3,3
siced,0,3,3
sicence,1,0,1
sicene,1,0,1
sich,3,4,7
sicher,1,2,3
siching,1,0,1
sichuan,2,1,3
sicid,0,2,2
sicilian,2,8,10
sicilians,1,2,3
sicily,3,12,15
sick,14617,1419,16036
sicka,1,0,1
sickagain,1,0,1
sickatronic,1,0,1
sickbay,1,1,2
sickbed,0,1,1
sickdays,0,1,1
sicked,3,0,3
sickee,7,0,7
sicken,3,2,5
sickened,5,0,5
sickengly,1,0,1
sickening,26,2,28
sickeningly,4,0,4
sickens,1,2,3
sickenterprises,0,1,1
sicker,55,9,64
sickers,1,0,1
sickess,1,0,1
sickest,18,35,53
sickestt,0,1,1
sickey,2,0,2
sickface,2,0,2
sickfriday,1,0,1
sickh,1,0,1
sicki,1,0,1
sickie,27,4,31
sickieeee,1,0,1
sickiepoo,0,1,1
sickies,21,2,23
sickii,1,0,1
sickily,1,0,1
sickiness,1,0,1
sickington,1,0,1
sickinmyface,1,0,1
sickish,8,1,9
sickk,84,15,99
sickkenning,1,0,1
sickkerr,1,0,1
sickkest,0,1,1
sickkie,1,0,1
sickkk,26,5,31
sickkkk,19,5,24
sickkkkk,12,0,12
sickkkkkkk,3,0,3
sickkkkkkkk,2,0,2
sickkkkkkkkkk,0,1,1
sickkkkkkkkkkk,1,0,1
sickkkkkkkkkkkk,1,0,1
sickkkkkkkkkkkkkkkkk,1,0,1
sickkkkkyyyy,1,0,1
sickko,0,1,1
sickkyypoo,1,0,1
sickl,1,0,1
sickle,3,2,5
sicklee,0,1,1
sickles,4,0,4
sicklike,2,0,2
sickling,4,1,5
sickly,76,13,89
sicklyness,1,0,1
sickn,1,0,1
sicknasty,1,2,3
sicknastyyy,0,2,2
sickness,281,52,333
sicknesses,1,0,1
sickning,1,1,2
sicknote,1,0,1
sicko,17,7,24
sickoflatenightstorms,0,1,1
sickooo,0,1,1
sickoooo,1,0,1
sickos,1,2,3
sicks,9,3,12
sicksick,1,0,1
sicksicksick,4,0,4
sickums,1,0,1
sickwork,1,0,1
sickxnasty,0,1,1
sicky,102,10,112
sickypoo,2,0,2
sickypooo,1,0,1
sickyy,1,0,1
sickyyy,1,0,1
sickz,1,0,1
sicles,0,1,1
sicmats,1,0,1
sicnh,1,0,1
sico,1,1,2
sicp,0,1,1
sicsicsic,0,1,1
sicsr,1,0,1
sicuro,0,1,1
sid,30,35,65
sidaaaang,0,1,1
sidagi,0,1,1
sidagma,0,2,2
sidal,1,0,1
sidang,2,4,6
sidcup,0,3,3
sidda,1,1,2
sidded,0,1,1
siddham,1,0,1
siddharth,0,1,1
siddhivinaayak,1,0,1
siddy,0,1,1
side,1785,1654,3439
sidebar,30,33,63
sidebarrrrrr,0,1,1
sidebars,1,2,3
sidebench,0,1,1
sideboard,1,0,1
sidebottom,3,0,3
sideburns,6,9,15
sidebustin,0,1,1
sidecar,3,3,6
sidecars,1,1,2
sidecart,1,0,1
sidecca,1,0,1
sidecki,0,1,1
sideckik,1,0,1
sided,20,8,28
sidee,1,1,2
sideeee,1,2,3
sideeeeee,1,0,1
sideer,1,0,1
sideeyes,1,0,1
sidehackers,1,0,1
sidehandshakes,1,0,1
sidejob,1,0,1
sidekcik,0,1,1
sidekick,138,46,184
sidekickin,1,0,1
sidekickkk,1,0,1
sidekicks,9,3,12
sideline,3,5,8
sidelined,4,1,5
sidelines,7,7,14
sideload,1,0,1
sidemen,1,0,1
siden,0,1,1
sideness,1,0,1
sidenote,17,11,28
sidepanel,1,0,1
sidepart,1,0,1
sidepodcast,0,2,2
sidequests,1,0,1
sider,1,3,4
sidereel,1,2,3
siders,2,3,5
sides,93,89,182
sideshow,3,3,6
sideshows,0,1,1
sidesss,1,0,1
sidestage,0,1,1
sidestep,0,1,1
sidestreet,1,0,1
sideswipe,2,3,5
sideswiped,1,0,1
sidetrack,1,2,3
sidetracked,14,14,28
sidetracks,0,1,1
sidetrip,0,1,1
sideview,1,0,1
sidewalk,51,31,82
sidewalkk,1,0,1
sidewalks,6,5,11
sidewall,1,0,1
sidewards,1,0,1
sideways,42,27,69
sidewinder,1,1,2
sidewinders,1,0,1
sidhalepa,0,1,1
sidhdharabetta,0,1,1
sidhu,0,1,1
sidi,1,2,3
sidies,1,0,1
sidim,1,0,1
siding,2,3,5
sidis,0,1,1
sidles,0,1,1
sidmo,0,1,1
sidmouth,0,1,1
sidne,1,0,1
sidney,9,16,25
sidneycrosby,1,0,1
sidneys,1,1,2
sidneysheldon,0,1,1
sidneyy,1,0,1
sidneyyy,1,0,1
sido,1,1,2
sidora,1,0,1
sidplay,0,1,1
sidreno,0,1,1
sids,6,0,6
sidspeak,0,1,1
sidster,1,0,1
sidus,1,0,1
sie,1,7,8
siebel,1,2,3
siebi,1,0,1
sied,0,1,1
sieedahh,0,1,1
sieeeeey,1,0,1
sieeenx,1,0,1
sieep,0,1,1
siegal,1,0,1
siege,1,2,3
siegelhein,0,1,1
siegen,0,1,1
sieger,0,1,1
siegfried,0,2,2
siego,2,1,3
sieh,1,0,1
siehst,0,1,1
siem,0,1,1
siemens,4,1,5
siempre,3,7,10
sien,2,0,2
siena,2,2,4
sience,5,2,7
siencey,0,1,1
sienna,5,12,17
siennica,1,0,1
siente,1,1,2
siento,23,11,34
sientoo,1,0,1
siera,1,2,3
sierra,26,35,61
sierracharts,0,1,1
sierrah,0,1,1
sierralink,0,1,1
sierras,1,2,3
sierre,0,2,2
sierrrraaaa,0,1,1
sies,0,1,1
siesta,15,24,39
siestaca,0,1,1
siestas,1,1,2
sietar,0,1,1
siete,1,0,1
sieto,1,0,1
sieu,1,0,1
sieur,0,1,1
sieve,3,1,4
sievert,0,1,1
sievie,0,1,1
sieviete,0,1,1
siew,2,1,3
siewmai,1,0,1
sieze,1,1,2
siezed,2,0,2
sif,8,7,15
sifatnya,0,1,1
sife,0,3,3
siff,3,5,8
sifocated,1,0,1
sifr,2,2,4
sifra,1,0,1
sift,6,2,8
sifted,1,1,2
sifting,9,1,10
sifu,0,3,3
sify,1,1,2
sig,25,26,51
siga,0,2,2
sigan,0,1,1
sigaret,0,1,1
sigarets,0,1,1
sigature,1,0,1
sigauney,1,0,1
sigauneys,1,0,1
sigb,1,0,1
sige,3,22,25
sigel,1,1,2
sigendud,0,2,2
sigenual,0,1,1
sigerson,1,0,1
sigfred,0,1,1
sigg,1,2,3
siggestion,0,1,1
sigggh,1,0,1
siggghh,1,0,1
siggghhh,2,0,2
siggghhhhh,0,1,1
sigghh,1,0,1
sigghhh,2,0,2
sigghhhh,0,1,1
siggi,0,1,1
siggie,0,2,2
siggies,0,1,1
siggoeshere,1,0,1
siggraph,1,2,3
siggy,3,5,8
siggys,0,1,1
sigh,3028,623,3651
sighed,3,2,5
sighface,1,0,1
sighh,33,7,40
sighhh,26,4,30
sighhhh,21,3,24
sighhhhh,5,0,5
sighhhhhh,3,1,4
sighhhhhhh,1,0,1
sighhhhhhhh,1,0,1
sighhhhhhhhhhhhh,1,0,1
sighhhhhhhhhhhhhhhhhh,1,0,1
sighhhhhhhhhhhhhhhhhhhhhhhhhhhhhh,1,0,1
sighin,1,0,1
sighing,5,4,9
sighinggggg,1,0,1
sighisoara,1,0,1
sighn,2,1,3
sighned,1,1,2
sighning,0,1,1
sighs,220,61,281
sighsigh,1,0,1
sighsighsigh,2,0,2
sighss,3,0,3
sight,198,153,351
sighted,7,3,10
sightedness,1,0,1
sighthound,0,1,1
sighting,21,8,29
sightings,18,7,25
sightread,1,1,2
sightreading,1,1,2
sightreads,0,1,1
sights,18,27,45
sightsee,2,1,3
sightseeing,6,20,26
sightseers,0,1,1
sighttt,1,0,1
sighz,2,0,2
sigi,0,1,1
sigil,1,2,3
sigillo,2,0,2
siging,1,1,2
sigining,1,0,1
sigint,2,5,7
sigit,2,0,2
sigjeans,6,8,14
siglap,2,0,2
siglo,0,2,2
sigma,19,18,37
sigmas,1,1,2
sigmundfreud,1,0,1
sign,1115,1055,2170
signage,2,4,6
signal,262,78,340
signaled,0,1,1
signalflare,1,0,1
signaling,1,1,2
signall,2,0,2
signalling,3,1,4
signalnoise,0,2,2
signals,22,16,38
signature,44,47,91
signatureee,0,1,1
signatures,10,12,22
signe,0,2,2
signed,434,545,979
signer,3,1,4
signes,1,0,1
signet,1,0,1
signial,1,0,1
signiatures,0,1,1
significance,7,5,12
significant,39,30,69
significantly,18,14,32
significent,1,0,1
signifies,2,1,3
signifigant,2,0,2
signifigantly,1,0,1
signify,0,4,4
signin,9,12,21
signing,305,385,690
signingin,1,0,1
signings,28,11,39
signinq,0,2,2
signiture,2,0,2
signitures,1,0,1
signlet,1,0,1
signn,1,4,5
signned,0,1,1
signng,0,1,1
signnnn,1,0,1
signoff,1,3,4
signofthetimes,1,0,1
signorita,0,1,1
signout,0,2,2
signouts,1,0,1
signpost,1,1,2
signs,145,136,281
signsthatyourcomputerisaging,1,0,1
signtseeing,0,1,1
signum,0,1,1
signup,14,18,32
signupfail,1,0,1
signups,5,5,10
sigo,5,2,7
sigoura,0,1,1
sigourney,1,2,3
sigrho,0,1,1
sigrid,2,2,4
sigs,1,1,2
sigsvr,1,0,1
sigtor,1,0,1
sigtran,0,1,1
sigue,1,0,1
sigueee,1,0,1
siguen,1,0,1
sigues,1,1,2
siguiendo,1,1,2
siguis,1,0,1
sigur,6,18,24
sigurado,0,1,1
siguradong,0,1,1
sigurdsgatan,0,1,1
siguro,3,10,13
sigy,0,1,1
sih,36,31,67
sihh,0,2,2
sihing,0,1,1
sihomo,0,1,1
sihouettes,0,1,1
siht,1,0,1
sihui,1,0,1
sii,8,7,15
siiccck,1,0,1
siick,22,3,25
siickk,1,0,1
siickkk,3,0,3
siickness,1,0,1
siigh,3,0,3
siighhhh,1,0,1
siih,1,0,1
siihh,1,0,1
siii,1,3,4
siiicccckkkkk,0,1,1
siiiccckkk,1,0,1
siiiccckkkk,0,1,1
siiicck,1,0,1
siiicckk,0,1,1
siiicckkk,0,1,1
siiick,12,2,14
siiickkkkkk,0,1,1
siiigh,12,3,15
siiighh,1,0,1
siiighhh,0,1,1
siiighsighsighhhh,1,0,1
siiih,1,0,1
siiiiccckk,0,1,1
siiiiccckkkk,1,0,1
siiiicckkkkkk,1,0,1
siiiick,18,4,22
siiiickk,1,1,2
siiiigh,5,1,6
siiiighhhh,0,1,1
siiiighs,1,0,1
siiiih,1,0,1
siiiii,0,2,2
siiiiick,11,0,11
siiiiigh,5,1,6
siiiiih,2,0,2
siiiiii,1,0,1
siiiiiick,6,2,8
siiiiiickkk,1,0,1
siiiiiide,1,1,2
siiiiiigh,2,0,2
siiiiiiicccckkkk,1,0,1
siiiiiiick,5,0,5
siiiiiiii,0,1,1
siiiiiiiick,3,1,4
siiiiiiiigh,1,0,1
siiiiiiiiick,1,1,2
siiiiiiiiickly,1,0,1
siiiiiiiiii,1,0,1
siiiiiiiiiiccckkk,1,0,1
siiiiiiiiiiick,1,0,1
siiiiiiiiiiiiiick,1,0,1
siiiiiiiiiiiiiiiiiiiiiiick,1,0,1
siiiiiiiiiiiiiiiiiiiiiiiiigh,1,0,1
siiiiiiiiiiiiiiiiiiiiiiiiiiiick,1,0,1
siiiiiiiiiisssss,1,0,1
siiiiiiiikeeee,0,1,1
siiiiiiike,1,0,1
siiiiike,3,0,3
siiiiimmmmsssss,1,0,1
siiiiin,0,1,1
siiiike,0,1,1
siiiikeee,0,1,1
siiiis,0,1,1
siiiistah,1,0,1
siiiite,0,1,1
siiiiyh,1,0,1
siiik,1,1,2
siiike,1,1,2
siiing,0,1,1
siiink,1,0,1
siiinnn,1,0,1
siik,0,1,1
siikkk,1,0,1
siilly,0,1,1
siim,1,1,2
siin,1,0,1
siince,1,0,1
siing,0,1,1
siingle,1,1,2
siip,0,1,1
siirrr,1,0,1
siis,0,1,1
siissterr,0,1,1
siistaa,0,1,1
siister,1,0,1
siiting,3,0,3
siitter,1,0,1
siitttttinng,1,0,1
siituatiion,0,1,1
siix,0,1,1
sijambo,0,1,1
sijazoea,1,0,1
siju,0,1,1
sik,27,5,32
sikaflex,1,0,1
sikander,0,1,1
sikat,1,3,4
sikda,1,0,1
sike,24,25,49
siked,3,12,15
sikeee,0,1,1
sikeeee,0,1,1
sikh,0,1,1
sikhine,0,1,1
sikhlam,0,1,1
sikit,4,3,7
sikk,7,2,9
sikka,1,0,1
sikkim,0,2,2
sikkk,0,1,1
sikkkeee,0,1,1
sikky,1,0,1
siksa,1,0,1
siksmh,1,0,1
sikth,1,0,1
sikulala,0,1,1
sikwate,0,1,1
siky,1,0,1
sil,24,29,53
sila,12,8,20
silah,0,2,2
silahkan,0,1,1
silakarma,0,1,1
silampari,0,1,1
silang,2,0,2
silap,0,1,1
silas,3,6,9
silascms,0,1,1
silat,1,0,1
silawny,1,0,1
silber,2,0,2
silbermond,0,1,1
silcence,0,1,1
sild,4,0,4
sile,0,2,2
silee,0,1,1
silence,166,146,312
silenced,2,7,9
silenceee,1,0,1
silenceistheenemy,1,0,1
silencer,2,0,2
silencers,0,1,1
silences,1,0,1
silencing,1,0,1
silencio,0,1,1
silens,0,1,1
silent,135,112,247
silentcay,1,0,1
silenthill,1,0,1
silently,13,11,24
siler,0,1,1
silesian,0,1,1
silfra,0,1,1
silght,1,0,1
silhouette,0,5,5
silhouetted,0,1,1
silhouettes,0,3,3
silhouetto,0,1,1
silica,0,1,1
silicon,10,9,19
siliconbeach,1,1,2
silicone,3,5,8
silience,1,0,1
sililent,1,0,1
silithus,0,1,1
siliverlight,0,1,1
silk,24,35,59
silkair,1,0,1
silkcharm,1,2,3
silke,1,1,2
silkfair,4,3,7
silki,0,1,1
silkie,1,0,1
silkies,1,1,2
silkroad,2,0,2
silks,0,1,1
silkscreen,2,0,2
silkscreening,1,0,1
silksheets,1,0,1
silkwood,1,1,2
silkworm,0,1,1
silkworms,1,0,1
silky,11,18,29
silkymatte,1,0,1
sill,26,10,36
sillay,1,0,1
sille,0,1,1
sillier,1,1,2
sillies,0,2,2
silliest,2,6,8
silliman,1,1,2
silliness,4,16,20
silllllllllay,0,1,1
sillllllly,0,1,1
sillllly,1,1,2
silllly,1,4,5
sillly,2,1,3
sillon,1,0,1
sillouette,1,0,1
sillu,1,0,1
silly,697,938,1635
sillyboy,0,2,2
sillybutt,1,0,1
sillyface,0,1,1
sillygoose,0,1,1
sillyheads,0,1,1
sillyness,4,2,6
sillyputty,0,1,1
sillys,0,1,1
sillysaturday,0,1,1
sillystring,0,1,1
sillysully,1,0,1
sillywilly,0,1,1
sillyy,0,1,1
sillyyy,1,0,1
sillyyyy,1,0,1
silne,0,1,1
silo,1,0,1
siloam,1,0,1
silohette,1,0,1
siloso,2,0,2
silva,14,10,24
silvan,0,1,1
silvana,0,1,1
silvanadom,0,1,1
silvano,0,1,1
silve,1,0,1
silveira,1,0,1
silver,175,174,349
silvera,2,0,2
silverad,0,1,1
silverado,1,3,4
silverback,0,1,1
silverbolt,2,0,2
silverburn,2,4,6
silvercamp,0,1,1
silverchair,0,3,3
silvercity,0,1,1
silverdale,0,3,3
silverdocs,1,0,1
silverfish,5,0,5
silverfox,0,1,1
silverlake,5,5,10
silverlakes,1,0,1
silverleaf,1,0,1
silverlens,1,0,1
silverlight,34,22,56
silverman,3,6,9
silvermannnnn,0,1,1
silvers,3,6,9
silversea,0,1,1
silverside,0,2,2
silversmithing,1,0,1
silversping,0,1,1
silverstar,0,1,1
silverstate,1,0,1
silverstein,7,15,22
silversteins,0,2,2
silverstien,0,1,1
silverstone,97,24,121
silverstones,1,0,1
silverstream,1,0,1
silverstripe,0,1,1
silversun,7,3,10
silvertail,0,1,1
silverton,1,1,2
silvertone,1,0,1
silvertsein,0,1,1
silverware,3,4,7
silverwater,0,1,1
silverwear,1,0,1
silverwing,0,1,1
silverwolf,0,1,1
silverwood,2,0,2
silvery,2,3,5
silvestein,0,1,1
silvester,0,2,2
silvestre,0,1,1
silvi,1,0,1
silvia,0,10,10
silvio,1,4,5
sily,1,2,3
sim,179,135,314
simailar,0,1,1
simalarity,0,1,1
simamente,0,1,1
siman,1,0,1
simard,1,0,1
simatai,0,1,1
simatupang,1,0,1
simba,19,6,25
simbacat,2,0,2
simbawe,1,0,1
simbe,1,0,1
simbian,1,0,1
simbly,0,1,1
simboad,0,1,1
simcard,6,1,7
simcards,1,0,1
simcat,1,0,1
simce,1,1,2
simcity,3,2,5
simcoe,1,1,2
simcookie,0,1,1
sime,0,1,1
simei,2,2,4
simek,0,1,1
simens,1,0,1
simeon,1,1,2
simeonhobbes,3,0,3
simera,1,1,2
simferopol,0,1,1
simfiles,1,0,1
simfinger,1,0,1
simflight,1,0,1
simfriend,2,2,4
simi,8,8,16
simian,1,1,2
similac,2,1,3
similair,1,0,1
similar,186,317,503
similarities,2,10,12
similarity,7,5,12
similarly,9,6,15
simile,1,0,1
similey,0,1,1
similiar,4,8,12
similie,0,1,1
similing,1,0,1
similitude,1,0,1
simin,0,1,1
simla,1,1,2
simle,1,2,3
simliar,0,1,1
simling,0,1,1
simlish,0,1,1
simlock,1,0,1
simlpe,0,2,2
simm,0,2,2
simma,1,0,1
simmah,0,1,1
simmed,2,0,2
simmer,5,7,12
simmered,2,0,2
simmering,4,3,7
simmers,0,1,1
simmies,0,1,1
simming,1,5,6
simmipreet,0,1,1
simmon,0,1,1
simmonds,1,0,1
simmone,1,0,1
simmonite,1,0,1
simmons,11,28,39
simmonsor,0,1,1
simmos,1,1,2
simms,0,3,3
simmy,1,0,1
simo,2,2,4
simole,0,1,1
simoleans,0,1,1
simoleons,1,0,1
simon,136,189,325
simona,0,3,3
simonaaa,0,1,1
simone,17,31,48
simonee,0,1,1
simones,0,1,1
simoni,0,1,1
simonla,1,0,1
simonmitchell,0,1,1
simons,4,10,14
simonstown,1,0,1
simonthesnowman,1,0,1
simonvreeman,0,1,1
simooon,0,1,1
simovic,1,0,1
simoya,0,1,1
simp,2,3,5
simpan,2,0,2
simpang,1,2,3
simpathetic,1,0,1
simpathy,1,0,1
simpathyc,0,1,1
simpati,1,0,1
simpatia,0,1,1
simpatic,0,1,1
simpatico,0,4,4
simpatika,0,1,1
simpe,0,1,1
simpelt,0,1,1
simpenin,0,1,1
simpike,1,0,1
simpin,0,1,1
simpl,1,0,1
simple,298,812,1110
simpleer,0,1,1
simplement,0,1,1
simpleness,0,1,1
simpleology,0,1,1
simplepie,0,1,1
simpleplan,2,11,13
simpler,16,22,38
simples,3,7,10
simpleseating,0,1,1
simplesid,0,1,1
simplesmente,0,1,1
simplest,6,10,16
simpletask,0,1,1
simpleton,0,1,1
simpletons,0,2,2
simpletownusa,0,20,20
simpletracking,2,0,2
simplex,0,1,1
simplexity,0,1,1
simplicity,14,32,46
simplier,0,1,1
simplification,0,1,1
simplified,3,4,7
simplifies,1,1,2
simplify,3,10,13
simplifying,0,5,5
simplistic,2,1,3
simply,201,367,568
simplyasia,1,0,1
simplycast,1,0,1
simplydrop,0,1,1
simplyhip,0,1,1
simplyunperfect,0,1,1
simprograms,0,1,1
simpsoms,1,0,1
simpson,30,39,69
simpsonize,0,1,1
simpsonized,1,0,1
simpsonizeme,0,1,1
simpsons,48,114,162
simpsonsss,1,0,1
simpsonville,1,0,1
simran,0,1,1
sims,1381,1153,2534
simsdream,0,1,1
simself,1,1,2
simseth,1,0,1
simsi,1,0,1
simsies,1,0,1
simsima,0,1,1
simsnya,1,0,1
simsocial,1,1,2
simson,1,0,1
simsonline,1,0,1
simspon,1,0,1
simspons,1,0,1
simss,0,1,1
simsspeak,0,1,1
simsss,0,1,1
simssss,1,0,1
simsssss,1,0,1
simsyn,0,1,1
simt,0,1,1
simuilar,1,0,1
simul,1,0,1
simula,0,1,1
simulado,1,0,1
simular,1,0,1
simulasi,1,0,1
simulate,0,2,2
simulated,4,1,5
simulates,0,1,1
simulating,2,1,3
simulation,5,7,12
simulations,2,2,4
simulatneously,1,0,1
simulator,9,7,16
simulators,1,0,1
simulcast,1,0,1
simulcasts,1,0,1
simulink,1,0,1
simulntaneously,0,1,1
simultaenously,0,1,1
simultaneous,9,10,19
simultaneously,11,26,37
simultaniously,0,2,2
simx,2,0,2
simz,1,2,3
sin,85,79,164
sina,7,7,14
sinaar,0,1,1
sinabi,1,2,3
sinabihan,1,0,1
sinabing,1,0,1
sinacise,1,0,1
sinaeds,1,0,1
sinai,6,4,10
sinal,3,0,3
sinampay,0,1,1
sinanagins,1,0,1
sinangag,0,1,1
sinapore,1,0,1
sinaporean,0,1,1
sinar,1,0,1
sinarko,1,0,1
sinasabi,0,2,2
sinasabihan,0,1,1
sinasagot,0,1,1
sinat,1,0,1
sinatra,6,24,30
sinatras,1,2,3
sinbad,2,2,4
sinc,5,5,10
since,5891,3556,9447
sinced,2,0,2
sincee,0,2,2
sinceee,0,1,1
sinceer,0,1,1
sinceras,0,1,1
sincere,25,51,76
sincerely,29,32,61
sincerelyangela,1,0,1
sincerelyciara,0,2,2
sincerelyjack,0,1,1
sincerelysally,0,2,2
sincerelysindee,0,1,1
sincerest,1,8,9
sincerethank,0,1,1
sincerity,0,2,2
sincerley,0,1,1
sinces,1,0,1
sinceshe,1,0,1
sinch,1,0,1
sincho,1,0,1
sincity,1,0,1
sinclair,5,7,12
sinclar,1,0,1
sincroniza,0,1,1
sincsenek,0,1,1
sincw,1,0,1
sincwe,1,0,1
sind,9,16,25
sinday,1,2,3
sindays,1,0,1
sindaze,0,1,1
sindeelee,0,1,1
sindhi,0,1,1
sindhis,0,1,1
sindhu,0,1,1
sindned,0,1,1
sindo,2,1,3
sindre,1,1,2
sindrom,1,0,1
sindy,1,1,2
sine,9,10,19
sinead,5,6,11
sineads,4,0,4
sineady,0,1,1
sinear,1,0,1
sinebrychoff,0,1,1
sineing,0,1,1
sinem,0,1,1
sinema,1,0,1
sinese,0,1,1
sinesend,1,0,1
sineseryes,0,1,1
sinestro,0,1,1
sinetron,2,3,5
sinfest,2,1,3
sinfonia,1,1,2
sinformally,0,1,1
sinful,8,8,16
sinfully,1,3,4
sing,661,1099,1760
singa,1,2,3
singabooooreeeeeedddd,1,0,1
singaland,0,1,1
singalong,9,17,26
singalongfriday,0,2,2
singalongs,1,2,3
singals,1,0,1
singaore,1,0,1
singapor,1,0,1
singapore,257,237,494
singaporean,6,8,14
singaporeans,2,5,7
singaporedentist,0,1,1
singaporee,1,0,1
singaporeee,2,2,4
singaporeeee,0,2,2
singapre,1,0,1
singapur,1,0,1
singapura,1,3,4
singaw,2,0,2
singcham,0,1,1
singe,1,0,1
singed,10,8,18
singeer,0,1,1
singeing,1,0,1
singel,2,5,7
singen,0,1,1
singer,133,383,516
singerr,1,1,2
singers,22,69,91
singfest,2,0,2
singg,2,0,2
singgah,1,0,1
singgasana,1,0,1
singgg,0,1,1
singggg,1,0,1
singging,0,1,1
singh,4,14,18
singha,1,2,3
singhbca,1,0,1
singiiiiing,0,1,1
singin,28,55,83
singindork,1,0,1
singing,616,1234,1850
singingg,0,2,2
singinggg,0,2,2
singingggg,0,1,1
singinngg,0,1,1
singit,1,0,1
singl,1,0,1
single,956,933,1889
singleage,0,1,1
singled,3,1,4
singledom,2,1,3
singlee,1,2,3
singlefeed,0,1,1
singlehandedly,1,2,3
singlehood,0,2,2
singlemalt,0,1,1
singleminded,1,0,1
singlemuslim,1,0,1
singlepayer,1,1,2
singleplayer,0,2,2
singles,35,56,91
singlespeed,0,2,2
singlet,4,6,10
singletails,0,1,1
singleton,3,1,4
singletrack,1,1,2
singlets,1,1,2
singlish,0,3,3
singlllleeeee,0,1,1
singmealullaby,1,0,1
singmeasmile,1,0,1
singn,1,1,2
singng,2,1,3
singoffs,0,1,1
singpost,1,1,2
sings,67,169,236
singshaystar,0,1,1
singsong,0,1,1
singsongs,0,1,1
singsongy,0,1,1
singst,0,2,2
singstar,16,32,48
singstaring,0,2,2
singstarred,1,0,1
singstars,1,0,1
singtel,7,1,8
singtree,0,1,1
singulair,2,0,2
singular,2,4,6
singularity,4,8,12
singularly,1,2,3
singup,1,0,1
singur,1,0,1
singurul,0,2,2
singy,0,2,2
singz,0,2,2
sinh,3,3,6
sinhagad,1,0,1
sinhala,1,1,2
sinhalenfoss,0,2,2
sinhalese,0,1,1
sini,5,8,13
sinic,0,1,1
sinical,0,1,1
sinigang,6,7,13
sinigng,0,1,1
sinility,0,1,1
sining,1,3,4
sinipag,0,1,1
sinise,2,1,3
sinister,7,23,30
sinistercupcake,0,1,1
sinistersaturday,0,1,1
sink,136,74,210
sinker,0,2,2
sinkers,2,0,2
sinkin,2,1,3
sinking,61,14,75
sinknet,1,0,1
sinks,15,3,18
sinksefoor,0,1,1
sinky,1,0,1
sinn,2,3,5
sinnamonlove,0,1,1
sinnd,1,0,1
sinnections,0,1,1
sinned,9,1,10
sinnemaa,0,1,1
sinner,4,8,12
sinnerman,0,1,1
sinners,4,6,10
sinnerz,0,1,1
sinnfrei,0,1,1
sinngeerr,1,0,1
sinning,2,4,6
sinnister,0,1,1
sinnlose,1,0,1
sinnn,0,1,1
sinnnnngggggg,1,0,1
sinnot,0,1,1
sinnott,0,1,1
sinns,0,1,1
sino,9,13,22
sinon,1,3,4
sinong,1,2,3
sinonothin,1,0,1
sinotechfib,0,1,1
sinq,0,1,1
sinqinq,1,0,1
sinqul,1,0,1
sins,13,25,38
sinse,1,3,4
sinseh,0,1,1
sinsintome,1,0,1
sinsusitis,1,0,1
sint,1,2,3
sinta,0,1,1
sintam,1,0,1
sinths,0,1,1
sintio,1,0,1
sinto,2,0,2
sintok,0,1,1
sintra,1,1,2
sinu,0,1,1
sinufix,0,1,1
sinumpong,1,0,1
sinus,246,26,272
sinuses,91,11,102
sinusesss,1,0,1
sinusidas,1,0,1
sinusitis,9,1,10
sinusitus,1,0,1
sinusy,1,0,1
sinutab,1,0,1
sio,4,2,6
sioausioauisuio,0,1,1
siob,1,0,1
siobanna,1,0,1
siobhan,4,10,14
sioc,0,2,2
siociology,1,0,1
sioco,0,1,1
siofok,1,0,1
siols,1,0,1
siomai,1,6,7
siomething,0,1,1
sion,1,5,6
siong,1,0,1
siopa,0,1,1
siopao,1,2,3
sios,1,0,1
siostra,0,1,1
siot,0,1,1
sioux,7,5,12
siouxsie,2,7,9
siouxsinner,0,1,1
siouxue,0,1,1
siovash,2,0,2
sip,45,74,119
sipa,1,0,1
sipadan,0,1,1
sipag,0,1,1
sipalay,1,0,1
sipcy,0,1,1
sipgate,1,0,1
sipi,0,1,1
sipin,0,1,1
sipit,1,0,1
siponyo,1,0,1
sipp,2,1,3
sipped,1,3,4
sipper,2,0,2
sippers,0,1,1
sippi,1,0,1
sippin,21,60,81
sipping,55,128,183
sippinn,0,1,1
sipple,0,1,1
sippn,1,0,1
sipps,0,1,1
sippy,3,4,7
sips,9,9,18
sipsip,0,1,1
siq,2,1,3
siqh,1,0,1
siqn,0,1,1
siqned,1,1,2
siqninq,1,1,2
siqq,0,1,1
siqriq,1,0,1
siquijor,0,2,2
sir,234,800,1034
sira,4,1,5
siracha,0,1,1
siracusa,0,1,1
sirah,0,6,6
siralan,1,0,1
siralun,0,1,1
siram,1,0,1
sirang,1,0,1
siraulo,1,0,1
sirdan,1,0,1
sirdaniels,0,1,1
sirdar,1,0,1
sirdark,0,1,1
sire,1,7,8
siree,0,2,2
sireeta,0,1,1
siren,13,13,26
sirena,0,1,1
sirene,0,1,1
sirenes,0,1,1
sirenia,0,2,2
sirens,40,11,51
sirensgoin,1,0,1
sirf,0,1,1
sirgoose,2,0,2
sirhc,0,1,1
sirhumpalot,0,1,1
siri,2,1,3
siries,0,1,1
siril,0,1,1
sirimanne,1,0,1
sirimavo,0,1,1
siris,0,1,1
sirius,39,30,69
siriusly,1,1,2
siriusxm,2,2,4
sirjee,0,2,2
sirji,1,1,2
sirkka,1,0,1
sirkus,1,0,1
sirloin,5,3,8
sirloine,0,1,1
sirm,0,1,1
siro,1,0,1
sirois,0,1,1
sirop,1,0,1
sirous,1,0,1
sirpengi,0,1,1
sirr,1,1,2
sirrah,0,1,1
sirriano,0,1,1
sirrr,0,2,2
sirrrr,0,1,1
sirrrree,0,1,1
sirrus,1,0,1
sirs,1,7,8
sirsohigh,0,1,1
sirtaki,0,1,1
sirtis,0,1,1
sirupywandif,0,1,1
sirve,4,0,4
sirvere,0,1,1
sirvive,1,0,1
sirxia,0,1,1
sis,917,1065,1982
sisa,0,3,3
sisanya,0,1,1
sisas,0,1,1
sisch,0,3,3
sischer,1,0,1
sisco,0,2,2
sisdeways,0,1,1
sise,0,1,1
siser,1,2,3
sises,0,1,1
sisestan,1,0,1
sish,1,0,1
sisha,1,0,1
sisi,3,6,9
sisig,1,1,2
sisiter,0,2,2
sisiw,1,0,1
sisk,1,0,1
siska,0,2,2
siskel,1,0,1
siskey,0,1,1
siskin,1,0,1
sisko,0,1,1
sisky,2,4,6
sisnging,1,0,1
sisnlaw,1,0,1
sison,2,0,2
sispyr,0,1,1
sisqo,3,2,5
siss,5,8,13
sissay,1,0,1
sisser,1,1,2
sisses,0,1,1
sissey,1,0,1
sissi,1,0,1
sissie,0,3,3
sissies,3,6,9
sissiy,1,0,1
sisso,0,1,1
sissonville,1,0,1
sissorhands,1,0,1
sissors,0,3,3
sisss,2,1,3
sissss,0,3,3
sisssssss,1,0,1
sissssssssssssssssy,0,1,1
sissssy,0,1,1
sissstaa,0,1,1
sisssterrrrr,1,0,1
sisssy,0,1,1
sisssyyyy,1,0,1
sisster,1,0,1
sissters,1,0,1
sissy,86,101,187
sissydawnie,0,1,1
sissyin,0,1,1
sissypoo,0,1,1
sissys,3,7,10
sissyy,0,1,1
sissyyyy,1,0,1
sist,16,19,35
sista,46,79,125
sistaa,0,2,2
sistaaa,0,3,3
sistaaaa,0,1,1
sistaaaaaa,0,1,1
sistaaaaaaa,0,1,1
sistaaaaaaaaaaaa,0,1,1
sistaaaah,0,1,1
sistaaar,1,0,1
sistagurl,0,1,1
sistah,15,17,32
sistahhh,0,3,3
sistahhhh,0,2,2
sistahhhhhhhhhhhhh,1,0,1
sistahood,1,0,1
sistahs,2,7,9
sistas,6,14,20
sistassss,0,1,1
siste,1,0,1
sisteer,0,1,1
sistem,2,4,6
sistematis,1,0,1
sister,2114,2081,4195
sisteract,0,2,2
sisteraround,0,1,1
sisterbear,0,1,1
sisterchicks,1,0,1
sisterchild,0,1,1
sisterella,0,1,1
sisterettes,0,1,1
sisterhood,12,40,52
sisterinlaw,1,0,1
sisterinlaws,1,0,1
sisterjust,0,1,1
sisterly,3,4,7
sisterlyy,1,0,1
sisterness,0,1,1
sisterr,3,5,8
sisterrr,5,3,8
sisterrrr,1,3,4
sisterrrrrr,0,1,1
sisterrrrrrrrrrrrrr,0,1,1
sisters,472,529,1001
sisterss,0,1,1
sistersss,1,0,1
sistertime,1,0,1
sisterwiththeperfectbody,1,0,1
sisterz,0,1,1
sisthren,0,1,1
sistine,0,1,1
sisting,0,1,1
sisto,1,1,2
sistr,1,0,1
sistren,1,0,1
sistrs,0,1,1
sistsas,1,0,1
sistter,1,0,1
sistuh,0,2,2
sistur,1,0,1
sistuuurrrrrr,1,0,1
sisx,2,0,2
sisyer,1,0,1
sisyphean,1,0,1
sisyphus,1,0,1
sit,1073,824,1897
sita,3,1,4
sitar,2,2,4
sitatatirulala,1,0,1
sitauation,1,0,1
sitaw,0,1,1
sitc,1,3,4
sitch,2,4,6
sitcom,8,14,22
sitcoms,3,5,8
sitdown,0,2,2
site,1812,2385,4197
siteadvisor,1,0,1
sitecom,1,0,1
sitecore,1,1,2
sited,2,1,3
sitee,0,1,1
siteeeee,0,1,1
sitefinity,1,2,3
siteflex,0,1,1
siteground,1,0,1
siteing,0,1,1
sitel,1,0,1
siteless,4,0,4
sitelinks,0,1,1
sitemap,3,0,3
sitemaps,0,3,3
sitemesh,0,1,1
sitemeter,0,1,1
sitemodel,0,1,1
sitemodeling,0,1,1
sitenin,1,0,1
siteowner,2,0,2
sitepoint,0,2,2
siter,1,0,1
siterip,1,0,1
siters,0,1,1
sites,335,330,665
siteseein,0,1,1
siteseeing,0,1,1
sitespect,0,1,1
sitesucker,0,1,1
sitewarming,0,2,2
sitey,0,1,1
sitges,0,2,2
sith,5,4,9
sithcamaro,1,0,1
sithu,1,0,1
siti,7,1,8
sitig,1,0,1
sitik,0,1,1
sitimg,1,0,1
sitin,3,2,5
siting,18,14,32
sitio,1,1,2
sitisara,1,0,1
sitka,0,1,1
sitl,0,1,1
sitll,7,5,12
sitn,7,4,11
sito,1,0,1
sits,57,50,107
sitt,3,2,5
sitta,1,0,1
sitten,4,3,7
sitter,84,17,101
sitters,5,4,9
sittig,2,0,2
sittiin,1,0,1
sittiing,1,0,1
sittiinggg,1,0,1
sittin,325,212,537
sitting,3036,2275,5311
sittingg,1,1,2
sittinggg,1,0,1
sittingggg,1,0,1
sittingin,1,0,1
sittining,0,1,1
sittinq,3,1,4
sittinqq,0,1,1
sittiphol,0,1,1
sittle,1,0,1
sittn,12,3,15
sittng,2,1,3
sittor,0,1,1
sitttin,1,0,1
sittting,4,2,6
sitttting,1,0,1
sittttting,0,1,1
sittups,1,0,1
sitty,2,0,2
situ,1,3,4
situa,1,0,1
situaltions,0,1,1
situated,5,6,11
situation,475,189,664
situational,1,0,1
situationn,1,0,1
situations,50,49,99
situatn,1,0,1
situpps,0,1,1
situps,5,7,12
situpts,0,1,1
situs,1,0,1
situsnya,1,0,1
situtation,1,1,2
situtations,1,0,1
sitzung,0,1,1
siu,2,5,7
siuc,0,1,1
siue,1,0,1
siuhgs,1,0,1
siuk,2,2,4
siul,0,1,1
siuns,0,1,1
siut,0,1,1
siva,1,1,2
sivam,0,1,1
sivans,0,1,1
sivasana,1,0,1
sivasspor,1,0,1
sivers,0,1,1
sives,1,0,1
siwa,0,1,1
siwfty,0,1,1
siwgr,1,0,1
siwon,1,1,2
siwwy,0,1,1
siwy,0,2,2
six,512,474,986
sixandahalfst,0,1,1
sixarms,0,1,1
sixaxis,1,0,1
sixburgh,0,1,1
sixdegrees,0,1,1
sixer,0,4,4
sixers,3,1,4
sixes,0,1,1
sixfeetunder,1,0,1
sixfeetunderthestars,1,0,1
sixfifteen,1,0,1
sixflags,4,9,13
sixftoffground,0,1,1
sixgroups,0,1,1
sixmonths,0,1,1
sixpack,1,0,1
sixpence,1,1,2
sixt,1,0,1
sixtahs,1,0,1
sixteeeeen,0,1,1
sixteen,25,57,82
sixteenth,2,7,9
sixten,0,1,1
sixters,1,0,1
sixth,42,49,91
sixthform,2,1,3
sixties,2,4,6
sixty,10,10,20
sixtyseven,0,1,1
sixtysix,0,1,1
sixx,4,6,10
sixxersworld,0,1,1
sixxjohn,1,0,1
sixxx,0,1,1
sixy,1,0,1
siy,1,1,2
siya,20,19,39
siyaalll,1,0,1
siyab,0,1,1
siyag,0,1,1
siyah,0,1,1
siyal,0,2,2
siyalan,1,0,1
siyang,2,3,5
siyem,0,1,1
siz,0,1,1
sizable,0,1,1
sizaspam,1,0,1
size,613,389,1002
sizeable,4,2,6
sized,68,72,140
sizee,1,0,1
sizeee,1,0,1
sizekit,1,0,1
sizemore,5,1,6
sizeof,1,1,2
sizes,78,30,108
sizeup,0,1,1
sizewise,0,1,1
sizing,5,2,7
sizor,0,1,1
sizt,0,1,1
sizuuuurp,1,0,1
sizza,0,1,1
sizzies,0,1,1
sizziling,0,1,1
sizzla,1,2,3
sizzlah,1,0,1
sizzle,7,7,14
sizzler,4,11,15
sizzlers,2,0,2
sizzlerz,1,0,1
sizzles,0,3,3
sizzlin,1,3,4
sizzling,5,12,17
sizzlingg,1,0,1
sizzong,0,1,1
sizzy,0,1,1
sj,28,27,55
sja,2,5,7
sjak,0,1,1
sjatje,1,0,1
sjb,2,2,4
sjbc,1,0,1
sjc,6,0,6
sjcc,1,0,1
sjd,1,0,1
sjdf,1,0,1
sjdfas,0,1,1
sjdfklasjfa,1,0,1
sjdignyospgnr,1,0,1
sjdk,0,1,1
sjdlkajgjal,0,1,1
sjdnsowjfk,1,0,1
sje,4,1,5
sjeez,0,1,1
sjeezy,0,1,1
sjf,1,0,1
sjh,0,1,1
sjhudk,1,0,1
sji,1,1,2
sjiejesjo,1,0,1
sjinborn,0,1,1
sjioajiosa,0,1,1
sjips,1,0,1
sjkdfhasdf,1,0,1
sjkfnsuidjhankjgsnd,0,1,1
sjm,1,0,1
sjmc,1,0,1
sjmcccc,0,1,1
sjms,0,1,1
sjnims,0,1,1
sjo,1,1,2
sjocoholic,0,1,1
sjp,1,3,4
sjs,0,2,2
sjsu,3,3,6
sjtc,0,1,1
sju,0,1,1
sjuans,0,1,1
sjustnotthatintoyou,1,0,1
sjv,0,1,1
sk,46,44,90
ska,11,24,35
skaaaank,1,0,1
skaar,0,1,1
skaate,1,0,1
skacore,0,1,1
skad,0,2,2
skaddadle,0,1,1
skadet,0,1,1
skadoodle,0,1,1
skadoosh,0,1,1
skadworldwide,0,1,1
skaggs,1,1,2
skagit,1,0,1
skagway,0,1,1
skaifey,0,1,1
skait,0,1,1
skake,0,1,1
skale,1,0,1
skali,1,2,3
skalian,0,1,1
skalii,1,0,1
skally,1,0,1
skalped,1,0,1
skamania,1,0,1
skams,0,1,1
skandal,0,2,2
skandar,1,1,2
skander,1,1,2
skane,0,1,1
skaneateles,0,1,1
skank,22,31,53
skanked,0,2,2
skankees,0,1,1
skankface,0,1,1
skankie,1,0,1
skankin,1,1,2
skanking,2,3,5
skanks,7,7,14
skankss,1,0,1
skanky,11,13,24
skappy,1,0,1
skar,0,2,2
skarang,0,3,3
skared,2,0,2
skarf,1,0,1
skarsg,0,1,1
skarsgaed,1,0,1
skarsgard,0,4,4
skarsgardsshi,1,0,1
skate,134,99,233
skateboard,49,25,74
skateboarded,0,1,1
skateboarder,0,3,3
skateboarders,0,1,1
skateboarding,26,10,36
skateboards,4,3,7
skateboardshop,1,0,1
skateboardz,1,0,1
skatebord,0,1,1
skatebording,1,0,1
skated,7,8,15
skateing,1,4,5
skateland,0,3,3
skatepark,6,3,9
skateparks,1,0,1
skateprk,0,2,2
skatepunk,1,0,1
skater,4,12,16
skaterhockey,1,0,1
skaterrr,0,1,1
skaters,6,6,12
skates,20,21,41
skateshop,0,1,1
skatiing,0,1,1
skatin,1,7,8
skating,97,92,189
skatingg,1,0,1
skatinggg,0,1,1
skatinggggg,1,0,1
skatopia,0,1,1
skatting,1,0,1
skbm,0,1,1
skd,2,0,2
skdfjskdlfjs,0,1,1
skdjfhlskdjfh,1,0,1
skdjflksjdljk,1,0,1
ske,0,1,1
skechers,3,2,5
skecth,2,0,2
sked,6,4,10
skedaddle,0,1,1
skee,4,3,7
skeeball,2,3,5
skeedaddled,0,1,1
skeedadle,0,1,1
skeedio,0,1,1
skeeeeeet,0,1,1
skeeeeeeweeeeee,0,1,1
skeeerrrd,0,1,1
skeeetybug,0,1,1
skeelaine,0,1,1
skeelz,1,0,1
skeen,1,0,1
skeep,0,1,1
skeeps,0,1,1
skeered,1,1,2
skees,1,0,1
skeet,3,10,13
skeeter,9,1,10
skeeters,4,1,5
skeeve,1,0,1
skeeved,1,0,1
skeeves,0,1,1
skeevy,2,0,2
skeewee,0,1,1
skeezah,1,1,2
skeezers,1,0,1
skeezy,3,2,5
skeg,1,2,3
skegeelanta,1,0,1
skegg,1,0,1
skeggy,0,1,1
skegness,2,3,5
skein,4,0,4
skeins,0,1,1
skeinstas,0,1,1
skeive,1,0,1
skeksis,1,0,1
skelanimals,1,0,1
skelaxin,0,1,1
skeletal,2,2,4
skeleton,12,10,22
skeletons,1,1,2
skeletonwitch,0,1,1
skeletor,3,0,3
skelf,1,0,1
skellig,0,2,2
skelligs,1,0,1
skellington,0,1,1
skelly,1,0,1
skelter,1,0,1
skelton,0,1,1
skema,0,1,1
skeme,0,1,1
sken,1,0,1
skentelyyn,0,1,1
skepsis,1,0,1
skepta,2,2,4
skeptas,1,0,1
skeptic,4,6,10
skeptical,9,12,21
skeptically,1,2,3
skepticamp,0,1,1
skepticism,1,3,4
skeptics,2,1,3
skeptservative,0,1,1
skeptwiit,2,3,5
skerrit,0,1,1
skes,0,1,1
skessy,0,1,1
sket,2,1,3
sketch,33,66,99
sketchblog,0,1,1
sketchbook,15,15,30
sketchbooking,0,1,1
sketchbooks,3,4,7
sketchbot,1,0,1
sketchcards,0,1,1
sketched,4,5,9
sketchers,1,2,3
sketchersizing,1,0,1
sketches,15,26,41
sketchflow,0,1,1
sketchiest,1,0,1
sketchin,0,1,1
sketching,16,19,35
sketchlehem,0,1,1
sketchly,1,0,1
sketchmasters,1,0,1
sketchng,0,1,1
sketchnight,1,0,1
sketchup,5,7,12
sketchy,28,23,51
sketchys,0,1,1
sketchyville,0,1,1
sketcky,0,1,1
skethflow,1,0,1
sketti,1,4,5
skettles,0,1,1
skeu,1,0,1
skew,1,1,2
skewed,4,4,8
skewer,6,4,10
skewerd,0,1,1
skewered,1,0,1
skewering,0,1,1
skewers,1,4,5
skewl,40,13,53
skewlio,1,0,1
skewll,0,1,1
skewls,1,0,1
skewning,1,0,1
skf,0,1,1
skg,3,2,5
skhgdsj,0,1,1
ski,31,42,73
skia,0,1,1
skiathos,1,0,1
skiatook,0,1,1
skib,2,0,2
skiba,2,0,2
skiball,1,0,1
skid,8,8,16
skidaddle,0,1,1
skidded,3,0,3
skidding,1,0,1
skiddish,1,0,1
skiddles,0,1,1
skidduls,0,1,1
skiddy,1,0,1
skiddz,0,1,1
skided,0,1,1
skidmark,0,1,1
skidmore,1,0,1
skidoo,0,1,1
skidoos,0,1,1
skids,3,1,4
skied,4,0,4
skien,0,2,2
skiers,0,1,1
skies,112,144,256
skiess,0,1,1
skiesss,1,0,1
skiff,1,0,1
skiffle,0,1,1
skiffy,1,0,1
skifree,1,0,1
skigt,0,1,1
skiibop,0,1,1
skiid,0,1,1
skiii,0,1,1
skiiin,1,0,1
skiin,0,1,1
skiinfo,0,2,2
skiing,33,45,78
skiip,0,1,1
skiis,1,1,2
skiitzoo,0,1,1
skikes,0,1,1
skil,0,1,1
skill,38,71,109
skillcape,0,1,1
skilled,11,9,20
skillend,0,1,1
skillerj,1,0,1
skillet,8,20,28
skillettt,0,1,1
skillful,0,1,1
skillfull,0,1,1
skilling,1,1,2
skillit,0,1,1
skillled,0,1,1
skillpath,1,0,1
skills,174,330,504
skillset,0,2,2
skillssssss,0,1,1
skillsusa,1,0,1
skillz,34,38,72
skillzz,1,0,1
skillzzz,1,0,1
skillzzzz,1,3,4
skilm,1,0,1
skils,3,2,5
skilss,1,0,1
skilz,0,1,1
skilzzzz,0,1,1
skim,12,15,27
skimboard,1,0,1
skimboarding,2,2,4
skimchamp,0,1,1
skimlinks,0,1,1
skimmed,5,7,12
skimmer,3,1,4
skimming,7,4,11
skimp,1,3,4
skimped,5,0,5
skimpily,1,0,1
skimpy,3,3,6
skin,586,344,930
skincaner,1,0,1
skincare,6,2,8
skincrawl,0,1,1
skind,1,0,1
skindastrange,1,0,1
skindiggers,0,1,1
skindred,1,0,1
skine,0,1,1
skined,0,1,1
skinemax,0,2,2
skinful,0,1,1
sking,4,0,4
skinhead,3,1,4
skinheads,0,3,3
skink,0,1,1
skinless,3,1,4
skinman,1,0,1
skinmusic,1,0,1
skinn,1,0,1
skinnamarinkydinkydink,1,0,1
skinned,31,13,44
skinner,3,11,14
skinnerian,0,1,1
skinnet,1,0,1
skinney,0,1,1
skinnier,9,4,13
skinnies,10,12,22
skinniest,1,0,1
skinning,4,3,7
skinnnnnnny,1,0,1
skinnnyyyyy,1,0,1
skinny,196,163,359
skinnyblackguy,0,1,1
skinnys,6,4,10
skins,71,86,157
skinss,2,1,3
skinsssss,0,1,1
skinsunday,0,1,1
skint,96,13,109
skintest,1,0,1
skinthiwatt,0,1,1
skintight,2,0,2
skintness,0,1,1
skintone,1,1,2
skintooo,1,0,1
skintooooo,1,0,1
skinty,1,1,2
skinwalkers,0,1,1
skiny,1,3,4
skinz,0,1,1
skip,241,167,408
skipbo,0,1,1
skipd,1,0,1
skiped,1,0,1
skiping,1,3,4
skipit,1,0,1
skiplist,0,1,1
skipp,2,0,2
skipped,114,62,176
skippen,1,0,1
skipper,0,8,8
skipperoo,1,0,1
skippers,0,1,1
skippi,0,1,1
skippin,8,3,11
skipping,143,71,214
skippingggg,0,1,1
skippped,1,0,1
skipppppppp,0,1,1
skippy,6,17,23
skippys,0,1,1
skips,19,13,32
skipt,1,0,1
skipton,3,1,4
skirlaugh,0,1,1
skirmish,2,2,4
skirrid,0,1,1
skirt,123,140,263
skirten,1,0,1
skirting,1,1,2
skirts,27,38,65
skirttt,0,1,1
skis,3,6,9
skischool,0,1,1
skisrt,1,0,1
skissedilla,0,1,1
skit,21,44,65
skitamo,0,1,1
skitch,4,7,11
skiting,1,0,1
skits,9,7,16
skittels,1,0,1
skitter,1,0,1
skittering,1,0,1
skittish,3,2,5
skittle,6,5,11
skittlehead,0,1,1
skittles,63,71,134
skittlez,1,0,1
skittttleee,0,1,1
skitty,1,0,1
skitz,3,0,3
skitzo,2,1,3
skitzy,1,0,1
skiva,0,1,1
skive,5,7,12
skived,1,1,2
skiver,2,1,3
skivies,0,1,1
skiving,2,5,7
skivvies,0,4,4
skivvin,0,1,1
skivving,0,1,1
skivvy,1,1,2
skiway,1,0,1
skizz,0,1,1
skjelett,2,0,2
skjflkd,1,0,1
skk,1,0,1
skkipppppy,0,1,1
skkkkkeeeeeee,0,1,1
skl,56,25,81
sklaklsfdhalkj,0,1,1
sklfkfjldsfjdslfldsfds,1,0,1
sklh,1,2,3
sklhh,1,0,1
skll,1,0,1
sklov,1,0,1
sklx,1,0,1
sklyer,1,0,1
skm,1,0,1
sko,1,2,3
skoal,1,0,1
skockingly,0,1,1
skoda,2,1,3
skodka,0,1,1
skokie,3,2,5
skol,7,1,8
skola,2,1,3
skoll,1,0,1
skoly,1,0,1
skomer,1,1,2
skoo,9,4,13
skoob,0,1,1
skook,2,0,2
skookie,1,0,1
skool,397,177,574
skoolin,0,1,1
skooll,0,1,1
skoollls,0,1,1
skools,9,4,13
skoolss,1,0,1
skooly,1,0,1
skoool,2,6,8
skooool,1,0,1
skooter,0,1,1
skop,0,1,1
skopelos,0,1,1
skopje,0,4,4
skopos,0,1,1
skor,1,0,1
skorea,1,1,2
skorge,1,0,1
skorgee,0,1,1
skorpie,1,0,1
skors,1,0,1
skort,0,2,2
skorts,1,1,2
skoshi,1,0,1
skotch,0,1,1
skott,1,0,1
skowronski,0,1,1
skp,1,1,2
skpe,1,0,1
skphoto,1,0,1
skpye,1,0,1
skqot,0,1,1
skr,1,3,4
skrapin,0,1,1
skrappy,0,1,1
skrawberries,1,0,1
skrawberry,1,0,1
skream,1,3,4
skreet,1,0,1
skreets,0,1,1
skreewed,1,0,1
skrew,1,1,2
skrewed,1,1,2
skrg,14,12,26
skrifstofumanns,0,1,1
skrilla,1,0,1
skrimp,0,1,1
skrinky,0,1,1
skrip,1,0,1
skripshit,0,1,1
skripsi,0,4,4
skritched,1,0,1
skrng,1,0,1
skrrrrt,1,0,1
skruf,0,1,1
skruffee,1,0,1
skruuuratch,0,1,1
sks,1,1,2
sksk,1,0,1
skstarkiller,0,1,1
skt,2,1,3
sku,4,2,6
skul,29,13,42
skulah,1,0,1
skulas,1,0,1
skulduggery,0,1,1
skule,1,0,1
skulked,0,1,1
skulking,0,1,1
skull,48,28,76
skullcandies,1,0,1
skullcandy,8,6,14
skullcandys,1,1,2
skullcap,0,1,1
skullcrusher,1,1,2
skullduggery,1,0,1
skullfest,1,0,1
skullgang,0,1,1
skullgirl,1,0,1
skullhead,1,0,1
skullkandy,1,0,1
skulls,4,6,10
skullskirt,0,1,1
skullsplitter,1,0,1
skullsplitting,1,0,1
skully,2,1,3
skullypunk,0,1,1
skullys,2,0,2
skullz,1,0,1
skunk,33,14,47
skunkboys,1,0,1
skunked,2,1,3
skunkie,1,0,1
skunks,11,3,14
skunkworks,0,1,1
skunky,0,1,1
skunt,1,0,1
skunts,0,1,1
skur,0,1,1
skurd,1,0,1
skurred,5,0,5
skurrrd,1,0,1
skurrrrred,1,0,1
skus,0,1,1
skuttles,0,1,1
skuya,1,0,1
skuzy,1,0,1
skv,0,1,1
skvele,0,1,1
skwaness,1,0,1
skwel,4,0,4
skwela,0,2,2
skweres,0,1,1
skwisgar,0,1,1
skwl,38,12,50
skwll,2,0,2
skwls,1,0,1
sky,684,689,1373
skybar,1,0,1
skyblast,0,1,1
skyblog,1,1,2
skyblue,1,1,2
skybowl,1,0,1
skybox,7,2,9
skyboxes,0,1,1
skyburger,0,1,1
skybus,1,0,1
skycal,0,1,1
skycar,1,0,1
skycity,1,1,2
skyclassic,0,1,1
skycoaster,0,1,1
skycrawlers,0,1,1
skydeck,1,1,2
skydive,7,21,28
skydiver,2,1,3
skydivers,0,2,2
skydives,0,2,2
skydivesummer,0,1,1
skydiving,18,33,51
skydome,0,2,2
skydrive,3,2,5
skye,12,44,56
skyebrations,0,1,1
skyee,0,2,2
skyes,1,0,1
skyfail,1,0,1
skyfire,6,4,10
skyflakes,0,1,1
skyforger,1,0,1
skygarden,0,1,1
skygate,0,1,1
skyguard,0,1,1
skyguide,1,0,1
skyhd,2,1,3
skyhook,2,0,2
skying,1,0,1
skyjump,1,0,1
skyl,0,1,1
skyla,2,1,3
skylah,0,1,1
skyland,1,0,1
skylantern,1,0,1
skylar,10,9,19
skylard,0,1,1
skylark,0,2,2
skylarksandsquirrels,0,1,1
skylars,1,0,1
skyleigh,0,1,1
skyler,3,7,10
skylift,0,1,1
skylight,6,1,7
skylights,2,2,4
skyline,21,53,74
skylines,2,4,6
skylinesandshipwrecks,0,1,1
skylining,0,1,1
skylit,3,13,16
skylounge,1,0,1
skymall,1,0,1
skymap,1,0,1
skymiles,0,2,2
skynard,0,2,2
skynet,5,8,13
skynews,1,0,1
skynyrd,1,4,5
skyone,1,0,1
skype,340,328,668
skypeas,1,0,1
skyped,7,4,11
skypedate,0,1,1
skypeeeee,1,0,1
skypeeeeee,0,1,1
skypeid,1,0,1
skypeing,0,2,2
skypeness,1,0,1
skypephone,1,0,1
skyper,0,1,1
skypermyface,1,0,1
skypers,0,1,1
skypes,2,0,2
skypesession,0,1,1
skypetives,0,1,1
skypies,1,0,1
skypin,0,1,1
skyping,12,37,49
skyplus,1,0,1
skyports,1,0,1
skypp,1,0,1
skypular,0,1,1
skyride,1,0,1
skyridge,0,1,1
skyring,0,1,1
skyrocket,2,2,4
skyrocketed,3,1,4
skyrocketing,0,1,1
skyrockets,0,1,1
skyroo,1,0,1
skyros,0,1,1
skyrpe,0,1,1
skyrrain,1,0,1
skys,12,14,26
skyscanner,1,0,1
skyscout,1,0,1
skyscraper,2,3,5
skyscrapers,0,2,2
skyscrapper,0,1,1
skyshow,0,1,1
skyslash,0,1,1
skysport,0,1,1
skysports,0,1,1
skyster,0,1,1
skytext,1,0,1
skytools,1,0,1
skytops,0,1,1
skytrain,13,4,17
skytram,1,0,1
skytv,0,1,1
skyver,1,1,2
skyview,2,0,2
skyvixen,0,1,1
skywalker,2,7,9
skyward,1,1,2
skyway,5,4,9
skyways,2,0,2
skywriter,0,1,1
skyy,4,6,10
skyyed,1,0,1
skyytownn,0,1,1
skyyy,0,2,2
skyzip,1,0,1
sl,71,58,129
sla,21,12,33
slaaaaaag,0,1,1
slaaaaag,0,1,1
slaaaam,0,1,1
slaag,0,1,1
slaan,0,1,1
slaapliedje,0,1,1
slab,12,16,28
slaba,1,0,1
slabber,0,1,1
slablekker,1,0,1
slabs,7,0,7
slabut,1,0,1
slack,54,37,91
slacked,9,1,10
slacker,33,38,71
slackers,5,5,10
slackersaturday,0,1,1
slackerville,0,1,1
slackest,1,0,1
slackin,21,16,37
slacking,86,37,123
slackinggggg,1,0,1
slacklining,1,1,2
slackn,2,1,3
slackness,1,1,2
slacks,9,9,18
slackware,0,2,2
slackyness,0,1,1
slad,1,0,1
slade,3,4,7
sladey,0,1,1
slag,8,9,17
slagathor,0,1,1
slagged,1,0,1
slaggg,0,1,1
slaggin,2,1,3
slagging,3,2,5
slaggy,3,0,3
slago,1,1,2
slain,1,2,3
slains,0,1,1
slainte,1,2,3
slaintes,0,1,1
slait,1,0,1
slak,1,0,1
slaking,1,2,3
slaks,1,0,1
slakteri,0,1,1
slalom,0,1,1
slalu,1,1,2
slam,58,66,124
slamat,0,2,2
slamb,1,0,1
slamball,1,1,2
slambook,0,1,1
slamdance,0,1,1
slamdrunk,0,1,1
slamdunk,0,1,1
slamed,2,1,3
slamin,0,1,1
slaming,3,1,4
slamma,1,0,1
slammed,73,11,84
slammer,2,3,5
slammers,1,3,4
slammin,4,6,10
slamming,12,6,18
slamminkicks,1,0,1
slammiversary,1,0,1
slammmmed,0,1,1
slammmmmmmtich,1,0,1
slampoet,1,0,1
slams,5,8,13
slamwich,1,0,1
slan,0,1,1
sland,1,0,1
slander,5,2,7
slandered,1,0,1
slandering,0,2,2
slandr,2,3,5
slane,7,2,9
slaney,1,0,1
slang,19,40,59
slangaz,0,1,1
slangin,2,2,4
slanging,1,1,2
slangs,0,1,1
slanket,1,3,4
slant,2,2,4
slanted,3,2,5
slanty,0,2,2
slap,100,129,229
slapahoe,1,0,1
slapam,1,0,1
slapbands,1,0,1
slapchop,2,0,2
slapdash,1,0,1
slapp,0,1,1
slappd,1,0,1
slapped,27,18,45
slapper,0,3,3
slappers,1,0,1
slappin,4,2,6
slapping,14,8,22
slappurr,0,1,1
slappy,1,0,1
slaps,19,12,31
slapsaturday,1,0,1
slapshead,0,1,1
slapshots,1,0,1
slapslap,1,0,1
slapstick,1,3,4
slapsunday,0,1,1
slapton,1,0,1
slapz,1,0,1
slarm,0,1,1
slartibartfast,0,1,1
slash,33,58,91
slashdot,5,5,10
slashdotdashdotslashdotcom,0,1,1
slashdotted,1,1,2
slashed,9,3,12
slasher,2,3,5
slashers,1,2,3
slashes,4,3,7
slashh,1,0,1
slashhudon,0,1,1
slashing,2,6,8
slashnet,0,1,1
slashs,0,1,1
slashy,1,2,3
slat,2,0,2
slate,8,21,29
slated,4,7,11
slater,11,17,28
slaters,0,1,1
slather,3,0,3
slathered,3,2,5
slathering,0,1,1
slatin,1,0,1
slatina,0,1,1
slating,1,1,2
slatton,0,1,1
slau,0,1,1
slaughter,28,16,44
slaughtered,21,6,27
slaughterhouse,5,7,12
slaughtering,1,1,2
slava,0,1,1
slavage,1,0,1
slavation,0,1,1
slavchev,0,2,2
slave,92,47,139
slavebox,1,0,1
slaved,2,1,3
slavedriver,1,0,1
slavedrivers,1,0,1
slavely,0,1,1
slavery,10,8,18
slaves,14,10,24
slaveship,1,0,1
slaveverse,0,1,1
slavic,1,1,2
slavin,5,1,6
slaving,24,16,40
slavko,2,0,2
slavny,0,1,1
slavoj,1,0,1
slaw,2,3,5
slax,1,0,1
slaxking,1,0,1
slay,8,9,17
slayed,2,5,7
slayer,16,20,36
slayers,1,0,1
slayin,0,1,1
slaying,4,3,7
slayradio,0,1,1
slays,1,2,3
slayter,0,1,1
slb,2,0,2
slc,27,30,57
slcc,2,0,2
slccstudents,0,1,1
slcpride,1,1,2
sld,0,1,1
sldjslj,1,0,1
sldkfj,1,0,1
slds,1,0,1
sle,4,1,5
sleaford,0,1,1
slean,0,2,2
sleaping,1,0,1
sleapy,0,1,1
sleasley,1,0,1
sleater,1,0,1
sleath,0,1,1
sleaves,1,0,1
sleaze,1,0,1
sleazy,4,9,13
sleazys,1,0,1
sleb,0,1,1
slecht,0,1,1
slechten,1,0,1
sled,4,2,6
sledding,0,2,2
sledge,2,3,5
sledgehammer,3,5,8
sledgehammers,1,1,2
sledging,1,0,1
sledgren,0,1,1
sledov,0,1,1
sledovn,0,1,1
sleduj,1,0,1
sleduje,0,1,1
sleduju,0,1,1
slee,4,3,7
sleeeeeeeeeeeeeeeeeeeeeeeeeeeeeeeeeeeeeeeeeeeeeeeeeeeeeeeeeeep,1,0,1
sleeeeeeeeeeeeeeeeeeeeeeeeeeeeeeeeeeeeeeeeeeeeeep,1,0,1
sleeeeeeeeeeeeeeeeeeeeeeeeeeeeeeeeep,1,0,1
sleeeeeeeeeeeeeeeeeeeeeeep,0,1,1
sleeeeeeeeeeeeeeeeeeeep,1,1,2
sleeeeeeeeeeeeeeeeeeep,1,0,1
sleeeeeeeeeeeeeeeeeepy,1,0,1
sleeeeeeeeeeeeeeeep,1,1,2
sleeeeeeeeeeeeeeep,2,3,5
sleeeeeeeeeeeeeep,0,1,1
sleeeeeeeeeeeeep,4,0,4
sleeeeeeeeeeeeepy,1,0,1
sleeeeeeeeeeeep,2,2,4
sleeeeeeeeeeeeppyyy,0,1,1
sleeeeeeeeeeeepy,0,1,1
sleeeeeeeeeeep,5,0,5
sleeeeeeeeeeepin,0,1,1
sleeeeeeeeeep,5,3,8
sleeeeeeeeeepy,2,0,2
sleeeeeeeeep,8,3,11
sleeeeeeeeepinqq,0,1,1
sleeeeeeeeepy,5,2,7
sleeeeeeeep,15,6,21
sleeeeeeeeping,1,0,1
sleeeeeeeeppppp,0,1,1
sleeeeeeeeppppy,1,0,1
sleeeeeeeepy,3,4,7
sleeeeeeeepyy,1,0,1
sleeeeeeep,14,12,26
sleeeeeeeppppp,0,1,1
sleeeeeeepppppy,1,0,1
sleeeeeeepppyyy,0,1,1
sleeeeeeepy,3,0,3
sleeeeeeepyhead,0,1,1
sleeeeeeepz,1,0,1
sleeeeeep,48,23,71
sleeeeeepies,0,1,1
sleeeeeepin,1,0,1
sleeeeeeping,2,1,3
sleeeeeepp,1,0,1
sleeeeeeppp,0,1,1
sleeeeeepppppppyyyy,1,0,1
sleeeeeeppppppyyyyy,1,0,1
sleeeeeepppppyyyyyy,1,0,1
sleeeeeeps,0,1,1
sleeeeeepy,6,0,6
sleeeeep,61,35,96
sleeeeepin,0,2,2
sleeeeeping,2,5,7
sleeeeepinn,0,1,1
sleeeeepover,1,1,2
sleeeeepoverrr,0,1,1
sleeeeepp,1,1,2
sleeeeepppp,1,1,2
sleeeeeppyyyyyy,1,0,1
sleeeeeptime,1,0,1
sleeeeepy,14,5,19
sleeeeepyy,2,0,2
sleeeeepyyyy,3,0,3
sleeeep,57,59,116
sleeeepin,0,1,1
sleeeeping,3,3,6
sleeeepover,1,2,3
sleeeepovers,1,0,1
sleeeepp,3,0,3
sleeeeppp,4,3,7
sleeeepppp,1,1,2
sleeeeppppp,1,1,2
sleeeeppppyyy,0,1,1
sleeeeppppyyyyyyyyy,0,1,1
sleeeepppyy,1,0,1
sleeeeppyy,1,0,1
sleeeepy,15,9,24
sleeeepyy,1,0,1
sleeeepyyyy,1,0,1
sleeep,122,62,184
sleeepies,1,0,1
sleeepin,2,0,2
sleeeping,8,15,23
sleeepinggggg,1,0,1
sleeepover,1,2,3
sleeepoverr,0,1,1
sleeepp,4,2,6
sleeepping,0,1,1
sleeeppp,5,3,8
sleeepppp,2,1,3
sleeeppppp,1,0,1
sleeeppppy,1,0,1
sleeeppppyyy,1,1,2
sleeeppppyyyyy,1,0,1
sleeepppy,2,0,2
sleeepppyyy,0,1,1
sleeepppyyyy,1,0,1
sleeeppy,1,1,2
sleeeppyy,3,0,3
sleeeppyyy,1,1,2
sleeeppyyyy,1,0,1
sleeeps,1,1,2
sleeepsytime,0,1,1
sleeept,1,0,1
sleeeptime,1,0,1
sleeepy,26,12,38
sleeepyy,0,1,1
sleeepyyy,0,1,1
sleein,1,0,1
sleeing,4,0,4
sleek,8,12,20
sleeker,0,2,2
sleekness,0,1,1
sleemans,0,1,1
sleeo,2,1,3
sleeover,0,1,1
sleeovers,1,0,1
sleep,18457,9541,27998
sleepa,1,0,1
sleepable,1,0,1
sleepage,1,0,1
sleepaholic,1,0,1
sleepasil,0,1,1
sleepathon,1,0,1
sleepaway,1,0,1
sleepbum,0,1,1
sleepdeprivation,1,0,1
sleepdeprived,1,0,1
sleepdisorderssuckassandihaveonewhyaminotusingthespacebar,1,0,1
sleepdistrict,0,1,1
sleepdrool,1,0,1
sleepe,1,0,1
sleeped,4,3,7
sleepeh,1,0,1
sleeper,22,14,36
sleeperkid,0,1,1
sleepers,1,3,4
sleeperson,1,0,1
sleeperstar,0,1,1
sleepfail,1,1,2
sleepfails,1,0,1
sleepfull,0,1,1
sleepfun,1,0,1
sleephours,1,0,1
sleepi,1,2,3
sleepie,1,3,4
sleepier,2,1,3
sleepies,13,13,26
sleepiest,1,0,1
sleepiez,1,0,1
sleepiin,0,1,1
sleepiinq,1,0,1
sleepily,0,2,2
sleepimage,2,0,2
sleepin,132,92,224
sleepinclass,0,1,1
sleepiness,13,5,18
sleepinforthecure,0,1,1
sleeping,2455,1654,4109
sleepingg,3,0,3
sleepinggg,3,2,5
sleepingggg,1,1,2
sleepingggggggggg,1,0,1
sleepingover,0,1,1
sleepings,1,1,2
sleepinhg,0,1,1
sleepinng,0,1,1
sleepinq,2,0,2
sleepinqq,2,0,2
sleepins,1,1,2
sleepinsunday,0,1,1
sleepiong,1,0,1
sleepissues,0,1,1
sleepl,1,0,1
sleeples,1,1,2
sleeplesess,0,1,1
sleepless,160,42,202
sleeplessinseattle,1,0,1
sleeplessness,2,3,5
sleeplies,1,0,1
sleeply,1,2,3
sleepm,1,0,1
sleepmode,1,0,1
sleepn,5,8,13
sleepnaptime,1,0,1
sleepness,2,1,3
sleepng,0,2,2
sleepnow,1,0,1
sleepo,1,0,1
sleepong,0,1,1
sleepova,6,3,9
sleepovaa,1,0,1
sleepovas,0,1,1
sleepoveer,0,1,1
sleepover,135,227,362
sleepoverr,0,2,2
sleepoverrr,1,1,2
sleepoverrrrr,0,1,1
sleepoverrrrrr,0,1,1
sleepovers,13,10,23
sleepovr,0,2,2
sleepp,11,9,20
sleepping,1,0,1
sleeppp,5,3,8
sleepppp,7,1,8
sleeppppp,2,1,3
sleepppppp,1,1,2
sleeppppppp,0,3,3
sleepppppppp,0,1,1
sleepppppppppppppppppppp,1,0,1
sleepppy,1,0,1
sleepppyy,1,1,2
sleepppyyy,2,0,2
sleeppy,0,2,2
sleeppyyy,2,0,2
sleeppyyyy,0,1,1
sleeps,146,195,341
sleepsacks,0,1,1
sleepsies,0,1,1
sleept,4,3,7
sleeptalk,0,1,1
sleeptalkers,0,1,1
sleeptight,1,4,5
sleeptightt,0,1,1
sleeptime,3,8,11
sleepting,2,0,2
sleeptt,1,0,1
sleepville,0,2,2
sleepwalk,5,0,5
sleepwalkers,2,0,2
sleepwalkin,1,0,1
sleepwalking,2,4,6
sleepwell,0,2,2
sleepworking,0,1,1
sleepy,2068,930,2998
sleepybear,0,1,1
sleepyboos,0,2,2
sleepybyes,0,1,1
sleepydad,0,1,1
sleepydeeps,0,1,1
sleepyhead,7,14,21
sleepyheadd,1,0,1
sleepyheads,1,0,1
sleepyland,0,1,1
sleepyling,1,0,1
sleepyness,2,0,2
sleepypants,0,1,1
sleepypies,0,1,1
sleepypussy,1,0,1
sleepyqueen,3,0,3
sleepys,0,2,2
sleepysleepy,1,0,1
sleepysleepysleepy,0,1,1
sleepystill,0,1,1
sleepytiems,0,1,1
sleepytime,12,19,31
sleepytimez,1,0,1
sleepytown,1,0,1
sleepyy,6,8,14
sleepyyy,7,3,10
sleepyyyy,9,0,9
sleepyyyyy,1,2,3
sleepyyyyyy,3,0,3
sleepyyyyyyy,1,0,1
sleepyyyyyyyyy,1,0,1
sleepyyyyyyyyyyyyy,1,0,1
sleepyyyyyyyyyyyyyy,0,1,1
sleepyyyyyyyyyyyyyyyyyyyy,1,0,1
sleepz,3,2,5
sleepzzz,0,1,1
sleepzzzz,0,1,1
sleestak,0,1,1
sleestaks,1,0,1
sleet,0,4,4
sleeting,0,2,2
sleeve,39,67,106
sleeved,5,3,8
sleeveless,7,6,13
sleever,1,0,1
sleeves,28,25,53
sleey,2,1,3
sleeze,0,2,2
sleezebag,1,0,1
sleezeball,1,0,1
sleezy,0,2,2
sleezys,0,1,1
slef,1,0,1
slefish,1,0,1
slegde,1,0,1
sleigh,0,5,5
sleight,0,4,4
sleiman,0,1,1
sleipnir,1,0,1
slender,1,0,1
slendertone,1,0,1
slenger,1,0,1
slenz,0,1,1
slep,12,7,19
slepep,1,0,1
sleping,1,2,3
slepover,0,1,1
slepp,6,1,7
slepping,1,4,5
sleppless,2,0,2
sleppover,0,1,1
slepppppt,1,0,1
slepppt,1,0,1
sleppt,1,0,1
sleppy,6,4,10
sleppytime,1,0,1
sleppyy,1,0,1
slept,1620,911,2531
slepted,2,0,2
sleptovr,1,0,1
slepttt,1,0,1
slepy,0,1,1
slepz,0,1,1
slesai,1,0,1
slesersrigai,1,0,1
slessard,1,0,1
slesta,0,1,1
slestack,0,1,1
slet,1,0,1
sletjes,0,1,1
sletp,1,0,1
sleuth,4,3,7
sleve,0,3,3
sleves,0,1,1
slew,6,5,11
slex,5,1,6
slezak,1,1,2
slf,0,1,1
slfsdc,0,2,2
slg,3,1,4
slh,4,0,4
slhcc,0,1,1
slhealthy,0,1,1
slhers,0,1,1
sli,4,4,8
slice,105,132,237
sliced,69,29,98
slicedbread,0,1,1
slicehost,2,2,4
slicer,1,2,3
slices,35,36,71
slichaa,1,0,1
slicing,17,5,22
slick,21,43,64
slickback,1,1,2
slickdeals,0,1,1
slicked,1,2,3
slickensides,0,1,1
slickerrrr,0,1,1
slickers,0,3,3
slickest,0,1,1
slickkkkk,0,1,1
slicks,1,1,2
slicksticks,1,0,1
slid,20,7,27
slidded,1,0,1
slide,100,133,233
slidebar,1,1,2
slideboom,4,2,6
slidecast,1,0,1
slided,1,0,1
slidee,0,1,1
slideee,2,1,3
slideeee,0,1,1
slidekick,1,0,1
slidenya,0,1,1
slideout,1,0,1
slidepuzzles,1,0,1
slider,18,14,32
sliderocket,1,0,1
sliders,6,9,15
slides,51,58,109
slideserve,1,0,1
slidesforthcoming,0,1,1
slideshare,7,9,16
slideshow,26,39,65
slideshowpro,0,1,1
slideshows,2,2,4
slidetoggle,1,0,1
slidey,1,0,1
slidin,1,1,2
sliding,24,21,45
slidon,1,0,1
slidy,1,0,1
slient,1,0,1
slieve,0,1,1
slighlty,1,1,2
slighly,3,1,4
slight,175,82,257
slighted,0,1,1
slightest,31,17,48
slightl,1,0,1
slightlest,1,0,1
slightly,476,408,884
slighty,9,9,18
sligo,1,3,4
slihtly,1,0,1
sliide,1,0,1
sliiighhtly,0,1,1
sliiightly,1,0,1
sliiiidddinngggg,0,1,1
sliiiight,0,1,1
sliiiiiiick,0,1,1
sliiiiiiiighly,1,0,1
sliiped,1,0,1
sliish,1,0,1
slik,0,1,1
slike,0,2,2
slilly,0,1,1
slim,80,63,143
slimaluma,1,0,1
slime,9,4,13
slimed,2,0,2
slimer,1,1,2
slimes,1,1,2
slimey,3,3,6
slimfast,1,3,4
slimfasts,1,0,1
slimjims,0,1,1
slimm,0,1,1
slimmed,3,0,3
slimmer,4,4,8
slimmers,1,0,1
slimmin,1,0,1
slimming,4,5,9
slimmm,0,1,1
slimmyskinnyhairbrushygay,1,0,1
slimnas,1,0,1
slimpossible,1,0,1
slims,0,1,1
slimshine,1,0,1
slimthug,1,0,1
slimtimer,1,0,1
slimxp,0,1,1
slimy,16,6,22
sling,20,27,47
slingbacks,1,2,3
slingbag,1,0,1
slingbox,3,5,8
slingboxes,1,0,1
slinger,1,1,2
slingers,0,2,2
slinging,7,1,8
slingo,1,0,1
slingplayer,1,1,2
slings,1,3,4
slingshot,3,2,5
slingshots,1,0,1
slingshotting,0,1,1
slining,0,1,1
slink,1,2,3
slinkies,1,2,3
slinkiness,0,1,1
slinking,1,0,1
slinks,1,0,1
slinkster,0,1,1
slinky,1,10,11
slinqui,0,1,1
slip,85,102,187
slipandslide,0,1,1
slipcase,1,0,1
slipcased,1,0,1
slipcover,1,0,1
sliped,1,0,1
sliping,2,0,2
slipknot,15,25,40
slipknots,1,0,1
slipknow,0,1,1
slipmats,1,0,1
slipn,1,0,1
slipnsliding,0,1,1
slipon,1,0,1
slippage,1,1,2
slippahs,0,1,1
slipped,119,39,158
slipper,7,5,12
slippered,0,1,1
slippers,30,35,65
slippery,15,11,26
slippies,0,1,1
slippin,11,9,20
slipping,49,11,60
slippperrrsss,0,1,1
slipppp,0,1,1
slipppped,1,0,1
slippppppppppppping,1,0,1
slippy,3,2,5
slips,12,8,20
slipslop,0,1,1
slipstream,1,6,7
slipstreaming,1,0,1
slipsy,0,1,1
slipt,1,0,1
slipz,1,0,1
sliqht,0,1,1
slishman,0,1,1
slisiban,1,0,1
slissle,0,1,1
slist,0,2,2
slistening,0,1,1
slit,21,6,27
slitheen,0,1,1
slither,2,5,7
slithereens,1,0,1
slithering,2,0,2
slits,2,1,3
slitting,5,1,6
sliver,10,5,15
slivered,0,1,1
sliverlight,0,1,1
slivers,2,1,3
sliverstein,0,1,1
sliverstone,2,1,3
slize,1,0,1
slizzard,0,1,1
slizzards,0,1,1
slizzle,0,1,1
slj,0,1,1
sljeme,0,1,1
slk,2,2,4
slkdfj,2,0,2
sll,1,6,7
slleeeepp,0,1,1
slleeepp,1,0,1
slleep,2,0,2
slleepppyyy,0,1,1
sllep,2,0,2
sllepy,1,0,1
sllleeepp,0,1,1
sllleeeppppyyy,0,1,1
slllleeeeeeeeeeeeeeep,1,0,1
slllleeeeep,0,1,1
slllleepy,1,0,1
sllllleeeeep,0,1,1
sllllleeeeppyyyy,1,0,1
slllllow,1,0,1
sllllo,1,0,1
sllloooow,1,0,1
sllloooowww,0,1,1
slllooowww,1,0,1
sllooo,1,0,1
sllooowww,1,0,1
slm,0,2,2
slmam,1,0,1
slms,0,1,1
slmudog,1,0,1
slne,1,0,1
slo,28,19,47
sloan,6,5,11
sloancsym,2,0,2
sloane,2,0,2
sloaney,0,1,1
sloanie,1,0,1
sloans,1,0,1
sloanster,2,1,3
sloap,1,0,1
sloaris,0,1,1
slob,13,7,20
slobber,2,6,8
slobbering,1,0,1
slobbers,0,1,1
slobbery,1,1,2
slobbin,1,0,1
slobbing,1,3,4
slobby,1,1,2
slobers,1,0,1
slobo,0,1,1
slobs,1,3,4
slocama,1,0,1
sloce,0,1,1
slocombe,1,2,3
slocum,0,1,1
slocuts,1,0,1
slod,0,1,1
sloe,0,1,1
sloevs,0,1,1
slofall,0,1,1
slog,8,5,13
slogan,5,28,33
slogans,1,4,5
slogathon,1,0,1
slogged,1,0,1
slogging,9,3,12
slogrind,0,1,1
slomo,2,1,3
slomoses,0,1,1
sloney,1,0,1
sloodle,0,1,1
slooo,2,1,3
sloooo,2,0,2
slooooo,2,0,2
sloooooooooooooooooooowly,1,0,1
slooooooooooooooow,1,1,2
sloooooooooooooow,2,0,2
slooooooooooooow,1,1,2
sloooooooooooow,1,0,1
slooooooooooow,1,0,1
sloooooooooow,1,0,1
sloooooooooowlyyyyyyyyyyyyy,1,0,1
slooooooooow,1,0,1
slooooooooowwwww,1,0,1
sloooooooow,2,0,2
sloooooooowly,0,1,1
slooooooow,1,0,1
slooooooowly,0,1,1
sloooooow,5,0,5
slooooow,8,3,11
slooooowly,3,0,3
slooooowmooootioooon,1,0,1
slooooowwww,1,0,1
sloooow,17,6,23
sloooowly,3,0,3
slooooww,2,0,2
slooow,7,4,11
sloooweeeer,1,0,1
slooowly,1,4,5
slooowww,2,0,2
slooowwww,1,0,1
sloop,1,2,3
sloops,0,1,1
sloopy,0,1,1
sloot,1,0,1
sloow,5,0,5
sloowly,1,0,1
slooww,1,1,2
sloowww,2,0,2
slop,4,3,7
slope,12,15,27
sloped,3,0,3
slopers,0,1,1
slopes,0,5,5
slopey,0,1,1
sloping,0,1,1
slopitch,0,1,1
slopoooow,1,0,1
slopppy,0,1,1
sloppy,26,30,56
sloppywetkiss,1,0,1
slore,2,0,2
sloshed,1,4,5
sloshing,2,0,2
sloss,0,1,1
slot,63,40,103
slotat,1,0,1
sloth,8,16,24
slothful,0,1,1
slothing,0,1,1
slothliness,0,1,1
sloths,1,0,1
slotmachine,0,1,1
slots,27,17,44
slotted,1,0,1
slouch,2,2,4
slouching,1,0,1
slouchy,3,2,5
slough,13,4,17
slovak,1,1,2
slovakia,9,6,15
slovakian,1,0,1
slovaks,1,0,1
sloved,1,0,1
slovenia,7,17,24
slovenian,1,3,4
slovensk,0,1,1
slover,1,0,1
slow,2008,824,2832
slowby,1,0,1
slowcoach,0,1,1
slowdance,0,2,2
slowdown,6,5,11
slowdowns,1,0,1
slowe,0,1,1
slowed,35,10,45
slowely,3,1,4
slower,133,52,185
slowerr,0,1,1
slowers,0,2,2
slowest,34,11,45
slowhand,0,1,1
slowin,4,0,4
slowing,34,21,55
slowish,2,1,3
slowjams,0,2,2
slowlaaaaaay,0,1,1
slowley,1,0,1
slowlife,0,1,1
slowloris,3,0,3
slowly,451,340,791
slowlyy,1,0,1
slowlyyy,1,0,1
slowlyyyy,1,0,1
slowmotion,1,1,2
slowness,10,6,16
slowosity,0,1,1
slows,28,16,44
slowsaturday,0,1,1
slowsky,1,0,1
slowss,1,0,1
slowtravel,0,1,1
sloww,7,1,8
slowwly,0,1,1
slowworm,0,1,1
slowww,8,0,8
slowwww,2,0,2
slowy,0,1,1
slp,45,16,61
slpeep,1,0,1
slpet,1,1,2
slping,4,0,4
slpit,0,1,1
slpn,1,0,1
slpy,3,1,4
slq,1,0,1
slr,30,30,60
slrs,1,1,2
slrvideo,1,0,1
sls,1,3,4
slsa,0,1,1
slsai,1,0,1
slsmn,1,0,1
slt,1,2,3
sltc,1,5,6
sltickets,1,0,1
slts,1,0,1
slu,3,4,7
sludge,1,2,3
sludgy,0,1,1
slue,1,1,2
sluff,0,1,1
sluffing,0,1,1
slug,22,7,29
slugabed,0,3,3
slugbug,0,1,1
slugga,0,1,1
slugger,1,4,5
sluggers,1,0,1
slugggishhh,1,0,1
slugging,2,0,2
sluggish,37,13,50
sluggishness,1,0,1
sluggling,0,1,1
sluggo,0,1,1
sluggy,1,1,2
slugish,2,0,2
slugs,24,11,35
sluice,1,1,2
sluis,0,1,1
slum,7,8,15
slumbah,1,0,1
slumber,35,57,92
slumbercon,1,0,1
slumbering,2,2,4
slumberland,1,2,3
slumberlnd,1,0,1
slumberpartiesbyevelynfox,0,1,1
slumberrr,0,1,1
slumbers,2,4,6
slumderland,0,1,1
slumdog,55,111,166
slumdogg,0,3,3
slumdrink,1,0,1
slummin,0,1,1
slumming,2,2,4
slummy,0,2,2
slump,21,7,28
slumped,3,0,3
slumping,2,2,4
slumps,3,1,4
slums,3,2,5
slumsy,0,1,1
slung,1,1,2
sluniiicko,0,1,1
slunt,0,1,1
slur,1,1,2
slurl,0,2,2
slurp,2,8,10
slurped,2,0,2
slurpee,29,34,63
slurpeeee,1,0,1
slurpees,6,14,20
slurpers,0,1,1
slurpie,1,0,1
slurpiee,1,0,1
slurpies,2,0,2
slurpin,1,1,2
slurping,2,1,3
slurps,1,2,3
slurpy,1,0,1
slurred,1,0,1
slurring,0,1,1
slurrp,0,1,1
slurrped,1,0,1
slurs,0,2,2
slusarek,0,1,1
slush,17,19,36
slushee,1,3,4
slusherrr,1,0,1
slushes,3,1,4
slushi,2,1,3
slushie,8,5,13
slushiepuppy,1,0,1
slushies,7,6,13
slushkittie,1,0,1
slusho,1,0,1
slushy,4,6,10
slushys,0,1,1
slushyy,1,0,1
slusnej,1,0,1
slut,54,69,123
sluta,0,1,1
slutberries,1,0,1
slutbot,1,0,1
slutbreath,0,1,1
slutface,0,1,1
sluthood,0,1,1
sluts,13,16,29
slutsalad,1,0,1
slutt,1,0,1
slutted,0,2,2
slutter,0,1,1
sluttery,1,0,1
sluttier,0,1,1
sluttin,1,0,1
slutting,0,1,1
sluttt,1,0,1
slutttt,1,0,1
slutty,14,12,26
sluttyxx,1,0,1
slutway,0,1,1
sluuurrrppp,0,1,1
sluuut,0,1,1
sluuutt,1,0,1
slv,0,1,1
slwa,0,1,1
slwodown,0,1,1
sly,25,23,48
slyly,2,0,2
slym,3,2,5
slyme,0,1,1
slyness,0,1,1
slyth,0,1,1
slythe,1,0,1
slytherdor,1,0,1
slytherin,2,5,7
slyyyy,1,0,1
sm,87,124,211
sma,5,6,11
smaaaaaaall,0,1,1
smaaaaller,1,0,1
smaaack,0,1,1
smaaacked,0,1,1
smaak,0,1,1
smaask,0,1,1
smac,2,0,2
smacam,1,0,1
smacc,0,1,1
smachel,0,1,1
smachie,1,0,1
smack,64,85,149
smackdown,21,28,49
smacked,37,15,52
smacker,1,0,1
smackeroos,1,0,1
smackers,0,2,2
smackgobbed,0,1,1
smackin,2,1,3
smacking,10,9,19
smackover,0,1,1
smacks,13,11,24
smacktalk,1,1,2
smad,1,0,1
smae,0,2,2
smaells,0,1,1
smagam,0,1,1
smagghe,1,0,1
smahed,1,0,1
smaht,0,4,4
smail,1,0,1
smaked,0,1,1
smakin,1,1,2
smal,2,3,5
smaland,1,0,1
smalem,1,0,1
smalest,1,0,1
smalin,1,0,1
small,1170,1161,2331
smallbany,1,0,1
smalle,1,0,1
smaller,122,107,229
smallerlike,1,0,1
smallest,27,30,57
smalley,2,2,4
smallfry,1,0,1
smallgroup,1,0,1
smallholding,0,2,2
smallish,3,2,5
smalll,0,2,2
smallman,0,1,1
smallness,1,2,3
smallpox,1,0,1
smalls,11,9,20
smalltalk,1,1,2
smallteams,1,0,1
smalltiny,1,0,1
smalltown,1,1,2
smalltu,0,1,1
smallvill,1,0,1
smallville,29,34,63
smallwhitebear,0,1,1
smallwins,1,0,1
smallworld,0,1,1
smaltz,1,0,1
smamilton,1,0,1
smancy,0,1,1
smanessa,0,1,1
smangat,1,0,1
smangatt,0,1,1
smangled,0,1,1
smansa,0,2,2
smanssa,1,0,1
smao,0,1,1
smap,2,2,4
smar,1,0,1
smarks,0,1,1
smarmy,1,0,1
smart,277,648,925
smarta,0,2,2
smartair,1,0,1
smartarse,0,3,3
smartass,2,14,16
smartassed,0,1,1
smartassxxx,1,0,1
smartbar,0,1,1
smartblogger,0,1,1
smartboards,1,1,2
smartbook,0,3,3
smartbro,1,1,2
smartbutt,0,1,1
smartcar,0,2,2
smartcard,2,0,2
smartcards,1,0,1
smarted,1,1,2
smarter,29,48,77
smartest,12,22,34
smartfood,0,2,2
smartgirlpolitics,0,1,1
smartgurlca,0,1,1
smarthistory,0,1,1
smartical,0,1,1
smarticle,0,2,2
smartie,6,5,11
smartieeeee,0,1,1
smartieeees,0,1,1
smartiepants,0,1,1
smartier,0,1,1
smarties,14,10,24
smartiness,0,1,1
smarting,4,0,4
smartkart,0,2,2
smartly,1,2,3
smartmobs,0,1,1
smartmontools,1,0,1
smartmouths,0,1,1
smartness,0,1,1
smartpak,0,1,1
smartpen,3,1,4
smartphone,22,22,44
smartphones,5,5,10
smartplanet,0,1,1
smartpunk,3,5,8
smartrider,1,0,1
smarts,6,2,8
smartsettigns,0,1,1
smartwater,0,6,6
smartway,0,1,1
smartwork,0,1,1
smartxx,1,0,1
smarty,5,14,19
smartypants,1,4,5
smash,72,89,161
smashbox,1,3,4
smashburger,1,0,1
smashd,4,0,4
smashed,186,57,243
smasheddd,0,1,1
smasher,1,0,1
smashes,1,1,2
smashin,2,6,8
smashing,37,54,91
smashingly,0,2,2
smashingmag,0,2,2
smashingmagazine,0,2,2
smashley,1,0,1
smashspace,0,1,1
smashtime,0,1,1
smashups,0,1,1
smashy,0,1,1
smasung,0,1,1
smat,1,1,2
smathers,1,0,1
smatt,1,0,1
smattering,0,1,1
smaurai,0,1,1
smb,2,1,3
smbd,0,1,1
smbdy,1,1,2
smbg,0,1,1
smbl,1,0,1
smbmsp,1,5,6
smbnh,0,2,2
smbs,0,2,2
smbuhny,1,0,1
smc,10,14,24
smcavl,0,1,1
smcc,1,0,1
smcchicago,1,3,4
smcchs,1,0,1
smcfan,1,0,1
smcgville,1,0,1
smck,0,1,1
smckc,0,1,1
smclt,0,1,1
smcmelb,1,0,1
smcmns,1,0,1
smcoc,0,1,1
smcogtl,0,1,1
smcr,1,0,1
smcross,1,0,1
smcrva,0,1,1
smcsac,0,1,1
smcsea,1,1,2
smcsf,0,1,1
smcslc,4,0,4
smcss,1,0,1
smcstl,1,2,3
smcswelunches,0,1,1
smcsyd,5,5,10
smcuv,1,0,1
smd,2,3,5
smdh,25,7,32
smdhmoment,0,1,1
smdm,1,0,1
sme,25,15,40
smeagol,1,0,1
smear,8,8,16
smeared,9,3,12
smearing,2,2,4
smears,1,0,1
smecca,0,1,1
smechxi,0,1,1
smedberg,0,1,1
smedia,0,1,1
smedjebacken,0,1,1
smedley,1,1,2
smee,0,2,2
smeegz,1,0,1
smeel,0,1,1
smeels,0,1,1
smeeping,1,0,1
smeeps,1,0,1
smeer,1,0,1
smeezy,1,0,1
smeg,3,1,4
smegging,1,1,2
smeggy,1,0,1
smeghead,1,0,1
smegma,1,0,1
smeguy,1,0,1
smeigs,1,0,1
smeil,0,1,1
smek,1,0,1
smel,1,1,2
smell,690,660,1350
smellable,0,1,1
smellavision,0,1,1
smelled,45,29,74
smellest,1,0,1
smellies,1,1,2
smelliest,1,1,2
smellin,2,5,7
smelling,69,72,141
smelliott,0,1,1
smelll,1,1,2
smellllll,1,0,1
smelllllllllllllll,0,1,1
smellllllls,0,1,1
smellonia,1,0,1
smellovision,1,0,1
smells,419,307,726
smelly,101,59,160
smellyness,1,0,1
smellys,1,0,1
smellyvision,1,0,1
smellz,1,0,1
smels,0,1,1
smelt,16,11,27
smelten,1,0,1
smelter,1,0,1
smeltering,1,0,1
smelyalata,0,1,1
smemma,2,0,2
smencil,0,1,1
smeng,0,1,1
sment,1,0,1
smeone,4,0,4
smered,1,0,1
smerf,1,0,1
smerffy,0,1,1
smerics,1,0,1
smesteran,0,1,1
smethin,2,0,2
smething,3,5,8
smethng,0,1,1
smetime,0,2,2
smetimes,2,0,2
smex,0,1,1
smexay,1,0,1
smexi,0,1,1
smexies,0,1,1
smexiessuite,0,1,1
smexiest,1,1,2
smexii,0,1,1
smexxx,1,0,1
smexxxii,0,1,1
smexy,1,12,13
smexyfull,0,1,1
smeyer,1,0,1
smf,10,0,10
smff,0,1,1
smfh,32,4,36
smfhh,2,0,2
smg,5,4,9
smga,0,1,1
smgdh,2,0,2
smgt,1,1,2
smh,757,176,933
smhh,6,2,8
smhhh,5,0,5
smhhhh,1,1,2
smhhhhh,1,0,1
smhhhhlol,0,1,1
smhow,1,0,1
smhx,1,0,1
smick,0,1,1
smidge,6,9,15
smidgen,1,3,4
smidgeon,1,0,1
smidt,0,1,1
smie,0,1,1
smiel,0,1,1
smif,0,1,1
smiffs,1,0,1
smig,1,0,1
smiggle,2,1,3
smigsters,1,0,1
smii,1,0,1
smiiiile,0,2,2
smiiiillleee,0,1,1
smiiiith,0,1,1
smiiile,0,1,1
smiing,0,1,1
smil,1,0,1
smilax,0,1,1
smild,1,0,1
smile,388,2745,3133
smileage,0,1,1
smilebox,0,1,1
smileboxs,1,0,1
smiled,24,63,87
smilee,0,8,8
smileee,0,1,1
smileeee,2,4,6
smileeeee,0,1,1
smileeeeee,1,0,1
smileeeeeeeeeee,0,1,1
smileeeeessss,0,1,1
smilees,0,1,1
smilefriday,0,1,1
smilelovelexi,1,0,1
smilemoticon,0,1,1
smilepaige,0,1,1
smiler,1,2,3
smileriffic,0,1,1
smilers,0,1,1
smilerz,0,1,1
smiles,47,402,449
smilesandhugs,0,2,2
smilesaturday,0,8,8
smileskate,0,1,1
smilesss,1,2,3
smileszz,0,1,1
smiletime,0,1,1
smiletrain,0,1,1
smiletuesday,0,1,1
smiley,68,184,252
smileycons,0,1,1
smileyourealive,1,0,1
smileyrose,0,1,1
smileys,17,23,40
smileystar,0,1,1
smilia,0,1,1
smilie,2,6,8
smilieeeeeeees,1,0,1
smilier,0,1,1
smilies,11,14,25
smilin,1,38,39
smiling,87,644,731
smilingest,0,1,1
smilinghmm,0,1,1
smilingly,0,1,1
smilinq,0,1,1
smillas,0,1,1
smilled,0,1,1
smillee,0,1,1
smilley,0,1,1
smilling,1,4,5
smillleee,0,1,1
smillleeeee,0,1,1
smillleeeezzz,0,1,1
smily,1,2,3
smints,0,2,2
smiranoffs,0,1,1
smirk,6,10,16
smirked,1,0,1
smirker,0,1,1
smirking,1,4,5
smirkingly,1,0,1
smirks,1,10,11
smirky,0,1,1
smirnoff,4,14,18
smish,2,1,3
smishes,4,1,5
smit,0,2,2
smitandherwhatnots,0,1,1
smitch,1,0,1
smitchie,0,4,4
smite,2,6,8
smited,1,1,2
smith,161,220,381
smithereens,0,1,1
smitherines,1,0,1
smithers,0,3,3
smithfield,3,2,5
smithhaven,1,0,1
smithhh,1,1,2
smithhhhhh,0,1,1
smithie,1,0,1
smithii,1,0,1
smithiiiinho,0,1,1
smithing,0,3,3
smiths,18,25,43
smithsoanian,0,1,1
smithson,2,0,2
smithsonian,5,14,19
smithton,1,1,2
smithtown,0,2,2
smithville,0,4,4
smithwicks,1,0,1
smithy,0,1,1
smiti,0,1,1
smiting,0,3,3
smits,2,0,2
smittay,0,1,1
smitten,6,29,35
smitters,1,0,1
smittette,0,1,1
smitthhyyy,0,1,1
smittin,0,1,1
smitty,2,4,6
smittys,1,0,1
smizmarr,0,1,1
smk,0,2,2
smkn,1,0,1
smktm,1,0,1
sml,3,4,7
smlates,1,0,1
smle,0,1,1
smll,0,1,1
smllz,1,0,1
smlm,2,4,6
smloking,1,0,1
smm,2,1,3
smmer,2,0,2
smmfh,4,2,6
smmh,0,1,1
smmile,0,1,1
smmithyyy,0,1,1
smmmealllyalaaatarzzz,0,1,1
smmr,2,0,2
smmrs,1,0,1
smn,1,0,1
smngat,0,1,1
smnspcl,0,1,1
smo,2,7,9
smoak,1,1,2
smoby,0,1,1
smock,1,0,1
smocked,0,1,1
smocking,0,1,1
smocks,1,0,1
smod,1,0,1
smodcast,0,4,4
smodcasts,1,0,1
smoe,0,1,1
smoes,0,1,1
smog,18,11,29
smoga,1,1,2
smoggy,1,3,4
smogset,0,1,1
smoke,449,309,758
smokeandapancake,0,1,1
smoked,69,59,128
smokee,1,1,2
smokeee,1,0,1
smokeeee,1,0,1
smokefest,1,0,1
smokefree,0,1,1
smokehouse,0,3,3
smokein,1,0,1
smokeing,1,0,1
smokeless,1,2,3
smoken,0,2,2
smokeness,0,1,1
smokeout,0,1,1
smoker,33,21,54
smokerrrr,1,0,1
smokers,25,5,30
smokerswebsite,0,1,1
smokes,39,34,73
smokescreen,1,1,2
smoketree,1,0,1
smokey,16,21,37
smokez,1,0,1
smoki,0,1,1
smokie,5,0,5
smokies,3,2,5
smokiin,1,0,1
smokin,25,78,103
smokind,0,1,1
smoking,266,209,475
smokinggg,1,0,1
smokingkipper,1,0,1
smokings,0,1,1
smokinn,0,1,1
smokinnn,0,1,1
smokinq,1,0,1
smokinrub,0,2,2
smokins,0,1,1
smokke,0,1,1
smoko,1,0,1
smoku,1,0,1
smoky,8,5,13
smolder,1,0,1
smoldering,1,3,4
smolton,1,0,1
smoltz,1,2,3
smone,1,1,2
smoney,0,1,1
smoo,1,1,2
smooch,11,23,34
smooche,1,0,1
smooched,1,0,1
smoochers,0,1,1
smooches,10,40,50
smoochesz,0,1,1
smoochez,0,2,2
smoochfest,0,1,1
smoochie,2,0,2
smoochies,1,6,7
smoochiez,1,0,1
smoochin,0,2,2
smooching,2,1,3
smoochness,0,1,1
smook,0,1,1
smooke,2,0,2
smooks,0,1,1
smoooke,1,0,1
smoooked,0,1,1
smoooochhhh,0,1,1
smooooking,0,1,1
smoooooches,0,1,1
smooooooooch,0,1,1
smoooooooooking,1,0,1
smoooooooooooooooooooooch,0,1,1
smoooooooooooooooooooooooooches,0,1,1
smoooooooooove,0,1,1
smoooooooth,0,1,1
smooooooth,0,2,2
smoooooove,1,0,1
smoooootches,0,1,1
smoooooth,0,2,2
smooooothhhh,0,1,1
smooooothie,1,1,2
smooooove,0,1,1
smoooosh,1,0,1
smooootthh,0,1,1
smoooottthhhh,0,1,1
smoooth,0,4,4
smooothie,1,0,1
smooothies,1,0,1
smooothy,1,0,1
smoore,0,1,1
smoosh,1,3,4
smooshed,7,1,8
smooshing,1,0,1
smooshy,0,3,3
smootch,0,2,2
smootcher,1,0,1
smooth,96,204,300
smoothe,1,5,6
smoothed,0,2,2
smoothen,0,1,1
smoother,10,12,22
smoothers,0,1,1
smoothest,1,2,3
smoothgirl,0,1,1
smoothie,98,168,266
smoothieee,0,2,2
smoothies,19,52,71
smoothiez,1,0,1
smoothing,3,5,8
smoothjazz,0,1,1
smoothly,31,61,92
smoothness,1,2,3
smooths,2,0,2
smoothscrolling,1,0,1
smoothstreaming,1,0,1
smoothy,1,6,7
smootie,0,1,1
smooties,1,0,1
smooty,0,1,1
smoove,1,3,4
smooze,0,1,1
smoph,1,0,1
smore,4,7,11
smores,21,49,70
smoresss,1,0,1
smorgasboard,0,1,1
smorgasbord,0,1,1
smorl,1,0,1
smorning,0,1,1
smors,0,1,1
smorty,0,1,1
smosh,4,4,8
smote,1,0,1
smother,3,4,7
smothered,12,12,24
smothering,7,1,8
smothers,1,0,1
smothie,0,1,1
smothly,1,0,1
smototh,1,0,1
smovechkin,0,1,1
smovie,0,1,1
smp,3,4,7
smpai,1,1,2
smpat,1,0,1
smpe,1,2,3
smpi,1,0,1
smpk,1,0,1
smply,1,1,2
smplyamazing,0,1,1
smpp,1,0,1
smpr,0,1,1
smps,1,0,1
smpt,2,0,2
smpthy,1,0,1
smr,1,1,2
smradu,0,1,1
smrk,1,0,1
smrl,1,0,1
smroi,0,1,1
smrt,3,2,5
smruti,0,1,1
sms,193,181,374
smsd,1,0,1
smsed,2,0,2
smses,2,1,3
smsgyan,1,0,1
smsing,0,4,4
smsje,1,0,1
smsjes,0,1,1
smsjunction,1,0,1
smsk,0,3,3
smsky,0,1,1
smsng,1,0,1
smsoip,0,2,2
smss,1,2,3
smsss,0,1,1
smst,0,2,2
smsth,1,0,1
smsuccess,0,1,1
smt,7,2,9
smtb,1,9,10
smtg,1,2,3
smtgh,1,0,1
smtgs,0,1,1
smth,13,23,36
smthbng,1,0,1
smthg,8,6,14
smthin,3,1,4
smthing,8,8,16
smthn,2,2,4
smthng,10,6,16
smtime,0,4,4
smtimes,0,5,5
smtin,0,1,1
smtmes,0,1,1
smtms,1,0,1
smtn,2,0,2
smtng,1,0,1
smtp,7,3,10
smtt,0,1,1
smtv,1,1,2
smu,4,5,9
smua,4,3,7
smuaaa,1,0,1
smuany,1,0,1
smub,0,1,1
smucker,0,1,1
smudge,5,2,7
smudged,7,1,8
smudger,0,1,1
smudges,4,0,4
smudgie,1,0,1
smudging,1,1,2
smudgy,3,0,3
smug,10,21,31
smugbro,0,1,1
smugg,0,1,1
smugga,0,1,1
smuggle,9,5,14
smuggled,0,2,2
smuggler,0,1,1
smuggles,0,1,1
smuggling,1,3,4
smuggly,1,0,1
smugly,0,3,3
smugmug,4,8,12
smugness,3,0,3
smulan,1,0,1
smulders,0,1,1
smule,3,1,4
smultron,0,1,1
smun,0,1,1
smunchy,0,1,1
smunday,1,0,1
smunny,0,2,2
smup,0,1,1
smurds,0,1,1
smurf,14,15,29
smurfen,1,0,1
smurfette,0,1,1
smurfffff,1,0,1
smurfs,6,10,16
smurfy,1,0,1
smurking,0,1,1
smush,1,0,1
smushed,8,0,8
smushedd,0,1,1
smushie,0,1,1
smushing,3,1,4
smushy,1,2,3
smut,14,22,36
smuts,0,2,2
smutsmutsmut,0,1,1
smutties,0,1,1
smuttness,0,2,2
smutty,4,6,10
smuttystef,0,1,1
smv,0,1,1
smwere,0,1,1
smwhere,2,0,2
smwhr,1,0,1
smx,12,24,36
smxa,1,0,1
smxadvanced,2,0,2
smxlondon,1,1,2
smxs,0,1,1
smy,2,0,2
smyd,1,0,1
smyrna,1,2,3
smyth,0,1,1
smythe,0,1,1
smyths,1,0,1
smythy,0,1,1
smyworld,1,0,1
smz,1,0,1
sn,40,30,70
sna,6,3,9
snaaaap,0,2,2
snaaap,0,1,1
snaap,1,0,1
snaapp,1,1,2
snac,0,1,1
snack,161,230,391
snackage,1,1,2
snackaholism,0,1,1
snackbar,0,2,2
snacked,6,3,9
snackin,3,3,6
snacking,18,24,42
snackinon,1,0,1
snackinonkidsfoods,0,1,1
snackkk,0,1,1
snackless,0,1,1
snacklet,1,1,2
snackpacks,0,1,1
snackrite,0,1,1
snacks,87,118,205
snackss,0,1,1
snacksss,0,2,2
snacktastic,1,1,2
snacktime,1,2,3
snackwich,0,1,1
snackwrap,1,0,1
snacky,2,2,4
snacl,0,1,1
snactify,0,1,1
snad,1,1,2
snadwhiches,0,1,1
snadwich,1,0,1
snaffled,1,0,1
snafu,6,4,10
snafus,0,1,1
snag,29,19,48
snagel,0,1,1
snagged,12,19,31
snagging,0,2,2
snaggle,1,0,1
snagit,2,2,4
snags,1,1,2
snail,50,21,71
snaileh,1,0,1
snaill,0,1,1
snailmail,1,1,2
snails,18,16,34
snailtrail,0,1,1
snak,1,0,1
snakcs,1,0,1
snake,100,71,171
snakebite,1,1,2
snakebites,5,5,10
snakeii,0,1,1
snakelike,0,1,1
snakeman,1,1,2
snakeoil,0,1,1
snakes,49,48,97
snakeskin,0,1,1
snakeskins,1,0,1
snakey,4,1,5
snakeyes,0,1,1
snakk,1,0,1
snaky,0,1,1
snap,240,211,451
snapademics,0,2,2
snapcase,1,0,1
snapcracklepop,0,1,1
snapdragon,1,1,2
snapdragons,2,1,3
snape,7,5,12
snaped,1,1,2
snapeness,0,1,1
snapfish,4,0,4
snaply,0,1,1
snapp,3,2,5
snappable,0,1,1
snappage,0,1,1
snapped,88,33,121
snapper,6,11,17
snappers,1,1,2
snappier,2,1,3
snappin,4,3,7
snapping,22,20,42
snapple,4,10,14
snapples,0,1,1
snappp,0,1,1
snapppp,0,2,2
snappppp,0,1,1
snapppppp,0,1,1
snapps,1,2,3
snappy,12,9,21
snaps,21,44,65
snapshop,1,1,2
snapshot,5,13,18
snapshots,3,10,13
snaptu,4,12,16
snapture,1,0,1
snapvine,1,1,2
snare,4,11,15
snares,0,3,3
snarf,1,2,3
snarfed,0,1,1
snarfing,0,2,2
snark,2,9,11
snarkies,0,1,1
snarkiness,1,0,1
snarkstock,0,1,1
snarky,8,23,31
snarkyarchies,0,1,1
snarl,4,1,5
snarled,0,1,1
snarling,2,0,2
snarls,1,0,1
snart,0,3,3
snatam,0,1,1
snatch,10,21,31
snatched,14,4,18
snatchedand,0,1,1
snatcher,0,1,1
snatchers,1,0,1
snatches,2,2,4
snatchin,1,2,3
snatching,2,2,4
snatchwars,0,1,1
snauzer,0,1,1
snax,2,1,3
snay,1,0,1
snayan,1,0,1
snayrs,0,1,1
snayup,1,0,1
snazim,1,0,1
snazy,0,1,1
snazzed,0,1,1
snazzier,0,1,1
snazzified,1,0,1
snazzy,3,18,21
snb,3,0,3
snce,2,2,4
snd,8,5,13
snday,2,0,2
snded,0,1,1
sndirian,0,1,1
snds,4,2,6
sndtrk,0,1,1
sndtwt,0,1,1
sndwch,1,0,1
sne,1,1,2
sneady,1,0,1
sneak,139,245,384
sneaked,8,8,16
sneaker,15,14,29
sneakerbeezy,0,1,1
sneakerhead,0,1,1
sneakerheads,0,1,1
sneakernet,1,0,1
sneakerplay,1,0,1
sneakerrrr,1,0,1
sneakers,48,38,86
sneakerz,1,1,2
sneakier,1,0,1
sneakily,6,3,9
sneakin,2,2,4
sneaking,38,46,84
sneakn,0,1,1
sneakout,1,0,1
sneakpeaking,1,0,1
sneakpreview,1,0,1
sneaks,13,16,29
sneaksz,1,0,1
sneaky,56,81,137
sneakyness,0,1,1
sneakywoo,0,1,1
snearly,0,1,1
sneazy,2,0,2
sned,1,1,2
snedden,0,1,1
sneddy,1,0,1
snedwan,1,1,2
snee,1,0,1
sneed,2,0,2
sneeeezing,1,0,1
sneeeze,1,0,1
sneeezy,1,0,1
sneeezzzeee,1,0,1
sneek,4,17,21
sneekee,1,0,1
sneekers,0,1,1
sneeky,2,1,3
sneer,5,0,5
sneers,1,0,1
sneesh,1,0,1
sneexes,1,0,1
sneexing,0,1,1
sneezaholic,1,0,1
sneeze,117,27,144
sneezed,60,22,82
sneezeeeeeee,0,1,1
sneezes,31,9,40
sneezey,2,0,2
sneezez,1,0,1
sneezi,1,0,1
sneezies,2,1,3
sneezin,10,0,10
sneeziness,2,0,2
sneezing,297,35,332
sneezinggg,1,0,1
sneezles,1,0,1
sneezometer,1,0,1
sneezy,27,4,31
sneezyingg,1,0,1
sneg,1,0,1
snegerz,1,0,1
sneha,0,1,1
sneighbourtv,0,2,2
sneijder,0,1,1
snejana,1,0,1
snekers,0,1,1
sneky,0,1,1
snell,0,1,1
snells,1,0,1
snellville,1,0,1
snerk,0,3,3
snes,5,13,18
snese,1,0,1
snet,0,2,2
snetterton,1,1,2
snever,0,1,1
snewtome,0,1,1
snezze,1,0,1
snf,0,1,1
sng,8,7,15
sngaja,1,1,2
snger,0,1,1
sngkat,0,1,1
sngs,1,1,2
sngtwt,0,3,3
sngz,1,0,1
sni,1,0,1
snibston,0,2,2
snice,0,2,2
snick,2,0,2
snicker,5,18,23
snickerdoodle,2,2,4
snickerdoodles,3,5,8
snickerdoooodle,1,0,1
snickered,1,0,1
snickering,2,4,6
snickers,31,47,78
snicks,0,1,1
snicole,0,1,1
snide,1,2,3
snider,1,1,2
snidey,0,1,1
snif,72,3,75
sniff,530,69,599
sniffed,1,0,1
sniffel,2,0,2
sniffels,0,1,1
sniffer,2,6,8
sniffers,2,0,2
snifff,4,0,4
sniffff,1,0,1
snifffffffffffff,1,0,1
snifffffffffffffffffsniiiifffff,1,0,1
sniffi,1,0,1
sniffie,1,0,1
sniffiles,1,0,1
sniffily,1,0,1
sniffin,0,1,1
sniffing,26,14,40
sniffle,125,6,131
sniffleeees,1,0,1
sniffles,124,16,140
sniffley,1,0,1
snifflezz,1,0,1
snifflin,2,0,2
sniffling,19,4,23
sniffly,18,3,21
sniffness,1,0,1
sniffs,24,5,29
sniffsniff,1,0,1
sniffy,2,0,2
snifilis,0,1,1
snifing,1,0,1
snifit,1,0,1
snifl,3,0,3
snifs,1,0,1
snifsnif,1,0,1
snifter,0,1,1
snifters,0,1,1
snigger,1,2,3
sniggering,1,1,2
sniggers,2,0,2
sniggles,1,1,2
snigglets,1,0,1
snight,0,1,1
sniging,1,0,1
sniif,1,0,1
sniiiff,1,0,1
sniiip,1,0,1
snikers,0,1,1
snior,0,1,1
snip,11,8,19
snipe,9,5,14
sniped,1,2,3
sniper,8,14,22
snipers,3,2,5
snipes,1,2,3
snipets,0,2,2
snipeyheaded,0,1,1
sniping,2,2,4
snipp,1,0,1
snipped,5,1,6
snippered,1,0,1
snippes,1,0,1
snippet,10,16,26
snippets,5,11,16
snipping,1,0,1
snippity,0,2,2
snippy,1,0,1
snipr,0,1,1
snips,1,0,1
snipts,1,0,1
snipurl,1,1,2
snitch,12,6,18
snitches,0,6,6
snitching,1,0,1
snitchsneeker,0,1,1
snitter,2,2,4
snitz,1,0,1
snitzel,1,1,2
snivel,3,1,4
snivelle,1,0,1
snivelly,2,0,2
snizzer,0,1,1
snkrdivamob,1,0,1
snl,134,214,348
snmc,0,2,2
snmog,1,0,1
snmp,2,0,2
snmpd,1,0,1
snmptn,1,0,1
snmt,1,3,4
snn,2,0,2
snnd,0,1,1
snnneeearrrp,0,1,1
snny,1,0,1
sno,10,12,22
snoaring,1,0,1
snob,22,18,40
snoballs,1,0,1
snobbier,0,1,1
snobbing,1,0,1
snobbishness,0,1,1
snobby,5,5,10
snobbyville,1,0,1
snobed,1,0,1
snobi,0,1,1
snobish,0,1,1
snobiz,1,0,1
snoboo,0,4,4
snobs,7,9,16
snobscrilla,0,1,1
snocone,0,2,2
snocones,0,2,2
snodgrass,1,0,1
snoepje,0,1,1
snoes,0,1,1
snof,1,0,1
snoff,0,1,1
snog,1,5,6
snogg,1,0,1
snogged,1,2,3
snogging,2,17,19
snoggings,1,0,1
snogmesaturday,0,1,1
snogs,0,2,2
snohomish,1,1,2
snoiked,1,0,1
snoinkkk,0,1,1
snokoplasm,0,1,1
snom,0,1,1
snon,1,0,1
snoo,6,2,8
snood,5,0,5
snoogles,1,0,1
snook,2,1,3
snooker,10,12,22
snookered,0,1,1
snookie,1,0,1
snookiebear,1,0,1
snookums,2,1,3
snooky,2,1,3
snoom,0,1,1
snooo,0,1,1
snoooo,0,1,1
snooooooooooooze,0,1,1
snooooooooow,0,1,1
snoooze,1,0,1
snooozy,1,0,1
snoop,12,13,25
snoopdoggs,0,1,1
snoopdoggtv,0,1,1
snooper,0,1,1
snooping,2,5,7
snoops,0,1,1
snoopy,7,18,25
snoore,0,1,1
snooring,1,0,1
snoot,0,1,1
snooter,0,1,1
snooty,6,3,9
snooww,0,1,1
snooz,1,0,1
snooze,58,69,127
snoozebuttonfail,0,1,1
snoozed,7,4,11
snoozefest,3,0,3
snoozeland,0,1,1
snoozen,0,1,1
snoozers,1,1,2
snoozes,0,1,1
snoozeville,0,3,3
snoozies,0,1,1
snoozin,2,0,2
snoozing,19,22,41
snoozy,2,1,3
snopes,1,2,3
snoqualmie,1,0,1
snor,0,1,1
snore,29,36,65
snored,4,0,4
snoree,1,0,1
snorefest,1,0,1
snorer,1,1,2
snorers,2,1,3
snores,14,17,31
snorggle,1,0,1
snorgle,2,0,2
snorin,2,2,4
snoring,109,92,201
snoringg,1,0,1
snorinq,1,0,1
snork,0,2,2
snorkel,4,8,12
snorkeled,0,2,2
snorkeling,7,11,18
snorkelling,2,0,2
snorkerling,0,1,1
snorkers,1,0,1
snorkies,0,1,1
snorkle,0,1,1
snorkling,1,4,5
snorks,1,4,5
snorning,1,0,1
snorring,2,2,4
snorrrr,0,1,1
snort,11,19,30
snorted,2,2,4
snorting,4,1,5
snortng,1,0,1
snorts,2,0,2
snory,1,0,1
snot,58,14,72
snotblocks,0,1,1
snotbuster,0,1,1
snothowexpenseswork,0,1,1
snoting,1,0,1
snotmonster,1,0,1
snots,2,0,2
snotted,1,1,2
snotting,1,0,1
snottt,1,0,1
snotty,29,8,37
snottyface,0,1,1
snounouuuuuuuuuuuu,0,1,1
snout,2,3,5
snouts,2,1,3
snova,0,1,1
snow,448,381,829
snowball,9,19,28
snowballs,3,4,7
snowbear,0,1,1
snowbelle,1,0,1
snowbie,1,0,1
snowbird,2,1,3
snowblind,1,0,1
snowblower,1,0,1
snowboard,5,11,16
snowboarded,1,0,1
snowboarder,1,2,3
snowboarders,1,0,1
snowboarding,20,14,34
snowboardlite,0,1,1
snowboards,1,1,2
snowborder,1,0,1
snowbound,1,0,1
snowbrdng,1,0,1
snowbunny,0,1,1
snowcone,2,4,6
snowcones,1,5,6
snowday,1,0,1
snowdays,1,1,2
snowdaysss,1,0,1
snowden,0,3,3
snowdon,3,2,5
snowdonia,0,4,4
snowdown,1,0,1
snowed,34,17,51
snowfall,0,2,2
snowfest,1,0,1
snowflake,3,9,12
snowflakes,1,3,4
snowglobe,1,0,1
snowglobes,1,0,1
snowheads,0,1,1
snowhite,0,2,2
snowies,1,0,1
snowin,2,0,2
snowing,113,33,146
snowinngg,1,0,1
snowleopard,1,1,2
snowlife,0,1,1
snowman,2,9,11
snowmans,0,1,1
snowmen,2,1,3
snowmobile,0,2,2
snowmobiles,0,2,2
snowparkniagara,0,1,1
snowpatrol,0,1,1
snowpea,1,0,1
snowpeas,1,0,1
snowpiling,1,0,1
snowplow,0,1,1
snowplows,1,0,1
snows,9,5,14
snowshoe,1,0,1
snowstorm,2,0,2
snowtape,1,0,1
snowtigers,1,0,1
snoww,2,0,2
snowwhite,0,2,2
snowy,13,14,27
snowys,1,0,1
snowz,1,0,1
snozberries,0,4,4
snozza,0,1,1
snozze,1,0,1
snozzle,1,0,1
snp,2,3,5
snps,1,0,1
snr,2,1,3
sns,3,7,10
snsd,5,2,7
snsherjks,1,0,1
snshine,0,1,1
snt,8,2,10
snu,2,0,2
snub,4,1,5
snubbed,6,3,9
snubbell,0,1,1
snubbing,0,2,2
snuck,33,38,71
snucklebunchbukems,0,1,1
snuckums,1,0,1
snuff,2,8,10
snuffaluffagus,1,0,1
snuffbox,1,0,1
snuffed,3,0,3
snuffel,1,0,1
snuffers,0,1,1
snuffies,1,0,1
snuffin,1,0,1
snuffing,3,1,4
snuffle,5,0,5
snuffles,2,1,3
snuffleupagus,2,1,3
snuffling,3,2,5
snuffly,8,0,8
snuffs,1,0,1
snuffy,3,0,3
snufs,1,0,1
snufsnuf,0,1,1
snug,8,17,25
snugasabuginarug,0,1,1
snugged,2,2,4
snuggeling,1,0,1
snuggggllllyy,0,1,1
snuggie,23,19,42
snuggied,0,2,2
snuggiemafia,0,2,2
snuggies,1,3,4
snuggin,0,1,1
snugging,0,1,1
snugglage,1,0,1
snuggle,128,101,229
snugglebug,1,0,1
snuggled,47,45,92
snugglefest,1,0,1
snugglehuggs,1,0,1
snuggleless,1,0,1
snuggler,0,4,4
snugglerling,0,1,1
snugglers,0,1,1
snuggles,41,38,79
snugglesnuggle,0,1,1
snuggley,1,0,1
snugglies,1,1,2
snugglin,3,13,16
snuggling,41,55,96
snuggly,12,12,24
snuggums,1,0,1
snuggy,1,1,2
snugs,7,0,7
snugz,1,0,1
snuka,1,0,1
snuna,0,1,1
snupped,0,1,1
snurffled,1,0,1
snurl,0,1,1
snus,3,5,8
snuugggllllyy,1,0,1
snuva,0,1,1
snuz,1,0,1
snuzzle,1,0,1
snw,1,0,1
sny,1,0,1
snyc,0,1,1
snyder,6,4,10
snyders,0,1,1
snypes,0,1,1
so,88511,65607,154118
soa,1,4,5
soacked,1,0,1
soad,2,0,2
soafnaea,1,0,1
soafrican,0,1,1
soag,1,0,1
soak,54,87,141
soakd,1,1,2
soaked,253,80,333
soakeddd,2,0,2
soaker,4,8,12
soakes,1,0,1
soakin,7,13,20
soaking,92,99,191
soakingg,1,0,1
soakinn,1,0,1
soakith,0,1,1
soaks,0,3,3
soal,1,5,6
soalny,2,1,3
soalnya,7,5,12
soalnyah,1,0,1
soamazing,0,1,1
soan,1,0,1
soanish,1,0,1
soap,104,146,250
soapbox,2,4,6
soapboxes,0,1,1
soapboxing,0,1,1
soaped,0,1,1
soaper,0,1,1
soapguild,0,1,1
soapies,0,1,1
soaping,1,2,3
soapland,1,0,1
soapnet,3,1,4
soapoperas,1,0,1
soaps,17,27,44
soapui,0,1,1
soapy,11,8,19
soar,70,20,90
soarand,1,0,1
soare,1,1,2
soared,1,0,1
soarele,1,0,1
soarin,2,4,6
soaring,4,6,10
soars,1,1,2
soarthroat,1,0,1
soarthroats,1,0,1
soas,0,1,1
soasked,0,1,1
soavesaturday,0,1,1
sob,324,28,352
soba,3,6,9
sobad,1,0,1
sobalds,0,1,1
sobar,1,0,1
sobbbbb,3,0,3
sobbed,5,0,5
sobbing,43,5,48
sobble,1,0,1
sobbn,1,0,1
sobbs,1,0,1
sobby,1,1,2
sobcon,2,11,13
sobe,14,12,26
sobeach,1,0,1
sobek,1,1,2
sobel,0,1,1
sobelive,1,0,1
sober,160,164,324
soberana,0,1,1
soberbob,0,1,1
soberd,0,1,1
sobered,3,3,6
sobering,10,5,15
soberingthefuckup,0,1,1
soberish,1,0,1
soberly,0,1,1
soberness,0,3,3
soberr,0,1,1
soberrecovery,0,2,2
soberrr,0,1,1
soberrrr,1,0,1
sobers,1,1,2
sobes,1,2,3
sobeys,0,1,1
sobha,0,1,1
sobi,0,1,1
sobness,1,0,1
sobo,1,1,2
soboarig,1,0,1
sobombtictic,0,1,1
sobra,3,5,8
sobrang,12,8,20
sobre,1,7,8
sobreviver,1,0,1
sobriety,8,13,21
sobrietyyyyyy,0,1,1
sobrinhas,0,1,1
sobs,79,4,83
sobsob,7,0,7
sobsobsob,1,0,1
sobss,1,0,1
sobthey,1,0,1
sobu,1,0,1
sobuki,0,2,2
sobule,1,0,1
sobummed,1,0,1
soby,0,1,1
sobys,0,1,1
soc,19,18,37
soca,6,2,8
socable,0,1,1
socail,2,0,2
socal,60,62,122
socalevo,1,0,1
socalled,1,0,1
socan,1,0,1
socap,1,0,1
socasat,0,1,1
socasitters,0,1,1
socbay,3,0,3
socca,2,0,2
socccer,1,0,1
socce,1,0,1
soccer,544,458,1002
soccerball,0,2,2
soccere,1,0,1
soccerfield,1,0,1
soccergame,2,3,5
soccering,0,1,1
soccerjunki,0,1,1
soccermom,0,1,1
socceroos,6,3,9
soccerplex,2,0,2
soccerr,1,2,3
soccerroos,0,1,1
soccers,3,0,3
soccerseems,1,0,1
soccertournament,0,1,1
soccor,2,3,5
soccur,0,1,1
soceity,1,1,2
socer,0,1,1
soces,0,1,1
soch,1,2,3
socha,1,1,2
sochi,1,0,1
sochta,0,1,1
soci,1,2,3
sociable,8,9,17
sociagami,1,0,1
social,451,741,1192
socialable,1,0,1
socialage,0,4,4
socialblade,1,0,1
socialblaster,0,1,1
socialbookshelf,0,1,1
socialcast,0,2,2
socialcom,0,1,1
socialcrm,0,1,1
socialentrepreneurapi,0,1,1
socialeyes,0,1,1
socialgood,0,2,2
socialhouse,0,1,1
socialiasation,0,1,1
socialily,1,0,1
socialise,4,6,10
socialised,0,2,2
socialising,6,6,12
socialism,7,6,13
socialist,6,11,17
socialists,0,1,1
socialite,1,5,6
socialites,1,2,3
sociality,1,0,1
socialization,1,6,7
socialize,11,5,16
socialized,2,3,5
socializin,1,0,1
socializing,6,9,15
socializovat,0,1,1
sociallifefailduetogradschool,1,0,1
socialll,1,0,1
socialluxelounge,1,0,1
socially,20,21,41
sociallynetworkedout,1,0,1
socialmedia,2,6,8
socialmediacurry,1,0,1
socialmediadouchebag,0,1,1
socialmediatv,3,0,3
socialnetworking,0,1,1
socialnetworkinglifestyle,0,1,1
socialnz,0,4,4
socialphobia,0,1,1
socialradar,0,1,1
socialrecruiting,1,2,3
socials,24,7,31
socialsaturday,1,0,1
socialscope,12,9,21
socialscopr,0,1,1
socialsoftwareblog,0,1,1
socialstudies,1,0,1
socialsunday,0,1,1
socialtees,1,0,1
socialtoo,2,3,5
socialverse,3,0,3
socialvibe,2,3,5
socialwavelength,0,1,1
socialwok,0,2,2
sociaux,0,1,1
societal,2,0,2
societe,0,1,1
societie,3,0,3
societies,1,1,2
society,160,210,370
societyyyy,0,1,1
sociey,1,0,1
socila,1,0,1
socio,6,1,7
socioeconomic,0,1,1
socioeconomically,0,1,1
sociological,0,2,2
sociologically,0,1,1
sociologie,1,0,1
sociologist,0,2,2
sociologists,0,2,2
sociology,48,50,98
sociomat,0,2,2
socioo,1,0,1
sociopath,0,2,2
sociopathic,0,2,2
sociopaths,0,1,1
socipsy,1,0,1
socity,2,0,2
socius,0,1,1
sock,69,64,133
sockband,0,1,1
socked,4,1,5
sockeing,1,0,1
socket,26,10,36
sockets,16,4,20
sockey,0,1,1
sockeye,0,1,1
socki,0,1,1
sockies,1,0,1
sockin,0,1,1
socking,1,1,2
sockington,3,4,7
sockkks,0,1,1
sockmonkeys,0,1,1
socko,0,1,1
sockpuppet,0,1,1
sockpuppetry,1,0,1
sockpuppets,0,1,1
socks,210,242,452
sockssssssssssssssssssss,0,1,1
socksy,0,1,1
sockz,0,1,1
socmed,1,3,4
socmedia,1,0,1
socnet,0,1,1
socnets,2,0,2
socnoc,1,0,1
soco,8,6,14
socolocos,1,0,1
socom,4,1,5
socorro,2,0,2
socos,1,0,1
socotit,0,1,1
socpsych,1,0,1
socrata,1,0,1
socrates,1,4,5
socratic,0,1,1
socrecruitingtweetup,1,0,1
socred,1,0,1
socsci,1,1,2
socstardom,0,2,2
socstrat,0,1,1
soctia,0,1,1
socute,1,0,1
sod,72,51,123
soda,167,143,310
sodaaaa,1,0,1
sodagreen,1,0,1
sodahead,0,1,1
sodaheads,0,1,1
sodak,2,1,3
sodas,15,13,28
sodbury,0,1,1
sodc,0,1,1
sodden,1,1,2
soddengecko,0,1,1
soddin,5,0,5
sodding,26,4,30
soddy,1,0,1
soderbergh,1,0,1
soderling,34,49,83
soderlings,0,1,1
sodesu,0,1,1
sodexho,0,1,1
sodium,16,2,18
sodmg,5,2,7
sodomized,2,0,2
sodomy,1,0,1
sodray,1,0,1
sods,16,12,28
soduku,1,0,1
sodum,1,0,1
soe,6,2,8
soeak,0,2,2
soeasyy,1,0,1
soekarno,1,0,1
soelle,0,1,1
soem,9,6,15
soemoe,0,1,1
soemone,1,2,3
soemthign,1,1,2
soemthin,0,1,1
soemthing,5,4,9
soemtimes,0,1,1
soendastreet,0,1,1
soent,0,1,1
soer,1,0,1
soeren,1,0,1
soers,0,1,1
soery,1,0,1
soeryo,1,0,1
soesnt,0,1,1
soething,0,1,1
soetimes,0,1,1
soetoro,1,0,1
soeulmates,0,3,3
soeur,1,1,2
sof,4,4,8
sofa,181,142,323
sofaa,1,0,1
sofaaaaaaaaaa,1,0,1
sofabed,1,0,1
sofaking,2,0,2
sofakinggnarly,0,1,1
sofar,3,2,5
sofas,7,4,11
sofcukingtiredbutitssoooogooood,0,1,1
soffe,0,1,1
soffees,0,2,2
soffes,0,2,2
soffff,0,1,1
soffice,1,0,1
soffiee,1,0,1
sofi,1,4,5
sofia,13,25,38
sofias,1,1,2
sofiavintage,0,1,1
sofie,4,21,25
sofies,1,0,1
sofii,0,1,1
sofis,0,1,1
sofitel,3,4,7
sofl,1,0,1
sofla,2,1,3
soflatweetup,2,0,2
soflo,1,0,1
soflotc,0,1,1
sofobomo,0,1,1
sofort,0,1,1
sofranel,1,0,1
sofree,0,1,1
sofrer,1,0,1
sofrito,1,1,2
sofro,1,0,1
soft,166,263,429
softare,1,0,1
softball,271,224,495
softballin,0,1,1
softballl,1,1,2
softballs,1,0,1
softbank,5,0,5
softbelles,0,1,1
softbelly,1,0,1
softbox,1,0,1
softcore,1,1,2
softdrink,0,2,2
softdrinks,1,0,1
softee,2,0,2
softees,1,0,1
soften,6,5,11
softened,3,2,5
softener,6,3,9
softeners,0,1,1
softening,1,1,2
softens,1,0,1
softer,3,11,14
softest,2,4,6
softie,5,9,14
softieball,0,1,1
softies,3,3,6
softish,0,1,1
softleeeey,0,1,1
softlips,1,0,1
softly,12,24,36
softmachine,0,1,1
softmod,0,2,2
softmore,1,0,1
softners,1,1,2
softnes,0,1,1
softness,0,2,2
softoy,0,1,1
softpants,1,0,1
softpaws,1,0,1
softphone,1,0,1
softsational,0,1,1
softshock,0,1,1
softsynths,0,1,1
softtt,0,1,1
softwar,1,0,1
software,509,306,815
softwares,6,7,13
softwaretesting,0,1,1
softwareupdate,1,0,1
softwate,1,0,1
softwear,4,0,4
softwere,1,0,1
softwrae,0,1,1
softwre,2,0,2
softy,6,11,17
sofware,1,3,4
sog,2,1,3
soga,1,0,1
sogar,0,2,2
sogayyyyyy,1,0,1
sogenannte,0,1,1
sogg,1,0,1
soggers,0,1,1
soggggy,1,0,1
sogginess,0,1,1
soggiorno,0,1,1
soggy,99,28,127
soggyboggyfoggy,1,0,1
soggybottom,0,1,1
sogladthaticoulddm,0,1,1
sogni,0,3,3
sogns,0,1,1
sognsvann,0,1,1
sogo,2,1,3
sogonna,1,0,1
sogoodnyt,0,1,1
soh,2,2,4
soha,1,3,4
soham,0,1,1
sohcahtoa,1,0,1
sohe,0,1,1
sohee,1,1,2
sohiereed,0,1,1
sohini,1,0,1
sohn,0,1,1
sohna,0,1,1
soho,19,36,55
sohogrill,1,0,1
sohooo,0,1,1
sohotel,1,0,1
sohw,0,1,1
soi,3,5,8
soia,0,1,1
soial,1,0,1
soichi,0,1,1
soign,1,0,1
soigner,1,0,1
soil,38,40,78
soild,1,0,1
soilder,2,1,3
soilderknowbest,1,0,1
soiled,2,4,6
soils,1,1,2
soilwork,0,1,1
soin,1,0,1
soincrediblyexcited,1,0,1
soing,1,1,2
soinlovewithlife,0,1,1
soinma,0,1,1
soir,4,11,15
soire,0,1,1
soiree,10,8,18
soirees,1,0,1
soirette,0,1,1
sois,0,1,1
sojasausages,0,1,1
sojealous,0,1,1
sojh,0,1,1
sojourn,2,2,4
soju,2,7,9
sojufied,2,0,2
sok,2,6,8
soka,0,5,5
sokai,0,1,1
sokay,3,4,7
sokd,0,1,1
soke,1,1,2
soked,1,0,1
soken,0,1,1
sokfdsjfksdjfksdjkfjsd,1,0,1
sokhna,0,1,1
sokka,3,1,4
sokkk,1,0,1
soko,1,2,3
sokoban,1,0,1
soktopost,0,1,1
sol,37,32,69
sola,5,3,8
solace,22,15,37
solage,0,2,2
solana,1,6,7
solanders,1,0,1
solange,10,13,23
solangel,0,1,1
solank,0,1,1
solapur,1,0,1
solar,36,68,104
solarboy,1,0,1
solarcaine,2,0,2
solarfest,0,1,1
solarheat,0,1,1
solaris,6,14,20
solarium,1,0,1
solariummmm,0,1,1
solarnoj,0,1,1
solarpanel,0,1,1
solars,1,1,2
solasunder,0,1,1
solat,2,2,4
solaw,0,1,1
solbitol,1,0,1
solbs,0,1,1
sold,1614,410,2024
solded,2,0,2
solder,5,3,8
soldered,0,1,1
soldering,17,4,21
solders,0,1,1
soldier,52,48,100
soldiering,3,1,4
soldiers,27,25,52
soldout,11,3,14
soldup,1,0,1
sole,25,16,41
solea,0,1,1
soleado,0,1,1
solec,0,1,1
soled,3,1,4
soledad,1,2,3
solei,0,1,1
soleil,12,21,33
soleing,0,1,1
solely,13,10,23
solemly,1,0,1
solemn,4,4,8
solemnisation,0,1,1
solemnity,0,1,1
solemnly,0,1,1
solen,1,2,3
solenoid,0,1,1
solent,2,4,6
soler,0,2,2
solero,1,5,6
soles,11,8,19
solesito,1,0,1
soletrader,1,0,1
soletrando,1,0,1
soleus,1,0,1
solevites,0,1,1
soley,1,2,3
soleymani,0,1,1
solfege,1,2,3
solfeggio,0,1,1
solferino,1,0,1
solfing,1,0,1
solia,0,1,1
solice,1,0,1
solicit,1,1,2
solicitation,0,1,1
solicitations,1,0,1
solicited,0,1,1
soliciting,3,2,5
solicitor,10,1,11
solicitors,5,4,9
solicitude,0,1,1
solicting,1,0,1
solictor,1,0,1
solid,152,150,302
solidadrocks,0,1,1
solidarity,8,6,14
solidartiy,1,0,1
solider,1,0,1
soliders,3,1,4
solidier,1,0,1
solidiers,0,1,1
solidified,4,3,7
solidifies,1,0,1
solidify,0,1,1
solidkod,0,1,1
solidly,2,5,7
solids,10,2,12
solidsyn,0,1,1
solidworks,2,5,7
solifer,1,0,1
solihull,4,2,6
solild,1,0,1
solile,1,0,1
soliliqy,0,1,1
solio,1,1,2
soliola,1,0,1
solip,1,0,1
solipsism,0,1,1
solipsistic,0,1,1
solis,2,2,4
solise,0,1,1
solistice,1,0,1
solita,2,0,2
solitaire,9,20,29
solitaires,0,1,1
solitare,7,8,15
solitary,10,7,17
solito,1,0,1
solitos,1,0,1
solits,1,0,1
solitude,8,12,20
solixir,1,0,1
soll,0,4,4
solla,2,0,2
sollange,0,1,1
solliee,1,0,1
solllid,0,1,1
sollte,1,0,1
solly,2,1,3
sollywolly,1,0,1
soln,2,1,3
solnischko,0,1,1
solnishko,0,1,1
solo,206,199,405
solocypher,0,1,1
sologan,0,1,1
soloing,1,1,2
soloist,3,11,14
soloists,1,1,2
soloman,1,1,2
solome,1,0,1
solomon,0,11,11
solomons,0,1,1
solon,1,1,2
solong,0,1,1
solopreneur,0,1,1
solos,7,15,22
soloviev,0,1,1
solpadol,1,0,1
solr,3,2,5
sols,2,0,2
solsbury,0,1,1
solsitce,1,0,1
solsolsol,0,2,2
solstace,2,0,2
solstice,54,12,66
soltace,1,0,1
soltan,1,1,2
soltice,1,0,1
soltstice,1,0,1
solu,1,0,1
soluble,1,0,1
soluja,1,0,1
soluna,1,0,1
solunathegold,1,0,1
solur,0,1,1
solution,158,176,334
solutioning,0,1,1
solutionish,0,1,1
solutions,24,36,60
solutionsforarainyday,0,1,1
solvable,1,0,1
solvalla,0,1,1
solvang,1,4,5
solve,79,86,165
solveable,0,1,1
solvecoagula,0,1,1
solved,61,124,185
solvent,5,1,6
solver,0,1,1
solvers,1,1,2
solves,9,18,27
solving,20,30,50
soly,1,1,2
solya,0,1,1
som,49,72,121
soma,4,7,11
somaethin,0,1,1
somai,0,1,1
somaieh,1,0,1
somake,1,0,1
somali,3,2,5
somalia,2,1,3
somalian,1,0,1
somaliland,0,1,1
somalions,1,0,1
somalis,1,1,2
somanshu,0,1,1
somas,1,0,1
somasegar,1,0,1
somasochist,1,0,1
somat,2,0,2
somatic,3,0,3
somaya,3,8,11
somber,13,2,15
somberly,1,0,1
sombody,9,2,11
sombong,3,5,8
sombongnya,1,0,1
sombra,0,1,1
sombre,2,0,2
sombrero,4,8,12
sombreros,0,3,3
sombrerosquad,1,0,1
somchai,1,0,1
somday,1,1,2
some,19187,26706,45893
somebad,1,0,1
somebdy,1,0,1
someboday,1,1,2
somebode,1,0,1
somebodies,3,5,8
somebody,868,441,1309
somebodyelse,1,0,1
somebodys,3,2,5
somebodyy,0,1,1
somebodyys,1,0,1
somebodyyyy,1,0,1
somechicks,0,1,1
somed,0,1,1
someda,2,0,2
somedaaaaaay,0,1,1
someday,208,417,625
somedayl,0,1,1
somedays,19,5,24
somedayz,1,0,1
somedbody,0,1,1
somee,7,13,20
someearly,1,0,1
someecard,1,0,1
someecards,0,1,1
someee,3,4,7
someeebodyysss,0,1,1
someeee,2,1,3
someeeeday,1,0,1
someeeeeeee,1,0,1
someeeeeeeee,1,0,1
someetimee,0,1,1
somefin,3,1,4
somefing,0,2,2
somefink,1,1,2
somefinn,0,1,1
somefinnn,1,0,1
somegood,0,1,1
somehere,1,0,1
somehing,3,1,4
somehow,658,394,1052
somehoww,1,0,1
somehting,10,4,14
somehunny,0,1,1
somehw,1,0,1
somehwere,2,5,7
somehweres,0,1,1
somehwhere,0,1,1
somehwre,1,0,1
someine,1,1,2
someing,0,2,2
somekind,0,1,1
somel,0,1,1
somelikeitvlogged,0,1,1
somelst,0,1,1
somemodel,0,2,2
somemone,1,0,1
somemore,10,5,15
somen,3,0,3
somene,2,1,3
somente,1,0,1
somenthing,1,0,1
someobody,0,1,1
someody,1,0,1
someoen,2,1,3
someome,1,3,4
someon,5,1,6
someone,7383,4125,11508
someonechangedit,1,0,1
someonee,11,4,15
someoneee,1,2,3
someoneeee,3,0,3
someoneeeee,0,1,1
someoneeeeee,1,0,1
someonehiremeplease,1,0,1
someoneismissingme,1,0,1
someones,125,91,216
someonetell,1,0,1
someoneunderstands,1,0,1
someonez,1,0,1
someong,0,1,1
someonne,1,0,1
someonnee,1,0,1
someonnnneeeeee,0,1,1
someonr,1,0,1
someonre,1,0,1
someonw,1,0,1
someoooone,1,0,1
someother,2,0,2
someothing,0,1,1
somepeople,1,3,4
someplace,10,27,37
someplease,1,0,1
somepoint,2,2,4
somera,0,1,1
somereally,0,1,1
somerealshit,1,0,1
somereason,1,1,2
somerfield,4,2,6
somersault,0,3,3
somersaults,0,2,2
somerset,26,18,44
somersett,0,1,1
somerville,8,3,11
somerwhere,0,1,1
somes,4,3,7
somesaid,1,0,1
somesang,1,0,1
somesing,1,0,1
somesome,1,0,1
somesso,0,3,3
somesuch,1,2,3
somet,2,2,4
someth,2,2,4
somethang,0,1,1
somethangg,1,0,1
somethg,1,1,2
somethibg,1,0,1
somethig,5,3,8
somethign,6,9,15
somethiiiing,3,0,3
somethiing,3,1,4
somethimes,2,2,4
somethin,224,225,449
somethine,2,0,2
something,7558,6769,14327
somethingaboutmary,0,1,1
somethingbfor,1,0,1
somethinged,1,0,1
somethingfail,1,0,1
somethingfor,0,1,1
somethingg,3,7,10
somethinggg,4,2,6
somethingggg,0,1,1
somethinggggg,1,0,1
somethinggs,1,0,1
somethinglikeaphenomena,0,1,1
somethings,105,41,146
somethingsbroken,1,0,1
somethingsomething,0,1,1
somethingyou,1,0,1
somethinh,2,0,2
somethink,2,0,2
somethinn,3,1,4
somethinng,0,1,1
somethinngg,1,0,1
somethinnn,0,1,1
somethinq,2,1,3
somethinqs,1,0,1
somethins,1,0,1
somethn,3,3,6
somethng,6,5,11
somethong,1,0,1
somethting,2,0,2
someti,0,1,1
sometiems,1,0,1
sometiendole,1,0,1
someties,0,1,1
sometihg,1,0,1
sometihing,0,1,1
sometiimes,1,1,2
sometim,0,1,1
sometime,410,764,1174
sometimee,0,1,1
sometimeees,1,0,1
sometimes,2013,1770,3783
sometimeslife,2,0,2
sometimess,2,1,3
sometimessss,0,1,1
sometimesyouleave,0,1,1
sometimez,0,1,1
sometimg,1,0,1
sometimorrow,0,1,1
sometims,1,0,1
sometin,2,2,4
sometines,0,2,2
someting,13,15,28
sometinhggg,1,0,1
sometthing,2,0,2
sometym,0,1,1
sometype,1,0,1
somewair,1,0,1
someware,1,0,1
someway,6,4,10
someways,0,1,1
somewere,4,2,6
somewhat,159,185,344
somewheeeere,0,1,1
somewhen,1,0,1
somewher,2,0,2
somewhere,918,788,1706
somewheree,1,0,1
somewhereee,1,0,1
somewhereeee,0,1,1
somewhereeeee,0,1,1
somewheres,0,1,1
somewherewewentwrongourloveislikeasongbutyouwontsingalong,0,1,1
somewherrreeeeee,1,0,1
somewhone,1,0,1
somewhr,1,2,3
somewhre,2,0,2
somewhwere,0,1,1
somework,2,0,2
somex,0,1,1
somexs,0,1,1
somey,1,0,1
someytimes,1,0,1
somfin,0,1,1
somhow,2,1,3
somin,1,2,3
soming,1,0,1
somke,0,1,1
somlang,0,1,1
somma,0,2,2
sommaren,0,1,1
sommat,2,0,2
somme,5,4,9
sommeday,1,0,1
sommeil,0,1,1
sommelier,2,1,3
sommer,4,5,9
sommerbier,0,4,4
sommerfield,1,1,2
sommerland,0,1,1
sommers,2,1,3
sommerset,0,1,1
sommersprossen,0,1,1
sommertrend,0,1,1
sommerville,1,0,1
sommes,0,1,1
sommet,0,2,2
sommin,2,0,2
sommlier,0,1,1
sommmeee,1,0,1
sommmme,1,0,1
sommmmmmme,1,0,1
sommy,0,1,1
somn,5,4,9
somnolenta,0,1,1
somnul,1,1,2
somo,0,4,4
somoen,1,0,1
somoeones,1,0,1
somone,28,13,41
somones,2,1,3
somore,1,0,1
somos,2,2,4
somp,0,1,1
sompany,0,1,1
somr,2,1,3
somrone,0,1,1
soms,1,0,1
somsi,0,1,1
somtehing,0,1,1
somthimg,0,1,1
somthin,11,9,20
somthing,75,36,111
somthinglike,1,0,1
somthings,1,0,1
somthinnn,0,1,1
somthn,1,2,3
somthng,1,0,1
somtime,2,2,4
somtimes,4,9,13
somting,1,0,1
somto,1,0,1
somuch,4,4,8
somuchforbrandinglexassmart,0,1,1
somuchfunnnn,0,1,1
somuchhh,0,1,1
somuchmorehawaii,0,1,1
somw,1,3,4
somwehre,1,1,2
somwhat,1,0,1
somwher,1,0,1
somwhere,2,8,10
somy,0,1,1
somyhing,0,1,1
son,1167,1199,2366
sona,3,1,4
sonacom,0,1,1
sonaecom,0,1,1
sonando,0,1,1
sonante,1,0,1
sonar,21,11,32
sonarkids,1,0,1
sonasphere,1,0,1
sonata,8,11,19
sonatas,0,1,1
sonate,1,0,1
sonay,0,1,1
sond,0,2,2
sondaj,0,1,1
sonday,6,1,7
sondays,1,0,1
sonder,1,0,1
sondheim,3,0,3
sondhi,0,2,2
sondra,2,2,4
sondre,0,1,1
sonds,1,1,2
sone,2,8,10
soneca,0,1,1
sonen,0,1,1
soneone,1,0,1
soneones,0,1,1
soner,0,1,1
sonera,0,1,1
sonetime,0,1,1
song,2668,7386,10054
songb,0,1,1
songbird,14,4,18
songbirds,2,2,4
songbmg,0,1,1
songbombed,0,1,1
songbook,2,3,5
songbooktv,0,5,5
songbox,0,1,1
songchange,0,1,1
songcry,1,0,1
songcrying,1,0,1
songd,0,1,1
songfest,0,2,2
songfestival,1,2,3
songfic,1,0,1
songfor,0,1,1
songg,7,25,32
songgg,4,12,16
songggg,0,4,4
songgggg,2,1,3
songggggg,1,0,1
songgggggg,0,1,1
songggggggg,0,1,1
songggggggggg,1,0,1
songgggggggggg,0,1,1
songgoeswrongs,1,0,1
songgs,0,2,2
songing,0,2,2
songkick,0,2,2
songkicker,1,0,1
songkran,1,0,1
songlist,0,1,1
songoftheday,1,1,2
songs,1124,2299,3423
songsalive,1,0,1
songsduringsex,0,1,1
songsfor,1,0,1
songsies,0,1,1
songss,0,4,4
songsss,1,2,3
songssss,2,1,3
songssssssssss,1,0,1
songsters,1,0,1
songstress,0,1,1
songstuckinmyheadwheniwokeup,1,0,1
songsyouusedtolove,0,1,1
songtekst,0,1,1
songtext,0,1,1
songtitles,0,1,1
songtwit,0,1,1
songwhat,1,0,1
songwriter,2,31,33
songwriters,2,2,4
songwriting,4,15,19
songxx,0,1,1
songy,0,2,2
songz,34,47,81
songzyuuup,0,1,1
sonhos,0,3,3
sonhosdouradoss,0,1,1
soni,1,0,1
sonia,11,19,30
sonias,0,2,2
sonic,184,162,346
sonica,0,2,2
sonicate,1,0,1
sonice,0,1,1
sonics,15,9,24
sonicsring,0,1,1
sonicvirgins,0,1,1
sonido,1,1,2
sonie,1,0,1
sonifi,1,1,2
soniias,0,1,1
soniinho,1,0,1
sonik,1,0,1
sonikins,1,0,1
sonim,1,2,3
soninho,8,2,10
sonipshere,1,0,1
sonique,6,2,8
sonis,2,0,2
sonisphere,9,6,15
sonja,4,6,10
sonjas,1,0,1
sonlandirmaya,0,1,1
sonlong,1,0,1
sonn,2,8,10
sonnanstine,0,1,1
sonne,0,2,2
sonnenbrand,1,0,1
sonnenbrille,1,0,1
sonnenrot,0,1,1
sonner,2,0,2
sonnet,5,5,10
sonnetmusic,0,1,1
sonnets,0,2,2
sonnetsunday,0,1,1
sonney,0,1,1
sonng,1,1,2
sonni,1,1,2
sonnie,0,1,1
sonnigen,0,1,1
sonnn,0,1,1
sonnngg,0,1,1
sonnnggg,0,1,1
sonnnn,1,1,2
sonnnng,1,0,1
sonnnnn,1,0,1
sonnnnng,0,1,1
sonnnnnn,1,0,1
sonnnny,0,1,1
sonnny,1,0,1
sonntag,1,2,3
sonntags,1,0,1
sonnuva,1,0,1
sonny,67,190,257
sonnycentral,0,1,1
sonnys,0,5,5
sonnyssss,0,1,1
sonnywithachance,1,3,4
sonnyy,0,1,1
sonnyyy,1,0,1
sono,31,12,43
sonochurchtoday,0,1,1
sonofa,1,1,2
sonofab,1,0,1
sonofabeetch,1,0,1
sonofabitch,4,1,5
sonofva,1,0,1
sonogram,2,4,6
sonoma,23,4,27
sonooo,0,1,1
sonoooooooooooooooo,1,0,1
sonora,1,4,5
sonoran,1,3,4
sonoras,0,1,1
sonore,0,1,1
sonorous,0,1,1
sonos,1,1,2
sonotjazzi,1,0,1
sonotnice,0,1,1
sonpari,1,0,1
sonq,2,9,11
sonqq,1,1,2
sonqs,0,1,1
sonqz,0,2,2
sonqzz,0,1,1
sonra,0,1,1
sonrie,0,1,1
sonrisa,0,2,2
sonrise,0,2,2
sons,86,76,162
sonsbeek,1,0,1
sonseed,0,1,1
sonshine,3,2,5
sonsofanarchy,0,1,1
sonst,2,1,3
sont,9,0,9
sontag,1,0,1
sonteam,1,0,1
sontic,1,0,1
sonto,1,0,1
sonu,1,0,1
sonx,0,1,1
sony,202,168,370
sonya,7,13,20
sonyas,0,1,1
sonye,1,1,2
sonyericsson,2,2,4
sonyfail,1,0,1
sonyo,0,1,1
sonys,4,4,8
sonystyle,0,1,1
sonysucks,1,0,1
sonywalkmanphonegay,1,0,1
sonywisnupradana,0,1,1
sonz,0,1,1
soo,2999,2223,5222
soob,1,0,1
soobbbbb,1,0,1
soobored,1,0,1
sooccciiiooollloooggggyyyyyy,1,0,1
sood,0,2,2
soodhun,1,0,1
soodle,1,0,1
sooft,1,0,1
soofuckinggross,1,0,1
soohooo,1,0,1
sook,9,2,11
sooke,0,1,1
sooked,0,1,1
sookeh,0,1,1
sooken,0,1,1
sookie,27,21,48
sooking,1,0,1
sookis,0,1,1
sooks,0,2,2
sooky,7,1,8
sookyeong,0,1,1
sool,0,1,1
soom,3,0,3
soome,1,2,3
soomeone,1,1,2
soomethin,1,0,1
soomething,1,0,1
soomies,0,1,1
soommeday,1,0,1
soommeee,1,0,1
soompi,1,1,2
soompiers,1,0,1
soomuch,3,1,4
soon,8528,9315,17843
soona,2,0,2
soonage,1,2,3
soonagin,1,0,1
soonb,1,0,1
soonbut,1,0,1
soond,0,1,1
soondooboo,0,1,1
soone,1,2,3
sooneeeerrrrr,1,0,1
sooner,275,203,478
soonercon,1,0,1
sooners,1,3,4
soonest,6,4,10
soong,0,2,2
soongg,0,1,1
sooniess,0,1,1
soonio,1,0,1
soonish,22,20,42
soonly,0,1,1
soonn,7,7,14
soonnn,2,4,6
soonnnn,0,1,1
soonnnnn,2,0,2
soonnnnnn,1,0,1
soono,0,1,1
soononly,0,1,1
soons,2,2,4
soontobecaffeine,1,0,1
soontobecaffiene,1,0,1
soonxx,1,0,1
soonz,3,0,3
sooo,3732,2503,6235
sooob,1,0,1
sooobadly,1,0,1
sooober,0,1,1
sooocute,0,1,1
sooogooood,0,1,1
soooi,2,2,4
soooie,0,1,1
soooii,0,1,1
soooio,1,1,2
sooolucky,1,0,1
sooomay,0,1,1
sooome,1,1,2
sooomuch,1,0,1
sooon,69,85,154
soooner,1,2,3
sooonerrrr,0,1,1
sooong,0,2,2
sooonic,0,1,1
sooonish,0,1,1
sooonn,1,2,3
sooonnn,1,3,4
sooonnngg,1,0,1
sooonnnnn,1,0,1
sooonnnnnnn,0,1,1
sooono,1,0,1
soooo,2318,1518,3836
soooobbss,1,0,1
soooocool,0,1,1
sooooi,1,0,1
sooooiooo,0,1,1
soooom,1,0,1
soooome,0,3,3
soooomuchh,0,1,1
soooon,33,50,83
sooooner,1,0,1
soooong,0,3,3
soooonies,1,0,1
soooonn,0,2,2
soooonnn,1,2,3
soooonnnn,0,1,1
soooonnnnn,1,0,1
soooono,1,0,1
soooonshiiiiiine,0,1,1
sooooo,1025,577,1602
sooooocks,0,1,1
soooooi,1,0,1
sooooome,2,1,3
sooooometimes,1,0,1
sooooon,18,44,62
sooooonggg,0,1,1
sooooonish,0,1,1
sooooonn,1,1,2
sooooonnn,1,1,2
sooooonnnn,1,1,2
sooooonnnnn,0,1,1
soooooo,508,306,814
soooooolucky,1,0,1
soooooomebody,1,0,1
soooooon,11,17,28
soooooong,0,1,1
soooooonn,0,1,1
soooooonnnnnnnnn,1,0,1
sooooooo,269,123,392
sooooooomone,1,0,1
sooooooon,8,10,18
sooooooong,0,1,1
soooooooo,164,79,243
sooooooooft,0,1,1
soooooooon,6,3,9
soooooooonnn,0,1,1
soooooooonnnnnnn,0,1,1
sooooooooo,100,52,152
sooooooooon,2,5,7
soooooooooo,71,42,113
soooooooooon,2,2,4
sooooooooooo,45,36,81
sooooooooooon,1,1,2
soooooooooooo,36,15,51
soooooooooooon,0,1,1
sooooooooooooo,26,9,35
soooooooooooooo,21,11,32
soooooooooooooon,1,0,1
sooooooooooooooo,14,6,20
sooooooooooooooon,1,0,1
soooooooooooooooo,9,6,15
sooooooooooooooooo,12,1,13
sooooooooooooooooon,1,1,2
soooooooooooooooooo,3,4,7
sooooooooooooooooooo,11,4,15
sooooooooooooooooooon,0,1,1
soooooooooooooooooooo,7,1,8
sooooooooooooooooooooo,3,4,7
soooooooooooooooooooooo,3,2,5
soooooooooooooooooooooon,0,1,1
sooooooooooooooooooooooo,4,1,5
sooooooooooooooooooooooon,0,1,1
soooooooooooooooooooooooo,1,0,1
sooooooooooooooooooooooooo,2,0,2
soooooooooooooooooooooooooo,1,0,1
sooooooooooooooooooooooooooo,3,0,3
sooooooooooooooooooooooooooooo,1,1,2
soooooooooooooooooooooooooooooooo,1,0,1
soooooooooooooooooooooooooooooooon,0,1,1
sooooooooooooooooooooooooooooooooo,0,1,1
soooooooooooooooooooooooooooooooooo,0,2,2
soooooooooooooooooooooooooooooooooooo,2,0,2
sooooooooooooooooooooooooooooooooooooo,2,0,2
sooooooooooooooooooooooooooooooooooooooooo,2,0,2
sooooooooooooooooooooooooooooooooooooooooooo,0,1,1
soooooooooooooooooooooooooooooooooooooooooooo,0,2,2
soooooooooooooooooooooooooooooooooooooooooooooo,1,0,1
soooooooooooooooooooooooooooooooooooooooooooooooooooooooooooooooooooo,1,0,1
sooooooooooooooooooooooooooooooooooooooooooooooooooooooooooooooooooooooooooooooooo,1,0,1
sooooooooooooooooooooooooooooooooooooooooooooooooooooooooooooooooooooooooooooooooooo,1,0,1
soooooooooooooooooooooooooooooooooooooooooooooooooooooooooooooooooooooooooooooooooooooooooooo,1,0,1
sooooooooory,1,0,1
soooooooper,1,0,1
sooooooopj,1,0,1
sooooooore,1,0,1
soooooooree,1,0,1
sooooooorray,1,0,1
sooooooorrry,1,0,1
sooooooory,1,0,1
sooooooothing,0,1,1
soooooop,1,0,1
soooooore,1,0,1
soooooorrryyyyy,1,0,1
soooooper,0,1,1
sooooore,3,0,3
sooooorry,1,0,1
sooooory,2,0,2
sooooper,1,1,2
soooore,2,0,2
sooooreee,1,0,1
soooorrry,1,1,2
soooorrryyy,2,0,2
soooorrryyyyy,0,1,1
soooorry,0,1,1
soooory,3,1,4
soooosososossosoos,1,0,1
soooou,1,0,1
sooooul,0,2,2
sooooup,1,1,2
soooouuuup,1,0,1
soooouuuuuulllllllllllllll,0,1,1
soooper,5,3,8
sooore,2,0,2
soooreeee,1,0,1
sooorrreeee,1,0,1
sooorrrryyyyyy,1,0,1
sooorrry,0,1,1
sooorry,5,1,6
sooory,2,0,2
sooosad,1,0,1
sooosooosooo,1,0,1
sooososo,0,1,1
sooouie,0,1,1
soooup,0,1,1
sooour,1,0,1
sooow,1,1,2
soop,0,1,1
soopa,0,1,1
soopafly,0,1,1
soopah,1,0,1
sooped,1,0,1
sooper,3,4,7
soopervize,0,1,1
soophiees,0,1,1
soophj,1,0,1
soopid,0,1,1
soopoooo,1,0,1
sooq,1,0,1
soori,1,0,1
sooro,1,0,1
soorreeee,0,1,1
soorrrreeeeeey,1,0,1
soorrry,1,0,1
soorrryyy,2,2,4
soorry,2,0,2
soorryy,1,1,2
soory,7,3,10
sooryy,2,0,2
soos,0,1,1
sooso,0,1,1
soosooo,0,1,1
soososo,0,1,1
soososos,1,0,1
soososososo,1,0,1
soot,2,2,4
sooth,1,2,3
soothe,25,9,34
soothed,0,1,1
soother,0,1,1
soothers,4,1,5
soothes,3,17,20
soothie,2,0,2
soothin,2,0,2
soothing,27,66,93
sooths,1,3,4
soothsayer,0,1,1
sootie,0,1,1
soots,0,1,1
sooty,4,3,7
soou,1,1,2
soow,2,0,2
soowe,0,1,1
sooweeee,1,0,1
soowwwi,1,0,1
sooy,0,1,1
soozed,1,0,1
soozer,1,0,1
soozie,1,0,1
sop,6,7,13
sopa,1,5,6
sopan,1,0,1
sopapilla,0,1,1
sopapillas,0,3,3
sopas,2,2,4
sopcast,1,1,2
soper,0,1,1
sopes,1,0,1
soph,27,18,45
sopha,1,0,1
sophalicious,1,0,1
sophan,0,1,1
sophi,3,1,4
sophia,41,55,96
sophiafresh,0,1,1
sophias,2,1,3
sophie,96,131,227
sophiee,0,2,2
sophieee,2,2,4
sophieeeee,0,1,1
sophiehattch,1,0,1
sophieknowsbest,0,1,1
sophiep,1,0,1
sophies,10,8,18
sophiesuds,0,1,1
sophiex,0,1,1
sophii,1,0,1
sophiiie,1,0,1
sophisticated,7,18,25
sophistication,0,1,1
sophiuss,0,1,1
sophlaaa,1,0,1
sophmore,11,7,18
sophmores,5,0,5
sophomore,28,37,65
sophomoreeee,0,1,1
sophomores,4,2,6
sophomre,1,2,3
sophos,0,1,1
sophp,1,0,1
sophs,3,3,6
sophsteeeeer,1,0,1
sophy,0,1,1
sophyee,1,0,1
sophyees,0,1,1
sopinions,0,1,1
sopitup,0,1,1
sopme,0,2,2
sopn,1,0,1
sopo,1,1,2
soporific,1,2,3
soporta,1,0,1
soporte,1,0,1
sopose,1,0,1
soposed,3,0,3
sopossed,1,0,1
sopphisticated,0,1,1
sopping,3,1,4
soppised,1,0,1
soppose,0,1,1
soppourt,0,1,1
soppy,2,9,11
soprano,9,7,16
sopranooo,1,0,1
sopranos,11,16,27
soproudofyou,1,0,1
sops,3,1,4
sopsyched,1,0,1
sopund,1,0,1
sor,9,5,14
sora,3,0,3
sorabal,1,0,1
soraia,1,0,1
sorana,3,3,6
soras,1,0,1
sorat,0,1,1
soraya,3,1,4
sorayama,1,0,1
sorbet,8,22,30
sorbitol,1,0,1
sorbo,0,1,1
sorbonne,0,1,1
sorcar,0,1,1
sorce,0,1,1
sorcerer,2,4,6
sorcerers,1,0,1
sorceress,1,5,6
sorceror,1,1,2
sorcery,1,3,4
sorcha,3,3,6
sorcher,0,1,1
sorda,1,1,2
sordid,1,4,5
sore,3373,482,3855
soready,1,0,1
soreal,1,2,3
sorealcru,3,0,3
sorealcrutv,1,1,2
sorebutiwillrecover,0,1,1
soree,11,1,12
soreee,17,1,18
soreeee,5,1,6
soreeeee,5,0,5
soreeeeee,2,0,2
soreeeeeeee,1,0,1
soreeeeeeeeeeee,1,0,1
soreen,0,1,1
sorehead,1,0,1
sorell,0,1,1
sorella,1,0,1
sorely,44,8,52
soren,3,3,6
soreness,19,12,31
sorensen,0,1,1
sorer,4,0,4
sores,22,0,22
soresoresore,1,0,1
sorest,11,1,12
sorethroat,11,1,12
sorethroats,1,0,1
sorez,1,0,1
sorfe,1,0,1
sorge,0,2,2
sorhor,1,0,1
sori,23,6,29
soriano,2,2,4
soriee,1,0,1
soriez,0,1,1
soring,2,0,2
sork,2,1,3
sorka,1,0,1
sorkin,2,1,3
sorli,1,0,1
soro,0,1,1
sorocaba,1,0,1
soror,3,17,20
sororities,1,1,2
sorority,11,16,27
sorors,5,5,10
soround,1,0,1
sorozatjunkie,0,1,1
sorpor,1,0,1
sorprender,0,1,1
sorprise,0,1,1
sorpse,0,1,1
sorr,3,2,5
sorraayy,0,1,1
sorray,2,1,3
sorraya,0,1,1
sorre,1,1,2
sorree,2,0,2
sorreeee,1,1,2
sorreeeeeee,1,0,1
sorreez,1,0,1
sorreh,6,1,7
sorrel,0,1,1
sorrenti,1,0,1
sorrento,0,6,6
sorrfor,1,0,1
sorri,11,3,14
sorridente,0,1,1
sorrie,7,4,11
sorried,1,0,1
sorrieee,2,0,2
sorries,14,3,17
sorriessszszs,1,0,1
sorriest,0,1,1
sorrii,1,1,2
sorrir,0,1,1
sorriso,1,0,1
sorriz,0,1,1
sorronda,0,1,1
sorrors,0,1,1
sorrounded,1,1,2
sorrow,39,16,55
sorrowfulness,1,0,1
sorrowing,1,0,1
sorrows,48,17,65
sorroz,1,0,1
sorrrie,0,1,1
sorrrrrrrrrrrrrrrrrrrrrrrrrry,1,0,1
sorrrrrrrrrrrrrry,1,0,1
sorrrrrrrrrrry,2,0,2
sorrrrrrrrry,2,1,3
sorrrrrrrry,1,0,1
sorrrrrrrta,1,0,1
sorrrrrrry,4,1,5
sorrrrrry,5,1,6
sorrrrrryyy,2,0,2
sorrrrry,17,2,19
sorrrrrys,0,1,1
sorrrrryy,0,1,1
sorrrrryyy,2,0,2
sorrrry,21,2,23
sorrrryy,6,0,6
sorrrryyy,3,1,4
sorrrryyyy,1,0,1
sorrrryyyyy,1,1,2
sorrrryyyyyy,1,0,1
sorrrryyyyyyyyyyyy,1,0,1
sorrry,56,9,65
sorrryy,1,1,2
sorrryyy,4,1,5
sorrryyyy,5,1,6
sorrryyyyy,1,0,1
sorru,1,1,2
sorrwee,1,0,1
sorrx,0,1,1
sorry,20940,5382,26322
sorryfor,0,1,1
sorryfornoupdatesonanyofmysites,1,0,1
sorrylove,0,1,1
sorrymong,0,1,1
sorrys,4,0,4
sorrysaturday,0,2,2
sorrysorry,0,1,1
sorrysorrysorryyyy,0,1,1
sorryto,1,0,1
sorryu,0,1,1
sorryy,22,4,26
sorryyouhaftalisten,1,0,1
sorryyy,28,7,35
sorryyyy,15,0,15
sorryyyyy,7,0,7
sorryyyyyy,2,1,3
sorryyyyyyy,2,0,2
sorryyyyyyyy,2,0,2
sorryyyyyyyyyy,2,0,2
sorryyyyyyyyyyyyyyy,1,0,1
sorryz,2,0,2
sorryzies,2,0,2
sorsogon,1,0,1
sort,802,691,1493
sorta,189,159,348
sortaa,0,1,1
sortaaa,2,1,3
sortah,1,0,1
sortd,1,0,1
sorte,2,5,7
sorted,193,325,518
sortedand,1,0,1
sortedd,0,1,1
sorten,0,1,1
sorter,0,1,1
sortie,3,2,5
sortin,2,2,4
sorting,138,150,288
sortium,1,0,1
sortland,0,1,1
sortn,1,0,1
sortof,6,1,7
sortor,1,0,1
sorts,93,97,190
sortta,1,0,1
sortting,0,1,1
sortudo,1,0,1
sortve,1,0,1
sorty,2,0,2
sorunlu,1,0,1
sorwds,0,1,1
sory,28,6,34
soryy,2,2,4
sos,42,30,72
sosa,11,1,12
sosad,2,0,2
sosat,0,1,1
sosd,1,1,2
sose,7,2,9
soshified,0,1,1
soshla,1,0,1
sosickofhockeytoo,1,0,1
sosij,0,3,3
sosis,0,1,1
soslow,1,0,1
sosmething,1,0,1
sosn,1,0,1
soso,11,7,18
sosoill,1,0,1
sosonepa,0,1,1
sosoo,1,0,1
sosoon,0,1,1
sosoooooooooooo,1,0,1
sosoos,0,1,1
sososo,12,8,20
sososooo,1,0,1
sososos,0,1,1
sosososo,8,2,10
sosososoooo,1,0,1
sosososoos,1,0,1
sososososo,2,0,2
sososososooooooo,0,1,1
sosososososo,1,0,1
sosososososoooo,1,0,1
sososososososososoooooo,1,0,1
sosotired,0,1,1
sosp,0,1,1
sospokesaroj,0,1,1
soss,0,2,2
sosta,1,0,1
sosyal,1,4,5
sosyalin,0,2,2
sot,3,4,7
sota,3,2,5
sotaboys,0,1,1
sotake,0,1,1
sotallytober,0,1,1
sotball,0,1,1
sotd,3,6,9
sote,0,1,1
soter,0,1,1
soterious,1,0,1
sotg,0,1,1
sotheby,0,1,1
sothern,0,1,1
sothis,0,1,1
soti,0,1,1
sotm,1,7,8
sotmach,1,0,1
sotn,5,0,5
soto,6,9,15
sotomayor,6,4,10
soton,4,2,6
sotong,3,0,3
sotoy,0,1,1
sotp,1,0,1
sotr,2,13,15
sotrashed,1,0,1
sotrm,0,1,1
sotry,0,1,1
sots,1,0,1
sotsremixed,1,0,1
sotsu,1,0,1
sotsugyou,0,1,1
sotu,0,1,1
sotva,0,1,1
sotw,0,1,1
sotwet,1,0,1
sou,20,25,45
souad,0,1,1
souarna,0,3,3
soubds,1,0,1
soube,0,1,1
souber,0,1,1
souberes,0,1,1
soubesse,1,0,1
soubhik,0,1,1
soubi,1,1,2
soubjects,0,1,1
soublndtrack,1,0,1
soucaliber,1,0,1
souce,1,0,1
souches,1,0,1
souching,1,0,1
souchong,0,2,2
soucis,0,1,1
soudaine,1,0,1
soudeh,0,1,1
souderton,1,0,1
soudns,1,2,3
soudtrack,0,1,1
souf,1,3,4
souffl,0,2,2
souffle,4,1,5
souffles,0,1,1
souflee,0,1,1
soufles,1,0,1
sought,5,3,8
souh,0,1,1
souhlas,0,1,1
souja,0,1,1
souk,1,3,4
soukht,1,0,1
soukie,1,0,1
soul,322,464,786
soulbowl,1,0,1
soulcailber,1,0,1
soulcalibur,0,1,1
soulchiild,0,1,1
soulchild,10,9,19
soulcialites,0,1,1
soulclap,0,1,1
soulcrate,1,0,1
sould,11,12,23
souldchild,1,0,1
soulder,1,0,1
souldiers,0,1,1
souldiggaz,0,1,1
souldnt,1,0,1
soulds,1,1,2
souldstock,0,1,1
soule,1,0,1
souled,0,1,1
soulemama,0,1,1
souless,2,0,2
soulf,1,0,1
soulfest,1,0,1
soulfish,0,1,1
soulfly,1,1,2
soulfood,0,2,2
soulful,0,16,16
soulfull,0,1,1
soulgerz,0,1,1
soulglow,0,2,2
soulhealing,0,1,1
soulhunters,0,1,1
soulie,1,0,1
soulier,0,2,2
soulin,0,1,1
soulive,1,1,2
soulja,45,63,108
souljaboy,4,9,13
souljaboytellem,13,25,38
souljaboyyyyyy,0,1,1
souljah,1,5,6
souljahboytellem,0,1,1
souljahs,1,1,2
souljahz,0,2,2
souljaz,0,1,1
souljia,1,0,1
soulless,1,0,1
soullllmate,0,1,1
soulmate,17,29,46
soulmates,6,3,9
soulmatitude,2,0,2
soulove,0,1,1
soulpancake,1,0,1
soulphonics,1,0,1
soulpower,0,1,1
souls,37,50,87
soulsa,1,0,1
soulsavers,0,2,2
soulseek,2,0,2
soulshine,0,1,1
soulsister,0,1,1
soulsole,1,0,1
soulsong,0,1,1
soulspin,0,1,1
soulstance,1,0,1
soulstice,1,1,2
soulstock,0,1,1
soulstorm,0,1,1
soulville,0,1,1
soulwax,1,2,3
soulwinning,0,1,1
souly,2,0,2
soumds,0,1,1
soume,0,1,1
soumen,0,1,1
soumik,1,0,1
soun,1,0,1
souncheck,0,1,1
souncity,1,0,1
souncloud,0,1,1
sound,1695,1747,3442
sounda,1,0,1
soundage,0,1,1
soundalikes,0,1,1
soundart,0,2,2
soundatrack,0,1,1
soundbar,0,1,1
soundbite,3,2,5
soundbites,2,0,2
soundboards,0,1,1
soundbooth,0,2,2
soundboy,0,1,1
soundbridge,1,0,1
soundcard,8,1,9
soundcheck,22,41,63
soundchecked,0,1,1
soundchecking,3,1,4
soundchecks,4,1,5
soundchek,0,1,1
soundchekin,0,1,1
soundcity,0,1,1
soundclash,3,2,5
soundclick,0,1,1
soundcloud,3,7,10
soundcraft,1,0,1
soundcrew,1,0,1
soundd,1,0,1
soundddx,1,0,1
sounddesign,0,1,1
sounddss,1,0,1
sounded,207,239,446
sounder,0,2,2
sounders,21,9,30
soundersfc,2,0,2
soundest,1,0,1
soundfiles,0,1,1
soundfix,1,0,1
soundflower,0,2,2
soundfont,0,1,1
soundgarden,1,4,5
soundgardenare,1,0,1
soundin,2,3,5
sounding,75,89,164
soundinglikemymother,0,1,1
soundings,0,1,1
soundling,1,0,1
soundload,1,0,1
soundloadmusic,1,0,1
soundly,11,12,23
soundman,0,1,1
soundn,0,1,1
soundncrowd,1,0,1
soundproof,0,2,2
soundproofed,1,0,1
soundproofing,0,2,2
soundrack,1,0,1
sounds,2748,6021,8769
soundsb,1,0,1
soundsbad,1,0,1
soundscan,0,1,1
soundscape,1,1,2
soundscapes,1,2,3
soundsdirtybutreallyisnot,0,1,1
soundset,2,0,2
soundslike,1,0,1
soundslikespreadshirt,0,1,1
soundss,1,4,5
soundsss,0,1,1
soundstage,1,2,3
soundsystem,0,1,1
soundsz,0,1,1
soundtechnician,2,0,2
soundtrack,86,227,313
soundtracked,0,1,1
soundtracker,0,1,1
soundtrackkk,0,1,1
soundtracknya,0,1,1
soundtracks,3,20,23
soundtrek,0,1,1
soundtrip,1,8,9
soundtriping,0,1,1
soundtripping,0,7,7
soundwave,13,6,19
soundwaveeeeeee,1,0,1
soundz,2,4,6
soung,1,1,2
sounnds,0,1,1
souns,0,5,5
sountrack,3,3,6
sountrackkk,0,1,1
soup,610,524,1134
souped,2,2,4
souper,2,3,5
souperole,0,1,1
souping,1,1,2
souplantation,3,3,6
soupmaker,1,0,1
soupoftheday,0,2,2
soupp,1,0,1
soupplantation,1,0,1
souppy,1,0,1
soups,5,6,11
soupset,1,0,1
soupstengel,0,1,1
soupy,7,6,13
souq,0,3,3
sour,156,122,278
source,151,206,357
sourcecode,1,0,1
sourced,2,8,10
sourceforge,14,2,16
sourcegear,1,1,2
sourcehe,2,0,2
sourcemaking,0,1,1
sourcery,0,1,1
sources,69,52,121
sourcforge,1,0,1
sourcing,4,2,6
sourcream,1,2,3
sourdough,8,16,24
soured,3,0,3
sourest,0,1,1
souriez,0,1,1
sourire,1,0,1
souris,1,1,2
sourish,3,0,3
sourness,1,0,1
sourpatch,1,0,1
sourpuss,0,1,1
sours,0,2,2
soursally,3,1,4
sourtapes,0,1,1
sourtern,1,0,1
sourvein,0,1,1
soury,1,0,1
sourz,0,1,1
sous,4,7,11
sousa,0,2,2
souschef,0,1,1
soused,1,0,1
souser,0,1,1
sousin,1,0,1
sousof,0,1,1
sout,1,2,3
souted,1,0,1
souter,0,2,2
soutezi,0,1,1
south,661,737,1398
southafrica,2,2,4
southall,0,3,3
southamercia,0,1,1
southamerica,1,1,2
southamericalovesmcfly,2,6,8
southamption,0,1,1
southampton,38,23,61
southamptons,0,1,1
southanbred,0,1,1
southaven,2,1,3
southbank,5,17,22
southbankk,0,1,1
southbanks,1,0,1
southbay,0,1,1
southbeach,1,2,3
southbend,0,1,1
southbound,9,6,15
southbridge,2,0,2
southcarolina,1,0,1
southcarolinians,1,0,1
southcenter,1,0,1
southcentral,0,1,1
southcoast,1,0,1
southcom,1,0,1
southeast,7,13,20
southeastasia,0,1,1
southeastern,2,1,3
southen,0,1,1
southend,12,25,37
souther,2,3,5
southerly,1,0,1
southermn,1,0,1
southern,104,160,264
southernbelles,0,1,1
southerner,0,3,3
southerners,1,5,6
southerngold,1,0,1
southernistttt,0,1,1
southernly,0,1,1
southernmost,0,1,1
southernside,1,0,1
southest,0,1,1
southfield,2,1,3
southgate,1,0,1
southhampton,0,1,1
southie,1,3,4
southill,0,1,1
southindia,0,1,1
southington,1,0,1
southlake,2,2,4
southland,9,10,19
southlands,4,1,5
southmall,1,1,2
southold,0,2,2
southpark,12,23,35
southparkfl,0,1,1
southparkstudios,0,1,1
southpaw,6,1,7
southpoint,0,3,3
southpointe,1,0,1
southport,6,9,15
southridge,3,0,3
souths,2,1,3
southsea,1,2,3
southshire,0,1,1
southshore,1,0,1
southside,24,17,41
southsiderz,0,1,1
southstreet,0,1,1
southwards,1,0,1
southwark,3,1,4
southwell,1,0,1
southwest,22,26,48
southwestern,1,5,6
southwick,0,1,1
southwold,0,3,3
southworst,1,0,1
southy,2,1,3
souu,0,1,1
souund,0,1,1
souunds,0,1,1
souuuup,1,0,1
souuuuper,1,0,1
souveneir,0,1,1
souveneirs,0,1,1
souvenier,0,3,3
souveniers,0,3,3
souvenir,11,19,30
souvenire,0,1,1
souvenirs,4,5,9
souviner,1,0,1
souvlaki,3,3,6
souza,0,2,2
sov,3,5,8
soval,1,1,2
soveigner,0,1,1
sovereign,2,11,13
sovereigns,1,0,1
sovereignty,1,0,1
soverign,2,0,2
sovi,1,1,2
soviel,2,0,2
soviet,7,10,17
sovint,1,0,1
sovmorgon,0,1,1
sovsem,0,1,1
sow,25,10,35
sowa,2,1,3
soward,0,1,1
sowas,1,4,5
sowbur,1,0,1
sowee,14,4,18
soweee,3,2,5
soweeee,2,0,2
soweet,0,1,1
soweey,1,0,1
soweiter,0,1,1
sowell,1,0,1
sower,1,0,1
soweto,0,3,3
sowey,2,0,2
sowhatsowhat,1,0,1
sowi,4,2,6
sowie,9,2,11
sowiee,2,0,2
sowies,1,1,2
sowieso,0,1,1
sowii,1,1,2
sowiie,1,0,1
sowiii,1,0,1
sowing,4,4,8
sowings,0,1,1
sowk,0,1,1
sowmiya,0,1,1
sowmya,1,0,1
sown,1,1,2
sowndtracks,0,1,1
sowrongitscourt,0,1,1
sowrry,0,1,1
sowry,8,0,8
soww,1,0,1
sowwe,1,0,1
sowwee,4,0,4
sowweee,2,0,2
sowweeee,1,0,1
sowwey,1,0,1
sowwi,8,0,8
sowwie,35,5,40
sowwiee,2,0,2
sowwieee,1,0,1
sowwies,8,1,9
sowwii,1,0,1
sowwiiiee,1,0,1
sowwry,1,0,1
sowwwi,1,0,1
sowwwy,7,0,7
sowwy,123,23,146
sowwys,1,0,1
sowwyy,3,0,3
sowwyyy,1,0,1
sowwyyyy,1,0,1
sowwyyyyyy,1,0,1
sowy,14,0,14
sox,193,151,344
soxs,2,2,4
soy,117,79,196
soya,11,12,23
soyasauce,3,0,3
soyatoo,0,1,1
soyay,0,1,1
soybean,1,0,1
soybeans,2,1,3
soyburger,0,1,1
soye,0,1,1
soyehah,1,0,1
soyjoy,1,0,1
soylatte,0,1,1
soylent,1,2,3
soymilk,7,7,14
soyouthinkyoucandance,2,0,2
soyrizo,0,1,1
soysauce,1,3,4
soyshake,1,0,1
soz,97,52,149
sozi,0,1,1
sozialistin,0,1,1
sozin,0,1,1
sozinha,1,0,1
sozinho,2,0,2
sozz,0,1,1
sozza,2,1,3
sozzie,1,0,1
sozzle,2,2,4
sozzled,1,3,4
sozzllee,1,0,1
sozzo,1,0,1
sozzz,0,1,1
sozzzle,1,0,1
sozzzzzyyyyyy,0,1,1
sp,160,140,300
spa,97,201,298
spaa,0,1,1
spaaaa,0,2,2
spaaaaaaaaaaaaaaam,0,1,1
spaaaaaaaaaaaam,1,0,1
spaaaaaaaaaain,1,0,1
spaaaaaaam,0,1,1
spaaaaaagehti,1,0,1
spaaaacee,0,1,1
spaaaark,0,1,1
spaaced,0,1,1
spaain,0,1,1
spaamming,0,1,1
spaazzzzz,0,1,1
spaberry,1,0,1
spac,2,11,13
spaccanapoli,0,1,1
space,557,680,1237
spaceaids,0,1,1
spaceballs,1,1,2
spacebar,7,2,9
spacebarbuttonisnotreallyworking,1,0,1
spaceberry,1,0,1
spacebooks,0,1,1
spaceboy,1,0,1
spacecakes,0,1,1
spacecamp,0,1,1
spacecon,0,1,1
spacecowboy,0,1,1
spacecraft,0,2,2
spaced,24,11,35
spacedefenders,0,1,1
spaceeeeee,0,1,1
spacegarage,0,1,1
spacegoat,1,0,1
spacehopper,1,1,2
spaceinvaders,0,1,1
spaceiscool,0,1,1
spacejam,1,3,4
spaceland,0,3,3
spacely,0,1,1
spaceman,2,5,7
spacemissing,0,1,1
spacemodulator,0,1,1
spacemunkey,0,1,1
spacenavigator,0,1,1
spaceport,2,0,2
spaceports,1,0,1
spacer,1,1,2
spacerocket,0,1,1
spacerr,0,1,1
spacers,8,2,10
spaces,46,44,90
spaceship,10,8,18
spaceships,2,5,7
spaceshuttle,0,3,3
spacesquare,2,0,2
spacestation,0,1,1
spacewalk,4,3,7
spacewalkers,0,1,1
spacewalking,0,2,2
spacex,0,1,1
spacey,9,18,27
spacezones,0,1,1
spacial,0,1,1
spacially,0,1,1
spacing,5,8,13
spacingh,1,0,1
spacious,0,7,7
spaciousness,0,1,1
spacked,1,0,1
spacker,1,0,1
spackers,1,0,1
spackle,2,1,3
spackling,1,0,1
spaclub,0,1,1
spacy,0,1,1
spade,7,3,10
spadea,1,0,1
spader,1,0,1
spades,13,14,27
spadesss,0,1,1
spadge,1,1,2
spafe,0,1,1
spaffed,0,1,1
spafinder,0,1,1
spag,14,23,37
spagbol,2,1,3
spagehetti,1,0,1
spagehtti,0,1,1
spagehttii,0,1,1
spageti,1,1,2
spagetthi,0,1,1
spagetti,10,7,17
spagettie,0,1,1
spaggetii,1,0,1
spaggetti,0,1,1
spaghetie,0,1,1
spaghetii,1,0,1
spaghetio,0,1,1
spaghetti,81,104,185
spaghettios,2,0,2
spaghettis,1,1,2
spaghtti,1,1,2
spagitti,0,1,1
spaglish,0,1,1
spaguetti,2,0,2
spahkly,0,1,1
spaid,1,0,1
spaiin,0,1,1
spain,339,338,677
spainish,0,2,2
spainkiller,1,0,1
spainrailwayfail,1,0,1
spaish,0,1,1
spak,2,0,2
spake,0,1,1
spal,0,1,1
spalding,3,3,6
spalsh,1,0,1
spam,625,375,1000
spamage,0,1,1
spamalot,2,4,6
spamassassin,2,0,2
spamaster,0,1,1
spambook,1,0,1
spambot,3,5,8
spambots,10,9,19
spambox,0,1,1
spamburger,1,0,1
spamchez,1,0,1
spamchicks,0,1,1
spamcop,1,2,3
spamed,2,1,3
spameo,1,0,1
spamer,1,1,2
spamers,5,2,7
spamfilter,0,1,1
spamflooding,1,0,1
spamfollower,0,1,1
spamfree,0,2,2
spamhaus,1,1,2
spamhughhefnergals,1,0,1
spamm,0,3,3
spammage,1,3,4
spammaster,1,1,2
spammasters,1,0,1
spammed,44,19,63
spammer,45,46,91
spammers,140,71,211
spammin,0,2,2
spamminess,0,2,2
spamming,109,78,187
spammity,0,2,2
spammmerrrsss,1,0,1
spammmming,1,0,1
spammmmming,1,0,1
spammo,1,0,1
spammos,1,0,1
spammy,14,9,23
spamn,1,0,1
spampost,1,0,1
spams,12,8,20
spamshit,0,1,1
spamsieve,0,1,1
spamspamspam,1,0,1
spamtown,0,1,1
spamu,2,0,2
spamul,0,1,1
spamy,1,0,1
span,63,44,107
spanadu,0,1,1
spanakopita,0,1,1
spanaway,1,0,1
spandau,0,3,3
spandex,8,7,15
spaneers,1,0,1
spanelli,0,1,1
spaneria,0,1,1
spanfrenglish,0,1,1
spangled,0,3,3
spangliness,0,1,1
spanglish,3,5,8
spangly,0,1,1
spaniard,1,4,5
spaniards,1,4,5
spanidh,0,1,1
spaniel,10,4,14
spaniels,3,1,4
spaniish,1,0,1
spanikopita,0,1,1
spanikopitas,0,1,1
spanisch,0,1,1
spanish,518,508,1026
spanishbliss,0,1,1
spanishh,1,0,1
spank,17,29,46
spankbank,1,0,1
spankd,1,0,1
spanked,11,8,19
spankie,2,0,2
spankin,5,7,12
spanking,18,28,46
spankings,2,2,4
spankkkkk,0,1,1
spankmesaturday,0,1,1
spanks,4,7,11
spanky,5,6,11
spankyou,0,1,1
spanmers,1,0,1
spann,0,2,2
spannend,0,1,1
spanner,8,5,13
spannered,0,2,2
spannidh,1,0,1
spanning,1,3,4
spanningsync,1,0,1
spannish,0,1,1
spano,1,0,1
spanokopita,0,1,1
spans,2,4,6
spanx,1,5,6
spaotp,0,1,1
spar,3,11,14
sparadicly,0,1,1
sparatic,1,0,1
sparc,2,1,3
spare,233,207,440
sparebed,1,0,1
spared,6,6,12
spareeee,1,0,1
spareparts,1,0,1
spares,13,7,20
sparetimeproject,0,1,1
spargel,1,0,1
spargl,0,1,1
sparing,0,5,5
sparingly,2,3,5
sparis,1,0,1
spark,32,28,60
sparkage,0,1,1
sparkasse,1,0,1
sparkaz,0,1,1
sparkcash,0,1,1
sparkcomms,0,1,1
sparked,5,9,14
sparkel,1,0,1
sparkely,1,0,1
sparkerly,1,0,1
sparkes,1,1,2
sparkey,0,1,1
sparkies,0,1,1
sparkiing,0,1,1
sparkiling,0,1,1
sparkily,0,1,1
sparking,1,5,6
sparkle,27,36,63
sparklecrack,0,1,1
sparkled,3,0,3
sparkledazzle,0,1,1
sparklefeast,0,1,1
sparklehorse,0,1,1
sparkleing,0,1,1
sparklemob,1,0,1
sparkler,1,5,6
sparklers,2,6,8
sparklerssss,0,1,1
sparkles,7,15,22
sparklesoul,0,1,1
sparkley,1,1,2
sparklez,0,1,1
sparklies,0,1,1
sparkliest,0,1,1
sparklin,0,1,1
sparkling,14,45,59
sparklinggggggg,0,1,1
sparkly,24,43,67
sparklyspud,0,1,1
sparknote,1,1,2
sparknotes,0,4,4
sparknoting,0,1,1
sparkpeeps,0,1,1
sparkpeople,1,3,4
sparkplug,1,0,1
sparkplugging,0,1,1
sparks,36,78,114
sparkstown,1,0,1
sparky,17,6,23
sparodic,1,0,1
sparql,1,1,2
sparring,6,5,11
sparro,1,1,2
sparrow,8,17,25
sparrows,6,7,13
sparse,8,3,11
sparsha,0,1,1
sparsity,0,1,1
spart,1,0,1
sparta,6,4,10
spartaaaaaa,0,1,1
spartacus,2,3,5
spartan,9,7,16
spartanburg,1,3,4
spartans,11,3,14
spartas,0,1,1
sparten,1,0,1
spartins,0,1,1
sparty,3,0,3
spartz,0,1,1
spas,0,5,5
spasams,1,0,1
spash,1,0,1
spashed,1,0,1
spashley,1,1,2
spasm,17,4,21
spasmed,2,0,2
spasming,2,0,2
spasms,26,6,32
spass,1,5,6
spastic,8,2,10
spastically,1,0,1
spasticated,1,0,1
spasy,0,1,1
spat,19,8,27
spate,0,2,2
spatele,0,1,1
spatial,3,3,6
spatiu,0,1,1
spatman,1,0,1
spats,1,1,2
spatted,1,0,1
spattered,1,1,2
spatu,1,0,1
spatula,3,0,3
spatulas,0,1,1
spatunya,1,0,1
spawn,14,10,24
spawned,2,2,4
spawning,3,4,7
spawns,2,2,4
spay,6,9,15
spayed,20,3,23
spaying,2,0,2
spaymaster,0,1,1
spaz,27,24,51
spazed,1,0,1
spazems,1,0,1
spazieren,1,0,1
spazio,0,1,1
spazmatics,0,1,1
spazms,0,1,1
spazo,0,1,1
spaztastic,1,2,3
spaztic,1,0,1
spazz,7,19,26
spazzed,7,1,8
spazzer,0,1,1
spazzes,1,2,3
spazzi,1,0,1
spazzies,0,1,1
spazziest,0,1,1
spazziin,0,1,1
spazzin,2,0,2
spazziness,0,1,1
spazzing,14,6,20
spazztastic,0,1,1
spazzy,5,2,7
spazzz,1,0,1
spazzzo,1,0,1
spazzzzzzzzzzzzz,0,1,1
spazzzzzzzzzzzzzz,0,1,1
spb,2,6,8
spbabes,0,2,2
spbpc,0,2,2
spbpuk,2,5,7
spc,2,5,7
spca,15,7,22
spceial,0,1,1
spcial,1,1,2
spcl,1,0,1
spcly,2,0,2
spcn,0,1,1
spcp,1,0,1
spcrew,1,2,3
spcy,2,0,2
spd,8,6,14
spdatasitequery,1,0,1
spe,1,2,3
speace,0,1,1
speach,3,2,5
speachafying,0,1,1
speacher,1,0,1
speaches,1,1,2
speachless,3,1,4
speachlesssssss,1,0,1
speacial,8,6,14
speacially,0,2,2
speacil,0,1,1
spead,2,9,11
speading,1,1,2
speads,1,0,1
speak,564,860,1424
speaka,0,2,2
speake,0,1,1
speakeasies,0,1,1
speakeasy,6,3,9
speaker,78,89,167
speakerboxx,0,1,1
speakerdog,1,0,1
speakered,0,1,1
speakerless,2,0,2
speakernya,0,1,1
speakerphone,2,3,5
speakerroom,1,0,1
speakers,129,115,244
speakerskey,0,1,1
speakerss,1,0,1
speakerssss,1,1,2
speakes,0,2,2
speakin,16,24,40
speaking,280,440,720
speakings,1,0,1
speakk,0,1,1
speakn,2,1,3
speakr,1,0,1
speaks,35,71,106
speaky,0,2,2
speakz,0,1,1
speanding,1,0,1
spear,6,4,10
speared,1,0,1
spearfishing,1,0,1
speargun,0,1,1
spearhead,3,2,5
spearheaded,1,1,2
spearheading,0,1,1
spearing,0,1,1
spearmint,3,4,7
spearritt,1,0,1
spears,75,172,247
spearsin,0,1,1
spearsss,0,1,1
spearz,0,1,1
spec,50,43,93
specail,6,4,10
specailized,1,0,1
specal,0,1,1
specatcular,0,1,1
specator,2,0,2
specc,1,0,1
speccies,1,0,1
speccy,2,2,4
specer,0,1,1
spechh,0,1,1
spechless,1,0,1
specht,0,1,1
speci,0,1,1
specia,0,2,2
speciaaaaaaal,0,1,1
speciaal,1,2,3
speciaals,0,1,1
special,904,1832,2736
speciale,0,1,1
specialise,2,3,5
specialised,2,1,3
specialises,1,0,1
specialising,0,3,3
specialist,52,28,80
specialisterne,0,1,1
specialists,7,3,10
speciality,3,4,7
specialization,0,1,1
specialize,2,7,9
specialized,2,6,8
specializes,1,4,5
specializing,1,4,5
specialll,0,2,2
speciallllll,0,1,1
specially,62,113,175
specialness,1,1,2
specialpeople,0,1,1
specialpplrule,0,1,1
specials,23,46,69
specialst,1,0,1
specialties,0,3,3
specialty,13,17,30
specialy,2,3,5
species,23,26,49
speciest,1,0,1
specifc,2,0,2
specific,86,108,194
specifically,34,72,106
specification,4,1,5
specifications,0,1,1
specificity,0,2,2
specificly,1,0,1
specifics,5,10,15
specified,7,6,13
specifiiinngg,0,1,1
specifix,1,0,1
specify,9,10,19
specil,0,1,1
specilalize,1,0,1
specilist,1,0,1
specimen,2,7,9
specimens,0,2,2
speciosia,0,1,1
specious,1,0,1
speck,5,3,8
specking,0,1,1
speckled,1,1,2
speckles,1,2,3
specks,8,6,14
specktra,2,1,3
specly,1,0,1
specs,46,51,97
specsavers,3,5,8
spect,1,1,2
specta,0,1,1
spectac,1,1,2
spectacle,5,12,17
spectacles,4,5,9
spectactular,0,1,1
spectaculair,1,0,1
spectacular,53,106,159
spectacularly,6,9,15
spectacularr,0,1,1
spectaculars,1,0,1
spectate,1,0,1
spectating,1,3,4
spectator,4,14,18
spectators,1,4,5
spectaular,0,1,1
spectaulars,1,0,1
specter,1,1,2
spectial,0,1,1
spection,0,1,1
spector,4,6,10
spectors,1,0,1
spectra,0,4,4
spectral,0,1,1
spectre,0,1,1
spectrial,1,4,5
spectromagic,1,1,2
spectrometer,0,1,1
spectrum,16,18,34
spects,2,0,2
speculate,2,2,4
speculated,1,0,1
speculating,3,1,4
speculation,6,9,15
speculations,3,1,4
speculoos,0,1,1
sped,11,3,14
spedding,1,0,1
spedi,1,0,1
speding,0,1,1
speds,0,2,2
speeak,1,0,1
speec,0,1,1
speech,240,229,469
speechelss,0,1,1
speeches,31,22,53
speechgenerator,0,1,1
speechh,0,1,1
speechless,50,68,118
speechlessness,0,1,1
speechwriter,1,0,1
speechwriting,0,1,1
speecless,0,1,1
speecom,1,0,1
speed,349,317,666
speedbit,0,1,1
speedboat,0,3,3
speedboating,1,0,1
speedboost,0,1,1
speedbrain,1,0,1
speedbump,1,0,1
speedbumps,2,1,3
speedconkiwi,0,1,1
speeddate,1,0,1
speeddating,0,1,1
speeded,1,0,1
speeder,1,0,1
speeders,1,0,1
speedgamers,0,1,1
speedholes,0,1,1
speedial,0,1,1
speedier,0,1,1
speediest,1,0,1
speedily,0,2,2
speedin,1,1,2
speediness,0,1,1
speeding,120,29,149
speedingticket,1,0,1
speedingtickets,1,0,1
speedle,1,0,1
speedlight,2,0,2
speedlink,1,0,1
speedlite,1,0,1
speedminton,0,1,1
speedn,2,0,2
speedo,6,16,22
speedoes,0,1,1
speedometer,0,1,1
speedos,0,12,12
speedpaint,1,0,1
speedpitched,0,1,1
speedport,1,0,1
speedracer,0,1,1
speedracher,0,1,1
speeds,32,20,52
speedshotuk,0,1,1
speedskaters,0,1,1
speedsolving,1,0,1
speedster,1,2,3
speedtester,1,0,1
speedticket,1,0,1
speedtrap,0,1,1
speedtraps,0,1,1
speedtv,1,1,2
speedwagon,1,2,3
speedwalk,1,0,1
speedway,7,18,25
speedy,61,56,117
speedzone,0,2,2
speeeed,1,0,1
speeeeeddd,0,1,1
speeeeeedy,1,0,1
speeeeeeech,1,0,1
speeeeeeeechless,0,1,1
speeeeeeeeeeeeeeeeeed,0,1,1
speeeeeen,0,1,1
speeeellll,0,1,1
speeezzz,0,1,1
speeezzzz,0,1,1
speeh,1,0,1
speeing,0,1,1
speek,4,3,7
speekin,1,0,1
speel,1,4,5
speeling,1,0,1
speen,0,1,1
speendo,0,1,1
speep,1,0,1
speepy,1,0,1
speers,1,0,1
speet,1,0,1
spegazzini,0,1,1
speggettii,0,1,1
speghetti,4,2,6
speical,1,1,2
speidi,21,28,49
speidie,1,0,1
speier,2,0,2
speight,1,0,1
speilberg,1,0,1
spek,2,1,3
speke,1,0,1
speking,1,1,2
spekor,0,1,1
spektor,11,16,27
spektors,1,0,1
spektru,0,1,1
spekulatius,1,0,1
spel,0,1,1
spelar,0,1,1
speleed,1,0,1
speling,0,1,1
spell,300,343,643
spellbinding,1,1,2
spellbook,0,1,1
spellborn,0,1,1
spellbound,0,6,6
spellcheck,9,7,16
spellchecker,1,3,4
spellcheckers,1,0,1
spellchecking,1,0,1
spellchecks,0,1,1
spelled,111,118,229
spellen,0,1,1
speller,8,6,14
spellers,2,3,5
spellforce,1,0,1
spellig,0,1,1
spellin,4,4,8
spelling,157,232,389
spellingis,1,0,1
spellingly,1,0,1
spellings,4,6,10
spelll,0,1,1
spellled,2,0,2
spellman,1,1,2
spello,1,0,1
spells,31,19,50
spellt,1,1,2
spellweaver,1,0,1
spelman,0,2,2
spelt,42,77,119
spelunker,1,0,1
spelunking,0,1,1
spelz,1,0,1
spem,0,1,1
spen,1,6,7
spenc,0,2,2
spence,5,9,14
spenceee,0,1,1
spenceeeeer,1,0,1
spencer,99,130,229
spencerbcarter,0,1,1
spencermitchell,0,1,1
spencerpratt,0,1,1
spencerrr,0,1,1
spencerrrr,1,1,2
spencers,10,5,15
spencies,1,0,1
spend,1411,1196,2607
spendaaa,0,1,1
spendd,0,1,1
spended,1,2,3
spender,2,2,4
spendiin,0,1,1
spendin,20,30,50
spendind,0,1,1
spending,757,941,1698
spendingg,0,1,1
spendings,3,0,3
spendinng,0,1,1
spendinq,0,2,2
spendn,2,0,2
spends,19,17,36
spendsoo,0,1,1
spendthrift,0,1,1
spendy,5,2,7
speniding,1,0,1
spening,0,3,3
spenive,1,0,1
spennd,1,0,1
spennende,0,1,1
spenny,0,1,1
spens,1,0,1
spenser,3,5,8
spensive,3,0,3
spent,1546,1146,2692
spenta,0,1,1
spented,1,0,1
spents,1,0,1
spentt,0,1,1
spentthe,0,1,1
sper,2,5,7
spera,0,1,1
speram,1,0,1
speratic,1,0,1
spering,1,0,1
sperm,8,20,28
spermatazoan,1,0,1
spermbot,0,1,1
spermfa,0,1,1
spermination,1,0,1
spermy,1,0,1
spernatural,0,1,1
spero,1,0,1
sperrins,1,0,1
sperry,1,1,2
sperrys,1,1,2
spertinya,1,0,1
spesh,14,15,29
speshial,0,1,1
speshl,0,1,1
speshly,3,0,3
speshul,1,2,3
speshull,1,2,3
spesially,0,1,1
spesific,0,1,1
spesk,0,1,1
spesky,0,1,1
spet,1,1,2
spetember,1,1,2
spetor,0,1,1
spew,12,6,18
spewed,2,6,8
spewer,1,0,1
spewin,2,0,2
spewing,13,4,17
spews,2,0,2
spewwing,1,0,1
spewy,1,0,1
spex,1,1,2
speyed,0,1,1
speyside,0,1,1
spezify,2,3,5
spf,26,35,61
spftball,1,0,1
spfw,1,0,1
spg,1,1,2
spgridview,1,0,1
sph,2,1,3
sphagetti,0,1,1
sphere,5,10,15
sphereing,1,0,1
spheres,3,2,5
sphex,1,0,1
sphincter,2,1,3
sphinn,1,1,2
sphinx,5,6,11
sphisticated,1,0,1
sphl,0,1,1
sphree,0,1,1
sphygmomanometer,0,1,1
sphygmomonanometers,0,1,1
sphynx,1,2,3
sphyx,0,5,5
spi,5,0,5
spic,5,3,8
spica,0,1,1
spicayy,0,1,1
spice,46,96,142
spiced,5,6,11
spicenewyorkcity,0,1,1
spicer,1,1,2
spices,9,10,19
spiceworld,1,0,1
spicey,2,10,12
spicie,0,1,1
spicier,0,2,2
spiciest,0,1,1
spiciness,0,1,1
spicing,0,3,3
spick,1,1,2
spicks,5,3,8
spicksandspecks,1,1,2
spicksnspecks,1,0,1
spicy,122,139,261
spicyyy,0,1,1
spidddders,1,0,1
spideh,1,0,1
spider,381,113,494
spiderbites,0,1,1
spiderboy,0,1,1
spidered,1,0,1
spidergate,0,1,1
spiderhouse,1,0,1
spidering,1,0,1
spiderish,1,0,1
spiderline,0,1,1
spidermams,0,1,1
spiderman,29,40,69
spideroak,1,0,1
spiderpig,1,4,5
spiderr,1,1,2
spiderrr,1,0,1
spiderrrrs,1,0,1
spiderrrs,1,0,1
spiders,143,57,200
spiderweb,2,1,3
spiderwebbed,1,0,1
spiderwebs,0,3,3
spiderwicj,0,1,1
spiderwick,0,9,9
spiderwoman,0,2,2
spidery,1,1,2
spiderz,1,0,1
spidey,9,15,24
spideyblings,0,1,1
spidy,2,0,2
spied,4,4,8
spiedi,3,3,6
spiegelman,0,1,1
spiegelshire,1,0,1
spiegeltent,2,1,3
spiel,1,0,1
spielberg,1,6,7
spielburg,0,2,2
spielen,0,1,1
spielmann,1,0,1
spierpijn,1,0,1
spies,8,10,18
spiff,1,1,2
spiffed,0,2,2
spiffing,0,1,1
spiffingly,0,2,2
spiffums,1,0,1
spiffy,9,27,36
spiffying,0,1,1
spifty,0,1,1
spiga,0,1,1
spigot,0,1,1
spiiiiirit,0,1,1
spiilled,1,0,1
spike,46,51,97
spiked,10,9,19
spikeeeeeee,0,1,1
spikeness,0,1,1
spikes,13,7,20
spiketv,1,0,1
spikey,6,7,13
spiki,0,1,1
spiking,2,2,4
spiko,1,0,1
spiky,3,2,5
spiled,1,0,1
spilira,0,1,1
spilkers,0,1,1
spill,56,67,123
spillage,4,3,7
spillages,0,1,1
spilled,226,33,259
spiller,0,2,2
spilling,36,10,46
spills,6,8,14
spillway,0,3,3
spilt,89,10,99
spilted,1,0,1
spilting,1,0,1
spilts,1,0,1
spin,115,162,277
spina,0,3,3
spinach,32,68,100
spinal,22,21,43
spinalinjection,1,0,1
spinawin,0,1,1
spindeezy,0,1,1
spinderella,1,0,1
spindip,0,1,1
spindle,5,0,5
spindler,0,1,1
spindles,2,0,2
spindley,1,0,1
spine,40,20,60
spineless,2,0,2
spinelli,1,0,1
spinellis,1,0,1
spiner,0,2,2
spinerette,0,1,1
spinergy,0,1,1
spines,1,1,2
spineworld,0,1,1
sping,0,1,1
spingsteen,0,1,1
spinich,1,1,2
spining,2,2,4
spinkat,0,1,1
spinkling,0,1,1
spinllimg,1,0,1
spinlocks,0,1,1
spinmatch,0,1,1
spinn,1,0,1
spinnaker,0,2,2
spinner,6,3,9
spinnerette,4,3,7
spinners,3,3,6
spinnig,0,1,1
spinnin,8,7,15
spinning,138,124,262
spinningg,0,1,1
spinningwheel,1,0,1
spinnning,0,1,1
spinnnnnnnnnnnnnnnn,1,0,1
spinny,5,4,9
spinoff,5,3,8
spinoffs,1,0,1
spinoza,1,2,3
spinrite,1,1,2
spins,15,14,29
spinster,5,1,6
spinsterville,1,0,1
spinstock,0,1,1
spinto,1,1,2
spinvis,0,1,1
spinvox,0,5,5
spinwheel,0,1,1
spinx,2,0,2
spinyoga,1,0,1
spion,1,0,1
spip,1,0,1
spiral,18,11,29
spiraled,3,1,4
spiraling,4,0,4
spiralling,0,1,1
spirals,0,4,4
spire,1,2,3
spirel,0,1,1
spires,3,1,4
spirestone,0,1,1
spirit,151,333,484
spirited,7,16,23
spiritedness,0,1,1
spiritful,0,1,1
spiritjumper,0,1,1
spirits,44,86,130
spiritsong,0,1,1
spiritt,0,1,1
spiritual,19,56,75
spiritualism,1,0,1
spirituality,2,6,8
spiritualized,2,3,5
spiritually,6,10,16
spiritualwarriors,0,1,1
spiritura,1,0,1
spirity,0,1,1
spiro,1,1,2
spiros,1,1,2
spirt,2,0,2
spirts,1,1,2
spirtual,0,1,1
spirulina,1,0,1
spis,2,0,2
spishak,0,1,1
spit,58,74,132
spital,2,0,2
spitalfield,2,0,2
spitalfields,1,2,3
spitball,0,1,1
spite,32,22,54
spiteful,5,2,7
spitfarm,0,1,1
spitfire,2,3,5
spitguards,0,1,1
spithead,1,0,1
spiti,0,2,2
spitin,0,1,1
spititural,0,1,1
spitn,0,1,1
spiton,0,1,1
spitrit,0,1,1
spits,8,4,12
spitta,0,1,1
spitten,0,1,1
spitters,1,0,1
spittin,0,3,3
spitting,25,12,37
spitty,1,0,1
spitz,1,0,1
spitzu,0,1,1
spivey,1,0,1
spiy,1,0,1
spiz,0,1,1
spize,0,1,1
spizz,0,1,1
spizzle,0,1,1
spj,3,0,3
spjc,0,1,1
spk,4,8,12
spket,1,0,1
spkng,1,0,1
spkr,1,0,1
spkrs,1,0,1
spl,8,6,14
splading,1,0,1
splahed,0,1,1
splain,0,4,4
splains,1,0,1
splan,1,0,1
splappy,0,1,1
splash,43,79,122
splashback,1,0,1
splashberry,1,0,1
splashed,12,9,21
splashes,5,4,9
splashin,1,1,2
splashing,8,7,15
splashnews,1,0,1
splashsplashspalsh,0,1,1
splashtop,1,0,1
splashtown,2,0,2
splashy,4,2,6
splat,6,2,8
splatered,1,0,1
splats,0,1,1
splatted,2,0,2
splatter,4,5,9
splattercast,1,0,1
splatterday,0,2,2
splattered,2,2,4
splattering,1,0,1
splatters,1,0,1
splatting,0,1,1
splavu,0,1,1
splayed,0,1,1
spled,1,0,1
spledid,0,1,1
spleen,7,1,8
spleens,1,0,1
spleep,2,0,2
splend,1,0,1
splenda,9,6,15
splendas,1,0,1
splended,0,1,1
splendicity,0,1,1
splendid,17,75,92
splendida,0,1,1
splendidly,0,8,8
splendidness,0,1,1
splendido,0,1,1
splendiferous,0,3,3
splendor,3,1,4
splendorific,0,1,1
splendors,0,1,1
splendour,12,7,19
splet,1,0,1
splfileinfo,1,0,1
splic,1,0,1
splice,3,1,4
spliced,2,0,2
splicing,0,2,2
splif,0,3,3
spliff,4,6,10
spliffs,0,2,2
splifs,0,1,1
spliiiiiiiiiiiiiiiiiiiit,0,1,1
splint,25,4,29
splinted,2,0,2
splinter,37,26,63
splintered,1,1,2
splintering,1,0,1
splinters,9,2,11
splints,31,3,34
splish,0,10,10
split,272,113,385
splited,1,0,1
splitin,1,0,1
spliting,8,0,8
splitjewel,0,1,1
splitroasted,0,1,1
splits,18,10,28
splitsvilla,1,0,1
splitsville,2,1,3
splitted,1,1,2
splitter,10,2,12
splittin,7,1,8
splitting,98,15,113
splittweet,0,1,1
splitweet,1,0,1
splitz,1,0,1
splix,1,0,1
splode,2,3,5
sploded,1,1,2
splodge,0,1,1
splodges,1,0,1
splodie,1,0,1
splodin,0,1,1
sploding,1,1,2
splody,0,1,1
splogger,1,0,1
splogin,7,1,8
splogs,3,0,3
sploitcast,1,0,1
splorted,0,1,1
splosh,0,1,1
sploshes,0,1,1
splosion,1,0,1
splotch,1,0,1
splotches,3,0,3
splotchy,4,0,4
splsh,1,0,1
spltting,1,0,1
splunk,0,1,1
splurge,15,14,29
splurged,4,8,12
splurges,1,0,1
splurging,6,6,12
splutter,4,4,8
spluttering,5,0,5
sply,1,0,1
spm,3,3,6
spmeones,1,0,1
spms,1,0,1
spn,35,23,58
spnaish,1,0,1
spncon,1,0,1
spnd,1,0,1
spnep,0,1,1
spng,1,2,3
spngbbndbynd,1,0,1
spnl,1,0,1
spo,3,1,4
spoaker,0,1,1
spock,44,93,137
spockie,0,1,1
spockkk,0,1,1
spocklar,0,1,1
spocks,0,2,2
spocktacular,0,1,1
spocky,1,0,1
spocom,1,2,3
spocon,0,1,1
spod,1,0,1
spodmachines,0,1,1
spoek,1,0,1
spoet,1,0,1
spoiiled,0,1,1
spoil,95,119,214
spoilage,0,1,1
spoilars,1,0,1
spoild,1,0,1
spoiled,156,133,289
spoiler,50,44,94
spoilered,2,0,2
spoileriffic,1,0,1
spoilering,1,0,1
spoilerish,0,1,1
spoilerize,1,0,1
spoilers,83,66,149
spoilersa,1,0,1
spoilerssuck,1,0,1
spoilery,1,0,1
spoilerzzz,1,0,1
spoililin,0,1,1
spoiling,27,29,56
spoilinq,0,1,1
spoiliord,1,0,1
spoillin,1,0,1
spoils,12,22,34
spoilsport,4,3,7
spoilstwitter,0,1,1
spoilt,47,30,77
spoinkerz,2,0,2
spoit,1,0,1
spoj,0,1,1
spok,2,4,6
spoka,0,1,1
spokane,16,18,34
spoke,275,181,456
spoked,0,1,1
spokefriday,0,1,1
spoken,106,82,188
spokes,6,2,8
spokesman,2,2,4
spokesmodel,0,1,1
spokesmodels,0,1,1
spokespeeps,1,0,1
spokesperson,0,6,6
spokeswoman,1,1,2
spokey,0,1,1
spokin,1,0,1
spokn,1,0,1
spokompton,0,1,1
spole,1,0,1
spoleto,0,2,2
spoliarium,1,0,1
spolid,0,1,1
spolied,0,2,2
spolier,1,0,1
spoliers,1,0,1
spolilsport,0,1,1
spolit,1,0,1
spolodey,1,0,1
spolsky,0,1,1
spon,2,3,5
spond,0,1,1
spondent,0,1,1
spondylitis,1,0,1
spongbob,3,1,4
sponge,31,40,71
spongebnb,1,0,1
spongebob,65,170,235
spongebobs,2,4,6
spongeboob,0,1,1
spongebooob,0,1,1
spongecake,0,1,1
spongemonkeys,0,1,1
sponges,3,3,6
spongeworthy,0,1,1
spongey,1,1,2
spongicus,0,1,1
spongie,0,1,1
spongii,1,0,1
spongy,1,0,1
spongydotcom,0,1,1
spongyness,1,0,1
sponors,1,0,1
sponosor,0,1,1
sponosored,1,0,1
sponser,1,3,4
sponserd,0,1,1
sponsered,2,0,2
sponsers,1,0,1
sponsership,0,2,2
sponsor,35,62,97
sponsored,15,45,60
sponsoreddddd,1,0,1
sponsoring,5,18,23
sponsornya,1,0,1
sponsors,17,29,46
sponsorship,8,14,22
sponsorships,2,4,6
sponsorson,0,2,2
sponsorus,1,0,1
sponsour,0,1,1
spontanaeity,0,1,1
spontaneity,4,8,12
spontaneous,32,44,76
spontaneously,9,14,23
spontaneouz,0,1,1
spontanious,1,0,1
spontaniously,2,0,2
sponteneity,0,1,1
sponteneous,1,0,1
sponteneously,1,0,1
spoochalicious,0,1,1
spoodles,0,1,1
spoof,5,18,23
spoofapp,1,0,1
spoofcards,1,0,1
spoofer,1,0,1
spoofs,0,2,2
spooging,0,1,1
spook,1,3,4
spookdude,0,1,1
spooked,11,5,16
spooken,0,1,1
spookers,0,1,1
spookie,1,0,1
spookier,0,1,1
spookily,2,1,3
spooking,2,0,2
spooks,9,5,14
spookshow,0,1,1
spooky,24,39,63
spookychan,0,1,1
spookyness,1,0,1
spool,1,0,1
spools,1,2,3
spoon,88,92,180
spoonch,0,1,1
spooncraft,0,1,1
spooned,0,1,1
spooner,1,2,3
spoonerism,0,2,2
spoonerisms,0,1,1
spoonerist,3,0,3
spoonfed,0,1,1
spoonful,2,7,9
spoonfull,0,1,1
spoonfuls,0,5,5
spoongraphics,0,1,1
spoonhouse,0,1,1
spooni,1,0,1
spoonie,3,0,3
spoonies,1,0,1
spoonin,1,0,1
spooning,9,7,16
spoonless,1,0,1
spoonman,1,1,2
spoons,18,25,43
spoony,0,1,1
spooo,1,0,1
spooock,0,1,1
spooohort,0,1,1
spoooillerrss,1,0,1
spoooky,0,1,1
spooon,0,1,1
spooonnneeerr,0,1,1
spooooky,1,1,2
spoooon,1,0,1
spooooook,0,1,1
spoooooooonnn,0,1,1
spoooy,0,1,1
spoort,1,0,1
spoot,1,0,1
spor,2,0,2
sporadic,20,3,23
sporadically,6,7,13
sporatic,0,1,1
sporatically,0,2,2
sporck,0,1,1
sporcle,3,3,6
spore,21,17,38
sporebat,1,0,1
spores,1,0,1
spork,6,6,12
sporkiness,0,1,1
sporking,1,1,2
sporks,1,4,5
sporkspedition,0,1,1
sporky,2,0,2
sporle,0,1,1
sporstsmanship,0,1,1
sport,151,190,341
sportage,1,1,2
sportback,1,0,1
sportbags,1,0,1
sportbands,1,0,1
sportbike,1,1,2
sportcenter,1,0,1
sportclips,0,1,1
sportday,2,0,2
sported,1,1,2
sportfishing,0,1,1
sportfreunde,0,1,1
sporticus,1,0,1
sportiesonline,1,0,1
sportin,1,2,3
sporting,30,46,76
sportish,0,1,1
sportive,0,1,1
sportlers,0,1,1
sportn,0,1,1
sportnets,0,1,1
sportpaleis,1,0,1
sports,399,367,766
sportsactive,1,0,1
sportsball,1,0,1
sportsbar,0,2,2
sportsbet,0,1,1
sportsbike,0,1,1
sportsbook,0,1,1
sportsbooks,1,0,1
sportscamp,0,1,1
sportscar,1,0,1
sportscaster,2,2,4
sportscasters,1,0,1
sportscenter,18,19,37
sportschix,0,1,1
sportsclub,0,1,1
sportscoats,0,1,1
sportsfest,0,2,2
sportsgirl,0,3,3
sportsguy,0,1,1
sportshift,0,1,1
sportsman,1,2,3
sportsmanship,2,3,5
sportsmen,0,3,3
sportsmens,0,1,1
sportsnet,1,0,1
sportspersons,0,1,1
sportsplex,1,0,1
sportss,1,1,2
sportswear,1,0,1
sportswriter,0,1,1
sportsync,2,0,2
sportv,0,1,1
sporty,10,16,26
sportygirl,0,1,1
sportz,0,1,1
sporys,1,0,1
spos,1,1,2
sposda,1,0,1
spose,41,24,65
sposed,34,8,42
sposies,1,0,1
spossed,1,0,1
spossible,0,1,1
spost,0,1,1
sposta,1,0,1
spot,454,579,1033
spotabusiness,0,1,1
spotbot,0,1,1
spoted,1,0,1
spotiday,0,1,1
spotify,127,129,256
spotifying,1,1,2
spotimusic,0,1,1
spotiy,1,0,1
spotless,12,24,36
spotlight,35,40,75
spotlights,1,1,2
spotlite,1,0,1
spoto,0,1,1
spotquiz,0,1,1
spots,135,98,233
spotswood,1,0,1
spotted,64,125,189
spotter,2,4,6
spotters,2,0,2
spotthebull,1,0,1
spotting,15,19,34
spottings,1,0,1
spottt,0,1,1
spotttssss,0,1,1
spotty,24,5,29
spoungebob,0,2,2
spousal,1,0,1
spouse,17,19,36
spoused,0,1,1
spouses,1,8,9
spousey,0,1,1
spousing,1,0,1
spousta,0,1,1
spout,4,2,6
spouted,0,4,4
spouting,1,2,3
spoze,1,0,1
spozed,1,0,1
spp,5,0,5
sppear,2,0,2
sppech,1,0,1
spped,1,1,2
sppoooonnnn,0,1,1
spportin,0,1,1
spppaazzz,0,1,1
sppreciate,0,1,1
spprings,0,1,1
spproductions,0,1,1
spps,1,0,1
sppt,1,0,1
spq,1,1,2
spr,0,1,1
sprack,1,0,1
spraigned,1,0,1
sprain,37,3,40
spraind,1,0,1
sprainded,1,0,1
sprained,207,12,219
sprang,3,3,6
spranged,2,0,2
sprat,0,2,2
sprawl,0,3,3
sprawled,4,2,6
sprawling,1,2,3
spray,108,105,213
sprayed,39,13,52
sprayer,3,1,4
sprayin,2,0,2
spraying,16,7,23
spraypaint,2,2,4
spraypainted,1,4,5
spraypainting,1,0,1
sprays,6,4,10
spraytan,0,1,1
sprdsht,0,1,1
spre,1,7,8
spread,159,474,633
spreadable,1,1,2
spreadby,1,0,1
spreadd,0,1,1
spreadg,0,1,1
spreadin,1,3,4
spreading,38,156,194
spreadinggggg,1,0,1
spreadloveday,0,1,1
spreads,9,10,19
spreadsheet,18,12,30
spreadsheetjockey,0,1,1
spreadsheets,14,9,23
spreadshirt,2,2,4
spreadthelove,0,1,1
spreadtheword,0,1,1
spreadtweet,1,1,2
sprears,1,0,1
spreazd,0,1,1
spreche,1,0,1
sprechten,0,1,1
spred,0,1,1
spree,52,106,158
spreed,0,1,1
spreeder,0,2,2
spreee,0,2,2
spreeeeeeeeee,1,0,1
spreeeeeeeeeeeeeeeeeeeeeeeeeee,0,1,1
spreeng,1,0,1
spreer,1,0,1
sprees,4,4,8
sprehajanju,0,1,1
sprek,0,1,1
sprend,0,1,1
sprewell,1,0,1
spricket,0,3,3
spriest,1,0,1
spriests,1,0,1
sprig,1,0,1
sprigg,0,1,1
sprightly,0,2,2
sprigs,0,2,2
spriiiingbreak,0,1,1
sprik,1,0,1
spriklers,1,0,1
sprikling,0,1,1
sprinckled,0,1,1
sprined,1,0,1
spring,514,512,1026
springactionscript,1,0,1
springaliciouse,0,1,1
springboard,6,3,9
springbok,2,1,3
springboks,1,0,1
springbreak,4,1,5
springbrook,1,1,2
springcleaning,0,1,1
springdale,1,1,2
springer,3,15,18
springers,2,0,2
springfield,35,34,69
springfields,0,1,1
springfling,0,1,1
springgggg,1,0,1
springgreen,0,1,1
springhill,1,2,3
springholiday,1,0,1
springin,0,1,1
springing,0,1,1
springleaf,0,1,1
springleap,0,3,3
springmo,0,1,1
springone,1,0,1
springroll,2,0,2
springs,113,79,192
springshowers,1,0,1
springss,0,1,1
springsteen,15,25,40
springsteens,0,1,1
springsteenshouldcometoknowdannyjones,0,1,1
springsteentalktomcfly,2,2,4
springstenn,0,1,1
springteen,1,1,2
springtime,6,15,21
springtini,1,0,1
springtown,0,1,1
springwatch,6,5,11
springy,4,2,6
springyboing,1,1,2
sprinke,0,1,1
sprinkers,0,1,1
sprinkle,8,16,24
sprinkled,7,9,16
sprinkler,19,14,33
sprinklers,10,7,17
sprinkles,38,61,99
sprinkless,1,1,2
sprinkley,1,0,1
sprinklez,0,1,1
sprinkling,14,16,30
sprinkls,0,1,1
sprinkly,0,1,1
sprinks,1,0,1
sprinqers,1,0,1
sprinsteentalktomcfly,0,1,1
sprint,177,84,261
sprintastic,0,1,1
sprinted,6,0,6
sprinter,0,3,3
sprinterx,1,0,1
sprinting,2,7,9
sprints,6,10,16
sprintspeed,0,1,1
sprintv,1,0,1
spriograph,0,1,1
sprirt,0,1,1
sprit,1,2,3
sprite,37,38,75
spriteluver,1,0,1
spritely,1,3,4
sprites,3,3,6
spritesheet,0,1,1
spritetwig,0,1,1
spriting,0,1,1
sprits,0,1,1
spritualism,0,1,1
spritz,0,4,4
spritzer,3,1,4
spritzers,1,2,3
sprizz,1,0,1
sprmn,1,0,1
sprnc,0,1,1
sprnger,1,0,1
spro,1,0,1
sproat,1,0,1
sproc,1,0,1
sprocket,0,1,1
sprockets,1,1,2
sprog,4,1,5
sproglets,1,0,1
sproglette,0,1,1
sprogs,2,2,4
sproing,0,1,1
sproke,1,0,1
sprongboks,0,1,1
sproues,1,0,1
sproul,0,1,1
sprouse,3,2,5
sprouses,1,0,1
sprout,11,17,28
sproutamillion,0,3,3
sprouted,5,5,10
sprouting,5,2,7
sproutlings,1,0,1
sproutlovers,0,2,2
sprouts,11,15,26
sprowston,1,0,1
sprry,0,1,1
sprs,0,1,1
sprtbowl,1,0,1
spruce,3,10,13
sprucing,0,5,5
spruit,1,0,1
sprung,13,26,39
spry,0,3,3
spryfield,0,1,1
sps,2,4,6
spsatl,0,1,1
spsaturday,1,1,2
spsclt,2,1,3
spsd,1,1,2
spsdc,1,0,1
spse,1,0,1
spss,4,5,9
spssing,1,0,1
spsweetsunshinewonderful,0,1,1
spt,1,0,1
sptbg,0,1,1
sptechcon,3,1,4
spti,0,1,1
sptnya,1,0,1
spu,0,3,3
spuce,1,1,2
spuced,0,1,1
spuck,0,1,1
spud,8,13,21
spudbar,1,0,1
spudger,1,0,1
spudnik,1,0,1
spuds,3,7,10
spudster,0,1,1
spui,0,1,1
spulcio,0,1,1
spulling,0,1,1
spumante,0,1,1
spumele,0,1,1
spumoni,0,1,1
spun,11,5,16
spund,1,0,1
spundae,0,1,1
spune,1,1,2
spunem,1,0,1
spunge,0,3,3
spungen,1,0,1
spunk,4,13,17
spunked,0,1,1
spunkiest,1,0,1
spunkiness,0,1,1
spunky,7,10,17
spunkyyy,0,1,1
spur,11,18,29
spuratic,0,1,1
spurlock,0,1,1
spurn,2,1,3
spurned,1,0,1
spurple,0,1,1
spurr,1,0,1
spurred,0,1,1
spurrell,0,1,1
spurring,1,2,3
spurrious,1,0,1
spurrs,1,0,1
spurs,48,27,75
spurt,7,3,10
spurted,1,1,2
spurting,1,2,3
spurts,5,2,7
spush,1,0,1
spust,1,0,1
spustit,1,0,1
sputnik,0,2,2
sputter,0,1,1
sputtered,1,0,1
sputtering,1,0,1
spv,1,0,1
spw,1,0,1
spwc,1,6,7
spx,1,5,6
spy,53,119,172
spybar,1,2,3
spybot,1,2,3
spybots,0,1,1
spycam,0,1,1
spycraft,1,1,2
spyd,0,1,1
spyder,2,3,5
spyderhouse,0,1,1
spydom,1,0,1
spyed,1,0,1
spyg,0,1,1
spygame,0,1,1
spyglass,0,3,3
spyhunter,0,1,1
spyin,0,1,1
spying,8,12,20
spykid,0,1,1
spymaster,157,182,339
spymasters,15,12,27
spymasterspam,0,1,1
spymastur,0,1,1
spyne,1,0,1
spyners,0,1,1
spynonsense,0,1,1
spyonvegas,0,1,1
spypasta,1,0,1
spyplane,0,1,1
spyring,5,8,13
spyro,1,2,3
spys,0,3,3
spyshots,0,1,1
spytweetsnomore,0,1,1
spyware,16,8,24
spywareinfo,0,1,1
spywareless,1,0,1
spywars,1,0,1
spyyyyyyybaaaaaaar,0,1,1
sq,41,14,55
sqad,1,0,1
sqadron,1,0,1
sqaudron,1,0,1
sqaure,2,2,4
sqaured,0,1,1
sqaurespace,1,3,4
sqaush,1,0,1
sqd,0,1,1
sqeaky,2,0,2
sqealed,0,1,1
sqeeeeeee,0,1,1
sqeeeeeze,0,1,1
sqeeeeing,0,1,1
sqeeeing,1,0,1
sqeeeshy,0,1,1
sqeek,0,1,1
sqeeze,0,1,1
sqeezy,0,1,1
sqeezyjet,1,0,1
sqft,3,0,3
sqi,0,1,1
sqidard,0,1,1
sqidgy,1,0,1
sqished,1,0,1
sqishy,1,0,1
sql,63,42,105
sqlalchemy,0,1,1
sqlbuddy,0,1,1
sqleditor,0,1,1
sqlex,1,0,1
sqlite,1,3,4
sqlparse,0,1,1
sqlsaturday,0,1,1
sqlserver,1,0,1
sqlsrvr,1,0,1
sqlyog,0,1,1
sqm,0,4,4
sqmi,1,0,1
sqn,1,0,1
sqnm,0,1,1
sqoze,0,1,1
sqpnlive,0,1,1
sqq,1,0,1
sqqqquuuueeeee,0,1,1
sqr,3,2,5
sqrt,0,1,1
sqrted,1,0,1
squ,1,0,1
squabble,0,1,1
squabblers,0,1,1
squabbles,1,0,1
squabbling,2,1,3
squad,49,36,85
squadders,0,1,1
squaddies,0,1,1
squadern,0,1,1
squadron,5,2,7
squadrooon,0,1,1
squads,2,0,2
squaking,0,1,1
squalking,1,0,1
squaller,0,1,1
squallers,1,0,1
squalls,2,1,3
squam,2,1,3
squamish,2,1,3
squander,3,3,6
squandered,3,0,3
square,236,241,477
squared,11,18,29
squaredance,0,1,1
squaredspace,1,0,1
squareee,0,2,2
squarely,1,0,1
squarepaaaaannnntttsss,0,1,1
squarepace,1,0,1
squarepants,4,26,30
squarephone,1,0,1
squarepsace,0,1,1
squarepusher,0,1,1
squarer,0,1,1
squares,25,22,47
squaresp,1,0,1
squarespac,1,0,1
squarespace,675,290,965
squarespaced,0,1,1
squarespaceneed,1,0,1
squarespacing,1,0,1
squarespacw,1,0,1
squarespce,1,0,1
squarestfu,1,0,1
squareup,1,0,1
squark,0,1,1
squarking,0,1,1
squarks,1,0,1
squasehes,1,0,1
squash,42,51,93
squasha,0,1,1
squashed,26,9,35
squashes,4,1,5
squashing,6,1,7
squashracket,0,1,1
squashy,1,0,1
squat,13,13,26
squats,16,14,30
squatted,2,2,4
squatter,5,1,6
squattered,0,1,1
squatters,0,2,2
squatting,5,2,7
squaw,1,0,1
squawk,1,2,3
squawking,3,0,3
squawks,1,0,1
squeaaal,0,1,1
squeak,9,12,21
squeakaz,0,1,1
squeaked,2,0,2
squeaker,1,1,2
squeakerbox,0,1,1
squeakers,1,0,1
squeakiest,1,0,1
squeaking,6,7,13
squeakness,1,0,1
squeaks,5,1,6
squeaky,13,34,47
squeal,4,10,14
squealed,1,5,6
squealing,12,6,18
squealling,2,0,2
squeals,3,7,10
squealy,0,1,1
squeamish,3,1,4
squee,16,63,79
squeed,1,2,3
squeee,2,10,12
squeeeaaal,0,1,1
squeeee,0,10,10
squeeeee,1,3,4
squeeeeee,0,1,1
squeeeeeeee,0,1,1
squeeeeeeeee,0,3,3
squeeeeeeeeeeeeeee,0,1,1
squeeeeeeeeeeeeeeee,0,1,1
squeeeeeeeeeeeeeeeee,0,1,1
squeeeeeeeeeeeeeeeeeeeeeeeeee,0,1,1
squeeeeeeeeeeeeeeeeeeeeeeeeeeeeeeeeeeeeeeeeeeeeeeeeeeeeeeze,0,1,1
squeeeeeeze,0,1,1
squeeeeeing,0,1,1
squeeeeezy,0,1,1
squeeekyyy,0,1,1
squeees,0,1,1
squeeful,0,1,1
squeege,3,0,3
squeegee,1,1,2
squeegie,0,1,1
squeegies,1,0,1
squeeing,1,4,5
squeek,1,5,6
squeeking,1,1,2
squeeky,8,6,14
squeel,0,4,4
squeeled,1,0,1
squeemish,1,0,1
squeemote,1,0,1
squeenix,0,1,1
squees,0,3,3
squeese,0,1,1
squeez,2,2,4
squeezable,1,0,1
squeeze,59,90,149
squeezebox,1,1,2
squeezeboxes,0,1,1
squeezecenter,1,0,1
squeezed,15,20,35
squeezeeeed,1,0,1
squeezes,3,3,6
squeezey,0,1,1
squeezin,1,0,1
squeezing,11,16,27
squeezy,3,2,5
squeezyhugs,0,1,1
squeky,0,1,1
squel,0,1,1
squelch,1,0,1
squelched,2,0,2
squelching,0,1,1
squelchy,0,1,1
squenix,2,0,2
squeze,0,1,1
squezed,0,1,1
squezes,0,1,1
squezzd,0,1,1
squezzed,1,0,1
squib,1,0,1
squibs,0,2,2
squiby,0,2,2
squick,1,0,1
squicks,0,1,1
squid,28,36,64
squidbillies,2,3,5
squidbillys,1,0,1
squiddish,0,1,1
squidge,3,0,3
squidgeable,0,1,1
squidgey,2,0,2
squidgy,0,1,1
squidley,2,0,2
squidly,1,0,1
squidoo,4,18,22
squidpeople,1,0,1
squids,4,3,7
squidward,1,5,6
squiers,0,1,1
squiffy,3,6,9
squig,0,1,1
squiggle,1,2,3
squiggles,1,0,1
squigglicious,1,0,1
squiggy,0,1,1
squigley,1,0,1
squigs,1,0,1
squiiiish,0,1,1
squil,1,0,1
squillion,0,2,2
squillions,0,1,1
squilly,1,0,1
squin,0,1,1
squinch,2,0,2
squint,5,4,9
squinted,1,0,1
squintin,0,1,1
squinting,4,3,7
squints,2,4,6
squinty,8,3,11
squip,0,1,1
squire,2,6,8
squirel,3,2,5
squirell,5,1,6
squirells,1,0,1
squirelly,1,0,1
squirels,2,0,2
squires,2,1,3
squirm,0,6,6
squirming,2,4,6
squirmles,1,0,1
squirms,1,2,3
squirmy,1,1,2
squirral,1,0,1
squirrel,106,109,215
squirreled,0,1,1
squirrell,0,1,1
squirrelled,1,0,1
squirrellist,0,1,1
squirrelly,2,1,3
squirrelmail,0,1,1
squirrels,34,39,73
squirrely,0,1,1
squirrle,1,2,3
squirt,7,19,26
squirted,6,0,6
squirter,0,1,1
squirters,0,2,2
squirting,2,3,5
squirtle,2,0,2
squirts,7,3,10
squirty,2,1,3
squish,15,15,30
squished,36,8,44
squisheded,1,0,1
squishes,3,5,8
squishie,1,0,1
squishies,1,1,2
squishing,6,4,10
squishy,19,33,52
squissy,0,1,1
squito,4,0,4
squits,3,1,4
squiward,1,0,1
squiz,0,1,1
squlaaa,0,1,1
squoosh,1,0,1
squooshed,0,1,1
squoval,0,1,1
squre,1,0,1
squrespace,1,1,2
squrills,0,1,1
squrim,0,1,1
squrited,0,1,1
squrril,1,0,1
squrrile,1,0,1
squshie,1,0,1
squshiness,1,0,1
squueee,0,2,2
squuiiids,0,1,1
sqwal,0,1,1
sqwat,1,0,1
sqwawing,1,0,1
sqweaky,0,1,1
sqwee,1,0,1
sqwished,1,0,1
sqworl,1,0,1
sqworm,0,2,2
sqz,1,0,1
sr,37,34,71
sra,2,1,3
srag,1,0,1
srahhh,0,1,1
sraining,1,0,1
srajthybwrgknuwtrymh,1,0,1
sralan,2,0,2
sram,2,2,4
srambled,0,1,1
sranda,0,2,2
srandu,1,0,1
sranger,0,1,1
sranley,1,0,1
sraw,1,0,1
srawberries,1,0,1
srayin,1,0,1
sraz,1,0,1
src,9,3,12
srcc,1,0,1
srch,0,13,13
srd,1,0,1
srdco,1,0,1
srdjy,0,1,1
sre,0,2,2
sread,1,0,1
sreak,1,0,1
sream,0,1,1
sreaming,1,0,1
sree,26,7,33
sreee,0,1,1
sreeeeeep,1,0,1
sreeeep,2,0,2
sreeepy,1,0,1
sreep,1,1,2
sreesanth,0,1,1
srei,1,0,1
sressed,1,0,1
sretchin,0,1,1
sretsis,0,1,1
srevolution,0,1,1
srew,1,2,3
srewart,1,0,1
srewing,0,1,1
srexi,1,0,1
srf,1,0,1
srff,1,0,1
srh,1,0,1
sri,36,21,57
srider,1,0,1
sright,0,1,1
srika,1,0,1
srikakulam,1,0,1
srikanth,0,2,2
srike,0,2,2
srilanka,6,3,9
srill,1,0,1
srina,0,1,1
sring,1,0,1
srini,0,1,1
srinivasan,1,0,1
srink,0,1,1
sriously,0,1,1
sript,1,0,1
sripy,1,0,1
sriracha,2,1,3
srirangam,0,1,1
srisouly,0,1,1
srk,7,10,17
srl,0,1,1
srlans,0,1,1
srlsy,2,0,2
srly,2,1,3
srm,3,4,7
srna,0,1,1
sro,2,2,4
sroach,1,0,1
srong,0,1,1
sroqhwfkjdjfkrloqhhdfkifeoig,1,0,1
srot,3,0,3
srown,0,1,1
srp,13,2,15
srpint,1,0,1
srpska,0,1,1
srq,1,0,1
srr,0,1,1
srrrrrrrrrrrr,0,1,1
srrs,0,1,1
srry,163,41,204
srryy,1,0,1
srs,23,11,34
srsbsns,1,0,1
srsbzns,1,0,1
srsc,1,0,1
srsl,0,1,1
srsly,191,135,326
srslyyy,1,0,1
srslyyyy,1,0,1
srsness,1,0,1
srsounds,0,1,1
srsrly,1,0,1
srt,2,4,6
srtaight,1,0,1
srtarting,1,0,1
srtrip,1,0,1
srty,1,0,1
sru,0,2,2
sruan,0,1,1
srub,1,0,1
srubs,1,0,1
srudying,1,0,1
sruff,1,0,1
srunched,1,0,1
srusly,0,1,1
srv,3,1,4
srvant,0,1,1
srvc,0,2,2
srvice,0,1,1
srxhashtag,1,0,1
sry,384,103,487
sryrli,1,0,1
srysly,2,1,3
sryy,3,2,5
sryyy,1,0,1
sryz,1,0,1
srz,0,1,1
ss,116,133,249
ssa,3,0,3
ssaaaaddddiieeee,1,0,1
ssaaiilliinnggggg,0,1,1
ssad,1,0,1
ssan,1,0,1
ssat,1,0,1
ssave,0,1,1
ssb,5,5,10
ssbb,0,6,6
ssc,3,8,11
sscchhoolll,1,0,1
sscg,0,1,1
sschen,0,1,1
sschool,1,1,2
ssci,1,0,1
sscs,1,0,1
ssd,17,20,37
ssdc,1,1,2
ssdp,1,0,1
ssds,1,0,1
ssdsd,0,1,1
sse,2,3,5
ssed,3,2,5
ssee,1,4,5
sseeeeeeessstttrrrr,1,0,1
sseeen,0,1,1
sseeing,0,1,1
sseems,0,1,1
sseenitthinksitsgreat,1,0,1
sseldorf,3,8,11
ssen,1,2,3
sserd,0,1,1
sses,0,1,1
ssexx,1,0,1
ssf,1,2,3
ssg,2,1,3
ssgf,1,0,1
ssh,18,7,25
sshall,0,1,1
ssharpay,0,1,1
sshatfield,0,1,1
sshd,2,0,2
sshe,1,0,1
sshed,1,0,1
sshfs,0,1,1
sshh,1,5,6
sshhaattt,0,1,1
sshhh,2,5,7
sshhhaaaaauuuu,1,0,1
sshhhh,0,1,1
sshhhhh,0,3,3
sshhhmoke,0,1,1
sshiiiiite,1,0,1
sshl,1,0,1
sshold,0,1,1
sshould,0,1,1
sshow,1,1,2
sshowerr,0,1,1
sshs,0,2,2
sshucks,1,0,1
ssi,3,1,4
ssica,0,1,1
ssick,1,1,2
ssid,2,2,4
sside,0,1,1
ssif,1,0,1
ssigh,1,0,1
ssiiccaa,3,0,3
ssiiccckk,0,1,1
ssimo,1,0,1
ssincerely,0,1,1
ssing,3,1,4
ssip,1,1,2
ssips,0,1,1
ssis,4,1,5
ssister,1,0,1
ssiter,1,0,1
ssjobb,0,1,1
ssk,0,1,1
sskierk,1,0,1
sskm,0,1,1
sskritch,1,0,1
ssl,5,9,14
sslaughtering,1,0,1
ssleasing,0,1,1
sslleeppyy,1,0,1
ssloow,1,0,1
ssls,0,1,1
ssly,0,1,1
sslyby,1,0,1
ssm,0,2,2
ssmgc,0,1,1
ssms,1,0,1
ssmtup,1,0,1
ssn,5,5,10
ssnta,0,2,2
sso,2,11,13
sson,1,1,2
ssoo,5,4,9
ssooki,0,1,1
ssoon,2,0,2
ssooo,9,7,16
ssoooo,2,2,4
ssooooo,2,2,4
ssoooooooo,1,0,1
ssooooooooooo,1,0,1
ssoorrryyy,1,0,1
ssorry,0,1,1
ssort,0,1,1
ssorta,0,1,1
ssounds,1,1,2
ssp,2,2,4
ssparks,1,0,1
sspca,2,1,3
sspent,1,0,1
sspiteful,0,1,1
sspp,0,1,1
ssr,2,1,3
ssradio,1,2,3
ssradiouk,0,2,2
ssrryy,1,0,1
ssrs,0,2,2
sss,5,11,16
sssaaaaddd,1,0,1
sssc,6,6,12
sssccaarryyyyy,1,0,1
ssschick,0,1,1
ssscotty,0,2,2
ssse,1,0,1
sssh,4,5,9
ssshh,0,2,2
ssshhh,3,1,4
ssshhheeeeessshhh,1,0,1
ssshhheeessshhh,1,0,1
ssshhhh,0,2,2
ssshhhhh,1,2,3
ssshhhhhh,0,1,1
sssick,1,0,1
sssiiiiiigggghhhhh,1,0,1
ssslleeepppyyy,1,0,1
sssllleeeeeeppp,1,0,1
sssllleeeppppyyyyy,1,0,1
sssnake,0,1,1
sssnoring,1,0,1
ssso,3,0,3
sssoo,2,0,2
sssooo,4,4,8
sssoooo,7,3,10
sssooooo,2,0,2
sssoooooo,1,0,1
sssooooooo,2,1,3
sssps,0,1,1
ssss,1,1,2
ssssan,0,1,1
ssssh,0,2,2
sssshh,0,1,1
sssshhh,0,1,1
sssshhhh,1,1,2
sssshhhhh,0,1,1
sssshhhmierland,1,0,1
sssslllooo,1,0,1
sssslloooo,1,0,1
sssso,1,0,1
ssssooo,1,0,1
ssssoooo,4,1,5
ssssooooo,2,1,3
ssssoooooooo,1,0,1
ssssqqqquuuuuaaarrrreeeeesssssppppppaaaaacccccceeeee,1,0,1
sssss,0,3,3
sssssaaaaagggggiiiiiiing,1,0,1
sssssaaaadddd,1,0,1
sssssh,1,0,1
ssssshh,0,2,2
ssssshhhhhhhh,0,1,1
ssssshit,1,0,1
ssssshowering,0,1,1
sssssoooo,0,1,1
sssssooooo,3,0,3
sssssoooooo,1,0,1
sssssooooooo,1,0,1
ssssss,2,1,3
sssssscccoooooreee,0,1,1
sssssseeeeeeee,0,1,1
ssssssh,1,0,1
ssssssoooooo,0,1,1
ssssssoooooooooo,1,0,1
ssssssoooooooooooo,1,0,1
ssssssoooooot,0,1,1
ssssssshhhhhhhhhhhhhhttttttttt,1,0,1
sssssssllllllllllllooooooooooo,1,0,1
ssssssspeeeaaaaaaaakkkkkkkkkkkk,0,1,1
ssssssss,1,0,1
sssssssss,1,0,1
sssssssssew,1,0,1
ssssssssshhhhhhhhhhhh,0,1,1
sssssssssonic,1,0,1
ssssssssssmack,0,1,1
ssssssssssooooooooooooo,0,1,1
ssssssssssssooooooooooooooo,1,0,1
ssssssssssssssssssssssiigh,1,0,1
ssssssssssssssssssweet,0,1,1
ssssssssssssssst,0,1,1
ssssssssssusan,0,1,1
ssssssssstiiiiiiiiilllllll,0,1,1
ssssssumrireland,1,0,1
sssssu,0,1,1
sssssuuuuuuuuppppppppeeeeeeeerrrrrrrrr,1,0,1
ssst,2,1,3
sssttt,1,0,1
sssuuub,0,1,1
sssweeeeett,0,1,1
sst,2,2,4
sstarted,1,0,1
sstay,1,0,1
sstaying,1,0,1
ssteeeve,1,0,1
sster,1,0,1
sstill,2,1,3
sstomachachee,1,0,1
sstttrreeeeetttccchhhhh,0,1,1
sstu,0,1,1
sstuff,1,0,1
sstv,0,3,3
ssuchh,1,0,1
ssuckks,1,0,1
ssucks,1,0,1
ssug,1,0,1
ssumman,0,1,1
ssummerr,0,1,1
ssup,1,6,7
ssuucckkyy,1,0,1
ssuupp,0,1,1
ssuw,1,0,1
ssvsut,1,0,1
ssw,0,2,2
sswc,0,1,1
sswitch,0,1,1
sswug,0,1,1
ssy,0,2,2
ssyb,0,1,1
ssyndrome,0,1,1
st,2227,2653,4880
sta,9,19,28
staaaaaaaaaaaarving,1,0,1
staaaaaaaaaaarving,1,0,1
staaaaaaay,1,0,1
staaaaaarving,2,1,3
staaaaaay,1,0,1
staaaaarrrving,1,0,1
staaaaarving,1,0,1
staaaage,1,0,1
staaaart,1,0,1
staaaay,1,1,2
staaaaying,0,1,1
staaarr,0,1,1
staaarts,0,1,1
staaavin,1,0,1
staaay,1,1,2
staahl,0,1,1
staal,2,2,4
staark,0,1,1
staarrving,1,0,1
staart,0,1,1
staarted,0,1,1
staat,1,1,2
staay,0,1,1
stab,51,23,74
staba,1,0,1
stabalise,1,0,1
stabalized,1,0,1
stabalizes,1,0,1
stabbed,68,11,79
stabber,1,1,2
stabbers,1,0,1
stabbin,1,1,2
stabbing,41,5,46
stabbingpeople,0,1,1
stabbings,2,0,2
stabbity,1,0,1
stabby,3,2,5
stabd,1,0,1
stabed,2,1,3
stabilies,0,1,1
stabilise,2,0,2
stability,17,10,27
stabilization,1,2,3
stabilize,4,3,7
stabilized,1,1,2
stabilizing,0,1,1
stabilo,0,4,4
stable,63,50,113
stableford,0,1,1
stabler,3,0,3
stables,16,9,25
stabling,0,1,1
stabs,11,2,13
stabstabstab,0,1,1
stac,2,0,2
staccato,2,0,2
stace,8,12,20
stacee,0,6,6
staceface,1,0,1
stacey,46,66,112
staceys,2,4,6
staceyyy,1,0,1
stache,10,9,19
staches,0,1,1
staci,3,15,18
stacia,3,1,4
stacie,7,11,18
stack,132,174,306
stackable,0,1,1
stackars,1,0,1
stacked,13,5,18
stackeoverflow,0,1,1
stacker,2,4,6
stackers,1,0,1
stackersssss,0,1,1
stackhats,0,1,1
stackhouse,14,8,22
stackin,0,2,2
stacking,9,3,12
stackis,0,1,1
stackk,0,1,1
stackkk,0,1,1
stacko,2,0,2
stackoverflow,7,6,13
stackpole,0,1,1
stackridge,0,1,1
stacks,12,24,36
stackvision,1,0,1
stackz,0,1,1
stacy,25,53,78
stacys,0,1,1
stacyy,0,1,1
stad,1,0,1
stada,0,1,1
stade,2,0,2
staden,0,1,1
stadion,0,1,1
stadioum,1,0,1
stadistic,1,0,1
stadium,122,93,215
stadiums,1,1,2
stadlen,0,1,1
stadning,1,0,1
stadt,2,1,3
stadthalle,0,2,2
stadtpark,0,1,1
stadtwald,1,0,1
staduim,1,0,1
stady,1,0,1
stae,1,0,1
staedtler,2,0,2
stael,1,0,1
staement,1,0,1
staements,1,0,1
staes,1,0,1
staets,0,1,1
stafani,0,1,1
staff,227,232,459
staffanstorp,0,1,1
staffdev,0,1,1
staffed,18,4,22
staffel,2,1,3
staffelstein,0,1,1
staffer,2,3,5
staffers,6,1,7
staffie,1,0,1
staffies,0,1,1
staffing,3,2,5
stafford,16,6,22
staffordshire,2,3,5
staffpurrson,1,0,1
staffroom,0,1,1
staffs,3,5,8
staffy,0,4,4
stafium,1,0,1
staford,1,0,1
stag,15,16,31
stage,477,567,1044
stagecoach,4,2,6
stagecraft,1,0,1
staged,16,10,26
stagedive,0,1,1
stagedoor,0,1,1
stagefright,1,1,2
stagers,1,0,1
stages,32,32,64
stageshow,0,1,1
stagetime,0,1,1
stagette,0,1,1
stagflation,1,0,1
stagg,1,0,1
stagga,1,0,1
stagged,1,0,1
stagger,2,2,4
staggered,3,0,3
staggering,9,4,13
stagging,1,0,1
stagi,0,1,1
stagiaire,0,1,1
staging,6,7,13
stagnant,1,5,6
stagnent,1,0,1
stagnentation,0,1,1
stagnet,1,0,1
stags,1,3,4
stagsden,2,0,2
stahbucks,0,2,2
stahl,1,2,3
stahli,0,1,1
stahmanns,0,1,1
stahov,0,1,1
staht,0,1,1
stai,1,4,5
staid,0,2,2
staidear,1,0,1
staight,2,2,4
staightend,1,0,1
staightened,1,0,1
staights,1,0,1
stain,46,23,69
stainage,1,0,1
staind,2,1,3
stained,38,10,48
staines,5,4,9
staing,3,1,4
staining,8,5,13
stainless,8,8,16
stains,25,19,44
staion,1,1,2
staions,1,0,1
stair,15,3,18
staircase,9,10,19
staircases,1,0,1
staired,1,0,1
stairgate,1,0,1
stairlift,1,0,1
stairmaster,1,2,3
stairrods,1,0,1
stairs,293,113,406
stairway,4,9,13
stairwell,2,3,5
staiton,1,0,1
stajan,1,0,1
stakc,0,1,1
stakchouse,1,0,1
stake,15,27,42
staked,1,3,4
stakeholders,0,2,2
stakehouse,0,1,1
stakeouts,1,0,1
stakes,17,24,41
stakey,0,1,1
staking,2,4,6
stakingly,1,0,1
stalagmite,1,0,1
stale,53,13,66
staled,1,0,1
stalemate,0,1,1
stalet,1,0,1
staletos,1,0,1
staley,1,1,2
stalgic,1,0,1
stalin,9,2,11
stalinism,1,0,1
stalk,92,155,247
stalkability,0,1,1
stalkage,1,0,1
stalkarazzi,1,0,1
stalke,0,1,1
stalked,30,24,54
stalkee,1,0,1
stalkeees,0,1,1
stalkees,0,1,1
stalker,152,145,297
stalkerazzi,1,0,1
stalkerbait,0,1,1
stalkerificness,0,1,1
stalkerish,9,14,23
stalkerishly,1,0,1
stalkerlicious,0,1,1
stalkerness,0,1,1
stalkerrrrrs,1,0,1
stalkers,33,53,86
stalkersaturday,0,1,1
stalkersunday,1,0,1
stalkerwords,3,6,9
stalkery,1,0,1
stalkey,0,1,1
stalkhouse,0,1,1
stalkign,0,1,1
stalkin,6,7,13
stalking,96,165,261
stalkings,0,1,1
stalkingsaturday,0,2,2
stalkish,0,1,1
stalkkk,0,1,1
stalks,8,8,16
stalkstalkstalk,1,0,1
stalkyfriday,0,1,1
stall,37,23,60
stalled,18,4,22
staller,0,1,1
stalles,0,1,1
stallholders,0,1,1
stalling,23,8,31
stallion,1,1,2
stallions,0,2,2
stallman,0,3,3
stallone,1,4,5
stalls,11,5,16
stallworth,2,0,2
stalnaker,0,1,1
stalwart,1,0,1
stalworth,1,0,1
stalyon,1,0,1
stam,1,1,2
stamata,1,0,1
stamford,6,3,9
stamina,12,15,27
stammer,0,1,1
stamos,0,4,4
stamp,34,49,83
stamped,2,4,6
stampede,4,9,13
stamper,0,1,1
stampin,1,1,2
stamping,7,7,14
stampinup,1,0,1
stamposaurus,0,1,1
stamps,30,32,62
stampybrown,1,0,1
stan,20,31,51
stana,0,1,1
stanama,0,1,1
stanbul,1,2,3
stanby,1,0,1
stance,10,14,24
stances,0,1,1
stanchart,0,1,1
stand,817,625,1442
standads,1,0,1
standalone,2,8,10
standard,122,117,239
standardised,2,0,2
standardish,1,0,1
standardization,1,0,1
standardized,4,3,7
standardizing,1,0,1
standards,49,61,110
standart,0,1,1
standarts,1,0,1
standby,38,25,63
standdddd,0,1,1
standee,0,1,1
stander,1,0,1
standfield,1,0,1
standforlove,0,1,1
standig,1,0,1
standiing,1,0,1
standin,9,10,19
standing,348,303,651
standinggg,0,1,1
standings,3,2,5
standley,1,0,1
standoff,2,1,3
standout,1,2,3
standouts,0,1,1
standpoint,2,6,8
standrads,1,1,2
stands,60,98,158
standsted,0,1,1
standstile,1,0,1
standstill,14,3,17
standup,13,14,27
standuppppp,0,1,1
stanely,1,3,4
stanfill,0,1,1
stanford,26,17,43
stang,3,4,7
stange,1,1,2
stangely,0,1,1
stanger,1,2,3
stanislaus,1,0,1
stanislavski,0,1,1
stanisminstanishoney,0,1,1
stank,14,9,23
stanken,0,1,1
stankface,1,2,3
stankin,1,1,2
stankinbootylilguhls,0,1,1
stanking,2,0,2
stankonia,1,0,1
stanks,1,0,1
stanky,26,23,49
stanley,58,75,133
stanleycup,2,5,7
stanleys,1,0,1
stanleyyyyy,1,0,1
stanluca,1,0,1
stanly,1,1,2
stanmore,1,2,3
stannah,1,0,1
stannery,0,1,1
stanno,1,0,1
stans,1,4,5
stansed,0,1,1
stanstead,2,2,4
stansted,5,1,6
stanthorpe,1,0,1
stanton,2,1,3
stantonbury,0,1,1
stants,0,1,1
stantz,1,0,1
stanu,0,1,1
stanwick,1,0,1
stanwood,1,0,1
stany,0,1,1
stanza,5,1,6
stap,1,0,1
stapeled,1,0,1
staph,6,1,7
staphon,0,1,1
staple,18,20,38
stapled,7,2,9
stapleford,1,1,2
stapler,22,4,26
staples,44,40,84
stapling,4,1,5
stapped,1,0,1
stappler,0,1,1
star,927,1998,2925
stara,0,1,1
staraptor,0,1,1
starbar,0,1,1
starbcks,1,0,1
starbee,0,1,1
starbeezy,1,0,1
starberries,0,1,1
starbge,0,1,1
starbies,0,1,1
starbizzle,0,1,1
starbizzy,1,0,1
starboard,0,1,1
starboy,1,2,3
starbright,2,0,2
starbs,4,1,5
starbucco,0,1,1
starbuccz,1,1,2
starbuck,24,14,38
starbuckings,0,1,1
starbuckks,0,1,1
starbucks,663,805,1468
starbuckss,2,3,5
starbuckssssss,0,1,1
starbucksta,0,1,1
starbuckz,1,0,1
starbuks,0,1,1
starburst,15,5,20
starbursts,2,12,14
starbursty,0,1,1
starburts,1,0,1
starbuuuuuckss,0,1,1
starbux,3,4,7
starbuxx,1,0,1
starbyysss,1,0,1
starcandi,1,0,1
starcare,1,0,1
starch,3,3,6
starched,0,1,1
starches,3,1,4
starchild,0,2,2
starchitect,1,0,1
starchy,0,1,1
starcom,2,0,2
starcon,0,1,1
starcraft,10,16,26
stard,2,2,4
stardard,0,2,2
stardate,0,1,1
stardefense,1,0,1
stardoll,3,7,10
stardom,4,5,9
stardome,0,2,2
stardust,12,26,38
stare,78,72,150
stared,20,18,38
staredown,1,0,1
staree,0,3,3
stares,13,17,30
starez,1,0,1
starfield,0,2,2
starfighter,1,3,4
starfire,2,0,2
starfish,4,9,13
starfishes,0,1,1
starfleet,3,5,8
starfox,1,0,1
starfruit,0,1,1
starfuckers,1,1,2
starfucks,1,2,3
starfy,0,1,1
stargate,21,26,47
stargatesg,1,1,2
stargaze,0,1,1
stargazer,2,0,2
stargazing,2,7,9
stargirl,4,1,5
stargirlinspace,9,6,15
stargreen,1,0,1
starhawk,1,0,1
starhub,4,6,10
staright,1,1,2
starin,10,4,14
staring,222,134,356
staringdown,0,1,1
stario,1,0,1
stariroo,1,0,1
starirs,1,0,1
stark,5,13,18
starke,0,1,1
starkers,0,1,1
starkey,0,1,1
starkidnatl,0,1,1
starks,1,2,3
starkville,4,0,4
starla,1,1,2
starlake,1,0,1
starland,2,1,3
starless,1,1,2
starlesscities,1,0,1
starlet,0,1,1
starlight,6,16,22
starline,1,0,1
starling,5,3,8
starlings,2,0,2
starlink,1,0,1
starlit,0,3,3
starlite,1,0,1
starluck,0,1,1
starmaker,0,2,2
starman,2,2,4
starmate,1,0,1
starmix,1,1,2
starmovies,1,1,2
starnes,0,1,1
starnge,2,0,2
starnger,0,1,1
staro,0,1,1
starobrno,0,1,1
starocean,1,0,1
starplayer,0,1,1
starpoint,0,1,1
starr,11,14,25
starrblast,1,0,1
starrbucks,0,1,1
starred,12,15,27
starreing,1,0,1
starrer,0,1,1
starrers,0,1,1
starrin,0,1,1
starring,23,51,74
starrring,0,1,1
starrrrbuccckkks,0,1,1
starrrrving,1,0,1
starrrscreaaaammm,0,1,1
starrrvin,0,1,1
starrrving,0,2,2
starrs,1,0,1
starrss,0,1,1
starrted,1,0,1
starrting,1,0,1
starrvingg,1,0,1
starry,5,20,25
starryeyed,1,0,1
stars,242,512,754
starsailor,1,2,3
starscape,2,7,9
starscream,3,3,6
starsearch,1,0,1
starseeds,1,0,1
starsfield,0,2,2
starshine,1,11,12
starshineeee,0,1,1
starshines,0,2,2
starship,24,74,98
starships,1,2,3
starshipsong,0,1,1
starshitttt,0,1,1
starsky,2,0,2
starslay,1,0,1
starslip,1,0,1
starsmakeuphaven,0,1,1
starspotterrhymes,2,0,2
starss,0,1,1
starstreams,1,0,1
starstrek,0,1,1
starstruck,5,16,21
starstrucked,0,1,1
starstruckk,0,4,4
starstrukk,4,5,9
starstukkk,0,1,1
starszz,0,1,1
start,5187,5337,10524
startalk,0,1,1
startbucks,2,1,3
startd,5,3,8
starte,0,3,3
started,2604,2226,4830
starteddddd,1,0,1
starteeed,1,0,1
startender,0,1,1
starter,40,31,71
starters,8,25,33
startet,1,4,5
startford,0,1,1
startgate,1,0,1
startha,0,1,1
startied,1,0,1
startig,1,0,1
startign,2,0,2
startime,1,0,1
startin,72,73,145
startinf,1,0,1
starting,2495,1782,4277
startingg,0,1,1
startinggg,0,3,3
startingmy,3,0,3
startinq,1,2,3
startinto,0,1,1
startiting,0,1,1
startklar,1,0,1
startle,0,2,2
startled,8,10,18
startling,5,1,6
startlingly,0,1,1
startlogic,2,0,2
startmy,1,0,1
startn,4,3,7
startng,0,1,1
startpage,1,0,1
startreck,0,1,1
startrek,34,50,84
startrekarg,1,0,1
startrekk,0,1,1
startrekmovie,0,1,1
startreknerd,0,1,1
startrite,1,0,1
starts,1112,1049,2161
startscreen,1,0,1
startss,0,1,1
startssssssssssss,0,1,1
startt,3,3,6
startteam,1,0,1
startted,1,0,1
starttrek,0,1,1
starttt,0,2,2
starttttt,1,0,1
startup,41,51,92
startupcity,0,1,1
startuper,0,1,1
startuphb,0,2,2
startuplucky,0,1,1
startupprincess,1,0,1
startups,1,7,8
startupseeds,0,1,1
startupweekend,0,1,1
startvienna,0,1,1
startvto,0,1,1
starty,1,0,1
staruday,1,0,1
starups,1,0,1
starvasion,1,0,1
starvation,15,3,18
starvationess,0,1,1
starve,34,12,46
starved,25,7,32
starves,1,0,1
starvey,0,1,1
starviiiiiiiing,1,0,1
starviiin,1,0,1
starvin,26,15,41
starving,511,136,647
starvingg,2,1,3
starvinggg,4,1,5
starvingggg,4,1,5
starvinggggg,2,1,3
starvinggggggg,1,0,1
starvinggggggggggg,1,0,1
starvinng,1,0,1
starvinnng,0,1,1
starvinnngggg,0,1,1
starvinq,2,0,2
starvn,0,1,1
starvos,2,1,3
starwagon,0,3,3
starwar,0,1,1
starwars,7,32,39
starwarsday,7,15,22
starwarswithaddedpants,0,1,1
starwberry,2,0,2
starwing,0,1,1
starwood,1,2,3
starworld,3,1,4
stary,1,3,4
starying,1,0,1
starz,9,8,17
starzsky,0,1,1
starzzz,0,1,1
starzzzz,0,1,1
stas,1,0,1
stasche,0,1,1
stasen,0,1,1
stash,25,32,57
stasha,0,2,2
stashed,3,5,8
stasher,0,1,1
stashes,1,0,1
stashing,0,1,1
stasia,2,1,3
stasis,0,3,3
stassi,0,1,1
stassy,0,1,1
stastic,0,1,1
stastics,0,1,1
stat,84,44,128
state,762,653,1415
stateasy,1,0,1
stateboard,1,0,1
stated,27,22,49
statedpt,0,1,1
stateee,1,0,1
stategyroom,0,1,1
statehood,1,0,1
statehouse,1,0,1
stateline,1,1,2
statellite,1,0,1
stately,2,2,4
statement,102,221,323
statements,23,27,50
staten,7,10,17
statenn,1,0,1
stateoforigin,5,2,7
stater,1,1,2
states,354,235,589
statesboro,7,4,11
statesdie,1,0,1
stateside,13,26,39
statesman,1,0,1
statham,6,8,14
stathams,0,1,1
stathem,1,0,1
stati,1,0,1
static,45,37,82
staticelectricitified,0,1,1
staticky,2,0,2
statics,1,0,1
staticy,2,0,2
statie,1,0,1
statii,0,1,1
statin,0,2,2
stating,17,32,49
statins,0,2,2
station,661,511,1172
stationaries,1,0,1
stationary,16,19,35
stationed,8,8,16
stationery,7,14,21
stationn,1,0,1
stationnn,0,1,1
stationnnn,0,1,1
stations,85,27,112
stationwagon,0,1,1
statiooooon,0,1,1
statisic,1,0,1
statisics,1,0,1
statisitcs,0,1,1
statisitic,1,0,1
statistic,15,7,22
statistical,5,6,11
statistically,5,5,10
statistici,0,1,1
statisticians,1,0,1
statistics,76,38,114
statisticsexam,0,1,1
statisticssssssssssss,1,0,1
statistik,1,0,1
statment,1,3,4
statments,0,1,1
stato,1,0,1
staton,1,2,3
statpadders,1,0,1
statpress,1,0,1
statravel,0,1,1
statrs,0,1,1
statrted,1,1,2
stats,142,128,270
statservers,1,0,1
statsoc,1,0,1
statsss,0,1,1
statting,0,3,3
stattits,0,1,1
statto,1,0,1
statty,1,0,1
statue,14,27,41
statuee,1,0,1
statues,4,5,9
staturday,1,0,1
stature,1,4,5
status,393,499,892
statusbar,0,1,1
statuses,17,20,37
statusified,0,1,1
statusing,1,1,2
statusisesz,0,1,1
statusmuuu,0,1,1
statusnotifier,1,0,1
statuspimp,0,1,1
statuss,0,1,1
statussss,0,1,1
statusuri,0,1,1
statut,0,1,1
statutes,0,1,1
statutory,2,1,3
statuzer,2,0,2
statz,0,2,2
stau,4,0,4
staub,1,4,5
staue,0,1,1
staued,0,1,1
stauffenberg,0,1,1
staufs,1,0,1
staunch,1,2,3
staunchly,0,1,1
staunton,3,5,8
staurday,5,0,5
staus,0,2,2
stausberg,1,0,1
stauses,0,1,1
stauts,1,0,1
stav,2,3,5
stavanger,0,4,4
stavaros,0,2,2
stave,8,3,11
staved,4,0,4
staveros,1,3,4
staverton,1,0,1
stavinoha,0,1,1
stavlos,1,0,1
stavo,0,1,1
stavon,1,0,1
stavos,0,2,2
stavour,1,0,1
stavrianos,1,0,1
stavrios,0,1,1
stavro,1,1,2
stavros,67,133,200
stavrosflatley,1,1,2
stavross,0,1,1
stavroula,1,0,1
stavrous,1,0,1
stavs,1,0,1
stavvie,1,0,1
stawbeery,0,1,1
stawbees,0,1,1
stawberries,0,3,3
stawberry,2,1,3
stawicki,0,1,1
stawking,0,1,1
stawny,1,0,1
stawp,1,0,1
stawr,0,1,1
stax,2,2,4
staxx,0,3,3
stay,3653,2694,6347
stayathome,1,0,1
stayawake,2,0,2
stayca,1,0,1
staycation,7,5,12
staycie,1,0,1
stayd,3,2,5
staye,0,1,1
stayed,801,409,1210
stayeduptoodamnlate,0,1,1
stayeed,1,0,1
stayers,0,1,1
stayes,0,1,1
stayg,0,1,1
stayiin,1,1,2
stayin,96,64,160
staying,1056,810,1866
stayinnn,1,1,2
stayinq,1,0,1
stayle,0,1,1
stayn,5,2,7
stayng,1,1,2
stayouttatrouble,0,1,1
stayover,1,2,3
stayp,0,1,1
stays,139,212,351
staysay,1,0,1
stayted,1,1,2
stayton,0,1,1
stayupallnightandtwitandcultureshock,0,1,1
stayvwirkinf,0,1,1
stayy,1,3,4
stayyy,2,3,5
stayyyyy,1,0,1
stayyyyyyy,0,1,1
stayyyyyyyyyyyyyyying,0,1,1
stayz,0,1,1
stb,2,1,3
stbarts,1,0,1
stbd,0,1,1
stberry,0,1,1
stborn,1,0,1
stbx,1,1,2
stby,0,1,1
stc,8,2,10
stcdcfi,1,0,1
stcfrance,0,1,1
stck,2,0,2
stckam,1,0,1
stckr,1,0,1
stclasspcrepair,0,1,1
stcuk,1,0,1
std,21,14,35
stdbankcricket,1,0,1
stdin,1,0,1
stdnt,1,0,1
stdnts,0,1,1
stdout,1,0,1
stds,8,2,10
stduying,1,0,1
stdvd,1,0,1
stdy,3,0,3
stdying,1,0,1
ste,3,10,13
steaaaaak,0,1,1
steaaam,1,0,1
steack,0,1,1
stead,11,6,17
steadfast,1,1,2
steadfastness,0,1,1
steadier,1,0,1
steadily,7,6,13
steady,38,56,94
steadyz,0,2,2
steafene,0,1,1
steak,183,275,458
steakery,1,0,1
steakhouse,13,18,31
steakhouses,0,3,3
steaking,1,0,1
steakkk,0,1,1
steaknonions,1,0,1
steaknshake,1,0,1
steakpunk,1,0,1
steaks,24,53,77
steaktub,2,0,2
steaky,0,1,1
steal,211,239,450
stealable,1,0,1
stealer,4,5,9
stealers,4,1,5
stealership,1,0,1
stealig,1,0,1
stealin,3,3,6
stealing,121,99,220
stealling,1,0,1
stealll,0,1,1
steals,26,21,47
stealss,1,0,1
stealth,17,22,39
stealthbooj,1,0,1
stealthing,0,1,1
stealthy,1,4,5
stealy,0,1,1
steam,109,72,181
steamboat,5,7,12
steamboats,3,2,5
steamed,14,29,43
steamer,8,6,14
steamers,2,2,4
steamid,0,1,1
steamin,0,2,2
steaming,16,18,34
steampulp,0,1,1
steampunk,3,13,16
steampunkify,1,0,1
steampunky,0,1,1
steamroll,1,0,1
steamroller,1,1,2
steamrolling,0,1,1
steamroom,0,1,1
steamtown,1,0,1
steamvibe,0,1,1
steamy,15,15,30
steandkel,1,0,1
stearing,1,0,1
steath,0,1,1
steavens,0,1,1
stebbel,0,1,1
stebbings,0,1,1
stebic,1,0,1
stebo,0,1,1
stecker,1,0,1
steckler,2,0,2
sted,1,2,3
steddfod,0,1,1
steden,0,1,1
stedentocht,1,0,1
stedt,0,1,1
stee,1,0,1
steed,1,4,5
steeeak,0,1,1
steeeeeeeeeeee,0,1,1
steeeeeeeeeeeeeeeeeeeeeeeeeeeeeeeeeeven,1,0,1
steeeeel,0,1,1
steeeeeve,1,0,1
steeeeg,0,1,1
steeeelers,0,1,1
steeeeve,1,0,1
steeef,0,1,1
steeep,0,1,1
steeepphhhh,1,0,1
steeeve,1,1,2
steej,1,0,1
steel,84,93,177
steelbreaker,1,0,1
steelbridge,0,1,1
steelbridgesongfest,0,1,1
steele,7,4,11
steeler,1,6,7
steelerj,1,0,1
steelers,6,9,15
steeles,1,0,1
steeletos,1,0,1
steelhaven,0,1,1
steelhead,0,1,1
steeling,4,2,6
steeljaw,1,0,1
steelo,1,0,1
steels,0,1,1
steelseries,0,1,1
steeltoes,1,0,1
steelwells,1,0,1
steelworker,0,1,1
steely,1,6,7
steem,1,1,2
steemer,2,0,2
steemy,0,1,1
steen,1,2,3
steena,0,1,1
steenkin,0,1,1
steentilstraat,0,1,1
steep,18,13,31
steepandcheap,1,0,1
steeped,4,1,5
steeper,1,0,1
steeping,2,1,3
steeple,1,1,2
steeplechase,1,0,1
steepness,0,1,1
steepster,2,2,4
steer,12,14,26
steered,2,4,6
steerer,1,0,1
steering,20,14,34
steers,1,1,2
steet,2,1,3
steeve,0,2,2
steez,2,2,4
steeze,0,1,1
steezing,1,0,1
steezy,1,2,3
stef,15,30,45
stefan,10,13,23
stefanedberg,1,0,1
stefanelli,0,1,1
stefani,11,15,26
stefania,0,2,2
stefanie,2,4,6
stefanieeee,0,1,1
stefanies,1,0,1
stefano,2,2,4
stefans,1,1,2
stefany,1,1,2
steff,5,11,16
steffan,1,1,2
steffanies,0,1,1
steffans,1,0,1
steffany,1,0,1
steffen,1,2,3
steffens,0,1,1
stefff,0,1,1
steffffff,1,0,1
steffi,8,10,18
steffie,1,2,3
stefflarrr,0,1,1
steffy,7,5,12
steffys,0,1,1
stefhany,0,2,2
stefi,0,2,2
stefie,2,0,2
stefon,0,1,1
stefs,0,2,2
stefx,0,1,1
stefy,1,1,2
steg,0,1,1
steggles,1,0,1
stegocrypt,1,0,1
stegosaurus,1,0,1
steh,1,0,1
steht,0,2,2
steiber,1,0,1
steiger,0,2,2
steigerman,0,1,1
steigern,1,0,1
steigy,0,1,1
stein,7,4,11
steinbeck,1,2,3
steinberg,0,1,1
steiner,1,1,2
steinert,0,1,1
steinfield,1,0,1
steing,1,0,1
steingarten,0,1,1
steinhausen,0,1,1
steinman,0,1,1
steins,0,1,1
steinway,2,2,4
steive,1,0,1
stejne,1,1,2
stel,0,1,1
stelar,0,3,3
stelf,1,0,1
stelicoom,0,1,1
stelios,0,1,1
stell,2,4,6
stella,39,64,103
stellaaa,0,1,1
stellacat,1,0,1
stellafour,2,0,2
stellamag,0,1,1
stellan,7,4,11
stellant,0,1,1
stellar,14,44,58
stellas,4,4,8
stellastar,1,0,1
stelle,0,2,2
stellenbosch,0,2,2
steller,0,1,1
stelletos,1,0,1
stellie,0,1,1
stellies,0,1,1
stellina,1,0,1
stellium,0,1,1
stellla,1,0,1
stellllaaa,0,1,1
stelly,2,3,5
stelvio,1,0,1
stem,9,12,21
stema,0,1,1
stemcellresearch,0,1,1
stemmed,1,2,3
stemmen,0,1,1
stemming,1,1,2
stems,5,8,13
stemstell,0,1,1
stemware,0,1,1
sten,2,1,3
stench,8,7,15
stencil,0,5,5
stencils,3,2,5
stendhal,0,3,3
stengah,1,0,1
stengel,0,1,1
stength,1,0,1
stening,1,0,1
steningebadet,0,1,1
stenotic,1,0,1
stenungsbaden,0,1,1
steny,0,2,2
steo,2,1,3
step,463,654,1117
stepbros,0,1,1
stepbrother,3,3,6
stepbrothers,3,8,11
stepchild,4,1,5
stepcloser,1,0,1
stepd,1,0,1
stepdad,37,11,48
stepdaddy,0,2,2
stepdads,3,0,3
stepdaughter,0,2,2
stepdaughters,0,1,1
stepdaughterunit,1,0,1
stepdemon,0,1,1
stepdoughter,1,0,1
steped,2,1,3
stepehn,1,0,1
stepfathaaaa,0,1,1
stepfather,6,2,8
stepford,2,5,7
stepforth,1,0,1
stepfother,0,1,1
stepfree,0,1,1
stepgen,1,0,1
steph,143,232,375
stephaaniex,1,0,1
stephaine,0,1,1
stephan,11,7,18
stephane,1,0,1
stephani,1,3,4
stephania,1,1,2
stephanie,51,79,130
stephaniel,0,1,1
stephaniemonier,0,1,1
stephanies,2,3,5
stephano,1,0,1
stephanopoulos,1,0,1
stephany,1,1,2
stephdaily,0,1,1
stephe,0,1,1
stephen,135,221,356
stephenasmith,1,0,1
stephenbaldwin,0,1,1
stephenfry,1,1,2
stephenie,17,27,44
stepheniemeyer,1,0,1
stephenkent,0,1,1
stephennnn,0,1,1
stephens,6,9,15
stephenscity,1,0,1
stephenson,5,3,8
stephenville,0,2,2
stephfoo,0,1,1
stephh,0,2,2
stephhanieeee,0,1,1
stephheil,1,0,1
stephhh,1,2,3
stephhhh,0,1,1
stephi,3,1,4
stephie,3,11,14
stephieeee,1,0,1
stephies,1,0,1
stephin,0,1,1
stephlovely,0,1,1
stephlyn,0,1,1
stephmed,0,1,1
stephmother,1,0,1
stephnanny,1,0,1
stepho,1,1,2
stephone,1,0,1
stephonia,0,1,1
stephonias,0,1,1
stephonies,1,0,1
stephontwit,0,1,1
stephs,7,13,20
stephsiau,1,0,1
stephweph,0,1,1
stephy,7,8,15
stephyy,1,0,1
stephyyy,2,0,2
stepin,0,1,1
stepinac,0,1,1
stepinfaith,0,1,1
steping,1,2,3
stepkids,2,1,3
stepmania,1,1,2
stepmaniax,1,0,1
stepmom,16,11,27
stepmommies,0,1,1
stepmommy,1,0,1
stepmoms,2,4,6
stepmomz,1,2,3
stepmother,4,1,5
stepmum,1,0,1
stepp,1,0,1
steppd,1,0,1
stepped,160,37,197
steppedout,0,1,1
steppenwolf,0,3,3
stepper,1,7,8
stepphy,0,1,1
steppie,0,1,1
steppin,2,11,13
stepping,41,52,93
steppng,0,1,1
steppy,1,0,1
steps,123,173,296
stepshow,1,0,1
stepsis,0,2,2
stepsister,3,5,8
stepsisters,3,1,4
stepsnya,0,1,1
stepson,9,4,13
stepsons,0,1,1
stepstone,0,1,1
steptoe,0,1,1
stepup,1,2,3
stepupforms,0,1,1
stepworking,0,1,1
stepxstep,0,2,2
ster,6,4,10
sterada,0,1,1
steradent,0,1,1
sterbro,0,1,1
sterday,1,2,3
stereo,63,86,149
stereomood,1,0,1
stereophonics,3,2,5
stereortypically,1,0,1
stereos,6,18,24
stereoscopic,1,0,1
stereoskyline,0,1,1
stereosound,0,1,1
stereotype,10,8,18
stereotyped,1,0,1
stereotypes,10,12,22
stereotypical,7,5,12
stereotypically,1,0,1
stereotyping,3,1,4
steres,1,0,1
steressing,1,0,1
steri,0,1,1
sterile,2,2,4
sterilised,1,0,1
sterility,1,0,1
sterilization,1,1,2
sterilize,0,1,1
sterilized,3,0,3
sterio,2,0,2
steriod,2,0,2
steriods,1,3,4
steriotypes,1,0,1
steriotypical,0,1,1
steristrips,1,0,1
sterkte,2,0,2
sterling,22,43,65
sterlings,0,1,1
sterlite,0,1,1
sterlo,0,1,1
sterlz,1,0,1
stern,17,25,42
sternenfee,0,1,1
sternum,5,1,6
stero,0,2,2
steroid,14,3,17
steroids,26,13,39
steros,1,0,1
sterotypical,1,0,1
sterre,0,1,1
sterreichs,0,1,1
sterrenmeisje,0,1,1
sters,2,1,3
sterssed,1,0,1
sterwat,0,1,1
stessed,1,0,1
stessful,2,0,2
stessing,1,0,1
stet,0,1,1
stethascope,0,1,1
stethoscope,2,0,2
stetina,0,1,1
stetson,4,1,5
steuben,1,0,1
steubenville,2,0,2
steuerabrechnung,1,0,1
steuerle,1,0,1
steuerungseinheit,1,0,1
steup,1,0,1
steups,2,0,2
steve,302,380,682
steveandamandashow,0,1,1
steveb,1,0,1
stevebunyan,0,1,1
stevecraven,0,1,1
stevedc,0,1,1
stevee,0,1,1
steveeo,0,1,1
steveessss,0,1,1
stevegarufi,0,1,1
stevejobs,0,1,1
stevejobsreturn,0,1,1
steven,96,102,198
stevenage,1,3,4
stevenhales,0,1,1
stevenlourie,1,0,1
stevens,19,22,41
stevenson,2,2,4
stevenstahhh,0,1,1
steveo,0,1,1
stever,1,0,1
steverella,0,1,1
steverubel,1,0,1
steves,4,9,13
stevesalazar,0,1,1
steveston,0,1,1
steveterada,0,1,1
stevewiebe,1,0,1
stevey,1,0,1
stevez,1,0,1
stevia,1,3,4
stevie,40,91,131
stevieboi,0,1,1
stevieiero,0,1,1
steviepoo,0,1,1
steviewonder,1,0,1
stevo,2,4,6
stevros,1,0,1
stew,25,41,66
steward,1,3,4
stewardes,0,1,1
stewardess,4,0,4
stewardesses,0,1,1
stewarding,2,0,2
stewardist,0,1,1
stewards,4,2,6
stewardship,0,1,1
stewart,67,141,208
stewarts,2,5,7
stewbeeo,0,1,1
stewed,1,4,5
steweed,1,0,1
stewert,0,3,3
stewerts,1,0,1
stewertvis,1,0,1
stewey,0,1,1
stewie,5,17,22
stewing,2,1,3
stewpid,2,0,2
stews,2,1,3
stewtwat,0,1,1
stewy,4,1,5
stext,1,0,1
stexy,0,1,1
stey,1,0,1
steyn,2,1,3
steyr,1,0,1
stf,2,0,2
stfold,0,1,1
stfragu,0,1,1
stfu,37,42,79
stfusquare,0,1,1
stfuu,1,0,1
stfuuu,0,1,1
stg,3,0,3
stgen,2,0,2
stgradeeeee,1,0,1
stgradeitsthefirsttimewemet,1,0,1
stgy,0,1,1
sth,37,53,90
sthafuture,1,1,2
sthat,1,0,1
sthe,2,0,2
sthefany,1,1,2
sthers,0,1,1
sthg,2,6,8
sthing,2,3,5
sthl,0,1,1
sthlm,4,12,16
sthlmblackout,0,1,1
sthn,1,0,1
sthop,1,0,1
sthratewen,1,0,1
sthu,2,0,2
sti,12,8,20
stia,2,0,2
stiam,2,3,5
stibbons,0,1,1
stic,0,3,3
stica,2,2,4
sticam,1,1,2
stich,3,7,10
stiched,1,0,1
stiches,19,2,21
stiching,1,2,3
stichwort,0,1,1
stick,587,641,1228
stickaaah,0,1,1
stickage,1,0,1
stickam,95,93,188
stickammmm,0,2,2
stickammmmm,1,0,1
stickams,0,1,1
stickball,1,0,1
stickcam,1,0,1
sticke,0,1,1
sticked,0,2,2
stickels,1,0,1
sticken,0,1,1
sticker,58,86,144
stickered,2,0,2
stickers,41,103,144
stickersss,1,1,2
stickey,1,0,1
stickgal,1,0,1
stickham,2,0,2
stickie,1,0,1
stickies,2,1,3
stickii,1,0,1
stickin,7,10,17
stickiness,1,2,3
sticking,95,97,192
stickinhis,0,1,1
stickkyyyy,1,0,1
stickler,0,4,4
sticklers,0,1,1
stickly,0,2,2
stickmen,1,0,1
stickn,1,0,1
stickneyy,1,0,1
sticks,122,126,248
stickss,1,0,1
stickwell,0,1,1
stickwitu,0,1,1
sticky,158,69,227
stickydate,0,2,2
stickydrama,1,0,1
stickynotesarah,1,0,1
stickytwits,0,1,1
stickyy,0,1,1
stico,0,2,2
sticom,0,1,1
stics,1,0,1
stictches,1,0,1
stictest,1,0,1
sticth,1,0,1
stids,1,0,1
stiefkind,0,1,1
stiefmonster,0,1,1
stiefvater,0,1,1
stieg,1,2,3
stiff,141,36,177
stiffage,0,1,1
stiffed,2,2,4
stiffen,2,0,2
stiffened,2,0,2
stiffies,0,1,1
stiffler,1,0,1
stiffly,0,1,1
stiffneck,1,0,1
stiffness,6,4,10
stiffney,0,1,1
stiffy,1,1,2
stifle,3,1,4
stifled,3,0,3
stifler,0,1,1
stifles,2,1,3
stifling,2,0,2
stiflingly,1,0,1
stig,7,6,13
stiggy,1,0,1
stigma,2,2,4
stigmas,1,0,1
stigmatism,2,0,2
stigs,0,1,1
stigweard,0,1,1
stihl,0,1,1
stii,1,3,4
stiickam,0,1,1
stiickers,1,0,1
stiiiiiiiiiill,2,0,2
stiiiiiiilll,1,0,1
stiiiil,2,0,2
stiiiink,1,0,1
stiiill,0,2,2
stiiilll,1,0,1
stiiillll,1,0,1
stiiilllll,1,0,1
stiiink,1,0,1
stiik,0,1,1
stiil,6,6,12
stiill,4,1,5
stiilll,3,1,4
stiilllll,1,0,1
stiinasteenjust,0,1,1
stiing,0,1,1
stiinks,1,0,1
stiiting,1,0,1
stik,1,0,1
stikam,0,2,2
stiker,0,1,1
stikes,1,0,1
stikk,0,1,1
stiklal,1,0,1
stiks,0,1,1
stil,150,71,221
stila,3,3,6
stile,0,3,3
stiles,1,2,3
stiletto,1,1,2
stilettoes,1,0,1
stilettos,5,5,10
stilgherrian,1,1,2
stilig,0,1,1
stilizat,1,0,1
still,29262,14300,43562
stilla,2,0,2
stillachild,0,1,1
stillathome,1,0,1
stillatwat,1,0,1
stillborn,4,1,5
stilldoing,1,0,1
stille,2,1,3
stillearlynotenoughcoffeeyet,0,1,1
stilled,0,2,2
stiller,9,26,35
stilleto,4,0,4
stilletoes,0,1,1
stilletoez,1,0,1
stilletos,0,1,1
stillettoe,0,1,1
stillettos,0,1,1
stillfoolish,0,1,1
stillhad,1,0,1
stillin,1,0,1
stilling,2,3,5
stilll,38,22,60
stillll,17,5,22
stilllll,9,2,11
stillllll,8,2,10
stilllllll,1,0,1
stillllllll,3,1,4
stilllookingfor,1,0,1
stillnes,0,1,1
stillness,1,7,8
stillno,2,0,2
stillnotreadyfor,1,0,1
stillnox,2,0,2
stills,18,17,35
stillsmokefree,1,0,1
stillt,0,1,1
stillunemployed,1,0,1
stillvshocked,1,0,1
stillwater,4,3,7
stillwear,1,0,1
stilly,1,2,3
stilo,0,2,2
stilt,0,1,1
stilted,1,0,1
stilton,1,7,8
stilts,1,2,3
stim,1,0,1
stima,3,0,3
stimme,0,1,1
stimming,0,2,2
stimmt,1,3,4
stimpacks,1,0,1
stimpy,5,11,16
stims,0,1,1
stimulant,0,1,1
stimulants,2,1,3
stimulas,0,2,2
stimulate,5,12,17
stimulated,4,5,9
stimulates,0,2,2
stimulating,6,8,14
stimulation,8,9,17
stimulator,1,0,1
stimuli,1,0,1
stimulous,0,2,2
stimultng,0,1,1
stimulus,15,11,26
stin,1,4,5
stina,8,6,14
stinas,0,1,1
stinch,0,1,1
stine,2,5,7
sting,59,36,95
stingaree,1,2,3
stingay,1,0,1
stinger,4,1,5
stingers,0,2,2
stingggg,0,1,1
stingin,2,0,2
stinging,46,12,58
stingingggg,1,0,1
stingingnettle,1,0,1
stingray,12,3,15
stingrays,1,1,2
stings,45,8,53
stingsss,1,0,1
stingy,19,7,26
stingyness,1,0,1
stink,119,46,165
stinka,2,0,2
stinkaz,1,0,1
stinkbox,1,0,1
stinkbug,0,1,1
stinkbutt,0,1,1
stinken,4,1,5
stinker,2,9,11
stinkered,1,0,1
stinkers,3,0,3
stinketh,1,0,1
stinkfly,0,1,1
stinkiest,1,0,1
stinkin,60,33,93
stinkiness,1,0,1
stinking,61,18,79
stinkkssss,1,0,1
stinkpad,1,0,1
stinks,373,42,415
stinksn,1,0,1
stinkss,1,1,2
stinksss,1,0,1
stinkssss,0,1,1
stinksssss,1,0,1
stinksssssss,1,0,1
stinksville,0,1,1
stinkt,1,0,1
stinkwad,1,0,1
stinkxxxx,1,0,1
stinky,97,48,145
stinkykids,0,1,1
stinkytweet,0,1,1
stinkyy,1,0,1
stinls,1,0,1
stinnggiinnnggg,1,0,1
stinning,0,1,1
stinnks,1,0,1
stinson,3,4,7
stint,16,16,32
stints,2,0,2
stinx,4,0,4
stinza,0,1,1
stio,1,0,1
stioll,1,1,2
stip,0,2,2
stipend,0,1,1
stipendi,0,1,1
stipid,1,0,1
stiplady,2,0,2
stiple,0,1,1
stipper,1,0,1
stippling,1,1,2
stips,1,0,1
stipt,1,0,1
stipulation,0,1,1
stiques,1,0,1
stir,47,49,96
stirb,0,1,1
stircrazy,1,0,1
stirea,0,1,1
stired,1,0,1
stirfry,2,10,12
stiring,1,0,1
stirkes,1,0,1
stirling,9,9,18
stirlingshire,0,1,1
stirlkbg,0,1,1
stirpot,0,1,1
stirred,4,6,10
stirrer,1,0,1
stirrers,1,0,1
stirrin,0,1,1
stirring,5,17,22
stirrups,1,0,1
stirry,1,0,1
stirs,1,4,5
stiry,0,1,1
stis,1,2,3
stiskam,0,1,1
stitch,38,40,78
stitched,11,3,14
stitchery,0,1,1
stitches,113,37,150
stitchh,1,0,1
stitchin,3,1,4
stitching,5,13,18
stitchs,1,0,1
stitchy,0,1,1
stitchystoo,1,0,1
stith,0,2,2
stiti,0,1,1
stitting,1,1,2
stitz,0,1,1
stiu,3,5,8
stiudy,1,0,1
stiupid,0,1,1
stiut,1,0,1
stiuuu,0,2,2
stiva,1,0,1
stix,3,14,17
stixx,0,1,1
stiyorsunuz,0,1,1
stj,2,1,3
stjohn,0,1,1
stjuly,0,1,1
stk,1,2,3
stkilda,0,1,1
stkrj,0,1,1
stl,43,41,84
stlaking,0,1,1
stlal,1,0,1
stlawrencemarket,0,1,1
stlcards,3,0,3
stlf,0,1,1
stlil,0,1,1
stlk,1,0,1
stlked,0,1,1
stlkr,1,0,1
stll,18,4,22
stlll,3,0,3
stlm,0,1,1
stlmosscamp,0,1,1
stlp,0,1,1
stls,1,0,1
stltwitter,1,1,2
stly,1,0,1
stlye,0,1,1
stm,19,27,46
stmagfest,1,0,1
stmay,0,2,2
stmch,1,0,1
stmglyphs,0,1,1
stmortgage,0,1,1
stmp,1,0,1
stms,0,1,1
stmt,2,0,2
stn,5,3,8
stnd,1,0,1
stng,1,2,3
stnka,1,0,1
stnulb,0,1,1
sto,12,5,17
stoack,1,0,1
stoagie,1,0,1
stoaked,1,4,5
stoap,0,1,1
stob,1,1,2
stocetop,1,0,1
stocholm,0,1,1
stocious,0,1,1
stock,339,198,537
stockard,0,1,1
stockbridge,2,1,3
stockbrokers,1,0,1
stocked,25,43,68
stocker,1,0,1
stockers,0,1,1
stockhetero,1,0,1
stockholder,1,1,2
stockholm,39,61,100
stockholmmmmm,1,0,1
stockhom,0,1,1
stocking,12,14,26
stockinger,0,1,1
stockings,22,13,35
stockington,0,1,1
stockins,0,1,1
stockist,3,1,4
stockists,1,1,2
stockk,1,0,1
stockland,1,0,1
stockley,0,1,1
stockman,0,1,1
stockmann,0,1,1
stockmannn,1,0,1
stockmarket,2,2,4
stockon,1,1,2
stockpile,2,3,5
stockpiled,0,1,1
stockpiles,0,2,2
stockpiling,1,1,2
stockport,0,2,2
stockroom,3,1,4
stocks,21,27,48
stocksbridge,1,1,2
stocktake,10,6,16
stockton,13,9,22
stocktwits,2,4,6
stocktype,1,0,1
stockwell,1,1,2
stocky,1,0,1
stockyards,1,0,1
stod,0,1,1
stoddard,0,1,1
stodge,0,2,2
stodgy,0,1,1
stodola,0,1,1
stody,1,0,1
stodying,1,0,1
stoeckmann,1,0,1
stofen,0,1,1
stog,1,0,1
stoge,1,0,1
stoges,1,0,1
stogeys,0,1,1
stogie,1,3,4
stogiereview,1,0,1
stogies,0,2,2
stoic,2,1,3
stoichiometry,1,0,1
stoicism,1,0,1
stoie,1,0,1
stojan,0,2,2
stok,0,1,1
stoke,21,19,40
stoked,164,563,727
stokedd,1,2,3
stokeddd,1,1,2
stokeddddd,0,2,2
stokedddddddd,0,1,1
stokedddddddddd,0,1,1
stokedier,0,2,2
stokedness,0,2,2
stoker,0,3,3
stokes,4,1,5
stokesbook,1,0,1
stokesley,0,1,1
stoki,1,0,1
stokie,1,0,1
stokified,0,1,1
stokin,0,1,1
stokke,2,0,2
stokkeedddd,0,1,1
stokkkedd,0,1,1
stokkkeddd,1,0,1
stokkkked,0,1,1
stokkkkeeedddd,0,1,1
stokkkkkkked,0,1,1
stokled,0,1,1
stokos,1,0,1
stokowski,0,1,1
stoksund,0,1,1
stol,1,0,1
stolbers,0,1,1
stold,2,0,2
stolde,0,1,1
stole,484,172,656
stoled,5,1,6
stolen,389,72,461
stolero,1,0,1
stoles,2,0,2
stolez,0,1,1
stoli,4,3,7
stolie,0,1,1
stoll,1,2,3
stolled,1,0,1
stollen,5,0,5
stoller,2,0,2
stolz,0,1,1
stom,4,1,5
stoma,3,0,3
stomaaaaaaaach,1,0,1
stomaach,0,1,1
stomac,6,0,6
stomacache,7,0,7
stomach,2244,254,2498
stomachace,2,0,2
stomachache,75,9,84
stomachaches,6,0,6
stomache,76,7,83
stomacheache,1,0,1
stomached,1,0,1
stomaches,3,0,3
stomachh,1,0,1
stomachhh,3,0,3
stomachhhh,0,1,1
stomachhhhhhh,1,0,1
stomachpain,1,0,1
stomachproblems,1,0,1
stomachs,13,5,18
stomachsplainin,1,0,1
stomachvirus,1,0,1
stomack,3,1,4
stomahee,1,0,1
stomatch,2,0,2
stomatitis,1,0,1
stomch,2,0,2
stomich,2,0,2
stomme,3,0,3
stomozcom,0,1,1
stomp,25,30,55
stomped,14,1,15
stomper,0,2,2
stompernet,0,2,2
stompers,0,1,1
stomphonic,1,0,1
stompin,3,3,6
stomping,16,12,28
stomps,7,4,11
ston,1,2,3
stond,0,1,1
stonded,0,1,1
stone,219,228,447
stoneage,4,2,6
stoneages,1,0,1
stonebriar,2,0,2
stonebridge,0,2,2
stoned,25,31,56
stonedbuzz,0,1,1
stonedust,1,0,1
stoneee,0,1,1
stonefall,1,0,1
stonegardens,1,0,1
stonegate,1,0,1
stonegroove,0,1,1
stoneham,1,0,1
stonehaven,3,0,3
stonehendge,1,1,2
stonehenge,16,9,25
stonehill,0,1,1
stonehythe,0,3,3
stoneking,0,1,1
stoneloops,2,1,3
stonelove,1,0,1
stonemountain,0,2,2
stoneoak,1,0,1
stoner,9,18,27
stoneridge,1,2,3
stonerose,0,1,1
stonerr,1,0,1
stoners,9,9,18
stones,72,75,147
stonestown,3,0,3
stonewall,1,3,4
stonewashed,0,1,1
stoney,8,6,14
stoneyfield,1,0,1
stoneyriver,1,0,1
stoneys,0,1,1
stonezoneshow,0,1,1
stong,1,4,5
stongehenge,1,0,1
stonger,0,1,1
stoning,5,0,5
stonker,1,0,1
stonkered,0,1,1
stonkin,0,1,1
stonking,1,2,3
stonkingly,1,1,2
stonor,2,1,3
stony,3,1,4
stonybrook,1,0,1
stood,204,94,298
stoodents,0,1,1
stoodio,1,0,1
stoodthere,0,1,1
stoodz,0,1,1
stoof,1,1,2
stoofa,0,1,1
stooge,2,2,4
stooges,2,4,6
stookie,1,0,1
stool,11,11,22
stools,1,3,4
stoon,0,2,2
stooof,1,1,2
stooooked,0,2,2
stoooooked,0,2,2
stooooooopid,0,1,1
stoooooop,1,0,1
stooooopid,3,0,3
stooooorrrrm,0,1,1
stoooop,2,0,2
stoooopeeeed,1,0,1
stoooopid,5,2,7
stoooopit,2,0,2
stooooppp,1,0,1
stoooorryyyy,0,1,1
stoooory,0,1,1
stooop,0,1,1
stooopeeed,1,0,1
stooopid,12,3,15
stooopit,1,0,1
stooopppiddd,1,0,1
stoooppppppp,0,1,1
stoop,7,8,15
stoopad,1,0,1
stooped,7,2,9
stoopers,0,1,1
stoopic,1,0,1
stoopid,97,10,107
stoopidddd,1,0,1
stoopidly,1,0,1
stoopppp,1,0,1
stoops,4,0,4
stoore,0,1,1
stoosh,0,1,1
stoov,0,1,1
stop,4925,3203,8128
stopautodms,0,1,1
stopcalling,0,1,1
stopcryingstopcrying,1,0,1
stopcryingyourheartout,0,1,1
stopdrop,1,0,1
stope,1,0,1
stoped,27,10,37
stopfkingsayingit,1,0,1
stopfollowfriday,0,1,1
stopias,1,0,1
stopid,0,1,1
stopin,2,1,3
stoping,3,6,9
stopit,1,0,1
stoplight,4,2,6
stoplights,1,0,1
stopmotion,1,2,3
stopniley,1,0,1
stopo,3,0,3
stopover,6,7,13
stopovers,1,0,1
stopp,6,4,10
stoppable,0,1,1
stoppage,4,0,4
stoppards,1,0,1
stoppd,2,0,2
stopped,1144,477,1621
stoppen,0,1,1
stopper,3,6,9
stoppers,2,0,2
stoppied,1,0,1
stoppin,10,18,28
stopping,139,187,326
stoppingly,0,1,1
stoppit,1,0,1
stoppn,0,1,1
stoppout,0,1,1
stoppp,3,3,6
stoppped,1,1,2
stopppet,0,1,1
stopppp,3,2,5
stopppped,0,1,1
stoppppeeddd,0,1,1
stoppppp,2,1,3
stopppppp,1,0,1
stopps,0,1,1
stoppy,1,0,1
stoprain,0,1,1
stopreadingthis,0,1,1
stops,242,131,373
stopthebnp,3,1,4
stopthissong,1,0,1
stopwatch,0,1,1
stor,1,4,5
storage,112,83,195
storageevents,1,0,1
store,1876,1385,3261
stored,19,19,38
storee,0,3,3
storeee,0,1,1
storeeee,1,0,1
storeeeee,0,2,2
storefront,2,3,5
storefronts,2,0,2
storeis,1,0,1
storenvy,0,1,1
storeroom,1,0,1
stores,281,179,460
storesss,0,1,1
storewide,0,4,4
storey,1,3,4
storeys,2,1,3
stori,0,1,1
storie,1,2,3
storied,0,1,1
stories,288,454,742
storing,6,7,13
storingsdienst,1,0,1
stork,2,0,2
storks,0,1,1
storm,1020,553,1573
stormach,1,0,1
stormare,0,2,2
stormbreaker,0,3,3
stormcard,1,0,1
stormchaser,1,0,1
storme,1,0,1
stormed,12,5,17
stormers,1,1,2
stormforce,1,0,1
stormi,2,1,3
stormin,7,1,8
stormind,1,0,1
storminess,1,1,2
storming,125,24,149
storminggg,0,1,1
stormm,2,1,3
stormmasterg,1,0,1
stormmm,1,0,1
stormofgenius,0,1,1
stormong,0,1,1
stormont,0,1,1
stormount,1,0,1
stormreach,0,1,1
stormrise,1,0,1
storms,467,128,595
stormski,1,0,1
stormssss,1,0,1
stormtrooper,2,3,5
stormtroopers,2,3,5
stormtroopr,0,1,1
stormwind,1,0,1
stormwitch,1,0,1
stormy,89,43,132
storning,1,0,1
stornoway,1,3,4
storpe,0,1,1
storque,0,1,1
storry,0,1,1
stortford,0,1,1
storthes,1,0,1
stortini,1,0,1
storto,0,1,1
story,1371,1861,3232
storyboard,3,3,6
storyboarded,0,1,1
storyboarding,1,1,2
storybook,2,1,3
storybooks,1,1,2
storybridge,0,1,1
storycasting,1,0,1
storychaser,0,1,1
storylet,0,1,1
storyline,29,25,54
storylineee,1,0,1
storylines,5,3,8
storymode,1,0,1
storyofmylife,1,0,1
storyplanet,0,1,1
storys,8,3,11
storysize,1,0,1
storyteller,2,4,6
storytellers,2,2,4
storytelling,3,9,12
storytiiime,0,1,1
storytime,0,4,4
storytimes,0,1,1
storyville,1,1,2
storyy,2,4,6
storyyyy,1,0,1
storyyyyy,0,1,1
storyyyyyy,0,1,1
stossel,0,1,1
stosur,4,3,7
stot,0,2,2
stotch,0,1,1
stottern,0,1,1
stou,1,0,1
stoudemire,0,1,1
stoudts,0,1,1
stouf,0,1,1
stouffer,0,1,1
stouffers,1,1,2
stourbridge,1,2,3
stourport,1,0,1
stourubridge,1,0,1
stout,8,16,24
stouts,1,1,2
stove,49,31,80
stoved,0,1,1
stover,1,1,2
stovers,1,0,1
stoves,2,1,3
stovetop,3,1,4
stovia,0,1,1
stovies,0,1,1
stovky,0,1,1
stow,6,3,9
stowaway,0,1,1
stowe,0,2,2
stowed,1,0,1
stowell,0,2,2
stowener,0,1,1
stowing,2,0,2
stowmach,0,1,1
stowmarket,1,0,1
stowry,1,0,1
stoy,6,0,6
stoya,1,0,1
stp,9,15,24
stpancras,0,2,2
stpatricks,0,1,1
stpaul,1,0,1
stpauls,1,0,1
stpid,5,0,5
stpllelling,1,0,1
stponed,1,0,1
stpped,1,0,1
stpri,0,2,2
stpry,1,0,1
stps,0,1,1
str,46,42,88
straaaanger,0,1,1
straaanggge,0,1,1
straaeeetts,1,0,1
straaighhtt,0,1,1
straange,1,0,1
strabucks,0,1,1
stracathro,0,1,1
stracchino,0,1,1
straccioto,1,0,1
strached,1,0,1
strada,0,3,3
stradbroke,0,1,1
straddie,0,1,1
straddling,0,1,1
stradi,1,0,1
straem,1,0,1
straffan,1,1,2
strag,0,1,1
strage,1,1,2
stragers,0,1,1
stragetist,0,1,1
straggler,1,0,1
stragglers,1,1,2
straggling,0,1,1
straggly,0,1,1
stragic,1,0,1
stragiramento,1,0,1
strags,1,0,1
stragth,1,0,1
strahovski,0,1,1
straid,1,0,1
straigh,0,2,2
straighening,1,0,1
straighning,1,0,1
straight,763,697,1460
straightaning,1,0,1
straightaway,2,0,2
straighted,0,3,3
straightedge,0,2,2
straighteing,0,1,1
straighten,63,66,129
straightend,0,3,3
straightened,21,27,48
straightener,49,16,65
straightenerrrr,0,1,1
straighteners,16,2,18
straightenin,4,2,6
straightening,29,44,73
straightens,1,2,3
straighter,2,2,4
straightforward,9,17,26
straightfwd,1,0,1
straightin,2,0,2
straightiner,0,1,1
straighting,2,1,3
straightjacket,1,0,1
straightline,1,0,1
straightnee,1,0,1
straightner,14,3,17
straightners,8,1,9
straights,4,1,5
straightshooting,0,1,1
straightyyyyy,0,1,1
straignthen,1,0,1
straigt,2,0,2
straigtening,1,0,1
straigtner,1,0,1
straigtners,1,0,1
straiight,0,1,1
straiighteennnin,1,0,1
straiightniing,0,1,1
straiiight,0,1,1
strain,35,20,55
strained,29,4,33
straing,1,0,1
strainge,0,1,1
straining,4,3,7
strains,3,1,4
straiqht,2,0,2
strait,22,24,46
straiten,1,0,1
straitening,1,0,1
straitghtening,0,1,1
straitnin,0,1,1
straits,3,10,13
strak,1,2,3
straker,0,1,1
straks,0,1,1
stralsund,0,2,2
stramm,1,0,1
strampelt,0,1,1
strand,9,16,25
stranda,1,0,1
stranded,115,15,130
strandell,0,1,1
stranding,1,0,1
strands,8,3,11
strane,1,0,1
strang,1,1,2
strange,504,552,1056
strangebrew,0,1,1
strangelittleband,0,1,1
strangelove,4,3,7
strangelovelive,0,1,1
strangels,1,0,1
strangeluv,1,0,1
strangely,49,65,114
strangeness,0,2,2
stranger,94,162,256
strangerrrrrr,0,1,1
strangers,66,94,160
strangest,14,20,34
strangle,9,7,16
strangled,5,4,9
stranglehold,1,0,1
stranglers,0,1,1
strangles,1,0,1
stranglethorn,1,0,1
strangley,1,2,3
strangling,7,3,10
strangly,2,3,5
strangr,1,0,1
strangulation,1,0,1
stranks,0,1,1
stranraer,0,1,1
stranted,1,0,1
stranthorpe,0,1,1
strap,46,27,73
strapless,8,4,12
straplines,0,1,1
strapons,0,1,1
strapp,0,1,1
strapped,21,12,33
strapping,3,3,6
strappy,2,1,3
strappys,1,0,1
straps,15,13,28
strarbucks,0,1,1
strarted,1,0,1
strarting,1,0,1
stras,1,0,1
strasbourg,4,1,5
strasburg,2,1,3
straslive,1,0,1
strasse,0,2,2
strasser,0,1,1
strassing,0,1,1
strat,8,7,15
strata,5,3,8
stratch,2,1,3
strate,1,2,3
strategerizing,0,1,1
strategi,1,0,1
strategic,10,20,30
strategically,6,5,11
strategicclock,1,0,1
strategie,0,1,1
strategies,14,9,23
strategise,0,1,1
strategising,0,1,1
strategist,1,0,1
strategize,1,2,3
strategizing,1,4,5
stratego,0,2,2
strategy,34,87,121
strategyroom,0,5,5
stratejoy,0,1,1
stratford,8,9,17
stratgey,1,0,1
strath,1,0,1
strathclyde,0,2,2
strathfield,1,0,1
stratholme,0,1,1
strathpine,1,1,2
straths,0,1,1
strathy,1,0,1
stratified,1,0,1
stratigical,1,0,1
strating,0,1,1
stratocaster,2,1,3
stratocumulus,0,1,1
stratos,0,2,2
stratosphere,2,6,8
stratovarius,0,1,1
strats,0,1,1
stratta,1,0,1
stratus,2,1,3
straub,2,1,3
strauss,0,8,8
strave,0,1,1
stravin,1,0,1
straving,3,1,4
stravingg,1,0,1
stravingggg,1,0,1
stravinsky,0,1,1
stravos,1,2,3
stravros,1,0,1
straw,45,42,87
strawb,2,0,2
strawbabies,0,1,1
strawbaby,1,0,1
strawbale,0,1,1
strawbeery,0,1,1
strawberr,0,1,1
strawberried,0,2,2
strawberriees,0,1,1
strawberries,133,263,396
strawberriesssss,0,1,1
strawberrries,0,1,1
strawberry,222,439,661
strawberrybanana,0,1,1
strawberrycupcake,0,1,1
strawberryfields,0,1,1
strawberryrhubarb,1,0,1
strawberrys,13,14,27
strawberrysyrup,0,1,1
strawberryyys,0,2,2
strawbery,0,2,2
strawbita,1,0,1
strawbrerrys,0,1,1
strawbridge,0,1,1
strawbry,0,1,1
strawbs,2,1,3
strawburry,1,1,2
straweberry,1,0,1
strawed,1,0,1
strawerries,0,1,1
strawpineorangbana,0,1,1
straws,11,10,21
strax,0,2,2
stray,53,28,81
straya,0,1,1
strayed,0,1,1
strayer,1,0,1
straying,0,3,3
straylight,1,5,6
strays,4,2,6
strayyyy,0,1,1
strbcks,0,1,1
strbrry,1,0,1
strbux,0,1,1
strcitly,0,1,1
stre,2,0,2
strea,1,0,1
streak,80,55,135
streaked,1,1,2
streaker,0,3,3
streakers,1,0,1
streakin,0,1,1
streaking,2,5,7
streaks,9,15,24
streaky,3,0,3
stream,355,240,595
streamate,0,2,2
streamed,20,5,25
streameme,1,0,1
streamer,0,2,2
streamers,2,6,8
streames,1,0,1
streamin,1,1,2
streaming,164,99,263
streamingfaith,1,0,1
streamingly,0,1,1
streamkeys,0,1,1
streamless,1,0,1
streamlight,0,1,1
streamline,4,3,7
streamlined,0,2,2
streamlining,0,1,1
streams,43,26,69
streamwood,0,1,1
streamy,5,1,6
streamyx,7,3,10
streamyxsucks,0,1,1
streap,1,0,1
streat,1,1,2
streatcher,1,0,1
streatham,1,1,2
strech,1,2,3
streched,1,0,1
strecher,1,0,1
strechered,1,0,1
streches,0,1,1
streching,2,1,3
strechy,1,0,1
streck,0,1,1
strecth,0,1,1
strede,1,0,1
streeeaachh,0,1,1
streeeeeeeeeeetched,0,1,1
streeeeeesss,0,1,1
streeeeeet,1,0,1
streeeeet,0,1,1
streeeet,2,1,3
streeeping,0,1,1
streeet,0,1,1
streek,2,0,2
streeless,0,1,1
streep,1,5,6
strees,1,1,2
streesful,1,0,1
streesing,1,0,1
streesss,0,1,1
street,731,755,1486
streetanchor,0,1,1
streetart,0,1,1
streetball,0,1,1
streetbike,0,1,1
streetcar,12,5,17
streetcars,1,0,1
streetcorner,0,1,1
streetcred,0,1,1
streetdance,1,1,2
streetdelivery,0,1,1
streetfest,0,1,1
streetfigher,0,1,1
streetfighter,3,1,4
streetglide,0,1,1
streethearts,0,1,1
streetight,1,0,1
streeting,0,1,1
streetlight,2,2,4
streetlights,1,1,2
streetlyfe,0,1,1
streetmaps,0,1,1
streets,140,131,271
streetsboro,0,1,1
streetscape,1,0,1
streetsmart,0,1,1
streettalk,0,1,1
streettalktv,0,2,2
streetteam,0,4,4
streetview,3,11,14
streetwalker,2,2,4
streetwear,1,1,2
streetweeters,0,1,1
streetz,3,1,4
streey,1,0,1
strefen,1,0,1
strega,0,1,1
streighten,0,1,1
streisand,0,2,2
strek,1,2,3
strelli,0,1,1
strelok,1,0,1
stremely,0,1,1
strengh,0,5,5
strenght,11,4,15
strenghtening,0,1,1
strenghth,1,0,1
strenghts,0,1,1
strength,157,132,289
strengthen,3,6,9
strengthened,0,4,4
strengthening,2,1,3
strengthens,0,1,1
strengther,1,0,1
strengthh,0,1,1
strengthhh,0,1,1
strengths,3,8,11
strenious,1,0,1
strenqth,1,0,1
strenth,0,1,1
strenuous,6,4,10
strep,170,13,183
streped,1,0,1
strepp,1,0,1
streppppp,1,0,1
strepsil,1,0,1
strepsils,12,3,15
strept,6,0,6
streret,0,1,1
stres,4,0,4
stresat,1,0,1
stresed,2,0,2
stresful,1,0,1
stresfull,1,0,1
stresin,1,0,1
stresing,1,0,1
stresnya,0,1,1
stress,605,553,1158
stressathon,1,0,1
stressball,1,1,2
stressballs,0,1,1
stressd,1,0,1
stressed,695,125,820
stresseddd,2,0,2
stressedddddddddddddddd,1,0,1
stresseed,1,0,1
stresseeed,1,0,1
stresser,1,1,2
stresses,17,8,25
stressface,1,0,1
stressfree,0,2,2
stressful,244,111,355
stressfull,13,4,17
stressfulll,1,0,1
stressfulllll,1,0,1
stressfullllll,1,0,1
stressfully,2,1,3
stresshead,0,1,1
stressi,1,0,1
stressiest,1,0,1
stressin,28,9,37
stressing,217,38,255
stressingg,0,1,1
stressingout,1,0,1
stressinnngg,1,0,1
stressinnnn,1,0,1
stressless,1,1,2
stresso,2,0,2
stressors,2,0,2
stresss,6,0,6
stresssed,2,0,2
stresssedd,2,0,2
stressseeeddd,1,0,1
stresssful,0,1,1
stressshopping,1,0,1
stresssing,1,1,2
stresssinq,1,1,2
stresssn,1,0,1
stressss,0,2,2
stressssed,2,0,2
stresssss,1,0,1
stresssssing,1,0,1
stressssssss,2,0,2
stresssssssssss,1,0,1
stressssssssssssssssssed,1,0,1
stressted,0,1,1
stressting,1,0,1
stressy,4,1,5
stresz,0,1,1
stretch,104,117,221
stretchable,1,0,1
stretched,28,19,47
stretcher,7,2,9
stretchered,1,1,2
stretchers,1,0,1
stretches,11,16,27
stretchh,1,0,1
stretchier,1,0,1
stretchin,0,1,1
stretching,27,35,62
stretchmark,0,1,1
stretchmarks,2,0,2
stretchy,3,3,6
streth,1,0,1
stretham,1,0,1
strettle,1,0,1
stretton,1,0,1
streudal,0,1,1
streudel,0,1,1
streudels,1,0,1
streusel,0,1,1
strewn,3,2,5
strewth,1,1,2
striaght,1,1,2
striat,1,0,1
stricat,1,0,1
strici,0,1,1
strick,1,0,1
stricke,1,1,2
stricken,6,2,8
stricker,0,1,1
strickers,0,1,1
strickland,1,2,3
stricklands,1,0,1
strickly,1,0,1
strict,54,29,83
stricted,0,1,1
stricter,4,0,4
strictest,4,5,9
strictly,20,35,55
strictlylawless,1,0,1
strictor,0,1,1
stricture,1,0,1
strid,0,1,1
strida,0,2,2
stride,4,12,16
stridechicken,0,1,1
strident,0,2,2
strider,1,1,2
strides,0,4,4
striding,0,3,3
strife,2,2,4
striffler,0,1,1
strify,4,5,9
striggling,1,0,1
stright,6,2,8
strighten,1,0,1
strightening,0,1,1
strighters,1,0,1
striiid,0,1,1
striiiiike,1,0,1
striing,0,1,1
strike,159,114,273
striked,3,0,3
strikeeeeeee,0,1,1
strikeforce,4,3,7
strikegently,1,2,3
strikeout,2,1,3
strikeouts,2,0,2
striker,3,3,6
strikers,0,2,2
strikes,89,42,131
strikez,1,0,1
striking,12,14,26
strikingly,2,3,5
strim,0,1,1
striming,1,0,1
strimmed,1,0,1
strimmer,3,1,4
strimming,3,3,6
string,117,111,228
stringcourse,1,0,1
stringed,0,2,2
stringent,0,1,1
stringer,5,4,9
stringing,1,1,2
strings,55,79,134
stringy,2,0,2
strip,88,115,203
stripclub,2,1,3
stripe,11,10,21
striped,59,26,85
striper,0,1,1
stripers,1,1,2
stripes,19,37,56
stripey,8,12,20
striping,0,3,3
stripnotes,0,1,1
stripp,1,0,1
stripped,33,11,44
strippedxbeauty,0,1,1
stripper,26,47,73
stripperrrrr,0,1,1
strippers,17,21,38
stripperss,0,1,1
strippin,2,1,3
stripping,10,11,21
stripprs,0,1,1
strips,30,34,64
stript,0,1,1
striptease,0,3,3
stripy,4,4,8
stripygirrafes,0,1,1
strirrers,1,0,1
strivcter,0,1,1
strive,4,21,25
striven,0,1,1
strives,0,2,2
strivin,0,1,1
striving,1,4,5
strizugg,1,0,1
strlen,0,1,1
strnag,0,1,1
strngers,1,0,1
stro,1,1,2
strobe,6,1,7
strobelight,1,0,1
stroberi,0,1,1
strobing,1,0,1
strobist,1,1,2
strobl,0,1,1
strode,1,0,1
stroemen,1,0,1
stroganoff,1,3,4
stroget,0,1,1
strogonoff,0,1,1
stroh,1,3,4
strohwitwer,1,0,1
stroj,1,0,1
strok,1,0,1
stroke,116,50,166
stroked,3,4,7
strokee,1,0,1
stroker,1,0,1
strokers,0,2,2
strokes,25,20,45
strokin,0,1,1
stroking,4,7,11
stroky,1,0,1
strole,0,1,1
stroll,33,71,104
strolled,4,5,9
stroller,17,12,29
strollers,3,2,5
strollin,0,2,2
strolling,3,11,14
strollo,1,0,1
strolls,0,2,2
strom,6,3,9
strombo,1,1,2
stromboshow,0,1,1
strome,1,0,1
stromin,1,0,1
strones,1,0,1
stronest,0,1,1
strong,502,583,1085
strongarming,1,0,1
strongbow,6,9,15
strongbows,0,1,1
stronge,1,1,2
stronger,80,112,192
strongerrr,1,0,1
strongest,12,11,23
strongg,1,0,1
stronggg,1,0,1
stronghold,1,2,3
strongly,36,33,69
strongr,0,1,1
strongs,2,1,3
strongsuit,1,0,1
stronks,0,1,1
stronng,1,1,2
stroongg,1,0,1
strooong,1,1,2
stroooong,1,0,1
strooooongg,0,1,1
stroop,0,1,1
stroopwafel,0,1,1
stroopwafels,1,2,3
stroopwaffle,1,0,1
stroopwafflen,0,2,2
strop,4,1,5
stropppppppy,1,0,1
stroppy,5,3,8
stropy,1,0,1
strore,0,1,1
strories,0,1,1
stros,3,1,4
stross,0,1,1
strothers,1,0,1
stroud,0,2,2
stroudsburg,1,0,1
stroumboulopoulos,1,0,1
stroup,2,0,2
strous,0,1,1
strout,1,1,2
stroy,1,2,3
stroyline,1,0,1
strp,2,0,2
strrangely,1,0,1
strreeesss,1,0,1
strret,1,0,1
strrrreaming,0,1,1
strrrrrrrrawberrrrryyyy,0,1,1
strshine,0,1,1
strssd,0,1,1
strt,9,5,14
strtchers,0,1,1
strtd,2,4,6
strted,3,3,6
strtin,1,0,1
strting,2,0,2
strtn,0,1,1
strtotime,0,1,1
strts,3,2,5
struan,1,0,1
struble,0,1,1
struck,77,52,129
strucked,0,2,2
struct,1,5,6
structr,0,1,1
structural,4,3,7
structuralism,2,0,2
structure,28,30,58
structured,5,10,15
structures,12,6,18
structuring,0,3,3
strudel,4,8,12
strudle,1,0,1
strudwick,0,1,1
strue,1,0,1
struedal,1,0,1
struesel,0,1,1
struggalin,0,1,1
struggeling,1,2,3
strugging,1,1,2
struggle,94,54,148
struggled,26,9,35
strugglefest,1,0,1
struggler,0,1,1
struggles,10,5,15
strugglin,9,1,10
struggling,298,70,368
struggs,1,0,1
struglin,2,1,3
strugling,4,2,6
strukk,0,1,1
strum,0,9,9
strummer,0,1,1
strummin,0,1,1
strumming,1,10,11
strumpet,1,2,3
strums,2,0,2
strung,6,5,11
strungi,0,1,1
strungoutwired,0,1,1
struppss,1,0,1
strut,6,10,16
strutin,0,1,1
struts,3,0,3
strutt,1,0,1
strutted,1,0,1
strutting,2,2,4
struttles,0,1,1
strutton,0,1,1
struture,0,1,1
strved,0,1,1
strwaberry,0,1,1
stry,1,0,1
stryder,6,12,18
stryper,0,1,1
stryph,0,1,1
sts,12,16,28
stsarted,1,0,1
stse,1,0,1
stsetgtjsecrit,0,1,1
stsrbuxxx,1,0,1
stss,1,0,1
ststas,0,1,1
ststem,1,0,1
stststutter,0,1,1
stt,1,4,5
sttart,0,1,1
sttarving,1,0,1
sttches,1,0,1
stte,0,1,1
sttephen,0,1,1
sttepped,1,0,1
stthing,1,0,1
sttick,1,0,1
sttil,0,1,1
sttill,1,0,1
stting,3,0,3
sttng,2,0,2
sttoooppp,1,0,1
sttoopppp,1,0,1
sttoped,0,1,1
sttractive,1,0,1
sttressful,0,1,1
sttteeeeeevvvveeee,0,1,1
stttooooppp,0,1,1
sttttop,1,0,1
sttuffed,1,0,1
sttuning,1,0,1
stu,33,26,59
stua,1,0,1
stuadying,1,0,1
stuart,27,24,51
stuarts,1,3,4
stuartt,0,1,1
stub,5,6,11
stubb,3,0,3
stubbalin,0,1,1
stubbe,0,1,1
stubbed,38,4,42
stubbies,1,0,1
stubbing,3,0,3
stubble,4,6,10
stubbles,0,1,1
stubbley,1,0,1
stubbly,0,1,1
stubbon,0,1,1
stubborn,56,30,86
stubborness,2,0,2
stubbornly,4,2,6
stubbornness,1,2,3
stubbs,4,5,9
stubbsy,1,0,1
stubbub,1,0,1
stubburn,1,1,2
stubby,5,5,10
stubern,1,0,1
stubhub,2,1,3
stubid,1,1,2
stubies,0,1,1
stubmatic,0,1,1
stuborn,2,2,4
stubs,1,3,4
stubz,0,1,1
stuch,3,0,3
stucj,1,0,1
stuck,4177,790,4967
stuckdid,0,1,1
stucked,9,3,12
stuckey,1,2,3
stuckin,1,0,1
stuckindamiddle,1,0,1
stucking,1,0,1
stuckinnj,1,0,1
stuckk,3,0,3
stuckkk,1,0,1
stuckonthemotorwayforoveranhourandahalf,1,0,1
stuckonyou,0,1,1
stuckrecord,1,0,1
stuckwits,0,1,1
stuco,2,1,3
stud,41,47,88
studay,1,0,1
studayying,1,0,1
studddddddddddddddddingggg,1,0,1
studdds,0,1,1
studddyingg,1,0,1
studddyyy,1,0,1
studded,5,12,17
studder,0,2,2
studdied,1,0,1
studdiee,1,0,1
studdies,3,0,3
studding,4,1,5
studdmuffin,1,0,1
studdy,4,0,4
studdyin,0,1,1
studdying,2,2,4
studdyyy,2,0,2
studdyyyying,1,0,1
studen,0,1,1
studends,1,0,1
studens,1,0,1
student,367,327,694
studentenadsl,0,1,1
studentid,1,0,1
studentjob,0,1,1
studentloan,1,0,1
studentphotographerwillshootwheredesired,1,0,1
studentroom,1,0,1
students,259,290,549
studentship,0,1,1
studenty,1,0,1
studeous,1,0,1
studes,0,1,1
studff,1,0,1
studhalf,1,0,1
studi,0,1,1
studiaza,0,1,1
studied,127,88,215
studieng,1,0,1
studies,179,145,324
studieuse,1,0,1
studiezzzz,0,1,1
studiii,1,0,1
studiing,1,0,1
studiinq,0,1,1
studin,4,1,5
studine,1,0,1
studing,60,12,72
studingggggg,1,0,1
studio,464,745,1209
studioagain,0,1,1
studioallzone,0,1,1
studiocam,1,0,1
studiofrost,0,1,1
studioghibli,0,2,2
studiomatyska,0,1,1
studiomax,0,2,2
studiometry,1,0,1
studion,0,1,1
studioo,0,1,1
studioooo,0,1,1
studiopress,0,1,1
studiorhoad,0,1,1
studiorum,0,1,1
studios,50,74,124
studious,2,10,12
studiowork,0,1,1
studip,1,0,1
studivz,0,2,2
studiyn,1,0,1
studiyng,0,1,1
studless,1,0,1
studly,1,2,3
studmeier,1,0,1
studmuffin,0,5,5
studnet,1,0,1
studnt,2,0,2
studprods,1,0,1
studs,13,13,26
studsband,1,0,1
studss,1,0,1
studt,0,1,1
studtechclub,0,1,1
studuy,1,0,1
study,2904,1173,4077
studyathon,1,0,1
studybiology,0,1,1
studybut,1,0,1
studyday,0,2,2
studyed,4,6,10
studyhall,1,1,2
studyhalll,0,1,1
studyied,2,0,2
studyign,1,0,1
studyiiiiiing,1,0,1
studyiiing,0,1,1
studyin,60,38,98
studying,2396,1046,3442
studyingg,9,1,10
studyinggg,4,1,5
studyingggg,8,0,8
studyinggggg,0,1,1
studyingggggggggggggggggggggggg,1,0,1
studyings,2,0,2
studyinn,2,0,2
studyinng,2,1,3
studyinq,0,1,1
studyless,0,1,1
studylink,1,0,1
studymooning,0,1,1
studymyassoff,1,0,1
studyn,3,2,5
studyng,5,0,5
studys,1,0,1
studystudystudy,0,2,2
studytime,1,1,2
studytrip,0,1,1
studywork,1,0,1
studyy,14,2,16
studyyin,1,0,1
studyying,0,1,1
studyyinggg,1,0,1
studyyy,4,0,4
studyyying,1,0,1
studyyyingg,1,0,1
studyyyy,1,2,3
studyyyyystudy,1,0,1
studyyyyyy,4,1,5
studyyyyyyyy,2,0,2
studyyyyyyyyy,1,0,1
studyyyyyyyyyyyyyy,1,0,1
studyyyyyyyyyyyyyyyyyyyyyyyy,0,1,1
studyyyyyyyyyyyyyyyyyyyyyyyyy,1,0,1
studyzilla,1,0,1
stuedent,1,0,1
stueps,1,0,1
stuey,1,3,4
stuf,15,10,25
stufd,1,0,1
stufed,2,0,2
stuff,4654,5270,9924
stuffage,1,1,2
stuffd,1,0,1
stuffed,240,186,426
stuffedd,1,0,1
stuffeddd,1,0,1
stuffeddddd,0,1,1
stuffedtoy,1,0,1
stuffer,1,0,1
stufff,8,11,19
stufffed,1,0,1
stufffeddddd,1,0,1
stuffff,7,8,15
stufffff,1,4,5
stufffffed,1,0,1
stufffffff,0,4,4
stuffffffff,1,2,3
stufffffs,0,2,2
stufffy,1,0,1
stuffier,2,0,2
stuffies,2,0,2
stuffiknow,0,1,1
stuffin,5,0,5
stuffing,47,37,84
stuffins,0,1,1
stuffit,1,1,2
stuffitis,0,1,1
stuffles,0,5,5
stuffn,1,0,1
stuffs,107,105,212
stuffsss,0,1,1
stuffted,1,0,1
stuffwotimadeup,4,5,9
stuffy,206,27,233
stuffynose,1,0,1
stuffyteaparty,0,1,1
stuffytweaparty,0,2,2
stuffz,2,2,4
stuft,0,1,1
stufy,1,0,1
stufying,0,1,1
stuggle,1,1,2
stuggleing,1,0,1
stuggling,5,0,5
stuhhh,0,1,1
stuided,0,1,1
stuides,0,1,1
stuido,0,1,1
stuie,0,1,1
stuifmeel,1,0,1
stuipd,2,1,3
stuiped,2,0,2
stuju,0,1,1
stuk,10,2,12
stuked,1,0,1
stull,1,0,1
stum,1,0,1
stumach,2,0,2
stumbeling,0,1,1
stumbeupon,1,0,1
stumble,14,43,57
stumbled,21,39,60
stumbles,1,1,2
stumbleupon,10,15,25
stumbleuponed,0,1,1
stumblin,0,2,2
stumbling,8,5,13
stumblr,0,1,1
stumbly,1,0,1
stumick,1,0,1
stumke,0,1,1
stumle,0,1,1
stummbled,0,1,1
stummics,1,0,1
stummy,10,2,12
stumoch,1,0,1
stump,7,18,25
stumped,23,13,36
stumph,0,1,1
stumping,1,0,1
stumpjumper,0,1,1
stumps,6,3,9
stumptown,0,4,4
stumptowncomics,0,1,1
stumpwm,0,1,1
stumpy,7,3,10
stun,1,6,7
stunble,1,0,1
stunde,0,1,1
stunden,1,0,1
stuned,1,0,1
stung,117,12,129
stuning,0,3,3
stunk,18,2,20
stunna,1,6,7
stunnah,0,1,1
stunnas,1,0,1
stunned,23,22,45
stunner,5,3,8
stunnerbum,1,0,1
stunners,0,2,2
stunnign,0,1,1
stunnin,2,5,7
stunning,63,221,284
stunningly,2,5,7
stunninjg,0,1,1
stunnninnnng,0,1,1
stunnnning,0,1,1
stunnnnna,0,1,1
stunny,1,0,1
stunt,36,29,65
stunted,2,0,2
stuntful,1,0,1
stuntin,1,2,3
stuntinfail,1,0,1
stunting,2,0,2
stuntling,1,0,1
stuntman,0,2,2
stuntmania,0,1,1
stunts,5,11,16
stuoid,2,0,2
stuopidly,1,0,1
stup,1,3,4
stupd,5,0,5
stupe,1,0,1
stuped,4,0,4
stupeed,2,0,2
stupendous,0,6,6
stupendously,0,2,2
stupendousss,0,1,1
stupey,2,0,2
stuph,0,3,3
stuphanu,0,1,1
stupi,2,0,2
stupib,1,0,1
stupid,5664,1159,6823
stupidaccident,1,0,1
stupidamericanquestion,0,1,1
stupidass,1,0,1
stupidcali,1,0,1
stupidclub,0,1,1
stupidd,8,1,9
stupiddd,4,2,6
stupidddd,3,1,4
stupidddddd,1,0,1
stupiddddddd,1,0,1
stupiddddddddd,1,0,1
stupidddrunl,1,0,1
stupide,1,1,2
stupider,5,1,6
stupidest,25,8,33
stupidface,1,0,1
stupidfemalevanity,1,0,1
stupidflowerbitchfromh,1,0,1
stupidfuckingboys,1,0,1
stupidgalaevent,1,0,1
stupidities,1,1,2
stupidity,49,33,82
stupidkickofftimes,2,0,2
stupidlly,1,0,1
stupidly,69,24,93
stupidness,3,3,6
stupido,3,0,3
stupids,4,1,5
stupidshit,0,1,1
stupidst,2,0,2
stupidstupid,3,0,3
stupidstupidstupid,1,0,1
stupidty,0,1,1
stupidworksuxes,1,0,1
stupidy,3,1,4
stupied,4,0,4
stupif,0,1,1
stupified,1,1,2
stupiid,1,1,2
stupiidd,1,1,2
stupiiid,1,0,1
stupiiieeedd,1,0,1
stupiiiid,1,0,1
stupiiiiid,1,0,1
stupis,2,0,2
stupit,3,1,4
stupiud,1,0,1
stupor,6,1,7
stupour,1,0,1
stuppid,4,1,5
stuppidd,1,1,2
stuppppppid,1,0,1
stups,1,0,1
stupy,1,0,1
sturbridge,1,0,1
sturbs,0,1,1
sturbucks,1,0,1
sturday,5,1,6
sturdier,1,1,2
sturdiest,0,1,1
sturdiness,0,1,1
sturdy,2,8,10
sturdying,1,0,1
sture,1,0,1
sturgeon,0,1,1
sturgess,2,3,5
sturgis,0,2,2
sturm,0,1,1
sturms,0,1,1
sturmtag,1,0,1
sturs,1,0,1
sturtz,1,0,1
stury,1,0,1
sturya,0,1,1
stus,1,0,1
stuss,0,1,1
stussing,1,0,1
stussy,0,1,1
stuster,1,0,1
stutter,6,2,8
stuttered,0,1,1
stutteriing,0,1,1
stutterin,0,2,2
stuttering,7,6,13
stutters,4,0,4
stuttgart,5,11,16
stutzman,1,0,1
stuu,1,0,1
stuudyy,1,0,1
stuuf,0,2,2
stuupid,2,0,2
stuuuck,0,1,1
stuuudddddyyy,0,1,1
stuuuddyiinngggggg,1,0,1
stuuufff,1,0,1
stuuupid,3,2,5
stuuuudy,0,1,1
stuuuudyyyyyyy,1,0,1
stuuuupid,3,1,4
stuuuuudy,2,0,2
stuuuuupid,1,0,1
stuuuuuuck,1,0,1
stuuuuuuuuuffed,0,1,1
stuvk,1,0,1
stuwart,1,0,1
stuy,4,3,7
stuyding,3,0,3
stuying,3,1,4
stuyvesant,0,1,1
stv,5,3,8
stvpark,1,0,1
stw,1,3,4
stwaberry,0,1,1
stwait,0,1,1
stwangsa,1,0,1
stwawbewwies,0,1,1
stwebdesigner,0,1,1
stweeps,0,1,1
stweet,0,2,2
stweets,2,0,2
stx,0,2,2
stxi,1,0,1
sty,26,3,29
styaed,1,0,1
styaing,1,1,2
styderrr,0,1,1
stye,15,1,16
styes,2,0,2
stygian,1,0,1
styin,1,0,1
stying,1,0,1
styl,1,3,4
style,320,790,1110
stylebook,1,0,1
stylebooks,0,1,1
styled,3,15,18
stylee,2,7,9
styleee,2,2,4
styleeee,0,4,4
styleephone,0,1,1
styleezzzz,1,0,1
styleline,0,1,1
styler,2,3,5
styles,31,43,74
stylesheet,1,1,2
stylesheets,1,0,1
stylettoz,0,1,1
styley,0,2,2
stylez,1,0,1
stylie,0,1,1
stylin,3,12,15
styling,8,23,31
stylings,0,3,3
stylish,16,42,58
stylist,41,41,82
stylista,3,3,6
stylistic,0,1,1
stylistics,0,2,2
stylists,5,6,11
stylistusa,0,1,1
stylize,0,1,1
stylized,0,2,2
styll,6,2,8
stylo,1,0,1
stylogile,1,0,1
stylophone,1,0,1
stylus,18,6,24
stymied,2,0,2
styne,0,1,1
stynes,0,1,1
styoopid,1,0,1
stypid,1,0,1
styro,0,1,1
styrofoam,6,3,9
stys,2,0,2
styx,4,12,16
styy,1,0,1
su,46,67,113
sua,2,4,6
suace,1,1,2
suade,1,0,1
suaf,1,0,1
suagr,0,1,1
suah,1,0,1
suaheli,0,1,1
suami,2,1,3
suaminya,0,2,2
suan,3,1,4
suaq,0,1,1
suar,2,0,2
suara,2,1,3
suaram,1,0,1
suarany,1,0,1
suaranya,1,0,1
suarastik,0,1,1
suarato,0,1,1
suarespace,1,0,1
suarez,4,6,10
suasn,0,1,1
suat,1,0,1
suatu,0,1,1
suave,2,5,7
suavez,1,0,1
sub,143,148,291
suba,1,0,1
subahanallah,1,0,1
suban,0,1,1
subang,2,6,8
subarashii,0,1,1
subarraywithrange,0,1,1
subaru,16,16,32
subashini,0,1,1
subasset,1,0,1
subatheing,0,1,1
subathen,0,1,1
subathing,0,1,1
subatomic,0,1,1
subbbbbbb,1,0,1
subbed,6,19,25
subber,1,1,2
subbers,2,4,6
subbie,1,0,1
subbies,2,5,7
subbing,16,11,27
subby,1,0,1
subchapter,0,1,1
subclass,1,0,1
subclasses,0,1,1
subclassing,0,1,1
subclipse,1,0,1
subcloning,0,1,1
subcomm,0,1,1
subcommittees,0,1,1
subconcious,2,1,3
subconciously,0,2,2
subconscience,0,2,2
subconscious,7,10,17
subconsciously,1,2,3
subcontinent,0,2,2
subcontractor,0,1,1
subcount,0,1,1
subcribe,0,2,2
subcribed,0,1,1
subcribtion,1,0,1
subcription,1,0,1
subculture,1,2,3
subdirectories,1,0,1
subdivision,4,2,6
subdomain,3,2,5
subdrop,1,0,1
subdued,5,3,8
sube,0,4,4
subect,0,1,1
subed,0,1,1
suberbikes,1,0,1
subernova,0,1,1
subesh,1,0,1
subeta,4,1,5
subethernet,0,1,1
subfora,1,0,1
subforum,1,0,1
subg,0,1,1
subguide,1,0,1
subh,0,1,1
subham,0,1,1
subhana,1,0,1
subhanahu,0,1,1
subhanallah,1,2,3
subheads,1,0,1
subho,1,1,2
subhumans,0,1,1
subi,1,2,3
subiaco,0,4,4
subic,2,12,14
subid,1,0,1
subidised,0,1,1
subie,1,1,2
subiect,0,1,1
subieron,0,1,1
subir,1,1,2
subirse,0,1,1
subite,0,1,1
subiu,0,2,2
subj,7,3,10
subjammin,0,1,1
subject,191,197,388
subjected,14,6,20
subjecting,0,1,1
subjective,3,13,16
subjectively,0,1,1
subjects,69,54,123
subjonctif,1,0,1
subjugation,0,1,1
subjunctive,2,0,2
subkulture,1,0,1
sublatum,0,1,1
sublease,2,0,2
subleasers,0,1,1
subleasing,0,1,1
sublet,3,1,4
subletee,0,1,1
sublets,1,0,1
subletting,0,1,1
sublevel,1,0,1
sublimating,0,1,1
sublime,6,28,34
sublimely,0,1,1
subliminal,2,11,13
subliminally,0,2,2
submachine,0,1,1
submachinegun,0,1,1
subman,0,1,1
submarine,11,13,24
submarines,0,1,1
submenu,1,0,1
submercer,0,1,1
submerge,1,0,1
submerged,3,1,4
submersible,1,0,1
submersion,1,0,1
submidnight,0,1,1
submis,1,0,1
submision,2,0,2
submission,36,40,76
submissions,14,23,37
submissive,0,3,3
submissons,1,0,1
submit,71,79,150
submite,1,0,1
submited,1,0,1
submiting,1,0,1
submitt,1,1,2
submitted,70,72,142
submitters,0,1,1
submitting,12,27,39
submodule,1,0,1
subnets,0,1,1
subnettin,1,0,1
subnetting,1,0,1
subng,1,0,1
subnoize,0,2,2
subo,31,41,72
suboptimal,2,0,2
subordination,1,0,1
suborn,1,0,1
subossedly,0,1,1
subotica,0,1,1
subpages,1,0,1
subpar,3,0,3
subpenaed,1,0,1
subphyla,0,1,1
subpixel,0,1,1
subplots,0,1,1
subpoena,3,0,3
subponea,1,0,1
subprime,1,1,2
subrabhatam,0,1,1
subractions,0,1,1
subray,0,2,2
subreddit,0,1,1
subro,1,0,1
subs,46,62,108
subsc,1,0,1
subsciber,0,1,1
subscibers,0,1,1
subsciptions,1,0,1
subscirbe,0,1,1
subscirbeeee,0,35,35
subscrbe,1,1,2
subscrib,1,0,1
subscribe,40,147,187
subscribed,22,62,84
subscriber,22,27,49
subscribers,32,81,113
subscribesaturday,0,1,1
subscribing,5,12,17
subscrided,0,1,1
subscriers,1,0,1
subscriobe,0,1,1
subscription,80,40,120
subscriptions,19,10,29
subscriptn,1,0,1
subscripts,0,1,1
subscrition,0,1,1
subscriu,1,0,1
subsection,1,0,1
subselects,1,0,1
subsequent,4,11,15
subsequently,6,0,6
subset,4,1,5
subsets,0,1,1
subside,14,3,17
subsided,11,15,26
subsides,9,4,13
subsidi,0,1,1
subsidies,1,0,1
subsiding,4,5,9
subsidise,3,0,3
subsidised,1,1,2
subsidising,1,0,1
subsidize,0,2,2
subsidized,3,0,3
subsidizes,1,0,1
subsidy,4,0,4
subsiect,0,1,1
subsite,1,0,1
subsitute,0,1,1
subsitutes,0,1,1
subsitutional,1,0,1
subsolo,0,1,1
subspace,0,3,3
subspaces,1,0,1
subsribe,0,1,1
subsription,0,1,1
substained,0,1,1
substance,12,20,32
substances,2,6,8
substandard,1,0,1
substantial,7,7,14
substantially,2,2,4
substantive,1,0,1
substate,1,0,1
substation,1,0,1
substitite,1,0,1
substitue,0,1,1
substitues,1,0,1
substitute,41,49,90
substituted,3,2,5
substitutes,4,3,7
substituting,4,4,8
substitution,7,2,9
substitutions,2,1,3
substr,0,1,1
substract,1,0,1
substrings,1,0,1
subsumed,1,0,1
subt,1,1,2
subtantial,1,0,1
subte,1,0,1
subterfuges,1,0,1
subtext,2,2,4
subtiles,0,1,1
subtitiles,2,0,2
subtitle,5,3,8
subtitled,3,4,7
subtitler,0,1,1
subtitles,31,21,52
subtitling,2,1,3
subtle,20,45,65
subtleb,0,1,1
subtler,0,1,1
subtleties,2,1,3
subtlety,1,4,5
subtley,2,0,2
subtly,3,2,5
subtract,6,5,11
subtracted,0,2,2
subtracting,0,1,1
subtraction,1,0,1
subtv,0,1,1
subuh,3,1,4
suburb,7,10,17
suburban,7,11,18
suburbanite,1,0,1
suburbia,7,10,17
suburbs,18,14,32
suburn,3,0,3
suburu,0,1,1
subversion,6,5,11
subversive,0,7,7
subvert,1,0,1
subverted,1,1,2
subverting,0,1,1
subwaaaay,1,0,1
subway,237,238,475
subwayfighter,0,1,1
subways,9,8,17
subwaysian,1,0,1
subwayy,1,1,2
subwayyy,1,3,4
subwayyyyyy,1,0,1
subwayyyyyyy,1,1,2
subwoofer,2,1,3
subwoofers,2,1,3
suby,0,1,1
subyway,0,1,1
subz,0,1,1
subzero,5,2,7
suc,2,0,2
suca,0,1,1
sucat,1,3,4
succ,1,0,1
succcccccks,1,0,1
succccckkkkkkk,0,1,1
succcccks,1,0,1
succcch,1,2,3
succcck,0,1,1
succcckkkkkssss,1,0,1
succcckkksss,1,0,1
succcckksss,1,0,1
succcckkssss,1,0,1
succcckssssss,1,0,1
succch,1,0,1
succchh,1,0,1
succckkksss,1,0,1
succcksss,1,0,1
succe,0,1,1
succeced,0,1,1
succed,1,0,1
succede,1,0,1
succeded,0,3,3
succeed,22,42,64
succeeded,21,20,41
succeeding,15,8,23
succeeds,1,7,8
succer,1,0,1
succes,11,34,45
succesfful,0,1,1
succesful,7,15,22
succesfull,0,1,1
succesfully,8,10,18
success,196,575,771
successed,0,1,1
successes,3,8,11
successexful,0,1,1
successful,121,300,421
successfull,2,3,5
successfully,57,116,173
successfuly,1,2,3
succession,6,4,10
successive,3,2,5
successively,0,1,1
successmarketer,0,1,1
successor,0,4,4
successors,1,0,1
successs,0,2,2
successss,0,1,1
successsss,0,2,2
successully,0,1,1
succesuri,1,0,1
succinct,0,2,2
succinctly,0,3,3
succk,2,0,2
succkk,1,0,1
succkkk,1,0,1
succkkks,0,1,1
succkkkss,1,0,1
succkkksss,1,0,1
succky,1,0,1
succkyyy,1,0,1
succomb,1,0,1
succombed,0,1,1
succombing,0,1,1
succor,1,0,1
succot,0,1,1
succsess,0,1,1
succubus,0,4,4
succulent,0,2,2
succulents,1,1,2
succumb,5,9,14
succumbed,18,8,26
succumbing,2,1,3
succumbs,2,0,2
succuss,0,1,1
sucd,0,1,1
suce,1,0,1
suceava,0,1,1
suceed,2,4,6
suceeded,1,1,2
suceeding,1,0,1
suceful,1,0,1
sucesfull,0,1,1
sucess,9,16,25
sucessful,6,10,16
sucessfull,0,3,3
sucessfully,3,0,3
sucessors,0,1,1
such,4642,4556,9198
sucha,46,44,90
suchaa,0,1,1
suche,2,0,2
suchen,0,2,2
suchh,4,3,7
suchha,1,1,2
suchhh,4,9,13
suchhhh,2,1,3
suchhhhhhhhh,0,1,1
suchi,1,0,1
suchita,0,1,1
suchlike,2,1,3
suchlikes,0,1,1
suchmaschine,0,1,1
sucht,2,2,4
suchz,1,0,1
suci,1,1,2
suciaaaaaa,1,0,1
sucide,1,1,2
sucidegirls,1,0,1
suck,2871,766,3637
sucka,20,18,38
suckaa,0,1,1
suckaaaa,0,4,4
suckaaaaaaaaaaaas,0,1,1
suckaaaaas,1,0,1
suckaaas,0,1,1
suckachusetts,1,0,1
suckadick,1,0,1
suckage,25,6,31
suckageness,1,0,1
suckah,1,2,3
suckahs,1,0,1
suckahz,0,1,1
suckas,2,11,13
suckass,6,2,8
suckassy,1,0,1
suckaz,0,2,2
suckbox,0,1,1
suckcces,0,1,1
suckd,5,1,6
suckdavidelliott,0,1,1
suckday,2,0,2
sucke,1,0,1
sucked,608,181,789
suckedd,2,1,3
suckeddddd,1,0,1
suckedinbythewordbelgian,1,0,1
suckeeeeeer,0,1,1
suckeg,1,0,1
sucker,77,78,155
suckerdot,1,0,1
suckered,10,5,15
suckerr,1,1,2
suckerrrrrrr,0,1,1
suckers,21,27,48
suckerss,0,1,1
sucketh,4,1,5
suckey,4,0,4
suckface,1,0,1
suckfailloser,0,1,1
suckfest,5,0,5
suckful,3,0,3
suckie,4,2,6
suckier,1,2,3
suckies,0,1,1
suckiest,5,2,7
suckign,1,0,1
suckily,1,0,1
suckin,10,10,20
suckiness,4,2,6
sucking,151,54,205
suckingdevice,0,1,1
suckinggg,0,1,1
suckington,1,0,1
suckish,28,6,34
suckishh,1,0,1
suckit,3,2,5
suckitt,1,0,1
suckitude,1,0,1
suckity,1,0,1
suckk,13,3,16
suckka,0,1,1
suckkas,0,1,1
suckkaz,0,1,1
suckked,0,1,1
suckkedd,1,0,1
suckkk,8,2,10
suckkkk,7,0,7
suckkkka,1,0,1
suckkkkas,0,1,1
suckkkked,1,0,1
suckkkkk,2,1,3
suckkkkkk,3,1,4
suckkkkkkkk,1,0,1
suckkkkkkkkkkk,1,0,1
suckkkkkkkkkkkkk,1,0,1
suckkkkkkkkkkkks,1,0,1
suckkkkks,1,0,1
suckkkks,4,0,4
suckkkksss,1,0,1
suckkkky,1,0,1
suckkks,1,0,1
suckkkss,1,0,1
suckkksss,1,0,1
suckkkssss,1,0,1
suckks,12,1,13
suckkss,3,3,6
suckksss,3,0,3
suckky,1,0,1
suckkyyyy,1,0,1
suckkzzzz,1,0,1
suckle,0,1,1
suckling,0,1,1
suckmesunday,0,1,1
suckmyhypotheticalballs,1,3,4
suckness,1,0,1
sucko,3,1,4
suckoff,1,0,1
suckoth,1,0,1
suckout,1,0,1
suckr,1,1,2
sucks,9902,982,10884
sucksabout,1,0,1
sucksm,1,0,1
suckss,52,6,58
sucksss,49,3,52
suckssss,26,5,31
sucksssss,10,0,10
suckssssss,6,2,8
sucksssssss,3,0,3
suckssssssss,2,0,2
sucksssssssss,1,0,1
suckstowo,1,0,1
sucksucksuck,1,0,1
sucksucksucky,1,0,1
sucksville,1,0,1
sucksx,0,1,1
sucksz,3,0,3
suckt,1,0,1
sucktacular,3,0,3
sucktastic,6,1,7
suckulent,0,1,1
suckup,0,1,1
suckupsaturday,0,1,1
suckx,2,0,2
sucky,329,50,379
suckyducky,0,1,1
suckyheads,1,0,1
suckyness,1,1,2
suckys,1,0,1
suckyydayyy,1,0,1
suckyyy,1,0,1
suckyyyy,1,0,1
suckz,17,2,19
suclks,1,0,1
sucls,2,0,2
sucre,0,1,1
sucrets,2,1,3
sucs,5,1,6
sucsess,1,2,3
sucsessfully,1,1,2
suction,3,3,6
suctioned,1,0,1
suctions,0,1,1
suculent,0,1,1
suculentul,0,1,1
sucumbing,1,0,1
sucuri,1,0,1
sud,7,6,13
suda,2,1,3
sudafed,13,3,16
sudah,14,17,31
sudamerica,1,0,1
sudan,4,5,9
suday,2,2,4
sudbury,2,1,3
sudded,0,1,1
suddely,1,0,1
sudden,330,115,445
suddenlink,2,0,2
suddenly,487,159,646
suddenlybita,0,1,1
suddenlyi,1,0,1
suddent,1,0,1
suddently,3,1,4
suddeny,0,1,1
suddn,1,0,1
sudduth,0,1,1
sudeenly,1,0,1
sudeep,0,2,2
sudenlly,1,0,1
sudetenland,1,1,2
sudh,0,1,1
sudhamshu,0,1,1
sudia,0,1,1
sudical,1,0,1
sudie,1,0,1
sudifed,1,0,1
sudin,0,1,1
sudio,1,0,1
sudirman,3,6,9
sudmuffin,0,1,1
sudn,1,0,1
sudnay,0,1,1
sudnsass,1,0,1
sudnt,1,1,2
sudo,3,6,9
sudocrem,3,1,4
sudoers,1,0,1
sudoko,1,2,3
sudoku,16,26,42
sudokuu,1,0,1
sudoky,1,0,1
suds,3,5,8
sudsnsass,0,1,1
sudy,3,1,4
sudying,2,1,3
sudz,1,0,1
sue,66,127,193
sueanne,1,0,1
sueby,1,0,1
sueca,0,1,1
suecosby,0,1,1
sued,9,2,11
suede,14,9,23
sueerte,0,1,1
sueg,0,1,1
sueing,2,1,3
suekd,1,0,1
suellennns,0,1,1
suelo,1,0,1
suelta,1,0,1
suelynn,0,1,1
suen,2,0,2
suena,0,4,4
suenahmi,0,1,1
suendenfall,0,1,1
suenen,0,1,1
sueno,4,0,4
sueper,1,0,1
suer,3,2,5
suertabnavigator,0,1,1
suerte,6,9,15
suertee,0,1,1
suerteeeee,0,1,1
suerteeeeeeeee,0,1,1
suertudo,0,1,1
sues,4,2,6
sueslady,1,0,1
suess,1,7,8
suesse,1,0,1
suet,0,3,3
suey,3,6,9
suf,0,2,2
sufan,1,0,1
sufbaby,0,1,1
sufercatted,1,0,1
sufering,4,0,4
suferrer,1,0,1
suff,0,1,1
suffacate,1,0,1
suffer,222,76,298
suffered,70,11,81
suffereing,3,0,3
sufferer,7,1,8
sufferers,6,3,9
suffergate,1,0,1
sufferiing,1,0,1
sufferin,5,0,5
suffering,504,81,585
sufferings,1,2,3
sufferment,1,0,1
sufferred,1,0,1
sufferring,2,0,2
sufferrring,1,0,1
suffers,23,7,30
sufffer,1,0,1
sufficating,2,0,2
suffication,0,1,1
suffice,24,18,42
sufficed,1,0,1
sufficent,3,0,3
suffices,1,0,1
sufficiency,0,1,1
sufficient,14,16,30
sufficiently,6,8,14
sufficing,0,1,1
suffix,0,2,2
suffle,0,1,1
suffocate,7,4,11
suffocated,10,1,11
suffocating,12,3,15
suffocation,0,1,1
suffolk,18,12,30
suffor,0,1,1
suffrage,1,0,1
suffragettes,1,0,1
suffused,0,1,1
suffy,1,0,1
sufi,3,8,11
sufia,1,0,1
sufiah,1,0,1
suficient,0,1,1
suficiente,1,0,1
sufin,0,1,1
sufiyan,0,1,1
sufjan,9,5,14
sufka,1,0,1
sufring,0,1,1
sufrir,1,1,2
sufu,1,0,1
sug,3,6,9
suga,12,18,30
sugaaaaarrrrrrrrrr,1,0,1
sugaaaahhhh,1,0,1
sugaaaarrrrr,0,1,1
sugaaar,0,1,1
sugaaplum,0,1,1
sugababes,7,5,12
sugabrli,1,0,1
sugacane,0,1,1
sugacoat,0,1,1
sugah,3,2,5
sugahh,0,1,1
sugahhhh,0,1,1
sugahoneyicetea,1,0,1
sugakane,0,1,1
suganya,0,1,1
sugaplum,0,2,2
sugapuffs,1,0,1
sugar,400,487,887
sugarbabies,1,0,1
sugarbaby,2,0,2
sugarbear,1,2,3
sugarbetes,0,1,1
sugarbush,1,0,1
sugarbutt,2,0,2
sugarcane,2,2,4
sugarcookie,0,1,1
sugarcraft,1,0,1
sugarcrm,2,1,3
sugarcubes,0,1,1
sugarcult,0,1,1
sugardaddy,4,0,4
sugared,1,1,2
sugarfoot,0,2,2
sugarfree,1,8,9
sugargliders,1,0,1
sugarhill,2,1,3
sugarhouse,0,1,1
sugarjen,0,1,1
sugarland,12,25,37
sugarless,1,1,2
sugarlips,1,0,1
sugarloaf,0,1,1
sugarloot,0,2,2
sugarlum,0,1,1
sugarlump,1,0,1
sugarlumps,1,0,1
sugarmama,0,1,1
sugarmill,1,3,4
sugarmomma,1,0,1
sugarmonkey,1,0,1
sugarmuffin,0,1,1
sugarplum,3,3,6
sugarplumb,1,0,1
sugarplums,0,3,3
sugarpuff,1,0,1
sugarpuffs,1,1,2
sugarpuss,0,1,1
sugarr,0,3,3
sugarray,0,1,1
sugarraywaldo,1,0,1
sugarrush,0,1,1
sugarrushhh,1,0,1
sugars,14,16,30
sugarscape,2,0,2
sugarshackness,1,0,1
sugarshock,0,1,1
sugarsnap,1,0,1
sugarsnaps,1,0,1
sugarstats,1,0,1
sugarsweet,0,1,1
sugarsync,1,15,16
sugartits,0,1,1
sugarwise,0,1,1
sugary,20,16,36
sugat,1,0,1
sugaware,0,1,1
sugdon,0,1,1
suge,0,2,2
sugegts,0,1,1
sugeng,0,1,1
suger,2,4,6
sugerland,0,1,1
sugery,1,0,1
sugest,3,0,3
sugestie,0,1,1
sugestion,0,1,1
sugestions,0,1,1
sugg,0,1,1
sugga,0,4,4
suggas,0,1,1
suggeations,0,1,1
suggesstions,0,1,1
suggest,119,292,411
suggested,61,108,169
suggesti,0,1,1
suggestible,2,0,2
suggestiions,0,1,1
suggesting,15,41,56
suggestinos,0,1,1
suggestion,74,212,286
suggestions,275,450,725
suggestive,1,7,8
suggestively,2,0,2
suggestor,0,1,1
suggests,18,22,40
suggestuons,0,1,1
sugget,0,1,1
suggetions,0,1,1
sugggggggggggggar,1,0,1
suggie,0,1,1
suggits,1,0,1
suggling,0,1,1
suggs,1,1,2
suggsestions,0,1,1
suggst,0,1,1
sugimoto,0,1,1
sugjest,0,1,1
sugo,0,1,1
sugoi,1,1,2
sugpo,1,0,1
sugr,0,1,1
sugradh,1,0,1
sugrnspyce,0,1,1
sugs,1,0,1
sugtan,1,0,1
suh,6,14,20
suhaila,0,1,1
suhailla,1,0,1
suhana,2,0,2
suhasini,0,1,1
suhh,0,1,1
suhks,1,0,1
suhmmer,0,1,1
suhn,0,1,1
suhreal,1,0,1
suhshine,0,1,1
suhsi,2,0,2
suhushdus,0,1,1
suhweeeet,0,2,2
suhweeet,0,1,1
suhweet,1,5,6
sui,2,5,7
suicidal,29,9,38
suicide,156,37,193
suicided,1,0,1
suicides,12,5,17
suicidle,1,0,1
suidoo,0,1,1
suihaiushaiuhs,0,1,1
suikoden,3,4,7
suinday,0,2,2
suing,4,8,12
suipose,1,0,1
suis,18,12,30
suiside,1,0,1
suisse,1,2,3
suit,225,282,507
suitable,37,33,70
suitably,8,14,22
suitcase,103,69,172
suitcaseguess,1,0,1
suitcases,15,11,26
suite,75,107,182
suitecase,1,1,2
suited,19,16,35
suitehearts,1,3,4
suitelife,0,1,1
suitemate,1,1,2
suiteness,0,1,1
suites,6,10,16
suitible,0,1,1
suiting,1,5,6
suitmonkey,0,1,1
suitor,2,1,3
suits,61,142,203
suittoday,0,1,1
suittt,0,1,1
suivez,0,1,1
suizas,0,1,1
sujatha,1,0,1
sujay,1,0,1
sujest,0,1,1
sujoy,0,1,1
suju,9,8,17
suk,8,3,11
suka,10,8,18
sukaa,0,1,1
sukaaaa,1,0,1
sukan,0,1,1
sukanya,1,2,3
suke,2,0,2
suked,1,0,1
sukersss,1,0,1
sukert,0,1,1
suketu,0,1,1
sukey,0,1,1
sukha,0,1,1
sukhee,0,1,1
sukhumvit,0,1,1
suki,11,11,22
sukie,0,2,2
sukieeee,0,1,1
suking,0,1,1
sukiya,0,1,1
sukk,1,1,2
sukka,2,0,2
sukked,0,1,1
sukkkk,1,0,1
sukks,3,0,3
suko,1,0,1
sukors,0,1,1
suks,23,6,29
sukses,0,9,9
suktics,1,0,1
suku,1,0,1
sukuks,1,0,1
sukumvit,0,1,1
sukurinnn,0,1,1
sul,3,3,6
sula,0,2,2
sulaco,0,1,1
sulax,1,0,1
sulay,1,0,1
sulayman,0,1,1
sule,1,0,1
suleatunbirthdaylist,0,1,1
sulekha,0,1,1
suleman,1,0,1
sulfate,1,0,1
sulfates,1,0,1
sulfides,1,0,1
sulfites,0,1,1
sulfur,3,1,4
sulfuric,1,0,1
suliet,1,0,1
sulin,0,1,1
suling,1,0,1
sulit,5,1,6
sulitin,0,1,1
sulivans,1,0,1
sulk,40,11,51
sulka,1,0,1
sulked,1,0,1
sulkin,1,0,1
sulking,61,9,70
sulkings,1,0,1
sulkkk,1,0,1
sulks,13,0,13
sulkt,1,0,1
sulky,5,2,7
sulle,1,0,1
sullen,0,1,1
sullenberger,0,1,1
sulley,0,1,1
sulli,0,1,1
sullied,5,1,6
sullivan,8,18,26
sullivans,0,3,3
sully,11,7,18
sullys,1,0,1
sulphite,0,1,1
sulpice,1,0,1
sulsul,1,0,1
sult,1,0,1
sultan,0,4,4
sultana,1,2,3
sultanahmet,0,1,1
sultanakmed,0,1,1
sultanas,1,3,4
sultans,0,1,1
sultat,1,0,1
sultry,3,7,10
sulu,2,2,4
sulumits,5,3,8
sulumitsretsambew,12,3,15
sulumitsretsambewblog,1,0,1
sulumitsretsambewmaster,2,1,3
sulumitsretsambewno,3,0,3
sum,725,611,1336
suma,1,2,3
sumaato,1,0,1
sumabay,1,0,1
sumadsad,0,1,1
sumak,2,0,2
sumakay,1,0,1
sumali,1,0,1
sumama,1,1,2
suman,2,1,3
sumapi,1,0,1
sumasabay,1,0,1
sumasakit,1,3,4
sumat,4,3,7
sumatif,1,0,1
sumatra,1,2,3
sumatrapdf,1,0,1
sumaya,0,1,1
sumbawa,0,1,1
sumbdy,1,0,1
sumbitch,1,0,1
sumbitches,0,1,1
sumbodi,1,0,1
sumbody,34,9,43
sumbodyy,1,2,3
sumboody,0,1,1
sumbucca,0,1,1
sumbudy,1,0,1
sumcream,1,0,1
sumdal,1,0,1
sumdamn,1,0,1
sumday,1,2,3
sume,2,3,5
sumeet,1,0,1
sumemr,2,0,2
sumer,6,7,13
sumerr,0,1,1
sumerrrrrr,1,0,1
sumerrrrrrr,0,1,1
sumet,1,1,2
sumethin,0,1,1
sumfight,1,0,1
sumfin,15,3,18
sumfinelse,0,1,1
sumfing,2,2,4
sumfink,2,1,3
sumhin,0,1,1
sumhow,1,2,3
sumi,3,1,4
sumik,0,1,1
sumilao,4,0,4
sumimasen,1,0,1
sumin,2,5,7
sumina,0,1,1
sumingit,1,0,1
sumink,1,2,3
suminn,1,0,1
sumir,0,1,1
sumit,6,2,8
sumitra,0,1,1
sumiu,6,0,6
summ,8,5,13
summa,24,18,42
summaa,0,1,1
summaaa,1,1,2
summaaaa,1,0,1
summaaahtime,0,1,1
summaattttiime,0,1,1
summah,3,10,13
summahhh,1,1,2
summahhhhhhhh,0,1,1
summahkayy,0,1,1
summaising,1,0,1
summar,2,0,2
summaries,10,5,15
summarise,3,0,3
summarised,1,0,1
summarize,3,8,11
summarized,1,1,2
summarizes,0,2,2
summarizing,1,3,4
summary,32,47,79
summarys,1,0,1
summaryyy,1,0,1
summat,21,11,32
summathem,0,1,1
summatiiime,1,0,1
summation,0,1,1
summative,6,3,9
summatives,1,1,2
summber,1,0,1
summe,3,2,5
summed,1,5,6
summeeeeeeer,0,1,1
summeeerrr,1,0,1
summeer,1,1,2
summeerr,0,2,2
summer,6465,5595,12060
summeratstony,1,0,1
summerball,7,2,9
summerbash,1,2,3
summerblast,1,0,1
summerboy,1,0,1
summerbreak,6,4,10
summercamp,2,1,3
summercottage,1,2,3
summercymru,1,0,1
summerday,2,2,4
summerdays,1,1,2
summerdress,2,0,2
summere,0,1,1
summerfair,0,1,1
summerfeeeling,1,0,1
summerfeeling,3,1,4
summerfest,10,14,24
summerfly,0,1,1
summergazm,0,1,1
summergirl,0,6,6
summerhills,0,1,1
summerholiday,0,2,2
summerholidays,3,3,6
summerhollidays,1,0,1
summerhols,1,0,1
summerhouse,3,3,6
summeriee,0,1,1
summerier,1,0,1
summerified,0,1,1
summerigrl,0,1,1
summeriness,0,1,1
summering,1,2,3
summerise,0,1,1
summerish,1,3,4
summeritis,0,1,1
summeritme,2,0,2
summerjam,16,9,25
summerjamz,1,0,1
summerjob,1,1,2
summerland,1,5,6
summerlands,1,1,2
summerleague,1,0,1
summerlicious,1,0,1
summerlin,1,1,2
summernights,1,1,2
summeroffood,0,1,1
summerohnineee,0,1,1
summerpops,0,1,1
summerr,10,16,26
summerrive,0,1,1
summerrr,9,13,22
summerrrr,4,19,23
summerrrrr,0,3,3
summerrrrrr,2,3,5
summerrrrrrr,0,2,2
summerrrrrrrrr,1,0,1
summerrrrrrrrrr,0,1,1
summerrrrrrrrrrr,0,1,1
summerrrrrrrrrrrr,0,1,1
summerrrtime,0,1,1
summerrry,0,1,1
summerrs,0,1,1
summerrush,0,1,1
summers,123,94,217
summerschappell,0,2,2
summerschool,6,4,10
summersicily,0,1,1
summerside,2,0,2
summersidemoney,0,1,1
summerskool,1,0,1
summerslam,3,3,6
summersoul,0,1,1
summerspoon,1,0,1
summerstock,1,0,1
summersummersummer,0,2,2
summersummersummersummer,0,1,1
summersutra,0,1,1
summersville,2,0,2
summert,1,0,1
summerthelittlehelper,1,0,1
summertime,103,147,250
summertimeball,1,1,2
summertimeee,0,1,1
summertimeeeee,0,1,1
summertimeeeeeeee,0,1,1
summertimefilmmaking,0,1,1
summertimes,0,1,1
summertour,0,2,2
summertown,1,1,2
summervac,1,0,1
summervacation,3,7,10
summervacay,0,1,1
summervecation,1,0,1
summerville,0,2,2
summerwalk,0,1,1
summerwind,0,1,1
summerwood,1,2,3
summerworkout,1,0,1
summery,24,54,78
summeryist,0,1,1
summeryness,0,1,1
summeryy,0,1,1
summerz,1,0,1
summerzz,0,1,1
summet,3,4,7
summicron,1,0,1
summik,1,0,1
summin,11,5,16
summing,3,6,9
summink,1,0,1
summit,89,88,177
summits,3,3,6
summitsaturday,0,1,1
summma,1,0,1
summmaaa,0,1,1
summmaschool,1,0,1
summmeeeer,0,1,1
summmeeerrr,1,1,2
summmer,23,20,43
summmerr,2,1,3
summmerro,0,1,1
summmerrr,1,4,5
summmerrrr,1,1,2
summmerrrrr,0,3,3
summmerrrrrr,1,3,4
summmerrrrrrrr,1,0,1
summmerrrrrrrrr,1,0,1
summmerrrrrrrrrrr,0,1,1
summmerrtimee,0,1,1
summmerrtimeeee,0,1,1
summmers,2,1,3
summmey,1,0,1
summmit,1,0,1
summmm,1,0,1
summmma,1,0,1
summmmah,1,0,1
summmmeerrrr,0,1,1
summmmer,3,7,10
summmmerr,0,3,3
summmmerrr,0,1,1
summmmerrrrr,0,1,1
summmmerrrrrr,0,1,1
summmmertwothousandnine,0,1,1
summmmma,0,1,1
summmmmatiime,0,1,1
summmmmer,2,9,11
summmmmerrrr,1,0,1
summmmmerrrrr,0,1,1
summmmmmer,1,4,5
summmmmmertime,0,1,1
summmmmmmer,1,3,4
summmmmmmers,0,1,1
summmmmmmmer,0,1,1
summmmmmmmertime,0,1,1
summmmmmmmmmmerrr,0,1,1
summmmmmmmmmmmer,1,0,1
summmmmmmmmmmmmmer,0,1,1
summmmmmmmmmmmmmmmer,0,2,2
summo,0,1,1
summon,10,6,16
summoned,5,3,8
summonees,1,0,1
summoner,2,0,2
summoning,1,6,7
summons,6,1,7
summore,1,0,1
summowrestling,1,0,1
summr,4,1,5
summrah,0,1,1
summs,0,1,1
summut,1,1,2
summy,0,2,2
sumn,7,7,14
sumner,2,0,2
sumnshine,0,1,1
sumo,18,10,28
sumone,48,14,62
sumones,3,1,4
sumopaint,1,0,1
sumore,1,0,1
sumosobra,1,0,1
sumot,0,1,1
sump,6,1,7
sumpah,7,1,8
sumpek,1,0,1
sumpin,2,2,4
sumpins,1,0,1
sumpthin,0,2,2
sumptuous,0,8,8
sumr,0,2,2
sumrest,1,0,1
sumringah,0,1,1
sums,21,37,58
sumshin,1,0,1
sumsum,1,0,1
sumt,1,0,1
sumten,1,0,1
sumter,2,1,3
sumth,0,2,2
sumtheenggg,1,0,1
sumthen,0,1,1
sumthg,1,1,2
sumthign,0,1,1
sumthimngg,1,0,1
sumthin,103,72,175
sumthing,48,28,76
sumthings,1,0,1
sumthingy,0,1,1
sumthink,2,1,3
sumthinngg,1,0,1
sumthinnn,1,0,1
sumthn,12,6,18
sumthng,3,2,5
sumtime,7,7,14
sumtimes,37,22,59
sumtin,8,9,17
sumting,0,1,1
sumtink,1,0,1
sumtinmes,1,0,1
sumtn,2,1,3
sumtns,1,0,1
sumtym,1,0,1
sumtymes,1,0,1
sumtyms,4,2,6
sumtymz,2,0,2
sumtype,1,0,1
sumunabeash,1,0,1
sumware,1,0,1
sumwear,0,1,1
sumwer,3,1,4
sumwere,2,0,2
sumwhat,1,1,2
sumwhere,20,6,26
sumwhereeeee,1,0,1
sumwhre,1,0,1
sumwhur,0,1,1
sumwut,1,0,1
sun,4950,5272,10222
suna,0,2,2
sunako,0,1,1
sunalertz,1,1,2
sunapee,0,1,1
sunat,0,1,1
sunay,1,0,1
sunbae,0,3,3
sunbaked,1,0,1
sunbaking,3,0,3
sunball,1,0,1
sunbath,4,11,15
sunbathe,43,58,101
sunbathed,6,8,14
sunbatheee,0,1,1
sunbatheeee,0,1,1
sunbatheing,1,1,2
sunbathers,0,1,1
sunbathes,0,1,1
sunbathhheeee,1,0,1
sunbathin,3,13,16
sunbathing,73,201,274
sunbathingggg,0,1,1
sunbathingggggg,0,1,1
sunbaving,1,0,1
sunbeam,2,2,4
sunbeamlaserbeam,0,1,1
sunbeams,1,5,6
sunbear,1,0,1
sunbed,10,4,14
sunbeds,2,3,5
sunbeliever,0,1,1
sunbird,2,1,3
sunblock,34,15,49
sunblocked,1,0,1
sunblockers,0,1,1
sunblockless,1,0,1
sunblushed,1,0,1
sunbounce,1,1,2
sunbounces,0,1,1
sunbrella,1,0,1
sunbrun,1,1,2
sunbum,0,1,1
sunbunrt,1,0,1
sunburmt,1,0,1
sunburn,749,162,911
sunburnd,1,0,1
sunburnded,1,0,1
sunburned,247,60,307
sunburnedd,0,1,1
sunburneddd,1,1,2
sunburnes,1,0,1
sunburning,1,0,1
sunburnned,1,0,1
sunburnnn,4,0,4
sunburns,46,11,57
sunburnt,396,116,512
sunburnttt,2,0,2
sunburntttt,1,0,1
sunburst,2,3,5
sunburt,7,2,9
sunburts,0,1,1
sunbutter,0,1,1
sunbuuurrrnnnnnn,1,0,1
sunbuuuuurn,0,1,1
sunca,0,1,1
suncatchers,1,0,1
sunce,0,1,1
sunchat,0,2,2
sunchine,0,1,1
sunchips,3,4,7
suncity,1,1,2
suncream,58,22,80
suncreen,0,1,1
suncsreen,1,0,1
sund,0,2,2
sunda,3,3,6
sundaaaaaaaay,0,1,1
sundaaaaay,0,1,1
sundaaaay,1,1,2
sundaaay,0,3,3
sundaay,2,1,3
sundaayyss,1,0,1
sundabans,0,1,1
sundae,34,49,83
sundaes,8,11,19
sundah,0,1,1
sundai,2,0,2
sundance,8,9,17
sundancers,0,1,1
sundanese,0,3,3
sundara,1,0,1
sundarambal,0,1,1
sundarban,1,0,1
sundat,0,1,1
sunday,3789,4678,8467
sundayblues,0,1,1
sundayevening,0,1,1
sundayfundayyy,0,1,1
sundayhug,0,1,1
sundaymorn,1,0,1
sundaymorning,1,2,3
sundaynight,2,1,3
sundayrollcall,0,1,1
sundays,365,341,706
sundaysarcasm,0,1,1
sundayscramble,0,2,2
sundaysermon,0,1,1
sundaysetlist,0,1,1
sundayshoutout,0,1,1
sundaysnaps,0,1,1
sundayss,2,1,3
sundayssss,0,1,1
sundaysundaysunday,0,1,1
sundayy,7,8,15
sundayyy,3,6,9
sundayyyy,1,2,3
sundayyyyy,1,3,4
sundayyyyyy,0,1,1
sundayyyyyyy,0,1,1
sundayz,4,0,4
sundaze,1,0,1
sundbergs,1,0,1
sunddely,1,0,1
sunde,1,0,1
sundeck,0,1,1
sundeeeee,0,1,1
sundeep,0,1,1
sundely,1,0,1
sundenly,0,1,1
sunder,0,1,1
sunderbans,0,1,1
sunderland,14,20,34
sundevils,0,1,1
sundi,1,0,1
sundial,2,2,4
sundials,1,0,1
sundin,1,0,1
sundo,1,1,2
sundown,4,17,21
sundowner,1,1,2
sundowners,2,0,2
sundowns,1,0,1
sundra,1,0,1
sundrenched,0,1,1
sundress,9,11,20
sundresses,1,8,9
sundried,2,5,7
sundry,2,2,4
sunds,1,0,1
sundsvall,0,2,2
sundsy,1,0,1
sundy,1,0,1
sune,1,0,1
sunehre,0,1,1
suneoke,1,0,1
sunes,0,1,1
sunest,0,1,1
sunface,0,1,1
sunfay,0,1,1
sunfeast,3,4,7
sunfest,4,2,6
sunfilled,0,1,1
sunfish,2,1,3
sunflower,29,39,68
sunflowers,6,14,20
sunfried,1,0,1
sunfriggingburn,1,0,1
sunfrost,1,0,1
sung,22,55,77
sungai,1,3,4
sungei,1,0,1
sunggle,1,0,1
sungguh,1,2,3
sungha,0,2,2
sungirl,0,1,1
sungkyunkwan,0,1,1
sunglare,0,1,1
sunglases,0,1,1
sunglash,0,1,1
sunglass,2,6,8
sunglasses,247,186,433
sunglassessssss,1,0,1
sunglasss,1,0,1
sunglassssssssssssssssseeeeeeessssssss,1,0,1
sungmin,2,1,3
sungod,1,3,4
sungoldhalo,0,1,1
sungs,1,0,1
sunhat,2,2,4
sunhillow,0,1,1
sunhine,1,3,4
sunhouse,1,0,1
sunhsine,1,0,1
suni,2,0,2
sunicrostudios,0,1,1
sunil,2,1,3
suninmym,0,1,1
sunis,1,0,1
sunisa,0,2,2
sunject,0,1,1
sunk,29,9,38
sunka,0,1,1
sunke,0,1,1
sunken,3,2,5
sunkissed,1,4,5
sunkist,4,3,7
sunless,2,1,3
sunlight,46,29,75
sunlights,1,0,1
sunling,0,1,1
sunlite,0,1,1
sunlotion,0,2,2
sunlotioned,0,1,1
sunlougers,1,0,1
sunlounger,2,4,6
sunm,0,1,1
sunmeditation,0,1,1
sunmi,0,1,1
sunn,4,15,19
sunna,1,2,3
sunnah,1,0,1
sunnavabitch,1,0,1
sunndals,0,1,1
sunndy,0,1,1
sunned,2,1,3
sunneh,0,1,1
sunner,1,1,2
sunni,1,1,2
sunnie,2,0,2
sunnier,16,10,26
sunnies,11,22,33
sunniest,7,3,10
sunnin,1,2,3
sunniness,2,0,2
sunning,8,28,36
sunningdale,0,1,1
sunningly,0,1,1
sunnis,2,0,2
sunnn,10,5,15
sunnnday,1,0,1
sunnnn,3,6,9
sunnnnn,2,1,3
sunnnnnayyyyy,0,1,1
sunnnnnn,1,0,1
sunnnnnnndaaaaaaaaaaaaaaaay,0,1,1
sunnnnnnnn,0,1,1
sunnnnnnnnnnnnnnny,0,1,1
sunnnnnnnnyyyyy,1,0,1
sunnnnny,0,1,1
sunnnnshine,1,0,1
sunnnnshineeee,1,0,1
sunnnny,2,3,5
sunnnnyyyyy,0,1,1
sunnnssshhiiiinnneeeeeeeeeeeeee,0,1,1
sunnny,2,11,13
sunnnytimessss,0,1,1
sunnnyyy,1,0,1
sunnshine,0,2,2
sunnshinee,0,1,1
sunnu,0,1,1
sunny,1849,2555,4404
sunnybank,0,2,2
sunnyd,0,1,1
sunnydale,1,2,3
sunnyday,1,0,1
sunnydays,0,1,1
sunnyer,2,0,2
sunnyful,0,1,1
sunnyish,1,0,1
sunnyland,0,1,1
sunnyness,1,0,1
sunnyoutside,1,0,1
sunnys,0,3,3
sunnyshine,1,2,3
sunnyside,2,5,7
sunnytoday,0,1,1
sunnyvale,3,5,8
sunnyx,0,1,1
sunnyy,2,1,3
sunnyyy,1,0,1
sunnyyyyy,0,1,1
sunnyyyyyy,1,1,2
sunnyyyyyyy,1,0,1
suno,0,1,1
sunoco,1,0,1
sunod,0,1,1
sunog,2,0,2
sunol,0,1,1
sunomono,0,1,1
sunon,1,0,1
sunoudy,0,1,1
sunpack,0,1,1
sunpass,0,1,1
sunpuddle,2,0,2
sunray,1,0,1
sunrays,2,2,4
sunridge,0,1,1
sunrise,70,143,213
sunrises,2,11,13
sunriver,0,1,1
sunroof,9,18,27
sunroom,2,2,4
sunrun,0,1,1
suns,107,84,191
sunscream,1,0,1
sunscreen,136,81,217
sunsday,1,0,1
sunset,88,186,274
sunsets,6,24,30
sunsetting,0,1,1
sunsettt,1,0,1
sunsetttt,0,1,1
sunshade,2,0,2
sunshiiiiiine,0,1,1
sunshiiiiine,1,0,1
sunshiiiine,2,3,5
sunshiiine,1,3,4
sunshiine,1,2,3
sunshiines,0,1,1
sunshin,0,1,1
sunshinde,1,0,1
sunshine,1069,1898,2967
sunshineband,0,1,1
sunshinee,3,14,17
sunshineee,2,7,9
sunshineeee,0,1,1
sunshineeeee,0,2,2
sunshineeeeee,1,1,2
sunshineeeeeee,1,0,1
sunshineeeeeeee,1,0,1
sunshineeeeeeeee,0,1,1
sunshineeeeeeeeeee,0,1,1
sunshineeeeeeeeeeeeeeeeeeeeeeeeeeeeeeeeeeeeeeeeeeeeeeeeeee,0,1,1
sunshineforza,0,1,1
sunshines,6,35,41
sunshiness,0,1,1
sunshinexxxxxxx,1,0,1
sunshiney,2,14,16
sunshing,0,1,1
sunshinin,1,0,1
sunshining,4,2,6
sunshinnneeee,1,0,1
sunshiny,2,16,18
sunshinyy,0,1,1
sunshone,0,1,1
sunshower,0,1,1
sunshowers,2,5,7
sunshyne,1,1,2
sunsilk,0,1,1
sunsine,0,2,2
sunsittin,0,1,1
sunsoaking,0,1,1
sunspear,0,1,1
sunspex,1,0,1
sunsplash,2,6,8
sunsplashes,1,0,1
sunspot,1,2,3
sunspots,0,2,2
sunspree,1,0,1
sunsscreen,0,1,1
sunstein,0,1,1
sunstone,0,1,1
sunstones,1,0,1
sunstorm,1,0,1
sunstreak,0,1,1
sunstreaker,1,0,1
sunstroke,17,5,22
sunstroked,1,0,1
sunsunsun,0,8,8
sunsunsunn,0,1,1
sunsunsunsunsun,0,1,1
sunsunsuuuuuun,0,1,1
sunt,7,27,34
suntan,16,12,28
suntanners,1,0,1
suntanning,3,6,9
suntans,1,0,1
suntastic,0,1,1
suntburnt,1,1,2
suntea,1,0,1
suntec,5,5,10
suntelegraph,1,0,1
suntem,1,0,1
sunter,1,1,2
sunteti,0,1,1
suntin,1,0,1
suntinn,1,0,1
suntino,0,1,1
suntn,0,1,1
suntok,0,2,2
suntory,0,1,1
suntrap,0,2,2
suntrust,0,1,1
suntuk,0,1,1
suntukan,0,1,1
sunvisor,1,0,1
sunway,5,9,14
sunwdays,1,0,1
sunweather,0,1,1
sunworship,0,1,1
sunworshiping,1,0,1
suny,3,7,10
sunye,1,0,1
sunyi,1,0,1
sunyla,1,0,1
sunyy,1,0,1
suo,0,1,1
suoer,2,0,2
suolahti,0,1,1
suomenlinna,0,1,1
suomessa,1,0,1
suong,1,0,1
suopper,1,0,1
suose,1,0,1
sup,88,146,234
supa,22,25,47
supaaa,1,0,1
supaaaa,0,1,1
supaanatural,0,1,1
supabad,1,1,2
supacharging,0,1,1
supadave,1,0,1
supafly,0,2,2
supaflycredible,0,1,1
supagud,0,1,1
supah,7,3,10
supahfail,1,0,1
supahfly,1,1,2
supahh,2,1,3
supahhh,0,1,1
supahmodel,0,1,1
supahstah,0,1,1
supajam,0,2,2
supaman,2,1,3
supanet,1,0,1
supanova,5,8,13
supapawas,1,0,1
suparat,1,1,2
supari,0,1,1
supas,0,1,1
supasadface,1,0,1
supascroll,1,0,1
supasoakers,0,1,1
supastar,0,1,1
supastarguitar,0,1,1
supastition,1,0,1
supasweet,0,1,1
supavyze,1,0,1
supawomen,0,1,1
supayuck,1,0,1
supe,1,0,1
supeee,0,1,1
supeeeeeeer,1,0,1
supeeeeer,0,2,2
supeeeer,1,1,2
supeeerrr,1,0,1
supeer,2,2,4
supeman,0,1,1
super,2949,2856,5805
superaddict,1,0,1
superannoying,2,0,2
superasian,0,1,1
superautobacs,1,0,1
superawesome,1,0,1
superawesomeamazing,0,1,1
superawesomes,0,1,1
superb,17,87,104
superbad,15,30,45
superbadness,1,0,1
superbag,0,1,1
superball,1,1,2
superbar,1,0,1
superbatterywaste,1,0,1
superbb,1,1,2
superbbb,1,0,1
superbe,1,1,2
superbestfriends,1,0,1
superbike,4,1,5
superbikes,2,2,4
superblond,1,0,1
superblonde,0,1,1
superbly,4,2,6
superboo,0,1,1
superbored,1,0,1
superbowl,5,8,13
superbowls,1,3,4
superboy,1,2,3
superbrands,0,2,2
superbru,1,1,2
superbuckkkk,0,1,1
superc,0,1,1
supercagafragalistic,0,1,1
supercalafragilelisticexpialadoshus,0,1,1
supercalifragilisticaspialidocious,0,1,1
supercalifragilisticexpealadocious,0,1,1
supercalifragilisticexpialidocious,0,2,2
supercalifrajilisticexpialidocious,0,1,1
supercamp,1,0,1
supercar,2,1,3
supercaretaker,1,0,1
supercars,3,3,6
supercats,1,0,1
supercedes,0,1,1
supercell,1,2,3
supercenter,1,0,1
supercharge,0,1,1
supercharged,1,0,1
supercharger,1,0,1
superchargers,0,1,1
superchart,0,1,1
supercheap,1,1,2
superchick,1,1,2
superchill,0,1,1
superchillaxmacaroni,0,1,1
superchrug,0,2,2
superchurch,1,0,1
superclose,1,0,1
superclub,1,1,2
supercoach,2,0,2
supercompliment,0,1,1
supercomputer,2,2,4
supercon,2,2,4
superconducting,1,0,1
superconference,0,1,1
supercool,1,9,10
supercoolb,0,1,1
supercoolbiffffle,0,1,1
supercore,0,1,1
supercosmical,0,1,1
supercounselor,0,1,1
supercr,1,1,2
supercrazy,1,0,1
supercreative,0,1,1
supercross,0,5,5
supercurved,1,0,1
supercute,0,10,10
supercuts,2,0,2
supercuuuute,0,1,1
superdads,0,1,1
superdanielman,0,1,1
superdelicious,1,0,1
superdock,0,1,1
superdog,2,1,3
superdooper,0,2,2
superdope,0,1,1
superdre,0,1,1
superdrive,8,0,8
superdrug,1,0,1
superdry,3,1,4
superdumbretardedgayfest,1,0,1
superdupalicious,0,1,1
superduper,6,4,10
superduperbored,1,0,1
superdupercool,0,2,2
superdupergill,0,1,1
superduperhugs,1,3,4
superdupersunday,0,1,1
superdy,1,1,2
superecells,3,0,3
superego,1,1,2
superer,0,1,1
superestablished,1,0,1
superexcited,0,1,1
superexhausted,0,1,1
superfan,4,1,5
superfanfabtastic,0,1,1
superfans,0,1,1
superfast,1,1,2
superfeedr,0,1,1
superficial,7,11,18
superficiality,1,0,1
superficially,0,1,1
superfine,0,2,2
superfir,0,1,1
superfit,0,4,4
superflat,0,1,1
superfluous,1,2,3
superfly,0,3,3
superfollowsunday,0,1,1
superfood,0,2,2
superfoods,0,1,1
superfragilisticespialidocious,0,1,1
superfreak,0,1,1
superfresh,1,0,1
superfriend,0,1,1
superfruit,1,0,1
superfun,1,4,5
superghey,1,0,1
supergirl,2,3,5
superglue,9,4,13
superglued,5,0,5
superglues,1,0,1
supergood,1,0,1
supergrass,2,1,3
supergreens,0,1,1
supergroup,1,0,1
superhappy,0,2,2
superhard,1,0,1
superhd,0,1,1
superheated,1,0,1
superheist,0,1,1
superhereo,1,0,1
superhero,20,44,64
superheroes,5,6,11
superheroic,0,1,1
superheroiy,0,1,1
superheroness,0,1,1
superheros,2,1,3
superhighme,0,1,1
superhighmonday,0,1,1
superhighway,1,1,2
superhits,1,0,1
superhost,1,0,1
superhot,1,1,2
superhuman,0,3,3
superhumanly,0,1,1
superimpatient,1,0,1
superimposing,0,1,1
superindo,0,1,1
superintendant,1,0,1
superintendent,1,0,1
superior,19,27,46
superiority,1,3,4
superiors,0,1,1
superiously,0,1,1
superise,1,0,1
superjail,0,3,3
superjam,4,1,5
superjealous,1,0,1
superjesus,0,1,1
superjuice,1,0,1
superjunior,1,2,3
superk,1,0,1
superkalafragelisticexpialadociously,0,1,1
superkeen,0,1,1
superkings,0,1,1
superklasse,0,1,1
superlady,0,1,1
superlame,1,0,1
superlative,0,1,1
superlatives,0,3,3
superlicious,0,1,1
superlight,0,2,2
superlong,0,1,1
superly,5,2,7
supermac,1,1,2
supermajority,1,0,1
supermal,1,0,1
supermalls,0,1,1
supermalt,1,0,1
superman,63,90,153
supermand,0,1,1
supermarcet,0,1,1
supermario,0,1,1
supermariobros,1,0,1
supermarket,57,46,103
supermarkets,10,10,20
supermarkeys,1,0,1
supermassive,4,9,13
supermeet,0,1,1
supermega,1,0,1
supermemo,0,1,1
supermercato,0,1,1
superminder,0,1,1
supermisha,1,0,1
supermissing,1,0,1
supermodel,6,14,20
supermodelme,0,2,2
supermodels,1,1,2
supermom,2,0,2
supermommy,0,2,2
supermooha,1,0,1
supermotard,0,1,1
supermoto,0,2,2
supermrkt,0,1,1
supermum,0,1,1
supernanny,0,4,4
supernannys,0,1,1
supernatual,1,0,1
supernatural,127,198,325
supernaturalbut,0,1,1
supernaturall,0,1,1
supernaturalu,1,0,1
supernature,1,0,1
superneej,1,0,1
supernews,0,3,3
supernice,0,1,1
supernoodles,1,1,2
supernormal,1,0,1
supernova,5,6,11
supernurse,0,1,1
superos,1,0,1
superpages,1,0,1
superpaid,0,1,1
superpainful,1,0,1
superpale,0,1,1
superpersuasive,0,1,1
superpet,0,1,1
superpleased,0,1,1
superplicticos,1,0,1
superpoke,1,4,5
superpop,1,0,1
superpower,2,6,8
superpowers,2,7,9
superpretty,0,1,1
superpreview,2,2,4
superpup,1,0,1
superpupermegaovermodel,1,0,1
superr,11,7,18
superrebek,1,0,1
superrmarket,0,1,1
superrr,12,19,31
superrrnatural,0,1,1
superrrr,8,8,16
superrrrr,3,2,5
superrrrrr,0,2,2
superrrrrrr,1,1,2
superrrrrrrr,1,0,1
superrrrrrrrrrr,2,0,2
superrrrrrrrrrrrrrrrrrrr,0,1,1
supers,1,0,1
supersad,2,0,2
supersadface,1,0,1
supersampler,0,1,1
supersarah,0,1,1
supersaturday,0,1,1
superscary,1,0,1
superscripts,0,1,1
superseeded,1,0,1
supersenior,0,1,1
supershake,0,1,1
supersheep,0,1,1
supershinee,0,1,1
supershopperhaha,0,1,1
supershort,0,2,2
supersick,3,0,3
supersimple,1,0,1
supersize,4,1,5
supersized,0,3,3
supersizers,1,3,4
supersonic,5,5,10
supersonics,1,0,1
supersozers,1,0,1
superspeed,1,0,1
supersport,1,1,2
supersports,0,1,1
supersquishies,0,1,1
superstaaaaaaaaaaaar,0,1,1
superstar,18,78,96
superstardom,1,0,1
superstars,7,12,19
superstate,1,0,1
superstition,5,3,8
superstitions,1,2,3
superstitious,5,5,10
superstoke,1,0,1
superstoked,0,1,1
superstop,0,1,1
superstore,3,2,5
superstrclo,0,1,1
supersugarcane,1,0,1
supersunday,0,1,1
supersunny,0,1,1
supersuper,1,0,1
supersystem,0,1,1
supertack,0,1,1
supertaco,1,0,1
supertare,0,1,1
supertarget,2,0,2
supertastebuds,1,0,1
supertaster,2,0,2
supertastic,0,1,1
superthin,1,0,1
supertired,1,1,2
supertito,0,1,1
supertoddlers,1,0,1
supertramp,1,7,8
supertux,1,0,1
supervalue,1,1,2
supervet,0,1,1
supervillain,1,0,1
supervillainess,0,1,1
supervillains,0,1,1
supervillens,0,1,1
supervillians,0,1,1
supervise,5,4,9
supervised,0,3,3
supervising,6,10,16
supervision,4,5,9
supervisior,0,1,1
supervisor,31,22,53
supervisord,0,1,1
supervisors,5,0,5
supervisory,1,0,1
superwalmart,0,1,1
superweird,1,0,1
superwhat,1,0,1
superwhy,0,1,1
superwoamn,0,1,1
superwoman,7,18,25
superwomans,0,1,1
superwomen,0,1,1
superxiv,0,1,1
superxsusie,1,0,1
superyawesomefantasticocooley,0,1,1
superyay,0,1,1
superyucky,1,0,1
supesharu,1,0,1
supi,1,3,4
supid,3,0,3
supimpa,1,0,1
suping,0,1,1
supir,1,2,3
supjustin,0,2,2
suplada,0,1,1
suplado,0,1,1
suplementing,0,1,1
suplex,1,0,1
suplie,0,1,1
suplused,0,1,1
suply,0,1,1
supm,0,1,1
supnat,1,0,1
supnet,0,1,1
supoose,1,0,1
supoprt,1,0,1
suport,4,3,7
suporters,1,0,1
supose,21,5,26
suposed,31,7,38
suposedly,1,0,1
suposidly,0,1,1
suposse,1,2,3
supossed,3,4,7
supost,1,0,1
supouse,1,0,1
supp,8,15,23
suppa,2,2,4
suppaaa,1,0,1
suppah,1,1,2
suppan,1,0,1
suppd,1,0,1
suppeerr,1,0,1
suppeerrr,2,1,3
supper,116,148,264
supperclub,1,1,2
supperinn,0,1,1
supperman,0,1,1
supperr,1,0,1
supperrr,0,1,1
supperrrr,0,1,1
suppers,1,1,2
suppertime,1,0,1
suppiles,0,1,1
supping,2,0,2
suppised,1,0,1
supplanting,0,1,1
supple,2,3,5
supplement,6,12,18
supplemental,2,0,2
supplementary,2,0,2
supplemented,0,1,1
supplements,12,4,16
suppli,1,0,1
supplication,0,1,1
supplications,1,0,1
supplied,11,7,18
supplier,18,11,29
suppliers,16,7,23
supplies,64,94,158
suppliment,1,1,2
suppliments,0,1,1
supply,108,76,184
supplyin,0,1,1
supplying,6,3,9
supplys,1,1,2
suppoed,2,0,2
suppoesed,1,0,1
suppoort,1,0,1
suppopsed,1,0,1
supporing,1,0,1
support,997,1432,2429
supported,85,47,132
supporten,0,1,1
supporter,22,33,55
supporters,20,27,47
supporterss,1,0,1
supportet,1,0,1
supportguy,0,1,1
supportin,3,4,7
supporting,96,180,276
supportinggg,1,0,1
supportive,30,54,84
supportivee,1,0,1
supportnya,0,1,1
supports,60,60,120
supportspn,0,1,1
supportt,0,1,1
supporttaylena,0,1,1
supposd,1,1,2
supposdley,1,0,1
suppose,869,543,1412
supposed,2345,712,3057
supposedd,0,1,1
supposeddd,1,0,1
supposedly,71,46,117
supposedta,0,1,1
supposedto,3,0,3
supposee,0,1,1
supposeed,1,0,1
supposely,2,1,3
supposes,4,0,4
supposessded,1,0,1
supposey,0,1,1
supposidly,0,1,1
supposing,0,1,1
suppositories,0,1,1
suppository,1,0,1
supposively,1,0,1
supposivley,1,0,1
supposobley,0,1,1
supposse,0,1,1
suppossed,9,3,12
suppost,10,4,14
supposta,1,0,1
supposted,1,0,1
supposto,1,0,1
supposwd,1,0,1
suppoting,0,1,1
suppoze,0,1,1
suppp,1,3,4
supppeeer,1,0,1
supppeerr,0,1,1
suppper,3,1,4
suppperr,0,2,2
suppperrr,1,1,2
suppperrrr,1,0,1
suppperrrrr,1,0,1
suppply,1,0,1
suppport,0,1,1
suppportive,0,1,1
supppose,0,1,1
suppposed,3,1,4
supppp,0,1,1
suppppa,0,1,1
suppppeerrr,1,0,1
supppper,1,2,3
supppperr,0,1,1
suppppose,1,0,1
suppppp,0,1,1
supppppaaaa,0,1,1
supppppeeeeerr,0,1,1
suppppper,0,1,1
supppppppa,0,1,1
suppppppppa,1,0,1
suppppppppp,1,1,2
supppppppppppppp,1,0,1
supppse,1,0,1
suppress,4,6,10
suppressed,1,1,2
suppresses,0,1,1
suppressing,2,5,7
suppression,1,0,1
suppressmessage,0,1,1
suppressors,1,0,1
supprise,2,0,2
supprised,3,0,3
supprisingly,2,1,3
supprot,1,1,2
supprt,1,0,1
supprtin,1,0,1
supps,2,0,2
suppsed,2,0,2
suppsedly,0,1,1
suppsoed,1,1,2
suppsosed,1,0,1
suppssed,1,0,1
suppuh,0,1,1
suppused,1,1,2
suppy,1,0,1
supr,2,5,7
supra,3,5,8
supraluminal,0,1,1
supras,3,1,4
suprbeta,0,3,3
supre,3,2,5
supremacists,0,1,1
supremacy,2,4,6
supreme,31,25,56
supremeeeeeeee,0,1,1
supremely,11,5,16
supremes,2,0,2
supremists,0,1,1
supress,0,1,1
supression,1,0,1
supressos,0,1,1
suprianna,0,1,1
suprime,0,1,1
supririsie,1,0,1
suprise,65,103,168
suprised,39,47,86
suprises,3,22,25
suprising,5,8,13
suprisingley,0,1,1
suprisingly,18,38,56
suprize,3,4,7
suprs,1,0,1
suprt,1,0,1
sups,0,1,1
supstitutes,1,0,1
supsupsupsupsp,0,1,1
supt,1,1,2
suptwitter,0,1,1
supuesto,0,1,1
supurb,1,1,2
supv,1,0,1
supz,1,0,1
suqk,1,0,1
suqks,1,0,1
sur,16,52,68
surabaya,5,4,9
surabayaa,0,1,1
surabayaaa,1,0,1
surabhi,1,0,1
surah,0,2,2
suraj,0,2,2
surakarta,0,1,1
suralan,0,2,2
suram,1,0,1
surandon,0,1,1
surat,2,0,2
suraya,0,1,1
surayya,1,0,1
surbee,1,0,1
surberbia,1,0,1
surbhi,1,0,1
surbiton,1,1,2
surbl,2,0,2
surburan,1,0,1
surburbs,1,0,1
surcharge,2,1,3
surcharges,1,0,1
surcome,0,1,1
surdrawkcab,0,1,1
surdrider,1,0,1
surds,1,3,4
sure,5633,9274,14907
suree,12,15,27
sureee,5,17,22
sureeee,5,6,11
sureeeeeee,0,1,1
sureeeeeeeeee,0,1,1
sureeeeeeeeeee,1,0,1
sureena,1,0,1
surefire,4,2,6
suregon,1,0,1
surehow,1,0,1
surely,210,311,521
surement,0,2,2
sureness,0,1,1
sureprise,0,1,1
surery,1,0,1
sures,1,4,5
sureseats,1,1,2
suresh,2,0,2
sureshot,1,0,1
sureslim,0,1,1
surest,1,1,2
suresure,1,2,3
surething,1,2,3
suretype,1,0,1
surevey,1,0,1
sureway,0,1,1
surezies,0,1,1
surf,137,147,284
surface,41,32,73
surfaced,5,6,11
surfaces,8,4,12
surfacing,6,1,7
surfalongwithmenews,1,0,1
surfar,0,1,1
surfboard,7,7,14
surfboards,1,2,3
surfchicks,0,1,1
surfchixxx,0,1,1
surfed,7,14,21
surfer,15,25,40
surfers,7,15,22
surfettes,0,1,1
surff,1,0,1
surffffff,0,1,1
surffing,1,2,3
surfin,16,26,42
surfinf,1,0,1
surfing,143,191,334
surfinh,1,0,1
surfire,1,0,1
surfliner,1,0,1
surfnet,0,1,1
surfnstacey,0,1,1
surfriders,0,1,1
surfs,1,1,2
surfsick,1,0,1
surfside,1,0,1
surfstation,0,1,1
surfthechannel,3,2,5
surfthings,0,1,1
surftrip,1,0,1
surg,8,3,11
surga,0,1,1
surgah,1,0,1
surgar,1,0,1
surgary,1,0,1
surge,17,15,32
surged,1,1,2
surgen,2,0,2
surgeon,54,24,78
surgeons,6,4,10
surger,1,0,1
surgeries,20,9,29
surgeriesss,1,0,1
surgery,848,174,1022
surgerys,1,0,1
surgerytemp,1,0,1
surgeryy,1,0,1
surgeryyy,0,1,1
surges,2,0,2
surgetwitter,1,0,1
surgey,1,1,2
surgeyr,1,0,1
surgical,8,11,19
surgically,7,1,8
surging,0,2,2
surgrey,1,0,1
surgry,1,0,1
surguery,1,0,1
surgury,14,0,14
surhoff,0,1,1
suri,3,3,6
suria,1,1,2
suriamas,0,1,1
surigao,0,1,1
surikat,0,1,1
surinam,1,2,3
suriname,2,0,2
surinq,0,1,1
surious,2,0,2
suriously,2,0,2
surip,1,0,1
surise,0,1,1
surive,1,0,1
surived,0,1,1
surivivor,1,0,1
suriyi,0,1,1
surjury,2,0,2
surley,1,1,2
surliness,0,1,1
surly,4,5,9
surlytween,0,1,1
surmus,1,0,1
surname,8,26,34
surnames,0,3,3
surnburnt,2,0,2
suround,0,1,1
surounded,1,0,1
surpass,2,8,10
surpassed,4,12,16
surpasses,1,0,1
surpassing,0,1,1
surph,1,0,1
surpirse,3,1,4
surpise,4,5,9
surpised,2,4,6
surpisingly,2,0,2
surplus,5,8,13
surpose,1,1,2
surposed,1,0,1
surpreender,0,1,1
surpressed,0,1,1
surpriiiiiiiisev,1,0,1
surprins,0,1,1
surprinsingly,0,1,1
surprisal,0,1,1
surprisd,1,1,2
surprise,326,755,1081
surprised,275,555,830
surprisedd,1,0,1
surprisee,0,1,1
surpriseeee,0,1,1
surpriseeeeeeeeee,0,1,1
surprisefull,0,1,1
surpriseparty,0,1,1
surprises,42,126,168
surprisesurpise,0,1,1
surprisin,0,1,1
surprising,41,78,119
surprisingly,89,205,294
surprisinly,1,1,2
surprisse,0,1,1
surprize,1,5,6
surprized,1,2,3
surprizely,0,1,1
surprizes,0,1,1
surprizing,1,1,2
surprsingly,0,1,1
surprsinigly,0,1,1
surr,0,1,1
surray,0,1,1
surre,2,0,2
surreal,14,30,44
surrealism,0,1,1
surrealist,1,4,5
surrealistic,1,0,1
surreall,0,1,1
surree,0,1,1
surreeeee,0,1,1
surreeeely,0,1,1
surrender,17,27,44
surrendered,2,3,5
surrendering,1,1,2
surrenders,2,1,3
surrey,12,11,23
surreys,0,1,1
surrogate,5,4,9
surrogates,2,5,7
surronded,1,0,1
surrondings,0,1,1
surroudings,1,0,1
surround,24,25,49
surrounded,91,73,164
surrounding,32,19,51
surroundings,6,20,26
surrounds,2,7,9
surrpunded,0,1,1
surrre,0,1,1
surrree,0,1,1
surrreee,1,0,1
surrrious,0,1,1
surrrrrously,0,1,1
surrvive,0,1,1
surry,8,2,10
sursa,0,1,1
sursh,0,1,1
surt,1,0,1
surtei,0,1,1
surtout,2,0,2
suru,0,1,1
suruh,3,1,4
surved,1,0,1
surveilance,1,0,1
surveillance,2,5,7
surveillence,0,1,1
survery,1,0,1
surverying,1,0,1
survey,52,89,141
surveyed,1,2,3
surveyen,0,1,1
surveying,2,2,4
surveyor,2,0,2
surveyors,1,0,1
surveys,10,22,32
surveyusa,0,1,1
surveyyy,0,2,2
survice,1,0,1
survided,1,0,1
survie,1,0,1
survied,1,0,1
surviellance,1,0,1
surviive,1,0,1
survior,0,1,1
survise,0,1,1
survivability,1,0,1
survivable,0,2,2
survival,33,36,69
survivalism,2,2,4
survivalist,1,0,1
survivals,0,1,1
survivce,1,0,1
survive,307,202,509
survived,129,209,338
survivedd,1,0,1
surviver,2,0,2
survivers,1,0,1
survives,9,6,15
surviving,40,37,77
survivng,0,1,1
survivor,102,67,169
survivors,44,20,64
survivour,1,0,1
survs,0,3,3
surw,1,0,1
surweeeeeeeeeeeeeeeeeet,0,1,1
sury,1,0,1
surya,1,8,9
surynt,1,0,1
sus,6,8,14
susa,2,2,4
susaa,0,1,1
susaaah,1,0,1
susaaahh,1,0,1
susages,0,1,1
susah,20,5,25
susahh,1,0,1
susan,396,457,853
susana,2,4,6
susanboyle,5,4,9
susanna,6,2,8
susannah,0,2,2
susannaphung,0,1,1
susanne,3,8,11
susans,3,4,7
susas,0,1,1
susceptibility,1,0,1
susceptible,2,1,3
suscon,0,1,1
suscribe,1,17,18
suscribed,1,2,3
suscribers,0,1,1
suscription,1,0,1
suscriptor,1,0,1
suscrit,0,1,1
suse,3,6,9
susended,1,0,1
sush,4,2,6
sushi,527,677,1204
sushibear,1,0,1
sushicide,1,0,1
sushiday,5,0,5
sushie,0,2,2
sushies,0,1,1
sushifailure,0,1,1
sushifriday,1,0,1
sushigroove,1,0,1
sushii,2,4,6
sushiii,1,4,5
sushiiii,1,0,1
sushiiiii,0,2,2
sushiiiiii,1,0,1
sushiiiiiii,0,1,1
sushiiiiiiii,0,1,1
sushiiiiiiiii,0,1,1
sushiland,1,1,2
sushimise,0,1,1
sushine,0,3,3
sushis,1,2,3
sushissss,1,0,1
sushitei,1,0,1
sushitu,3,0,3
sushiweek,1,0,1
sushm,0,1,1
sushma,0,1,1
susi,0,6,6
susiclub,0,1,1
susie,19,14,33
susiemoneymakerrrrr,0,1,1
susiewilson,0,1,1
susigalvot,1,0,1
susiieeeeeee,0,1,1
susiii,0,1,1
susilo,0,1,1
susn,0,1,1
suso,0,1,1
susog,0,1,1
susp,3,0,3
suspciously,0,1,1
suspect,115,90,205
suspectd,1,0,1
suspected,32,26,58
suspecting,4,0,4
suspects,12,14,26
suspence,4,2,6
suspend,13,8,21
suspended,248,60,308
suspendeeeddd,1,0,1
suspender,0,1,1
suspenders,6,0,6
suspending,6,0,6
suspendors,1,0,1
suspends,1,1,2
suspened,3,0,3
suspense,33,44,77
suspenseful,1,5,6
suspensesu,0,1,1
suspensful,1,1,2
suspension,28,14,42
suspensions,0,1,1
suspensory,1,0,1
susperstar,0,1,1
suspese,1,1,2
suspicion,12,25,37
suspicions,2,2,4
suspiciosly,1,0,1
suspicious,24,26,50
suspiciously,7,4,11
suspicous,2,0,2
suspirando,0,1,1
suspirei,1,0,1
suspiria,1,1,2
suspiscion,1,0,1
suspiscions,1,0,1
suspisions,0,1,1
suspose,2,0,2
susposed,1,0,1
susps,1,0,1
susquahanna,1,0,1
susquvalley,1,0,1
suss,3,8,11
sussan,0,2,2
sussed,7,5,12
sussefully,0,1,1
sussex,12,19,31
sussie,1,0,1
sussing,2,0,2
susss,1,0,1
susssssshiiii,1,0,1
sustagchat,1,4,5
sustain,6,9,15
sustainability,5,7,12
sustainable,8,8,16
sustained,6,7,13
sustaining,1,3,4
sustains,0,1,1
sustaned,1,0,1
sustantivo,0,1,1
sustenance,3,3,6
susteren,0,1,1
sustitute,1,1,2
sustnow,1,0,1
susto,1,0,1
sustuli,0,1,1
sustuz,0,1,1
susu,4,1,5
susuwah,0,1,1
susy,4,4,8
susylitz,0,1,1
susyn,0,1,1
sut,1,3,4
sutan,1,0,1
sutanas,0,1,1
sutch,0,1,1
sutcliffe,0,1,1
sutdy,0,1,1
sute,2,1,3
suteki,1,0,1
sutff,0,3,3
suth,0,1,1
suthelrand,0,1,1
suthep,0,1,1
sutherland,2,12,14
suthin,2,0,2
sutho,0,1,1
suti,0,1,1
sutil,20,2,22
sutimes,1,0,1
sutin,2,0,2
sutn,0,2,2
sutner,0,1,1
suto,0,1,1
sutos,0,1,1
sutpid,1,0,1
sutra,7,10,17
sutro,0,2,2
sutt,1,0,1
sutta,1,0,1
sutted,1,0,1
sutter,0,4,4
suttie,1,0,1
suttin,7,5,12
suttinn,0,1,1
suttle,0,1,1
suttn,0,1,1
sutton,8,11,19
sutty,1,1,2
suturday,0,1,1
sutures,1,1,2
sutzkever,0,1,1
suu,3,3,6
suuccch,0,1,1
suucccks,0,1,1
suuccks,1,0,1
suuch,2,1,3
suuck,1,0,1
suuckkk,1,0,1
suucks,2,0,2
suuckss,1,0,1
suuddeenly,0,1,1
suudenly,1,0,1
suue,0,1,1
suuliin,0,1,1
suummer,0,2,2
suun,1,0,1
suunburn,1,0,1
suunnday,0,1,1
suunto,1,1,2
suuntodive,1,0,1
suuny,0,2,2
suup,0,1,1
suupa,0,1,1
suupaa,0,1,1
suupeerrr,0,1,1
suuper,2,8,10
suuperrr,1,0,1
suuport,1,0,1
suupose,0,1,1
suuppeerrrr,0,1,1
suupperr,0,2,2
suuppp,0,1,1
suure,0,6,6
suuree,0,1,1
suuremad,1,0,1
suussieeeeeeeeeeee,1,0,1
suuuccckkkaasss,0,1,1
suuuccckkkss,1,0,1
suuucckkks,1,0,1
suuucckksss,1,0,1
suuuch,2,2,4
suuuck,3,1,4
suuucked,1,0,1
suuuckk,0,1,1
suuucks,13,1,14
suuuckss,0,1,1
suuuhleepy,1,0,1
suuuks,1,0,1
suuun,1,2,3
suuunnn,1,0,1
suuup,0,1,1
suuuper,13,10,23
suuupperr,0,1,1
suuuppper,1,0,1
suuure,9,8,17
suuureee,0,1,1
suuurprise,0,1,1
suuurveeey,1,0,1
suuuuccckkkkssss,1,0,1
suuuuccckksss,1,0,1
suuuuch,2,6,8
suuuuck,3,1,4
suuuucked,1,0,1
suuuucks,23,1,24
suuuucksss,1,0,1
suuuuckssss,1,0,1
suuuucksyo,1,0,1
suuuummer,0,1,1
suuuun,1,0,1
suuuunn,0,1,1
suuuupeeer,1,0,1
suuuuper,6,11,17
suuuuperrrrr,1,0,1
suuuupppeeeerrrrr,1,0,1
suuuupress,0,1,1
suuuur,0,1,1
suuuure,2,3,5
suuuurpriiiiise,0,1,1
suuuurrre,0,1,1
suuuusshhhhiiii,0,1,1
suuuuuccckkkssss,1,0,1
suuuuuch,0,1,1
suuuuuck,1,0,1
suuuuucks,6,0,6
suuuuucky,2,0,2
suuuuuit,1,0,1
suuuuummer,1,0,1
suuuuun,1,2,3
suuuuuper,3,4,7
suuuuure,1,4,5
suuuuuree,0,1,1
suuuuurprise,1,0,1
suuuuuuck,1,0,1
suuuuuucks,2,0,2
suuuuuun,1,0,1
suuuuuuper,2,1,3
suuuuuure,0,2,2
suuuuuurrre,0,1,1
suuuuuuucccksss,1,0,1
suuuuuuucks,1,0,1
suuuuuuun,0,1,1
suuuuuuunn,0,1,1
suuuuuuunshine,0,1,1
suuuuuuuper,2,0,2
suuuuuuure,0,1,1
suuuuuuuuck,1,0,1
suuuuuuuuh,0,1,1
suuuuuuuun,1,0,1
suuuuuuuuper,1,0,1
suuuuuuuure,0,1,1
suuuuuuuuuch,0,1,1
suuuuuuuuucks,1,0,1
suuuuuuuuuppper,0,1,1
suuuuuuuuuuper,2,0,2
suuuuuuuuuure,0,1,1
suuuuuuuuuuubwaaaaay,1,0,1
suuuuuuuuuuucks,2,0,2
suuuuuuuuuuus,0,1,1
suuuuuuuuuuuuck,2,0,2
suuuuuuuuuuuucks,1,0,1
suuuuuuuuuuuuuuuuuuuuuuuun,0,1,1
suuuuuuuuuuuuuuuuuuuuuuuuuuuuure,1,0,1
suuuuuuxxxxxx,1,0,1
suuuuwooooop,1,0,1
suuuxxx,1,0,1
suv,27,24,51
suva,1,0,1
suvi,1,0,1
suvks,1,0,1
suvs,2,0,2
suw,0,2,2
suwanee,0,1,1
suweet,0,1,1
suwei,1,0,1
suwerti,0,1,1
suwmem,0,1,1
suwooooooop,0,1,1
suwoop,0,1,1
suwrimo,2,0,2
suwweeeeet,0,1,1
sux,706,78,784
suxed,1,0,1
suxkksss,1,0,1
suxkxxxxxxxx,1,0,1
suxors,3,0,3
suxorz,1,0,1
suxs,27,3,30
suxssss,1,0,1
suxx,16,3,19
suxxor,1,0,1
suxxs,1,0,1
suxxx,5,1,6
suxxxx,1,0,1
suxxxxx,3,0,3
suxxxxxx,3,0,3
suxxxxxxx,2,0,2
suxxxxxxxxxzzz,1,0,1
suxz,5,0,5
suxzors,1,0,1
suy,1,1,2
suya,0,1,1
suyash,1,0,1
suye,0,1,1
suyo,0,1,1
suyoung,0,1,1
suz,8,9,17
suza,0,1,1
suzaku,4,1,5
suzan,1,7,8
suzane,0,1,1
suzanna,1,0,1
suzannah,1,1,2
suzanne,10,15,25
suze,5,20,25
suzen,0,1,1
suzeormanshow,0,2,2
suzette,1,0,1
suzhou,1,2,3
suzi,11,17,28
suzie,8,15,23
suzies,1,1,2
suziie,0,1,1
suziiee,0,1,1
suziq,0,1,1
suzlon,0,1,1
suzuka,0,1,1
suzuki,11,8,19
suzumiya,2,0,2
suzy,13,14,27
suzys,1,0,1
suzyy,0,1,1
suzz,1,0,1
suzzzz,0,1,1
sv,12,15,27
sva,6,1,7
svacts,0,1,1
svadds,0,1,1
svae,1,1,2
svago,1,0,1
svaka,0,2,2
svalbard,0,1,1
svanke,0,1,1
svankmajer,0,1,1
svannah,1,0,1
svc,6,10,16
svcd,1,0,1
svce,0,1,1
svcs,1,2,3
svcutil,1,0,1
sve,0,1,1
svedka,3,1,4
svedy,0,1,1
sveikinu,0,1,1
sveiomarknaden,0,1,1
sveistrup,0,1,1
svelt,1,2,3
svelte,1,2,3
sven,4,8,12
svend,0,1,1
svenja,0,6,6
svenjas,0,1,1
svenn,1,0,1
svenne,0,1,1
svennebanan,0,1,1
svenson,0,1,1
sverige,3,1,4
svet,0,2,2
sveta,5,5,10
svetlana,1,6,7
svettis,0,1,1
svg,1,3,4
svgify,1,0,1
svience,0,1,1
sviib,1,0,1
svimmel,1,0,1
sving,1,0,1
svit,0,1,1
svjdvdf,1,0,1
svl,1,0,1
svle,1,0,1
svn,37,19,56
svncommit,0,1,1
svntools,0,1,1
svoemmeligaen,0,1,1
svoj,0,1,1
svp,1,0,1
svpt,1,2,3
svq,1,0,1
svr,4,2,6
svrg,0,2,2
svt,1,1,2
svu,48,38,86
svuaholics,0,1,1
svufans,0,1,1
svutg,0,1,1
svw,0,2,2
svz,2,2,4
sw,41,51,92
swa,7,5,12
swaaaag,0,1,1
swaaagg,0,1,1
swaag,0,1,1
swaagggg,0,1,1
swab,4,0,4
swabbed,1,0,1
swabian,0,1,1
swabians,0,1,1
swabs,1,1,2
swac,11,24,35
swack,0,1,1
swaddle,2,3,5
swaddled,1,2,3
swaddling,0,1,1
swades,1,0,1
swadeshi,0,1,1
swaer,1,1,2
swaffham,0,1,1
swag,61,111,172
swaga,0,1,1
swagbag,1,0,1
swagbuck,0,3,3
swagbucks,11,12,23
swagbuks,0,1,1
swagcode,1,1,2
swagcodes,1,0,1
swagd,0,1,1
swagelok,0,1,1
swagg,15,18,33
swagga,2,7,9
swaggatistic,0,1,1
swagger,8,15,23
swaggerager,0,1,1
swaggering,0,1,1
swaggerjackerrr,1,0,1
swaggermovies,0,1,1
swaggertv,1,0,1
swaggg,2,3,5
swagggflu,0,1,1
swagggg,1,1,2
swagghouse,1,1,2
swaggin,1,1,2
swagnanamous,1,0,1
swagnificent,0,1,1
swagometer,1,0,1
swags,1,3,4
swagsurfin,1,1,2
swahili,2,1,3
swahlala,1,0,1
swain,3,1,4
swainnyyy,1,0,1
swainsboro,0,1,1
swair,1,0,1
swak,1,1,2
swales,0,1,1
swalled,2,0,2
swallen,1,0,1
swallerin,0,1,1
swalllow,0,1,1
swalllowing,0,1,1
swallo,1,0,1
swallocks,0,1,1
swallon,2,1,3
swallow,120,37,157
swallowed,69,14,83
swallowen,1,0,1
swallowing,20,2,22
swallows,5,12,17
swallowtail,1,2,3
swaluws,0,1,1
swalvo,0,1,1
swam,28,45,73
swami,0,1,1
swammin,0,1,1
swamming,0,1,1
swamp,19,5,24
swampdogs,0,2,2
swamped,57,27,84
swampland,0,1,1
swampped,1,0,1
swampy,2,0,2
swan,22,32,54
swanage,1,6,7
swancon,0,2,2
swanee,0,1,1
swanflu,1,0,1
swang,2,1,3
swangin,0,1,1
swanguard,0,1,1
swank,1,0,1
swanky,9,15,24
swankyy,0,1,1
swanley,0,1,1
swann,0,6,6
swannie,0,1,1
swannies,2,2,4
swannin,1,0,1
swanny,0,2,2
swans,19,15,34
swansboro,0,1,1
swansea,14,14,28
swansen,1,0,1
swanson,1,1,2
swansonager,0,1,1
swap,102,106,208
swapanda,0,1,1
swapers,0,1,1
swapgames,0,1,1
swaping,2,1,3
swaplift,0,1,1
swapmeet,1,2,3
swapnil,0,1,1
swappable,1,3,4
swapped,22,15,37
swapperati,1,0,1
swappin,0,1,1
swapping,14,19,33
swaps,2,1,3
swapshop,1,0,1
swapsies,0,1,1
swaptilyoudrop,0,1,1
swaptree,0,1,1
swapyournotes,0,1,1
swaq,0,1,1
swaqq,0,2,2
swaqqq,0,1,1
swaraj,0,1,1
swarco,1,0,1
sware,8,5,13
swares,0,1,1
swarg,0,1,1
swarga,1,0,1
swargwasi,1,0,1
swarley,1,2,3
swarm,10,9,19
swarmed,7,1,8
swarming,5,1,6
swarmplayer,1,0,1
swarms,2,2,4
swaroski,1,0,1
swarovski,7,6,13
swartz,1,1,2
swarup,1,2,3
swash,0,4,4
swashbuckle,1,0,1
swashbuckling,0,2,2
swass,1,0,1
swasti,0,1,1
swastika,1,1,2
swastikas,2,0,2
swasum,0,1,1
swat,10,5,15
swatch,3,6,9
swatched,1,0,1
swatches,2,5,7
swatching,1,1,2
swath,1,1,2
swathed,0,1,1
swati,3,2,5
swatkatt,0,1,1
swats,1,1,2
swatted,2,0,2
swatter,1,1,2
swatters,2,0,2
swattin,1,0,1
swatting,8,7,15
swatty,1,1,2
swatzer,0,1,1
swave,0,1,1
sway,102,191,293
swayed,2,7,9
swayer,0,1,1
swaying,5,7,12
swayne,1,0,1
sways,1,4,5
swaysway,4,2,6
swayswaybaby,0,4,4
swaywithme,0,1,1
swayyy,0,1,1
swayze,22,6,28
swaz,0,1,1
swazi,2,1,3
swaziland,1,2,3
swb,1,4,5
swbl,0,1,1
swbuehler,1,0,1
swc,2,4,6
swch,0,1,1
swclikewhut,0,1,1
swe,2,4,6
swea,1,0,1
sweaat,1,0,1
sweadish,1,0,1
sweaitng,1,0,1
swean,1,0,1
swear,658,436,1094
swearbot,0,1,1
swearbots,0,1,1
sweared,2,3,5
swearin,0,1,1
swearing,29,41,70
swearr,1,2,3
swearrr,2,0,2
swears,11,17,28
swearword,0,1,1
swearwords,1,0,1
swearyness,1,0,1
sweat,165,169,334
sweatbands,1,5,6
sweatbox,2,0,2
sweated,7,5,12
sweater,95,79,174
sweaters,11,12,23
sweatfest,0,2,2
sweatier,0,1,1
sweatiest,1,1,2
sweatin,10,4,14
sweatiness,0,1,1
sweating,151,46,197
sweatlodge,0,1,1
sweatng,0,1,1
sweatpant,1,0,1
sweatpants,5,16,21
sweatpit,1,0,1
sweats,33,30,63
sweatshirt,26,26,52
sweatshirts,2,3,5
sweatshirtssss,0,1,1
sweatshirtttt,1,0,1
sweatshop,4,3,7
sweatshops,1,0,1
sweatsuit,0,1,1
sweatt,1,0,1
sweatty,1,0,1
sweaty,146,102,248
sweatyprofessor,1,0,1
sweatz,1,1,2
swed,0,1,1
swede,4,8,12
sweden,133,204,337
swedenn,0,1,1
swedens,1,4,5
swedes,11,9,20
swedesoderling,1,0,1
swedey,1,0,1
swedish,57,146,203
swedishchef,0,1,1
swedland,0,1,1
swedroe,1,0,1
swedtel,0,1,1
swee,0,1,1
sweeden,1,2,3
sweedish,2,4,6
sweeds,1,0,1
sweeeaaatttt,0,1,1
sweeeeaaaar,1,1,2
sweeeeden,0,3,3
sweeeeeeeeeeeeeeeeeeeeeeeeeeeeeet,0,1,1
sweeeeeeeeeeeeeeeeeet,0,1,1
sweeeeeeeeeeeeeet,1,0,1
sweeeeeeeeeeeeet,1,0,1
sweeeeeeeeeeet,0,3,3
sweeeeeeeeeeety,0,1,1
sweeeeeeeeeet,0,2,2
sweeeeeeeeet,0,5,5
sweeeeeeeet,1,1,2
sweeeeeeet,2,13,15
sweeeeeeheeheeeeetttt,0,1,1
sweeeeeet,3,16,19
sweeeeeettt,0,1,1
sweeeeepyyyy,1,0,1
sweeeeet,6,46,52
sweeeeett,0,1,1
sweeeeettt,0,1,1
sweeeeettttt,0,1,1
sweeeeetttttt,0,1,1
sweeeell,0,1,1
sweeeet,12,63,75
sweeeetee,0,1,1
sweeeeter,0,1,1
sweeeetness,0,1,1
sweeeets,0,1,1
sweeeett,1,0,1
sweeeettt,0,1,1
sweeeetttt,0,2,2
sweeeetumses,0,1,1
sweeeety,0,2,2
sweeeooooooot,0,1,1
sweeep,0,1,1
sweeeping,0,2,2
sweeepy,1,2,3
sweeet,16,78,94
sweeetdreams,0,1,1
sweeetest,0,1,1
sweeetheart,0,1,1
sweeetie,3,2,5
sweeetness,0,1,1
sweeett,0,4,4
sweeettt,1,5,6
sweeetttt,0,1,1
sweeetttttttttttttttt,1,0,1
sweeettweeet,0,1,1
sweeite,2,0,2
sweeled,0,1,1
sweem,1,0,1
sween,0,1,1
sweeney,15,26,41
sweens,0,1,1
sweensters,0,1,1
sweeny,4,16,20
sweep,52,57,109
sweeper,5,2,7
sweepers,1,0,1
sweepie,0,1,1
sweepin,0,1,1
sweeping,12,11,23
sweepings,1,0,1
sweeps,6,4,10
sweepstake,4,2,6
sweepstakes,8,8,16
sweepy,7,7,14
sweepyhead,1,0,1
sweer,1,1,2
sweerheart,1,0,1
sweet,1610,5646,7256
sweeta,0,2,2
sweetarts,1,0,1
sweetass,0,2,2
sweetbadazz,1,0,1
sweetbay,0,1,1
sweetbreads,0,1,1
sweetcakes,0,1,1
sweetcandy,1,0,1
sweetcheeks,2,4,6
sweetcherrypop,0,2,2
sweetchilli,2,0,2
sweetcorn,6,8,14
sweetcron,0,1,1
sweetdaddy,0,1,1
sweetdream,1,1,2
sweetdreams,2,23,25
sweetdreamz,0,2,2
sweetdreamzzz,0,1,1
sweete,1,0,1
sweetee,1,0,1
sweetend,0,1,1
sweetened,4,7,11
sweetener,2,1,3
sweeteners,2,1,3
sweetening,1,0,1
sweetens,0,2,2
sweeter,12,59,71
sweetes,1,0,1
sweetess,0,1,1
sweetest,42,190,232
sweetestgoodbyes,0,1,1
sweeteve,0,1,1
sweetface,1,0,1
sweetgirl,1,2,3
sweetgirls,0,1,1
sweetgrass,1,0,1
sweeth,1,0,1
sweethart,0,1,1
sweethead,1,0,1
sweethear,0,1,1
sweetheart,108,315,423
sweethearts,7,17,24
sweetheartt,0,1,1
sweetheartvideo,0,1,1
sweethomestyle,1,0,1
sweeti,0,1,1
sweetical,0,1,1
sweetie,390,767,1157
sweetiebear,1,0,1
sweetieboy,1,0,1
sweetiecakes,1,0,1
sweetiee,0,3,3
sweetieeeeee,1,0,1
sweetieees,1,0,1
sweetiepie,2,4,6
sweeties,20,29,49
sweetiiiieee,1,0,1
sweeting,0,1,1
sweetjamielee,0,1,1
sweetkarekare,1,0,1
sweetl,0,1,1
sweetlady,0,1,1
sweetleaf,0,1,1
sweetlover,0,1,1
sweetly,3,15,18
sweetman,0,1,1
sweetmom,0,1,1
sweetnam,1,2,3
sweetner,1,0,1
sweetners,0,1,1
sweetness,24,61,85
sweetnsour,1,0,1
sweetnyt,0,1,1
sweetone,0,2,2
sweetos,1,0,1
sweetpea,4,13,17
sweetpeas,0,1,1
sweetpenn,1,0,1
sweetpie,0,1,1
sweetpotatoe,1,0,1
sweetrush,0,1,1
sweets,142,185,327
sweetshirts,1,0,1
sweetspot,0,2,2
sweetsprings,1,0,1
sweetss,0,1,1
sweetstakes,1,0,1
sweetstuff,0,1,1
sweetsucker,0,1,1
sweett,1,5,6
sweettalkinrapist,1,0,1
sweettangerine,0,1,1
sweettart,0,1,1
sweettarts,1,0,1
sweettie,1,0,1
sweettieee,0,1,1
sweettnesss,0,1,1
sweettooth,0,1,1
sweettoothkickingin,0,1,1
sweettt,0,2,2
sweettttt,0,1,1
sweettweettuesday,0,1,1
sweettwits,1,0,1
sweetum,1,0,1
sweetums,2,4,6
sweetwater,2,1,3
sweetweets,0,1,1
sweety,57,128,185
sweetym,0,1,1
sweetys,1,0,1
sweetyyy,0,1,1
sweetz,2,4,6
swein,1,0,1
swel,0,1,1
sweldo,2,1,3
swell,57,70,127
swelled,19,3,22
swellin,2,0,2
swelling,75,21,96
swellings,2,0,2
swellll,1,0,1
swells,18,3,21
swellwed,0,1,1
swelter,2,2,4
sweltering,23,8,31
swelteringly,1,0,1
swelting,1,0,1
swen,0,1,1
swending,0,1,1
sweng,1,0,1
swenglish,0,2,2
swensens,2,5,7
swensons,0,1,1
swept,29,25,54
swer,0,1,1
swern,2,0,2
swerrrddd,1,0,1
swert,1,0,1
swerte,1,1,2
swerve,2,2,4
swerved,3,2,5
swerves,0,1,1
swervin,2,1,3
swerving,0,2,2
swervos,1,0,1
swervy,1,0,1
swesome,0,3,3
swet,0,3,3
sweta,0,1,1
swetdreamss,1,1,2
swethearts,0,1,1
swetie,0,1,1
sweting,1,0,1
swettie,3,1,4
swetting,1,0,1
swetty,0,1,1
swety,0,1,1
swexy,0,2,2
swf,5,2,7
swfaddress,1,0,1
swfdec,1,0,1
swfl,1,1,2
swfobject,0,1,1
swfoo,0,1,1
swfoocamp,1,0,1
swfs,0,1,1
swfwheel,1,0,1
swg,3,0,3
swgas,1,0,1
swgeekgirls,0,1,1
swh,1,1,2
swhatshesaid,1,0,1
swhere,1,0,1
swhimmer,0,1,1
swhine,1,0,1
swho,1,0,1
swhs,0,1,1
swi,1,1,2
swich,1,1,2
swiching,0,1,1
swick,1,0,1
swicthed,1,0,1
swide,0,1,1
swidish,1,0,1
swidt,0,1,1
swieck,0,1,1
swiff,0,1,1
swiffer,1,3,4
swifferer,0,1,1
swiffering,0,1,1
swiffers,1,0,1
swifffffffft,0,1,1
swift,219,453,672
swiftcommunity,0,1,1
swiftech,1,0,1
swifter,0,2,2
swiftghettochop,0,1,1
swiftkaratechop,1,0,1
swiftkaratechops,1,0,1
swiftlet,1,0,1
swiftly,2,6,8
swiftness,1,0,1
swifts,14,21,35
swifttt,0,1,1
swiftttttt,0,1,1
swifty,4,5,9
swiftys,1,0,1
swiftyyyy,1,0,1
swig,5,4,9
swigging,1,1,2
swigs,1,0,1
swiift,0,1,1
swiiiiiiiiiiiiiiine,1,0,1
swiiiiiiiiiiitch,0,1,1
swiiimmm,0,1,1
swiinee,0,1,1
swiit,0,1,1
swikee,0,1,1
swill,0,1,1
swilling,1,2,3
swim,469,517,986
swimanease,0,1,1
swimcast,1,0,1
swimfan,0,1,1
swimin,1,1,2
swiming,9,14,23
swimless,1,0,1
swimlog,0,1,1
swimm,5,1,6
swimmed,1,0,1
swimmer,7,10,17
swimmers,9,7,16
swimmerz,0,1,1
swimmier,0,1,1
swimmies,1,0,1
swimmig,0,2,2
swimmiinngggg,1,0,1
swimmimg,1,0,1
swimmimng,1,0,1
swimmin,36,33,69
swimming,733,829,1562
swimmingat,1,0,1
swimmingclass,0,1,1
swimmingg,0,4,4
swimminggg,1,1,2
swimmingggg,0,1,1
swimminggggg,0,2,2
swimmingly,5,14,19
swimmingpool,0,1,1
swimminnn,2,0,2
swimminnnnn,0,1,1
swimmins,1,1,2
swimmm,0,2,2
swimmming,1,0,1
swimmmm,0,2,2
swimmmming,1,0,1
swimmmmmm,1,1,2
swimmng,1,1,2
swimms,0,1,1
swimmy,3,0,3
swimmyheaded,1,0,1
swims,7,9,16
swimsuit,48,35,83
swimsuite,1,0,1
swimsuits,5,9,14
swimsyit,0,1,1
swimteam,1,1,2
swimtraining,0,1,1
swimwear,4,10,14
swin,3,2,5
swinburne,0,2,2
swindle,1,3,4
swindon,20,11,31
swindonia,0,1,1
swine,954,358,1312
swined,2,0,2
swinee,1,0,1
swineeee,1,0,1
swineflu,36,22,58
swineish,1,0,1
swinely,0,1,1
swines,6,7,13
swinewow,1,0,1
swiney,5,4,9
swinf,1,0,1
swing,149,192,341
swingage,0,1,1
swingback,0,1,1
swingball,1,2,3
swingbridge,0,1,1
swingdance,0,1,1
swingdancing,1,0,1
swingen,0,1,1
swinger,1,1,2
swingerdom,1,0,1
swingers,8,9,17
swinggg,0,1,1
swingin,3,4,7
swinging,21,22,43
swingking,0,1,1
swingometer,0,1,1
swings,46,43,89
swingset,0,3,3
swingy,0,1,1
swinish,1,0,1
swinming,0,1,1
swinmming,1,0,1
swinn,0,1,1
swinning,1,0,1
swinnming,0,1,1
swinq,0,1,1
swinr,1,0,1
swinton,2,1,3
swinus,1,0,1
swiny,1,0,1
swipe,10,5,15
swiped,7,7,14
swiper,2,2,4
swipes,0,1,1
swipesomegloss,0,1,1
swipey,1,1,2
swiping,2,2,4
swipping,1,0,1
swirl,10,13,23
swirled,0,1,1
swirling,4,1,5
swirll,1,0,1
swirlphilly,0,1,1
swirls,4,3,7
swirly,3,5,8
swirtls,0,1,1
swise,1,0,1
swish,12,10,22
swisher,3,7,10
swishers,1,1,2
swishing,2,3,5
swishmax,0,1,1
swisho,0,1,1
swishy,4,2,6
swiss,48,67,115
swissaid,0,1,1
swisscard,1,0,1
swisschard,0,1,1
swisscom,3,0,3
swissfollow,0,1,1
swissgear,0,1,1
swissknights,0,1,1
swissotel,0,1,1
swist,1,0,1
swit,0,2,2
switch,361,292,653
switchable,0,1,1
switcharoo,0,1,1
switchback,0,1,1
switchblade,1,1,2
switchboard,2,1,3
switchbox,1,0,1
switchd,1,0,1
switcheasy,1,2,3
switched,149,105,254
switcher,1,2,3
switcherland,1,0,1
switcheroo,0,1,1
switches,15,13,28
switchfingers,0,1,1
switchfoot,6,9,15
switchin,5,3,8
switching,113,83,196
switchinq,0,1,1
switchover,2,0,2
switchto,0,1,1
switdweamz,0,1,1
switerland,0,1,1
switft,0,1,1
swith,0,1,1
switserland,0,1,1
switters,0,1,1
switz,2,2,4
switzer,1,0,1
switzerland,44,79,123
swivel,7,4,11
swivelling,0,2,2
swivels,0,1,1
swizerland,0,1,1
swizz,2,5,7
swizzel,0,1,1
swizzle,0,2,2
swizzles,0,2,2
swizzy,2,1,3
swizzyland,0,1,1
swizzz,0,1,1
swl,0,3,3
swllowed,1,0,1
swllwd,1,0,1
swm,1,0,1
swmb,4,0,4
swmbo,1,0,1
swmiing,1,0,1
swn,0,2,2
swnd,0,2,2
swo,1,3,4
swole,7,1,8
swolen,19,1,20
swoll,5,1,6
swolled,2,0,2
swollem,2,0,2
swollen,584,44,628
swolllen,1,1,2
swolllenn,1,0,1
swollow,2,1,3
swollowed,0,1,1
swom,1,0,1
swone,1,0,1
swoo,0,2,2
swoobs,1,0,1
swoon,13,33,46
swoonerific,0,1,1
swooning,6,10,16
swoons,3,5,8
swoony,0,1,1
swooon,1,1,2
swoooon,0,1,1
swooooon,1,1,2
swooooooning,0,1,1
swoooooooon,2,0,2
swooooosh,0,1,1
swooooshing,0,1,1
swooossshing,1,0,1
swoop,3,9,12
swooped,4,3,7
swooping,1,3,4
swoopo,1,0,1
swoops,0,1,1
swoopy,2,0,2
swoosh,3,5,8
swooshing,1,0,1
swooshy,0,1,1
swoozie,0,1,1
swoozies,1,0,1
swop,2,1,3
swope,0,1,1
swopped,1,0,1
swopper,0,1,1
swopping,0,1,1
sword,39,46,85
swordfish,3,2,5
swords,10,18,28
swordtails,1,0,1
swore,40,25,65
sworeeee,1,0,1
sworktomorrowday,1,0,1
sworn,27,17,44
sworry,1,0,1
sworsman,0,1,1
swot,6,2,8
swotted,1,0,1
swp,1,0,1
swr,2,2,4
swrew,1,0,1
swrong,1,0,1
swrsc,1,0,1
sws,0,1,1
swt,10,16,26
swteelibertines,0,1,1
swti,0,1,1
swtich,1,0,1
swtichoff,1,0,1
swtor,0,3,3
swttt,1,0,1
swty,3,2,5
swu,1,1,2
swum,2,0,2
swun,0,1,1
swung,6,7,13
swurdin,0,1,1
swurvradio,1,0,1
swus,1,0,1
swv,3,5,8
sww,1,2,3
swweeeeeet,0,1,1
swweeeet,0,1,1
swweeet,0,1,1
swweetest,1,0,1
swwet,0,1,1
swwetie,1,0,1
swwimmming,0,1,1
swwt,0,1,1
swwuurrr,0,1,1
swya,0,1,1
swyn,0,1,1
swyne,1,1,2
swz,0,1,1
sx,16,8,24
sxc,4,5,9
sxe,1,1,2
sxed,0,1,1
sxemacs,0,1,1
sxephil,2,2,4
sxi,2,0,2
sxinneymomma,0,1,1
sxipper,0,1,1
sxm,3,0,3
sxrquestions,0,1,1
sxse,0,1,1
sxsemia,1,0,1
sxsw,11,13,24
sxswi,0,2,2
sxtin,1,0,1
sxx,0,1,1
sxxx,2,0,2
sxxxx,1,0,1
sxxxxxx,1,0,1
sxy,0,2,2
sxyhrlygrl,2,0,2
sy,10,10,20
sya,17,13,30
syaf,1,1,2
syaffiazka,0,2,2
syafi,0,1,1
syafinaz,0,1,1
syafiq,2,0,2
syafiqah,0,1,1
syakdung,0,1,1
syam,1,0,1
syamir,2,0,2
syamptoms,1,0,1
syan,0,1,1
syang,2,1,3
syaoran,0,1,1
syapa,1,0,1
syarat,0,1,1
syarif,2,0,2
syarifah,0,1,1
syarted,1,0,1
syarts,1,0,1
syas,1,0,1
syay,0,1,1
syazuwan,1,0,1
syazwani,1,0,1
syazwi,0,1,1
syazziee,0,1,1
syb,0,1,1
sybarite,0,1,1
sybase,0,1,1
sybear,0,1,1
syberia,0,1,1
sybil,2,1,3
sybille,0,1,1
sybject,1,0,1
sycamore,1,0,1
syccessfully,0,1,1
syced,1,1,2
sych,2,0,2
sycho,0,1,1
sycked,1,0,1
sycophantic,0,1,1
sycophants,1,1,2
syd,47,43,90
sydd,0,2,2
syddddddddneeeeeeeyyy,1,0,1
sydders,0,1,1
sydenee,0,1,1
sydeny,1,0,1
sydey,0,1,1
sydhack,0,1,1
sydicate,0,1,1
sydis,1,0,1
sydlawrence,1,0,1
sydnah,1,0,1
sydnay,0,2,2
sydnee,1,0,1
sydneeey,1,0,1
sydneh,0,1,1
sydnei,1,0,1
sydner,1,0,1
sydney,391,443,834
sydneymarkey,0,1,1
sydneys,4,0,4
sydneysider,0,1,1
sydneysiders,0,1,1
sydneyswan,0,1,1
sydneyyy,1,0,1
sydneyyyy,0,1,1
sydneyyyyyyyyyyyyy,0,1,1
sye,3,1,4
syed,2,3,5
syedarshad,0,1,1
syeela,0,1,1
syempre,4,2,6
syens,0,1,1
syep,1,0,1
syeph,0,1,1
syephen,0,1,1
syesha,0,4,4
syet,1,0,1
syf,1,2,3
syff,1,0,1
syfi,0,1,1
syfil,1,0,1
syfy,3,1,4
syg,18,17,35
sygg,0,1,1
syggg,1,0,1
sygh,1,0,1
syh,1,0,1
syickam,1,0,1
syifa,0,2,2
sying,0,1,1
syinked,0,1,1
syiok,1,2,3
syke,2,4,6
syked,4,3,7
sykeee,0,1,1
sykeeed,0,1,1
sykes,15,16,31
sykespublic,0,1,1
sykke,0,1,1
sykkline,0,1,1
sykpe,0,1,1
syl,1,5,6
sylabus,1,0,1
sylar,22,17,39
sylb,1,0,1
syle,1,1,2
syleena,1,1,2
syler,0,1,1
sylicon,1,0,1
sylin,0,1,1
sylivia,0,1,1
syllable,2,4,6
syllables,1,7,8
syllabus,9,5,14
syllogisms,0,1,1
sylmar,1,0,1
sylosis,0,1,1
sylt,0,2,2
sylusia,0,1,1
sylv,1,1,2
sylvannas,0,1,1
sylvarwolf,0,1,1
sylver,1,0,1
sylvester,2,6,8
sylvestor,0,2,2
sylvia,15,12,27
sylvias,1,0,1
sylvie,2,2,4
sylvinho,0,1,1
sylvo,1,0,1
sylvyy,0,1,1
sym,5,3,8
syma,0,1,1
symantec,4,2,6
symapthy,0,1,1
symbi,0,1,1
symbian,14,14,28
symbiotic,0,1,1
symbocort,1,0,1
symbol,32,49,81
symbolic,4,11,15
symbolically,0,1,1
symbolism,2,5,7
symbolismm,0,1,1
symbolize,1,1,2
symbolizes,1,0,1
symbolizing,1,0,1
symbology,2,1,3
symbols,10,12,22
symetrical,0,1,1
symfonians,0,1,1
symfony,3,4,7
symlinks,1,0,1
symmetric,0,2,2
symmetrical,0,1,1
symmetry,1,5,6
symmie,1,0,1
symmo,1,0,1
symona,1,0,1
symonds,1,4,5
symone,1,3,4
symp,1,0,1
sympa,0,8,8
sympahty,1,0,1
sympathay,0,1,1
sympathectomy,0,1,1
sympathetic,11,4,15
sympatheties,1,0,1
sympathies,46,11,57
sympathieze,1,0,1
sympathique,0,2,2
sympathische,0,2,2
sympathise,26,5,31
sympathize,29,5,34
sympathized,1,0,1
sympathizes,3,1,4
sympathizing,2,0,2
sympathy,121,59,180
sympathys,1,0,1
sympethic,0,1,1
symphathies,1,0,1
symphoney,0,1,1
symphonia,0,2,2
symphonic,1,6,7
symphonics,0,1,1
symphonies,1,1,2
symphony,18,35,53
symphonycms,0,2,2
symphonysoldier,3,1,4
sympoms,1,0,1
symposium,6,5,11
symptom,18,5,23
symptomes,1,0,1
symptoms,160,34,194
symptons,8,0,8
symrin,1,0,1
syms,1,0,1
symx,0,1,1
syn,4,5,9
syna,1,1,2
synaesthesia,1,1,2
synagogue,4,1,5
synapses,1,1,2
synath,0,1,1
synaxon,0,1,1
sync,238,73,311
syncccccc,1,0,1
synccing,1,0,1
syncd,1,0,1
synce,1,1,2
synced,25,12,37
synch,5,5,10
synched,3,1,4
synching,3,2,5
synchro,1,1,2
synchronicities,0,1,1
synchronicity,0,6,6
synchronisation,0,1,1
synchronised,1,3,4
synchronises,1,0,1
synchronization,4,0,4
synchronize,4,3,7
synchronized,0,2,2
synchronizing,1,0,1
synchronous,0,1,1
synchs,1,0,1
syncing,77,25,102
syncopations,0,1,1
syncope,1,0,1
syncra,0,1,1
syncrisis,0,1,1
syncro,0,1,1
syncron,0,1,1
syncronization,0,1,1
syncs,6,5,11
syncsta,0,1,1
synct,0,1,1
synday,0,1,1
syndet,0,1,1
syndey,1,2,3
syndicate,4,4,8
syndicated,2,4,6
syndicates,0,1,1
syndicating,2,0,2
syndication,3,6,9
syndicationfeed,1,0,1
syndie,0,1,1
syndol,1,0,1
syndrom,4,2,6
syndrome,74,51,125
syndrone,0,2,2
synecdoche,4,1,5
synechococcus,1,0,1
synechode,1,0,1
synedoche,0,1,1
synergia,1,0,1
synergies,0,2,2
synergistic,0,1,1
synergistics,0,1,1
synergiums,0,1,1
synergy,4,5,9
synesso,1,0,1
synesthesia,0,1,1
synflex,1,0,1
synflood,1,0,1
syng,1,1,2
synical,1,0,1
synises,1,0,1
synn,0,1,1
synnah,0,1,1
synnex,1,0,1
synod,3,4,7
synoiz,1,0,1
synology,1,1,2
synonomus,0,1,1
synonym,3,1,4
synonymous,0,5,5
synonyms,2,3,5
synopsis,11,13,24
synoptic,7,1,8
synovate,0,1,1
syns,1,0,1
syntactic,0,1,1
syntax,13,18,31
syntaxeditor,0,1,1
syntaxes,0,1,1
syntel,0,1,1
synterra,0,1,1
synth,10,17,27
synthesio,0,1,1
synthesis,1,1,2
synthesizer,0,2,2
synthetic,6,7,13
synthetics,1,0,1
synthh,1,0,1
synthiamusic,1,0,1
synths,2,5,7
synyster,1,1,2
syoerbad,0,1,1
syokk,0,1,1
syoma,0,1,1
syon,1,0,1
syosset,1,0,1
syouwa,0,1,1
syp,2,1,3
sypa,1,0,1
sypathetic,1,0,1
sypathy,0,1,1
sype,0,1,1
syph,1,0,1
syphilis,1,2,3
syphillis,1,0,1
syphon,1,1,2
syprup,1,0,1
syr,0,1,1
syracuse,23,21,44
syracuseeee,1,0,1
syrah,0,8,8
syraylight,0,1,1
syreeta,1,0,1
syren,0,1,1
syria,6,6,12
syrian,0,1,1
syringe,10,1,11
syringed,1,0,1
syringes,3,1,4
syris,0,1,1
syrita,0,1,1
syrmna,0,1,1
syrtaki,0,1,1
syrup,83,99,182
syrupt,1,0,1
syrupy,2,4,6
syrus,0,1,1
sys,22,10,32
sysadmin,3,6,9
sysay,0,1,1
sysem,1,0,1
sysex,1,1,2
sysinternals,0,1,1
syslog,1,0,1
sysplex,0,1,1
systane,1,0,1
system,687,444,1131
systema,1,0,1
systematic,4,2,6
systematically,1,0,1
systematize,0,1,1
systembolaget,0,1,1
systemet,0,1,1
systemic,2,0,2
systemimager,1,0,1
systemized,0,1,1
systemm,0,1,1
systemrequirements,1,0,1
systems,98,60,158
systemsone,0,1,1
systemss,1,0,1
systemupdate,1,0,1
systm,1,0,1
systms,0,1,1
systray,4,0,4
syt,0,2,2
sytcyd,1,0,1
sytem,2,1,3
sytle,0,1,1
syttende,0,1,1
sytycb,0,1,1
sytycd,229,60,289
sytycda,1,1,2
sytywhat,1,0,1
syuddyyin,1,0,1
syugogetten,0,1,1
syukran,0,1,1
syukur,1,4,5
syukuri,0,1,1
syurga,0,1,1
syutingnya,1,0,1
sywawer,1,0,1
syy,0,1,1
syyc,1,0,1
syyyyke,0,1,1
syyyyy,0,1,1
syz,0,1,1
sz,7,17,24
sza,0,1,1
szabi,0,1,1
szavay,1,1,2
szczecin,1,2,3
sze,2,0,2
szechuan,1,2,3
szeen,0,1,1
szeptember,1,0,1
szerencse,0,1,1
szeretlek,1,0,1
szerint,0,1,1
szettben,0,1,1
szi,0,4,4
sziget,2,3,5
szinkron,0,1,1
szo,0,1,1
szohr,0,2,2
szombathely,1,0,1
szr,1,0,1
szsherry,0,1,1
ta,269,411,680
taa,4,4,8
taaaa,0,1,1
taaaaa,0,1,1
taaaaaaaaaaaaaaake,0,1,1
taaaaaaaaaal,0,1,1
taaaaaaaan,1,0,1
taaaaaadinho,1,0,1
taaaaacccooossss,1,0,1
taaaaahhh,0,1,1
taaaaalk,0,1,1
taaaaao,0,1,1
taaaad,0,1,1
taaaag,0,1,1
taaaake,0,1,1
taaaalk,1,1,2
taaaallllll,0,1,1
taaaan,0,1,1
taaaarrrrraaaaaa,1,0,1
taaaasty,0,3,3
taaaat,1,0,1
taaacos,1,0,1
taaahd,0,1,1
taaakes,1,0,1
taaalk,0,1,1
taaalking,0,1,1
taaam,0,1,1
taaan,0,2,2
taaannn,1,0,1
taaawwn,1,0,1
taaayyyuurrd,2,0,2
taachi,1,0,1
taadaa,1,0,1
taah,0,1,1
taak,0,1,1
taaka,1,0,1
taake,0,1,1
taakin,0,1,1
taakinnnggg,1,0,1
taali,0,1,1
taalk,1,0,1
taalllk,1,0,1
taalportfolio,0,1,1
taammmmmbbbbbbbeeeeeeeemmmmmmmmm,0,1,1
taan,1,0,1
taang,0,1,1
taannn,0,1,1
taar,0,1,1
taara,1,0,1
taarnby,1,0,1
taas,1,2,3
taasiaar,1,0,1
taay,1,2,3
tab,70,90,160
taba,2,3,5
tabaachingching,1,0,1
tabacco,1,0,1
tabah,0,1,1
tabanan,0,1,1
tabard,0,1,1
tabards,0,1,1
tabasco,4,8,12
tabata,0,2,2
tabatha,1,0,1
tabb,0,1,1
tabbar,0,1,1
tabbed,4,4,8
tabbee,0,1,1
tabber,1,0,1
tabbetha,1,0,1
tabbing,4,1,5
tabby,14,15,29
tabc,0,2,2
tabchi,1,0,1
tabe,1,1,2
tabea,0,1,1
tabellaria,0,2,2
tabels,0,1,1
tabemasu,0,1,1
tabene,1,0,1
taber,1,1,2
taberenai,1,0,1
tabernacle,2,1,3
tabetha,0,1,1
tabi,5,5,10
tabiat,0,1,1
tabii,0,1,1
tabitca,0,1,1
tabitha,4,8,12
tabithaa,0,1,1
tabj,0,1,1
tabl,0,1,1
table,428,439,867
tableau,0,1,1
tablecloth,0,4,4
tableclothes,0,1,1
tablecloths,1,2,3
tablecoth,1,0,1
tabled,1,0,1
tableeeee,0,1,1
tableless,0,1,1
tables,80,73,153
tableseven,1,0,1
tablesoccer,1,0,1
tablespn,0,1,1
tablespoon,1,0,1
tablespoons,2,1,3
tablespotting,0,1,1
tabless,0,1,1
tablet,73,39,112
tabletop,2,2,4
tabletops,1,1,2
tablets,107,28,135
tableview,0,2,2
tableviewcells,0,1,1
tablighatie,1,0,1
tabling,1,1,2
tablle,1,0,1
tablo,4,4,8
tabloid,8,2,10
tabloids,14,7,21
tabls,0,1,1
tabmix,1,0,1
tabo,0,1,1
taboggan,1,0,1
taboo,6,22,28
taboolie,0,1,1
taboooo,1,0,1
tabor,1,2,3
tabouhli,0,1,1
taboulah,0,1,1
tabrez,0,1,1
tabs,84,51,135
tabtheband,1,0,1
tabtiha,1,0,1
tabu,4,4,8
tabula,1,1,2
tabular,0,1,1
tabulation,1,0,1
tabule,0,1,1
tabulous,0,1,1
tabung,0,2,2
tabuu,1,0,1
tabz,1,1,2
tac,11,24,35
tacchini,0,1,1
taccone,0,1,1
tace,0,1,1
tacey,0,1,1
tach,2,2,4
tache,1,2,3
tachi,0,1,1
tachikawa,0,1,1
tachycardia,4,1,5
tachyon,1,1,2
tacia,1,1,2
tack,10,18,28
tackel,1,0,1
tackey,1,0,1
tackiest,0,3,3
tackiness,1,0,1
tacking,1,4,5
tackl,1,0,1
tackle,57,67,124
tacklebox,0,1,1
tackled,7,14,21
tacklehug,1,0,1
tacklehugged,0,1,1
tacklehugs,0,1,1
tackles,4,7,11
tacklesmooshes,1,0,1
tackling,14,16,30
tackntalk,0,1,1
tackroom,0,1,1
tacks,0,1,1
tacky,16,26,42
tackyest,0,1,1
tacloban,0,1,1
taco,275,312,587
tacobell,9,3,12
tacoma,12,15,27
tacompton,0,1,1
taconeando,1,0,1
tacoooobell,0,1,1
tacoooos,0,1,1
tacoooosssssss,0,1,1
tacooos,0,1,1
tacos,119,194,313
tacoss,0,1,1
tacossss,1,0,1
tacoville,0,1,1
tacoz,1,0,1
tacqueria,0,1,1
tacquitos,1,1,2
tacs,9,6,15
tacsc,1,0,1
tact,3,6,9
tactic,6,8,14
tactical,4,6,10
tactically,0,2,2
tactician,1,0,1
tactics,5,14,19
tactik,0,1,1
tactile,1,2,3
tactilecrm,1,0,1
tactive,0,1,1
tactless,2,0,2
tacuba,0,2,2
tacular,2,0,2
tacvba,1,0,1
tad,171,148,319
tada,3,12,15
tadaaa,0,4,4
tadaaaahhh,1,0,1
tadae,1,0,1
tadah,0,2,2
taday,2,6,8
tadays,1,0,1
tadd,1,0,1
tadddaadadddaa,0,1,1
tade,2,0,2
tadema,0,1,1
tadhana,0,1,1
tadhg,0,1,1
tadi,22,14,36
tadichi,0,1,1
tadiiiiiiiiiii,1,0,1
tadinappropriate,0,1,1
tadinho,4,0,4
tadka,0,1,1
tadla,1,0,1
tadmeister,0,1,1
tado,1,1,2
tadpole,1,3,4
tadpoles,6,2,8
tads,0,2,2
tadtad,1,0,1
tadwanians,0,1,1
tady,2,3,5
tae,23,21,44
taebo,1,1,2
taecyeon,1,0,1
taee,0,1,1
taeget,1,0,1
taek,1,0,1
taekowndo,0,1,1
taeks,1,0,1
taekwando,2,0,2
taekwendo,1,0,1
taekwon,0,4,4
taekwondo,9,5,14
taela,0,1,1
taelah,1,0,1
taemin,3,4,7
taes,0,1,1
taetae,0,1,1
taewondo,1,0,1
taeyang,1,1,2
taeyeon,1,0,1
taf,2,3,5
tafe,34,32,66
taff,2,2,4
taffic,1,0,1
taffitni,1,0,1
taffy,11,5,16
taffys,1,0,1
tafkap,0,1,1
tafshana,0,1,1
taft,7,6,13
taftas,0,1,1
tafya,1,0,1
tag,276,284,560
tagaaaay,0,1,1
tagad,0,2,2
tagal,17,10,27
tagalog,7,22,29
tagalongs,1,1,2
tagaytay,5,19,24
tagboard,0,2,2
tagdef,0,1,1
tage,0,1,1
taged,0,1,1
tagers,0,1,1
tages,0,4,4
tagfoot,1,0,1
tagg,0,1,1
taggart,1,0,1
tagged,29,54,83
tagger,0,1,1
taggers,1,3,4
taggert,0,2,2
taggie,0,1,1
taggin,2,0,2
tagging,30,36,66
taggings,1,0,1
tagihan,0,1,1
tagine,2,1,3
tagits,1,0,1
tagle,2,0,2
tagless,3,1,4
tagliani,1,0,1
tagliatelle,2,1,3
tagliatelli,0,1,1
tagline,2,16,18
taglines,1,2,3
taglocity,0,1,1
tagname,0,1,1
tagore,0,3,3
tags,77,68,145
tagsalers,1,0,1
taguatinga,1,0,1
tagus,1,0,1
tagvhjdsgsafgvhbkdldh,1,0,1
tagwalk,0,1,1
tagyei,1,0,1
tagz,1,0,1
tah,22,22,44
tahab,1,0,1
tahaha,0,1,1
tahahah,0,1,1
tahan,9,2,11
tahap,0,1,1
tahara,0,1,1
tahching,0,1,1
tahdaahh,0,1,1
tahdah,0,1,1
tahday,1,0,1
tahe,1,0,1
taheezy,0,1,1
tahej,0,1,1
tahh,1,2,3
tahigwa,0,1,1
tahimik,3,1,4
tahina,0,1,1
tahini,1,1,2
tahir,1,0,1
tahira,0,1,1
tahiry,2,0,2
tahiti,5,6,11
tahitian,4,1,5
tahj,3,2,5
tahks,0,1,1
tahl,0,1,1
tahlequa,1,0,1
tahlia,2,6,8
tahlias,0,1,1
tahlillan,1,0,1
tahmoh,0,1,1
tahn,0,3,3
tahnee,5,3,8
tahnjs,0,1,1
tahnk,0,2,2
tahnks,0,3,3
tahnx,0,1,1
taho,3,4,7
tahoe,36,16,52
tahoes,1,0,1
tahoma,2,0,2
tahona,0,1,1
tahong,3,0,3
tahou,0,1,1
taht,11,13,24
tahts,3,2,5
tahtss,1,0,1
tahu,3,4,7
tahun,3,2,5
tahune,0,1,1
tahxefkt,0,1,1
tai,66,74,140
taiat,0,1,1
taichi,4,1,5
taichidreams,0,1,1
taichijoke,0,1,1
taichung,1,1,2
taico,1,2,3
taiden,1,0,1
taids,1,0,1
taient,0,1,1
taierd,1,0,1
taiga,1,0,1
taihen,1,0,1
taiiii,0,1,1
taiillll,1,0,1
taiitaii,1,0,1
taiji,2,1,3
taik,1,0,1
taikang,1,0,1
taiki,1,0,1
taiko,2,4,6
tail,118,92,210
tailbacks,3,0,3
tailbone,21,1,22
tailcast,0,1,1
tailcoat,1,0,1
taildragger,0,1,1
tailed,5,12,17
tailer,0,2,2
tailfeather,0,1,1
tailgaiting,2,1,3
tailgate,10,17,27
tailgated,2,1,3
tailgaters,1,0,1
tailgating,3,13,16
tailgatingggggg,0,1,1
tailights,1,0,1
tailing,2,3,5
tailor,7,9,16
tailored,0,7,7
tailoring,2,1,3
tailors,0,3,3
tailpipe,1,0,1
tailrot,1,0,1
tails,14,31,45
tailspin,0,1,1
tailwagging,1,0,1
tailwhip,1,0,1
tailwhips,1,0,1
tailwind,1,0,1
tailwinds,0,3,3
taim,1,0,1
taime,1,2,3
taimoor,1,0,1
tain,2,1,3
taina,2,0,2
tained,0,1,1
taing,1,0,1
taining,0,1,1
taint,3,3,6
tainted,17,11,28
taintedwings,0,1,1
tainting,1,1,2
taints,1,1,2
taipan,1,0,1
taipei,21,22,43
taiping,2,3,5
taiqhttt,0,1,1
taired,0,1,1
tairs,1,0,1
tais,6,5,11
taisam,0,1,1
taisen,1,1,2
taishi,0,1,1
tait,2,1,3
taitra,0,1,1
taits,1,0,1
taitv,1,5,6
taiusshtniane,0,1,1
taiwainese,1,0,1
taiwan,33,49,82
taiwanese,2,15,17
taiwo,1,0,1
taiya,0,1,1
taiyaki,1,1,2
taiyuan,0,2,2
taizhong,0,2,2
taizo,0,1,1
taj,8,13,21
taja,1,5,6
taje,0,1,1
tajh,1,1,2
taji,2,0,2
tajikistan,2,1,3
tajjj,0,1,1
tajon,1,0,1
tajuk,0,1,1
tajur,1,0,1
tak,80,44,124
taka,1,6,7
takada,1,0,1
takadanobaba,0,1,1
takahashi,2,0,2
takaja,0,1,1
takaki,2,1,3
takako,0,2,2
takala,0,1,1
takalua,0,1,1
takamasu,0,1,1
takamichi,0,1,1
takamine,1,2,3
takapuna,0,1,1
takara,0,1,1
takas,0,3,3
takashi,1,2,3
takashimaya,1,1,2
takaw,0,1,1
takbo,0,1,1
takboleh,1,0,1
takd,0,1,1
takda,1,0,1
takde,4,1,5
take,8664,8455,17119
takea,1,1,2
takeaflick,1,0,1
takeaway,28,28,56
takeaways,3,4,7
takecare,3,14,17
takecareofyourmonkeyself,1,0,1
takecarre,0,1,1
takechi,0,1,1
takecinema,0,1,1
takecntrl,0,1,1
taked,3,1,4
takedown,2,2,4
takedowns,0,1,1
takee,0,2,2
takeee,1,1,2
takeeee,1,1,2
takeeeee,0,1,1
takei,1,1,2
takeing,11,3,14
takelonger,0,1,1
takely,0,1,1
takem,0,1,1
takeme,3,0,3
takemeback,1,0,1
takemee,1,0,1
takemitsu,0,1,1
takemiya,1,0,1
taken,1336,792,2128
takening,0,1,1
takenn,0,1,1
takennn,1,0,1
takennnn,0,1,1
takenoko,0,1,1
takenoya,0,1,1
takens,1,0,1
takeoff,7,6,13
takeout,16,16,32
takeouttaxi,1,0,1
takeove,0,1,1
takeover,11,12,23
takeovers,1,0,1
taker,6,5,11
takers,42,48,90
takeru,0,1,1
takes,876,763,1639
takeshi,2,0,2
takesins,0,1,1
takesoftball,1,0,1
takesvery,1,0,1
taketh,4,0,4
takethat,2,6,8
takeuchi,0,1,1
takeum,0,1,1
takew,1,0,1
takeways,1,0,1
takey,1,0,1
takhle,1,0,1
takhsir,1,0,1
taki,1,0,1
takia,1,0,1
takida,0,1,1
takig,1,0,1
takigawa,0,1,1
takign,0,1,1
takikawa,2,0,2
takiko,1,0,1
takin,231,212,443
taking,3162,2794,5956
takingaaronslove,0,1,1
takingbacksunday,0,1,1
takingdonation,1,0,1
takingg,0,1,1
takingits,1,0,1
takings,1,0,1
takinme,1,0,1
takinq,0,4,4
takinqq,1,0,1
takis,1,0,1
takitos,0,2,2
takizawa,0,1,1
takjing,0,1,1
takk,0,8,8
takkeherrie,1,0,1
takkii,1,0,1
takkiii,1,0,1
takkiinggg,0,1,1
takkin,0,1,1
takking,0,2,2
takkkeeeen,1,0,1
takkuuhh,1,0,1
takl,0,1,1
takle,1,2,3
takme,0,1,1
takmo,0,1,1
takn,7,9,16
taknak,1,1,2
takng,2,0,2
taknin,0,1,1
takoma,2,0,2
takomapark,2,0,2
takot,4,0,4
takout,0,1,1
takov,0,3,3
takovej,1,0,1
takovou,1,0,1
takovy,0,1,1
takoyaki,2,5,7
takozvana,1,0,1
takpayah,0,1,1
takpe,1,0,1
takr,1,0,1
takrar,0,1,1
takrat,0,1,1
takraw,0,1,1
taks,8,4,12
taksa,1,0,1
takt,0,1,1
takto,0,1,1
takuma,0,1,1
takut,10,2,12
takutan,0,1,1
takutnya,1,0,1
takuya,1,2,3
taky,1,5,6
takyyyyy,0,1,1
tal,11,33,44
tala,1,1,2
talad,1,0,1
talaga,49,47,96
talagaa,1,0,1
talagaaa,1,0,1
talagaaaa,1,0,1
talagang,5,3,8
talain,1,0,1
talal,1,0,1
talam,0,1,1
talamantez,0,1,1
talamasca,0,1,1
talan,0,1,1
talant,0,2,2
talanted,1,2,3
talapia,0,1,1
talar,0,1,1
talarski,0,1,1
talavera,1,1,2
talay,1,0,1
talaya,0,1,1
talbert,0,1,1
talbos,1,0,1
talbot,7,8,15
talbots,1,2,3
talbotville,0,1,1
talby,0,1,1
talc,2,0,2
talciona,0,1,1
tale,40,55,95
talee,0,2,2
taleeeeeee,1,0,1
taleesha,2,0,2
talei,0,1,1
talen,1,0,1
talena,0,1,1
talend,1,0,1
talened,0,1,1
taleneted,0,1,1
talent,340,613,953
talentadong,0,1,1
talented,103,410,513
talentedd,0,1,1
talentedtuesday,0,1,1
talentequity,0,1,1
talentfull,1,0,1
talenti,1,0,1
talentless,2,2,4
talentnet,0,1,1
talents,9,68,77
talentt,1,0,1
tales,31,47,78
talesfrmsurbs,1,0,1
talet,0,1,1
taley,1,1,2
talga,2,1,3
talgujuhtide,0,1,1
talha,1,0,1
talhia,1,0,1
tali,1,2,3
talia,5,7,12
taliaban,1,0,1
taliah,0,1,1
talian,1,1,2
taliatime,0,1,1
talib,1,3,4
taliban,12,5,17
talibanised,0,2,2
talibano,0,1,1
talie,0,1,1
taligating,0,1,1
talika,0,1,1
talikin,0,1,1
talin,0,1,1
talinda,0,7,7
taling,2,2,4
talink,0,1,1
talinya,1,0,1
talipanan,1,0,1
talipia,1,0,1
talis,0,3,3
talisians,0,1,1
talisker,1,1,2
talit,0,1,1
talita,0,1,1
talitha,1,0,1
tality,0,1,1
taliwang,0,1,1
taliya,1,0,1
taljs,1,0,1
talk,4502,3800,8302
talkability,0,1,1
talkabout,0,1,1
talkage,1,0,1
talkative,16,17,33
talkativee,0,1,1
talkback,3,0,3
talkd,8,2,10
talked,676,537,1213
talkedabout,0,1,1
talken,1,1,2
talker,5,11,16
talkers,2,7,9
talkerz,0,1,1
talkes,1,0,1
talki,1,0,1
talkiative,0,1,1
talkie,3,2,5
talkies,1,3,4
talkig,1,0,1
talkign,3,3,6
talkiing,1,4,5
talkin,277,351,628
talking,2112,2919,5031
talkingbean,0,1,1
talkingg,2,5,7
talkinggg,1,3,4
talkinggggg,0,1,1
talkingggggg,1,0,1
talkingheads,1,0,1
talkingnotdrinking,0,1,1
talkings,1,1,2
talkingsexradio,0,1,1
talkingshop,0,1,1
talkingto,0,1,1
talkingwithtami,0,1,1
talkinh,0,1,1
talkinn,0,1,1
talkinq,2,0,2
talkitive,0,1,1
talkitve,0,1,1
talkk,4,4,8
talkkedd,1,0,1
talkking,0,1,1
talkkk,0,2,2
talkkkk,1,2,3
talkkkkkk,1,0,1
talkkktomeh,0,1,1
talkl,0,1,1
talkn,16,13,29
talkng,3,1,4
talknig,0,2,2
talkofdc,0,1,1
talks,179,178,357
talkshoe,7,3,10
talkshoes,1,0,1
talkshow,1,5,6
talkshows,0,2,2
talksocialnews,0,1,1
talksoon,0,2,2
talksport,0,1,1
talkss,1,0,1
talktalk,4,1,5
talktech,0,1,1
talktime,0,1,1
talkto,0,1,1
talktoyall,0,1,1
talkuin,1,0,1
talky,1,4,5
talkz,1,1,2
tall,143,205,348
talla,0,1,1
talladega,2,4,6
tallaght,1,0,1
tallah,0,1,1
tallahasse,0,1,1
tallahassee,18,5,23
tallahasseeeeee,1,0,1
tallatrashy,1,0,1
tallcree,1,0,1
talldorables,0,1,1
tallebudgera,0,1,1
talledega,1,0,1
tallent,3,1,4
tallented,2,0,2
taller,58,39,97
tallest,6,6,12
talley,0,1,1
talleys,1,0,1
talli,0,1,1
tallica,1,1,2
tallied,2,0,2
talliers,0,1,1
tallies,1,1,2
tallin,0,1,1
talling,0,1,1
tallinn,6,5,11
tallinnas,0,1,1
tallis,1,0,1
tallish,0,1,1
tallk,3,0,3
tallked,0,1,1
tallking,1,2,3
talller,1,0,1
talllking,0,1,1
talllllkkkk,1,0,1
tallon,0,2,2
tallow,1,0,1
tallula,0,1,1
tallulah,3,2,5
tallullah,0,1,1
talluluh,0,1,1
tally,42,19,61
tallyho,1,1,2
tallying,1,0,1
tallysally,0,1,1
talmage,0,1,1
talmbout,0,1,1
talmud,1,0,1
talnet,0,1,1
talneted,0,1,1
talo,2,1,3
talofofo,0,1,1
talon,1,3,4
taloncc,1,0,1
talong,0,2,2
talons,1,2,3
taloon,0,1,1
talooolah,1,0,1
talor,0,2,2
talord,1,0,1
talos,0,2,2
talpa,0,1,1
talpal,0,1,1
tals,1,1,2
taltal,0,1,1
talumpati,0,1,1
talus,1,0,1
talvez,0,3,3
talx,1,0,1
taly,1,0,1
talya,1,0,1
talylor,0,1,1
talyor,0,1,1
talz,1,0,1
tam,28,58,86
tama,3,8,11
tamad,5,2,7
tamaditis,1,0,1
tamagotchi,3,3,6
tamagotching,0,1,1
tamaki,1,5,6
tamal,2,1,3
tamale,5,8,13
tamales,12,8,20
tamalpias,1,0,1
tamam,0,2,2
tamamie,0,1,1
taman,3,4,7
tamana,0,1,1
tamang,1,1,2
tamanikids,0,1,1
tamar,0,3,3
tamara,8,23,31
tamaraaaaa,0,1,1
tamarabraun,0,1,1
tamarack,0,2,2
tamarah,1,0,1
tamarama,2,0,2
tamaras,1,1,2
tamaraws,0,1,1
tamari,1,0,1
tamarind,1,2,3
tamarindo,2,0,2
tamarinds,1,0,1
tamarturnsuk,0,1,1
tamas,0,1,1
tamater,0,1,1
tamati,0,8,8
tamato,1,1,2
tamatoes,1,0,1
tamaulipas,1,1,2
tamayo,1,0,1
tamb,5,2,7
tambah,0,1,1
tambahan,1,0,1
tambak,1,0,1
tambaram,0,1,1
tambarind,0,1,1
tambay,1,1,2
tambem,1,1,2
tamberine,2,0,2
tamberines,0,1,1
tambhram,0,1,1
tambi,0,1,1
tambien,10,7,17
tambo,1,2,3
tamborine,1,4,5
tambourine,2,4,6
tambourines,1,1,2
tambuli,1,0,1
tamburrini,0,1,1
tame,19,26,45
tamed,1,9,10
tameka,5,2,7
tamer,2,2,4
tamera,5,3,8
tames,1,0,1
tamey,1,0,1
tamhis,0,1,1
tami,5,9,14
tamia,2,1,3
tamiflu,11,4,15
tamigotchi,1,0,1
tamika,1,1,2
tamiko,0,1,1
tamil,14,16,30
tamila,0,1,1
tamilians,3,0,3
tamilla,1,0,1
tamils,9,3,12
taming,4,3,7
tamiori,0,1,1
tamizh,2,1,3
taml,0,1,1
tamlin,1,0,1
tamlyn,0,1,1
tammam,0,1,1
tammany,1,1,2
tammey,1,0,1
tammi,1,2,3
tammie,1,2,3
tammmy,0,1,1
tammy,21,41,62
tammybruce,0,1,1
tammyinator,0,1,1
tamo,0,1,1
tamon,2,0,2
tamorettis,1,0,1
tamos,1,0,1
tamothy,1,0,1
tamp,4,1,5
tampa,139,99,238
tampan,1,0,1
tampax,1,0,1
tamper,1,2,3
tamperament,1,0,1
tamperd,1,0,1
tampere,3,2,5
tampered,1,0,1
tampering,2,0,2
tampers,1,0,1
tampico,0,1,1
tampin,1,0,1
tampines,4,9,13
tampiness,0,1,1
tamplete,1,0,1
tampo,1,0,1
tampoco,1,1,2
tampol,0,1,1
tampon,4,1,5
tampons,9,1,10
tamponz,0,1,1
tampopo,0,2,2
tamralea,1,0,1
tamrom,0,1,1
tamron,7,2,9
tamronhall,0,1,1
tams,18,32,50
tamsen,0,2,2
tamsin,1,2,3
tamster,0,2,2
tamsyn,0,1,1
tamtitty,0,1,1
tamtom,1,0,1
tamu,1,1,2
tamura,0,1,1
tamworth,3,2,5
tamy,0,1,1
tamyra,0,1,1
tamz,1,5,6
tamzin,2,0,2
tan,713,794,1507
tanabe,1,0,1
tanable,1,0,1
tanaborne,1,0,1
tanach,1,0,1
tanacity,1,0,1
tanagra,0,1,1
tanah,1,1,2
tanais,0,1,1
tanaisg,0,1,1
tanak,1,1,2
tanaka,1,2,3
tanam,0,1,1
tananananana,0,1,1
tanapolis,1,0,1
tanaris,1,1,2
tanasaurus,1,0,1
tanatalisingly,1,0,1
tanato,1,0,1
tanauan,0,1,1
tanay,0,1,1
tanaya,0,1,1
tancast,1,0,1
tance,0,1,1
tand,0,1,1
tanda,1,0,1
tandarts,1,0,1
tandav,1,0,1
tande,1,0,1
tandem,7,21,28
tandems,0,1,1
tandon,0,1,1
tandoor,1,1,2
tandoori,2,6,8
tandori,1,0,1
tandpasta,0,1,1
tandy,3,2,5
tane,0,2,2
tanea,1,0,1
tanemura,0,1,1
tanene,1,0,1
taner,1,0,1
tanesha,0,1,1
tanfo,0,1,1
tanforan,0,3,3
tang,19,26,45
tanga,2,1,3
tangan,3,0,3
tanganku,1,0,1
tangela,0,1,1
tangelos,1,0,1
tangent,0,4,4
tangentially,1,0,1
tanger,0,1,1
tangerang,0,2,2
tangere,1,0,1
tangerine,7,12,19
tangerines,0,1,1
tangeroa,0,1,1
tangers,0,1,1
tangfasticgnammy,0,1,1
tangfastics,2,3,5
tanggal,4,6,10
tanggan,1,0,1
tanggung,2,0,2
tanghali,0,1,1
tanghaling,1,0,1
tangherlini,1,0,1
tangible,1,7,8
tangibly,0,1,1
tangielou,0,1,1
tangier,1,1,2
tangina,1,0,1
tangle,2,5,7
tangled,12,10,22
tangler,1,0,1
tangles,1,2,3
tangletree,0,1,1
tanglewood,0,1,1
tangli,0,1,1
tanglin,0,2,2
tangling,1,1,2
tangly,1,0,1
tango,37,52,89
tangodance,0,1,1
tangoed,0,2,2
tangogps,1,0,1
tangomonium,1,0,1
tangoo,0,1,1
tangooo,0,1,1
tangothursdays,2,0,2
tangrowth,0,1,1
tangs,1,1,2
tanguera,0,1,1
tangulo,0,1,1
tangy,4,5,9
tanha,0,1,1
tanhaaiyon,1,0,1
tani,4,2,6
tania,5,16,21
taniaa,0,1,1
taniaaa,0,1,1
taniaaaaaaa,0,1,1
tanib,1,0,1
tanic,0,1,1
tanight,0,1,1
taniia,0,1,1
tanin,2,0,2
taning,2,2,4
tanis,1,0,1
tanisha,0,1,1
tanit,0,1,1
tanita,0,1,1
tanite,1,1,2
tanitee,1,0,1
tanith,0,1,1
taniyah,1,0,1
tanizaki,2,0,2
tanj,2,0,2
tanja,4,0,4
tanjee,0,1,1
tanjong,1,2,3
tanjoubi,0,1,1
tanjung,0,1,1
tank,248,168,416
tanka,1,3,4
tankabar,1,0,1
tankagame,0,1,1
tankard,2,1,3
tanked,7,9,16
tanker,2,1,3
tankety,2,0,2
tankian,0,1,1
tanking,4,1,5
tankini,2,3,5
tankiu,0,1,1
tanknspank,1,0,1
tankoos,0,1,1
tanks,40,44,84
tanktop,1,5,6
tanktops,1,0,1
tanky,1,1,2
tankyou,0,1,1
tankyy,1,0,1
tanline,3,2,5
tanlined,1,0,1
tanlines,2,4,6
tann,3,6,9
tanna,0,1,1
tannage,1,1,2
tannah,1,0,1
tanned,52,74,126
tanner,27,31,58
tannerezell,1,0,1
tannerr,0,1,1
tanners,5,5,10
tannerz,1,0,1
tanness,1,1,2
tannest,1,0,1
tannice,0,1,1
tannin,9,5,14
tanning,196,288,484
tanninga,1,0,1
tanningbed,0,1,1
tanningg,0,2,2
tanninggg,1,1,2
tanningggg,1,0,1
tannins,1,0,1
tannn,0,7,7
tannnned,0,1,1
tannnnn,0,4,4
tannnnning,0,1,1
tannnnnn,1,0,1
tannoudji,0,1,1
tannoy,1,1,2
tannwick,0,1,1
tannyyyy,0,1,1
tano,1,0,1
tanong,0,1,1
tanoshii,0,1,1
tanoshiiiiiiiiiiiiiiii,0,1,1
tanoshimi,0,1,1
tanoshinde,0,1,1
tanoy,1,0,1
tanpa,3,2,5
tanpinpuk,0,1,1
tanqueray,0,1,1
tans,14,13,27
tanslate,0,1,1
tanslator,0,1,1
tanstaafl,0,1,1
tansunia,0,1,1
tanswer,0,1,1
tant,2,6,8
tanta,0,2,2
tantalizing,1,3,4
tantalizingly,0,1,1
tantamount,1,2,3
tantan,1,1,2
tantantan,0,1,1
tantas,1,1,2
tantasic,1,0,1
tante,5,4,9
tanto,14,3,17
tantor,1,0,1
tantra,2,1,3
tantrum,45,10,55
tantruming,1,0,1
tantrums,8,12,20
tantrumz,1,0,1
tanturm,1,0,1
tanty,4,0,4
tanuki,1,0,1
tanusagarn,1,0,1
tanx,2,4,6
tany,1,0,1
tanya,29,42,71
tanyaaa,1,0,1
tanyaaaaaaaa,0,1,1
tanyaax,1,0,1
tanyahhhhh,1,0,1
tanyas,1,2,3
tanz,2,2,4
tanzania,4,6,10
tanzanians,0,1,1
tanzee,0,1,1
tanzhaus,0,1,1
tanzmanian,1,0,1
tao,22,21,43
taobao,0,2,2
taoism,0,1,1
taoist,0,1,1
taoists,0,1,1
taooonnnn,0,1,1
taos,0,4,4
tap,135,182,317
tapa,0,1,1
tapan,1,0,1
tapas,8,26,34
tapat,1,1,2
tapate,1,0,1
tapatia,1,0,1
tapatilo,0,1,1
tapatio,4,1,5
tapau,0,1,1
tapauing,1,0,1
tapazole,1,0,1
tapdancing,0,1,1
tape,215,197,412
taped,38,28,66
tapedeck,0,1,1
tapedrive,1,0,1
tapenade,1,0,1
taper,9,7,16
taperadio,0,1,1
tapered,1,1,2
tapering,2,2,4
taperna,1,0,1
taperred,0,1,1
tapers,1,1,2
tapes,25,30,55
tapescript,1,0,1
tapestry,1,2,3
tapeworm,4,0,4
tapeworms,1,0,1
tapex,1,0,1
taphouse,0,2,2
tapi,53,23,76
tapia,0,1,1
tapiii,1,1,2
tapinade,0,1,1
taping,44,38,82
tapings,6,0,6
tapinya,2,0,2
tapioca,12,7,19
tapiocahouse,0,1,1
tapir,1,2,3
tapirs,2,0,2
tapit,0,1,1
tapitio,0,1,1
taplak,1,0,1
taplow,0,1,1
tapos,8,14,22
tapout,2,0,2
tapp,3,0,3
tappahannock,0,1,1
tappan,1,1,2
tapped,11,12,23
tapper,3,3,6
tappering,0,1,1
tapperney,1,0,1
tappin,0,1,1
tapping,20,17,37
tappingfriday,0,1,1
tapple,0,1,1
tapps,1,2,3
tappsaff,1,0,1
tappy,0,1,1
tapri,0,2,2
taproom,1,0,1
taps,15,13,28
tapscott,0,2,2
tapsilog,1,2,3
tapsy,1,0,1
tapt,1,0,1
taptap,1,4,5
taptaptapping,0,1,1
tapulous,1,0,1
tapusin,0,1,1
tapwater,1,0,1
tapx,0,1,1
taq,1,0,1
taqa,0,1,1
taqeria,0,1,1
taqin,1,0,1
taqueria,2,2,4
taquerias,1,0,1
taquilla,0,1,1
taquito,3,3,6
taquitoes,0,1,1
taquitos,3,2,5
tar,22,32,54
tara,69,91,160
taraaa,0,1,1
taraaaahhh,1,0,1
tarabethw,0,1,1
tarados,0,1,1
taraface,0,1,1
taragon,1,0,1
tarah,1,2,3
tarakihi,1,1,2
taram,0,1,1
taramasalata,2,0,2
taran,0,1,1
tarana,0,1,1
taranchula,0,1,1
tarand,1,0,1
taranis,1,0,1
taranta,1,0,1
tarantan,0,1,1
tarantella,0,1,1
tarantino,0,14,14
tarantula,4,5,9
tarantulas,3,0,3
tararenee,1,0,1
taras,0,4,4
tarascos,1,0,1
tarasutphen,0,1,1
taratino,0,1,1
taravella,0,1,1
taraw,0,1,1
tarball,0,1,1
tarbert,1,0,1
tarboro,0,1,1
tarbucks,0,1,1
tarby,0,1,1
tarcey,1,0,1
tarcher,0,1,1
tarcin,0,1,1
tarcy,1,0,1
tard,14,20,34
tarda,0,2,2
tardan,1,0,1
tarde,15,36,51
tarded,2,0,2
tardes,1,8,9
tardetwitteiros,0,1,1
tardi,0,1,1
tardiness,2,0,2
tardinhas,0,1,1
tardis,4,11,15
tards,4,8,12
tardy,6,3,9
tare,5,11,16
tarea,4,3,7
tareas,3,0,3
tared,1,0,1
taree,1,1,2
tareeinternet,2,0,2
tareeka,0,1,1
tarek,0,4,4
taren,1,0,1
tarentino,0,1,1
tarffic,1,0,1
targ,0,1,1
targa,0,1,1
target,256,295,551
targeted,8,7,15
targeting,5,9,14
targets,13,17,30
targetted,1,4,5
targetting,0,1,1
targetttttt,0,1,1
targo,1,0,1
targt,1,0,1
targurile,0,1,1
targus,0,1,1
tarha,1,1,2
tarheel,1,2,3
tarheels,1,3,4
tari,2,1,3
tarifa,0,1,1
tariff,5,3,8
tariffs,1,1,2
tarii,0,1,1
tarik,3,4,7
tarikh,0,1,1
tarikk,0,1,1
tariks,1,0,1
tarina,1,3,4
tarino,0,1,1
tariq,4,1,5
taris,0,1,1
tarisa,1,0,1
tarix,1,0,1
tariyaki,1,0,1
tarj,0,1,1
tarja,0,1,1
tarjay,0,2,2
tark,0,1,1
tarka,2,0,2
tarkan,0,2,2
tarkovsky,1,0,1
tarlac,1,3,4
tarlek,0,1,1
tarleton,0,1,1
tarlow,0,1,1
tarmac,17,2,19
tarmack,0,1,1
tarn,0,2,2
tarnee,1,0,1
tarnish,0,2,2
tarnished,5,1,6
taro,6,6,12
taronga,0,1,1
tarot,10,30,40
tarotscope,0,1,1
tarotttttt,1,0,1
tarotwise,0,1,1
tarp,6,5,11
tarpar,1,0,1
tarpaulin,0,1,1
tarpeach,0,1,1
tarped,1,0,1
tarpipe,1,1,2
tarpit,1,0,1
tarpon,0,4,4
tarporley,1,0,1
tarps,1,2,3
tarra,3,0,3
tarragona,0,1,1
tarrah,0,1,1
tarrantino,0,1,1
tarred,1,1,2
tarrif,1,0,1
tarro,0,1,1
tarrot,0,1,1
tarrrrjay,0,1,1
tarryn,2,2,4
tarrytown,1,1,2
tars,2,0,2
tarse,0,1,1
tarsier,3,2,5
tarsnap,0,1,1
tart,30,49,79
tartakovsky,0,1,1
tartan,6,4,10
tartar,1,4,5
tartare,0,2,2
tarte,4,4,8
tarted,1,0,1
tarten,0,1,1
tartes,0,1,1
tartiflette,1,0,1
tartine,1,1,2
tarting,1,0,1
tartousa,0,1,1
tartrwydd,1,0,1
tarts,32,46,78
tartshapedbox,0,1,1
tartu,2,5,7
tartuffe,1,0,1
taru,0,1,1
taruc,1,0,1
taruh,0,1,1
tarumorales,0,1,1
tarunanusantara,0,1,1
tarver,0,2,2
taryll,1,0,1
taryn,10,14,24
tarynn,0,1,1
tarynnn,1,0,1
taryns,1,0,1
tarz,0,1,1
tarzan,7,7,14
tarzana,0,1,1
tas,8,13,21
tasauds,1,0,1
tasc,0,1,1
tasca,1,2,3
tascam,1,0,1
tascawinebar,0,1,1
tase,0,1,1
tasek,1,0,1
tasenoo,1,0,1
taser,5,5,10
tasering,1,0,1
tasers,1,1,2
taset,1,0,1
tasety,0,1,1
tasg,1,0,1
tash,13,24,37
tasha,24,55,79
tashaa,1,1,2
tashafadi,0,1,1
tashar,0,1,1
tasharr,1,0,1
tashas,2,2,4
tashbash,0,1,1
tashh,0,1,1
tashhhhhh,1,0,1
tashi,1,2,3
tashia,1,0,1
tashie,1,0,1
tashiepoop,0,1,1
tashika,1,0,1
tashkent,1,0,1
tasho,1,0,1
tashy,0,2,2
tasi,0,1,1
tasia,0,3,3
tasik,0,1,1
tasikmalaya,1,0,1
tasitc,0,1,1
task,165,131,296
taskbar,15,5,20
taskcue,0,1,1
taske,1,0,1
tasked,1,0,1
tasker,1,13,14
taskforce,0,1,1
taskin,0,1,1
tasking,13,48,61
taskinq,0,1,1
taskman,0,1,1
taskmanager,1,0,1
taskmaster,0,1,1
tasks,75,74,149
taskset,0,1,1
tasktime,0,1,1
taskwriter,0,1,1
tasma,1,0,1
tasman,1,0,1
tasmania,5,17,22
tasmaniaa,0,1,1
tasmanian,0,1,1
tasmanians,0,1,1
tasmin,0,1,1
tasnim,1,1,2
tasnte,1,0,1
tasnya,0,1,1
taspoly,0,1,1
tass,1,0,1
tassel,2,2,4
tassi,0,1,1
tassie,7,9,16
tassiee,1,0,1
tassimo,0,2,2
tassle,1,2,3
tasso,0,1,1
tassy,0,1,1
tast,7,7,14
tastatur,0,1,1
taste,618,803,1421
tasteas,1,0,1
tastebuds,4,5,9
tastecamp,1,1,2
tastecasters,1,0,1
tastecasting,1,2,3
tasted,114,84,198
tastee,2,1,3
tastefringe,1,0,1
tasteful,2,5,7
tastefull,0,1,1
tastefully,1,4,5
tastehh,0,1,1
tasteing,1,0,1
tasteittv,0,1,1
tasteless,12,6,18
tastelondon,2,0,2
taster,5,4,9
tastes,241,238,479
tastespotting,0,1,1
tastey,2,2,4
tasteyyyyyyyyyyyyyy,1,0,1
tastful,0,1,1
tasti,0,1,1
tastic,15,33,48
tastically,0,1,1
tastie,0,1,1
tastier,2,11,13
tastiest,4,2,6
tasting,77,110,187
tastings,0,4,4
tastless,1,0,1
tasts,1,0,1
tastumi,0,1,1
tasty,141,333,474
tastykake,1,0,1
tastykakes,1,2,3
tastytwosome,0,1,1
tastyyy,0,1,1
tastyyyyyyy,0,1,1
tasy,0,2,2
tasyte,0,1,1
tat,136,127,263
tata,15,25,40
tataa,0,1,1
tataindicom,0,1,1
tataing,1,0,1
tatakas,1,0,1
tataki,0,1,1
tatal,0,1,1
tatally,1,1,2
tatami,2,1,3
tatanggalin,0,1,1
tatango,2,2,4
tatarata,0,2,2
tataratata,0,1,1
tatas,3,3,6
tatasky,0,1,1
tatau,0,1,1
tatay,7,2,9
tatd,0,1,1
tate,11,19,30
tatek,1,0,1
tatelbaum,0,1,1
tateonthereal,0,1,1
tater,9,18,27
taters,7,8,15
tatertot,1,0,1
tatertots,1,0,1
tates,0,2,2
tatha,1,0,1
tather,1,0,1
tati,7,7,14
tatiana,8,10,18
tatianas,1,1,2
tatiano,1,0,1
tatiiiii,1,0,1
tatin,0,1,1
tational,0,1,1
tatis,0,1,1
tatiz,0,1,1
tatjana,1,3,4
tatjanatweet,1,0,1
tatkaal,1,0,1
tatkal,3,1,4
tatle,1,0,1
tatler,1,1,2
tatlo,2,0,2
tato,2,3,5
tatoes,0,1,1
tatoo,12,15,27
tatooed,0,2,2
tatooh,0,1,1
tatooine,1,0,1
tatooist,0,1,1
tatoos,0,8,8
tator,2,3,5
tators,1,2,3
tatort,3,2,5
tatou,1,1,2
tatras,0,2,2
tats,25,38,63
tatse,1,1,2
tatses,0,1,1
tatste,0,1,1
tatsu,0,1,1
tatsujin,0,2,2
tatsunoko,0,1,1
tatsuya,0,1,1
tatt,16,23,39
tattas,1,0,1
tatte,0,1,1
tatted,10,12,22
tatteddddd,0,1,1
tatter,0,1,1
tattered,2,0,2
tatters,2,2,4
tatti,0,1,1
tattie,0,1,1
tatties,0,2,2
tattin,0,1,1
tattiness,1,0,1
tatting,0,1,1
tattle,0,1,1
tattletale,1,1,2
tatto,6,4,10
tattoed,1,5,6
tattoes,0,1,1
tatton,1,1,2
tattoo,323,430,753
tattood,2,1,3
tattooed,19,24,43
tattooedpeopledoesitbetter,0,1,1
tattooin,1,0,1
tattooing,4,4,8
tattooist,2,1,3
tattooists,0,1,1
tattooo,0,2,2
tattoooless,1,0,1
tattoooo,0,3,3
tattooooo,1,0,1
tattoooooo,0,1,1
tattooooooooo,0,1,1
tattoos,58,111,169
tattooz,0,1,1
tattos,2,3,5
tatts,9,9,18
tattslotto,1,0,1
tatttoo,1,0,1
tatttttoooo,0,1,1
tatturrs,0,1,1
tatty,2,2,4
tatu,2,1,3
tatuaje,0,2,2
tatuarte,0,1,1
tatum,6,18,24
tatums,1,0,1
tatuo,0,1,1
tatuy,0,1,1
tatw,2,3,5
taty,1,1,2
tatymichellexo,0,1,1
tau,33,31,64
taub,4,0,4
taubenfeld,2,2,4
tauber,0,1,1
taubertal,0,1,1
tauco,1,0,1
taufik,3,1,4
taufiq,0,1,1
taug,0,1,1
taugh,1,1,2
taught,126,179,305
tauk,1,0,1
taulking,0,1,1
taum,0,1,1
taumboutchu,0,1,1
taun,1,4,5
tauni,0,1,1
taunn,0,1,1
taunt,14,1,15
taunted,4,1,5
taunting,26,6,32
taunton,1,4,5
taunts,3,0,3
tauny,0,1,1
taunya,1,0,1
taupe,3,1,4
taupo,0,1,1
taur,0,1,1
taura,0,1,1
tauranga,0,3,3
taurasi,0,1,1
taurean,0,1,1
tauren,3,3,6
taurendruidsadface,1,0,1
taurian,0,1,1
taurino,0,1,1
taurus,11,16,27
tauruses,0,1,1
taus,0,1,1
tausala,1,0,1
tausha,0,1,1
taut,0,3,3
tauting,1,0,1
tautolgy,1,0,1
tautology,0,1,1
tautou,0,2,2
tav,3,4,7
tava,2,3,5
tavadooooooo,1,0,1
tavares,0,5,5
tave,1,1,2
taven,0,1,1
tavener,0,1,1
tavenu,0,1,1
tavern,15,24,39
taverna,2,1,3
tavernas,0,1,1
taverne,1,0,1
taverns,0,1,1
tavernwenchfriday,1,0,1
tavi,1,0,1
tavie,0,3,3
taviem,1,0,1
tavington,0,1,1
tavis,1,2,3
tavish,1,0,1
tavistock,0,2,2
tavona,1,0,1
tavux,0,1,1
taw,2,1,3
tawa,0,3,3
tawaf,2,0,2
tawag,1,0,1
tawagan,1,0,1
tawakal,0,1,1
tawakkal,0,1,1
tawana,1,0,1
tawang,0,2,2
tawas,0,1,1
tawata,1,0,1
tawau,1,0,1
tawfiq,1,0,1
tawiah,0,1,1
tawk,1,0,1
tawkd,1,0,1
tawkin,3,0,3
tawkn,0,1,1
tawlk,0,1,1
tawlkin,0,1,1
tawn,0,2,2
tawna,1,1,2
tawne,1,0,1
tawney,1,0,1
tawni,1,3,4
tawnie,0,1,1
tawny,4,3,7
tawnyheath,0,1,1
tawnyheathi,0,1,1
tawonga,1,0,1
tawsha,0,2,2
tawt,3,0,3
tawton,0,1,1
tax,246,138,384
taxa,0,1,1
taxation,6,2,8
taxback,1,0,1
taxcalc,0,1,1
taxco,0,1,1
taxd,1,0,1
taxdisc,1,0,1
taxed,4,6,10
taxes,93,42,135
taxi,173,93,266
taxiball,0,1,1
taxicab,0,1,1
taxidermist,0,1,1
taxidermy,2,2,4
taxiing,1,0,1
taximde,0,1,1
taximeter,1,0,1
taxin,1,0,1
taxing,6,4,10
taxis,7,5,12
taxman,3,1,4
taxonomy,3,2,5
taxpayer,3,1,4
taxpayers,4,2,6
taxpaying,0,1,1
taxs,1,0,1
taxxxxx,1,0,1
tay,64,113,177
taya,4,2,6
tayaabs,1,0,1
tayah,1,1,2
tayalor,0,1,1
tayane,3,0,3
tayangku,0,1,1
tayari,1,0,1
tayb,0,1,1
taybarns,1,0,1
tayberry,1,0,1
tayce,1,0,1
taycob,2,0,2
taycrazie,0,1,1
taye,0,3,3
tayeb,1,0,1
tayed,1,0,1
tayg,2,7,9
tayho,5,0,5
taying,1,1,2
tayk,1,1,2
tayking,1,0,1
tayl,0,1,1
tayla,4,6,10
taylah,0,4,4
taylar,1,1,2
taylas,1,0,1
taylena,8,6,14
tayler,3,2,5
taylerrrrr,0,1,1
taylie,1,1,2
taylin,0,2,2
taylloor,0,1,1
taylo,0,1,1
taylon,0,1,1
tayloooor,0,1,1
taylor,547,1101,1648
taylorbear,0,1,1
taylorboy,0,1,1
taylore,0,1,1
taylorfag,0,1,1
taylorfied,1,0,1
taylorfrickinglautner,0,1,1
taylorgenovese,1,0,1
taylorham,0,1,1
taylorians,0,1,1
taylorlautner,2,3,5
taylormade,0,1,1
taylormomsen,0,1,1
taylormosher,0,1,1
taylorr,0,4,4
taylorrhicks,0,1,1
taylorriot,0,1,1
taylorrmarshall,0,1,1
taylorrr,1,4,5
taylorrrr,1,3,4
taylors,15,22,37
taylorswift,3,5,8
tayloryork,0,1,1
taylorz,1,0,1
taylour,2,0,2
taylovemountaindew,0,1,1
taylr,0,1,1
taymo,1,0,1
tayne,0,1,1
tayo,15,31,46
tayon,1,0,1
tayong,5,12,17
tayor,0,1,1
tayra,0,1,1
tays,2,3,5
taysdens,0,1,1
tayside,0,1,1
taysteyness,0,1,1
tayswif,0,1,1
tayswift,1,2,3
taytay,3,7,10
taytaydump,1,0,1
tayter,0,2,2
tayto,2,1,3
taytur,0,1,1
tayuman,0,1,1
tayurrrd,1,0,1
tayy,1,0,1
tayyabs,0,1,1
tayyar,0,1,1
tayyib,1,0,1
tayyibahhhhhhhh,0,1,1
tayylor,0,2,2
tayys,0,1,1
tayytayyy,0,1,1
tayyy,0,4,4
taz,8,8,16
taza,1,2,3
tazar,0,1,1
tazcast,0,1,1
taze,1,0,1
tazed,0,1,1
tazer,1,3,4
tazmania,1,0,1
tazo,1,6,7
tazy,0,1,1
tazz,0,1,1
tazza,1,0,1
tazzbo,0,1,1
tazzered,0,1,1
tazzies,0,1,1
tazzu,0,1,1
tazzy,1,1,2
tb,80,91,171
tba,8,4,12
tbac,1,0,1
tback,1,0,1
tbag,1,0,1
tbaggerrrr,0,1,1
tball,6,5,11
tbar,1,1,2
tbarcamp,2,1,3
tbat,0,1,1
tbaytel,1,0,1
tbbmeter,1,0,1
tbbp,1,0,1
tbbt,4,4,8
tbc,11,9,20
tbd,3,7,10
tbe,1,5,6
tbell,4,3,7
tbem,1,1,2
tberry,1,0,1
tbey,1,0,1
tbf,14,4,18
tbfe,1,0,1
tbff,2,1,3
tbfs,0,1,1
tbg,1,0,1
tbgala,0,1,1
tbgt,0,1,1
tbh,278,168,446
tbhhh,1,0,1
tbhhhh,1,0,1
tbi,3,1,4
tbia,0,1,1
tbilisi,0,2,2
tbilnewmedia,1,0,1
tbim,1,0,1
tbird,0,1,1
tbirds,0,1,1
tbis,1,1,2
tbitten,0,1,1
tbl,3,2,5
tblank,1,0,1
tble,1,0,1
tblsp,1,0,1
tbm,5,6,11
tbmiaavatar,0,1,1
tbn,3,3,6
tbo,1,3,4
tbol,0,1,1
tbone,0,3,3
tboner,1,0,1
tbones,2,4,6
tbotw,1,0,1
tbought,1,0,1
tboy,1,1,2
tboyman,1,0,1
tbozfanpage,0,1,1
tbp,4,0,4
tbpid,1,2,3
tbpr,0,1,1
tbpw,1,0,1
tbqh,3,4,7
tbr,2,1,3
tbrah,1,0,1
tbreak,0,1,1
tbrs,0,1,1
tbs,76,81,157
tbsc,0,1,1
tbsm,0,1,1
tbsn,1,0,1
tbsp,2,1,3
tbspn,1,0,1
tbt,0,1,1
tbu,0,1,1
tbuzz,1,3,4
tbw,0,1,1
tbyg,0,4,4
tc,59,101,160
tca,27,31,58
tcabeen,1,0,1
tcaf,3,0,3
tcas,2,2,4
tcb,0,3,3
tcbl,1,0,1
tcby,1,1,2
tcc,1,5,6
tcd,0,2,2
tcdc,1,0,1
tce,1,2,3
tcea,0,1,1
tceee,0,1,1
tcf,3,0,3
tcg,3,1,4
tcgina,1,0,1
tcgs,1,1,2
tch,33,33,66
tcha,1,2,3
tchaik,1,0,1
tchaikovsky,0,3,3
tchaives,1,0,1
tchau,6,9,15
tche,1,0,1
tcheatonme,1,0,1
tchefuncte,1,0,1
tchek,0,1,1
tchen,1,1,2
tches,4,5,9
tchez,0,1,1
tchibo,2,0,2
tchin,0,2,2
tching,2,0,2
tchliek,1,0,1
tchng,1,0,1
tchnology,0,1,1
tchow,0,1,1
tchr,4,1,5
tchrs,0,1,1
tchs,1,1,2
tchu,1,0,1
tchuns,1,0,1
tchururu,0,1,1
tchy,2,1,3
tci,1,2,3
tck,2,1,3
tckts,1,0,1
tcl,1,1,2
tcm,7,11,18
tcnj,1,0,1
tco,3,2,5
tcob,3,0,3
tcol,1,0,1
tcot,34,129,163
tcotw,0,4,4
tcourts,0,1,1
tcp,6,6,12
tcr,1,2,3
tcs,5,0,5
tct,1,1,2
tcu,3,4,7
tcv,0,1,1
tcw,0,1,1
tcwahgni,0,1,1
tcwckg,1,0,1
td,85,40,125
tda,6,0,6
tdai,2,1,3
tdaii,1,0,1
tdash,1,0,1
tday,42,23,65
tdays,0,2,2
tdayy,1,2,3
tdb,0,1,1
tdbank,0,1,1
tdc,3,10,13
tdcag,1,0,1
tdd,3,5,8
tde,0,1,1
tdealiththisshit,1,0,1
tdealwiththisshit,1,0,1
tdeck,0,1,1
tdf,6,13,19
tdfwm,0,1,1
tdg,0,3,3
tdh,0,1,1
tdi,8,2,10
tdien,0,1,1
tdienai,0,1,1
tdk,2,4,6
tdl,1,0,1
tdm,2,1,3
tdmstr,0,1,1
tdny,1,0,1
tdnya,2,0,2
tdo,3,0,3
tdoo,1,0,1
tdoq,1,0,1
tdort,1,0,1
tdot,12,9,21
tdoto,1,0,1
tdp,0,2,2
tdr,3,3,6
tdrb,0,1,1
tds,2,3,5
tdsb,1,0,1
tdseurope,0,1,1
tdtn,0,1,1
tdtwwa,1,0,1
tdu,0,2,2
tdubs,1,0,1
tdukes,0,1,1
tdur,1,0,1
tdwp,1,4,5
tdy,11,5,16
te,178,237,415
tea,1457,2060,3517
teaa,1,1,2
teaaa,1,0,1
teaaaa,1,1,2
teaaaaa,0,1,1
teaaaaaaaar,1,0,1
teaaaccchh,1,0,1
teaam,0,1,1
teaand,1,0,1
teaar,2,0,2
teabag,6,0,6
teabagdad,0,1,1
teabagged,2,3,5
teabagging,3,6,9
teabaggs,0,1,1
teabaggt,0,1,1
teabags,2,5,7
teabiscuits,1,0,1
teabreak,0,1,1
teabunny,1,0,1
teac,1,0,1
teacake,4,1,5
teacakes,0,1,1
teacdh,0,1,1
teach,299,458,757
teacha,2,0,2
teachaes,0,1,1
teachaz,1,0,1
teached,0,2,2
teacheers,1,0,1
teacher,532,501,1033
teacheres,1,0,1
teachers,183,140,323
teacherss,1,0,1
teachertuesday,0,4,4
teachery,0,1,1
teacheryness,1,0,1
teacherz,3,0,3
teaches,18,21,39
teachh,1,0,1
teachier,0,1,1
teachiing,0,1,1
teachin,6,2,8
teaching,199,296,495
teachings,0,4,4
teachme,0,1,1
teachmeet,1,1,2
teachn,1,1,2
teachng,1,0,1
teachr,1,0,1
teachs,1,2,3
teachtec,1,1,2
teacosy,0,1,1
teacup,4,12,16
teacups,1,3,4
teadies,0,1,1
teadot,1,0,1
teadrops,1,0,1
teady,0,1,1
teadys,1,0,1
teafu,0,1,1
teagan,2,4,6
teagarden,0,1,1
teagen,1,0,1
teags,1,0,1
teagster,0,1,1
teague,2,0,2
teah,1,0,1
teahcer,1,0,1
teahching,0,1,1
teahouse,2,4,6
teahupoo,0,1,1
teaimeyou,0,1,1
teaing,1,0,1
teairra,2,2,4
teak,1,1,2
teakettle,0,1,1
teakwando,0,1,1
teakwoods,0,1,1
teal,6,10,16
tealights,1,0,1
tealou,0,1,1
teals,2,1,3
tealuxe,1,0,1
team,1190,1630,2820
teamageddon,1,0,1
teamarchie,1,0,1
teamates,1,3,4
teamawesome,2,0,2
teamblg,1,0,1
teambritney,2,1,3
teambuilding,3,1,4
teamcamp,1,0,1
teamcarlisle,0,1,1
teamcity,0,1,1
teamcyrus,0,1,1
teamd,0,1,1
teamdemi,1,2,3
teamdiary,0,1,1
teame,0,1,1
teamed,1,3,4
teamedward,0,1,1
teamers,1,2,3
teamflakey,0,2,2
teamftsk,5,0,5
teamfundays,1,0,1
teamgirls,1,0,1
teamhypemuscle,0,1,1
teamies,0,1,1
teaming,0,7,7
teamjacob,0,1,1
teamjon,0,1,1
teamjonas,1,3,4
teamjosephj,1,0,1
teamm,0,2,2
teammanila,0,1,1
teammate,9,4,13
teammates,9,12,21
teammean,1,0,1
teammember,1,0,1
teammie,1,0,1
teammm,0,2,2
teammustin,0,1,1
teamniley,1,0,1
teamofdebbyryan,1,1,2
teams,135,111,246
teamseesmic,1,0,1
teamspeak,1,0,1
teamsupreme,0,1,1
teamt,1,0,1
teamteach,1,0,1
teamtesh,0,1,1
teamtibet,1,0,1
teamtiernan,0,1,1
teamtweetbewley,0,1,1
teamviewer,1,1,2
teamvodafone,0,1,1
teamwork,3,12,15
teamym,1,1,2
tean,1,0,1
teana,0,1,1
teaneck,0,1,1
teany,6,0,6
teapar,1,0,1
teaparties,1,0,1
teaparty,3,7,10
teapartyprotest,1,0,1
teapix,1,0,1
teapot,10,13,23
tear,689,133,822
teardrop,6,3,9
teardrops,17,16,33
tearducts,0,1,1
teared,23,13,36
tearful,11,2,13
tearfull,1,0,1
teargas,0,1,1
tearin,7,5,12
tearing,72,36,108
tearjerker,2,2,4
tearjerkers,1,0,1
tearjerking,0,1,1
tearless,0,1,1
tearm,1,0,1
tearoom,1,1,2
tearooms,0,3,3
tearrr,2,0,2
tearrrr,2,0,2
tearrrrrrrr,1,0,1
tearrrsssss,1,0,1
tears,911,240,1151
tearsheet,0,1,1
tearson,0,1,1
tearsss,1,3,4
tearsssss,1,0,1
tearssssssss,1,0,1
tearthering,1,0,1
tearx,1,0,1
teary,104,22,126
tearz,4,0,4
tearzz,1,0,1
teas,14,28,42
teasastips,0,1,1
teasdales,1,0,1
tease,133,113,246
teased,24,17,41
teasee,1,0,1
teaseee,1,0,1
teasem,1,0,1
teasen,1,0,1
teaser,39,76,115
teasered,0,1,1
teasers,3,6,9
teases,12,5,17
teaset,0,1,1
teaseum,0,1,1
teashop,2,0,2
teasiiiiiiiiiiing,1,0,1
teasin,5,9,14
teasing,95,94,189
teasingly,0,2,2
teasle,1,0,1
teasmaids,0,1,1
teasn,0,1,1
teaspoon,3,3,6
teaspoons,1,3,4
teaster,0,1,1
teat,1,1,2
teatarded,1,0,1
teatch,0,1,1
teatcher,1,0,1
teateateateatea,0,3,3
teated,1,0,1
teath,0,1,1
teather,1,2,3
teatherball,0,1,1
teathering,1,0,1
teathre,0,1,1
teatime,2,6,8
teatowel,1,1,2
teatowels,0,2,2
teatree,1,2,3
teatro,0,3,3
teats,1,0,1
teau,0,1,1
teavana,0,1,1
teaw,1,0,1
teaz,0,1,1
teb,1,2,3
tebadelay,0,1,1
tebahpla,0,1,1
tebal,0,1,1
teban,1,0,1
tebe,1,2,3
tebel,0,1,1
tebet,1,2,3
tebi,0,1,1
teborg,0,2,2
teborgs,0,1,1
tebou,0,1,1
teboulah,0,1,1
tebow,0,2,2
tebrau,1,0,1
tebuild,1,0,1
teby,0,1,1
tec,8,7,15
teca,1,0,1
tecas,1,0,1
tecate,2,2,4
tecates,1,3,4
tecce,1,0,1
tecchnology,0,1,1
tech,359,396,755
techacad,1,0,1
techamerica,0,1,1
techau,0,1,1
techaviv,1,0,1
techchatter,1,0,1
techchee,0,1,1
techcruch,0,1,1
techcrunch,5,8,13
techcube,0,1,1
techdays,0,1,1
techdigest,1,0,1
teched,10,6,16
techer,2,1,3
techfail,1,0,1
techfeed,0,1,1
techfellow,0,3,3
techforcharity,1,0,1
techgarage,0,1,1
techglance,0,2,2
techguy,1,0,1
techguys,1,0,1
techh,2,0,2
techhelp,1,0,1
techhouse,0,1,1
techi,1,2,3
techical,1,0,1
techically,1,1,2
techie,18,25,43
techiebuzz,0,1,1
techiejunkie,0,1,1
techielass,1,0,1
techies,4,10,14
techiincial,1,0,1
techincal,1,0,1
techincally,1,1,2
techinfoteam,0,1,1
teching,2,1,3
techinical,4,1,5
techinically,1,3,4
techinque,0,1,1
techkaraoke,1,4,5
techkaraokesf,2,0,2
techkatha,0,2,2
techlad,0,1,1
techlads,0,1,1
techlunch,0,1,1
techlunchsouth,2,0,2
techmeme,0,1,1
techmex,1,0,1
techncl,1,0,1
technet,8,6,14
technetvconf,3,0,3
technewsvt,1,0,1
techni,1,1,2
technic,2,0,2
technica,2,3,5
technical,132,73,205
technicalities,0,1,1
technicality,3,1,4
technicall,0,1,1
technically,95,145,240
technicals,0,1,1
technicas,0,1,1
technichan,1,0,1
technician,11,7,18
technicians,1,2,3
technick,1,0,1
technicly,1,0,1
technicologically,1,0,1
technicolor,2,6,8
technicolour,0,2,2
technics,2,2,4
technight,0,2,2
technika,0,2,2
technique,29,38,67
techniquely,0,1,1
techniques,24,27,51
techniquess,1,0,1
techniquing,0,1,1
technition,1,1,2
techno,43,77,120
technoboy,0,1,1
technocrati,1,0,1
technodrome,1,0,1
technofile,1,0,1
technofool,0,1,1
technogeek,1,0,1
technolabs,1,0,1
technologial,1,0,1
technologic,0,1,1
technological,12,7,19
technologically,7,10,17
technologicalracism,1,0,1
technologies,8,14,22
technologist,0,2,2
technologists,1,1,2
technologo,1,0,1
technology,242,234,476
technologyfail,0,1,1
technolust,1,0,1
technomodernist,0,1,1
technonlgy,1,0,1
technopark,0,1,1
technophilia,0,1,1
technophobe,0,1,1
technophobia,1,0,1
technorati,5,2,7
technos,1,0,1
technosecurity,1,0,1
technote,0,1,1
technotronic,0,1,1
technoy,0,1,1
technu,0,1,1
techo,1,1,2
techonlogy,1,0,1
techonology,3,1,4
techonomy,0,2,2
techops,0,1,1
techpb,2,0,2
techplus,0,1,1
techportradio,2,0,2
techpowerup,1,0,1
techpreneur,0,1,1
techpresident,1,1,2
techrags,1,0,1
techrazor,0,1,1
techs,13,4,17
techset,1,1,2
techsnacks,0,1,1
techspot,0,1,1
techstars,0,1,1
techtalk,2,0,2
techtard,1,0,1
techtonic,1,0,1
techtree,1,2,3
techtv,5,1,6
techy,13,16,29
techys,0,1,1
techyuppie,0,1,1
techzilo,0,1,1
techzulu,1,0,1
teck,3,1,4
teckinika,0,1,1
tecky,0,1,1
teckybug,1,0,1
teclado,0,1,1
tecnetico,0,1,1
tecnically,0,1,1
tecnicaly,0,1,1
tecno,1,1,2
tecnologia,0,1,1
tecnology,1,1,2
teco,0,1,1
tecol,1,0,1
tecom,1,0,1
tecos,0,1,1
tectonic,0,1,1
tectonics,1,0,1
tecum,0,1,1
tecumseh,0,1,1
ted,60,122,182
teda,3,1,4
tedata,0,1,1
tedbelton,0,1,1
tedd,0,1,1
tedder,1,2,3
teddi,1,3,4
teddielova,0,1,1
teddies,4,4,8
teddington,0,1,1
teddlesruss,0,1,1
teddy,92,126,218
teddybear,7,2,9
teddybears,0,1,1
teddyrised,1,0,1
teddys,3,4,7
teddytuesday,0,1,1
tedesco,0,1,1
tedglobal,1,0,1
tedgloobal,1,0,1
tedi,0,1,1
tedindia,1,2,3
tedio,1,0,1
tedious,54,23,77
tediously,1,0,1
tedium,1,3,4
tedkl,1,0,1
tedmed,0,1,1
tedrick,1,0,1
teds,2,6,8
tedtalks,1,1,2
tedts,1,0,1
tedu,0,3,3
tedward,1,2,3
tedx,2,4,6
tedxauckland,0,1,1
tedxgreen,0,1,1
tedxkl,4,5,9
tedxru,0,1,1
tedxsentosa,0,1,1
tedxsh,1,8,9
tedxshanghai,2,1,3
tedxsmu,0,1,1
tedxtaipei,0,4,4
tedxtokyo,1,3,4
tedxup,1,0,1
tedy,1,1,2
tee,139,249,388
teeaarr,1,0,1
teeball,0,1,1
teebee,1,0,1
teebes,1,0,1
teechers,0,1,1
teed,3,0,3
teedra,0,2,2
teee,1,2,3
teeee,1,1,2
teeeea,0,1,1
teeeease,1,0,1
teeeeeasing,1,0,1
teeeeee,1,0,1
teeeeeeaaaa,0,1,1
teeeeeee,0,1,1
teeeeeeeeeeeeeth,0,1,1
teeeeeeeeeheeeeeeeeeeeeeeeeeeee,0,1,1
teeeeeeerrrrrrrrrrrrrrrry,0,1,1
teeeeeeetttthhhhhh,1,0,1
teeeeeeheeee,1,0,1
teeeeeeth,0,1,1
teeeeeeweeeee,1,0,1
teeeeef,1,0,1
teeeeeth,1,0,1
teeeeets,1,0,1
teeeeext,0,1,1
teeeen,1,0,1
teeeenkiu,0,1,1
teeeeny,0,1,1
teeeeth,1,0,1
teeeeths,1,0,1
teeeext,0,1,1
teeeexxt,0,1,1
teeefie,1,0,1
teeeheeee,0,1,1
teeempo,1,0,1
teeen,0,1,1
teeenso,1,0,1
teeeny,0,1,1
teeeshirts,0,1,1
teeet,0,1,1
teeeth,1,1,2
teeethh,1,0,1
teeets,0,1,1
teef,21,2,23
teefed,0,1,1
teeferz,1,0,1
teeff,1,0,1
teefies,3,0,3
teefos,1,0,1
teefs,4,0,4
teefury,2,0,2
teeg,0,1,1
teegan,1,0,1
teeggzz,0,1,1
teeh,0,1,1
teehaus,0,1,1
teehe,1,4,5
teehee,29,163,192
teeheee,0,2,2
teeheeee,1,0,1
teeheeeeeeeeeeeeee,0,1,1
teeheeehee,0,1,1
teeheehe,1,0,1
teeheehee,1,15,16
teeheeheeee,0,1,1
teehees,0,1,1
teehehehe,0,1,1
teehhee,1,0,1
teehheee,0,1,1
teehhheee,0,1,1
teeing,0,3,3
teej,0,1,1
teejaaay,1,0,1
teeje,1,0,1
teek,1,1,2
teekay,0,1,1
teeki,0,1,1
teel,1,0,1
teela,0,1,1
teeline,1,0,1
teelining,1,0,1
teelook,0,1,1
teem,0,1,1
teemager,0,1,1
teeming,0,1,1
teemu,0,1,1
teen,153,247,400
teena,2,3,5
teenaer,0,1,1
teenage,63,79,142
teenaged,2,0,2
teenager,82,58,140
teenagers,39,48,87
teenages,1,0,1
teenah,0,1,1
teencamp,1,0,1
teenchoice,2,1,3
teenchoiceaward,1,0,1
teenchoiceawards,1,6,7
teency,2,1,3
teencyin,1,0,1
teene,1,0,1
teener,0,1,1
teenie,8,6,14
teenies,6,3,9
teeniest,0,1,1
teenk,1,0,1
teenranch,1,0,1
teens,48,63,111
teensie,0,1,1
teenso,1,0,1
teensy,6,5,11
teentalk,0,1,1
teenth,0,1,1
teenuh,1,0,1
teenused,1,0,1
teenvogue,2,0,2
teeny,46,29,75
teenybop,1,0,1
teenybopper,1,1,2
teenyboppers,0,1,1
teenyhopper,1,0,1
teenz,1,0,1
teenzone,0,1,1
teeople,0,1,1
teep,1,0,1
teepee,1,2,3
teepees,0,2,2
teeph,1,0,1
teeracy,0,1,1
teeran,1,0,1
teereyes,1,0,1
teering,1,0,1
teerio,0,1,1
teerth,1,0,1
tees,26,55,81
teese,5,5,10
teesha,0,2,2
teeshirt,2,3,5
teeshirts,1,0,1
teeside,0,2,2
teesside,1,0,1
teet,2,1,3
teetee,0,1,1
teeter,5,4,9
teetering,0,2,2
teetfs,1,0,1
teeth,1112,379,1491
teethache,3,0,3
teethaches,1,0,1
teethbrush,0,1,1
teethbrushing,0,1,1
teethe,1,1,2
teethed,1,1,2
teether,2,0,2
teethers,2,0,2
teethies,0,1,1
teethin,2,0,2
teething,88,23,111
teethmarks,1,0,1
teeths,3,2,5
teeting,1,1,2
teetotal,2,1,3
teetotaler,1,0,1
teets,0,5,5
teetup,1,0,1
teevee,6,9,15
teeveee,0,1,1
teevo,2,0,2
teewars,0,1,1
teewhy,0,1,1
teewow,0,1,1
teext,1,3,4
teexxtt,1,0,1
teexxxt,1,0,1
teeze,1,0,1
teezy,0,1,1
tefl,1,2,3
teflon,3,2,5
teflone,1,0,1
tefortune,0,1,1
teftekerne,0,1,1
tefy,0,1,1
teg,1,0,1
tega,2,0,2
tegaki,0,1,1
tegal,0,1,1
tegan,21,36,57
tegans,1,1,2
tegel,0,2,2
tegernsee,0,1,1
teggy,1,0,1
tegi,1,1,2
tego,2,0,2
tegomass,1,1,2
tegomasu,0,1,1
tegoryo,1,0,1
tegoshi,1,1,2
tegra,1,1,2
tegretol,1,0,1
tegu,0,1,1
tegucigalpa,1,1,2
teguise,1,1,2
tegur,1,0,1
tegus,1,0,1
teh,185,169,354
tehaaha,0,1,1
tehbored,0,1,1
tehbotol,1,0,1
tehe,20,68,88
tehee,1,6,7
teheh,0,1,1
tehehe,4,17,21
tehehee,2,1,3
teheheee,0,1,1
teheheh,1,0,1
tehehehe,1,9,10
tehehehehe,0,1,1
teheheheheeh,0,1,1
tehehehehhe,0,1,1
tehehhe,0,1,1
tehehhee,0,1,1
tehehhehehe,0,1,1
teheran,3,0,3
tehers,1,0,1
tehhe,0,3,3
tehheee,0,1,1
tehhhhhh,0,1,1
tehila,1,1,2
tehilim,1,0,1
tehj,0,1,1
tehku,0,2,2
tehm,1,2,3
tehn,2,2,4
tehnology,0,1,1
tehnoobshow,0,1,1
tehran,116,22,138
tehranradio,1,0,1
tehre,3,0,3
tehres,0,1,1
teht,0,1,1
tehuti,0,1,1
tehy,3,0,3
tehyre,0,1,1
tei,6,8,14
teia,0,1,1
teide,0,1,1
teied,2,0,2
teifed,0,1,1
teigan,0,1,1
teignmouth,0,1,1
teikts,0,1,1
teims,0,1,1
teina,1,0,1
teincs,0,1,1
teine,0,1,1
teir,1,0,1
teira,0,1,1
teird,3,0,3
teiskontie,0,1,1
teit,1,1,2
teiteng,0,1,1
teitpic,1,0,1
teitter,1,1,2
teixeira,0,1,1
tej,1,1,2
tejano,0,1,1
tejanos,1,0,1
tejas,8,3,11
tejo,0,1,1
tejte,0,2,2
tek,11,18,29
teka,1,4,5
tekad,1,0,1
tekajut,1,0,1
tekak,1,0,1
tekan,0,1,1
tekateka,0,1,1
teke,0,2,2
tekejut,1,0,1
teken,1,0,1
tekenen,0,1,1
tekhoes,0,1,1
tekin,1,0,1
tekitek,0,1,1
tekjunkseller,0,1,1
tekken,2,8,10
teknical,1,0,1
teknikolour,0,1,1
teknisk,0,1,1
tekniska,0,1,1
teknoman,1,0,1
tekoa,0,1,1
teks,0,1,1
teksavvy,3,1,4
tekst,0,1,1
tekstica,0,1,1
tekutin,0,1,1
tekzilla,1,1,2
tel,34,57,91
tela,2,2,4
teladan,0,1,1
telah,2,1,3
telamon,1,0,1
telangana,0,1,1
telara,1,1,2
telat,6,2,8
telaviv,1,1,2
telawi,0,1,1
telcel,1,0,1
telco,7,10,17
telcon,2,0,2
tele,44,50,94
telebabad,1,1,2
telecast,9,7,16
telecaster,1,2,3
telecasts,0,1,1
telecheck,0,1,1
telecine,0,1,1
teleco,2,0,2
telecom,18,10,28
telecommunication,1,0,1
telecommunications,0,2,2
telecommute,1,5,6
telecommuter,1,0,1
telecommuting,1,0,1
telecomputing,0,1,1
telecoms,0,3,3
telecon,3,0,3
teleconf,2,1,3
teleconference,2,5,7
telecons,1,1,2
teleconverter,1,0,1
teleeeeeee,1,0,1
teleevisionnn,1,0,1
telef,1,0,1
telefon,2,2,4
telefone,5,0,5
telefones,0,1,1
telefonica,3,5,8
telefonis,0,1,1
telefonmarketing,1,0,1
telefono,4,2,6
telefonul,0,2,2
telefony,0,1,1
telefoon,1,1,2
telegram,0,2,2
telegrams,1,0,1
telegraph,10,14,24
telegraphs,0,1,1
telegu,0,1,1
telehouse,3,1,4
telekinesis,3,3,6
telekom,4,2,6
telemadrid,0,1,1
teleman,0,1,1
telemarketer,4,1,5
telemarketers,4,1,5
telemarketing,1,2,3
telemavision,2,0,2
telemax,1,0,1
telemeetings,1,0,1
telemetry,0,1,1
telemon,0,1,1
telemundo,3,0,3
telen,0,1,1
telenet,0,2,2
telenor,0,2,2
telenovela,2,1,3
telenovelas,1,3,4
telent,0,1,1
telented,0,1,1
teleological,1,0,1
teleparty,0,1,1
telepath,0,1,1
telepathe,2,0,2
telepathetic,1,0,1
telepathic,1,3,4
telepathically,3,4,7
telepathy,5,4,9
telepatic,0,1,1
telepeople,0,1,1
telephone,41,16,57
telephoned,0,1,1
telephones,0,3,3
telephoning,1,1,2
telephono,1,2,3
telephony,0,4,4
telephoto,2,2,4
telepopmusik,0,3,3
teleporation,0,1,1
teleport,19,12,31
teleportation,6,3,9
teleported,0,1,1
teleporter,1,4,5
teleporters,3,0,3
teleporting,3,4,7
telepresence,1,1,2
teleprompter,0,7,7
teleprompters,0,1,1
teler,1,2,3
telerik,1,1,2
teles,1,1,2
telesales,0,3,3
telescope,7,11,18
telescopes,0,4,4
telescopic,0,1,1
teleseminar,0,1,1
teleseminars,0,1,1
teleserv,0,1,1
teleservices,0,1,1
teleseryessss,1,0,1
teleshopping,1,0,1
telesummit,0,2,2
teletech,0,1,1
teletext,1,1,2
telethon,4,3,7
telethooon,0,1,1
teleton,0,1,1
teletoon,0,2,2
teletransport,1,0,1
teletransporter,0,1,1
teletubbies,4,10,14
teletubby,0,1,1
telev,1,0,1
televis,1,0,1
televisa,0,1,1
televised,18,7,25
televising,4,0,4
television,101,117,218
televisions,1,1,2
televison,0,4,4
televisor,1,0,1
televixen,0,1,1
televized,0,1,1
televoting,0,1,1
telewest,2,1,3
teleworking,0,1,1
telex,1,1,2
telfer,1,0,1
telfoney,1,0,1
telford,11,3,14
telfordd,0,1,1
telgu,0,1,1
teli,2,0,2
telia,1,0,1
telie,0,1,1
telika,1,0,1
telilng,0,1,1
telin,1,0,1
teliott,1,0,1
telisaaaa,0,1,1
teliscopes,0,1,1
telivision,1,0,1
telkom,5,1,6
telkomfail,1,0,1
telkomsel,3,2,5
telkyy,0,1,1
tell,4383,6021,10404
tella,1,1,2
tellafriend,0,1,1
tellam,1,0,1
tellaworld,0,2,2
telle,1,3,4
telled,1,0,1
telleh,0,2,2
tellem,2,3,5
tellement,1,2,3
tellemnt,0,1,1
tellemwhyyoumadson,0,1,1
teller,11,11,22
tellers,1,2,3
telletubby,0,1,1
tellez,0,1,1
telli,2,0,2
tellie,2,6,8
tellier,0,2,2
telligent,0,2,2
tellign,1,1,2
tellim,1,0,1
tellin,50,74,124
telling,679,600,1279
tellison,1,1,2
tellitlikeitis,0,1,1
telll,8,5,13
tellll,3,3,6
telllll,4,0,4
tellllll,0,1,1
tellllllllin,1,0,1
tellls,0,1,1
tellme,2,3,5
tellmeee,1,0,1
tellmetuesday,0,1,1
tellmetwice,0,1,1
tellmrtweet,0,15,15
telln,7,4,11
tellng,0,2,2
tello,1,0,1
tellos,1,0,1
tells,261,210,471
tellsya,1,0,1
telltale,4,7,11
telltg,0,1,1
telluride,2,0,2
telly,142,121,263
tellya,0,1,1
tellybox,0,1,1
tellybubbies,1,0,1
tellyfone,1,0,1
tellyland,0,1,1
tellyou,0,1,1
tellys,1,0,1
tellz,1,1,2
telmo,0,2,2
teln,0,1,1
telnet,2,1,3
telnetd,0,1,1
telor,0,1,1
telovat,0,1,1
telp,0,1,1
telss,3,3,6
telstar,1,1,2
telstea,1,0,1
telstra,42,5,47
telstraclear,2,0,2
telugu,2,5,7
teluk,0,1,1
telur,1,1,2
telus,15,4,19
telvision,1,0,1
tely,1,1,2
telyyyyy,1,0,1
tem,22,31,53
tema,0,5,5
teman,4,8,12
temans,1,0,1
temari,0,1,1
temasuk,1,0,1
temaz,1,0,1
temazepam,2,0,2
temazo,0,2,2
tembak,1,0,1
tember,0,1,1
tembus,0,1,1
temecs,0,1,1
temecula,11,16,27
temee,1,0,1
tememculans,0,1,1
temen,5,6,11
temenku,1,0,1
temennya,0,1,1
temenos,0,1,1
temeraire,0,1,1
temerloh,1,0,1
temerrature,0,1,1
temi,0,3,3
temicas,1,0,1
temme,8,6,14
temmence,0,1,1
temmuz,0,1,1
temp,228,94,322
tempa,1,1,2
tempat,4,4,8
tempatures,1,0,1
tempe,22,20,42
temped,4,1,5
tempeh,1,1,2
tempelhof,0,1,1
temper,30,15,45
tempera,0,1,1
temperament,1,2,3
temperamental,2,5,7
temperaments,0,1,1
temperance,1,0,1
temperarily,1,0,1
temperary,2,0,2
temperate,2,1,3
temperatur,0,1,1
temperatura,0,1,1
temperature,126,50,176
temperatures,23,8,31
tempered,11,1,12
tempering,0,1,1
temperley,0,1,1
tempermental,8,2,10
tempermentals,1,0,1
temperpedic,0,1,1
tempers,1,0,1
tempertrap,1,0,1
temperture,2,0,2
tempertures,0,1,1
tempest,5,5,10
tempeted,1,0,1
tempetows,1,0,1
tempiam,0,1,1
temping,2,2,4
templar,2,0,2
templarios,1,0,1
templars,2,1,3
template,55,39,94
templatemonster,1,0,1
templates,14,20,34
templatica,0,1,1
templating,0,3,3
temple,55,73,128
templepatrick,1,0,1
temples,11,16,27
templestowe,0,1,1
templeton,0,3,3
templeuniversity,1,0,1
tempo,13,20,33
tempoary,0,2,2
temporada,1,0,1
temporades,0,1,1
temporal,4,1,5
temporally,0,1,1
temporararily,1,0,1
temporariamente,1,0,1
temporarily,99,26,125
temporarly,2,0,2
temporary,87,58,145
temporuns,1,0,1
tempos,0,1,1
tempranillo,1,2,3
tempranillotuesday,0,1,1
tempranito,0,2,2
temprano,6,0,6
tempratures,1,0,1
tempremental,1,0,1
temprorarily,1,0,1
temps,51,38,89
tempt,18,19,37
temptalia,0,1,1
temptation,48,57,105
temptationfriday,0,1,1
temptationless,1,0,1
temptations,8,9,17
temptd,1,1,2
tempted,190,153,343
temptemental,1,0,1
tempting,84,95,179
temptingly,1,0,1
temptress,2,1,3
tempts,2,1,3
tempuerpedic,1,0,1
tempur,0,1,1
tempura,12,12,24
tempurpedic,3,0,3
tempurute,1,0,1
tempwent,1,0,1
tempwise,1,0,1
tempz,0,1,1
temtation,1,0,1
temujin,0,1,1
ten,449,365,814
tena,2,1,3
tenaaang,0,1,1
tenacious,2,10,12
tenaciousness,0,1,1
tenacity,1,3,4
tenafly,0,1,1
tenaganita,1,0,1
tenaglia,0,1,1
tenakey,0,1,1
tenancy,3,0,3
tenang,2,1,3
tenant,8,1,9
tenants,2,3,5
tenat,1,0,1
tenative,0,1,1
tenaya,1,0,1
tenby,3,3,6
tenc,0,1,1
tench,0,1,1
tenchu,0,2,2
tend,121,155,276
tendai,0,1,1
tendants,1,0,1
tended,5,2,7
tenden,1,0,1
tendencies,4,13,17
tendency,14,15,29
tendensy,1,0,1
tender,30,32,62
tenderfoot,1,0,1
tenderheart,0,1,1
tenderhearts,0,1,1
tenderhook,1,0,1
tendering,0,1,1
tenderized,1,0,1
tenderizer,0,1,1
tenderloin,6,4,10
tenderloins,1,1,2
tenderly,1,0,1
tenderness,2,3,5
tenderoni,0,1,1
tenders,6,6,12
tendeu,1,0,1
tendin,0,1,1
tending,18,7,25
tendinitis,5,1,6
tendo,4,2,6
tendon,19,2,21
tendonitis,13,3,16
tendonosis,1,0,1
tendons,8,0,8
tendont,1,0,1
tendr,2,1,3
tendre,2,2,4
tendrils,1,0,1
tends,32,33,65
tendulkar,0,2,2
tendy,1,0,1
tene,2,0,2
tenebaums,0,1,1
tenebrous,0,1,1
tenedores,0,1,1
tenemos,1,0,1
tenen,0,1,1
tenenbaums,1,0,1
tenenen,0,1,1
tenents,1,0,1
tener,3,1,4
tenerife,7,7,14
tenerifeeeeeee,0,1,1
teneriffe,1,0,1
teners,0,1,1
tenesha,0,1,1
tenessee,1,1,2
tenets,0,1,1
tenetur,0,1,1
tenfans,0,1,1
teng,2,1,3
tenga,2,0,2
tengah,2,1,3
tengan,0,1,1
tengas,0,2,2
tengkuk,0,1,1
tengkyuuuu,0,1,1
tengo,38,12,50
tengok,3,1,4
tengss,0,1,1
tengu,1,0,1
tengwa,0,1,1
tenham,0,1,1
tenho,13,8,21
tenia,2,2,4
teniece,1,0,1
teniendo,1,0,1
teniis,0,1,1
tenille,1,0,1
tenis,2,1,3
tenise,0,1,1
tenish,1,1,2
tenishia,0,2,2
teniu,0,1,1
tenji,1,0,1
tenju,1,0,1
tenk,1,2,3
tenka,0,1,1
tenkaichi,1,0,1
tenkiu,1,0,1
tenks,0,1,1
tenkyupordadisprabidenssteeker,0,1,1
tenmillionth,1,0,1
tenn,9,7,16
tenna,0,5,5
tennant,47,21,68
tennantcast,0,1,1
tennants,2,2,4
tenneasee,0,2,2
tennee,1,0,1
tennennesse,1,1,2
tennent,2,0,2
tennents,0,1,1
tenner,25,11,36
tenners,0,2,2
tennese,0,1,1
tennesee,3,2,5
tennesse,6,1,7
tennessean,0,1,1
tennessee,70,65,135
tennesseean,1,0,1
tennesseeee,0,1,1
tennesseeeeeee,0,1,1
tennet,1,0,1
tennets,0,1,1
tennies,3,1,4
tennille,0,2,2
tennis,428,408,836
tennised,0,1,1
tennish,0,2,2
tennisian,0,1,1
tennislesson,1,0,1
tennismatch,0,2,2
tennisoftball,1,0,1
tenniss,1,2,3
tennissss,0,1,1
tennnnnnnnnnnnn,0,1,1
tenno,0,1,1
tenny,2,0,2
tennyson,2,0,2
tennysons,1,0,1
teno,0,1,1
tenor,3,11,14
tenori,2,2,4
tenoroc,0,1,1
tenors,1,4,5
tenpinbowlingisdangerous,1,0,1
tenq,0,1,1
tens,8,6,14
tense,51,24,75
tensed,4,3,7
tenser,1,0,1
tenses,2,1,3
tenshi,0,1,1
tensi,2,0,2
tensing,1,1,2
tension,44,36,80
tensioner,1,0,1
tensions,3,1,4
tensiune,0,2,2
tenso,1,1,2
tensuppe,0,1,1
tent,119,136,255
tentacle,2,4,6
tentacled,0,1,1
tentacles,2,6,8
tentamen,1,0,1
tentando,3,3,6
tentang,2,4,6
tentant,1,0,1
tentative,6,8,14
tentatively,1,6,7
tente,1,0,1
tented,0,2,2
tenten,2,0,2
tentenenentenen,0,1,1
tenterhooks,3,1,4
tenth,11,20,31
tenths,0,1,1
tenticle,0,1,1
tenting,2,0,2
tention,1,1,2
tentmaker,1,0,1
tentman,1,0,1
tentmate,2,0,2
tento,1,2,3
tentpole,0,1,1
tents,18,15,33
tentstage,0,1,1
tentt,0,1,1
tentth,0,1,1
tentu,0,2,2
tentunya,1,0,1
tenuous,3,3,6
tenure,1,3,4
tenured,1,1,2
tenute,0,1,1
tenx,1,2,3
teny,0,1,1
tenzin,1,0,1
teo,6,6,12
teochew,1,0,1
teodor,0,1,1
teodoro,0,1,1
teonn,0,1,1
teor,0,1,1
teoresd,1,0,1
teoretic,0,2,2
teoria,0,1,1
teow,7,4,11
tep,1,0,1
tepaarrr,1,0,1
tepan,0,1,1
tepanyaki,1,1,2
tepat,0,2,2
tepatnya,0,1,1
tepe,0,1,1
tepee,2,0,2
tepes,0,1,1
teph,4,4,8
tepi,0,1,1
tepic,1,0,1
tepid,2,2,4
teplying,0,1,1
tepooooth,0,1,1
teppan,0,1,1
teppanyaki,2,2,4
tepper,0,1,1
tepperberg,0,1,1
teps,1,0,1
tepusquet,1,0,1
teq,0,1,1
teqqq,0,1,1
tequa,0,1,1
teque,1,0,1
tequila,118,129,247
tequilaaa,1,0,1
tequilas,1,1,2
tequilasunrise,0,1,1
tequilla,8,11,19
tequillas,0,1,1
tequillia,1,0,1
tequillla,0,1,1
tequito,0,1,1
tequitos,0,1,1
tequla,1,0,1
tequlia,0,2,2
ter,38,31,69
tera,0,7,7
teraath,1,0,1
terabad,1,0,1
terabethia,1,0,1
terabitha,0,1,1
terabithia,17,3,20
terabyte,6,3,9
terabytes,1,3,4
teradici,1,0,1
terah,1,0,1
terais,0,1,1
terakhir,6,0,6
teran,0,1,1
terang,1,1,2
teraruim,0,1,1
terasa,0,1,1
terasse,1,1,2
teratoma,1,0,1
teraz,1,4,5
terbaik,0,1,1
terbakar,2,0,2
terbalik,0,1,1
terbang,0,1,1
terbaru,1,0,1
terbiasa,0,1,1
terceira,0,1,1
tercekat,0,1,1
tercera,1,0,1
tercut,1,0,1
terd,0,1,1
terdengarnya,0,1,1
terdis,0,1,1
tere,1,6,7
terebithia,2,1,3
terekspos,1,0,1
teren,1,0,1
terenas,0,1,1
terence,4,2,6
terencial,0,1,1
terengganu,0,2,2
terential,2,0,2
terer,2,0,2
teres,1,1,2
teresa,11,28,39
terese,2,2,4
teress,0,1,1
teressa,0,1,1
terestrial,1,0,1
terets,1,0,1
tereza,0,1,1
terf,0,1,1
tergabung,0,1,1
terharu,1,2,3
terhormat,1,0,1
teri,8,16,24
teriak,0,1,1
teriaki,1,0,1
terible,3,0,3
terid,1,0,1
terier,0,1,1
terifed,1,0,1
terified,1,0,1
teriible,1,0,1
terik,2,0,2
terima,1,2,3
terimakasih,1,1,2
terimayo,0,1,1
tering,0,1,1
teringat,1,0,1
terissfrankenscience,1,0,1
teritory,0,1,1
teriyaki,10,18,28
teriyoki,1,0,1
terkalahkann,1,0,1
terkeurst,0,1,1
terkoglu,0,1,1
terlalu,3,2,5
terlet,1,0,1
terlihat,0,1,1
terliur,1,0,1
term,307,353,660
termanato,0,1,1
termanator,1,0,1
termanitor,1,0,1
termbreak,1,0,1
termed,2,0,2
termenator,1,0,1
termi,0,3,3
termin,1,4,5
termina,0,3,3
terminal,71,69,140
terminale,0,1,1
terminally,1,1,2
terminals,4,4,8
terminam,1,0,1
terminaology,0,1,1
terminar,0,1,1
terminaror,1,0,1
terminartor,0,1,1
terminat,2,2,4
terminate,1,1,2
terminated,10,3,13
terminater,3,3,6
terminates,1,0,1
terminating,3,1,4
termination,1,1,2
terminatior,0,1,1
terminator,271,415,686
terminators,4,5,9
terminatorsalvation,1,4,5
terminatorwiki,1,0,1
termine,2,2,4
termineda,1,0,1
terminei,0,1,1
terminiator,0,1,1
terminly,1,0,1
termino,3,0,3
terminology,4,13,17
terminou,1,1,2
termintor,0,1,1
terminus,1,1,2
termite,3,0,3
termites,1,2,3
termm,1,0,1
termmm,0,1,1
termnator,1,1,2
termo,0,1,1
terms,144,107,251
termtter,1,0,1
termy,1,0,1
tern,0,3,3
ternament,1,0,1
terngiang,1,0,1
ternight,0,1,1
ternimator,0,1,1
terninator,0,1,1
terno,1,3,4
ternon,1,0,1
ternyata,4,3,7
terody,1,0,1
terokar,1,0,1
teroldego,0,1,1
teron,0,1,1
terorred,1,0,1
terp,1,0,1
terpaksa,3,0,3
terpel,0,1,1
terpentine,0,1,1
terpland,0,1,1
terps,1,2,3
terpur,0,1,1
terr,2,1,3
terra,11,13,24
terrabearable,0,4,4
terrabible,1,0,1
terrable,1,0,1
terrabyte,0,1,1
terrace,24,51,75
terraced,1,1,2
terraces,0,2,2
terracota,0,1,1
terracotta,2,2,4
terrafugia,1,0,1
terrain,3,6,9
terralien,0,1,1
terran,1,1,2
terrance,5,3,8
terranet,1,0,1
terrapin,1,0,1
terrapins,0,1,1
terrarium,1,1,2
terrariums,1,0,1
terras,0,1,1
terrasar,1,0,1
terrase,0,1,1
terrasje,1,0,1
terrasjes,1,0,1
terrassa,0,1,1
terrasses,1,0,1
terratec,0,1,1
terratrike,0,1,1
terrayiki,0,1,1
terrazza,0,1,1
terrbie,1,0,1
terrbily,1,0,1
terrble,1,1,2
terrce,0,1,1
terre,3,3,6
terrefic,1,0,1
terrefied,1,0,1
terrell,2,3,5
terremoto,1,0,1
terrence,4,8,12
terrencej,1,0,1
terrential,3,0,3
terrepin,0,1,1
terrestial,1,0,1
terrestres,1,0,1
terrestrial,4,2,6
terrfied,1,0,1
terrfified,1,0,1
terri,16,22,38
terriable,1,0,1
terriably,1,0,1
terrib,0,1,1
terribad,3,0,3
terribble,1,0,1
terribbly,1,0,1
terribel,1,0,1
terribibbles,1,0,1
terribithia,1,0,1
terrible,1657,264,1921
terriblecabbage,0,1,1
terriblee,1,0,1
terriblekittymom,1,0,1
terriblerain,1,0,1
terriblesummeritis,1,0,1
terribleterribleterrible,1,0,1
terribley,3,0,3
terribly,407,70,477
terriblyyyy,1,0,1
terricole,0,1,1
terrie,1,0,1
terrien,0,1,1
terrier,18,21,39
terriers,2,3,5
terriff,0,1,1
terrific,26,105,131
terrifically,0,1,1
terrifict,0,1,1
terrified,142,36,178
terrifies,7,0,7
terrifing,1,0,1
terrify,3,0,3
terrifying,72,21,93
terrifyingly,3,0,3
terrigal,1,0,1
terriible,1,0,1
terriibleee,0,1,1
terrilll,0,1,1
terrilynn,1,0,1
terrine,1,2,3
terrinha,0,1,1
terrior,2,0,2
terriost,0,2,2
terris,0,1,1
territoire,1,0,1
territorial,4,1,5
territories,4,2,6
territory,17,35,52
terriyaki,2,3,5
terrlibe,0,1,1
terron,0,1,1
terror,30,29,59
terrorised,1,0,1
terrorising,2,4,6
terrorism,16,9,25
terrorist,18,17,35
terrorists,11,8,19
terrorits,1,0,1
terrorize,3,4,7
terrorized,0,1,1
terrorizing,1,4,5
terrorost,0,1,1
terrors,6,4,10
terrorvision,2,0,2
terrrible,5,3,8
terrrified,1,0,1
terrroorr,0,1,1
terrror,1,0,1
terrrrible,2,1,3
terrrrirble,1,0,1
terrrror,0,1,1
terrrrrible,1,0,1
terrrrrific,0,1,1
terrrrrrible,1,0,1
terrrrrrific,0,1,1
terrrrrrrible,1,0,1
terrtential,1,0,1
terry,55,66,121
terryaki,0,3,3
terrycloth,0,1,1
terryifying,0,1,1
terryn,0,1,1
terrys,2,0,2
ters,0,1,1
terschelling,1,0,1
terse,1,1,2
tersebut,1,0,1
terseliur,0,1,1
tersenyum,0,1,1
tersenyumlah,0,1,1
terserah,0,1,1
tersiguels,1,0,1
tersk,1,0,1
tersyg,0,1,1
tert,1,0,1
tertandang,1,0,1
tertarik,0,1,1
tertentu,0,1,1
tertiary,0,3,3
tertulia,0,2,2
teru,0,5,5
terug,1,1,2
teruk,3,0,3
teruknyaaa,1,0,1
terus,8,8,16
teruskanlah,1,1,2
teruss,1,0,1
terussss,1,0,1
teruuuus,0,1,1
terviseks,0,1,1
terwillegar,0,1,1
tery,1,1,2
teryaki,4,1,5
terydactyls,0,1,1
teryn,1,1,2
teryyyy,0,1,1
terz,0,1,1
terzis,0,1,1
tes,3,15,18
tesa,0,2,2
tesage,2,0,2
tesba,0,1,1
tesbihaaaaaaatt,0,1,1
tesci,1,0,1
tesco,122,78,200
tescofans,0,1,1
tescooo,0,1,1
tescos,20,18,38
tesday,1,0,1
tesee,1,0,1
tesekkurler,0,1,1
tesh,0,2,2
tesha,1,1,2
teshta,0,1,1
tesis,0,1,1
teskete,1,0,1
teskiemos,0,1,1
tesknie,1,0,1
tesla,5,16,21
tesltra,1,0,1
teso,0,1,1
tesol,1,0,1
tesoro,1,0,1
tesoros,0,1,1
tess,21,25,46
tessa,9,26,35
tessah,0,1,1
tessalalaa,1,0,1
tessalonika,0,1,1
tessas,0,1,1
tessasoslow,0,1,1
tessel,1,0,1
tessellation,1,0,1
tessie,5,5,10
tessier,1,0,1
tessin,0,1,1
tesslee,1,0,1
tessm,1,0,1
tesss,1,0,1
tessss,0,2,2
tesssst,0,1,1
tessy,1,2,3
test,2080,1303,3383
testa,1,0,1
testable,2,3,5
testacle,0,1,1
testahel,0,1,1
testament,5,10,15
testando,0,1,1
testar,0,1,1
testdrive,3,2,5
testdrove,1,0,1
teste,3,5,8
tested,102,61,163
testedat,0,1,1
testen,0,7,7
tester,9,21,30
testers,4,27,31
testes,1,2,3
testexams,0,1,1
testfest,1,1,2
testi,0,1,1
testical,0,1,1
testicle,2,4,6
testicles,4,7,11
testicular,1,0,1
testified,1,0,1
testify,2,6,8
testifying,1,0,1
testimate,0,1,1
testimonal,0,1,1
testimonial,2,15,17
testimonials,3,10,13
testimonies,0,1,1
testimony,6,8,14
testin,0,4,4
testing,323,448,771
testingaspnet,0,1,1
testingcheatsenabled,1,1,2
testings,0,1,1
testino,0,1,1
testje,0,1,1
testn,0,1,1
testng,1,1,2
testo,0,3,3
testosterone,6,4,10
testpaper,1,0,1
testperiod,1,0,1
testresults,1,0,1
testride,0,1,1
testring,0,1,1
testrun,0,1,1
tests,508,193,701
testsuite,0,1,1
testt,1,5,6
testtmw,1,0,1
testts,1,0,1
testtt,1,1,2
testttttt,1,0,1
testtweet,0,1,1
testweek,8,0,8
testy,3,3,6
testz,1,0,1
tesztz,1,0,1
tet,1,7,8
teta,0,1,1
tetangga,0,1,1
tetanus,23,1,24
tetap,1,0,1
tetapi,1,0,1
tetbury,1,1,2
tetchy,3,1,4
tetcolor,0,1,1
tete,3,1,4
tetens,0,1,1
tetep,3,3,6
teter,0,1,1
teteup,0,1,1
tether,28,9,37
tetherball,2,0,2
tetherberry,1,0,1
tethered,7,3,10
tethering,118,13,131
tethring,1,0,1
tetiba,1,0,1
tetley,0,2,2
tetleys,1,1,2
tetna,1,0,1
tetnis,1,0,1
tetnus,5,0,5
tetons,1,0,1
tetr,0,3,3
tetra,1,0,1
tetrahydrofluran,1,0,1
tetrapak,1,0,1
tetraplegia,0,1,1
tetras,1,0,1
tetrazzini,1,1,2
tetris,48,246,294
tetrisfriends,1,0,1
tetrisss,0,1,1
tetrist,0,1,1
tetro,4,1,5
tets,0,1,1
tetsiputs,1,0,1
tetsuo,1,1,2
tetsuya,1,3,4
tetteh,0,1,1
tettem,0,1,1
tetto,1,0,1
tetxting,0,1,1
teu,3,5,8
teuk,1,0,1
teuki,0,1,1
teukie,2,1,3
teukies,1,0,1
teukkie,0,1,1
teun,1,0,1
teuni,0,2,2
teuns,0,1,1
teurer,1,0,1
teus,1,1,2
teusday,2,1,3
teutonic,0,1,1
teuzi,0,1,1
tev,1,0,1
teva,0,4,4
tevas,0,1,1
teve,2,1,3
teveel,1,0,1
teven,1,0,1
tevens,0,1,1
teventrip,1,0,1
teves,1,0,1
tevey,1,0,1
tevez,46,6,52
tevezzzzzzzzzzz,1,0,1
tevin,0,3,3
tevra,1,0,1
tevye,0,1,1
tew,13,8,21
tewa,0,1,1
teweeps,0,1,1
tewer,1,0,1
tewets,1,0,1
tewks,1,0,1
tewmarrows,0,1,1
tewson,0,1,1
teww,1,1,2
tewwt,1,0,1
tewwties,1,0,1
tex,15,24,39
texaassss,0,1,1
texadelphia,1,0,1
texan,10,14,24
texans,8,8,16
texarkana,3,1,4
texas,590,447,1037
texasrangers,0,1,1
texass,4,0,4
texasss,1,0,1
texassss,1,0,1
texax,1,0,1
texaz,1,1,2
texd,1,1,2
texed,1,0,1
texel,0,1,1
texenza,0,1,1
texican,1,1,2
texieira,0,1,1
texies,0,1,1
texing,2,1,3
texist,1,0,1
texmaniacs,0,1,1
texmex,2,2,4
texs,0,1,1
texsas,1,0,1
texsasa,1,0,1
text,2120,1917,4037
texta,2,1,3
textable,1,2,3
textaholic,1,0,1
textan,1,0,1
textarea,1,1,2
textareas,0,1,1
textbk,0,1,1
textbook,35,13,48
textbooks,21,14,35
textbroker,1,0,1
textcapade,0,1,1
textchas,0,1,1
textctrl,1,0,1
textd,2,0,2
textdocument,0,1,1
textdrive,1,0,1
texte,1,0,1
texted,220,93,313
texteditor,0,1,1
texten,1,0,1
texter,2,4,6
texters,1,1,2
textextext,1,0,1
textfields,1,0,1
textfree,3,0,3
textgen,0,1,1
textie,1,0,1
textieee,0,1,1
texties,0,2,2
textiggggg,0,1,1
textiing,0,1,1
textile,0,3,3
textilers,0,1,1
textiles,44,16,60
textilesss,1,0,1
textin,24,27,51
texting,373,389,762
textingg,1,2,3
textinggg,1,0,1
textings,1,0,1
textinn,1,0,1
textinnnnggg,1,0,1
textit,1,0,1
textmate,7,14,21
textme,2,5,7
textmeback,0,1,1
textmeee,0,1,1
textmessage,0,2,2
textmessages,1,0,1
textn,4,3,7
textnovel,2,1,3
textoting,0,1,1
textpad,1,0,1
textpics,1,0,1
texts,447,162,609
textsfromlastnight,1,5,6
textsi,0,1,1
textss,1,0,1
textsummit,0,1,1
textt,11,21,32
textthecell,0,1,1
texttin,0,1,1
texttone,0,1,1
texttt,5,10,15
texttting,0,1,1
textttt,2,2,4
texttttmeeee,0,1,1
texttttt,1,4,5
texttttttt,1,0,1
textttttttt,0,1,1
textttttttttt,0,1,1
texttwist,0,3,3
textual,1,0,1
textually,1,2,3
texture,20,12,32
textured,0,2,2
textures,7,18,25
texturized,1,1,2
textwidth,0,1,1
textwrangler,0,1,1
texty,0,5,5
texuss,0,1,1
texxt,1,11,12
texxting,0,1,1
texxttt,1,0,1
texxxass,1,0,1
texxxt,0,4,4
texxxting,0,1,1
texxxtt,0,2,2
texxxx,0,1,1
texxxxt,1,1,2
texxxxxt,2,0,2
texy,0,1,1
tey,3,4,7
teyana,4,1,5
teyanataylor,3,1,4
teyanna,0,1,1
teyna,0,1,1
teyona,4,2,6
tez,1,4,5
teza,0,1,1
teze,1,0,1
tezi,1,0,1
tezza,0,1,1
tezzer,0,1,1
tf,82,62,144
tfa,4,3,7
tface,1,0,1
tfacon,1,0,1
tfail,1,0,1
tfan,1,0,1
tfarp,0,5,5
tfbc,1,0,1
tfc,12,14,26
tfcd,0,1,1
tfcomp,0,1,1
tfcon,2,0,2
tfcons,0,1,1
tfe,6,3,9
tfeeds,1,0,1
tfeelikeironingggggg,1,0,1
tfelt,1,0,1
tff,5,5,10
tffif,1,0,1
tfft,1,0,1
tfg,1,1,2
tfgif,1,0,1
tfh,0,2,2
tfhs,0,2,2
tfi,1,1,2
tfif,0,2,2
tfig,1,0,1
tfk,1,0,1
tfka,1,0,1
tfktrevor,1,0,1
tfl,3,5,8
tfln,6,2,8
tflw,1,0,1
tfly,1,0,1
tfm,2,0,2
tfnb,1,0,1
tfof,1,0,1
tfor,1,1,2
tfot,1,0,1
tfp,3,0,3
tfpc,1,0,1
tfpf,1,0,1
tfrom,1,0,1
tfs,10,4,14
tfsk,0,1,1
tft,4,8,12
tftclanferlife,0,1,1
tftf,0,1,1
tftm,0,1,1
tftt,1,0,1
tfu,1,1,2
tfv,2,0,2
tfw,0,3,3
tg,28,43,71
tga,2,6,8
tgal,1,1,2
tgame,1,1,2
tgat,3,1,4
tgau,1,1,2
tgaytay,1,0,1
tgc,0,3,3
tgd,1,0,1
tge,6,6,12
tgen,1,0,1
tgese,0,1,1
tget,1,0,1
tgetinfightsorlikesblackboys,0,1,1
tgettosleep,0,1,1
tgf,1,0,1
tgfb,0,1,1
tgfbb,0,1,1
tgfl,0,1,1
tgg,0,1,1
tggggggif,0,1,1
tggl,1,0,1
tggu,1,0,1
tgh,5,4,9
tghats,1,0,1
tghe,0,1,1
tght,0,1,1
tgi,9,28,37
tgia,0,1,1
tgiers,0,1,1
tgif,145,316,461
tgiff,1,3,4
tgiffff,0,1,1
tgiffffff,0,1,1
tgifriday,0,3,3
tgifridays,1,3,4
tgifs,0,1,1
tgim,0,5,5
tgio,1,0,1
tgis,4,4,8
tgisb,0,1,1
tgist,0,1,1
tgit,2,0,2
tgiw,1,0,1
tgiweekend,0,1,1
tgk,4,8,12
tgl,5,2,7
tgn,0,1,1
tgnd,1,0,1
tgo,3,3,6
tgod,0,1,1
tgol,1,0,1
tgot,1,0,1
tgp,15,11,26
tgree,1,0,1
tgrichardson,1,0,1
tgs,2,5,7
tgshoc,1,0,1
tgsio,1,0,1
tgt,4,8,12
tgther,1,0,1
tgthr,2,2,4
tgtwebcomics,0,1,1
tgu,2,0,2
tgv,2,1,3
tgwg,1,0,1
tgworldnews,0,1,1
tgyty,1,0,1
th,4528,5408,9936
tha,482,531,1013
thaa,5,20,25
thaaa,0,7,7
thaaaa,1,0,1
thaaaaaaaaaaaaaaaaaaaaaaaaaaaaaaaaaaaaaaaaanks,0,1,1
thaaaaaaaaaaaaaaaaaaaaaaanks,0,1,1
thaaaaaaaaaaaaaaaaaaanks,0,1,1
thaaaaaaaaaaaaaaaaaanks,0,1,1
thaaaaaaaaaaaaanks,1,0,1
thaaaaaaaaaaaat,1,0,1
thaaaaaaaaaaank,0,2,2
thaaaaaaaaaanks,0,1,1
thaaaaaaaaank,1,2,3
thaaaaaaaankss,0,1,1
thaaaaaaaat,1,0,1
thaaaaaaaats,0,1,1
thaaaaaaanks,1,3,4
thaaaaaank,0,1,1
thaaaaaanks,0,2,2
thaaaaaanx,0,1,1
thaaaaaat,0,2,2
thaaaaaats,0,1,1
thaaaaang,0,1,1
thaaaaank,0,3,3
thaaaaanks,0,3,3
thaaaaat,1,1,2
thaaaang,0,1,1
thaaaank,0,3,3
thaaaanks,5,8,13
thaaaannks,0,1,1
thaaaat,3,1,4
thaaaats,2,1,3
thaaab,1,0,1
thaaai,0,1,1
thaaang,2,1,3
thaaank,3,5,8
thaaanks,5,22,27
thaaanksz,0,1,1
thaaankyou,0,2,2
thaaankyouu,0,1,1
thaaannkkss,0,1,1
thaaanx,0,2,2
thaaat,9,7,16
thaaats,1,0,1
thaai,0,1,1
thaan,3,2,5
thaang,0,3,3
thaank,3,4,7
thaanks,2,25,27
thaanku,0,2,2
thaankyouu,0,1,1
thaankyouuuu,0,1,1
thaannxxx,0,1,1
thaanx,0,1,1
thaas,1,1,2
thaat,7,9,16
thaath,0,1,1
thaats,0,2,2
thaatt,1,0,1
thaattt,0,1,1
thab,0,3,3
thabani,1,0,1
thabeet,0,1,1
thabk,0,2,2
thabks,0,2,2
thabo,0,1,1
thacarteriii,0,1,1
thach,0,1,1
thackeray,1,2,3
thad,5,1,6
thadd,0,2,2
thaddy,0,1,1
thade,1,0,1
thads,1,0,1
thadugoutcrew,0,1,1
thae,0,1,1
thaessica,0,1,1
thaey,0,1,1
thah,1,0,1
thaha,0,1,1
thahir,1,0,1
thahks,0,1,1
thaht,1,0,1
thahts,0,1,1
thai,134,260,394
thaicoon,0,1,1
thaii,0,1,1
thailad,1,0,1
thailamd,0,1,1
thailand,85,86,171
thailong,0,1,1
thaimaeup,1,0,1
thainese,0,1,1
thaini,0,1,1
thainking,1,0,1
thainstone,1,0,1
thaipbs,0,2,2
thaipot,1,0,1
thair,0,2,2
thais,3,4,7
thaisa,0,1,1
thaise,0,1,1
thaiza,0,1,1
thajoys,1,0,1
thajskou,0,1,1
thak,1,16,17
thaka,0,1,1
thakar,1,0,1
thake,0,3,3
thaking,0,2,2
thaklam,0,1,1
thaknks,0,1,1
thakns,0,1,1
thaknss,0,1,1
thaks,0,9,9
thakur,1,3,4
thakyou,1,0,1
thal,0,1,1
thala,1,0,1
thalaiva,0,1,1
thalassemia,0,1,1
thales,3,0,3
thalf,1,0,1
thalia,1,8,9
thaliand,0,1,1
thalits,1,0,1
thalon,1,0,1
thalwil,1,0,1
tham,7,5,12
thamai,1,1,2
thambo,0,1,1
thames,10,19,29
thameslink,0,1,1
thammil,0,1,1
thamrin,0,1,1
thamy,0,1,1
than,6977,7492,14469
thana,0,1,1
thanbackstabbingfakerwannabehoochiemamaslivinginraleigh,0,1,1
thandak,0,1,1
thandis,1,0,1
thane,1,1,2
thanet,1,0,1
thanever,1,0,1
thanful,0,1,1
thang,60,133,193
thangalang,0,1,1
thangg,3,3,6
thangoo,0,1,1
thangs,14,12,26
thangu,0,1,1
thanguuuuuuuu,0,1,1
thanh,2,6,8
thani,1,0,1
thania,1,0,1
thank,2282,15736,18018
thankallah,1,1,2
thankasoldier,0,1,1
thankd,0,5,5
thanked,9,24,33
thankee,0,19,19
thankees,0,2,2
thankerly,0,1,1
thankers,0,1,1
thankful,91,346,437
thankfull,0,7,7
thankfulllly,0,1,1
thankfullly,1,0,1
thankfully,133,209,342
thankfulthursday,0,2,2
thankfuly,1,0,1
thankg,0,2,2
thankgod,14,16,30
thankgoditsglaude,1,0,1
thankgoodnees,0,1,1
thankgoodness,1,1,2
thankgoodnessforlaptops,0,1,1
thankgosh,0,1,1
thanki,0,1,1
thankie,0,4,4
thankieeee,0,1,1
thankieeeess,0,1,1
thankieeess,1,0,1
thankies,8,85,93
thankiesm,0,1,1
thankiesss,0,2,2
thankiessss,0,1,1
thankiez,0,1,1
thankiezeee,0,1,1
thankiie,0,2,2
thankiieees,0,1,1
thankiies,0,1,1
thankiiies,0,1,1
thankiin,0,1,1
thankin,3,6,9
thankiness,0,1,1
thanking,25,149,174
thankings,0,1,1
thankk,0,7,7
thankkfully,1,0,1
thankkiiuuuuuu,0,1,1
thankkk,4,3,7
thankkkk,0,4,4
thankkkkk,0,1,1
thankkkkkk,0,1,1
thankkkkkkkk,0,1,1
thankkkkkkkkkk,1,0,1
thankkkkks,0,2,2
thankkkks,1,3,4
thankkkkz,0,1,1
thankkks,0,3,3
thankkksss,0,2,2
thankkkyoooou,0,1,1
thankks,1,10,11
thankkss,4,1,5
thankless,1,0,1
thankoo,1,1,2
thankooo,0,2,2
thankoos,0,3,3
thankoyu,0,1,1
thankq,2,0,2
thanks,5768,34375,40143
thanksabunchesbabes,1,0,1
thanksbby,0,1,1
thanksdude,1,0,1
thanksemma,0,1,1
thanksfor,1,1,2
thanksgiving,12,15,27
thanksgod,0,1,1
thanksh,1,0,1
thanksie,0,2,2
thanksies,1,5,6
thanksj,0,1,1
thanksk,0,1,1
thanksomg,1,0,1
thankspandora,1,0,1
thankss,18,75,93
thankssomuch,0,1,1
thanksss,5,54,59
thankssss,5,20,25
thanksssss,0,8,8
thankssssss,0,4,4
thanksssssss,0,4,4
thankssssssss,0,1,1
thanksssssssss,0,1,1
thankssssssssss,0,2,2
thanksssssssssss,0,1,1
thankssssssssssss,0,1,1
thankssssssssssssss,0,1,1
thanksthanks,0,1,1
thanksthanksthanks,0,1,1
thanksthanksthanksthanks,0,1,1
thankstwitter,0,1,1
thanksu,0,1,1
thanksyou,0,1,1
thanksz,0,4,4
thankszzzzz,0,1,1
thanku,8,43,51
thankujesus,0,1,1
thankus,0,1,1
thankuu,0,2,2
thankuun,0,1,1
thankuuu,0,1,1
thankx,4,30,34
thankxx,0,5,5
thankxz,0,1,1
thanky,1,5,6
thankya,0,8,8
thankyaaaaa,1,0,1
thankyah,0,1,1
thankye,0,1,1
thankyee,0,1,1
thankyooooou,0,1,1
thankyooouu,0,1,1
thankyoou,0,1,1
thankyoouuu,0,1,1
thankyou,88,663,751
thankyoub,0,1,1
thankyougod,0,3,3
thankyoulove,0,1,1
thankyounkotb,0,2,2
thankyoup,0,1,1
thankyous,0,2,2
thankyousaturday,0,1,1
thankyousifla,0,1,1
thankyousoverymuch,0,1,1
thankyouthankyouthankyou,1,1,2
thankyouu,5,30,35
thankyouuu,0,14,14
thankyouuuu,1,6,7
thankyouuuuu,0,2,2
thankyouuuuuu,0,2,2
thankyouuuuuuu,0,1,1
thankyouuuuuuuuu,0,1,1
thankyouverymuch,0,6,6
thankys,0,2,2
thankyup,0,1,1
thankz,3,31,34
thankzz,0,1,1
thanl,0,1,1
thanline,1,0,1
thanlk,0,1,1
thanlls,0,1,1
thanls,1,1,2
thanmin,0,1,1
thanmks,0,1,1
thann,1,2,3
thanne,0,1,1
thanngg,1,0,1
thanni,0,1,1
thannkkk,0,1,1
thannkksss,0,1,1
thannks,1,6,7
thannkyou,0,1,1
thannnk,0,1,1
thannnkk,0,1,1
thannnnks,0,1,1
thannnnnk,0,1,1
thannnnnks,0,1,1
thannnnnnnnnx,0,1,1
thannnx,0,1,1
thannnxxx,0,1,1
thannx,0,1,1
thano,0,1,1
thanom,1,0,1
thanq,1,3,4
thans,1,6,7
thansk,1,10,11
thant,2,1,3
thanthe,0,1,1
thanx,215,1094,1309
thanxbb,0,1,1
thanxies,0,1,1
thanxks,0,1,1
thanxo,0,1,1
thanxoffly,0,1,1
thanxs,3,11,14
thanxx,5,35,40
thanxxx,2,12,14
thanxxxx,0,2,2
thanxxxxx,0,1,1
thanya,1,0,1
thanz,0,1,1
thanzz,0,1,1
thao,1,4,5
thappen,1,0,1
thappened,1,0,1
thaqafeh,1,0,1
thar,9,23,32
thara,1,1,2
tharaaaaaaaa,1,0,1
tharah,0,1,1
tharayil,0,1,1
thare,1,0,1
thareasonwhy,0,1,1
tharkyish,1,0,1
tharon,0,1,1
tharoor,0,5,5
tharp,1,1,2
thars,1,2,3
thart,0,1,1
tharum,0,1,1
thary,0,1,1
thas,32,41,73
thasfodamnsho,2,0,2
thash,1,2,3
thass,2,7,9
thassa,0,1,1
thassright,1,0,1
thasss,0,1,1
thasssssssssss,0,1,1
thast,2,2,4
thasts,0,1,1
thaswassup,0,1,1
that,82729,83068,165797
thata,3,3,6
thatanyways,0,1,1
thatas,1,0,1
thataways,0,1,1
thatbig,1,0,1
thatbmeans,1,0,1
thatboy,0,2,2
thatcameraguy,2,0,2
thatcham,2,0,2
thatchedhouse,0,1,1
thatcher,4,4,8
thatcherism,0,1,1
thatching,1,0,1
thatd,9,24,33
thatday,1,0,1
thatdoen,0,1,1
thatepisode,1,0,1
thatfleminggent,0,1,1
thatgon,1,0,1
thatha,0,1,1
thathurted,1,0,1
thathuvam,0,1,1
thati,0,4,4
thatis,1,0,1
thatit,1,0,1
thatitans,1,0,1
thatjonaskidjoe,2,0,2
thatk,0,1,1
thatkidtexas,0,1,1
thatks,0,1,1
thatl,2,1,3
thatll,9,7,16
thatlondon,0,1,1
thatlong,1,0,1
thatls,0,1,1
thatmade,0,1,1
thatmakes,0,1,1
thatn,0,1,1
thatnk,0,1,1
thatnks,2,2,4
thatnow,1,0,1
thatonegirljoy,0,1,1
thatonegrandpa,0,1,1
thatr,1,0,1
thatre,1,0,1
thatrunnerchick,0,1,1
thats,4299,5167,9466
thatsa,2,0,2
thatsmooth,0,1,1
thatsmyword,0,1,1
thatsnotmynamex,0,1,1
thatss,6,6,12
thatsss,1,1,2
thatsssss,0,1,1
thatsucks,2,0,2
thatswatsup,0,1,1
thatswhat,1,0,1
thatswhatilikeaboutsundays,0,1,1
thatswhatshesaid,1,0,1
thatsz,3,5,8
thatt,18,9,27
thatta,0,1,1
thatte,0,1,1
thatter,0,1,1
thatters,0,1,1
thattherelondon,1,0,1
thattill,1,0,1
thatts,0,2,2
thattt,9,8,17
thatttt,4,4,8
thattttt,1,2,3
thattttttt,0,1,1
thatv,1,1,2
thatvhappened,1,0,1
thatvideo,0,1,1
thatvyou,0,1,1
thatwasn,0,1,1
thatwjile,0,1,1
thatwould,1,1,2
thatwouldmake,1,0,1
thatx,1,0,1
thaty,2,2,4
thatyou,0,1,1
thatz,14,24,38
thaugh,1,0,1
thaught,7,1,8
thaurissan,1,0,1
thaw,5,4,9
thawaab,0,1,1
thawed,4,2,6
thawing,5,6,11
thawt,4,0,4
thawts,1,0,1
thax,0,1,1
thaxs,0,1,1
thaxtonkatsu,0,1,1
thay,16,16,32
thayank,0,1,1
thaye,0,1,1
thayer,0,3,3
thayers,0,1,1
thayil,1,0,1
thayir,1,1,2
thayna,2,0,2
thayre,0,1,1
thayrine,0,1,1
thays,1,1,2
thaysoler,0,1,1
thayvon,1,0,1
thaz,0,3,3
thb,4,1,5
thbar,0,1,1
thbday,0,1,1
thbe,2,0,2
thbird,1,0,1
thc,7,4,11
thd,1,5,6
thday,1,1,2
the,257836,265998,523834
thea,10,15,25
theaa,0,1,1
theaaaa,1,0,1
theabchan,0,1,1
theabtheory,0,1,1
theacer,1,0,1
theadamlambert,0,1,1
theadt,1,0,1
theae,1,0,1
theagee,1,1,2
theak,1,0,1
theam,0,1,1
theangelwithout,0,2,2
theanimalblog,0,1,1
theanine,0,1,1
theappleblog,0,1,1
theapprentice,8,4,12
theaquarium,1,0,1
theare,0,1,1
thearit,1,0,1
theartre,1,0,1
thearyoulalala,0,1,1
theas,1,0,1
thease,1,0,1
theasianparent,1,0,1
theat,0,1,1
theater,204,240,444
theateres,0,1,1
theaterhopper,0,1,1
theaterical,0,1,1
theaterrr,0,1,1
theaters,54,33,87
theaterschool,1,0,1
theator,0,1,1
theatre,236,217,453
theatreness,1,0,1
theatres,19,20,39
theatreseason,1,0,1
theatreshows,1,0,1
theatresports,2,0,2
theatress,0,1,1
theatretrain,0,1,1
theatric,0,1,1
theatrical,4,4,8
theatronmunich,0,1,1
theatrum,0,1,1
theature,0,1,1
theaus,0,1,1
theaustralian,0,1,1
theb,3,1,4
thebachelorette,1,0,1
theback,1,0,1
thebackdoor,0,2,2
thebajanvixen,0,1,1
thebar,1,0,1
thebarn,0,1,1
thebasementlive,0,1,1
thebatterysdown,2,0,2
thebcast,1,0,1
thebeard,0,1,1
thebeast,1,1,2
thebeat,1,0,1
thebeautiful,0,1,1
thebeauty,1,0,1
thebeautychick,1,0,1
thebeckyanne,1,0,1
theberg,0,1,1
thebes,1,0,1
thebest,1,0,1
thebestb,1,0,1
thebestyearofyourlifeyet,0,1,1
thebig,0,1,1
thebigbounce,0,3,3
thebiggerlights,0,1,1
thebigrace,1,0,1
thebirdistheword,0,1,1
thebirght,0,1,1
thebirthday,1,0,1
theblackout,0,1,1
theblackparade,0,1,1
thebn,1,1,2
thebnparetwats,4,2,6
thebomb,0,3,3
theboomtube,0,1,1
thebooster,0,4,4
theboss,0,1,1
thebox,0,1,1
theboy,1,0,1
thebparents,0,1,1
thebrain,1,0,1
thebrainpond,0,1,1
thebrandicyrus,0,1,1
thebrick,1,0,1
thebridge,1,0,1
thebrightside,0,1,1
thebrittanyhale,0,1,1
thebron,1,0,1
thebunnymen,2,0,2
thecabb,1,0,1
thecamerokid,1,0,1
thecareysisters,1,0,1
thecarlossantana,0,1,1
thecarteriii,0,2,2
thecasa,0,1,1
thecast,1,0,1
thecatholicspirit,1,0,1
thechad,1,0,1
thechaser,0,1,1
thechi,1,0,1
thecie,0,1,1
thecity,0,1,1
thecityhippie,1,0,1
thecloser,0,1,1
theclosest,1,0,1
theclubihavebeendying,1,0,1
thecobrasnake,1,0,1
thecomforts,0,1,1
thecomputernerd,0,2,2
thecoolniverse,0,1,1
thecostellomusic,1,0,1
thecousins,0,1,1
thecross,1,0,1
thecsperspective,0,1,1
thecubicleman,0,1,1
thecure,1,0,1
theda,0,1,1
thedailyshow,3,1,4
thedailywhat,2,0,2
thedarkcrystal,1,0,1
thedating,0,1,1
theday,2,1,3
thedayy,0,1,1
thedead,1,0,1
thedebbyryan,0,1,1
thedecemberists,0,1,1
thedictators,0,1,1
thedictionaryscene,0,1,1
thedisneyvault,1,0,1
thedog,1,0,1
thedon,1,0,1
thedongles,0,1,1
thedoors,1,0,1
thedoves,1,0,1
thedowntownfiction,0,2,2
thedrilldown,0,1,1
thedrome,0,1,1
theduty,0,1,1
thedyingsirens,0,1,1
thedzer,1,0,1
thee,152,256,408
theee,11,30,41
theeee,7,13,20
theeeee,0,4,4
theeeeee,1,1,2
theeeeeee,0,1,1
theeeeeeeee,1,0,1
theeeeeeeeeeeee,0,1,1
theeeeeeeeeeeeeem,1,0,1
theeeeeeeeere,1,0,1
theeeeeeere,1,1,2
theeeeeen,1,0,1
theeeeeeres,1,0,1
theeeeem,0,1,1
theeeeen,1,0,1
theeeeennnnx,0,1,1
theeeeere,0,1,1
theeeeerrrrre,0,1,1
theeeem,3,0,3
theeeen,0,3,3
theeeere,2,3,5
theeem,6,3,9
theeen,1,5,6
theeere,1,1,2
theeeree,0,1,1
theeereeee,1,0,1
theeesss,0,1,1
theeey,0,2,2
theefreshvibe,0,1,1
theeheheh,1,0,1
theeir,0,1,1
theek,3,2,5
theel,1,0,1
theeliteprogrammer,2,0,2
theellenshow,3,0,3
theem,3,1,4
theeme,0,1,1
theemm,1,3,4
theemmyawards,0,1,1
theen,2,4,6
theend,0,1,1
theenks,0,1,1
theeok,1,0,1
theere,1,2,3
theerree,1,0,1
theerrree,0,1,1
theese,5,2,7
theeth,2,0,2
theevilsunshine,0,1,1
theey,1,1,2
thefaceofsmashbox,0,1,1
thefact,2,0,2
thefakekristen,0,1,1
thefamilies,0,1,1
thefamily,0,1,1
thefarm,1,0,1
thefashionspot,1,0,1
theflu,1,0,1
thefox,0,1,1
thefragile,3,0,3
thefrog,0,1,1
theft,26,21,47
thefts,2,0,2
thefty,0,1,1
thefuck,0,1,1
thefurious,1,0,1
thegadgetshow,0,1,1
thegame,2,0,2
theganjabus,1,1,2
thegathering,0,1,1
thegcfamily,0,1,1
thegirls,0,2,2
thegoodreadsmagazine,0,1,1
thegreendeath,2,0,2
thegreenteen,5,4,9
thegrocerygame,0,1,1
thegrove,0,1,1
theguardian,0,1,1
theguild,0,1,1
theh,2,0,2
thehague,0,1,1
thehalfariel,1,0,1
thehangover,0,2,2
thehannabeth,1,0,1
thehardcore,1,0,1
thehe,0,1,1
thehead,2,0,2
theheck,1,0,1
thehehe,1,0,1
thehelpi,1,0,1
thehhee,0,1,1
thehills,2,3,5
thehitlist,2,0,2
thehodge,1,0,1
thehopeisours,2,0,2
thehorn,1,0,1
thehospital,1,0,1
thehott,1,0,1
thehouse,0,1,1
thehunter,1,0,1
thehypercube,0,2,2
thei,2,2,4
theideacamp,0,2,2
theif,3,5,8
theifed,1,0,1
theimanwilliamsproject,0,1,1
theinbetweeners,1,0,1
theinfield,1,0,1
theinstance,0,1,1
their,4414,4084,8498
theire,0,2,2
theiroriginal,0,1,1
theirs,69,59,128
theirself,0,1,1
theirselves,2,0,2
theirsleves,1,0,1
theirsql,1,0,1
theis,2,1,3
theise,1,0,1
theiskra,0,1,1
theist,0,1,1
theists,0,1,1
theit,1,1,2
theived,1,0,1
theivery,1,1,2
theives,6,1,7
thejar,1,0,1
thejas,0,1,1
thejavajive,0,1,1
thejefferson,1,0,1
thejlu,0,1,1
thejohnnyg,0,1,1
thejoshuablog,1,0,1
thek,0,2,2
theka,1,0,1
thekarimuddin,0,1,1
thekatwong,1,0,1
theke,1,0,1
thekekeandlalashow,0,1,1
theker,1,0,1
thel,0,1,1
thelab,1,0,1
thelarvafans,1,0,1
thelast,1,0,1
theleis,0,1,1
thelichu,0,1,1
theline,0,1,1
thelittlethings,0,1,1
thelma,4,7,11
thelo,0,1,1
thelockerblog,1,0,1
thelondonsnowman,0,1,1
thelonelinessofthelongdistanceblogger,1,0,1
thelonious,0,1,1
thelos,0,1,1
thelostexperience,0,1,1
thelotusgarden,0,1,1
theloume,0,1,1
thelovelybones,1,3,4
thelug,0,1,1
thelw,2,0,2
them,12618,12150,24768
thema,1,1,2
themacystar,1,0,1
themaguire,1,0,1
themainedaily,0,1,1
theman,2,0,2
themandymooretaylor,0,1,1
themarket,0,1,1
themarsresolution,1,0,1
themas,1,0,1
thematic,2,2,4
thematically,1,1,2
themawechsel,0,1,1
thembisa,1,0,1
theme,222,481,703
themeatic,1,0,1
themed,30,58,88
themedia,0,1,1
themeeee,0,1,1
themeetinghouse,0,1,1
themeforest,0,4,4
themelis,0,1,1
thememm,0,1,1
thementalist,0,1,1
themepark,0,1,1
themeroller,0,1,1
themers,1,0,1
themes,65,78,143
themeselves,1,0,1
themesong,0,1,1
themet,0,1,1
themiddle,1,1,2
themikelopez,1,0,1
theming,1,5,6
themirror,0,1,1
themit,1,0,1
themits,0,1,1
themm,15,15,30
themmm,6,11,17
themmmm,3,5,8
themmmmm,1,0,1
themmmmmmm,0,2,2
themmmmmmmmmmm,1,0,1
themn,1,0,1
themoment,1,0,1
themonth,1,0,1
themorning,0,1,1
themorningafter,0,1,1
themost,1,0,1
themostawesomepromever,0,1,1
themovies,0,1,1
thems,1,2,3
themself,5,1,6
themselfs,1,0,1
themselves,186,197,383
themselvs,1,0,1
themselvz,0,1,1
themseves,0,1,1
themsleves,1,0,1
themusic,1,0,1
themysterychannel,1,0,1
themz,1,1,2
then,15268,19368,34636
thenababes,1,0,1
thenagain,2,0,2
thenan,1,0,1
thenboys,1,0,1
thencoming,0,1,1
thencreatesouls,0,1,1
thene,0,1,1
thenethernet,0,1,1
thenew,0,1,1
thenewbnb,0,1,1
thenewlolakutty,0,1,1
thenewno,0,1,1
thenext,1,0,1
thenextweb,0,1,1
thenfirst,0,1,1
theng,0,1,1
thenga,1,0,1
thengew,0,1,1
thenhas,1,0,1
theni,1,0,1
thenice,0,1,1
thenight,2,0,2
thenlol,1,0,1
thenn,9,24,33
thennn,6,13,19
thennnn,2,12,14
thennnnn,0,3,3
thennnnnnnn,1,0,1
thennnnnnnnn,0,1,1
thennnnnnnnnn,0,1,1
thenofftobedd,1,0,1
thenofftoschool,1,0,1
thenotebook,1,0,1
thens,2,1,3
thenschoolinthemorning,1,0,1
thenses,1,0,1
thenshe,1,0,1
thentried,1,0,1
thenz,1,0,1
theo,20,24,44
theobroma,1,0,1
theoc,0,1,1
theocracy,2,0,2
theocratic,1,0,1
theodor,0,1,1
theodore,1,3,4
theodoridou,0,1,1
theodoro,1,0,1
theoffice,1,3,4
theofficenbc,1,1,2
theofficialarchuleta,0,2,2
theohawards,0,1,1
theologian,0,2,2
theological,0,5,5
theologies,0,2,2
theology,7,8,15
theonearmedgamer,0,1,1
theonion,0,1,1
theonlinemom,8,0,8
theonly,1,0,1
theooooo,1,1,2
theophylline,0,1,1
theoppositeoftruelove,1,0,1
theora,1,0,1
theorapist,1,0,1
theorem,1,8,9
theorems,5,1,6
theoretical,6,2,8
theoretically,6,8,14
theoreticlly,1,0,1
theories,11,19,30
theoriginalscrapbox,0,1,1
theoriginaltyler,0,2,2
theorist,0,2,2
theorists,0,4,4
theoropy,0,1,1
theory,198,247,445
theosophist,0,1,1
theosophy,0,1,1
theotheralistai,1,0,1
theoutdoorline,0,1,1
theoz,1,0,1
theozinho,1,0,1
thep,1,0,1
thepaintingguy,1,0,1
thepapas,0,1,1
theparents,1,0,1
theparty,2,0,2
thepeanutdogfanclub,0,1,1
thepet,1,1,2
thepinkhippievan,0,1,1
thepioneerwoman,0,1,1
thepiratebay,4,2,6
thepit,1,0,1
thepla,0,1,1
theplan,0,1,1
theplanet,0,1,1
theplate,0,1,1
theplayer,1,0,1
thepluralthing,0,1,1
theplus,1,0,1
thepool,1,0,1
thepooldad,1,0,1
theppk,0,1,1
thepradadevil,1,0,1
thepriest,1,0,1
theprincessbelle,0,1,1
theproductive,1,0,1
theprofessionalidiot,1,0,1
theproj,1,0,1
thepug,1,0,1
thequeenoqueens,1,0,1
theques,0,1,1
thequizshow,0,1,1
ther,94,72,166
thera,5,1,6
therabithia,0,1,1
theraby,0,1,1
theraflu,25,7,32
therafluuu,1,0,1
therain,0,1,1
theran,2,1,3
therapeutic,5,22,27
therapeutics,1,0,1
therapeutize,1,0,1
theraphy,1,1,2
therapie,0,1,1
therapies,0,1,1
therapist,31,30,61
therapists,3,4,7
therapuetic,1,0,1
theraputic,0,2,2
therapy,169,174,343
therapyfail,1,0,1
therapyyy,1,0,1
therapyyyy,1,0,1
therasas,0,1,1
theravada,0,1,1
there,23925,21338,45263
therea,1,0,1
thereabouts,2,1,3
thereadingzone,0,1,1
thereafter,8,3,11
therealbeach,1,0,1
therealbeyonce,0,1,1
therealbillyray,0,1,1
therealcharice,1,0,1
therealdemi,0,1,1
therealestehro,0,1,1
therealhardyshow,0,1,1
therealingrosso,0,1,1
thereality,1,0,1
therealjaymills,1,0,1
therealjust,0,1,1
therealmarkel,0,1,1
therealmigo,0,1,1
therealpickler,0,1,1
therealsuri,1,0,1
therealtiffany,0,1,1
therealyungberg,0,1,1
thereaperde,1,0,1
thereason,0,1,1
therebeccablack,0,1,1
thereby,5,3,8
thered,0,1,1
theree,25,19,44
thereee,12,12,24
thereeee,7,7,14
thereeeee,2,1,3
thereeeeeee,0,2,2
thereeeeeeeee,1,1,2
thereeeeeeeeeee,1,0,1
thereeeeeeeeeeee,1,0,1
therefor,8,6,14
therefore,152,132,284
thereforth,0,1,1
therefortomorrow,1,0,1
theregister,1,0,1
theregoestheweekend,1,0,1
theregoin,1,0,1
therein,1,5,6
thereis,0,1,1
thereisno,1,0,1
therel,0,1,1
therell,2,1,3
therem,1,0,1
theremaybe,0,1,1
theremin,0,3,3
therenamehere,0,1,1
therenis,1,0,1
thereof,11,8,19
thereon,1,0,1
therepy,2,0,2
therer,0,1,1
therereererree,1,0,1
thererfemaledj,1,0,1
theres,1028,559,1587
theresa,16,21,37
theresaharring,0,1,1
therescue,0,2,2
therese,2,5,7
theresno,1,0,1
theress,2,0,2
theressa,1,0,1
therest,0,1,1
theresthesun,1,0,1
therethey,1,0,1
therexxx,1,0,1
therez,3,3,6
therf,0,1,1
therfore,4,0,4
therfuck,1,0,1
therhirstyear,0,1,1
therhouse,0,1,1
theri,0,4,4
therin,0,1,1
therinja,0,1,1
therion,0,1,1
theriot,2,1,3
theripist,1,0,1
therivanqueen,1,0,1
theriyadhu,1,0,1
theriyalai,1,0,1
therm,3,0,3
thermador,0,2,2
thermal,8,6,14
thermalbad,0,1,1
thermals,2,6,8
thermapen,0,1,1
thermarests,0,1,1
thermidor,0,1,1
thermidore,0,1,1
thermite,0,2,2
thermo,2,1,3
thermobol,0,1,1
thermocouple,1,0,1
thermodynamic,1,0,1
thermodynamics,2,2,4
thermometer,19,7,26
thermometres,1,0,1
thermomture,2,0,2
thermos,1,3,4
thermostat,12,1,13
thernks,1,0,1
theroadworrior,1,0,1
therock,0,1,1
therocketsummer,1,0,1
theron,1,2,3
theroovers,0,1,1
theropy,1,0,1
theroser,0,1,1
theroux,1,2,3
theroy,2,2,4
therr,5,3,8
therre,4,2,6
therree,0,1,1
therreee,1,0,1
therrells,0,1,1
therres,1,0,1
therrr,2,0,2
therrre,1,2,3
therrreeeeeee,0,1,1
therrrre,1,0,1
thers,14,8,22
therum,1,0,1
therun,1,0,1
therundown,0,1,1
therush,2,2,4
thery,1,0,1
theryre,1,0,1
therz,2,1,3
thes,5,3,8
thesa,0,1,1
thesaboteur,1,0,1
thesacredproject,1,0,1
thesame,1,1,2
thesantaborringg,0,1,1
thesaturnine,0,1,1
thesatz,1,0,1
thesauri,1,0,1
thesaurus,4,4,8
thesause,0,1,1
thesavvyseller,1,0,1
thescene,4,0,4
thescubasite,0,1,1
these,3822,3028,6850
thesecond,0,1,1
thesedays,0,2,2
thesefew,0,1,1
theserverside,1,0,1
theses,8,15,23
theseshows,1,0,1
theseunless,0,1,1
thesi,1,0,1
thesimpsons,1,1,2
thesims,9,4,13
thesis,133,109,242
thesising,1,0,1
thesiswp,0,1,1
thesixtyone,0,4,4
theslips,0,1,1
theslz,0,1,1
thesmartecard,1,2,3
thesound,1,0,1
thesoundtrack,1,0,1
thesoup,0,1,1
thespacebarisn,3,0,3
thespeedgamers,0,1,1
thespian,4,4,8
thespians,2,4,6
thesr,1,0,1
thessaloniki,2,5,7
thestand,0,1,1
thestar,0,3,3
thestars,1,0,1
thestate,0,1,1
thestraightchoice,0,1,1
thestrat,0,1,1
thestreetforce,0,1,1
thestripand,0,1,1
thestudioo,1,0,1
thesucky,1,0,1
thesulumitsretsambew,4,1,5
thesunlightdoesn,1,0,1
thesuperficial,1,0,1
thesze,0,1,1
thet,7,3,10
theta,3,4,7
thetacos,0,1,1
thete,1,1,2
theteaser,1,0,1
thetford,6,4,10
thethingsiwant,0,1,1
thetime,1,0,1
thetmy,1,0,1
thetonight,1,0,1
thetonightshow,1,0,1
thetonyawards,0,1,1
thetoplens,0,1,1
thetrent,0,1,1
thettudio,0,1,1
thetus,0,1,1
theu,1,1,2
theuk,1,0,1
theumbrolly,0,1,1
theuninvited,1,0,1
theunusuals,2,0,2
theus,0,1,1
theused,1,0,1
theve,1,0,1
thevenominside,3,0,3
thevibe,1,0,1
theview,0,1,1
thevinners,1,0,1
thevintagediva,0,1,1
thevirtualconcierge,0,1,1
thevoshifive,1,0,1
thew,6,2,8
theway,0,1,1
thewaytodoit,0,1,1
thewdb,0,1,1
theweather,1,0,1
thewebmakesmefeel,0,1,1
thewhitehatter,1,2,3
thewinekone,0,1,1
thewire,1,1,2
thewiseoldowl,0,1,1
thewkap,1,0,1
thewordisyou,0,1,1
theworldscraziestcircus,0,1,1
theworstchatupline,0,1,1
thewren,1,0,1
thewrestler,0,1,1
thewritestuff,0,1,1
thex,1,0,1
thexfiles,0,1,1
thexiaxue,1,0,1
they,25015,18348,43363
theya,0,2,2
theyallfail,1,0,1
theyare,2,0,2
theyb,1,0,1
theybetter,1,0,1
theybf,2,0,2
theyd,9,6,15
theydgetapieceofmymind,0,1,1
theyfuckinlostandaredown,0,1,1
theyh,1,0,1
theyk,0,1,1
theyl,3,1,4
theylet,1,0,1
theyll,22,12,34
theynormally,1,0,1
theyr,18,20,38
theyre,225,168,393
theyree,0,1,1
theyrereallybig,0,1,1
theyres,2,0,2
theyrez,1,0,1
theyrock,1,0,1
theyrs,2,0,2
theys,2,0,2
theyu,0,1,1
theyummyblog,1,0,1
theyv,1,0,1
theyve,18,12,30
theyy,5,3,8
theyyy,0,1,1
theyyyre,1,0,1
theyyyy,2,0,2
theyz,2,0,2
thez,1,0,1
theze,2,2,4
thf,1,0,1
thfj,0,1,1
thform,1,0,1
thg,2,0,2
thgat,0,1,1
thge,1,0,1
thgeneration,1,0,1
thgere,1,0,1
thgh,1,4,5
thght,6,3,9
thghts,0,1,1
thgough,0,1,1
thgrade,2,1,3
thgradepromodance,0,1,1
thgrader,0,3,3
thgs,1,1,2
thgt,3,1,4
thh,0,6,6
thha,1,0,1
thhaankk,0,1,1
thhaanks,1,0,1
thhacgvpmbk,0,1,1
thhanks,1,1,2
thhat,2,1,3
thhats,1,0,1
thhe,6,2,8
thhee,0,1,1
thheeee,1,0,1
thheen,0,1,1
thhere,0,1,1
thhereinboston,0,1,1
thhey,0,1,1
thhh,0,2,2
thhhhh,0,1,1
thhhhhhhiink,1,0,1
thhhhiiiiiiiiiiiiiiiiiiiiiiiiiiiiiiiiiiissssssssssssssssssssssss,1,0,1
thhhhoooonggg,0,1,1
thhink,2,0,2
thhiss,1,0,1
thhnk,1,0,1
thhose,0,1,1
thhrough,1,0,1
thhs,1,0,1
thht,1,0,1
thhubmx,1,0,1
thhursday,0,1,1
thhxx,1,0,1
thi,49,37,86
thia,1,1,2
thiago,1,2,3
thialand,0,1,1
thias,1,0,1
thiat,0,1,1
thibaud,0,1,1
thibault,1,2,3
thibba,1,0,1
thibils,1,0,1
thibnk,1,0,1
thich,2,2,4
thick,116,97,213
thicka,0,1,1
thickbox,2,1,3
thicke,2,16,18
thicken,3,0,3
thickening,2,1,3
thicker,15,10,25
thickest,1,1,2
thicket,1,0,1
thickets,0,1,1
thickies,0,1,1
thickkk,0,1,1
thickkkkkk,1,0,1
thickler,1,0,1
thickly,0,1,1
thickness,7,7,14
thicko,2,0,2
thickshake,1,1,2
thickummzz,1,0,1
thid,2,5,7
thie,4,1,5
thief,27,26,53
thiefed,1,0,1
thiefs,2,0,2
thiel,0,1,1
thieme,0,1,1
thiena,0,1,1
thier,51,41,92
thierry,1,2,3
thiessen,2,0,2
thieu,0,1,1
thieve,0,1,1
thieveries,0,1,1
thievery,5,5,10
thieves,24,13,37
thieving,3,3,6
thiftys,1,0,1
thig,6,0,6
thigh,43,13,56
thigher,0,1,1
thighs,77,34,111
thight,1,1,2
thighz,1,0,1
thign,1,2,3
thigns,1,3,4
thigolaa,0,1,1
thigs,1,2,3
thigy,0,1,1
thihi,1,1,2
thihnk,1,0,1
thii,0,1,1
thiighs,1,0,1
thiiiiiiiick,1,0,1
thiiiiiiiiiiiiiiiiiiiiiiiiiiiiiiiiiiiiiiiiiiiiiiiiiiiiiiiiiiiiiiiiiiiiiiiiiiiiiiiiiiiissssssssssssssss,1,0,1
thiiiiiiiiiiiiiiiiiiiiiiiiiissssssssss,1,0,1
thiiiiiiiiiingss,1,0,1
thiiiiiiiink,1,0,1
thiiiiiink,1,0,1
thiiiiiis,1,0,1
thiiiiink,0,1,1
thiiiing,0,1,1
thiiiings,0,1,1
thiiiink,2,0,2
thiiiinkkkk,0,1,1
thiiiis,2,0,2
thiiiissss,1,0,1
thiiings,1,0,1
thiiiss,1,1,2
thiing,1,3,4
thiink,12,6,18
thiinkiin,0,1,1
thiinkiing,1,0,1
thiinkiinqq,1,0,1
thiinkiinqqq,1,0,1
thiinkin,0,1,1
thiinking,1,0,1
thiinkk,1,1,2
thiis,7,8,15
thiisss,1,0,1
thiissss,1,0,1
thiiuu,1,0,1
thiiz,1,0,1
thijs,1,2,3
thik,2,7,9
thike,0,1,1
thiki,1,0,1
thiking,3,4,7
thikn,2,0,2
thikning,0,1,1
thilde,0,1,1
thillaa,0,1,1
thillie,0,1,1
thim,2,2,4
thimesssss,0,1,1
thimg,0,1,1
thimk,1,1,2
thimking,1,0,1
thimks,1,0,1
thims,0,1,1
thimy,0,1,1
thin,151,107,258
thina,0,1,1
thinas,1,0,1
thinbsz,1,0,1
thincasey,0,1,1
thinder,0,1,1
thinderstorms,1,0,1
thinderstroms,1,0,1
thine,0,4,4
thinest,1,0,1
thing,7772,7117,14889
thinga,2,1,3
thingamabob,1,2,3
thingamabobber,1,0,1
thingamabobs,0,1,1
thingamagigyradooo,0,1,1
thingamajigger,0,1,1
thingamajigs,0,2,2
thingamejigs,0,1,1
thingamy,0,1,1
thingamybobs,0,1,1
thingd,0,2,2
thinge,1,0,1
thingee,1,2,3
thinger,3,4,7
thingers,0,1,1
thingey,1,0,1
thingg,2,6,8
thinggg,1,4,5
thingggg,2,1,3
thinggggg,1,0,1
thinggs,1,1,2
thinggsss,0,1,1
thinggy,3,3,6
thinggysss,1,0,1
thingi,1,1,2
thingie,20,18,38
thingiee,0,1,1
thingies,11,20,31
thinging,0,1,1
thingking,4,3,7
thingless,1,0,1
thingo,11,10,21
things,5797,5825,11622
thingsakassay,0,1,1
thingsihate,4,0,4
thingsiknowiwontget,0,1,1
thingsilike,0,1,1
thingsilikenumberfour,0,1,1
thingsilove,1,1,2
thingsimiss,1,0,1
thingsineedbackfrommyex,1,0,1
thingsiwonttellmyfriendsirl,1,0,1
thingsjamaicanslove,0,1,1
thingsl,1,0,1
thingsmummysaid,7,17,24
thingsnottowatchevar,1,0,1
thingss,2,2,4
thingsss,2,3,5
thingssss,2,1,3
thingsthathavebadtiming,1,0,1
thingsthathavetowait,1,0,1
thingsthathurtthemost,1,0,1
thingsthatihate,1,0,1
thingstodoonyourown,1,0,1
thingswotimadeup,0,1,1
thingum,1,0,1
thingummy,0,1,1
thingummybob,0,1,1
thingummys,0,1,1
thingy,226,211,437
thingybob,0,1,1
thingydo,1,0,1
thingymabob,2,0,2
thingymabober,0,1,1
thingymahjig,1,0,1
thingys,14,16,30
thingyy,1,5,6
thingyyyy,0,1,1
thingz,1,8,9
thinh,0,1,1
thinhk,1,1,2
thinig,0,1,1
thinigs,0,1,1
thining,0,3,3
thinj,1,0,1
think,21881,19526,41407
thinka,2,0,2
thinkb,0,1,1
thinkbits,1,0,1
thinkbvv,1,0,1
thinkcentre,1,0,1
thinkcon,0,1,1
thinkdigital,0,1,1
thinked,2,1,3
thinkeded,0,1,1
thinken,2,1,3
thinker,1,16,17
thinkers,0,9,9
thinketh,0,2,2
thinkful,0,1,1
thinkg,0,5,5
thinkgeek,2,3,5
thinkging,1,0,1
thinkgs,2,0,2
thinki,3,2,5
thinkie,0,1,1
thinkies,1,0,1
thinkig,0,1,1
thinkim,1,0,1
thinkimg,1,0,1
thinkin,351,282,633
thinking,3701,3609,7310
thinkingdigital,1,0,1
thinkingg,1,2,3
thinkinggg,3,0,3
thinkingggg,3,1,4
thinkingggggg,0,1,1
thinkingit,1,0,1
thinkings,0,1,1
thinkink,2,0,2
thinkinn,1,0,1
thinkinq,0,3,3
thinkk,12,10,22
thinkking,1,0,1
thinkkk,1,1,2
thinkkkk,1,1,2
thinkkkking,1,0,1
thinkkkkk,0,3,3
thinkkks,0,1,1
thinkkl,0,1,1
thinkl,1,0,1
thinkmy,1,1,2
thinkn,15,14,29
thinkng,2,1,3
thinkning,0,1,1
thinkpad,13,7,20
thinkpads,0,2,2
thinkpanda,0,1,1
thinkreferrals,1,0,1
thinks,1283,1184,2467
thinksher,1,0,1
thinksi,1,0,1
thinksm,1,0,1
thinkss,0,1,1
thinksssss,0,1,1
thinktank,0,4,4
thinkthe,1,0,1
thinktraffic,1,0,1
thinktweet,0,1,1
thinkvantage,1,0,1
thinkx,1,0,1
thinky,0,1,1
thinkyou,0,1,1
thinkz,1,3,4
thinl,2,3,5
thinlk,1,0,1
thinls,1,0,1
thinly,0,4,4
thinned,2,1,3
thinner,17,15,32
thinners,3,0,3
thinnest,2,2,4
thinngs,0,2,2
thinngy,0,1,1
thinnin,0,1,1
thinning,4,3,7
thinnk,2,2,4
thinnnggg,0,1,1
thinnnk,0,1,1
thinnnks,0,1,1
thinny,1,0,1
thinog,1,0,1
thinq,1,2,3
thinqiee,1,0,1
thinqs,1,1,2
thinqsz,1,0,1
thins,6,9,15
thinspiration,1,0,1
thinspired,1,0,1
thinspo,1,1,2
thinx,3,1,4
thio,0,1,1
thioanisole,1,0,1
thiongs,1,0,1
thionk,0,1,1
thiough,1,0,1
thiq,1,0,1
thir,3,2,5
third,450,383,833
thirdbreath,1,0,1
thirdday,0,2,2
thirdly,2,0,2
thirdpersonthursday,0,1,1
thirdrockfromthesun,0,1,1
thirds,5,8,13
thirft,1,0,1
thirichariyaam,0,1,1
thirlled,0,1,1
thirlwell,1,0,1
thirs,1,0,1
thirsday,0,2,2
thirsk,0,1,1
thirst,16,20,36
thirstiest,1,0,1
thirstily,1,0,1
thirstty,0,1,1
thirstu,1,0,1
thirsty,146,78,224
thirstythursday,1,0,1
thirstyy,0,1,1
thirstyyy,1,0,1
thirstyyyy,0,1,1
thirt,0,2,2
thirteen,17,19,36
thirteenth,1,0,1
thirties,1,1,2
thirtieth,2,2,4
thirtty,1,0,1
thirty,77,60,137
thirtyish,1,0,1
thirtyitis,1,0,1
thirtythree,0,1,1
thirupthi,0,1,1
thiruvanaikaval,0,1,1
thiry,1,1,2
this,52990,41565,94555
thisafternoon,3,0,3
thisavvy,2,0,2
thisaway,1,0,1
thisawesome,0,1,1
thisbit,1,0,1
thisblows,1,0,1
thisbout,1,0,1
thisclose,7,0,7
thiscoming,1,0,1
thiscrush,0,1,1
thisday,0,1,1
thisdude,1,0,1
thise,2,2,4
thisfuckingsucks,1,0,1
thish,0,1,1
thishh,1,0,1
thishitty,1,0,1
thisis,0,2,2
thisisdavina,1,0,1
thisisit,0,1,1
thisislilwayne,1,0,1
thisismewhining,1,0,1
thisismylife,1,0,1
thisissogay,1,0,1
thisiswhyyourefat,1,2,3
thisk,1,0,1
thisll,0,1,1
thislovebug,1,0,1
thismornin,1,0,1
thismorning,6,4,10
thismuch,1,0,1
thisnice,0,1,1
thisone,0,1,1
thispart,1,0,1
thisprovidence,0,1,1
thisrts,0,1,1
thiss,23,24,47
thissong,1,0,1
thisss,6,3,9
thissss,6,5,11
thisssss,2,3,5
thissssss,3,0,3
thisssssss,0,3,3
thissssssss,1,0,1
thisssssssssss,1,0,1
thissuckscameldick,1,0,1
thissummer,0,1,1
thister,1,0,1
thisther,0,1,1
thisthinggrrrrr,1,0,1
thisthursday,1,0,1
thistle,0,5,5
thistles,2,2,4
thisucks,1,0,1
thiswarisours,1,0,1
thiswayup,0,1,1
thisweek,2,0,2
thisweekinyoutube,0,1,1
thisz,5,0,5
thit,0,2,2
thithter,1,0,1
thiugh,1,0,1
thiught,2,0,2
thius,1,0,1
thiye,0,1,1
thiz,10,6,16
thizzle,1,0,1
thizzzzzzzzzzzz,0,1,1
thje,0,1,1
thjis,2,0,2
thjs,0,1,1
thjulyy,0,1,1
thjune,1,1,2
thk,15,23,38
thking,1,0,1
thks,18,48,66
thku,0,2,2
thl,1,0,1
thlakerschampionship,0,1,1
thlakoids,1,0,1
thlnks,0,1,1
thm,25,9,34
thmbs,1,1,2
thmdk,1,4,5
thme,1,0,1
thmgs,1,0,1
thn,58,56,114
thnak,1,1,2
thnaks,1,6,7
thnank,0,1,1
thnax,1,0,1
thnch,1,0,1
thnder,0,1,1
thne,0,3,3
thnext,1,0,1
thng,9,1,10
thngs,7,2,9
thngz,1,0,1
thnig,1,0,1
thniking,1,0,1
thnink,1,0,1
thnk,78,59,137
thnka,0,1,1
thnkass,0,1,1
thnkin,2,1,3
thnking,2,2,4
thnkn,3,2,5
thnkng,0,2,2
thnks,31,88,119
thnksbgt,1,0,1
thnku,1,2,3
thnkx,0,4,4
thnkxx,0,1,1
thnkxxxxxxxxxx,0,1,1
thnkyou,0,1,1
thnkyouu,1,0,1
thnkyu,0,1,1
thnkz,0,4,4
thnotty,1,0,1
thnq,0,2,2
thnx,112,475,587
thnxs,1,7,8
thnxu,0,1,1
thnxx,5,8,13
thnxxx,0,6,6
thnxxxx,0,1,1
thnxz,1,0,1
tho,5021,2834,7855
thoai,2,1,3
thoart,4,1,5
thoat,6,1,7
thoda,2,2,4
thodae,0,2,2
thoday,1,0,1
thode,1,0,1
thodhenge,0,1,1
thodi,1,1,2
thoe,4,5,9
thoery,0,1,1
thoes,3,5,8
thogh,1,1,2
thoght,4,1,5
thoguh,3,1,4
thoguht,3,2,5
thoguth,1,2,3
thoh,1,0,1
thoi,7,2,9
thoight,1,1,2
thoimi,0,1,1
thoiugh,1,0,1
thok,1,1,2
thokeyu,0,1,1
thology,0,1,1
tholol,1,0,1
thom,5,6,11
thoman,1,0,1
thomas,179,194,373
thomasandme,0,1,1
thomasbl,0,1,1
thomasdofficial,1,0,1
thomasfiss,1,1,2
thomasgave,1,0,1
thomash,1,0,1
thomasian,0,2,2
thomask,1,0,1
thomass,0,2,2
thomassss,1,1,2
thomassssssss,0,1,1
thomasvanvliet,1,0,1
thomasville,1,2,3
thomaz,1,0,1
thome,0,2,2
thomii,0,1,1
thominus,1,0,1
thommy,1,0,1
thompey,0,1,1
thompson,16,22,38
thompsons,0,1,1
thompspon,1,0,1
thoms,0,1,1
thomsen,0,2,2
thomsett,0,1,1
thomson,5,6,11
thomsonfly,1,0,1
thomy,1,0,1
thomyorkwasright,0,1,1
thon,10,21,31
thonah,0,1,1
thonburi,1,0,1
thondy,0,1,1
thoners,0,1,1
thong,21,35,56
thongs,6,27,33
thongz,2,0,2
thonkvisibility,1,0,1
thonnie,0,1,1
thons,1,0,1
thoo,26,11,37
thooand,1,0,1
thooe,1,0,1
thooes,1,0,1
thoong,0,1,1
thooo,5,7,12
thoooo,3,2,5
thoooonnnngggg,0,1,1
thooooo,2,0,2
thoooooooooooough,1,0,1
thoooooough,0,1,1
thooooough,1,0,1
thoooose,1,0,1
thoooough,1,0,1
thooough,1,0,1
thooouusannnds,0,1,1
thoose,0,3,3
thoou,0,1,1
thoough,1,0,1
thoouughh,1,0,1
thope,0,1,1
thopught,0,1,1
thoq,0,1,1
thor,12,13,25
thoracic,2,1,3
thoranai,1,2,3
thorat,1,0,1
thorax,1,2,3
thorbit,0,1,1
thorbz,1,0,1
thore,1,0,1
thoreau,1,4,5
thorgal,1,0,1
thorgerson,0,1,1
thorght,1,0,1
thorim,2,1,3
thorlo,1,0,1
thorn,11,7,18
thornberrys,3,0,3
thornbury,1,0,1
thornburys,0,1,1
thorndon,1,0,1
thorne,1,3,4
thornesworld,0,1,1
thornetta,1,0,1
thornie,0,1,1
thornridge,0,1,1
thorns,5,6,11
thorntans,0,1,1
thornton,3,11,14
thorntons,2,2,4
thorntown,1,0,1
thorny,2,2,4
thorogood,0,1,1
thorold,0,1,1
thorough,5,17,22
thoroughbred,0,1,1
thoroughfair,0,1,1
thoroughly,49,102,151
thoroughness,0,1,1
thoroughy,1,0,1
thorp,1,0,1
thorpe,22,26,48
thorpepark,1,0,1
thors,0,1,1
thorsten,1,2,3
thorstensen,0,1,1
thorsti,0,1,1
thort,8,7,15
thorton,1,1,2
thortons,1,0,1
thorugh,2,0,2
thorw,1,1,2
thory,0,1,1
thos,12,15,27
thosai,2,1,3
those,4600,5351,9951
thoseareturkeys,0,1,1
thoseboys,1,0,1
thosedays,0,1,1
thosee,0,1,1
thoseee,1,1,2
thoses,7,3,10
thosewere,1,0,1
thosse,0,2,2
thot,48,40,88
thots,0,7,7
thou,209,114,323
thoug,7,4,11
thouggggh,1,0,1
thouggh,1,0,1
thougghh,1,0,1
though,14799,9214,24013
thoughh,18,18,36
thoughhh,9,7,16
thoughhhh,2,0,2
thoughhhhhhh,2,0,2
thoughi,1,0,1
thoughing,1,0,1
thoughon,1,0,1
thoughs,2,1,3
thought,6038,5116,11154
thoughtful,13,61,74
thoughtfull,0,3,3
thoughtfulness,0,1,1
thoughti,1,0,1
thoughtless,4,4,8
thoughtlessly,1,0,1
thoughtpick,0,1,1
thoughts,740,749,1489
thoughtseize,1,0,1
thoughtstream,1,1,2
thoughtt,0,1,1
thoughtvyou,1,0,1
thoughtworks,0,1,1
thoughtys,1,0,1
thoughtz,1,0,1
thougjht,0,1,1
thougnt,1,0,1
thougt,4,4,8
thougth,4,2,6
thougyh,0,1,1
thouhg,2,2,4
thouhgh,0,1,1
thouhgt,1,0,1
thouhgts,1,0,1
thouht,1,1,2
thoulderrr,0,1,1
thoung,1,0,1
thouq,0,1,1
thouqh,2,0,2
thouqhh,0,1,1
thouqht,0,1,1
thouqhts,0,1,1
thourght,1,0,1
thourockit,1,0,1
thouroughly,0,2,2
thourougly,1,0,1
thous,1,0,1
thousaaaaaand,1,0,1
thousand,119,122,241
thousandfold,0,1,1
thousands,58,95,153
thousandth,1,2,3
thouse,2,1,3
thousends,1,1,2
thoust,2,1,3
thout,3,1,4
thouu,2,0,2
thouugh,2,1,3
thouuu,4,0,4
thouuugh,1,0,1
thouuuuu,1,0,1
thow,6,3,9
thowed,0,1,1
thowing,1,1,2
thown,1,0,1
thoz,2,0,2
thoze,1,0,1
thp,0,1,1
thpjjstockholm,0,1,1
thpught,0,1,1
thq,6,2,8
thqat,1,0,1
thr,56,48,104
thrace,1,0,1
thrall,0,1,1
thraot,1,1,2
thrape,1,0,1
thrased,1,0,1
thrash,5,10,15
thrashed,14,9,23
thrasher,1,3,4
thrashers,2,0,2
thrashin,0,2,2
thrashing,8,7,15
thrashings,0,1,1
thrawted,1,0,1
thrd,0,1,1
thre,9,6,15
thread,114,131,245
threadage,0,1,1
threadbare,1,0,1
threadcount,0,2,2
threaded,14,10,24
threadedtweets,2,0,2
threadgills,1,0,1
threading,15,6,21
threadless,41,39,80
threads,33,34,67
threadspotting,0,1,1
thready,1,0,1
threat,49,33,82
threate,0,1,1
threatedned,1,0,1
threaten,12,19,31
threatend,1,0,1
threatened,27,11,38
threatening,39,23,62
threatens,1,4,5
threater,1,0,1
threating,0,1,1
threatned,0,1,1
threatning,1,0,1
threats,16,10,26
thredbo,1,1,2
threds,0,1,1
three,1660,1399,3059
threeday,0,2,2
threedayweekend,0,2,2
threee,2,5,7
threeee,6,2,8
threeeee,1,2,3
threeeeee,0,1,1
threefold,1,0,1
threepanelsoul,1,0,1
threes,7,6,13
threesom,0,1,1
threesome,10,14,24
threesomes,1,0,1
threeter,1,12,13
threethingsilove,0,1,1
threethreethree,1,0,1
threeweeks,1,0,1
threewords,0,1,1
threewordsaftersex,1,0,1
threex,0,1,1
threre,2,1,3
threres,1,0,1
thres,1,0,1
thresh,1,0,1
thresher,0,1,1
threshers,0,1,1
threshhold,2,0,2
threshold,4,13,17
threw,497,168,665
thrgh,1,0,1
thribb,1,0,1
thrice,12,13,25
thricewise,1,1,2
thrid,1,2,3
thrie,0,1,1
thried,1,0,1
thrief,0,1,1
thrift,19,29,48
thriftathon,0,1,1
thrifted,1,0,1
thrifters,0,1,1
thrifting,6,2,8
thrifts,1,0,1
thrifty,4,3,7
thriftys,0,1,1
thril,0,1,1
thriling,0,2,2
thrill,16,42,58
thrilla,0,2,2
thrillaz,1,1,2
thrillbilly,2,12,14
thrilled,82,175,257
thriller,8,34,42
thrillerrrrrrr,0,1,1
thrillers,1,4,5
thrillin,1,1,2
thrilling,15,29,44
thrilllled,0,1,1
thrills,2,15,17
thrillseekers,0,1,1
thrilltastic,0,1,1
thrincold,0,2,2
thrink,1,0,1
thrip,0,1,1
thriqus,1,0,1
thrisday,1,0,1
thrisl,0,1,1
thrissur,0,1,1
thristy,3,2,5
thrity,1,0,1
thrive,7,8,15
thrived,0,2,2
thriving,6,15,21
thrizzle,0,1,1
thrm,1,1,2
thrmos,1,0,1
thrn,1,0,1
thro,15,23,38
throaaaaaaaaaaaaaaaat,1,0,1
throaaat,1,0,1
throaatss,1,0,1
throabing,1,0,1
throat,2816,214,3030
throatache,2,0,2
throatal,1,0,1
throate,1,0,1
throated,0,2,2
throatey,1,0,1
throatfucked,1,0,1
throath,4,0,4
throaths,1,0,1
throatie,1,0,1
throating,1,0,1
throatnya,0,1,1
throats,49,7,56
throattt,1,0,1
throatttt,1,0,1
throattttttt,1,0,1
throaty,2,0,2
throb,4,3,7
throbbed,1,0,1
throbbi,1,0,1
throbbin,4,1,5
throbbing,121,8,129
throbbinggg,1,0,1
throbbingggg,2,0,2
throbby,1,1,2
throbin,1,0,1
throbing,1,0,1
throbs,1,1,2
throdown,0,1,1
throdwn,0,1,1
throes,0,2,2
throggs,1,0,1
throgh,0,1,1
throght,2,0,2
throgs,0,2,2
throiugh,0,1,1
thrombin,0,1,1
throne,1,11,12
throngs,0,1,1
throo,1,0,1
throoms,0,2,2
throooaaaatttttt,1,0,1
throooaaattt,1,0,1
throooooooooooooo,1,0,1
throop,1,0,1
throose,0,1,1
thrope,1,0,1
throphy,1,0,1
thropugh,1,0,1
throrogh,0,1,1
throst,1,0,1
throt,2,1,3
throte,5,1,6
throtlte,0,1,1
throtteled,1,0,1
throttle,12,7,19
throttled,4,0,4
throttles,1,0,1
throttling,2,0,2
throttlovat,0,1,1
throu,3,3,6
throuch,1,0,1
throug,0,3,3
througb,1,0,1
through,3647,3013,6660
throughgod,0,1,1
throughh,1,1,2
throughly,5,5,10
throughout,73,102,175
throughput,0,2,2
throughs,2,0,2
throughsunday,1,0,1
throught,33,16,49
throughtout,1,0,1
througout,0,1,1
througt,0,1,1
throuh,0,1,1
throusers,1,0,1
throut,4,0,4
throuughh,1,0,1
throw,613,484,1097
throwaway,1,0,1
throwback,23,30,53
throwbacks,0,2,2
throwbie,1,0,1
throwboy,1,2,3
throwdow,1,0,1
throwdown,22,82,104
throwdowns,0,1,1
throwed,5,3,8
throweng,1,0,1
thrower,1,2,3
throwers,1,1,2
throwig,1,0,1
throwin,18,17,35
throwing,378,152,530
throwingher,1,0,1
throwingup,1,0,1
thrown,156,88,244
throwndown,1,1,2
throwning,0,1,1
throws,65,60,125
throwup,4,0,4
throww,1,0,1
throwww,0,1,1
throwy,1,0,1
thrp,0,1,1
thrpy,0,1,1
thrrrrpttt,0,1,1
thrs,4,6,10
thrsd,1,0,1
thrsdaii,1,0,1
thru,889,626,1515
thrugh,3,0,3
thrumming,1,1,2
thruoughsummer,0,1,1
thruout,2,2,4
thrursday,0,1,1
thrus,4,0,4
thrusday,9,2,11
thrusdays,1,0,1
thrusdayyyy,0,1,1
thrush,6,1,7
thrushes,2,0,2
thrushthursday,1,0,1
thrusing,0,1,1
thrust,4,3,7
thrusted,1,0,1
thrusters,0,1,1
thrustful,0,1,1
thrusting,0,1,1
thrusts,2,1,3
thruth,0,1,1
thruu,1,2,3
thruway,4,2,6
thruxton,1,1,2
thrw,3,0,3
thrwing,1,0,1
thrws,0,1,1
thry,1,0,1
thryssa,0,1,1
thrz,0,1,1
ths,82,64,146
thsanks,1,0,1
thse,1,2,3
thsi,3,1,4
thsk,1,1,2
thsnx,0,1,1
thsoe,2,0,2
thsrs,0,1,1
thst,3,1,4
thstreet,0,1,1
tht,487,378,865
thta,3,1,4
thtas,1,1,2
thtat,0,2,2
thte,0,1,1
thtee,1,0,1
thti,1,0,1
thtink,0,1,1
thtr,2,1,3
thts,92,91,183
thtsince,1,0,1
thtss,1,0,1
thtt,0,1,1
thtv,1,4,5
thtweet,0,1,1
thtz,0,2,2
thtzu,0,1,1
thu,37,28,65
thua,7,0,7
thubten,0,1,1
thuc,1,0,1
thucydides,1,0,1
thud,7,13,20
thudakkam,1,0,1
thudding,0,1,1
thuder,3,0,3
thuderstorm,1,0,1
thuderstorms,1,0,1
thudertstorms,1,0,1
thuding,0,1,1
thuds,1,1,2
thue,0,1,1
thuersday,0,1,1
thuesday,3,4,7
thug,13,22,35
thugget,1,0,1
thuggets,1,1,2
thuggin,1,1,2
thuggish,0,1,1
thuggishness,0,1,1
thugh,3,0,3
thught,2,0,2
thughts,0,1,1
thugs,19,9,28
thuh,0,1,1
thui,2,6,8
thuis,0,2,2
thuk,0,1,1
thukst,0,1,1
thule,0,1,1
thulsa,1,0,1
thum,1,1,2
thumb,288,59,347
thumba,1,0,1
thumbdrive,6,3,9
thumbdrives,0,1,1
thumbed,1,1,2
thumbelina,0,3,3
thumberlina,1,0,1
thumbing,0,1,1
thumbmnails,1,0,1
thumbnail,12,8,20
thumbnails,7,2,9
thumboard,1,0,1
thumbprints,0,1,1
thumbs,122,247,369
thumbsdown,0,1,1
thumbstick,1,0,1
thumbsup,2,2,4
thumbtack,1,2,3
thumbtacks,2,1,3
thumbtip,1,0,1
thumbup,1,1,2
thumbusement,1,0,1
thumbwhere,1,0,1
thumby,1,0,1
thumenis,1,0,1
thumhe,0,1,1
thumnderbolts,1,0,1
thump,8,10,18
thumped,4,0,4
thumper,4,4,8
thumping,29,6,35
thumps,3,1,4
thumpssss,0,1,1
thumpsters,0,1,1
thums,0,1,1
thumz,1,0,1
thunb,1,0,1
thund,1,0,1
thunda,1,2,3
thundaa,2,0,2
thundastorms,2,0,2
thunde,1,0,1
thunder,822,325,1147
thunderbay,1,0,1
thunderbird,19,9,28
thunderbirds,4,4,8
thunderbluff,1,0,1
thunderbolt,3,2,5
thunderbolts,1,1,2
thunderboomers,1,1,2
thundercat,0,1,1
thundercats,4,2,6
thunderclap,0,1,1
thunderclaps,2,0,2
thundercloud,0,1,1
thunderdays,0,1,1
thunderdome,0,2,2
thundered,4,0,4
thunderfail,1,0,1
thunderhawk,0,1,1
thunderheads,0,1,1
thunderhill,0,1,1
thunderhorn,0,1,1
thunderific,0,1,1
thunderign,1,0,1
thunderin,5,1,6
thundering,82,20,102
thunderlicious,1,0,1
thunderous,4,2,6
thunderpants,0,1,1
thunderpuss,0,2,2
thunderr,2,1,3
thunderrr,2,0,2
thunderrrr,2,0,2
thunderrrrrr,0,2,2
thunderrrrrrr,1,0,1
thunderrrrrrrrrrrr,1,0,1
thunders,13,4,17
thundershower,1,0,1
thundershowers,6,1,7
thundersly,1,0,1
thundersox,1,0,1
thunderstom,1,0,1
thunderstoms,1,0,1
thunderstorm,272,111,383
thunderstormed,0,1,1
thunderstormes,0,1,1
thunderstorming,13,1,14
thunderstorms,265,104,369
thunderstormy,2,1,3
thunderstors,1,0,1
thunderstrom,1,1,2
thunderstroms,1,0,1
thunderstruck,2,1,3
thunderstuck,0,1,1
thundersturm,0,1,1
thundery,3,7,10
thundi,0,1,1
thundolfe,0,1,1
thundrer,0,1,1
thundring,1,0,1
thundrstorm,0,2,2
thundurz,1,0,1
thungerstorm,1,0,1
thungs,0,1,1
thunk,11,22,33
thunka,0,1,1
thunkoo,0,1,1
thunnderstormin,1,0,1
thuogh,0,2,2
thuoght,3,0,3
thuong,2,0,2
thupdate,0,1,1
thuper,3,0,3
thur,21,38,59
thurber,1,1,2
thurbies,0,1,1
thurd,0,1,1
thurday,3,2,5
thurdays,1,0,1
thurdsday,0,1,1
thurgauthursday,0,1,1
thurifer,0,1,1
thuringia,0,1,1
thurl,0,1,1
thurman,0,4,4
thurmont,0,1,1
thurogood,0,1,1
thurr,4,8,12
thurrock,0,1,1
thurrott,0,1,1
thurrr,0,1,1
thurrrr,0,1,1
thurs,299,220,519
thursaday,1,0,1
thursam,1,0,1
thursay,0,1,1
thursdaaaay,1,0,1
thursdaaay,0,1,1
thursdaay,0,3,3
thursdag,0,1,1
thursdaiii,1,0,1
thursdat,1,0,1
thursday,1350,1147,2497
thursdayc,1,0,1
thursdaymorning,1,0,1
thursdays,56,37,93
thursdayy,2,4,6
thursdayys,1,0,1
thursdayyy,2,4,6
thursdayyyy,1,4,5
thursdayyyyy,2,0,2
thursdayyyyyy,0,1,1
thursdsay,2,0,2
thursfay,0,1,1
thurso,1,1,2
thursssssssday,0,1,1
thurstag,1,0,1
thurston,3,4,7
thursty,1,2,3
thurther,0,1,1
thurz,2,0,2
thus,152,152,304
thusbearly,1,0,1
thusday,5,3,8
thusdays,1,0,1
thuse,0,1,1
thusfar,0,1,1
thusly,1,1,2
thutc,1,0,1
thuth,0,1,1
thuur,1,0,1
thuxton,0,1,1
thuy,3,1,4
thuyduong,0,1,1
thuyvy,0,1,1
thw,15,12,27
thwack,1,2,3
thwacking,0,1,1
thwart,2,1,3
thwarted,18,3,21
thwarty,0,2,2
thwe,0,3,3
thweddingmonthsarry,1,0,1
thweekend,0,1,1
thweet,0,1,1
thweetherr,0,1,1
thwirl,2,2,4
thwn,1,0,1
thwonder,1,0,1
thwt,1,0,1
thx,428,2198,2626
thxnks,0,1,1
thxnls,1,0,1
thxs,5,35,40
thxsoooomuch,0,1,1
thxthx,0,1,1
thxu,1,0,1
thxx,1,6,7
thxxx,1,5,6
thxxxx,2,0,2
thxy,0,2,2
thy,52,38,90
thye,3,2,5
thyinks,1,0,1
thylar,1,0,1
thyme,6,7,13
thymer,0,1,1
thyphoid,1,0,1
thyphoon,1,0,1
thyre,1,0,1
thyrene,0,1,1
thyroid,15,7,22
thyroidal,1,0,1
thyroide,1,0,1
thyroids,1,0,1
thyroxine,1,0,1
thyrrise,0,1,1
thys,2,0,2
thyself,1,5,6
thyssenkrupp,1,0,1
thyvuong,0,1,1
thz,2,1,3
thze,0,1,1
ti,99,102,201
tia,37,49,86
tiaamii,1,0,1
tiada,2,0,2
tiago,2,2,4
tiagoluchini,0,1,1
tiain,1,0,1
tiajmahal,1,0,1
tial,0,1,1
tiam,1,2,3
tiamat,1,0,1
tian,4,4,8
tiana,2,3,5
tianamen,2,0,2
tiananmen,15,4,19
tianemen,1,0,1
tianenmen,1,0,1
tiangges,0,1,1
tianjin,4,2,6
tianna,1,3,4
tiannanmen,1,0,1
tians,1,1,2
tianwugh,1,0,1
tiao,0,1,1
tiap,3,3,6
tiara,8,23,31
tiaras,0,3,3
tiard,1,0,1
tiare,1,1,2
tiaritenee,0,1,1
tiarna,0,1,1
tiarne,0,1,1
tias,4,3,7
tiasdotcom,0,1,1
tiasha,0,1,1
tiati,1,0,1
tiatia,0,1,1
tib,2,6,8
tiba,12,0,12
tibaldi,0,1,1
tibatiba,1,0,1
tibayan,0,1,1
tibb,1,2,3
tibbs,0,1,1
tibby,2,2,4
tibco,1,0,1
tiberiu,0,1,1
tiberius,0,1,1
tibet,5,5,10
tibetan,1,8,9
tibetans,1,0,1
tibi,0,1,1
tibia,5,0,5
tibial,1,0,1
tibidabo,0,2,2
tibiofibular,1,0,1
tible,0,1,1
tibooks,1,0,1
tibrogargan,0,1,1
tiburon,0,1,1
tic,32,35,67
tica,0,1,1
ticas,0,1,1
tice,0,3,3
ticedi,0,1,1
ticenation,1,0,1
ticets,1,0,1
tich,1,0,1
tichers,0,1,1
tichu,1,0,1
ticiah,0,1,1
ticino,1,0,1
tick,94,94,188
ticke,0,1,1
tickect,0,1,1
ticked,47,9,56
tickel,0,1,1
tickels,1,0,1
tickely,0,1,1
ticken,1,0,1
tickeolled,1,0,1
ticker,10,10,20
tickers,2,1,3
tickertape,1,0,1
tickes,1,2,3
tickest,1,0,1
tickestwest,0,1,1
ticket,1050,574,1624
ticketb,1,0,1
ticketbot,0,1,1
ticketdesk,1,0,1
ticketed,4,0,4
ticketek,8,2,10
ticketholders,1,0,1
ticketing,6,2,8
ticketless,3,1,4
ticketline,1,0,1
ticketluck,0,3,3
ticketman,1,0,1
ticketmaster,44,14,58
ticketmastet,1,0,1
tickets,2060,1254,3314
ticketsandpassports,1,0,1
ticketss,7,0,7
ticketssss,0,2,2
ticketsssss,0,2,2
ticketsssssssss,1,0,1
ticketst,1,0,1
ticketsto,1,0,1
ticketstuff,1,0,1
tickett,1,0,1
ticketts,1,0,1
tickettttt,1,0,1
ticketttttss,1,0,1
ticketweb,1,0,1
tickety,1,1,2
ticketyboo,1,1,2
tickin,3,0,3
ticking,32,22,54
tickinnnnnn,1,0,1
tickity,0,1,1
tickkets,1,1,2
tickkle,0,1,1
tickle,17,30,47
tickled,2,21,23
ticklemejoey,0,1,1
tickler,0,1,1
tickles,10,15,25
tickletuesday,0,1,1
tickley,2,1,3
tickling,9,6,15
ticklish,5,1,6
tickly,3,1,4
tickners,1,0,1
tickr,0,2,2
ticks,50,18,68
tickt,2,0,2
ticktacks,0,1,1
ticktes,2,1,3
ticktick,0,1,1
tickts,1,0,1
ticky,1,3,4
ticnet,1,0,1
tico,0,5,5
ticon,1,0,1
ticos,1,1,2
tics,10,7,17
tictacs,0,2,2
ticts,0,1,1
tid,2,3,5
tida,1,0,1
tidak,9,1,10
tidal,7,3,10
tiday,2,1,3
tidbit,1,11,12
tidbits,1,8,9
tiddas,0,1,1
tiddey,0,1,1
tiddies,2,0,2
tiddled,0,1,1
tiddler,1,0,1
tiddlescasper,1,0,1
tiddly,0,1,1
tiddlywinks,1,1,2
tiddy,0,2,2
tide,30,35,65
tided,1,0,1
tidemark,0,1,1
tiden,1,0,1
tidende,0,1,1
tidepools,0,1,1
tider,2,0,2
tides,5,6,11
tidewater,0,2,2
tidgy,1,0,1
tidied,10,14,24
tidier,0,1,1
tiding,8,2,10
tidings,0,3,3
tidkeeps,1,0,1
tido,0,3,3
tidooo,1,0,1
tidur,10,11,21
tidus,1,2,3
tidwell,1,1,2
tidy,158,133,291
tidycity,0,1,1
tidyed,2,3,5
tidyin,4,3,7
tidying,98,62,160
tidys,1,0,1
tidyup,1,0,1
tie,136,228,364
tieb,1,0,1
tiebrake,1,0,1
tiebreak,0,2,2
tiebreaker,0,1,1
tiec,1,0,1
tied,147,88,235
tiedddd,0,1,1
tieddddd,1,0,1
tiedie,0,1,1
tiedye,0,4,4
tieed,1,1,2
tieedd,1,0,1
tieee,1,0,1
tieeeeem,0,1,1
tiefenpsychologisch,0,1,1
tiefoo,0,1,1
tiehaed,0,1,1
tieirra,1,0,1
tiekreis,0,1,1
tiel,1,0,1
tieler,1,1,2
tielyr,0,1,1
tiem,2,13,15
tiembla,0,1,1
tieme,0,1,1
tiempo,6,0,6
tiempos,1,0,1
tiems,2,1,3
tiemz,1,6,7
tien,2,2,4
tienamen,1,0,1
tienanmen,2,0,2
tienda,0,1,1
tiende,1,0,1
tiendesitas,2,0,2
tiene,6,8,14
tienee,1,0,1
tienen,1,0,1
tienes,4,6,10
tieng,1,0,1
tiens,1,1,2
tiep,1,0,1
tier,11,7,18
tiera,0,1,1
tierany,0,1,1
tieranys,0,1,1
tierce,0,1,1
tierd,85,28,113
tierdd,1,0,1
tierdddd,1,0,1
tiered,22,9,31
tieredd,2,0,2
tiering,2,3,5
tierkreis,1,1,2
tiernan,1,3,4
tierney,2,4,6
tierra,1,0,1
tierrrd,1,0,1
tierrrrneeeeyyyyy,0,1,1
tiers,0,3,3
tiersen,1,1,2
tiersny,0,1,1
tiert,1,0,1
ties,22,46,68
tieso,1,0,1
tiesto,7,24,31
tietagem,0,1,1
tieto,0,1,1
tieu,1,1,2
tif,4,4,8
tifa,3,3,6
tifanny,0,2,2
tiff,66,82,148
tiffabellee,0,1,1
tiffaney,1,0,1
tiffani,0,2,2
tiffanie,2,0,2
tiffanny,0,1,1
tiffany,55,106,161
tiffanycouture,0,1,1
tiffanydawn,1,0,1
tiffanys,8,15,23
tiffay,0,1,1
tifff,1,0,1
tiffff,1,0,1
tifffff,1,0,1
tiffffy,0,1,1
tiffin,2,1,3
tiffini,1,0,1
tiffinie,0,1,1
tiffins,0,2,2
tifflicious,0,1,1
tiffo,0,1,1
tiffola,1,0,1
tiffs,1,3,4
tiffy,6,10,16
tiffyiffy,1,0,1
tiffys,2,0,2
tifosi,1,0,1
tifs,1,1,2
tiful,1,12,13
tifull,0,2,2
tig,2,2,4
tiga,2,4,6
tigalily,2,0,2
tigaraksa,1,0,1
tigard,1,0,1
tiger,123,157,280
tigerairways,1,0,1
tigerbeat,0,3,3
tigerbeats,1,0,1
tigerboy,0,3,3
tigercat,0,1,1
tigeress,0,1,1
tigerheat,4,2,6
tigerjam,0,1,1
tigerlilly,0,1,1
tigerrrrr,1,0,1
tigers,63,62,125
tigersfan,1,1,2
tigerwoods,0,1,1
tigerz,0,1,1
tiges,0,1,1
tigf,0,1,1
tigger,13,16,29
tiggerk,1,0,1
tiggers,0,4,4
tiggies,1,1,2
tigging,0,1,1
tiggrr,1,0,1
tiggs,0,2,2
tiggy,1,2,3
tigh,3,1,4
tighend,1,0,1
tigherheat,0,1,1
tighes,1,0,1
tighest,1,0,1
tighht,0,1,1
tighs,1,0,1
tight,317,374,691
tightassbitches,0,1,1
tightasses,0,1,1
tighted,1,0,1
tighten,6,5,11
tightened,17,4,21
tightening,9,0,9
tightens,1,1,2
tighter,16,13,29
tightest,3,3,6
tightey,1,0,1
tightish,0,1,1
tightly,16,10,26
tightning,1,0,1
tightpants,0,2,2
tightrope,0,2,2
tights,28,50,78
tightt,0,1,1
tighttt,1,1,2
tightttttt,1,0,1
tightwad,0,3,3
tighty,0,2,2
tigi,2,0,2
tigidy,1,0,1
tigor,0,1,1
tigr,0,1,1
tigra,0,1,1
tigragem,1,0,1
tigre,0,3,3
tigress,1,1,2
tigs,0,2,2
tigsy,1,0,1
tiguan,1,0,1
tigung,1,0,1
tigz,0,1,1
tihachu,0,1,1
tihanawa,0,1,1
tihi,0,1,1
tihings,0,1,1
tihngs,0,1,1
tihnk,4,3,7
tihnks,0,1,1
tihs,2,2,4
tii,2,1,3
tiia,1,0,1
tiiggght,0,1,1
tiight,2,2,4
tiiigghttt,0,1,1
tiiiickets,1,0,1
tiiiight,1,3,4
tiiiiight,2,1,3
tiiiiiiaaaaahhhhh,0,1,1
tiiiiiigggggghhhhtttttttt,1,0,1
tiiiiiight,0,1,1
tiiiiiiiiiiiiiiiiiiiiiiired,1,0,1
tiiiiiiiiiiiiiiiiired,2,0,2
tiiiiiiiiiiiiiiiirrrrrrrrrrrrrrreeeeeeeeeeeeddddddddddddddddddd,1,0,1
tiiiiiiiiiiiiiired,2,0,2
tiiiiiiiiiiiired,1,0,1
tiiiiiiiiiiired,1,1,2
tiiiiiiiiiimes,0,1,1
tiiiiiiiiiired,0,1,1
tiiiiiiiiiireeed,1,0,1
tiiiiiiiiiirrrrrrrrrrreeeeeeeddddddddd,1,0,1
tiiiiiiiiired,2,0,2
tiiiiiiiime,0,1,1
tiiiiiiiired,1,0,1
tiiiiiiired,3,2,5
tiiiiiiireeeeeeeeed,1,0,1
tiiiiiiirrreddd,1,0,1
tiiiiiime,1,2,3
tiiiiiimes,1,0,1
tiiiiiimmmmmmeee,0,1,1
tiiiiiired,2,6,8
tiiiiiirrrrreeeeeddddd,1,0,1
tiiiiime,2,3,5
tiiiiimes,1,0,1
tiiiiired,15,6,21
tiiiiireddddd,1,0,1
tiiiiirreeeeeed,1,0,1
tiiiime,2,5,7
tiiiimeee,0,1,1
tiiiimes,1,3,4
tiiiimmeee,0,1,1
tiiiimmme,1,0,1
tiiiired,17,1,18
tiiiireddd,1,0,1
tiiiireeeed,2,0,2
tiiiireeeeed,1,0,1
tiiiirrred,1,0,1
tiiiirrreeeddd,1,0,1
tiiiiyad,0,1,1
tiiime,2,3,5
tiiimee,0,1,1
tiiimmee,0,1,1
tiiiny,1,0,1
tiiired,4,8,12
tiiireddd,1,0,1
tiiireed,0,2,2
tiiirrreeed,0,1,1
tiiirrreeedd,1,0,1
tiiirrrrreeedddd,0,1,1
tiiirrrrrrrrrreeedd,0,1,1
tiiiteeee,1,0,1
tiika,1,2,3
tiil,1,0,1
tiill,1,1,2
tiime,6,11,17
tiimee,0,2,2
tiimeessss,1,0,1
tiimmy,0,1,1
tiink,0,1,1
tiiny,0,1,1
tiired,11,5,16
tiireed,0,1,1
tiireedd,1,1,2
tiireeeddd,1,0,1
tiirreed,0,1,1
tiis,1,0,1
tiitii,1,0,1
tijey,1,0,1
tijuana,8,9,17
tijuanaaaa,0,1,1
tik,1,5,6
tika,1,3,4
tikadede,1,0,1
tikai,0,1,1
tikaness,0,1,1
tikbalang,0,1,1
tikcets,1,0,1
tike,2,0,2
tiket,0,3,3
tiketnya,2,0,2
tikets,1,2,3
tiki,14,26,40
tikibar,0,1,1
tikibars,0,1,1
tikibartv,0,1,1
tikillo,1,0,1
tikis,0,4,4
tikitataw,0,1,1
tikitiki,0,1,1
tikiville,1,0,1
tikk,1,0,1
tikka,5,9,14
tikkabilla,0,1,1
tikki,0,1,1
tikkin,1,0,1
tikko,0,1,1
tiko,1,4,5
tiks,4,2,6
tikshi,1,0,1
til,2716,1722,4438
tila,64,74,138
tilaaa,0,3,3
tilaaaa,1,2,3
tilaaaaa,1,1,2
tilak,1,0,1
tilakdhari,0,1,1
tilapia,5,9,14
tilas,0,1,1
tilashotspot,0,1,1
tilatequilalive,1,0,1
tilburg,1,0,1
tilbury,0,1,1
tilda,3,3,6
tilde,1,1,2
tildes,0,1,1
tildy,0,1,1
tile,38,33,71
tiled,5,4,9
tilen,0,1,1
tiler,1,0,1
tiles,14,20,34
tileset,0,1,1
tilestyle,0,1,1
tiling,6,5,11
tilit,0,1,1
tilk,0,1,1
till,4731,3188,7919
tillamook,0,3,3
tillays,1,0,1
tillbax,0,1,1
tillbits,1,0,1
tille,1,0,1
tilled,1,1,2
tiller,48,7,55
tillers,1,0,1
tillery,1,0,1
tilli,1,0,1
tillie,1,4,5
tilling,0,2,2
tillings,1,0,1
tilll,5,6,11
tillll,1,2,3
tillman,1,1,2
tillnow,0,1,1
tills,8,2,10
tilly,9,8,17
tillyke,0,1,1
tillykke,0,1,1
tillys,1,0,1
tilomilo,0,1,1
tilopi,0,1,1
tilt,24,20,44
tilted,6,2,8
tilting,3,1,4
tilts,1,0,1
tiltshift,1,0,1
tilz,1,0,1
tim,265,359,624
tima,1,4,5
timaa,0,1,1
timah,3,3,6
timaria,0,1,1
timaru,0,1,1
timateo,1,0,1
timati,0,1,1
timaz,1,0,1
timba,0,1,1
timbaktu,1,0,1
timbaland,4,5,9
timbales,0,2,2
timbang,1,0,1
timbeeeeeeeeeeer,0,2,2
timber,12,8,20
timberfake,0,1,1
timberhomo,0,1,1
timberlake,25,84,109
timberlakee,0,1,1
timberlakes,0,1,1
timberlakkee,0,1,1
timberlands,1,0,1
timberledge,0,1,1
timberlee,0,1,1
timberleemusic,0,1,1
timbers,3,6,9
timberwolf,1,0,1
timberwolves,2,1,3
timbig,1,0,1
timbits,2,0,2
timbl,0,1,1
timbo,1,1,2
timbre,5,1,6
timbuk,3,0,3
timbuktu,1,1,2
timchou,1,0,1
timd,1,1,2
timduncan,0,1,1
time,27526,30432,57958
timea,0,1,1
timeage,1,0,1
timeas,0,1,1
timebanks,0,1,1
timebeaides,0,1,1
timebed,0,1,1
timebomb,1,0,1
timecapsule,1,1,2
timechange,1,0,1
timecheck,2,0,2
timecode,2,1,3
timecodes,1,0,1
timecrimes,0,1,1
timed,53,20,73
timedate,0,1,1
timedifferences,0,1,1
timedobserver,0,1,1
timedout,1,0,1
timee,36,42,78
timeee,19,26,45
timeeee,8,23,31
timeeeee,6,5,11
timeeeeee,1,4,5
timeeeeeee,2,0,2
timeeeeeeee,2,1,3
timeeeeeeeee,1,0,1
timeeeeeeeeeeee,1,0,1
timeeeeeeeeeeeeee,0,1,1
timeeeeeeeeeeeeeee,1,0,1
timeeeeeeeeeeeeeeeeeeee,0,1,1
timeeeeeeeeeeeeeeeeeeeeeeeeeeeeeeeeeee,0,1,1
timeeeeees,0,1,1
timeeees,1,0,1
timeees,0,1,1
timeer,0,1,1
timees,1,1,2
timefor,1,0,1
timeframe,1,4,5
timeframewould,1,0,1
timeghost,0,1,1
timehri,1,0,1
timeing,1,0,1
timeiwatched,1,0,1
timelaps,0,1,1
timelapse,4,3,7
timelapsing,0,1,1
timeless,2,25,27
timelesskiss,0,1,1
timelessness,0,1,1
timelife,1,0,1
timelike,0,2,2
timeline,95,72,167
timelines,6,5,11
timeliness,0,1,1
timelolno,0,1,1
timely,8,21,29
timelyness,0,1,1
timemachine,10,6,16
timemacine,1,0,1
timemasters,0,1,1
timeon,0,1,1
timeonline,1,0,1
timeout,33,18,51
timeouts,5,0,5
timepass,2,4,6
timepiece,0,1,1
timeplan,1,0,1
timer,39,26,65
timers,10,10,20
timerssss,0,1,1
times,3891,3938,7829
timesaver,0,1,1
timesaving,0,1,1
timescale,0,1,1
timeshare,0,4,4
timesheet,4,2,6
timesheets,5,1,6
timesink,0,1,1
timeslot,3,3,6
timesofacadiana,0,2,2
timespace,0,1,1
timespan,1,0,1
timesplitters,0,1,1
timesquare,0,1,1
timess,15,13,28
timesss,14,9,23
timesssl,0,1,1
timessss,5,5,10
timesssss,3,1,4
timessssss,2,0,2
timestamp,3,68,71
timestamped,0,1,1
timestamps,1,2,3
timesuck,1,0,1
timetable,39,25,64
timetabled,0,1,1
timetables,5,9,14
timeteam,2,0,2
timetoast,1,0,1
timetravelwanted,1,0,1
timetwitter,0,2,2
timevault,0,1,1
timewarner,4,0,4
timewarnercable,2,0,2
timewarp,4,6,10
timewaster,0,1,1
timewasters,2,0,2
timewasting,1,8,9
timewellwasted,0,1,1
timewise,1,0,1
timewriter,0,1,1
timex,0,1,1
timey,1,3,4
timez,11,4,15
timezone,24,29,53
timezones,13,9,22
timezonething,0,1,1
timezz,1,1,2
timezzz,0,1,1
timezzzzz,1,0,1
timezzzzzzzz,0,1,1
timhamilton,1,0,1
timhastaaaaa,0,1,1
timhill,0,1,1
timhortons,1,1,2
timid,1,2,3
timin,2,0,2
timing,245,143,388
timinggg,1,0,1
timings,15,5,20
timisoara,2,2,4
timj,1,0,1
timjan,0,1,1
timke,1,0,1
timken,0,1,1
timm,3,1,4
timmay,1,1,2
timme,0,3,3
timmee,0,1,1
timmeee,0,2,2
timmeeee,1,1,2
timmeeehh,0,1,1
timmeess,1,0,1
timmer,1,0,1
timmermans,0,4,4
timmes,0,1,1
timmi,1,0,1
timmie,1,1,2
timmies,7,6,13
timmifer,0,1,1
timmins,2,1,3
timmm,1,0,1
timmme,1,0,1
timmmeeesss,0,1,1
timmons,0,1,1
timms,0,3,3
timmy,41,47,88
timmyg,0,1,1
timmyhammy,0,1,1
timmyho,0,1,1
timmys,5,1,6
timmysutton,0,1,1
timo,4,5,9
timog,3,3,6
timon,2,3,5
timonium,0,1,1
timor,1,1,2
timorous,0,1,1
timorrow,1,0,1
timothee,0,1,1
timothy,16,16,32
timp,2,7,9
timpanogos,0,1,1
timpaul,0,1,1
timperley,0,1,1
timpl,1,0,1
timpul,0,1,1
timr,0,1,1
timrs,0,1,1
tims,5,9,14
timsah,0,1,1
timsamlake,0,1,1
timshall,1,0,1
timshel,0,1,1
timt,1,0,1
timtam,2,3,5
timtammed,0,1,1
timtams,1,12,13
timtamz,0,1,1
timthumb,0,1,1
timtodd,0,1,1
timtowdi,0,1,1
timw,0,2,2
timwe,0,1,1
timy,1,2,3
timyan,0,1,1
timyoung,0,1,1
tin,62,72,134
tina,57,121,178
tinaa,0,2,2
tinaaa,1,0,1
tinacummings,1,0,1
tinafey,1,0,1
tinamarie,0,1,1
tinanggal,1,0,1
tinapa,1,0,1
tinapay,0,1,1
tinapie,0,1,1
tinapruitt,0,1,1
tinas,2,2,4
tinashe,1,0,1
tinatamad,4,0,4
tinatansa,0,1,1
tinatapas,0,1,1
tinbot,0,1,1
tincaps,1,1,2
tinchat,1,0,1
tinchy,11,15,26
tinchystryder,0,1,1
tinchyy,0,1,1
tincture,1,0,1
tindall,0,1,1
tinderbox,0,1,1
tindra,0,1,1
tine,6,3,9
tined,0,1,1
tinenamen,1,0,1
tines,1,0,1
tinext,0,1,1
tinfoil,4,3,7
ting,49,56,105
tinga,0,1,1
tingala,0,1,1
tingaling,1,0,1
tinge,4,1,5
tinged,1,0,1
tingeling,1,0,1
tingels,0,1,1
tinggal,12,7,19
tinggalkan,1,0,1
tinggi,3,2,5
tinggles,0,1,1
tingie,1,0,1
tinging,1,0,1
tingkat,1,0,1
tingkling,1,0,1
tingle,7,12,19
tingler,0,1,1
tingles,6,7,13
tingley,1,3,4
tingling,13,5,18
tinglish,1,0,1
tingly,11,14,25
tinglyy,0,1,1
tingnan,0,1,1
tings,31,26,57
tingting,1,0,1
tingtings,0,1,1
tingtong,0,1,1
tingwall,0,1,1
tingy,1,0,1
tingz,3,0,3
tinh,3,3,6
tinha,1,1,2
tinhat,1,0,1
tinhte,0,1,1
tini,4,9,13
tinier,2,1,3
tiniest,11,4,15
tinight,1,0,1
tinioh,1,0,1
tinis,1,1,2
tinitus,2,0,2
tink,84,83,167
tinka,0,5,5
tinkaaaa,0,1,1
tinkebelle,0,1,1
tinked,6,1,7
tinker,10,8,18
tinkerandpo,1,0,1
tinkerballa,0,1,1
tinkerbell,12,21,33
tinkerbelle,0,2,2
tinkered,3,0,3
tinkerin,1,0,1
tinkering,7,18,25
tinkeron,1,0,1
tinkerpana,1,0,1
tinkers,2,0,2
tinkerty,0,1,1
tinki,0,1,1
tinkin,2,0,2
tinking,7,2,9
tinkle,4,2,6
tinkleee,1,0,1
tinkles,0,1,1
tinkling,0,1,1
tinkn,1,0,1
tinkness,0,1,1
tinks,5,4,9
tinky,1,0,1
tinkyada,1,1,2
tinkz,1,0,1
tinley,6,5,11
tinman,1,0,1
tinne,0,1,1
tinned,2,5,7
tinnick,1,0,1
tinnie,0,1,1
tinnies,0,2,2
tinnitis,1,0,1
tinnitus,5,1,6
tinny,2,3,5
tino,3,7,10
tinoisamoa,0,1,1
tinola,0,2,2
tinolao,0,1,1
tinona,0,2,2
tinpan,0,1,1
tins,10,5,15
tinsel,4,2,6
tinseltown,0,3,3
tinselworm,2,5,7
tinsletown,1,1,2
tinsley,2,1,3
tinstaafl,0,1,1
tinsy,0,1,1
tint,16,10,26
tinted,16,14,30
tintedwindows,1,0,1
tinter,1,0,1
tintern,1,0,1
tinternet,5,5,10
tinternets,1,0,1
tinterviews,1,0,1
tinterwebs,1,0,1
tinthepark,1,0,1
tintin,2,3,5
tintinet,0,1,1
tinting,2,2,4
tinto,1,2,3
tintos,0,1,1
tintp,0,1,1
tints,2,0,2
tinu,0,2,2
tinuod,1,0,1
tinutusok,1,0,1
tinuy,0,1,1
tiny,445,363,808
tinybdd,0,1,1
tinybrowser,1,0,1
tinychat,11,4,15
tinyest,1,0,1
tinygrab,1,0,1
tinymce,3,1,4
tinyos,0,1,1
tinypic,2,4,6
tinyrul,1,0,1
tinysong,0,1,1
tinytweeter,1,0,1
tinytwi,0,1,1
tinytwit,1,0,1
tinytwitter,21,13,34
tinyurl,33,36,69
tinyurls,1,2,3
tinyyy,0,1,1
tio,8,7,15
tiobe,1,0,1
tiocfaidh,0,1,1
tioga,0,1,1
tiolet,2,0,2
tioll,1,0,1
tioman,4,3,7
tiome,1,1,2
tiomme,1,0,1
tion,0,1,1
tiona,0,1,1
tional,0,1,1
tiong,1,2,3
tioome,1,0,1
tiop,1,0,1
tiorted,1,0,1
tios,1,1,2
tip,223,542,765
tipa,0,1,1
tipar,0,1,1
tipb,0,2,2
tipcheck,1,0,1
tipd,0,1,1
tipe,0,1,1
tipelo,0,1,1
tipfight,0,1,1
tiphanie,1,0,1
tipi,3,4,7
tipibackup,0,1,1
tipical,2,1,3
tipid,0,2,2
tipis,0,3,3
tipjoy,1,3,4
tiplady,1,0,1
tiple,0,1,1
tipmate,1,0,1
tipo,0,5,5
tipoftheday,0,2,2
tipong,1,1,2
tipova,1,0,1
tipp,2,6,8
tipped,20,19,39
tipper,4,1,5
tipperary,0,2,2
tippers,2,2,4
tippie,0,1,1
tippin,3,1,4
tipping,25,21,46
tipple,2,3,5
tipps,0,2,2
tippsy,0,1,1
tippy,6,2,8
tips,189,480,669
tipsey,1,1,2
tipshantz,0,2,2
tipsntricks,0,1,1
tipsss,1,0,1
tipsssssey,0,1,1
tipster,1,1,2
tipsters,0,1,1
tipsy,56,91,147
tipsyified,0,1,1
tipsyness,0,1,1
tipsytweet,1,0,1
tipsyyyyy,0,1,1
tipto,0,1,1
tiptoe,0,3,3
tiptoeing,0,1,1
tipton,4,1,5
tiptop,1,3,4
tipu,3,0,3
tipulator,0,1,1
tiq,1,0,1
tiqht,1,2,3
tique,1,2,3
tir,3,0,3
tira,1,1,2
tirade,0,2,2
tiradente,0,1,1
tiradentes,0,2,2
tirami,1,0,1
tiramis,1,1,2
tiramisu,10,16,26
tiramusi,1,0,1
tiran,1,0,1
tirant,2,0,2
tircd,1,0,1
tird,2,1,3
tire,288,76,364
tirebiter,1,0,1
tired,12150,4254,16404
tiredboi,0,1,1
tiredd,73,30,103
tireddd,52,23,75
tiredddd,26,19,45
tireddddd,11,5,16
tiredddddd,7,1,8
tireddddddd,7,0,7
tiredddddddddd,1,0,1
tireddddddddddddd,2,0,2
tiredddddddddddddddddddd,1,0,1
tireddddddddddddddddddddddddddd,1,0,1
tirede,0,1,1
tiredeness,1,0,1
tireder,1,1,2
tiredest,1,0,1
tiredface,1,0,1
tireding,2,0,2
tiredish,0,1,1
tiredisimo,0,1,1
tiredl,1,0,1
tiredness,54,21,75
tirednesss,1,0,1
tireds,3,0,3
tiredsan,1,0,1
tiredsome,1,0,1
tiredss,1,0,1
tiredtiredtired,1,2,3
tiredy,1,0,1
tiredz,1,1,2
tiredzzzzz,0,1,1
tireed,16,2,18
tireedd,3,1,4
tireeddd,1,2,3
tireedddd,2,0,2
tireedddddd,1,0,1
tireeed,11,4,15
tireeedd,0,3,3
tireeeddd,3,0,3
tireeedddd,1,0,1
tireeeddddd,1,0,1
tireeee,1,0,1
tireeeed,3,2,5
tireeeedd,1,0,1
tireeeeed,4,0,4
tireeeeeed,3,0,3
tireeeeeeed,1,0,1
tireeeeeeeed,1,0,1
tireeeeeeeeed,4,0,4
tireeeeeeeeeddd,0,1,1
tireeeeeeeeeed,1,0,1
tireeeeeeeeeeeed,1,0,1
tireeeeeeeeeeeeeeeeeed,1,0,1
tirei,0,1,1
tireing,1,2,3
tirelessly,0,1,1
tiren,1,0,1
tirerack,0,1,1
tires,121,53,174
tireshop,0,1,1
tiresias,1,0,1
tiresome,12,7,19
tiress,1,0,1
tiresss,0,1,1
tirex,0,1,1
tirili,0,1,1
tirin,2,0,2
tiring,218,186,404
tiringgg,0,1,1
tiringggg,0,1,1
tirinqq,1,0,1
tirith,0,1,1
tirloth,0,1,1
tirnua,0,1,1
tirnuan,0,1,1
tirol,0,1,1
tiropita,0,1,1
tirou,2,0,2
tirramissu,1,0,1
tirred,3,2,5
tirredd,1,1,2
tirreddd,1,0,1
tirredddd,1,0,1
tirreed,2,0,2
tirreedddd,1,0,1
tirreeeddd,1,1,2
tirreeedddd,1,0,1
tirreeeedd,1,0,1
tirrred,1,1,2
tirrredd,0,1,1
tirrreeed,0,1,1
tirrreeeddd,1,0,1
tirrrred,3,1,4
tirrrreeeddddddd,1,0,1
tirrrrred,2,0,2
tirrrrrred,3,0,3
tirrrrrrrred,1,0,1
tirrrrrrrrrreeeddddd,1,0,1
tirrrrrrrrrrrrrrred,1,0,1
tirsa,1,1,2
tirsdag,0,1,1
tirthankar,0,1,1
tiru,0,1,1
tirudd,1,0,1
tirunelveli,0,1,1
tirupati,2,0,2
tis,230,349,579
tisa,0,2,2
tisadle,0,1,1
tisane,0,1,1
tisbrendaa,0,1,1
tisca,0,1,1
tiscali,3,0,3
tisch,0,1,1
tisdahl,0,1,1
tisdale,41,77,118
tisdales,1,4,5
tisfortraining,0,1,1
tish,7,14,21
tisha,6,5,11
tishas,1,0,1
tishi,0,1,1
tishia,0,1,1
tishura,1,0,1
tisirin,0,1,1
tisk,13,14,27
tiskkk,1,0,1
tisn,2,0,2
tisnt,1,0,1
tispy,1,0,1
tiss,2,2,4
tissa,1,1,2
tisson,0,1,1
tissot,1,1,2
tissue,67,30,97
tissues,104,44,148
tissure,1,0,1
tistale,0,1,1
tisu,1,2,3
tisyonk,0,1,1
tisza,0,2,2
tit,23,27,50
tita,14,41,55
titahi,0,1,1
titallation,0,1,1
titan,11,7,18
titania,2,0,2
titanic,217,144,361
titanicc,1,0,1
titanicdate,0,1,1
titanics,1,0,1
titanitc,1,0,1
titanium,12,6,18
titans,10,16,26
titantic,2,1,3
titanticed,0,1,1
titantv,1,0,1
titas,2,0,2
titastrophe,1,0,1
titbelt,1,0,1
titbits,1,0,1
titch,0,1,1
titchblog,0,1,1
titchmarsh,1,1,2
titchwell,1,0,1
tite,5,7,12
titeeee,1,0,1
titel,1,2,3
titha,1,1,2
tithe,2,2,4
tithing,0,2,2
tithugs,0,1,1
titi,11,5,16
titiantuesday,0,1,1
titik,0,1,1
titile,0,1,1
titillate,1,0,1
titillating,0,3,3
tition,0,1,1
titip,3,2,5
titis,0,1,1
tititititittitititio,1,0,1
title,217,334,551
titled,10,27,37
titledh,1,0,1
titleholder,1,1,2
titleist,0,2,2
titlen,0,1,1
titles,35,78,113
titling,0,2,2
titlle,1,0,1
tito,21,23,44
titos,3,1,4
titp,8,3,11
titpics,0,1,1
titrasi,1,0,1
titration,1,0,1
titrations,0,1,1
titre,0,1,1
tits,55,51,106
titstitstitstitstitstitstitstitstitstitstitstitstitstitstitstitstitstitstitstitstitstitstitstitstits,0,1,1
titsuptuesday,1,0,1
titsworth,0,1,1
tittabawassee,0,1,1
tittays,1,1,2
tittch,3,0,3
titten,1,0,1
tittensor,1,0,1
titter,6,5,11
titterbird,1,0,1
titterfox,1,0,1
titters,1,1,2
titterverse,0,1,1
tittie,2,0,2
titties,10,15,25
titting,1,0,1
tittle,0,6,6
tittletattle,1,0,1
titts,0,1,1
tittsworth,0,1,1
tittttt,1,0,1
titty,8,12,20
tittybird,0,1,1
tittys,0,1,1
titular,0,1,1
titulcia,0,1,1
titulo,0,1,1
titus,2,4,6
titusville,0,1,1
titwank,1,0,1
titwoman,0,1,1
tiu,2,5,7
tiuch,1,0,1
tiumphant,0,1,1
tiuseco,0,1,1
tiv,0,3,3
tivating,0,1,1
tive,2,5,7
tiverec,0,1,1
tiverton,0,1,1
tivi,1,0,1
tivia,1,0,1
tivknits,0,1,1
tivo,117,67,184
tivoed,5,3,8
tivofail,1,0,1
tivohd,0,1,1
tivoing,1,0,1
tivoli,5,6,11
tivos,2,0,2
tiwari,1,0,1
tiwce,0,1,1
tiweeed,1,0,1
tiwilight,0,1,1
tiwit,1,0,1
tiwitter,0,1,1
tiwlight,0,1,1
tiwn,0,1,1
tiwnkle,0,1,1
tiwtpic,1,0,1
tiwtr,0,1,1
tiwtter,8,4,12
tiwttercast,1,0,1
tiwttered,0,1,1
tiwtters,1,0,1
tix,508,286,794
tixmstr,1,0,1
tixs,16,8,24
tixx,2,2,4
tiyaaaaard,0,1,1
tiyaaaad,0,1,1
tiyan,4,2,6
tiying,0,1,1
tiyique,1,0,1
tiz,7,8,15
tized,0,1,1
tizer,1,2,3
tiziano,1,0,1
tizight,0,1,1
tizz,0,7,7
tizzle,0,2,2
tizzles,1,0,1
tizzube,0,1,1
tizzy,2,5,7
tj,79,82,161
tja,0,5,5
tjaap,0,1,1
tjail,1,0,1
tjat,3,0,3
tjatjaaaaaa,0,1,1
tjb,1,0,1
tjca,1,0,1
tje,3,2,5
tjeck,0,1,1
tjefferson,0,1,1
tjek,0,1,1
tjf,0,1,1
tji,0,2,2
tjink,0,1,1
tjip,0,1,1
tjjjjjjj,0,1,1
tjl,1,1,2
tjms,1,0,1
tjng,1,0,1
tjo,1,1,2
tjoe,1,2,3
tjohoo,0,1,1
tjs,2,5,7
tjsister,0,1,1
tjups,0,2,2
tjvp,1,1,2
tjwalker,0,2,2
tjwkl,0,1,1
tk,28,39,67
tka,1,2,3
tkae,2,2,4
tkam,2,1,3
tkanks,0,1,1
tkb,2,4,6
tkblogue,0,1,1
tkc,1,0,1
tkca,1,0,1
tkcr,1,1,2
tkd,7,5,12
tke,7,6,13
tken,2,0,2
tkeremooosssss,0,1,1
tkes,1,0,1
tkg,1,1,2
tkin,2,2,4
tking,2,0,2
tkirk,0,1,1
tkis,1,0,1
tkm,2,0,2
tkmax,0,1,1
tkmaxx,1,2,3
tkmes,1,0,1
tkmft,0,1,1
tkn,1,1,2
tkng,1,0,1
tknow,2,1,3
tknowhwat,1,0,1
tknowwhatdamnbrandcoffeethisis,1,0,1
tkns,2,0,2
tko,7,6,13
tkp,0,1,1
tkpk,1,0,1
tkre,0,1,1
tks,20,88,108
tkt,10,3,13
tktau,0,1,1
tkts,8,7,15
tku,1,0,1
tkw,1,0,1
tkxx,0,1,1
tky,1,0,1
tl,15,14,29
tla,3,3,6
tlabd,1,0,1
tlad,0,1,1
tlaga,0,2,2
tlak,1,1,2
tlaked,1,0,1
tlaking,3,2,5
tlareleasing,1,0,1
tlatzocomate,0,3,3
tlatzotzontli,0,1,1
tlb,0,1,1
tlbs,1,0,1
tlc,71,42,113
tld,9,9,18
tlds,2,2,4
tle,5,2,7
tleast,1,0,1
tleave,1,0,1
tleaveyet,0,1,1
tleech,1,0,1
tlel,0,1,1
tlen,0,1,1
tless,1,0,1
tlet,0,1,1
tley,0,3,3
tlfg,0,1,1
tlg,3,4,7
tlga,7,13,20
tlifestyle,0,2,2
tlike,1,3,4
tlist,1,1,2
tlive,1,0,1
tlj,0,1,1
tlk,53,29,82
tlkd,5,0,5
tlked,3,2,5
tlkin,17,9,26
tlking,8,6,14
tlkmsel,1,0,1
tlkn,8,10,18
tlks,1,0,1
tll,5,4,9
tllp,0,1,1
tllts,1,1,2
tlm,2,0,2
tln,1,0,1
tlo,1,0,1
tload,3,1,4
tlobf,2,0,2
tlodge,0,1,1
tlot,6,18,24
tlotf,1,0,1
tlp,2,0,2
tlpd,1,0,1
tlr,0,6,6
tlrpm,1,0,1
tls,3,2,5
tlsmith,0,1,1
tlsp,1,0,1
tlt,2,3,5
tlth,1,0,1
tltmmlml,1,0,1
tltsym,2,0,2
tlu,0,1,1
tluc,1,2,3
tlv,3,4,7
tlw,2,2,4
tly,1,0,1
tm,64,45,109
tma,1,2,3
tmac,4,2,6
tmail,2,2,4
tman,1,1,2
tmara,0,1,1
tmariepr,0,1,1
tmaro,1,1,2
tmas,0,1,1
tmaster,0,1,1
tmaths,1,0,1
tmay,1,0,1
tmb,2,6,8
tmbg,3,2,5
tmc,3,4,7
tmca,0,2,2
tmcw,0,1,1
tmd,2,0,2
tme,6,5,11
tmeans,0,1,1
tmeet,0,1,1
tmeeting,0,1,1
tmeme,1,0,1
tmen,1,0,1
tmers,1,0,1
tmes,1,0,1
tmesmo,1,0,1
tmf,2,7,9
tmfi,0,1,1
tmfyl,0,1,1
tmg,0,1,1
tmh,3,14,17
tmi,40,32,72
tmills,0,1,1
tming,1,0,1
tminus,1,2,3
tminute,1,0,1
tmiss,0,1,1
tmituesday,1,0,1
tmiword,0,1,1
tmj,15,1,16
tmk,0,1,1
tml,19,18,37
tmm,4,5,9
tmmc,0,1,1
tmmm,1,2,3
tmmo,1,0,1
tmmr,5,2,7
tmmrrw,0,1,1
tmmrw,14,2,16
tmmw,2,0,2
tmmwr,0,1,1
tmn,3,4,7
tmne,1,1,2
tmnin,0,1,1
tmnj,0,1,1
tmnt,10,21,31
tmo,18,9,27
tmob,1,0,1
tmobile,67,24,91
tmobileeeeee,1,0,1
tmobilefail,2,0,2
tmod,1,0,1
tmohs,1,0,1
tmolim,0,1,1
tmoney,1,0,1
tmora,1,0,1
tmoro,13,4,17
tmorow,2,2,4
tmorra,1,0,1
tmorro,2,2,4
tmorrow,10,6,16
tmorw,1,0,1
tmow,1,1,2
tmox,1,0,1
tmoz,12,12,24
tmozz,0,1,1
tmozzzz,0,1,1
tmp,3,1,4
tmperatur,1,0,1
tmpt,0,3,3
tmr,286,137,423
tmra,4,5,9
tmraa,1,0,1
tmro,17,19,36
tmrow,10,4,14
tmrowww,2,0,2
tmrr,2,2,4
tmrro,0,1,1
tmrrow,5,0,5
tmrrr,1,0,1
tmrrw,12,15,27
tmrrws,0,1,1
tmrw,434,275,709
tmrws,5,1,6
tmrww,3,1,4
tmrwwww,0,2,2
tmrwz,0,1,1
tmrz,1,0,1
tms,4,1,5
tmshs,0,1,1
tmstocks,0,2,2
tmth,1,1,2
tmts,0,1,1
tmurgz,0,2,2
tmus,0,1,1
tmv,0,1,1
tmw,80,63,143
tmwr,5,4,9
tmws,0,1,1
tmy,2,0,2
tmz,32,23,55
tn,102,89,191
tna,22,10,32
tnab,1,0,1
tnanks,0,2,2
tnarevolution,1,0,1
tnats,0,1,1
tnaw,1,0,1
tnazania,0,1,1
tnb,1,4,5
tnc,1,1,2
tndtalk,0,1,1
tne,2,1,3
tnes,0,1,1
tney,2,0,2
tng,10,18,28
tnggal,1,2,3
tnglish,1,0,1
tngo,0,1,1
tngs,1,0,1
tnhis,1,0,1
tnhk,0,1,1
tni,0,1,1
tnight,5,5,10
tnit,1,0,1
tnite,8,19,27
tnk,3,1,4
tnkn,0,1,1
tnks,2,7,9
tnl,1,0,1
tnna,3,2,5
tnney,1,0,1
tnoe,1,0,1
tnormally,0,1,1
tnow,1,0,1
tnp,2,1,3
tnpa,0,1,1
tnr,0,3,3
tns,1,4,5
tnsb,1,0,1
tnt,39,50,89
tnulb,0,1,1
tnunder,1,0,1
tnx,20,140,160
tnxs,2,0,2
tnxtnx,0,2,2
tnya,1,0,1
tnyata,1,0,1
tnyt,1,2,3
tnytnytnyt,1,0,1
tnzl,1,0,1
to,313162,252567,565729
toa,3,4,7
toad,25,14,39
toaday,1,0,1
toadboy,0,1,1
toader,1,0,1
toadfish,1,0,1
toadhouse,1,1,2
toadie,2,1,3
toadies,1,1,2
toadinthehole,1,0,1
toads,3,3,6
toadstool,0,1,1
toadsuck,1,0,1
toadtastic,0,1,1
toady,9,5,14
toaking,0,1,1
toal,1,1,2
toally,2,2,4
toamna,0,1,1
toan,2,0,2
toarqe,0,1,1
toast,354,501,855
toastadas,0,1,1
toastbox,1,0,1
toastbusters,1,0,1
toasted,39,52,91
toaster,58,26,84
toasters,4,2,6
toastie,12,10,22
toastier,0,1,1
toasties,4,7,11
toastin,0,3,3
toastiness,0,1,1
toasting,6,11,17
toastmaster,1,2,3
toastmasters,2,5,7
toasts,2,5,7
toastt,0,1,1
toasttuesday,1,0,1
toasty,7,40,47
toastyyy,0,1,1
toat,0,1,1
toata,0,3,3
toatally,1,1,2
toate,0,2,2
toateeee,0,1,1
toates,0,1,1
toatlly,0,3,3
toats,0,1,1
toattyl,0,1,1
toaustralia,0,1,1
toay,1,1,2
tob,1,1,2
toba,1,1,2
tobacco,5,29,34
tobaccochewingdick,1,0,1
tobaccooo,1,0,1
tobad,1,0,1
tobag,1,0,1
tobago,3,4,7
tobais,0,1,1
tobanjan,0,1,1
tobasco,2,2,4
tobback,2,0,2
tobbb,0,1,1
tobbe,0,1,1
tobbr,1,0,1
tobby,2,0,2
tobe,6,4,10
tobeat,0,1,1
tobeck,0,1,1
tobermorey,1,0,1
tobermory,0,1,1
toberone,0,2,2
tobes,1,2,3
tobesick,1,0,1
tobey,1,3,4
tobi,5,9,14
tobias,4,5,9
tobid,1,0,1
tobie,1,1,2
tobii,0,1,1
tobiiiilllooo,1,0,1
tobin,3,4,7
tobit,0,1,1
toble,1,0,1
tobleron,0,1,1
toblerone,1,12,13
toblog,1,0,1
toboggan,0,1,1
tobruk,1,0,1
tobs,1,1,2
tobunobuta,1,0,1
toby,46,45,91
tobymac,0,3,3
tobys,1,0,1
toc,9,17,26
toca,2,8,10
tocaba,0,2,2
tocado,1,0,1
tocall,0,1,1
tocando,0,1,1
tocantins,0,2,2
tocar,2,3,5
tocaram,3,0,3
tocasse,1,0,1
tocat,0,1,1
tocatch,0,1,1
tocatins,1,0,1
tocatta,0,1,1
tocc,1,0,1
toccata,1,0,1
tocco,3,3,6
toccos,1,0,1
tocday,1,0,1
toch,2,5,7
toche,1,1,2
tocht,0,1,1
tocino,1,2,3
tock,18,15,33
tockear,1,0,1
tockin,0,1,1
tocks,0,1,1
tocmai,2,1,3
toco,2,0,2
tocome,2,1,3
tocook,1,0,1
tocos,0,1,1
tocotronic,2,0,2
tocou,1,2,3
tocq,0,1,1
tocqave,0,1,1
tocqueville,1,0,1
tocs,1,0,1
tocuh,1,1,2
tocuhing,0,1,1
tocups,1,0,1
tod,14,10,24
toda,8,9,17
todaa,0,2,2
todaaaaaaaaaaaaaaaaay,0,1,1
todaaaaaaaaaaay,2,1,3
todaaaaaaaaaay,0,1,1
todaaaaaaay,1,1,2
todaaaaaay,4,3,7
todaaaaay,4,6,10
todaaaay,5,8,13
todaaaayy,1,0,1
todaaaayyy,1,0,1
todaaay,15,10,25
todaaayy,1,1,2
todaaayyy,0,2,2
todaay,20,21,41
todaays,0,1,1
todaayy,2,0,2
todaayyy,0,2,2
todad,1,0,1
todady,0,1,1
todae,4,1,5
todai,7,10,17
todaii,7,7,14
todaiii,0,1,1
todaiis,0,1,1
todali,0,1,1
todas,2,1,3
todat,3,6,9
todate,1,0,1
todatlly,0,1,1
todau,0,2,2
todav,1,0,1
todavia,3,0,3
today,38116,30100,68216
todaya,0,1,1
todaye,1,0,1
todayfm,0,1,1
todayh,1,0,1
todayilived,0,1,1
todayis,1,0,1
todayisaprosperous,0,1,1
todaylah,1,0,1
todaymaybe,0,1,1
todayperhaps,0,1,1
todayrive,1,0,1
todays,246,240,486
todaysoutfit,0,1,1
todayspecial,0,1,1
todaysss,0,1,1
todaytomorrowanyday,0,1,1
todayxx,0,1,1
todayy,100,126,226
todayys,1,1,2
todayyy,44,69,113
todayyyy,22,27,49
todayyyyy,10,11,21
todayyyyyy,5,7,12
todayyyyyyy,2,2,4
todayyyyyyyy,1,2,3
todayyyyyyyyy,0,2,2
todayz,1,2,3
todd,67,100,167
toddaayy,0,1,1
todday,1,2,3
toddayyy,1,0,1
toddddayyyy,1,0,1
todder,0,1,1
todderling,1,0,1
toddie,0,1,1
toddies,1,0,1
toddla,1,2,3
toddle,0,1,1
toddler,89,45,134
toddlers,17,21,38
toddles,0,2,2
toddling,0,3,3
toddly,1,0,1
todds,1,2,3
toddster,0,1,1
toddy,2,10,12
todee,0,1,1
todelee,1,0,1
todestag,1,0,1
todey,0,1,1
todger,1,0,1
todna,1,0,1
todo,62,33,95
todoay,1,0,1
todos,3,14,17
todou,0,1,1
todsays,0,1,1
todtfeld,0,1,1
tody,3,1,4
todya,1,3,4
toe,573,125,698
toeage,0,1,1
toeat,1,0,1
toed,7,2,9
toee,1,0,1
toeee,2,0,2
toeeeee,1,0,1
toeeeeee,0,1,1
toefl,7,3,10
toegether,0,1,1
toegther,0,1,1
toeic,2,1,3
toeing,0,1,1
toeknehs,1,0,1
toen,0,1,1
toenail,45,1,46
toenails,20,24,44
toend,0,1,1
toerags,1,0,1
toerh,0,1,1
toes,230,218,448
toeses,0,1,1
toesha,0,1,1
toesies,5,4,9
toess,1,1,2
toesssss,0,1,1
toetally,0,1,1
toeval,0,1,1
toeverybody,0,2,2
toews,0,1,1
toey,1,0,1
toez,0,1,1
tof,2,2,4
tofasoefua,0,1,1
tofay,2,1,3
tofday,1,0,1
tofee,0,1,1
tofel,1,0,1
tofes,0,1,1
toff,2,1,3
toffe,0,3,3
toffee,29,40,69
toffeemen,1,0,1
toffeenut,1,2,3
toffees,8,3,11
toffeesss,0,1,1
toffey,1,2,3
toffler,3,0,3
toffuti,1,0,1
toffy,1,1,2
tofinish,1,0,1
tofino,2,1,3
tofollows,0,1,1
tofu,54,70,124
tofurkey,1,1,2
tofurky,1,2,3
tog,3,4,7
toga,8,9,17
togas,1,1,2
togather,2,2,4
togava,0,1,1
togdago,1,0,1
togeather,1,0,1
togebitch,1,0,1
togeda,0,2,2
togeher,1,0,1
togehter,3,1,4
togekiss,1,1,2
togessaa,1,0,1
toget,4,2,6
togeta,0,1,1
togeth,2,1,3
togetha,3,8,11
togetheeeeer,1,0,1
togetheer,0,1,1
together,1625,2210,3835
togetherings,0,1,1
togetherness,3,5,8
togetherr,1,0,1
togetherrr,2,2,4
togetherrrr,3,3,6
togetherrrrrr,1,0,1
togethers,5,6,11
togethherrr,0,1,1
togethor,0,2,2
togethr,1,0,1
togeva,2,0,2
togever,0,1,1
togginess,1,0,1
toggle,4,1,5
toggled,2,1,3
toggling,0,1,1
toggy,1,0,1
togheter,0,4,4
toghether,1,1,2
toghter,1,0,1
togias,1,0,1
tognetti,0,1,1
togo,16,5,21
togolian,1,0,1
togoooo,1,0,1
togos,1,0,1
togoski,0,1,1
togother,2,0,2
togs,3,6,9
togsfollow,0,7,7
togther,8,2,10
toguether,1,0,1
togy,0,1,1
toh,10,13,23
tohandwrite,0,1,1
tohang,1,0,1
tohave,1,2,3
toher,1,2,3
tohers,0,1,1
tohle,0,1,1
toho,1,6,7
tohose,1,0,1
tohoshinki,0,1,1
tohru,0,1,1
tohtml,1,0,1
tohught,1,0,1
toi,23,31,54
toight,1,2,3
toiiiiii,1,0,1
toiiimeee,0,1,1
toil,1,2,3
toile,0,1,1
toilet,244,143,387
toiletbowl,0,1,1
toiletface,1,0,1
toiletmanproductioz,0,1,1
toiletries,2,3,5
toiletrush,1,0,1
toiletry,0,1,1
toilets,28,16,44
toilette,2,1,3
toiletttt,0,1,1
toiling,3,1,4
toillete,1,0,1
toils,1,0,1
toine,1,0,1
toing,0,1,1
toinght,1,3,4
toinight,0,1,1
toink,1,5,6
toinks,1,1,2
tointe,0,1,1
tointon,0,1,1
tois,0,1,1
toison,0,1,1
toity,0,1,1
toiviainen,0,1,1
toiye,0,1,1
toj,1,0,1
tojjenson,1,0,1
tojo,1,0,1
tojodorian,0,1,1
tojonas,1,0,1
tok,8,11,19
toka,1,0,1
tokai,1,0,1
tokbox,9,5,14
tokboxlandia,0,1,1
toke,8,14,22
toked,1,0,1
token,7,16,23
tokens,9,6,15
toker,0,3,3
tokers,0,1,1
tokes,0,2,2
toki,1,4,5
tokidoki,3,2,5
tokidstheeme,0,1,1
tokimeki,2,0,2
tokin,3,4,7
tokina,1,3,4
toking,4,2,6
tokings,0,1,1
tokio,38,71,109
tokiohotel,8,16,24
tokiohotelrocks,1,0,1
tokiohoteltv,1,0,1
tokita,1,0,1
tokk,0,1,1
toknight,4,1,5
toko,1,1,2
tokoro,0,1,1
tokrat,0,1,1
toks,0,1,1
toksvig,0,1,1
toku,1,0,1
tokuchi,0,1,1
tokugawa,0,1,1
tokusatsu,0,2,2
toky,1,1,2
tokya,0,1,1
tokyo,92,124,216
tokyoflash,1,0,1
tokyoo,0,1,1
tokyoooo,0,1,1
tokyotokyo,0,1,1
tokyotopia,0,2,2
tokyotown,1,0,1
tokypo,0,1,1
tol,4,5,9
tola,1,0,1
tolak,1,0,1
tolay,1,0,1
tolberon,0,1,1
tolberones,0,1,1
tolbert,1,0,1
tolberts,0,1,1
told,2566,1946,4512
tolddd,1,0,1
tolded,1,0,1
toldeo,1,1,2
toldja,1,0,1
toldl,1,0,1
toldme,0,1,1
toldmywholesorrowtomaax,0,1,1
tolds,3,0,3
toldthe,0,1,1
toldto,1,0,1
tole,9,2,11
toleave,1,0,1
toledo,23,12,35
tolee,1,1,2
tolentino,0,1,1
toleo,0,1,1
tolerable,6,16,22
tolerance,32,16,48
tolerant,4,10,14
tolerate,19,15,34
tolerated,1,3,4
tolerates,1,0,1
toleration,0,1,1
tolerence,1,1,2
tolet,0,1,1
tolets,1,0,1
toli,1,1,2
toliet,15,4,19
toliett,1,0,1
tolik,0,1,1
tolin,0,1,1
tolk,1,0,1
tolkein,0,1,1
tolkien,3,2,5
toll,112,38,150
tollbar,1,0,1
tollbooth,1,0,1
tolle,2,9,11
tollens,1,0,1
tollensstraat,0,1,1
toller,0,2,2
tollerant,1,0,1
tollerate,2,0,2
tolles,0,2,2
tolleson,0,1,1
tolley,1,0,1
tollhouse,4,1,5
tolllllld,1,0,1
tollman,0,1,1
tollo,0,1,1
tolls,7,2,9
tolltaker,0,1,1
tollway,1,1,2
tollways,0,1,1
tollwood,1,0,1
tollymore,1,0,1
tolman,1,0,1
tolo,0,1,1
tolokaoi,0,1,1
tolong,1,4,5
tolove,0,1,1
tolow,1,0,1
tolowercase,1,0,1
tolstoy,0,4,4
toluca,1,2,3
toly,0,1,1
tom,1008,1410,2418
toma,1,6,7
tomaatoe,1,0,1
tomagotchi,2,0,2
tomah,0,1,1
tomahawk,0,2,2
tomahhdo,0,1,1
tomahrow,1,0,1
tomahto,0,1,1
tomake,1,1,2
tomalgebra,0,1,1
tomalom,1,0,1
tomamme,1,0,1
toman,0,1,1
tomando,0,2,2
tomandoo,1,0,1
tomangoes,1,0,1
tomaore,1,0,1
tomar,5,5,10
tomara,4,1,5
tomaro,3,1,4
tomaroow,0,1,1
tomarow,15,8,23
tomarra,0,2,2
tomarro,7,4,11
tomarrooow,0,1,1
tomarroow,1,1,2
tomarrow,87,59,146
tomarrows,1,1,2
tomarroww,2,1,3
tomarrowww,0,1,1
tomarrrrow,0,1,1
tomarse,0,1,1
tomarto,1,0,1
tomas,7,8,15
tomasi,1,0,1
tomasz,0,2,2
tomate,1,0,1
tomatensalat,0,4,4
tomaters,0,1,1
tomatillo,0,1,1
tomatillos,1,1,2
tomatin,0,1,1
tomatina,0,1,1
tomatinos,0,1,1
tomato,158,148,306
tomatoe,5,7,12
tomatoes,85,105,190
tomatoey,1,2,3
tomatometer,0,1,1
tomatomometer,1,0,1
tomatos,9,6,15
tomatrow,0,1,1
tomats,0,1,1
tomaydo,0,1,1
tomayto,1,0,1
tomaytoe,1,0,1
tomaz,0,1,1
tomb,7,20,27
tomball,0,1,1
tombe,0,1,1
tombi,1,0,1
tombiliboos,0,1,1
tombobblender,1,1,2
tombout,2,1,3
tomboy,6,7,13
tomboyfresh,0,1,1
tombraider,2,1,3
tombre,0,1,1
tombs,1,0,1
tombstone,2,7,9
tombstones,0,1,1
tomcat,6,3,9
tomchin,1,0,1
tomcocos,1,0,1
tomcove,1,0,1
tome,14,8,22
tomeatbrigadeiro,0,2,2
tomei,0,2,2
tomek,0,1,1
tomelet,0,1,1
tomelette,0,1,1
tomeout,1,0,1
tomer,3,0,3
tomeraider,2,0,2
tomes,1,3,4
tomfelton,1,3,4
tomfletcherformrtwitteruniverse,0,1,1
tomfoolery,5,2,7
tomfrommcfly,0,1,1
tomfuckery,0,1,1
tomgaroo,0,1,1
tomhanks,0,1,1
tomi,7,1,8
tomine,0,1,1
tominio,1,0,1
tominspace,1,0,1
tomintoul,2,0,2
tomis,1,0,1
tomiss,1,0,1
tomite,1,0,1
tomke,0,3,3
tomko,1,0,1
tomlin,0,1,1
tomling,0,1,1
tomlinson,1,0,1
tomm,70,46,116
tommara,1,0,1
tommaro,2,1,3
tommarow,12,9,21
tommarro,1,0,1
tommarrow,5,5,10
tommarrroww,0,1,1
tommcfly,3,6,9
tommcflywas,1,0,1
tommcmullenjrhow,0,1,1
tomme,1,1,2
tommi,0,1,1
tommie,1,0,1
tommm,1,4,5
tommmm,0,2,2
tommmmey,1,0,1
tommmmmmmmm,1,0,1
tommmmmmmmmm,0,1,1
tommmmmmmmmmmmmmm,2,0,2
tommmmorow,1,0,1
tommmorow,1,2,3
tommmorrrrow,0,1,1
tommmorw,1,0,1
tommo,7,2,9
tommore,1,1,2
tommoro,8,3,11
tommoroee,1,0,1
tommoror,0,1,1
tommorow,397,241,638
tommorows,3,4,7
tommoroww,1,0,1
tommorowww,2,0,2
tommorro,1,0,1
tommorrow,167,109,276
tommorrows,2,2,4
tommorroww,3,0,3
tommorrowww,1,0,1
tommorrrow,1,1,2
tommorrrrow,0,1,1
tommorw,8,3,11
tommorwoww,1,0,1
tommow,1,1,2
tommowrow,1,0,1
tommoz,5,2,7
tommro,2,0,2
tommrow,22,25,47
tommrows,0,1,1
tommroww,0,1,1
tommrrow,5,4,9
tommrrw,0,1,1
tommrw,4,1,5
tomms,0,1,1
tommy,107,120,227
tommybaby,0,3,3
tommyboy,0,2,2
tommyfuckingscene,0,1,1
tommyknocker,0,1,1
tommyland,0,1,1
tommys,2,2,4
tommyyy,0,1,1
tommyyyy,1,0,1
tomnorrow,1,2,3
tomnroow,1,0,1
tomo,98,65,163
tomoato,1,0,1
tomoe,1,2,3
tomography,1,0,1
tomohisa,1,0,1
tomokay,1,0,1
tomoko,1,0,1
tomolo,8,3,11
tomomorrow,2,0,2
tomomrrow,1,0,1
tomoo,1,0,1
tomoooo,1,0,1
tomooooooo,1,0,1
tomoooorrow,0,1,1
tomooorrrroow,0,1,1
tomoorow,3,0,3
tomoorowww,1,0,1
tomoorro,0,1,1
tomoorrow,1,1,2
tomoorw,1,0,1
tomoozaaaa,1,0,1
tomor,22,5,27
tomora,4,4,8
tomorah,1,0,1
tomoral,1,0,1
tomore,0,1,1
tomoreee,1,0,1
tomoriw,1,0,1
tomoro,157,89,246
tomoroe,1,0,1
tomoroo,3,0,3
tomorooo,0,2,2
tomoroooo,1,0,1
tomorooow,0,1,1
tomoroow,1,5,6
tomororow,1,0,1
tomororw,7,2,9
tomoros,2,1,3
tomorow,316,221,537
tomorown,1,0,1
tomorows,4,3,7
tomoroww,2,5,7
tomorowww,0,1,1
tomorowwwe,0,1,1
tomorr,3,4,7
tomorra,12,5,17
tomorraa,0,1,1
tomorraaa,0,1,1
tomorrah,1,1,2
tomorras,0,1,1
tomorrey,1,0,1
tomorrie,0,1,1
tomorriow,1,0,1
tomorro,77,64,141
tomorroa,1,0,1
tomorroe,8,5,13
tomorroews,0,1,1
tomorrom,1,1,2
tomorron,2,0,2
tomorrooo,1,1,2
tomorroooo,1,0,1
tomorroooooooow,1,0,1
tomorroooooow,0,1,1
tomorrooooow,2,0,2
tomorroooow,1,2,3
tomorrooooww,0,1,1
tomorrooow,1,1,2
tomorroooww,0,1,1
tomorrooowww,0,1,1
tomorroow,1,2,3
tomorroowwww,1,0,1
tomorror,1,1,2
tomorros,2,1,3
tomorrow,19240,14880,34120
tomorrowevening,1,0,1
tomorrowland,1,0,1
tomorrowm,1,0,1
tomorrown,1,0,1
tomorrownite,0,1,1
tomorrowo,1,0,1
tomorrows,123,86,209
tomorrowsarah,1,0,1
tomorrowv,1,0,1
tomorroww,27,23,50
tomorrowww,20,18,38
tomorrowwww,2,5,7
tomorrowzzz,1,0,1
tomorroz,0,1,1
tomorrra,1,0,1
tomorrro,1,0,1
tomorrroooow,0,1,1
tomorrroow,0,1,1
tomorrrooww,1,0,1
tomorrroowww,0,1,1
tomorrrow,18,18,36
tomorrroww,2,1,3
tomorrrrooo,1,0,1
tomorrrrooooo,1,0,1
tomorrrroooow,1,0,1
tomorrrroow,1,0,1
tomorrrrow,5,9,14
tomorrrrowww,0,1,1
tomorrrrro,0,1,1
tomorrrrroooowwww,0,1,1
tomorrrrrow,0,1,1
tomorrrrrrooww,1,0,1
tomorrrrrrowww,0,1,1
tomorrrrrrrow,1,1,2
tomorrrrrrrrow,0,2,2
tomorrrrrrrrrow,0,1,1
tomorrrrrrrrrrrow,1,0,1
tomorrw,12,8,20
tomorrwo,1,3,4
tomorry,0,1,1
tomoruw,1,0,1
tomorw,5,3,8
tomorwo,0,1,1
tomorws,0,1,1
tomory,1,0,1
tomos,6,2,8
tomosbeard,0,1,1
tomosko,0,1,1
tomothy,1,0,1
tomoto,0,1,1
tomotoe,0,1,1
tomotrow,0,1,1
tomottow,1,1,2
tomow,1,0,1
tomowah,4,0,4
tomowrrow,0,1,1
tomowwo,1,0,1
tomox,0,1,1
tomoz,177,96,273
tomozle,0,1,1
tomozo,2,1,3
tomozoos,0,1,1
tomozz,7,2,9
tomozza,3,4,7
tomozzas,1,0,1
tomozzile,0,1,1
tomozzle,0,2,2
tomozzooo,1,0,1
tomozzz,2,0,2
tomozzzzzzzzzzzzzzzzzzzzzzzzo,0,1,1
tompaine,0,1,1
tompel,1,0,1
tompi,0,1,1
tompkins,0,1,1
tompkinss,0,1,1
tompsett,0,1,1
tomr,1,1,2
tomra,0,1,1
tomravesloot,0,1,1
tomreply,0,1,1
tomro,6,5,11
tomroow,1,0,1
tomrorow,0,3,3
tomrorrow,1,0,1
tomrow,7,4,11
tomrowo,1,0,1
tomrro,1,0,1
tomrroow,0,1,1
tomrrow,24,20,44
tomrrrrrrow,0,1,1
tomrrw,1,2,3
tomrrwo,1,0,1
tomrw,20,9,29
toms,36,47,83
tomsk,0,1,1
tomson,1,0,1
tomsshoes,0,1,1
tomsss,1,0,1
tomstu,1,2,3
tomtom,16,11,27
tomu,0,1,1
tomuch,1,2,3
tomw,2,1,3
tomy,0,5,5
tomyam,2,3,5
tomyfather,1,0,1
tomyss,1,0,1
tomyum,0,1,1
tomz,9,12,21
tomzilla,1,0,1
ton,248,255,503
tonaaaight,1,0,1
tonay,0,1,1
toncilitis,2,0,2
toncilitus,1,0,1
toncils,2,0,2
tonda,1,0,1
tonday,2,0,2
tondog,1,0,1
tone,92,123,215
toned,10,14,24
tonedeaf,0,1,1
toneete,1,0,1
toneladas,1,0,1
tonelico,1,0,1
tonemap,1,0,1
tonematrix,0,1,1
toner,13,6,19
toners,0,3,3
tones,21,19,40
tonez,0,1,1
tong,8,9,17
tonga,0,3,3
tongan,0,2,2
tongans,0,1,1
tonge,1,0,1
tongerlo,1,0,1
tonght,4,3,7
tongight,0,1,1
tongiht,9,12,21
tongihts,1,0,1
tongihttt,0,1,1
tongith,2,0,2
tongits,0,16,16
tongliao,1,0,1
tongressman,1,0,1
tongs,4,3,7
tongseng,0,3,3
tongsils,1,0,1
tongue,347,140,487
tongued,1,2,3
tonguee,1,0,1
tonguering,0,1,1
tongues,7,13,20
tonguey,1,0,1
tonguing,1,1,2
toni,26,47,73
tonic,18,39,57
tonicabrera,0,1,1
tonics,3,8,11
tonido,0,2,2
tonidoid,0,1,1
tonie,2,1,3
tonies,0,2,2
tonig,0,1,1
tonige,1,0,1
tonigggggght,1,0,1
tonigggght,1,0,1
toniggghhttt,1,0,1
tonigghhthtt,0,1,1
tonigght,1,0,1
tonigh,19,7,26
tonighet,0,1,1
tonighhh,0,1,1
tonighhhhht,2,1,3
tonighhhht,1,0,1
tonighhht,2,1,3
tonighhhtt,0,1,1
tonighhhttttt,0,1,1
tonighht,2,3,5
tonighhtt,0,2,2
tonighhttt,0,2,2
tonighr,2,0,2
tonight,13418,12590,26008
tonightdddddd,1,0,1
tonightie,0,1,1
tonightiwatched,0,1,1
tonightly,1,0,1
tonights,79,92,171
tonightshow,3,7,10
tonightsy,0,1,1
tonightt,28,44,72
tonighttt,16,28,44
tonightttt,5,18,23
tonighttttt,5,10,15
tonightttttt,0,7,7
tonighttttttt,0,4,4
tonightttttttt,1,1,2
tonighttttttttt,3,1,4
tonighttttttttttt,0,1,1
tonighty,1,0,1
tonighy,1,0,1
tonigirls,1,0,1
tonignt,0,1,1
tonigt,2,2,4
tonihgt,1,1,2
toniht,4,0,4
toniight,1,3,4
toniightt,1,0,1
toniiighhhtt,0,1,1
toniiight,2,6,8
toniiii,1,1,2
toniiiighhhttt,0,1,1
toniiiight,2,2,4
toniiiighttt,0,1,1
toniiiii,0,1,1
toniiiiight,2,1,3
toniiiiiight,1,2,3
toniiiiiiiiighttt,0,1,1
toniiiiiiiiiiight,0,1,1
toniiiiiiiiiiiiiiiiiiiiiiiight,0,1,1
toniiiiiiiiittteeee,0,1,1
toniiiite,1,0,1
toniioght,0,1,1
toniite,2,0,2
tonike,1,0,1
tonillitis,1,0,1
toning,9,6,15
toninght,0,2,2
tonio,0,3,3
toniqht,1,7,8
tonistouch,1,0,1
tonit,1,0,1
tonite,641,590,1231
tonitee,0,4,4
toniteee,0,3,3
toniteeee,1,0,1
toniteeeee,0,3,3
tonites,6,2,8
tonitght,1,0,1
tonium,0,1,1
toniwarts,0,1,1
toniya,1,0,1
tonk,1,6,7
tonka,2,2,4
tonkatsu,2,3,5
tonked,0,1,1
tonkin,0,1,1
tonks,2,4,6
tonkz,0,1,1
tonlar,0,1,1
tonlght,0,1,1
tonmorrow,2,0,2
tonn,1,0,1
tonne,17,7,24
tonneke,1,0,1
tonnes,17,13,30
tonnight,0,1,1
tonnnn,0,1,1
tonnsils,1,0,1
tonny,2,0,2
tono,1,1,2
tonoght,1,3,4
tonorrow,2,2,4
tonoyt,0,1,1
tonque,1,0,1
tons,378,442,820
tonsalites,1,0,1
tonsels,2,0,2
tonsil,13,1,14
tonsilectomy,3,0,3
tonsilitis,42,5,47
tonsilitous,1,0,1
tonsilitus,16,0,16
tonsille,1,0,1
tonsillectomy,3,0,3
tonsillitis,47,2,49
tonsillitus,5,1,6
tonsilofthebladdyitus,1,0,1
tonsilopharyngitis,1,0,1
tonsils,75,9,84
tonsolectmy,1,0,1
tonsolightous,1,0,1
tonsolitis,1,0,1
tonsolitous,1,0,1
tonsollitis,1,0,1
tonsorial,1,0,1
tonsss,2,0,2
tonssss,1,2,3
tonssssss,2,0,2
tonsssssss,0,1,1
tont,1,0,1
tonta,1,0,1
tontas,1,0,1
tonte,0,1,1
tontito,1,0,1
tonto,1,1,2
tonton,0,2,2
tontos,0,1,1
tony,292,420,712
tonya,9,11,20
tonyas,0,1,1
tonyawards,2,1,3
tonyblackburn,0,1,1
tonydrumsticks,0,1,1
tonyg,0,1,1
tonyhawk,0,1,1
tonyrobbins,0,1,1
tonys,67,82,149
tonysmommy,1,0,1
tonyssss,0,1,1
tonyt,7,1,8
tonyte,1,0,1
tonyy,2,1,3
tonz,3,0,3
tonza,0,1,1
tonzz,0,1,1
tonzzzz,1,0,1
too,37551,28224,65775
tooattached,1,0,1
toob,0,1,1
toobad,4,0,4
toobs,0,1,1
toobz,0,1,1
tooc,0,1,1
toocook,1,0,1
toocute,0,2,2
tood,1,0,1
toodaay,0,1,1
toodaayy,0,1,1
toodaloo,0,3,3
tooday,1,4,5
toodayy,3,0,3
tooddaayy,0,1,1
toodee,0,1,1
toodeling,0,1,1
toodle,1,5,6
toodledo,0,1,1
toodledoo,5,0,5
toodleloo,0,1,1
toodlepip,0,1,1
toodlepips,1,0,1
toodles,15,36,51
toodlez,0,2,2
toodlezzzzzzzzzzz,0,1,1
toodloo,1,1,2
toodo,1,0,1
tooearly,1,0,1
tooeasy,0,1,1
tooee,1,0,1
tooer,1,0,1
tooey,1,0,1
toof,6,2,8
toofan,0,1,1
toofancy,0,1,1
toofani,0,1,1
toofar,0,2,2
toofeels,0,1,1
toofer,0,1,1
toofers,1,1,2
toofunny,0,1,1
toofus,1,0,1
toofypeg,1,0,1
toogood,0,1,1
tooh,2,5,7
tooheys,0,2,2
toohot,1,0,1
toohuman,1,0,1
tooie,1,3,4
toojays,1,0,1
took,3315,2393,5708
tooke,0,2,2
tooken,9,1,10
tooker,1,0,1
tookher,1,0,1
tookin,0,1,1
tooking,0,1,1
tookm,1,0,1
tookme,0,1,1
tookmy,2,0,2
tool,156,240,396
toolbar,19,29,48
toolbars,1,0,1
toolbelt,0,2,2
toolboox,1,0,1
toolbox,2,4,6
toolchain,0,1,1
toold,1,2,3
toole,0,3,3
tooled,0,3,3
tooley,0,1,1
tooling,1,4,5
toolio,1,0,1
toolkit,2,4,6
toolkits,0,1,1
tooll,0,1,1
toolman,2,1,3
toolroom,0,1,1
tools,94,175,269
toolset,1,0,1
tooly,0,1,1
toom,10,8,18
toomany,3,0,3
toome,0,1,1
toomer,2,0,2
toomiii,0,1,1
toomm,0,2,2
toommmm,0,1,1
toomoro,1,0,1
toomorrow,1,1,2
toomorrro,1,0,1
toomuchinformation,1,0,1
toomych,1,0,1
toon,20,16,36
toonattik,0,2,2
toonboom,1,0,1
toondoo,0,2,2
toone,0,1,1
toonel,1,0,1
toonie,1,0,1
toonight,2,1,3
toonightt,0,1,1
tooniiiiiight,0,1,1
tooning,0,1,1
toonitee,0,1,1
toonlife,0,3,3
toons,10,7,17
toontown,2,4,6
toony,0,2,2
toonz,1,1,2
tooo,358,281,639
toooby,0,1,1
toooday,1,1,2
tooodayyy,1,1,2
tooodles,0,1,1
tooodoooooooooooos,0,1,1
tooody,0,1,1
toooh,1,0,1
tooom,12,5,17
tooomorrow,1,0,1
tooon,0,1,1
toooniiii,1,0,1
toooo,213,148,361
toooodas,0,1,1
toooodooooo,0,1,1
toooofie,1,0,1
tooooink,0,1,1
tooook,2,0,2
toooolonggg,1,0,1
toooom,3,3,6
toooommmm,1,1,2
toooonight,0,1,1
toooons,0,1,1
tooooo,149,95,244
toooooday,1,0,1
tooooodos,0,1,1
tooooom,5,1,6
tooooons,1,0,1
toooooo,94,38,132
tooooooday,0,1,1
toooooom,5,0,5
toooooonight,0,1,1
tooooooo,35,18,53
tooooooodles,0,1,1
tooooooom,2,0,2
toooooooo,20,14,34
toooooooold,1,0,1
toooooooong,1,0,1
tooooooooo,16,5,21
tooooooooom,0,1,1
tooooooooonight,0,1,1
toooooooooo,7,3,10
toooooooooollllllll,1,0,1
toooooooooom,1,2,3
toooooooooon,0,1,1
tooooooooooo,8,1,9
tooooooooooolllllllll,0,1,1
toooooooooooo,5,2,7
toooooooooooons,0,1,1
tooooooooooooo,3,3,6
toooooooooooooday,0,1,1
tooooooooooooom,0,2,2
toooooooooooooo,3,0,3
toooooooooooooom,3,1,4
tooooooooooooooo,1,1,2
tooooooooooooooom,0,1,1
toooooooooooooooo,2,0,2
tooooooooooooooooo,1,0,1
toooooooooooooooooo,1,2,3
tooooooooooooooooooo,1,1,2
toooooooooooooooooooommmmmmmmmmmmmmmmmmmmmmmmmmmmmmmmmmmmmmmmmmmmmmmmmmmmmm,0,1,1
tooooooooooooooooooooo,1,0,1
toooooooooooooooooooooooodles,0,1,1
tooooooooooooooooooooooooooooooooooooooooo,1,0,1
toooooooooooooooooootally,1,0,1
toooooootally,1,0,1
toooooop,0,1,1
tooooootally,1,0,1
toooooothhh,1,0,1
tooooornado,1,0,1
tooooothache,1,0,1
tooooour,1,0,1
tooooown,0,2,2
toooot,1,0,1
tooootaaalllyyy,1,0,1
tooootally,1,0,1
tooootallyy,0,1,1
tooooth,3,0,3
toooownn,0,1,1
tooossss,0,1,1
tooot,1,0,1
toootally,3,0,3
toootaly,0,1,1
toooth,2,0,2
tooothy,1,0,1
toootired,1,0,1
toootoootooo,1,0,1
toopid,3,0,3
toopshop,0,1,1
toorak,0,1,1
toorrow,1,1,2
toos,2,0,2
toosey,1,0,1
toosh,0,2,2
tooshers,0,1,1
tooshie,0,1,1
toosweet,0,1,1
toot,7,20,27
tootally,0,2,2
tootaloo,1,0,1
tootbrush,0,2,2
tootch,1,0,1
toote,0,1,1
tooted,2,0,2
tootell,1,0,1
tooth,670,112,782
toothache,215,13,228
toothachee,1,0,1
toothacheeeeeeeeeeeeeeeeee,1,0,1
toothaches,9,0,9
toothacke,1,0,1
toothbrush,32,26,58
toothbrushes,2,1,3
toothbrushing,2,0,2
toothe,1,1,2
tootheache,3,0,3
toothed,3,0,3
toothey,1,0,1
toothfairly,0,1,1
toothfairy,3,5,8
toothfairycyberspace,0,1,1
toothferry,1,0,1
toothies,0,1,1
toothing,1,0,1
toothless,3,6,9
toothlessnes,0,1,1
toothpaste,41,25,66
toothpic,1,0,1
toothpick,8,4,12
toothpicks,4,4,8
toothree,1,0,1
tooths,3,1,4
toothy,2,3,5
tootie,5,3,8
tooties,2,2,4
tootin,0,5,5
tooting,4,5,9
tootingjo,1,0,1
tootkache,1,0,1
tootled,0,2,2
tootles,0,9,9
tootoo,1,0,1
toots,14,8,22
tootsie,5,11,16
tootsiepop,0,1,1
tootsies,11,6,17
tooty,1,3,4
toousy,1,0,1
tooviggy,0,1,1
toowong,2,2,4
toowoomba,3,0,3
toox,0,1,1
tooxxxxx,0,1,1
tooyoungfordentures,1,0,1
tooz,2,0,2
top,1553,2074,3627
topa,0,1,1
topalbania,0,1,1
topamax,1,0,1
topanga,7,4,11
topangs,1,0,1
toparis,1,0,1
topasout,0,1,1
topaz,6,3,9
topbios,0,1,1
topbunk,1,0,1
topchef,1,0,1
topco,0,1,1
topcoat,1,0,1
topcoder,2,1,3
topcookie,0,1,1
topday,1,0,1
topdecked,0,1,1
topdocs,0,1,1
topdress,0,1,1
tope,2,6,8
topeee,1,0,1
topeka,9,4,13
topen,0,1,1
topes,1,1,2
topfield,1,0,1
topfollow,1,0,1
topfriends,1,1,2
topgear,5,4,9
topgearaustralia,0,2,2
topgolf,2,0,2
topgun,0,2,2
toph,0,3,3
tophat,0,1,1
tophatted,1,0,1
topher,3,9,12
topi,0,1,1
topiaries,1,0,1
topiary,0,1,1
topic,311,518,829
topical,0,9,9
topiccc,0,1,1
topicczzz,0,1,1
topicless,0,1,1
topicmaps,1,0,1
topics,229,334,563
topicssss,1,0,1
topicthingys,1,0,1
topify,0,7,7
toping,0,2,2
topings,0,1,1
topis,1,0,1
topity,1,0,1
topix,0,1,1
topleft,0,1,1
toples,0,1,1
topless,29,32,61
toplesstigtuesday,0,1,1
toploader,0,2,2
topman,7,12,19
topmans,1,0,1
topmodel,0,14,14
topmodels,1,0,1
topmost,0,2,2
topnight,0,1,1
topnotch,0,1,1
topo,2,2,4
topofblogs,2,0,2
topofthepark,1,0,1
topol,0,3,3
topologies,0,1,1
topooooo,0,1,1
topp,1,1,2
toppd,1,0,1
toppe,0,1,1
topped,13,52,65
topper,3,1,4
toppers,1,1,2
toppic,0,1,1
toppie,0,1,1
toppies,1,0,1
toppin,0,1,1
topping,18,40,58
toppings,3,9,12
toppins,1,0,1
topple,1,3,4
toppled,1,1,2
toppling,0,2,2
toppp,1,0,1
topprog,0,2,2
topps,0,1,1
toppu,1,0,1
tops,96,113,209
topsail,1,0,1
topseos,3,2,5
topset,0,1,1
topsham,0,1,1
topshooopppp,1,0,1
topshop,60,45,105
topshopaholic,0,1,1
topshopping,0,1,1
topshoppp,0,1,1
topshops,1,0,1
topsoil,3,0,3
topspin,2,1,3
topspot,0,1,1
topsr,1,0,1
topssss,0,1,1
topstyle,3,1,4
topsy,5,5,10
topt,0,1,1
topten,0,1,1
topup,3,0,3
topurnament,0,1,1
toput,1,0,1
topwebcomics,0,1,1
toqayas,0,1,1
toqether,0,1,1
toques,1,1,2
toquitos,0,1,1
tor,25,22,47
tora,1,3,4
toraay,1,0,1
toradora,0,1,1
torae,0,1,1
torah,0,6,6
torando,1,1,2
toraren,0,1,1
torax,1,0,1
torbay,1,1,2
torben,0,1,1
torbsen,0,1,1
torcendo,1,1,2
torch,13,16,29
torche,0,1,1
torched,3,1,4
torcher,2,3,5
torchered,0,1,1
torches,5,6,11
torching,2,1,3
torchsong,8,1,9
torchwood,41,35,76
torchwoodrp,2,0,2
torchy,3,1,4
torchys,1,0,1
torcon,1,0,1
tord,1,0,1
tore,97,14,111
toreador,1,0,1
toredd,1,0,1
torence,0,1,1
toreno,1,0,1
torential,1,1,2
torey,1,2,3
torgau,0,1,1
torgo,0,1,1
torhart,1,0,1
tori,66,115,181
toria,7,1,8
toribio,1,1,2
toric,1,0,1
torica,0,1,1
toride,0,1,1
torie,2,1,3
torien,0,1,1
tories,9,12,21
torii,1,2,3
torik,0,1,1
torilla,0,1,1
torinicksmuzik,0,1,1
torinnnn,0,1,1
torino,33,28,61
toriphiles,0,1,1
toris,2,5,7
toristy,1,0,1
toritama,0,1,1
torito,1,2,3
toritoes,1,0,1
toriz,0,1,1
torkin,1,0,1
tormato,0,1,1
torment,9,3,12
tormentative,1,0,1
tormented,7,11,18
tormenting,10,1,11
torments,0,2,2
tormw,1,0,1
torn,182,45,227
tornada,1,0,1
tornaders,1,0,1
tornadic,1,1,2
tornado,185,59,244
tornadoe,2,0,2
tornadoes,26,9,35
tornados,16,7,23
tornai,0,1,1
tornament,3,1,4
tornando,1,0,1
tornar,0,1,1
tornato,1,1,2
tornbtwn,1,0,1
torned,2,1,3
tornonto,1,0,1
toro,10,22,32
torof,0,1,1
toronado,0,1,1
toronno,0,2,2
toronot,1,0,1
toront,0,1,1
toronto,373,298,671
torontodrew,0,1,1
torontonian,2,0,2
torontooo,1,2,3
torontoooo,1,0,1
torontos,1,1,2
toros,1,1,2
torpedo,4,1,5
torpedoed,1,0,1
torpedos,0,1,1
torpid,0,1,1
torpor,0,2,2
torquay,7,7,14
torque,2,5,7
torqx,1,0,1
torr,1,1,2
torrance,8,9,17
torre,0,1,1
torremolinos,0,1,1
torrence,1,1,2
torrent,73,50,123
torrented,1,0,1
torrential,50,12,62
torrentiarial,0,1,1
torrenting,9,5,14
torrentleach,1,0,1
torrents,30,23,53
torrentz,3,1,4
torreon,2,0,2
torres,36,17,53
torrets,0,1,1
torrevieja,1,1,2
torrey,2,1,3
torri,3,3,6
torrid,4,3,7
torrie,11,6,17
torries,2,0,2
torrini,0,2,2
torrino,1,0,1
torrito,0,1,1
torro,0,1,1
torrr,0,1,1
torry,0,1,1
torsdag,0,1,1
torso,6,4,10
torson,0,1,1
torsten,1,2,3
tort,4,3,7
torta,2,11,13
tortas,1,1,2
tortchure,1,0,1
torte,1,4,5
tortellini,3,6,9
tortes,0,1,1
tortfeasors,1,0,1
torticollis,2,0,2
tortie,0,3,3
torties,0,1,1
tortilia,1,0,1
tortilla,19,35,54
tortillas,6,12,18
tortillini,0,1,1
tortillos,0,2,2
tortise,0,1,1
tortoise,21,11,32
tortoisegit,1,1,2
tortoises,3,3,6
tortoiseshell,0,1,1
tortoisesvn,3,0,3
tortola,2,0,2
tortoment,0,1,1
tortroise,1,0,1
torts,3,2,5
tortue,1,0,1
tortuga,1,1,2
tortules,0,1,1
tortuous,1,0,1
tortuously,0,1,1
torture,211,83,294
tortured,28,12,40
torturedartist,0,1,1
tortureee,1,0,1
torturer,1,0,1
tortures,4,3,7
torturewood,1,0,1
torturing,29,11,40
torturous,8,1,9
tortuureeeeeee,1,0,1
toruing,1,0,1
torulethewaves,0,1,1
torvalds,1,0,1
torvill,0,1,1
torwalds,0,1,1
torwards,0,1,1
torx,1,0,1
tory,19,16,35
toryboy,1,0,1
torye,0,1,1
torymagoo,0,1,1
toryn,0,1,1
torys,1,0,1
tos,13,18,31
tosai,0,1,1
tosave,1,0,1
tosay,2,1,3
tosca,4,5,9
toscani,1,0,1
toscano,0,1,1
tosch,1,0,1
toschi,0,1,1
tose,0,1,1
tosed,1,0,1
tosee,4,1,5
toseland,3,2,5
toselands,0,1,1
toser,1,0,1
tosh,11,12,23
toshamakia,0,1,1
toshi,4,1,5
toshiba,17,15,32
toshibits,1,0,1
toshie,1,0,1
toshies,0,1,1
toshio,1,0,1
toshiro,0,1,1
toshop,0,2,2
tosies,0,1,1
tosin,1,0,1
tosleep,1,3,4
toso,1,0,1
toss,71,60,131
tossa,1,1,2
tossed,48,12,60
tossel,0,1,1
tosselilla,0,1,1
tosser,3,2,5
tossers,3,1,4
tosses,1,12,13
tossin,6,3,9
tossing,63,23,86
tosspot,1,0,1
tossserrrrrrrrrrrr,0,1,1
tost,1,0,1
tostadas,3,3,6
tostado,2,1,3
tostart,0,1,1
tosted,1,0,1
toster,0,1,1
tosti,1,0,1
tostie,2,0,2
tosties,0,1,1
tostig,0,1,1
tostillos,1,0,1
tostino,1,0,1
tostitoes,1,0,1
tostitos,2,5,7
tostoi,0,1,1
tostones,1,2,3
tostrike,1,0,1
tosucceed,0,1,1
tosyones,0,1,1
tot,48,57,105
tota,1,0,1
totaally,0,1,1
totaaly,0,1,1
totadhg,1,0,1
total,549,444,993
totaled,35,3,38
totalen,0,1,1
totalfark,0,1,1
totalfuckingawesomeness,1,0,1
totalgirl,1,1,2
totali,0,1,1
totalii,1,0,1
totaling,3,0,3
totaliser,1,0,1
totalitarian,1,0,1
totality,1,0,1
totaljobs,0,1,1
totalk,0,1,1
totall,3,2,5
totalled,22,0,22
totalli,0,2,2
totalling,2,0,2
totalllll,0,1,1
totalllllly,0,2,2
totallllllyyy,0,1,1
totalllllyy,0,1,1
totalllly,0,1,1
totallly,5,4,9
totallt,0,2,2
totally,3498,3415,6913
totallybought,1,0,1
totallycooldude,0,1,1
totallylayouts,0,1,1
totallylegaltracker,1,0,1
totallysweet,1,0,1
totallytee,1,0,1
totallyy,1,1,2
totallyyy,1,2,3
totallyyyy,1,0,1
totalmente,0,1,1
totalmini,2,0,2
totalous,0,1,1
totals,4,3,7
totalwar,1,0,1
totaly,45,40,85
totalyy,0,1,1
totatally,1,0,1
totatllyy,1,0,1
totattly,1,0,1
totay,0,2,2
totc,3,0,3
totd,1,3,4
totday,1,0,1
tote,8,27,35
totebag,0,1,1
totem,7,4,11
totemo,0,1,1
totems,1,0,1
totes,35,59,94
totez,2,2,4
totezz,0,1,1
toth,2,0,2
tothdsntm,1,0,1
tothe,1,1,2
tother,0,1,1
tothis,1,0,1
tothom,1,3,4
tothoooom,0,1,1
tothy,1,0,1
toti,1,2,3
toties,0,1,1
totin,1,0,1
toting,1,5,6
totino,0,1,1
totito,0,1,1
totlaly,2,0,2
totlly,0,1,1
totlol,2,0,2
totly,1,0,1
totm,1,0,1
totnes,1,2,3
toto,11,17,28
totoal,1,0,1
totodile,0,1,1
totoiscoming,0,4,4
totolly,1,0,1
totommy,0,1,1
totoo,6,3,9
totoong,2,0,2
totopos,0,1,1
totoro,3,5,8
totorro,0,1,1
tototally,1,0,1
totoys,1,0,1
totp,3,2,5
totpped,1,0,1
totry,1,0,1
tots,22,29,51
totse,1,0,1
totspot,0,1,1
tottal,1,0,1
tottally,2,5,7
tottallyy,0,1,1
tottaly,14,3,17
totted,1,0,1
totten,2,0,2
tottenham,6,6,12
totter,1,4,5
totterdom,0,1,1
tottersb,0,1,1
tottess,1,0,1
tottie,2,2,4
tottin,0,1,1
tottle,1,0,1
totty,1,1,2
tottz,0,1,1
totum,0,1,1
toture,1,0,1
totured,3,0,3
toturial,1,1,2
totus,0,3,3
totusi,0,1,1
totweettuesday,0,1,1
toty,0,1,1
totz,2,4,6
tou,13,9,22
toubab,1,0,1
touble,1,0,1
touc,0,1,1
toucan,3,1,4
toucans,0,1,1
toucgh,0,1,1
touch,981,996,1977
toucharcade,1,0,1
touchbase,1,1,2
touchd,1,1,2
touchdown,1,12,13
touche,9,29,38
touched,138,155,293
touchee,0,1,1
touches,29,68,97
touchflo,0,3,3
touchhhh,0,1,1
touchies,0,1,1
touchin,2,9,11
touching,102,108,210
touchings,1,0,1
touchmyhand,0,1,1
touchosc,0,1,1
touchpad,6,4,10
touchpads,1,0,1
touchpoints,0,1,1
touchpro,1,0,1
touchscreen,38,8,46
touchscreens,0,2,2
touchsmart,2,1,3
touchstone,4,2,6
touchterm,0,1,1
touchtheapple,0,1,1
touchtype,0,1,1
touchuing,1,0,1
touchup,1,0,1
touchups,3,0,3
touchy,18,4,22
touchyy,0,1,1
touge,0,1,1
tough,676,460,1136
toughbook,1,1,2
toughcustomersi,1,0,1
toughdrive,1,0,1
toughen,8,2,10
toughening,0,2,2
toughens,0,1,1
tougher,16,11,27
toughest,12,12,24
toughhhh,1,0,1
toughie,4,3,7
toughing,2,0,2
toughlove,1,0,1
tought,15,11,26
toughts,1,1,2
toughy,3,2,5
touh,1,1,2
touhc,0,1,1
touhou,1,0,1
touillous,0,1,1
toujours,0,6,6
toula,1,0,1
toulee,0,1,1
toulon,0,1,1
toulouse,3,9,12
touma,0,1,1
tounch,0,1,1
toune,0,1,1
touney,1,0,1
toung,3,0,3
tounge,51,19,70
tounges,0,1,1
tounghn,1,0,1
toungue,5,1,6
tounry,0,1,1
toupe,1,0,1
toupee,0,1,1
toupees,1,0,1
toupper,0,1,1
touque,1,1,2
tour,1836,1698,3534
touran,1,0,1
tourbus,1,3,4
tourchering,1,0,1
tourcrush,1,0,1
tourdate,1,0,1
tourdates,2,3,5
tourdatess,0,1,1
tourdeblono,1,0,1
toured,12,11,23
touren,0,1,1
tourer,0,1,1
tourette,1,2,3
tourettes,9,4,13
tourgasm,0,1,1
tourguide,0,2,2
touriment,1,0,1
tourin,1,3,4
touring,110,109,219
touringgg,0,1,1
tourism,16,22,38
tourismo,1,0,1
tourist,20,58,78
touristas,1,0,1
touristic,1,1,2
touristing,1,0,1
tourists,23,40,63
touristy,4,10,14
tourmaline,2,0,2
tourn,2,0,2
tournado,0,1,1
tournament,169,137,306
tournaments,11,9,20
tournamet,0,1,1
tourne,0,1,1
tourned,0,1,1
tournement,3,1,4
tourner,0,1,1
tourney,82,50,132
tourneys,3,5,8
tourni,2,0,2
tournie,3,3,6
tournies,1,0,1
tourning,0,1,1
tourniquets,0,1,1
tournment,2,0,2
tournoment,0,1,1
tourny,15,11,26
tournys,0,1,1
tourofnilgiris,0,1,1
tourproben,0,1,1
tourr,4,1,5
tourreyes,1,0,1
tourrr,3,3,6
tourrrr,0,2,2
tourrrrrr,0,1,1
tourrrrrrrawrrrrr,0,1,1
tourrrrrrrrrrrrrrrrrrrrrrrrrrrrrrr,1,0,1
tours,49,37,86
tourseries,0,1,1
toursick,1,0,1
tourtering,1,0,1
tourtime,0,1,1
tourture,2,0,2
tourtured,1,0,1
tous,5,5,10
tousands,0,1,1
touse,1,0,1
toushes,0,1,1
tousist,0,1,1
tousled,0,1,1
toussaint,2,1,3
tout,5,12,17
toute,0,1,1
touted,3,2,5
toutes,0,1,1
touting,1,1,2
toutou,0,1,1
touts,2,1,3
touuch,0,1,1
touue,0,1,1
tov,5,27,32
tova,2,2,4
tove,0,3,3
tover,0,1,1
toves,1,0,1
tovgo,1,0,1
tovias,0,1,1
tow,59,42,101
towar,0,1,1
toward,36,59,95
towarda,1,0,1
towards,180,242,422
towatch,1,1,2
towds,1,0,1
towed,54,6,60
toweers,0,1,1
towel,92,77,169
towelette,1,0,1
towelettes,0,1,1
towelie,0,1,1
toweling,0,1,1
towelled,1,1,2
towelling,1,0,1
towels,32,28,60
tower,74,118,192
towerbridge,0,1,1
towerdefense,0,1,1
towered,1,0,1
towering,1,1,2
towerkop,0,1,1
towers,78,79,157
towes,1,0,1
towin,0,1,1
towing,10,3,13
towish,0,1,1
towitter,0,1,1
towl,1,1,2
towle,0,1,1
towm,0,1,1
town,1958,1686,3644
townbookstrs,1,0,1
towne,0,2,2
townend,0,1,1
towner,0,2,2
towners,2,1,3
townhall,1,1,2
townhome,0,2,2
townhomes,1,0,1
townhouse,7,6,13
townie,1,1,2
townies,2,0,2
townii,0,1,1
towning,0,2,2
townio,1,0,1
townley,1,1,2
townn,1,5,6
townnn,1,3,4
townnnn,2,0,2
townnnnn,0,1,1
towns,16,31,47
townsend,1,5,6
townshend,0,1,1
township,0,2,2
townships,0,1,1
townspeople,0,1,1
townsquare,2,6,8
townsville,3,4,7
towntowntown,1,0,1
townville,1,0,1
townwide,1,0,1
towny,0,2,2
towoek,0,1,1
towork,1,0,1
toworrow,0,1,1
towpath,0,1,1
towrads,1,0,1
tows,1,0,1
towson,6,1,7
towtallee,0,1,1
towtruck,2,0,2
toxel,0,1,1
toxic,27,33,60
toxicated,0,1,1
toxicity,1,3,4
toxicology,2,0,2
toxie,0,1,1
toxin,2,1,3
toxing,1,0,1
toxins,1,6,7
toxoid,1,0,1
toy,248,381,629
toya,7,4,11
toyafam,1,0,1
toyah,1,1,2
toyally,1,0,1
toyang,0,1,1
toyas,1,0,1
toybox,1,1,2
toyboy,0,1,1
toyboys,1,0,1
toyc,1,0,1
toycon,3,0,3
toyed,1,0,1
toyfest,1,0,1
toyfort,0,1,1
toyhauler,1,0,1
toyin,1,0,1
toying,5,8,13
toyk,0,1,1
toyko,0,1,1
toynbee,2,0,2
toyo,2,0,2
toyohara,1,0,1
toyota,26,31,57
toyou,0,1,1
toyre,1,0,1
toyrus,1,0,1
toys,147,157,304
toyslogic,1,0,1
toysrus,3,4,7
toystore,1,0,1
toystory,2,5,7
toystorys,0,1,1
toywatch,3,2,5
toywranglers,0,2,2
toyz,1,5,6
toyzs,1,0,1
toz,3,1,4
toze,0,1,1
tozer,1,2,3
tozz,0,1,1
tozzi,0,1,1
tp,101,62,163
tpa,5,3,8
tpag,1,0,1
tpain,3,4,7
tpains,0,1,1
tpb,4,7,11
tpbs,1,1,2
tpc,4,3,7
tpcd,1,0,1
tpd,1,0,1
tpday,1,0,1
tpdays,0,1,1
tpdayy,1,0,1
tpe,0,1,1
tpf,1,6,7
tpfers,1,0,1
tpfx,0,1,1
tpg,4,2,6
tphcm,1,0,1
tpi,3,3,6
tpic,0,1,1
tpimorgon,0,1,1
tping,0,1,1
tpk,1,0,1
tpke,0,1,1
tpkeanyagkjadi,1,0,1
tplayer,0,1,1
tpm,4,1,5
tpms,1,0,1
tpn,1,0,1
tpo,3,2,5
tpoday,0,1,1
tpol,2,1,3
tpop,0,1,1
tporg,0,1,1
tportal,0,1,1
tpos,0,2,2
tpot,1,0,1
tpp,1,2,3
tppi,0,1,1
tpps,0,1,1
tpr,1,0,1
tprevious,1,0,1
tprov,2,1,3
tps,4,1,5
tpsu,1,0,1
tpt,3,0,3
tptb,2,0,2
tpy,1,0,1
tpye,0,1,1
tq,3,10,13
tqitters,0,1,1
tqm,1,0,1
tqmmmm,0,1,1
tqnyc,0,1,1
tqs,1,1,2
tqvm,0,2,2
tr,130,148,278
tra,7,15,22
traaaaace,0,1,1
traaaaain,1,0,1
traaaaffffiiicc,1,0,1
traaaain,0,2,2
traaace,0,1,1
traaaffffic,1,0,1
traaaffic,1,0,1
traaaining,0,1,1
traade,0,1,1
traahlala,0,1,1
traan,1,0,1
traaveeeeeeeeel,1,0,1
traba,1,0,1
trabaja,0,1,1
trabajado,0,1,1
trabajando,1,0,1
trabajar,2,3,5
trabajo,8,6,14
trabalhando,1,0,1
trabalhating,1,0,1
trabalho,0,2,2
trablogan,0,1,1
trabuco,1,0,1
trac,6,10,16
traccic,1,0,1
trace,94,95,189
traceable,1,0,1
tracec,0,1,1
tracecyrus,2,1,3
traced,4,2,6
tracee,0,1,1
traceeeee,0,2,2
traceeyy,0,1,1
tracegallagher,1,0,1
traceless,0,1,1
tracer,0,1,1
tracert,1,0,1
traces,4,6,10
tracey,11,17,28
traceycakes,1,0,1
traceys,2,1,3
tracfone,2,1,3
trach,0,1,1
trachea,2,0,2
trached,1,0,1
tracheitus,1,0,1
trachtenberg,1,0,1
traci,7,11,18
tracie,1,6,7
traciey,2,0,2
tracing,1,2,3
track,519,804,1323
trackable,1,0,1
trackback,1,3,4
trackbacks,2,1,3
trackball,44,1,45
trackballku,2,0,2
trackballnya,1,0,1
trackballs,1,0,1
trackd,0,1,1
trackday,0,1,1
trackdays,1,0,1
tracke,1,0,1
tracked,15,19,34
trackeing,0,1,1
tracker,12,23,35
trackers,3,5,8
trackevent,1,0,1
trackflashback,0,1,1
trackid,1,0,1
trackie,2,2,4
trackieesss,0,1,1
trackies,7,5,12
trackin,0,2,2
tracking,77,70,147
trackingnumbers,0,1,1
trackk,1,1,2
trackle,152,17,169
tracklist,0,5,5
tracklisting,3,7,10
tracklistings,0,1,1
tracklists,0,1,1
trackmania,1,3,4
trackmarks,0,1,1
trackname,0,1,1
trackpad,12,7,19
trackpads,0,1,1
trackpants,1,0,1
trackpoints,1,0,1
tracks,157,226,383
tracksterrr,1,0,1
tracksuit,4,5,9
tracktion,1,0,1
trackwheel,1,0,1
tracky,0,3,3
trackys,0,1,1
trackz,0,1,1
tract,5,1,6
tractable,2,0,2
traction,3,4,7
tractive,1,0,1
tractor,23,20,43
tractors,2,8,10
tracts,1,1,2
tracxk,0,1,1
tracy,46,58,104
tracyanne,0,1,1
tracybarbas,1,0,1
tracye,0,4,4
tracyeinny,0,1,1
tracys,4,2,6
trad,2,8,10
trade,187,222,409
traded,40,22,62
tradedy,1,0,1
tradegroupbeforebuying,0,1,1
tradegy,1,0,1
tradeing,0,1,1
trademark,8,16,24
trademarked,0,4,4
trademarking,2,0,2
trademarks,2,0,2
trademe,2,6,8
tradeoff,3,2,5
tradeoffs,1,1,2
trader,36,31,67
traderjoe,0,1,1
traderjoes,1,0,1
traderrrrr,1,0,1
traders,5,6,11
trades,12,18,30
tradeshow,0,6,6
tradesman,1,1,2
tradespace,0,1,1
tradespacers,0,2,2
tradespeople,1,0,1
tradewinds,1,4,5
tradgedy,2,1,3
tradgic,1,0,1
tradgity,1,0,1
tradic,1,0,1
tradicon,0,1,1
tradie,1,0,1
tradin,0,1,1
trading,59,65,124
tradisi,0,1,1
tradisional,0,1,1
tradition,33,55,88
traditional,25,74,99
traditionalists,0,1,1
traditionally,3,2,5
traditions,5,8,13
tradmill,0,1,1
tradnl,0,1,1
tradtion,1,0,1
tradtional,0,1,1
traducci,1,0,1
traducido,0,1,1
traduction,0,1,1
traduit,0,1,1
tradus,1,1,2
traduse,0,1,1
trae,5,2,7
traes,1,0,1
traeume,0,1,1
traf,2,1,3
trafalgar,3,8,11
trafalger,0,2,2
traff,1,1,2
traffc,1,0,1
trafffffffic,0,1,1
traffffffiiiiiic,1,0,1
trafffiiiicccc,1,0,1
traffic,1306,458,1764
trafficc,0,1,1
trafficcc,1,0,1
trafficccccc,1,0,1
traffice,3,0,3
trafficing,1,0,1
trafficjam,2,0,2
traffick,1,0,1
traffickin,0,1,1
trafficking,6,2,8
trafficlights,1,0,1
trafficnowfire,1,0,1
traffico,0,1,1
traffics,2,1,3
trafficza,1,0,1
traffing,1,0,1
trafford,10,18,28
traffuck,2,0,2
traffucked,1,0,1
trafic,3,2,5
trafics,0,1,1
traford,1,0,1
trafton,0,1,1
trag,1,1,2
tragdy,1,0,1
tragedia,1,0,1
tragedies,10,2,12
tragedy,149,26,175
tragedys,2,0,2
tragety,0,1,1
tragic,259,28,287
tragically,23,2,25
tragicly,1,0,1
tragicosity,0,1,1
tragidy,1,1,2
tragus,8,3,11
trah,3,0,3
trahern,1,0,1
trahision,0,1,1
trai,0,2,2
traido,1,0,1
traiesc,0,1,1
traiesti,0,2,2
traight,1,0,1
traiiiiiiiiiiiiiiiiiiler,1,0,1
traiiiiiiining,1,0,1
traiing,0,1,1
trail,78,96,174
trailblazer,3,0,3
trailblazers,2,2,4
trailed,2,0,2
trailer,439,1017,1456
traileris,0,1,1
trailernya,0,2,2
trailerpark,0,1,1
trailerparkboys,1,0,1
trailerr,0,3,3
trailerrr,0,1,1
trailerrrrr,0,1,1
trailers,43,39,82
trailes,0,1,1
trailguru,0,2,2
trailhead,2,1,3
trailhunt,0,1,1
trailier,0,3,3
trailing,10,4,14
trailler,2,2,4
trailmix,6,1,7
trailor,14,35,49
trailre,0,1,1
trailrun,0,1,1
trails,18,29,47
trailtrekker,1,0,1
trailwalker,0,1,1
trailwalkers,0,1,1
trailwalking,0,1,1
traim,1,0,1
train,1588,2452,4040
traincase,1,0,1
traind,1,0,1
traine,0,2,2
trained,43,78,121
trainee,8,8,16
traineeeeeeeeeeeeeeeee,0,1,1
trainees,2,3,5
traineeship,1,0,1
trainer,122,86,208
trainers,32,37,69
trainfail,1,0,1
traing,2,1,3
trainging,2,1,3
trainiac,0,1,1
trainifique,0,5,5
trainig,0,1,1
trainin,13,7,20
training,789,763,1552
trainingfor,0,1,1
trainingg,1,0,1
trainingggg,2,0,2
trainings,14,7,21
trainis,1,0,1
trainler,1,0,1
trainn,0,1,1
trainner,2,0,2
trainng,1,0,1
trainning,1,3,4
trainnnn,0,1,1
trainnnnn,0,1,1
trainnnnnn,2,0,2
traino,0,2,2
trainor,1,2,3
trainr,0,1,1
trainride,0,1,1
trains,185,82,267
trainset,0,1,1
trainspotting,1,4,5
trainstation,1,2,3
trainstop,1,0,1
traintrip,0,1,1
trainweck,0,1,1
trainwreck,11,16,27
trainwreckbraintrust,1,0,1
trainwrecked,0,1,1
trainwrecks,1,1,2
traipse,1,0,1
traipses,1,0,1
traister,1,0,1
trait,6,13,19
traitor,24,10,34
traits,2,7,9
traje,0,2,2
trajectory,0,2,2
trajet,2,1,3
trajic,1,1,2
trajoooooo,0,1,1
trak,4,3,7
trakhir,2,0,2
trakkie,1,0,1
trakkies,1,0,1
traks,1,0,1
traktir,0,1,1
traktirannya,0,1,1
traktor,0,5,5
tral,0,1,1
tralala,1,4,5
tralalala,1,0,1
tralalalaa,0,1,1
tralalalaaaaaaa,1,0,1
tralalalalaaaa,0,1,1
tralalallaaaaaaaaaa,0,1,1
tralalara,0,1,1
tralee,0,1,1
traler,0,1,1
tralier,1,3,4
tralierr,0,2,2
trallalalalalaaaa,0,1,1
tram,29,21,50
tramac,1,0,1
tramadol,1,0,1
tramatic,1,0,1
tramatized,0,1,1
tramcar,1,0,1
tramell,0,1,1
tramici,0,1,1
trammell,1,0,1
tramming,1,0,1
tramonti,0,1,1
tramore,0,1,1
tramp,16,27,43
trampaline,1,0,1
trampette,0,1,1
tramping,1,0,1
trample,1,1,2
trampled,7,2,9
trampo,1,0,1
trampoine,1,1,2
trampolin,1,2,3
trampoline,64,86,150
trampolinee,0,1,1
trampolineing,1,0,1
trampolines,7,7,14
trampolining,0,9,9
tramps,4,6,10
trampy,1,0,1
trams,4,1,5
tramshed,0,1,1
tramway,0,1,1
tran,5,4,9
tranby,0,1,1
trance,28,92,120
trancecast,0,1,1
trancecat,0,1,1
tranced,0,1,1
trancegenetic,0,1,1
tranceland,0,1,1
trancemade,0,1,1
trancers,1,0,1
trancetuesday,1,1,2
trancey,0,1,1
trancformers,1,0,1
tranchemates,0,1,1
tranches,0,1,1
trandiamonds,2,0,2
tranding,1,0,1
tranent,1,0,1
tranes,1,0,1
tranferred,1,0,1
tranferring,1,0,1
tranfers,0,1,1
tranformable,0,1,1
tranformer,0,1,1
tranformers,11,1,12
trang,7,6,13
trange,2,0,2
trangia,0,1,1
trangular,1,0,1
trangy,0,1,1
tranh,0,1,1
trani,0,2,2
traning,1,3,4
tranlate,0,1,1
tranlsators,1,0,1
tranmogification,0,1,1
tranney,0,1,1
trannie,1,1,2
trannies,7,3,10
trannified,0,1,1
tranniiee,0,1,1
tranning,1,1,2
tranny,25,21,46
trannys,3,1,4
tranq,2,0,2
tranqilo,0,1,1
tranqs,1,0,1
tranqualizer,1,0,1
tranqualizers,1,0,1
tranquil,4,12,16
tranquila,0,1,1
tranquility,3,7,10
tranquilitzat,0,1,1
tranquilization,1,0,1
tranquilize,1,0,1
tranquilizer,2,4,6
tranquilizers,2,0,2
tranquillily,0,1,1
tranquillisers,1,0,1
tranquillityhub,0,2,2
tranquilo,0,1,1
trans,28,20,48
transaction,28,11,39
transactional,2,0,2
transactions,8,6,14
transaksi,1,0,1
transam,0,1,1
transamerica,1,1,2
transatlantic,6,3,9
transatlanticism,0,1,1
transbelfast,0,1,1
transcab,1,0,1
transcanada,0,1,1
transcare,0,1,1
transceiver,2,0,2
transcend,2,3,5
transcended,0,1,1
transcendent,1,1,2
transcendental,1,0,1
transcending,1,0,1
transcends,1,4,5
transcipt,1,0,1
transciption,1,0,1
transcode,4,1,5
transcoded,1,1,2
transcoding,0,2,2
transcribe,4,3,7
transcribed,1,0,1
transcriber,0,1,1
transcribin,0,1,1
transcribing,13,9,22
transcript,11,5,16
transcription,4,5,9
transcriptions,3,1,4
transcripts,3,2,5
transcultur,1,0,1
transdesign,0,2,2
transducers,1,0,1
transects,1,0,1
transexual,1,2,3
transfer,146,98,244
transferable,4,2,6
transfered,18,8,26
transferee,0,2,2
transferees,1,0,1
transference,0,1,1
transfering,9,7,16
transferr,1,0,1
transferrable,3,0,3
transferrance,1,0,1
transferred,33,15,48
transferrin,0,1,1
transferring,33,20,53
transfers,12,3,15
transferware,0,1,1
transfformers,0,1,1
transfgrmers,1,0,1
transfig,1,0,1
transfigure,1,0,1
transfigured,0,1,1
transfomers,2,1,3
transfomrers,1,0,1
transforers,1,0,1
transform,15,17,32
transformation,2,22,24
transformational,0,1,1
transformations,1,3,4
transformative,0,1,1
transformed,6,9,15
transformer,49,25,74
transformers,635,222,857
transformersanimated,1,0,1
transformerss,2,0,2
transformin,0,1,1
transforming,2,12,14
transforms,1,4,5
transfromers,1,0,1
transfromerssssss,0,1,1
transfrormers,0,1,1
transfusion,8,1,9
transfusions,2,0,2
transgender,3,2,5
transgendered,0,2,2
transgeneration,0,1,1
transglobal,0,1,1
transgress,1,0,1
transgressed,1,0,1
transgression,0,1,1
transhumanism,1,0,1
transient,4,1,5
transistion,0,1,1
transistions,0,1,1
transistor,0,1,1
transistors,0,1,1
transit,40,35,75
transition,42,31,73
transitional,2,1,3
transitioned,1,4,5
transitioning,5,6,11
transitions,7,8,15
transitive,1,1,2
transitory,2,1,3
transitrider,0,1,1
transits,1,0,1
transl,0,1,1
translat,1,0,1
translatable,0,1,1
translate,66,89,155
translated,18,40,58
translates,10,17,27
translatin,0,1,1
translating,19,23,42
translation,62,119,181
translations,4,11,15
translaton,1,0,1
translator,25,30,55
translatorii,0,1,1
translators,1,2,3
translet,0,1,1
transleting,0,1,1
translink,2,0,2
transliteration,0,1,1
transliterations,1,0,1
translocator,1,0,1
transltation,0,1,1
translucent,2,6,8
translvania,0,1,1
transmetropolitan,0,2,2
transmetropolitian,1,0,1
transmigration,0,1,1
transmisia,0,1,1
transmision,0,2,2
transmission,35,20,55
transmissions,3,2,5
transmit,8,11,19
transmited,2,0,2
transmition,2,0,2
transmitt,0,1,1
transmitted,3,1,4
transmitter,11,5,16
transmitters,0,2,2
transmogrified,1,0,1
transnational,1,0,1
transnationals,1,0,1
transnormal,1,0,1
transormers,1,0,1
transp,1,0,1
transpac,1,0,1
transparancy,0,1,1
transparency,7,8,15
transparens,0,1,1
transparent,8,15,23
transparochial,0,1,1
transpass,1,0,1
transpennine,1,0,1
transpeople,1,0,1
transphobia,1,0,1
transphobic,1,0,1
transpire,0,1,1
transpired,0,3,3
transpires,3,0,3
transpirs,1,0,1
transplant,34,9,43
transplanted,0,1,1
transplanting,3,1,4
transplants,4,4,8
transplating,0,1,1
transpo,4,0,4
transponder,1,0,1
transport,104,66,170
transportable,1,0,1
transportaion,1,0,1
transportation,48,11,59
transported,9,5,14
transporter,5,10,15
transporters,2,0,2
transporting,2,2,4
transportion,0,1,1
transports,1,4,5
transportu,0,1,1
transporty,0,1,1
transpose,2,0,2
transposed,0,1,1
transposing,2,0,2
transpotation,1,0,1
transprt,0,1,1
transscripting,0,1,1
transsexual,0,1,1
transsexuals,1,0,1
transsiberia,1,0,1
transtar,1,0,1
transtelecom,1,0,1
transtion,1,0,1
transtuesday,0,1,1
transtv,1,0,1
transubstansiation,0,1,1
transversals,0,1,1
transverse,3,1,4
transvestite,5,1,6
transvision,0,2,2
transwarps,0,1,1
transworld,1,0,1
transy,0,1,1
transylania,1,0,1
transylvania,1,3,4
transylvanian,0,1,1
trantastic,0,1,1
trantula,2,0,2
tranzac,1,0,1
trao,0,1,1
trap,68,54,122
trapani,0,1,1
trapasssss,0,1,1
trapattoni,0,1,1
trapdoor,0,2,2
traped,1,0,1
trapeze,6,12,18
trapp,1,1,2
trappd,1,0,1
trapped,158,40,198
trappeded,0,2,2
trapper,2,5,7
trappin,0,1,1
trapping,2,2,4
trappist,0,3,3
trappists,0,1,1
traps,18,10,28
trapsed,1,0,1
trapsen,0,1,1
trapster,1,0,1
trapt,1,0,1
traption,0,1,1
trapts,1,0,1
traqualizers,1,0,1
tras,0,1,1
trasfer,1,0,1
trasfusion,1,0,1
trash,196,144,340
trasha,0,1,1
trashbags,0,2,2
trashcan,4,6,10
trashcans,0,1,1
trashed,52,22,74
trashers,0,1,1
trashes,2,2,4
trashfest,1,0,1
trashhand,1,0,1
trashhhh,0,1,1
trashiness,0,1,1
trashing,5,9,14
trashingg,1,0,1
trashlight,0,1,1
trashmen,0,1,1
trashmore,1,2,3
trashsizzle,1,0,1
trashville,1,0,1
trashy,27,24,51
trashynot,0,1,1
trasition,0,1,1
trask,1,0,1
traslating,0,1,1
traslation,0,2,2
trasnfer,1,0,1
trasnformers,1,0,1
trasoras,0,1,1
traspertation,1,0,1
trasport,0,1,1
trastienda,1,3,4
trata,1,0,1
tratament,0,2,2
tratamiento,1,0,1
tratando,1,0,1
tratar,1,0,1
trated,1,0,1
tratior,1,0,1
trattoria,0,1,1
trattorias,0,1,1
traude,1,0,1
trauma,30,24,54
traumada,1,0,1
traumann,0,1,1
traumas,3,0,3
traumatic,29,11,40
traumatised,13,1,14
traumatising,3,0,3
traumatize,3,0,3
traumatized,42,8,50
traumatizing,8,0,8
traume,0,1,1
traurig,3,0,3
trautwein,1,0,1
trav,11,14,25
travae,0,1,1
travail,0,3,3
travailler,0,1,1
travails,2,1,3
travajo,1,0,1
trave,1,0,1
travees,0,1,1
traveing,1,0,1
travel,534,596,1130
travelandleisure,0,1,1
travelbug,1,0,1
travelcard,1,0,1
traveld,2,0,2
traveled,20,15,35
traveler,16,25,41
travelers,8,13,21
traveles,1,0,1
travelig,0,1,1
travelin,7,1,8
traveling,198,185,383
travell,2,1,3
travellage,0,1,1
travelled,17,14,31
traveller,3,2,5
travellers,2,4,6
travellerspoint,0,1,1
travellign,0,1,1
travellin,3,3,6
travellinda,1,0,1
travelling,93,95,188
travelliong,0,1,1
travellng,0,1,1
travelmug,0,1,1
travelocity,2,0,2
travelodge,4,4,8
travelogue,0,1,1
travelor,1,0,1
travels,62,117,179
travelsick,1,0,1
travelstart,0,1,1
traveltips,0,1,1
traveltuesday,2,3,5
travelwm,1,0,1
travelx,0,1,1
travelzoom,0,1,1
traven,0,1,1
travers,0,2,2
traverse,4,5,9
traverser,0,1,1
traversing,1,0,1
traversity,1,0,1
travessia,0,1,1
travesty,29,2,31
travi,1,0,1
travian,5,6,11
traviata,2,1,3
travid,0,1,1
travie,0,2,2
travies,0,1,1
traviesas,0,1,1
traviiisss,0,1,1
travis,78,100,178
travises,1,0,1
traviss,1,0,1
travissss,0,1,1
travlag,0,1,1
travle,1,0,1
travled,1,0,1
travlin,0,1,1
travling,1,0,1
travo,1,0,1
travolta,4,6,10
travoltarol,0,1,1
travon,1,1,2
travoooo,1,0,1
travoradio,2,0,2
travou,1,0,1
travsummit,0,4,4
travu,1,0,1
travvvviiiiissss,0,1,1
travy,1,0,1
trawalla,1,0,1
trawangan,1,1,2
trawl,7,1,8
trawler,0,2,2
trawling,4,3,7
trax,5,11,16
traxon,0,1,1
traxson,0,1,1
tray,66,30,96
traying,0,2,2
traynor,2,0,2
trays,4,3,7
traysongs,0,1,1
trazh,0,1,1
trazz,0,1,1
trb,0,2,2
trbc,0,1,1
trbl,0,1,1
trble,1,0,1
trc,2,2,4
trcc,1,0,1
trchs,0,1,1
trcim,1,0,1
trck,0,1,1
trdev,0,1,1
tre,17,20,37
trea,1,1,2
treaba,1,1,2
treach,1,1,2
treacherous,1,1,2
treachery,1,1,2
treacle,4,3,7
tread,3,12,15
treader,3,1,4
treading,2,4,6
treadmil,5,2,7
treadmill,108,76,184
treadmiller,0,1,1
treadmilling,2,0,2
treadmills,2,2,4
treads,1,0,1
treadury,0,1,1
treadway,1,0,1
tready,1,0,1
treak,1,0,1
treal,0,2,2
treallkly,0,1,1
treally,3,0,3
tream,1,1,2
treaments,0,1,1
treamill,1,0,1
treanding,0,1,1
treaser,0,1,1
treason,1,1,2
treasure,51,91,142
treasured,3,7,10
treasurer,1,6,7
treasures,6,17,23
treasuries,6,7,13
treasuring,0,1,1
treasury,13,47,60
treat,250,417,667
treatable,3,1,4
treatd,0,1,1
treated,92,81,173
treatedto,0,1,1
treater,0,1,1
treaties,1,1,2
treatin,9,11,20
treating,68,144,212
treatment,116,73,189
treatments,24,14,38
treatmnt,1,0,1
treats,83,100,183
treaty,5,3,8
treatz,1,0,1
treatzzzz,1,0,1
treaveling,1,0,1
treay,1,0,1
treaz,0,1,1
treba,3,0,3
trebek,1,1,2
treble,3,5,8
trebor,0,2,2
trebuchet,0,2,2
trebui,0,1,1
trebuie,1,2,3
treburile,0,1,1
trec,0,1,1
trece,0,3,3
trecherous,1,0,1
treck,8,12,20
trecked,1,0,1
trecking,1,0,1
treco,0,1,1
trecuta,0,1,1
tred,1,1,2
treding,3,2,5
tredmil,2,0,2
tredmill,4,3,7
tredmilling,1,0,1
tredmills,1,0,1
tredning,1,0,1
tredtri,1,0,1
tredtwo,1,0,1
tree,443,471,914
treee,1,1,2
treeee,0,1,1
treeeee,1,1,2
treeeeee,2,0,2
treeeeek,0,1,1
treeeees,1,0,1
treeeending,0,1,1
treeeey,1,0,1
treeenaa,0,1,1
treego,1,0,1
treehill,0,1,1
treehouse,4,10,14
treehugger,1,0,1
treeless,1,0,1
treeline,1,0,1
treeman,1,0,1
treemendous,0,1,1
treemmee,0,1,1
treena,1,0,1
treepeople,0,1,1
trees,193,189,382
treeson,0,1,1
treesons,1,0,1
treetop,0,2,2
treetops,1,2,3
treets,0,1,1
treevo,1,0,1
treewzer,0,1,1
tref,1,0,1
treffen,0,1,1
treffer,0,1,1
trefusis,1,3,4
tregedy,1,0,1
tregenna,0,1,1
treggings,0,1,1
tregoe,1,0,1
treid,1,0,1
treide,1,0,1
treinstation,1,0,1
treinta,0,1,1
treiral,0,1,1
treiz,0,1,1
trejo,2,0,2
trek,462,1004,1466
treked,1,0,1
treket,0,1,1
trekie,0,1,1
treking,1,0,1
trekked,4,1,5
trekker,2,3,5
trekkers,1,0,1
trekkie,6,26,32
trekkies,4,10,14
trekkin,2,2,4
trekking,8,15,23
trekky,1,2,3
trekmovie,0,1,1
treknews,0,1,1
treks,1,1,2
trekspace,1,0,1
treku,0,1,1
treky,0,1,1
trelise,1,0,1
trell,1,0,1
trellis,0,3,3
trem,0,2,2
tremaine,0,5,5
tremblant,1,2,3
tremble,2,2,4
trembler,0,1,1
trembles,0,1,1
trembling,5,4,9
treme,1,1,2
tremeda,0,1,1
tremedous,0,1,1
tremenda,0,1,1
tremendo,0,1,1
tremendous,12,21,33
tremendously,20,9,29
tremense,0,1,1
tremi,6,1,7
tremor,1,1,2
tremors,5,2,7
tremoulet,0,1,1
tren,2,4,6
trena,0,2,2
trench,16,20,36
trenchcoat,5,1,6
trenched,1,0,1
trencher,0,1,1
trenches,4,3,7
trenchfoot,1,0,1
trend,95,151,246
trendall,0,1,1
trendd,0,1,1
trended,3,0,3
trendesetters,0,1,1
trendfisting,0,1,1
trendfixing,1,0,1
trendier,0,1,1
trendiest,1,2,3
trendin,2,3,5
trending,363,567,930
trendingggg,1,0,1
trendings,1,0,1
trendingtopics,1,1,2
trendio,2,0,2
trendline,0,1,1
trendly,0,1,1
trendmicro,1,0,1
trendmill,0,1,1
trendone,0,1,1
trendong,1,0,1
trends,52,39,91
trendsecure,0,1,1
trendsetter,0,4,4
trendsetters,0,1,1
trendsettin,1,0,1
trendsetting,0,1,1
trendtopic,1,1,2
trendtopics,1,0,1
trendy,25,44,69
treng,0,1,1
trenging,0,1,1
trening,0,1,1
trennding,0,1,1
trent,49,80,129
trentie,1,0,1
trentles,0,1,1
trentloos,1,0,1
trenton,10,5,15
trents,3,1,4
trenty,0,1,1
trenutek,0,1,1
trenyce,1,0,1
treo,14,11,25
treos,1,1,2
trepar,1,0,1
trepidation,1,0,1
treptow,1,0,1
tres,48,45,93
tresa,1,0,1
treschicbeauty,0,1,1
trese,0,1,1
tresea,0,1,1
treshold,0,1,1
tresmee,0,1,1
tresor,1,1,2
trespass,0,1,1
trespasser,0,1,1
trespassers,0,1,1
trespassing,4,2,6
trespen,2,0,2
tress,0,2,2
tressa,1,1,2
tresse,0,1,1
tresses,2,0,2
trested,1,0,1
treston,0,1,1
tresvant,1,0,1
tret,1,1,2
tretton,2,0,2
treucb,0,1,1
trev,10,13,23
trevallyn,1,0,1
trevelez,0,1,1
treven,0,2,2
trever,0,2,2
trevi,1,2,3
treviso,0,2,2
trevlig,0,1,1
trevligt,0,1,1
trevon,0,1,1
trevor,32,34,66
trevorhoen,1,0,1
trevorness,0,1,1
trevorr,1,1,2
trevorrrr,0,1,1
trevors,0,3,3
trevs,0,2,2
trevss,0,1,1
trevy,0,1,1
trew,1,1,2
trewicks,1,0,1
trex,2,1,3
trexanh,0,1,1
treximet,2,0,2
trexy,1,0,1
trey,72,102,174
treybby,1,0,1
treyowesus,1,0,1
treys,1,0,1
treyson,1,0,1
treysongz,12,31,43
treysongzmusicmonday,0,1,1
treysongzmusicmondays,1,1,2
treyyy,1,0,1
treyyyy,0,1,1
treyyyyy,0,1,1
trez,0,1,1
trezeguet,0,2,2
trezesc,0,1,1
trezise,1,0,1
treznor,1,0,1
trf,0,1,1
trfc,1,0,1
trffic,2,0,2
trg,1,0,1
trhat,0,1,1
trhe,2,0,2
trhew,0,1,1
trhieim,1,0,1
trhing,1,0,1
trhis,0,1,1
trhoat,1,0,1
trhonj,1,0,1
trhough,1,0,1
trhps,0,1,1
trhu,1,0,1
tri,34,53,87
tria,0,2,2
triaaaa,0,1,1
triad,2,3,5
triads,0,1,1
triage,5,1,6
trial,112,105,217
trialing,1,0,1
trialled,1,0,1
trialling,1,1,2
trials,27,15,42
triamisu,0,1,1
triangl,1,0,1
triangle,36,19,55
triangles,3,2,5
triangoli,0,1,1
triangular,0,1,1
triangulation,0,2,2
trianians,0,1,1
trianing,0,1,1
trianna,0,1,1
trianon,1,0,1
trians,1,0,1
triathalon,2,5,7
triathelon,0,1,1
triathlete,1,1,2
triathletes,0,4,4
triathlon,15,37,52
triathlons,2,2,4
triatholon,0,2,2
triatlon,2,0,2
triazzle,1,0,1
trib,4,2,6
tribal,10,12,22
tribalism,0,2,2
tribalization,0,1,1
tribalwars,0,1,1
triband,1,0,1
tribbet,0,1,1
tribbett,0,1,1
tribble,0,2,2
tribbleagency,5,1,6
tribbles,2,6,8
tribdar,0,1,1
tribe,21,26,47
tribeca,7,2,9
tribella,1,0,1
tribes,3,4,7
tribesman,1,0,1
tribiani,1,0,1
triblastics,1,0,1
triboro,1,0,1
tribulation,1,0,1
tribulations,2,0,2
tribunal,4,3,7
tribune,8,6,14
triburg,0,1,1
tributary,1,1,2
tribute,49,70,119
tributes,3,6,9
tricake,1,0,1
trical,1,0,1
tricaster,0,1,1
trice,1,2,3
tricep,3,0,3
triceps,2,4,6
trich,1,0,1
trichotillomania,1,2,3
trichur,1,1,2
trichy,3,2,5
tricia,11,23,34
tricina,0,2,2
trick,158,224,382
tricked,55,10,65
tricker,1,1,2
trickeries,1,0,1
trickery,1,2,3
trickier,3,1,4
trickiest,0,3,3
trickily,2,0,2
trickin,1,4,5
tricking,1,3,4
trickkkk,0,1,1
trickks,0,1,1
trickle,1,5,6
trickled,1,0,1
trickles,1,2,3
trickling,4,1,5
trickn,4,0,4
tricknology,0,1,1
tricks,60,117,177
tricksta,0,1,1
trickstahh,1,0,1
trickster,0,2,2
tricksters,1,1,2
tricksy,1,1,2
tricky,51,65,116
trickydicky,0,1,1
trickyy,1,1,2
trickzz,0,1,1
triclops,0,2,2
triclosan,2,0,2
trico,2,2,4
tricoci,1,0,1
tricolor,0,1,1
tricolore,0,1,1
tricolour,0,1,1
tricorder,0,1,1
tricot,1,0,1
tricoul,0,2,2
tricuspid,1,0,1
tricycle,6,1,7
tricyclen,1,0,1
tricycles,2,0,2
trid,0,1,1
tridelt,1,0,1
trident,3,4,7
tridge,0,1,1
trie,1,0,1
tried,3837,1160,4997
triedd,1,1,2
triedddddddd,1,0,1
triedto,1,0,1
trieeed,2,0,2
trieeedddd,1,0,1
trien,1,0,1
trieng,1,1,2
trier,2,3,5
triered,1,0,1
tries,83,83,166
trieste,1,0,1
trife,2,1,3
trifecta,12,12,24
trifectas,1,0,1
trifelin,1,0,1
triffeh,0,1,1
triffic,1,3,4
triffids,2,1,3
triffle,0,1,1
trifft,0,1,1
triffy,1,0,1
trifle,5,9,14
trifles,0,1,1
triflin,1,0,1
trifling,2,0,2
trig,20,7,27
trigeeks,0,1,1
trigeia,2,1,3
trigesima,0,1,1
trigg,0,2,2
trigga,1,3,4
trigger,36,24,60
triggered,15,8,23
triggeredd,1,0,1
triggeres,1,0,1
triggering,2,1,3
triggers,15,12,27
triggery,1,0,1
triginometery,1,0,1
triginometric,0,1,1
triglycerides,1,0,1
trignometry,0,1,1
trigo,3,1,4
trigon,1,1,2
trigonmetry,1,0,1
trigonometry,12,7,19
trigrams,0,1,1
trigun,1,1,2
trigus,1,0,1
triieeedddd,1,0,1
triiick,1,0,1
triiiied,1,0,1
triiiiiii,0,1,1
triin,0,1,1
triip,0,1,1
trike,2,5,7
trikes,0,1,1
triking,0,1,1
trikk,0,1,1
trikot,0,1,1
trilby,1,6,7
trilbyyyy,1,0,1
triler,0,1,1
trilha,0,3,3
trill,1,3,4
trilla,1,0,1
trillian,11,5,16
trillians,0,1,1
trillianth,0,1,1
trillin,0,1,1
trilling,0,2,2
trillion,6,12,18
trillions,2,3,5
trilliums,0,1,1
trillo,0,1,1
trillz,0,1,1
trilobites,1,0,1
trilogie,1,0,1
trilogies,0,1,1
trilogy,18,38,56
trilulilu,0,1,1
trim,49,52,101
trimaran,0,1,1
trimble,0,1,1
trimed,1,0,1
trimester,8,3,11
trimesters,0,2,2
trimestral,1,0,1
trimet,1,1,2
trimings,1,0,1
trimis,0,1,1
trimit,0,1,1
trimmed,30,28,58
trimmer,6,4,10
trimmers,1,0,1
trimmin,0,1,1
trimming,11,8,19
trimmings,2,7,9
trimmmed,0,1,1
trimonino,1,0,1
trimphones,1,0,1
trims,0,3,3
trimurl,0,1,1
trin,2,0,2
trina,7,15,22
trinaaaa,0,1,1
trinabobby,0,1,1
trinda,1,0,1
trine,0,2,2
trinella,0,1,1
tring,18,5,23
trinh,1,0,1
trini,13,12,25
trinian,1,0,1
trinians,1,3,4
trinidad,11,9,20
trinidadians,0,1,1
trinidee,1,0,1
trinitarian,1,1,2
trinitarians,0,1,1
trinitarios,0,1,1
trinity,20,30,50
trinitysunday,1,0,1
trinitytechnosoft,0,1,1
trink,0,2,2
trinka,1,0,1
trinken,1,2,3
trinket,2,1,3
trinkets,2,2,4
trinkin,0,1,1
trinking,1,1,2
trinlay,0,1,1
trinns,0,1,1
trinny,1,0,1
trinoma,9,14,23
trinomial,1,0,1
trinz,0,1,1
trio,31,36,67
triology,0,1,1
triomphe,0,1,1
trion,0,1,1
triona,0,1,1
triond,1,0,1
trionf,0,1,1
triop,3,0,3
triops,2,0,2
trip,2309,2664,4973
tripadvisor,1,1,2
tripartitioned,1,0,1
tripawd,0,1,1
tripcase,1,1,2
tripd,1,0,1
tripdip,0,1,1
tripe,6,2,8
triped,1,0,1
tripics,0,1,1
triping,1,0,1
tripit,1,1,2
tripl,0,1,1
triple,104,119,223
triplechuck,0,1,1
tripled,7,2,9
tripledeck,1,0,1
tripleecrafterfabric,0,1,1
tripleee,0,1,1
triplejay,1,0,1
triples,2,0,2
triplet,3,1,4
triplets,7,15,22
triplett,0,1,1
tripling,1,0,1
triplyksis,0,1,1
tripn,1,0,1
tripod,20,18,38
tripods,2,0,2
tripoli,1,0,1
tripoly,1,0,1
tripolyphosphate,1,0,1
triport,1,0,1
tripos,1,0,1
tripp,3,6,9
trippe,0,1,1
tripped,85,30,115
trippel,0,1,1
trippen,7,1,8
tripper,2,1,3
trippers,1,0,1
trippi,0,1,1
trippin,78,49,127
tripping,36,39,75
trippingly,0,1,1
tripple,6,6,12
tripplehorn,0,1,1
tripples,0,1,1
trippletsss,0,1,1
trippn,5,2,7
trippp,1,3,4
trippppp,0,1,1
trippppppp,0,1,1
tripppppppp,1,0,1
tripppyyyyy,0,1,1
trippy,10,33,43
trips,164,131,295
tripsss,0,1,1
triptic,0,1,1
triptik,1,0,1
triptych,1,2,3
tripulation,1,0,1
tripy,1,0,1
tripz,1,0,1
trired,4,0,4
tris,5,4,9
trisa,0,1,1
trisakti,1,0,1
triscuit,1,2,3
triscuits,4,2,6
triscut,0,1,1
triscuts,1,0,1
trisexuals,0,1,1
trish,22,43,65
trisha,10,14,24
trishaaa,1,0,1
trishah,0,1,1
trishas,0,1,1
trishastweetsgoodnight,0,1,1
trishatime,0,1,1
trishaw,1,0,1
trishaws,0,1,1
trishh,1,0,1
trishhhhh,0,1,1
trishia,0,1,1
trishina,0,1,1
trishmazing,1,0,1
trishs,2,0,2
trishy,2,5,7
trisity,1,0,1
triskaidexaphobia,1,0,1
trism,0,1,1
trissthee,1,0,1
trist,1,1,2
trista,0,7,7
tristan,11,22,33
tristanjoey,0,1,1
tristans,1,0,1
tristate,2,3,5
triste,65,1,66
tristee,2,0,2
tristeee,2,0,2
tristeeee,1,0,1
tristen,1,2,3
tristes,1,0,1
tristesa,1,0,1
tristeza,0,1,1
tristin,1,0,1
tristo,1,7,8
tristt,1,0,1
trite,3,3,6
triton,1,2,3
tritonlink,1,0,1
tritraining,1,0,1
tritris,0,1,1
tritt,4,0,4
tritton,0,1,1
triumph,14,16,30
triumphant,7,8,15
triumphantly,1,0,1
triumphed,0,1,1
triumphs,0,3,3
triumvir,1,0,1
triumvirate,0,1,1
triv,1,0,1
trival,1,0,1
trivandrum,3,2,5
trivia,70,86,156
triviachallenge,0,1,1
trivial,14,18,32
trivialize,1,0,1
trivializing,0,1,1
trivialties,0,1,1
triviatastic,1,0,1
trivim,0,1,1
trivium,3,9,12
trivun,1,0,1
trix,12,13,25
trixbox,1,1,2
trixi,1,0,1
trixie,13,5,18
trixiee,1,0,1
trixter,0,1,1
trixxx,0,1,1
triying,2,0,2
triyng,1,0,1
triz,1,2,3
trizza,1,0,1
trizzle,0,1,1
trk,2,3,5
trka,0,1,1
trkish,1,0,1
trks,0,1,1
trl,6,10,16
trlove,0,2,2
trm,1,1,2
trms,2,1,3
trmsk,0,1,1
trmw,0,1,1
trn,0,1,1
trnding,1,0,1
trnds,0,1,1
trnee,0,1,1
trng,7,2,9
trnr,0,2,2
trns,0,1,1
trnsltd,0,1,1
trnyata,1,0,1
tro,4,4,8
troat,2,1,3
troath,3,0,3
trobbing,0,1,1
trobe,1,0,1
troble,0,1,1
trobol,1,0,1
trobs,0,1,1
trobules,1,0,1
troc,0,1,1
trocadero,1,2,3
trocaire,0,1,1
trocar,1,1,2
trochelle,0,1,1
trochu,0,2,2
trocoderro,1,0,1
trod,7,0,7
trodded,1,0,1
trodden,2,0,2
trods,1,0,1
troed,1,0,1
troels,1,0,1
troff,1,0,1
trog,1,0,1
trogdor,1,0,1
trogg,1,0,1
trohble,0,1,1
trohman,0,5,5
trohmanizer,1,0,1
troi,2,2,4
troiani,0,1,1
troika,0,1,1
trois,2,3,5
trojan,21,11,32
trojanantics,0,1,1
trojans,4,2,6
trojanvision,0,1,1
trojens,0,1,1
trojons,1,0,1
trolaza,0,1,1
trolio,0,1,1
troll,30,26,56
trollbead,0,1,1
trollcat,1,0,1
trolled,5,1,6
trolley,13,18,31
trolleys,1,0,1
trolleywood,0,1,1
trollies,1,0,1
trollin,1,1,2
trolling,10,11,21
trollllll,1,0,1
trolloc,0,1,1
trollop,0,1,1
trollops,1,0,1
trolls,14,17,31
trollshaws,0,1,1
trollstigen,2,0,2
trolly,5,9,14
trollywood,0,1,1
trollz,0,1,1
trom,0,1,1
troma,1,0,1
trombone,1,5,6
tromeo,0,1,1
tromped,1,0,1
troms,1,0,1
tron,11,17,28
tronches,0,1,1
trondheim,3,5,8
trone,0,1,1
trong,22,10,32
tronic,0,1,1
tronix,1,0,1
tronji,0,1,1
trons,1,0,1
tronto,1,0,1
troo,1,0,1
troof,1,0,1
troon,1,4,5
troooooops,0,1,1
troooooouble,1,0,1
trooouble,1,0,1
troooublee,0,1,1
troop,7,7,14
troopa,1,0,1
trooped,0,2,2
trooper,15,24,39
troopers,4,15,19
troopin,1,1,2
trooping,0,2,2
troops,30,38,68
troos,1,0,1
troosers,0,1,1
troosevelt,0,1,1
trop,8,14,22
trope,0,2,2
tropecei,1,0,1
tropez,4,4,8
trophe,0,1,1
trophie,1,2,3
trophies,15,13,28
trophy,38,59,97
trophys,0,1,1
tropic,5,19,24
tropical,57,65,122
tropicaliente,0,1,1
tropicalnight,1,0,1
tropicana,8,8,16
tropics,3,6,9
tropicsz,0,1,1
tropiezo,0,1,1
tropihc,0,1,1
tropospheric,0,1,1
tropper,1,0,1
trops,1,0,1
troptraditions,1,0,1
troquei,1,2,3
tros,0,1,1
trot,6,10,16
trotanoy,0,1,1
trotineta,0,1,1
trots,5,0,5
trotsky,0,1,1
trott,1,1,2
trotted,0,2,2
trotter,1,0,1
trotters,0,1,1
trotting,3,5,8
trottr,0,1,1
trotzdem,4,7,11
troub,3,1,4
troubador,0,2,2
troubadour,6,2,8
troubadourness,0,1,1
troubes,1,0,1
trouble,1046,523,1569
troubled,18,3,21
troublee,1,1,2
troubleeeee,1,0,1
troublemaker,0,3,3
troublemakers,0,1,1
troubles,99,46,145
troubleshoot,9,2,11
troubleshooters,0,1,1
troubleshooting,23,7,30
troubleshot,0,1,1
troublesleeping,1,0,1
troublesome,13,5,18
troublin,1,0,1
troubling,14,5,19
troubs,0,1,1
trough,13,19,32
trougher,1,0,1
troughout,1,0,1
trought,1,0,1
troughton,0,2,2
trouible,1,0,1
troulbe,0,1,1
trounament,0,1,1
trounced,2,1,3
trounces,1,0,1
trouncing,2,1,3
troung,1,0,1
troup,1,0,1
troupe,9,8,17
trouper,3,0,3
troupers,1,0,1
trouple,1,0,1
trouser,7,3,10
trouserpress,0,1,1
trousers,59,31,90
trousseau,0,1,1
trout,9,16,25
troutbeck,0,2,2
trouth,1,0,1
troutman,1,1,2
trouty,1,0,1
trouv,1,0,1
trouwens,0,1,1
trouxe,0,1,1
trovatore,0,1,1
trove,1,4,5
troves,1,0,1
trovus,0,1,1
trow,2,4,6
trowa,1,0,1
trowdown,0,1,1
trowel,0,1,1
trower,1,0,1
trowing,1,3,4
trowl,0,1,1
troxa,1,0,1
troxy,0,1,1
troy,38,39,77
troybarrett,0,1,1
troybolton,1,0,1
troycity,0,1,1
troyella,1,0,1
troyer,1,1,2
troyes,1,0,1
troygramling,1,0,1
troying,0,1,1
troylast,0,1,1
troys,0,2,2
troyy,1,0,1
trps,1,0,1
trq,0,2,2
trqla,0,1,1
trraaffiiic,1,0,1
trrain,0,1,1
trraining,0,1,1
trried,0,1,1
trriiipppp,0,1,1
trriple,1,0,1
trrists,0,1,1
trrrippin,0,1,1
trrrraainnn,0,1,1
trrrrrrip,0,1,1
trrrrrrrryyyyyyyyiiiiiiinnnnnnng,1,0,1
trrrrruuuuth,0,1,1
trruuue,1,0,1
trruuuueee,1,0,1
trry,1,0,1
trrying,0,1,1
trs,5,12,17
trsiteeeeeeeeeeeeeeee,1,0,1
trspassing,1,0,1
trsut,1,0,1
trsvidz,0,1,1
trting,1,0,1
trtmnts,1,0,1
trtying,3,0,3
tru,55,76,131
truamaa,1,0,1
truancy,0,2,2
truant,2,0,2
trub,2,0,2
trubble,1,3,4
trubbled,0,1,1
trubblez,0,1,1
trubl,0,1,1
truble,1,1,2
trubs,0,1,1
truc,2,0,2
trucadero,0,1,1
trucalling,0,1,1
trucco,0,2,2
truce,3,11,14
truch,1,0,1
truck,516,257,773
trucka,2,0,2
trucked,2,0,2
truckee,0,2,2
trucker,4,10,14
truckercat,1,0,1
truckers,3,16,19
truckie,1,0,1
truckin,3,16,19
trucking,4,6,10
truckless,1,0,1
truckload,2,4,6
truckloads,6,2,8
trucks,60,38,98
truckseries,1,2,3
truckstop,2,2,4
truckstops,1,0,1
trucky,1,0,1
trudat,0,1,1
trudester,0,1,1
trudge,3,0,3
trudged,1,1,2
trudging,6,1,7
trudy,5,5,10
true,2279,3325,5604
trueachievement,0,1,1
trueachievements,1,0,1
trueblood,27,40,67
truecarvalue,0,1,1
truecat,1,0,1
truecrypt,2,0,2
trued,2,1,3
truedat,0,1,1
truee,7,12,19
trueee,4,11,15
trueeee,3,2,5
trueeeee,3,1,4
trueeeeeeeeeeee,1,0,1
trueexclusives,0,1,1
truefriend,0,1,1
truehollywoodstory,0,1,1
truelife,2,0,2
truelly,2,0,2
truelove,0,1,1
truely,51,59,110
truenorth,0,1,1
truer,4,11,15
trueromance,1,0,1
trues,2,0,2
trueself,0,1,1
truest,1,3,4
truestar,0,1,1
truestatement,1,1,2
truestory,1,0,1
truetrue,1,0,1
truetruee,0,1,1
truewifi,1,0,1
truez,0,1,1
truf,2,0,2
trufax,8,1,9
truff,1,0,1
truffaut,1,0,1
truffel,1,0,1
trufffle,1,0,1
truffle,8,13,21
truffled,0,1,1
truffles,5,15,20
truffleshuffle,2,0,2
truffling,1,0,1
truffula,0,2,2
truganini,1,0,1
truggi,0,1,1
trugging,1,0,1
truism,1,1,2
truit,1,0,1
trujillo,2,0,2
truk,1,0,1
truley,6,7,13
trulia,2,1,3
trulians,0,1,1
trulife,0,1,1
trulle,0,1,1
truller,1,0,1
trulli,3,3,6
trully,8,6,14
truluck,1,0,1
trulucks,0,1,1
truly,377,584,961
trulyage,0,1,1
trulyyy,0,1,1
trulyyyy,1,0,1
truman,3,7,10
trumbles,0,1,1
trumbone,1,0,1
trumbull,1,1,2
trump,14,28,42
trumped,7,2,9
trumpet,18,17,35
trumpeter,1,2,3
trumpets,3,6,9
trumpette,0,1,1
trumphs,0,1,1
trumping,2,2,4
trumps,12,10,22
trun,3,3,6
truncate,1,0,1
truncated,5,1,6
truncating,1,1,2
truncation,1,0,1
truncations,1,0,1
trundle,1,2,3
trundled,1,0,1
trundling,1,0,1
trung,3,2,5
truning,1,0,1
trunk,38,26,64
trunking,0,2,2
trunks,12,13,25
truoble,2,0,2
truouble,1,0,1
truphone,1,0,1
trupia,2,0,2
truro,4,3,7
trus,5,12,17
trushna,0,1,1
truss,5,1,6
trusst,1,0,1
trussville,1,0,1
trust,481,626,1107
trustable,0,1,1
trustar,0,1,1
trusted,45,17,62
trustedplaces,0,1,1
trustee,2,1,3
trustees,2,1,3
trusten,0,1,1
trustfully,0,1,1
trustfund,1,0,1
trusticles,1,0,1
trustifarians,0,1,1
trusting,17,23,40
trustme,1,0,1
trusts,4,6,10
trustt,1,1,2
trusttommy,0,1,1
trustttt,0,1,1
trustworthiness,1,0,1
trustworthy,4,11,15
trustworthyyyyyy,1,0,1
trusty,27,21,48
trusy,1,0,1
truth,316,419,735
truthbox,0,1,1
truthboxed,1,0,1
truthboxes,1,0,1
truthbrigade,0,1,1
truthcast,0,2,2
truthe,1,0,1
truthful,7,8,15
truthfulll,0,1,1
truthfully,12,11,23
truthfulness,1,1,2
truthie,1,0,1
truthinalie,0,2,2
truthis,1,0,1
truthordare,0,1,1
truths,6,11,17
truthtakestime,1,0,1
truthtweet,0,1,1
truthtweetfyi,0,1,1
truthy,0,1,1
trutv,4,2,6
truu,1,0,1
truue,1,1,2
truuee,0,1,1
truus,1,0,1
truuth,0,1,1
truuu,1,0,1
truuuee,1,0,1
truuueee,0,1,1
truuueeeee,0,1,1
truuuely,0,1,1
truuuuee,0,1,1
truuuust,0,1,1
truuuuuue,1,1,2
truuuuuuuuuuuuuuuch,0,1,1
truvativ,0,1,1
truvisiontube,1,0,1
truw,0,1,1
truy,1,3,4
truyen,0,1,1
truzzle,1,0,1
trv,4,5,9
trvls,0,1,1
trvs,1,2,3
trvsam,1,0,1
trvsbrkr,0,2,2
trvsday,0,1,1
trvsdjam,6,3,9
trw,1,2,3
trx,0,5,5
try,4406,6116,10522
trya,0,2,2
tryagsin,1,0,1
tryand,1,0,1
tryannosauruslexx,0,1,1
tryd,3,0,3
trydan,0,2,2
trydrinking,0,1,1
tryed,49,8,57
tryfan,1,1,2
tryhandmade,0,1,1
tryi,2,0,2
tryied,1,0,1
tryig,1,0,1
tryign,4,0,4
tryihng,1,0,1
tryiing,2,1,3
tryikng,0,1,1
tryimg,1,1,2
tryin,482,262,744
tryina,11,3,14
trying,8018,4388,12406
tryingaa,1,0,1
tryingg,4,3,7
tryinggg,1,1,2
tryinggggg,2,0,2
tryingnottobeastalker,1,0,1
tryingo,0,1,1
tryingout,0,2,2
tryingtimes,0,4,4
tryingto,2,1,3
tryingtofind,4,1,5
tryingtoohard,0,1,1
tryinh,1,1,2
tryinig,0,1,1
tryinn,0,1,1
tryinng,1,0,1
tryinnnn,1,0,1
tryinq,3,0,3
tryinqq,0,1,1
tryinto,1,0,1
tryn,25,14,39
tryna,305,156,461
tryng,2,3,5
trynna,22,18,40
trynta,1,0,1
trynz,0,1,1
tryoing,0,1,1
tryon,0,1,1
tryong,3,0,3
tryout,3,27,30
tryoutes,1,0,1
tryouts,19,28,47
tryoutsand,1,0,1
tryoutssss,0,1,1
tryptich,0,1,1
tryracingcars,0,1,1
tryrin,1,0,1
trys,8,5,13
tryst,5,7,12
trystin,1,0,1
tryta,0,1,1
trytomakemoneyonline,4,0,4
trytrytry,0,1,1
tryy,3,4,7
tryyy,1,1,2
tryyyy,1,2,3
tryyyying,1,0,1
tryyyyy,1,0,1
tryyyyyy,1,0,1
ts,81,82,163
tsa,20,13,33
tsaby,0,1,1
tsack,1,0,1
tsai,2,5,7
tsaka,0,1,1
tsang,1,1,2
tsao,1,0,1
tsar,0,6,6
tsatziki,1,0,1
tsaw,1,0,1
tsays,0,1,1
tsb,1,1,2
tsc,0,6,6
tscc,37,15,52
tscch,0,1,1
tsch,4,3,7
tsclient,1,0,1
tsd,0,2,2
tsdc,1,0,1
tse,2,2,4
tsecheukyan,0,1,1
tsee,1,0,1
tseee,1,0,1
tsel,3,1,4
tseng,1,0,1
tsering,0,1,1
tses,0,1,1
tset,0,1,1
tsf,1,0,1
tsg,3,2,5
tsh,2,5,7
tsharra,1,0,1
tshirst,0,1,1
tshirt,78,98,176
tshirthell,1,0,1
tshirts,27,39,66
tshirtt,0,1,1
tshoofeen,1,0,1
tshoufiyya,0,1,1
tshwane,1,0,1
tsi,2,3,5
tsig,1,0,1
tsikoudia,0,1,1
tsim,1,0,1
tsin,0,1,1
tsinelalalovin,0,1,1
tsinelas,2,2,4
tsingtao,2,2,4
tsismis,0,1,1
tsit,2,0,2
tsk,189,110,299
tska,0,1,1
tsking,1,0,1
tskk,2,1,3
tsktsk,3,3,6
tsktsktsk,2,0,2
tsl,3,2,5
tslady,0,1,1
tsleep,1,0,1
tslkin,0,1,1
tsm,1,1,2
tsmb,2,5,7
tsmm,0,1,1
tsmuxer,0,1,1
tsn,2,2,4
tso,5,3,8
tsod,1,1,2
tsokay,0,1,1
tson,1,0,1
tsong,0,1,1
tsonga,6,0,6
tsonuda,0,1,1
tsoo,0,1,1
tsore,1,0,1
tsoureki,0,1,1
tsp,8,5,13
tsparkle,0,1,1
tsparkles,0,1,1
tsql,0,1,1
tsr,1,0,1
tss,11,4,15
tssk,1,0,1
tsss,6,1,7
tsssk,0,1,1
tssss,2,1,3
tsssshh,0,1,1
tsssshhhhh,0,1,1
tssssk,1,0,1
tsssss,1,0,1
tssssss,0,1,1
tssssssss,1,0,1
tsssssssss,1,0,1
tst,3,0,3
tstc,0,1,1
tste,2,0,2
tstorm,4,0,4
tstorms,8,0,8
tstudybecauseoflike,1,0,1
tsu,0,2,2
tsubaruuuuu,2,0,2
tsubasa,0,1,1
tsuen,0,1,1
tsui,1,0,1
tsujii,2,0,2
tsuk,0,1,1
tsukamoto,1,0,1
tsukasa,0,2,2
tsukemono,0,1,1
tsukete,1,1,2
tsuki,0,2,2
tsukimi,0,1,1
tsukushinbo,1,0,1
tsumetai,1,0,1
tsunade,1,0,1
tsunami,15,5,20
tsunamis,1,0,1
tsundere,0,1,1
tsunku,0,1,1
tsup,0,2,2
tsuru,1,0,1
tsuruga,0,1,1
tsuta,1,0,1
tsutsu,1,0,1
tsv,1,1,2
tsvetelina,0,1,1
tsw,0,1,1
tswassen,0,1,1
tswc,1,0,1
tswift,3,5,8
tswiftphilipines,0,1,1
tswifts,0,1,1
tsx,1,4,5
tsys,1,0,1
tt,127,121,248
tta,1,4,5
ttacos,0,1,1
ttah,2,0,2
ttalking,1,0,1
ttango,0,1,1
ttb,1,0,1
ttbullar,0,1,1
ttc,15,4,19
ttcing,0,1,1
ttco,2,0,2
ttd,1,4,5
ttdi,2,5,7
tte,3,0,3
ttecollet,0,1,1
tted,0,1,1
tteeee,0,1,1
tteeeee,0,1,1
tteh,0,1,1
tteintressant,0,1,1
ttellmewhy,1,0,1
tteln,1,0,1
ttelstra,0,1,1
ttelt,0,1,1
tten,0,1,1
tteokbokki,1,0,1
tteona,0,1,1
tteox,0,1,1
ttequila,1,0,1
tter,3,1,4
ttes,0,1,1
ttfaf,2,1,3
ttfn,11,24,35
ttg,1,5,6
ttgl,1,0,1
tth,3,7,10
tthaaaaaaaaaa,0,1,1
tthanks,0,2,2
tthat,0,4,4
tthe,10,3,13
tthere,2,0,2
tthhaannkk,0,1,1
tthing,0,1,1
tthink,0,1,1
tthis,0,1,1
tthomasgalassoo,1,0,1
tti,0,1,1
ttic,1,0,1
ttie,1,1,2
ttier,1,0,1
ttiiiiiirrrrrrrredddddd,0,1,1
ttiimmee,1,0,1
ttiirreeddddddd,1,0,1
ttime,0,2,2
tting,3,0,3
ttingen,0,2,2
ttir,0,1,1
ttirastas,0,1,1
ttired,1,0,1
ttix,2,2,4
ttk,0,1,1
ttl,8,11,19
ttly,11,8,19
ttm,8,4,12
ttmd,0,1,1
ttml,1,0,1
ttmttcttl,1,0,1
ttn,0,1,1
ttnpc,0,1,1
tto,7,3,10
ttoally,1,0,1
ttobie,1,0,1
ttonight,0,1,1
ttooo,2,1,3
ttoooo,0,1,1
ttoooooooooo,0,1,1
ttopic,0,1,1
ttopics,1,0,1
ttott,2,0,2
ttow,1,0,1
ttown,3,1,4
ttp,5,4,9
ttr,7,4,11
ttrek,1,0,1
ttried,1,0,1
ttrim,1,0,1
ttrmeet,0,1,1
ttrue,0,1,1
ttry,0,3,3
ttrying,0,1,1
tts,6,13,19
ttsc,1,0,1
ttscc,3,0,3
ttsh,4,0,4
ttsn,1,0,1
ttst,1,0,1
ttt,13,9,22
ttthc,1,0,1
tttiiiittts,1,0,1
tttrend,0,1,1
ttts,0,1,1
tttt,1,0,1
tttthank,0,1,1
tttthursday,0,1,1
ttttiiiiirrrreeeedddd,0,1,1
ttttoooo,2,0,2
ttttt,2,1,3
tttttt,1,0,1
ttttttto,1,0,1
ttttttttttttttttttaaaaaaaaaaaayyylllorrrr,1,0,1
ttttttttttttttttttttt,0,1,1
tttwwwiiiittttt,0,1,1
tttyyypppiinnnggg,0,1,1
ttu,0,3,3
ttual,0,1,1
ttuk,1,1,2
ttul,0,3,3
ttv,1,1,2
ttvnol,0,2,2
ttweeeet,0,1,1
ttwitpic,0,1,1
ttxgp,1,0,1
tty,10,35,45
ttya,0,1,1
ttyal,0,1,1
ttyalllater,0,1,1
ttygl,2,0,2
ttyiab,0,1,1
ttying,0,1,1
ttyl,95,276,371
ttylater,0,1,1
ttym,0,1,1
ttyn,3,2,5
ttys,9,28,37
ttysoon,3,1,4
ttysoooon,1,0,1
ttyt,4,11,15
ttytmrw,0,1,1
ttytomorrow,2,0,2
ttytter,0,1,1
ttytweets,0,1,1
ttyyy,0,1,1
tu,100,166,266
tua,3,3,6
tuaca,1,1,2
tuaha,0,1,1
tuak,0,1,1
tualatin,2,2,4
tually,1,2,3
tuan,2,2,4
tuas,5,0,5
tuaw,4,1,5
tuazon,0,1,1
tub,129,153,282
tuba,9,4,13
tubage,1,0,1
tubagus,1,0,1
tuban,0,1,1
tubas,1,0,1
tubbalard,1,0,1
tubbbbbb,0,1,1
tubbed,0,2,2
tubberware,0,1,1
tubbie,0,1,1
tubbin,0,3,3
tubbing,3,7,10
tubbs,2,2,4
tubby,9,4,13
tube,191,159,350
tubed,2,1,3
tuber,1,2,3
tuberculosis,1,0,1
tuberlance,1,0,1
tuberosities,1,0,1
tubers,0,1,1
tubes,53,23,76
tubey,2,0,2
tubiera,0,1,1
tubig,1,0,1
tubigrip,1,0,1
tubin,3,3,6
tubing,24,38,62
tubingen,1,0,1
tubings,1,0,1
tublr,0,1,1
tubne,0,1,1
tuborg,0,2,2
tubr,1,0,1
tubridy,3,1,4
tubs,9,11,20
tubtub,1,0,1
tubular,1,0,1
tubulars,1,0,1
tuc,2,0,2
tucanes,1,0,1
tucanos,0,1,1
tucci,2,2,4
tuch,1,1,2
tuche,0,1,1
tuchus,1,1,2
tuck,62,46,108
tucked,25,40,65
tucker,23,24,47
tuckered,4,10,14
tuckermax,0,1,1
tuckerrr,0,1,1
tuckers,1,0,1
tuckert,1,0,1
tuckerton,1,0,1
tuckin,1,1,2
tucking,3,20,23
tucks,6,9,15
tucksymp,0,1,1
tucky,0,2,2
tucs,1,0,1
tucson,35,36,71
tucsonian,0,1,1
tucsonians,1,0,1
tucsonnn,0,1,1
tuct,0,1,1
tuda,0,3,3
tudaaaayy,0,1,1
tudai,1,0,1
tudaii,0,1,1
tuday,1,0,1
tudayyy,0,1,1
tude,3,6,9
tudei,1,0,1
tudejebe,0,1,1
tudes,1,0,1
tudgay,0,1,1
tudge,0,1,1
tudn,0,1,1
tudnak,0,1,1
tudo,7,8,15
tudong,1,0,1
tudor,1,3,4
tudors,23,16,39
tudory,1,0,1
tudosits,0,1,1
tudou,0,2,2
tudumo,0,1,1
tudungs,0,1,1
tudy,0,1,1
tudyk,3,5,8
tue,38,25,63
tueasday,4,0,4
tued,1,0,1
tueday,4,4,8
tuenti,5,2,7
tuerto,0,1,1
tues,258,153,411
tuesaday,0,1,1
tuesady,1,0,1
tuesay,0,1,1
tuesdaaay,1,0,1
tuesdaay,1,0,1
tuesdae,1,0,1
tuesdaii,1,0,1
tuesday,1401,1309,2710
tuesdayish,1,0,1
tuesdayplz,1,0,1
tuesdays,94,59,153
tuesdaystuesdays,0,1,1
tuesdaytantrum,1,0,1
tuesdaytweetup,1,0,1
tuesdayy,5,2,7
tuesdayyy,1,1,2
tuesdayyyy,1,2,3
tuesdayyyyy,1,2,3
tuesdayyyyyy,0,2,2
tuesdayyyyyyyyyy,0,1,1
tuesdy,0,1,1
tuesicle,0,1,1
tuey,1,0,1
tuf,7,2,9
tuff,20,16,36
tuffer,0,1,1
tufferance,1,0,1
tuffy,2,1,3
tuft,0,1,1
tufte,0,3,3
tufts,1,3,4
tufty,2,1,3
tufvan,0,1,1
tug,11,10,21
tugas,3,0,3
tugasku,1,0,1
tugasnya,0,1,1
tugether,1,0,1
tugged,1,2,3
tugger,1,0,1
tuggerah,5,1,6
tugging,2,1,3
tuggs,1,0,1
tughlaqabad,1,0,1
tugraz,1,0,1
tugs,0,5,5
tugsh,2,0,2
tugstugsss,1,0,1
tuguegarao,0,1,1
tuh,12,23,35
tuhan,3,5,8
tuhl,0,1,1
tuhm,1,1,2
tuht,0,1,1
tuhwerrz,1,0,1
tui,5,9,14
tuiion,1,0,1
tuina,0,1,1
tuio,1,0,1
tuis,0,1,1
tuisku,0,1,1
tuitea,1,0,1
tuiteando,0,1,1
tuitero,0,1,1
tuitin,1,0,1
tuition,104,37,141
tuitions,3,0,3
tuits,1,1,2
tuiya,0,1,1
tujhe,0,1,1
tuk,5,6,11
tukang,1,0,1
tukar,1,0,1
tukee,1,0,1
tukey,1,0,1
tuki,0,1,1
tukk,0,1,1
tukka,0,1,1
tuko,0,2,2
tukonen,0,1,1
tuks,0,3,3
tukstee,0,1,1
tuksun,1,0,1
tukutz,0,1,1
tukwila,1,1,2
tul,2,0,2
tula,2,0,2
tulane,1,1,2
tulang,0,2,2
tulare,1,5,6
tule,0,1,1
tuled,0,1,1
tulia,1,0,1
tulio,1,0,1
tulip,4,9,13
tulips,14,11,25
tulis,1,1,2
tulisa,5,0,5
tulisan,0,2,2
tulisannya,0,1,1
tuljak,0,1,1
tull,0,2,2
tullahoma,0,1,1
tullamarine,1,0,1
tullamore,1,1,2
tulle,2,2,4
tullian,0,1,1
tulls,0,1,1
tully,2,2,4
tullys,0,1,1
tulmultous,0,1,1
tulog,3,2,5
tulos,0,1,1
tulou,0,1,1
tuloy,15,4,19
tuloyyyy,0,1,1
tuls,1,0,1
tulsa,47,32,79
tulsatough,0,1,1
tulsi,0,4,4
tulskaya,1,0,1
tulugan,2,1,3
tulum,1,0,1
tum,53,19,72
tumaba,0,1,1
tumabi,0,1,1
tumaini,0,1,1
tumakbo,0,1,1
tumalo,1,0,1
tumambay,0,1,1
tumataba,0,1,1
tumba,0,1,1
tumbel,0,1,1
tumbers,1,0,1
tumbl,0,3,3
tumblaratat,0,1,1
tumblarity,31,11,42
tumble,17,8,25
tumbleblog,1,0,1
tumblecal,0,1,1
tumbled,2,2,4
tumbledown,1,0,1
tumblelog,0,2,2
tumblelogs,0,2,2
tumbler,7,12,19
tumblers,0,1,1
tumbles,1,1,2
tumblewaiter,1,0,1
tumbleweed,4,6,10
tumbleweeds,1,3,4
tumblin,0,1,1
tumbling,19,11,30
tumbln,1,0,1
tumblog,1,4,5
tumblr,134,178,312
tumblring,0,1,1
tumblrity,0,4,4
tumblrrrr,0,1,1
tumblrrrrr,1,1,2
tumblrs,1,7,8
tumblrtags,1,0,1
tumbly,6,1,7
tumbo,0,1,1
tumbuktu,1,0,1
tumbularity,1,0,1
tume,1,0,1
tumefy,1,0,1
tumer,1,0,1
tumeric,0,1,1
tumhare,1,0,1
tumhe,0,3,3
tumi,0,1,1
tumingin,0,1,1
tumko,2,0,2
tumkur,1,0,1
tumm,1,1,2
tummay,3,0,3
tummeh,1,0,1
tummey,1,0,1
tummi,1,1,2
tummie,5,0,5
tummiee,1,0,1
tummies,7,1,8
tummii,0,1,1
tummmmie,1,0,1
tummmmmmmmmmmmmy,0,1,1
tummmmmmyyyyyy,0,1,1
tummmmmyyy,1,0,1
tummmmy,4,0,4
tummmy,8,3,11
tummmyyy,1,1,2
tummy,2070,237,2307
tummyache,41,1,42
tummyacheness,1,0,1
tummyaches,2,0,2
tummybelly,1,0,1
tummybox,1,0,1
tummyfat,0,1,1
tummypat,1,0,1
tummys,7,0,7
tummyy,3,1,4
tummyyyyyy,1,0,1
tumne,1,0,1
tumni,1,0,1
tumor,47,10,57
tumoro,1,1,2
tumors,14,0,14
tumour,19,3,22
tumours,1,0,1
tumoz,1,0,1
tumpang,1,1,2
tumpengan,1,0,1
tumpkins,1,0,1
tumra,0,2,2
tums,23,6,29
tumssssssss,1,0,1
tumt,1,0,1
tumteetumteetum,0,1,1
tumtum,4,0,4
tumurruw,1,0,1
tumus,0,1,1
tumy,1,0,1
tun,5,15,20
tuna,92,101,193
tunaaa,0,1,1
tunafish,1,0,1
tunage,4,11,15
tunagee,1,0,1
tunak,4,2,6
tunapuna,1,0,1
tunately,1,0,1
tunatinis,0,1,1
tunay,0,1,1
tunbridge,0,2,2
tunday,0,1,1
tunde,1,1,2
tunder,1,0,1
tundercats,0,1,1
tunderstorms,2,1,3
tundi,1,0,1
tundra,3,2,5
tune,145,501,646
tuneage,0,2,2
tunebuds,0,2,2
tuned,64,278,342
tunedd,0,1,1
tunedtotheresa,0,1,1
tuneee,0,1,1
tuneeee,2,0,2
tuneless,1,0,1
tuner,18,11,29
tuners,4,3,7
tunes,103,361,464
tunesbag,0,1,1
tunesia,1,0,1
tuness,0,3,3
tunessss,0,1,1
tuneup,0,1,1
tuneups,0,1,1
tunewiki,1,0,1
tunez,0,1,1
tung,2,4,6
tunggu,1,4,5
tungguin,1,0,1
tungkol,0,1,1
tungle,0,3,3
tungnath,0,1,1
tungro,1,0,1
tungsten,3,2,5
tungtung,0,1,1
tunic,3,2,5
tunica,1,5,6
tunick,1,0,1
tunics,1,2,3
tunin,0,1,1
tuning,20,54,74
tunis,1,0,1
tunisa,0,1,1
tunisia,12,9,21
tunisiaaaaa,1,0,1
tunisian,3,1,4
tunite,2,1,3
tuniverse,1,0,1
tunjuk,0,1,1
tunjukan,1,0,1
tunkrank,0,1,1
tunlessly,0,1,1
tunned,0,5,5
tunnel,68,56,124
tunnelier,1,0,1
tunneling,0,3,3
tunnell,1,0,1
tunnelling,0,1,1
tunnels,10,7,17
tunning,0,3,3
tunnle,0,1,1
tunnnel,0,1,1
tunnocks,1,3,4
tunny,2,0,2
tunred,1,0,1
tuns,1,1,2
tunsia,0,1,1
tunstall,0,3,3
tunstalls,1,0,1
tunts,0,2,2
tunz,0,1,1
tuo,0,1,1
tuoi,1,0,1
tuope,0,1,1
tupac,32,23,55
tupay,0,1,1
tupelo,2,6,8
tuperware,0,1,1
tupid,4,0,4
tuple,0,1,1
tupper,0,2,2
tupperware,11,12,23
tupperwear,0,1,1
tupprwre,1,0,1
tur,3,2,5
tura,0,2,2
turandot,2,1,3
turban,1,2,3
turbantuesday,0,1,1
turbinates,1,0,1
turbine,0,2,2
turbines,0,2,2
turbo,44,26,70
turboberno,0,1,1
turbogears,1,0,1
turbojam,0,3,3
turbokick,3,0,3
turbolenca,0,1,1
turbomixer,0,1,1
turbonegro,1,3,4
turbonetics,0,1,1
turbonick,2,0,2
turboprop,1,0,1
turboprops,1,0,1
turbos,2,1,3
turbosessionista,0,1,1
turbosim,1,0,1
turbotax,1,0,1
turbulance,5,3,8
turbulence,11,4,15
turbulences,0,1,1
turbulent,3,4,7
turbull,1,0,1
turbulnce,1,0,1
turburculosis,1,0,1
turckle,2,0,2
turd,25,17,42
turday,1,0,1
turds,2,2,4
turducken,1,2,3
ture,4,6,10
tured,2,0,2
tureen,0,1,1
turf,17,18,35
turfed,2,1,3
turgid,1,0,1
turin,7,2,9
turing,3,8,11
turining,1,0,1
turino,2,0,2
turismo,2,7,9
turist,1,0,1
turists,0,1,1
turk,10,9,19
turkcell,0,2,2
turkeeey,0,1,1
turkeg,1,0,1
turkey,208,225,433
turkeyboy,0,2,2
turkeys,7,3,10
turkeytuesday,0,2,2
turkeyy,1,2,3
turkeyyy,1,0,1
turkie,1,0,1
turkiey,0,1,1
turkington,0,1,1
turkish,45,71,116
turkishweekly,0,1,1
turkoglu,4,2,6
turks,5,6,11
turkturk,0,1,1
turku,0,2,2
turkye,1,0,1
turle,1,0,1
turlock,1,1,2
turly,1,0,1
turma,0,1,1
turman,1,0,1
turmans,1,0,1
turmeric,2,3,5
turmion,0,1,1
turmoil,5,1,6
turn,1820,1385,3205
turna,1,0,1
turnabout,0,2,2
turnagain,0,1,1
turnament,0,1,1
turnaround,5,7,12
turnarounds,0,1,1
turnb,1,0,1
turnblad,0,1,1
turnbull,2,1,3
turnbulls,0,1,1
turnd,2,1,3
turne,0,2,2
turned,1241,823,2064
turner,19,41,60
turners,1,0,1
turnes,2,0,2
turneth,0,1,1
turnful,1,0,1
turnig,1,1,2
turnin,23,21,44
turning,558,406,964
turningintotravis,1,0,1
turningnoff,0,1,1
turnip,2,3,5
turnipheaded,1,0,1
turnips,1,1,2
turnitin,3,0,3
turnkey,0,2,2
turnning,1,0,1
turnnn,0,1,1
turnnnnt,0,1,1
turnns,1,0,1
turnoff,5,2,7
turnoffwords,33,26,59
turnon,0,4,4
turnons,0,1,1
turnonwords,0,1,1
turnout,38,26,64
turnover,5,3,8
turnovers,3,1,4
turnpike,10,12,22
turnquists,0,1,1
turnright,1,13,14
turnround,0,1,1
turns,674,421,1095
turnsignal,0,1,1
turnstile,1,0,1
turnstiles,1,0,1
turnsz,1,0,1
turnt,3,5,8
turntable,9,7,16
turntables,7,9,16
turntablism,0,1,1
turnups,0,1,1
turny,0,1,1
turo,1,0,1
turon,1,2,3
turp,1,0,1
turpentine,1,0,1
turpret,0,1,1
turps,0,1,1
turq,1,0,1
turqioise,0,2,2
turqoise,1,3,4
turqouise,0,1,1
turquoise,13,23,36
turr,1,0,1
turrble,1,0,1
turrentine,0,1,1
turrets,0,1,1
turrialba,1,0,1
turrible,2,0,2
turrican,1,0,1
turrned,1,0,1
turrried,0,1,1
turrrrrn,2,0,2
turrrrtle,0,1,1
turrrtleyy,0,1,1
tursday,1,1,2
tursdays,0,1,1
turtel,2,0,2
turtle,134,96,230
turtleee,1,0,1
turtleeeee,0,1,1
turtlehead,0,1,1
turtleneck,1,0,1
turtlenecks,0,2,2
turtles,27,59,86
turturro,1,0,1
turtwigs,1,0,1
turu,1,0,1
turulcsip,0,1,1
turulcsirip,0,1,1
turun,5,0,5
turunc,0,1,1
turunen,0,1,1
turvy,4,5,9
tus,4,8,12
tuscaloosa,11,1,12
tuscan,4,3,7
tuscany,6,11,17
tuscola,0,1,1
tuscon,0,3,3
tuse,3,0,3
tuseday,2,3,5
tusen,0,1,1
tusenfryd,0,2,2
tush,7,10,17
tushar,1,0,1
tushies,1,0,1
tushy,0,2,2
tusin,0,1,1
tusinnd,0,1,1
tusjid,1,0,1
tusk,0,1,1
tusks,1,0,1
tusr,0,1,1
tussaud,0,2,2
tussauds,0,3,3
tussen,1,0,1
tussi,0,1,1
tussin,2,0,2
tust,1,0,1
tustin,3,5,8
tut,70,78,148
tutaj,1,0,1
tutar,1,0,1
tute,2,5,7
tutee,1,0,1
tutees,0,1,1
tutelage,1,0,1
tutes,1,0,1
tutet,0,1,1
tuti,1,1,2
tution,6,3,9
tutions,1,0,1
tutition,1,2,3
tutle,0,1,1
tutlings,0,1,1
tutmay,1,0,1
tutns,1,0,1
tuto,0,2,2
tutong,0,1,1
tutor,76,52,128
tutorails,0,1,1
tutored,4,0,4
tutorial,62,102,164
tutorialmag,0,1,1
tutorials,31,69,100
tutorialz,0,1,1
tutorilas,0,1,1
tutoring,34,36,70
tutorrr,1,0,1
tutors,7,5,12
tutrial,0,1,1
tutroirals,0,1,1
tuts,6,8,14
tutsis,1,0,1
tutt,0,3,3
tutti,1,8,9
tuttifrutti,1,1,2
tuttifruttilove,0,1,1
tuttimelon,1,1,2
tutting,2,0,2
tuttle,4,12,16
tutto,0,1,1
tutts,2,0,2
tutu,8,17,25
tutubee,1,0,1
tutulog,0,1,1
tutulungan,0,1,1
tutuomglovetheenergyhere,0,1,1
tutup,4,0,4
tutus,2,6,8
tutut,4,1,5
tutututu,0,1,1
tuty,3,0,3
tuu,3,1,4
tuudo,0,1,1
tuuh,1,0,1
tuum,0,1,1
tuuned,0,1,1
tuuneee,0,1,1
tuurn,0,1,1
tuuu,0,2,2
tuuubeee,0,1,1
tuuuhweet,1,0,1
tuuuurckle,1,0,1
tuuuurn,0,1,1
tuuuuune,0,1,1
tuuuuunes,2,0,2
tuuuuuunee,0,1,1
tuuuuuurd,0,1,1
tuva,1,0,1
tuvalu,0,1,1
tuvan,0,2,2
tuve,1,0,1
tuvok,1,0,1
tuwana,1,0,1
tuwien,1,0,1
tuwing,1,1,2
tux,16,30,46
tuxedo,6,10,16
tuxedos,0,1,1
tuxedotuesday,0,2,2
tuxes,1,2,3
tuxie,0,1,1
tuxntails,0,1,1
tuxs,1,1,2
tuxx,0,1,1
tuy,0,4,4
tuyas,1,0,1
tuyet,0,2,2
tuyo,0,3,3
tv,3362,3003,6365
tva,1,0,1
tvb,3,1,4
tvbj,1,0,1
tvc,2,5,7
tvcard,1,0,1
tvcatchup,1,1,2
tvcc,0,1,1
tvchannel,2,0,2
tvcompany,1,0,1
tvcountdown,1,0,1
tvcs,0,1,1
tvd,1,0,1
tvdome,1,0,1
tvdot,1,0,1
tve,3,0,3
tvee,1,0,1
tveee,0,1,1
tveit,2,2,4
tvents,2,1,3
tvfama,0,1,1
tvg,0,1,1
tvguide,3,0,3
tvguru,0,1,1
tvi,0,1,1
tving,0,1,1
tvitter,1,0,1
tvix,0,2,2
tvland,1,1,2
tvless,0,1,1
tvm,3,2,5
tvma,0,1,1
tvnz,1,0,1
tvo,2,2,4
tvoed,2,0,2
tvog,0,1,1
tvone,1,5,6
tvot,1,0,1
tvotr,0,1,1
tvp,1,2,3
tvr,2,3,5
tvroom,1,0,1
tvs,21,20,41
tvshack,3,1,4
tvshare,1,0,1
tvshow,2,1,3
tvshows,1,1,2
tvsucks,1,0,1
tvtonic,1,0,1
tvtotal,0,2,2
tvtweetup,0,1,1
tvu,1,0,1
tvuplayer,0,1,1
tvv,1,2,3
tvvvvv,1,1,2
tvvvvvvvv,1,0,1
tvworldrecords,1,0,1
tvx,0,1,1
tvxq,3,7,10
tvxquknow,0,1,1
tvxqworld,0,1,1
tw,41,47,88
twa,1,2,3
twaallll,1,0,1
twable,1,0,1
twables,4,0,4
twacation,0,1,1
twaccounts,1,0,1
twaceless,0,1,1
twachos,1,1,2
twackle,1,1,2
twaction,0,1,1
twaddict,0,1,1
twades,1,0,1
twadget,0,3,3
twaffic,1,1,2
twafrica,1,0,1
twago,3,0,3
twah,0,3,3
twaha,1,0,1
twahaha,0,1,1
twaiku,0,1,1
twaikus,1,0,1
twail,1,0,1
twain,6,13,19
twainers,0,1,1
twait,1,1,2
twaiter,1,0,1
twaiting,1,0,1
twalala,2,1,3
twalk,2,8,10
twalkerish,0,1,1
twalkers,0,1,1
twalking,0,1,1
twaluvs,0,1,1
twam,1,1,2
twamedy,0,1,1
twamendously,0,1,1
twamily,4,8,12
twammer,0,1,1
twammers,0,1,1
twan,1,0,1
twanalyst,1,1,2
twance,1,0,1
twang,4,6,10
twanged,1,0,1
twangel,0,2,2
twanger,0,2,2
twangs,1,0,1
twangsters,1,0,1
twani,0,1,1
twank,0,1,1
twanking,1,0,1
twanks,0,1,1
twann,1,0,1
twant,1,0,1
twantto,0,1,1
twanx,0,1,1
twany,0,1,1
twanya,0,1,1
twap,0,1,1
twapli,0,2,2
twapology,0,1,1
twapp,1,0,1
twapple,0,1,1
twappy,0,1,1
twar,1,3,4
twarades,0,3,3
twards,1,1,2
twares,1,0,1
twarlings,0,1,1
twaroo,0,1,1
twarriage,1,0,1
twarried,1,0,1
twarty,0,2,2
twas,84,197,281
twasn,1,1,2
twasnt,1,1,2
twass,1,0,1
twassed,1,0,1
twassss,0,1,1
twasted,0,1,1
twat,88,80,168
twatchanime,0,1,1
twatdeck,0,1,1
twater,0,1,1
twating,1,2,3
twatlight,5,4,9
twatness,1,0,1
twatpic,1,0,1
twatrimony,0,1,1
twats,22,18,40
twatsock,0,1,1
twatsticks,0,1,1
twatswatter,1,0,1
twatt,1,2,3
twattah,0,1,1
twatted,2,5,7
twatter,14,19,33
twatterers,0,1,1
twattering,3,2,5
twatterrrrrr,1,0,1
twatters,2,12,14
twatties,1,0,1
twatting,6,8,14
twatts,1,0,1
twattt,0,1,1
twattting,1,0,1
twatty,2,0,2
twattypos,1,0,1
twatweet,0,1,1
twaud,1,0,1
twavatar,1,1,2
twave,0,2,2
twaveltwivia,0,1,1
twavia,0,1,1
twayers,0,1,1
twazzup,0,5,5
twb,1,0,1
twbffs,0,1,1
twc,17,11,28
twcl,1,0,1
twcweekends,0,1,1
twd,0,1,1
twdevil,0,1,1
twdn,1,0,1
twduel,0,1,1
twe,3,3,6
tweace,0,1,1
tweak,8,26,34
tweaked,19,14,33
tweaker,2,0,2
tweakers,0,1,1
tweakin,0,2,2
tweaking,21,33,54
tweaks,6,24,30
tweams,0,1,1
tweapeople,0,1,1
tweaple,1,0,1
twear,0,2,2
twearth,0,1,1
tweased,0,1,1
tweasels,0,1,1
tweasties,1,0,1
tweat,4,9,13
tweatdeck,1,0,1
tweatersss,0,1,1
tweather,0,1,1
tweatin,0,1,1
tweating,1,2,3
tweats,2,5,7
tweatup,1,1,2
tweatups,2,0,2
twebbstack,0,1,1
twechelons,0,2,2
twecial,0,1,1
twecommend,0,1,1
twecommended,0,1,1
twed,1,0,1
twedding,1,11,12
twedit,0,1,1
twee,6,13,19
tweeb,0,1,1
tweebia,1,0,1
tweebie,1,0,1
tweebies,0,1,1
tweebs,0,3,3
tweed,7,16,23
tweedback,0,1,1
tweeddeck,2,0,2
tweedeck,8,3,11
tweeded,0,2,2
tweedeledidies,0,1,1
tweedeogame,0,2,2
tweedies,0,1,1
tweedle,1,2,3
tweedlebee,0,1,1
tweedles,0,2,2
tweedleytweets,0,1,1
tweeds,2,3,5
tweedy,0,2,2
tweedyisms,1,0,1
tweee,0,1,1
tweeed,0,1,1
tweeeeeeeeeeeeeeet,0,1,1
tweeeeeeeeeeeeps,0,1,1
tweeeeeeeeeeeet,0,2,2
tweeeeeeeeeeters,0,1,1
tweeeeeeeeeets,0,1,1
tweeeeeeeeet,0,1,1
tweeeeeeeet,1,0,1
tweeeeeeet,1,3,4
tweeeeeeets,0,1,1
tweeeeeeps,0,1,1
tweeeeeet,3,3,6
tweeeeeeterdetweeeet,1,0,1
tweeeeeetingg,0,1,1
tweeeeeets,0,1,1
tweeeeeettttttt,0,1,1
tweeeeeetz,0,1,1
tweeeeepers,0,1,1
tweeeeeps,0,1,1
tweeeeet,2,9,11
tweeeeeted,1,0,1
tweeeeeter,0,1,1
tweeeeeters,0,1,1
tweeeeeting,0,1,1
tweeeeople,1,0,1
tweeeet,8,8,16
tweeeeted,0,1,1
tweeeeter,0,1,1
tweeeeters,1,0,1
tweeeeties,0,1,1
tweeeeting,0,2,2
tweeeets,2,6,8
tweeeett,1,0,1
tweeeetthearts,0,1,1
tweeeettt,0,1,1
tweeeettttttt,1,0,1
tweeen,0,2,2
tweeeples,0,1,1
tweeeps,1,3,4
tweeet,12,24,36
tweeeted,1,0,1
tweeeter,1,3,4
tweeeters,0,1,1
tweeetersss,0,1,1
tweeetheart,0,1,1
tweeetie,0,1,1
tweeeties,1,2,3
tweeetin,1,0,1
tweeeting,1,3,4
tweeets,5,7,12
tweeetss,1,0,1
tweeetsss,1,0,1
tweeetsters,0,1,1
tweeetteeerrsss,1,0,1
tweeettss,0,1,1
tweeettt,1,0,1
tweeetttttt,0,1,1
tweeetturr,0,1,1
tweeetup,0,1,1
tweefight,2,0,2
tweegenius,1,0,1
tweeginity,0,1,1
tweehab,0,3,3
tweei,1,0,1
tweein,0,1,1
tweeing,1,1,2
tweeinterns,0,1,1
tweeites,1,2,3
tweeiting,1,0,1
tweek,2,4,6
tweekdeck,4,2,6
tweekdeckkk,1,0,1
tweeked,4,3,7
tweeken,1,0,1
tweeker,1,1,2
tweekers,1,2,3
tweeking,2,3,5
tweeks,3,2,5
tweel,0,1,1
tweeling,1,0,1
tweelings,3,0,3
tweelove,0,1,1
tweelow,1,0,1
tweemoticons,1,0,1
tween,10,15,25
tweenbots,1,1,2
tweencom,1,0,1
tweend,0,1,1
tweenie,1,1,2
tweenies,2,0,2
tweenis,1,1,2
tweenite,0,1,1
tweens,6,6,12
tweeny,1,0,1
tweenz,0,1,1
tweeople,2,3,5
tweep,9,42,51
tweeped,1,0,1
tweepels,0,1,1
tweeper,0,2,2
tweepers,0,11,11
tweeperzz,1,0,1
tweephearts,0,1,1
tweepies,2,3,5
tweepiesss,0,1,1
tweepin,0,1,1
tweepiness,0,1,1
tweeping,0,1,1
tweepingtom,0,1,1
tweepl,0,2,2
tweeple,96,280,376
tweeplecard,0,1,1
tweepleridoodles,0,1,1
tweeples,39,91,130
tweepletuesday,0,1,1
tweeplization,0,1,1
tweepls,1,0,1
tweepluv,2,0,2
tweeply,0,1,1
tweeplys,1,1,2
tweepme,0,2,2
tweeppl,0,1,1
tweepple,0,1,1
tweeps,332,981,1313
tweepscape,0,1,1
tweepsland,0,1,1
tweepss,0,1,1
tweepsss,0,1,1
tweepssss,0,1,1
tweepsters,1,0,1
tweepular,1,1,2
tweepy,0,1,1
tweepz,0,7,7
tweeros,0,1,1
tweers,0,1,1
tweet,4279,7566,11845
tweeta,0,1,1
tweetable,0,4,4
tweetaculation,0,1,1
tweetadder,0,1,1
tweetaddicted,0,1,1
tweetage,2,4,6
tweetah,1,2,3
tweetaholic,2,4,6
tweetaholics,1,1,2
tweetakia,0,1,1
tweetaleet,0,1,1
tweetalicious,1,2,3
tweetametrics,0,1,1
tweetamigos,0,1,1
tweetando,1,0,1
tweetans,0,1,1
tweetaporsms,1,1,2
tweetar,0,1,1
tweetards,0,2,2
tweetaroo,1,0,1
tweetas,2,2,4
tweetassness,0,4,4
tweetb,1,1,2
tweetback,1,3,4
tweetbacks,1,1,2
tweetbar,1,0,1
tweetbeaks,1,0,1
tweetberry,0,1,1
tweetbirds,0,1,1
tweetboard,1,0,1
tweetbook,0,2,2
tweetbots,2,0,2
tweetbox,0,1,1
tweetbreak,1,2,3
tweetbrk,0,1,1
tweetbud,0,1,1
tweetbuds,1,0,1
tweetbudz,0,1,1
tweetbugs,0,1,1
tweetbullying,1,0,1
tweetbump,0,12,12
tweetbumpday,0,1,1
tweetbunchnz,0,3,3
tweetcakes,1,2,3
tweetcaking,1,0,1
tweetcamp,3,1,4
tweetcanada,0,1,1
tweetcannon,0,1,1
tweetcasting,0,2,2
tweetcatholic,1,0,1
tweetcelebs,0,1,1
tweetcha,4,4,8
tweetchange,0,1,1
tweetchat,6,4,10
tweetclients,1,0,1
tweetcloud,1,2,3
tweetcoding,1,0,1
tweetcount,0,1,1
tweetcrawl,1,0,1
tweetd,5,0,5
tweetdare,1,0,1
tweetday,0,2,2
tweetdck,1,0,1
tweetdech,1,1,2
tweetdeck,1118,510,1628
tweetdecker,1,0,1
tweetdeckfail,2,0,2
tweetdecking,1,0,1
tweetdeckk,0,1,1
tweetdeckness,1,0,1
tweetdecks,3,2,5
tweetdeckxmy,0,1,1
tweetdect,1,0,1
tweetdek,0,1,1
tweetdesk,3,0,3
tweetdiff,1,0,1
tweetdoc,0,1,1
tweetdock,1,1,2
tweetdom,0,2,2
tweetdraw,2,0,2
tweetdreams,1,4,5
tweetdreamz,0,1,1
tweete,5,7,12
tweetea,1,0,1
tweeteas,0,1,1
tweeted,517,566,1083
tweetee,0,1,1
tweetees,0,1,1
tweetelater,1,0,1
tweeten,1,4,5
tweetentine,1,0,1
tweeter,117,204,321
tweeteradder,1,0,1
tweeteramas,0,1,1
tweeterbate,1,0,1
tweeterborough,0,1,1
tweeterbugs,0,3,3
tweeterbus,3,0,3
tweeterck,2,0,2
tweeterd,0,1,1
tweeterdum,1,0,1
tweeterer,1,2,3
tweetereres,0,1,1
tweeterering,0,1,1
tweeterers,1,4,5
tweeteres,0,1,1
tweeterf,1,0,1
tweeterful,0,1,1
tweeterhoes,0,1,1
tweeterians,0,1,1
tweeteries,0,1,1
tweeterin,0,1,1
tweetering,2,7,9
tweeteringg,1,0,1
tweeterings,0,1,1
tweeterites,0,1,1
tweeterizing,0,1,1
tweeterland,0,6,6
tweeterman,0,1,1
tweetermate,1,0,1
tweetero,0,1,1
tweeteroftheday,0,1,1
tweeterr,0,1,1
tweeterrific,2,0,2
tweeterrrrr,0,1,1
tweeterrrsss,0,1,1
tweeterrs,1,0,1
tweeterrss,1,0,1
tweeters,166,519,685
tweetersity,0,1,1
tweeterss,0,1,1
tweetersss,0,3,3
tweeterssss,0,1,1
tweetertopia,1,0,1
tweetertots,0,1,1
tweeterul,1,0,1
tweeterversary,0,1,1
tweeterverse,1,1,2
tweetervillage,0,1,1
tweeterville,2,3,5
tweeterwal,0,1,1
tweeterwall,9,5,14
tweeterworld,0,1,1
tweetery,1,0,1
tweeterz,0,5,5
tweetes,2,0,2
tweetesphere,0,1,1
tweetest,0,1,1
tweetet,0,2,2
tweeteth,0,1,1
tweetettes,2,1,3
tweetexplaingreenavatarsfail,1,0,1
tweetey,0,1,1
tweetez,1,0,1
tweetfaces,1,0,1
tweetfakes,1,7,8
tweetfall,1,0,1
tweetfart,0,1,1
tweetfeed,0,1,1
tweetfest,2,3,5
tweetfighting,0,1,1
tweetfinder,1,0,1
tweetflick,0,2,2
tweetflood,1,0,1
tweetfluence,0,1,1
tweetfolks,0,2,2
tweetfollow,1,0,1
tweetfon,2,0,2
tweetfrenz,0,1,1
tweetfriend,0,1,1
tweetfriends,0,1,1
tweetful,0,3,3
tweetg,2,1,3
tweetgenius,13,6,19
tweetgrade,3,6,9
tweetgrades,0,1,1
tweetgrid,7,5,12
tweeth,1,0,1
tweethab,1,0,1
tweethammer,0,1,1
tweethampton,1,0,1
tweethate,0,1,1
tweethave,1,0,1
tweethead,1,0,1
tweetheads,2,8,10
tweethears,0,1,1
tweetheart,6,18,24
tweethearts,17,74,91
tweetheartsz,0,2,2
tweetheartz,0,2,2
tweetheeart,0,1,1
tweethug,1,1,2
tweethugs,0,1,1
tweethunt,0,1,1
tweetia,1,0,1
tweetians,0,1,1
tweetic,0,1,1
tweetication,1,0,1
tweetie,303,306,609
tweetiebird,1,0,1
tweetiebugs,0,1,1
tweetiel,0,1,1
tweetieluvs,1,0,1
tweetiepies,1,7,8
tweetiepoll,0,2,2
tweetiers,1,0,1
tweeties,51,191,242
tweetiful,1,1,2
tweetiiess,0,1,1
tweetilicious,0,1,1
tweetimg,2,1,3
tweetin,56,89,145
tweetiness,0,1,1
tweeting,1138,1759,2897
tweetingg,0,2,2
tweetinggggggg,1,0,1
tweetings,1,3,4
tweetingtoohard,1,4,5
tweetinh,1,0,1
tweetini,0,1,1
tweetinig,1,0,1
tweetinq,0,1,1
tweetinu,0,1,1
tweetinv,1,0,1
tweetioi,0,1,1
tweetios,0,1,1
tweetious,0,1,1
tweetiquette,0,1,1
tweetisphere,1,0,1
tweetist,1,0,1
tweetistan,0,1,1
tweetits,0,1,1
tweetitup,1,0,1
tweetizen,1,0,1
tweetjack,1,0,1
tweetknot,2,2,4
tweetku,0,1,1
tweetlame,1,0,1
tweetlancerscv,0,1,1
tweetland,5,18,23
tweetlater,5,20,25
tweetle,1,11,12
tweetlebugs,0,1,1
tweetlechums,0,1,1
tweetledarlings,0,1,1
tweetledees,1,0,1
tweetless,21,9,30
tweetlet,0,2,2
tweetlets,0,2,2
tweetlife,1,0,1
tweetline,1,0,1
tweetling,0,1,1
tweetlings,3,3,6
tweetlist,0,1,1
tweetlog,0,6,6
tweetlord,0,7,7
tweetlove,2,1,3
tweetluv,0,1,1
tweetly,0,2,2
tweetmat,1,0,1
tweetmate,1,0,1
tweetmates,0,1,1
tweetme,0,1,1
tweetmeet,0,2,2
tweetmeharder,1,0,1
tweetmeme,4,1,5
tweetment,0,1,1
tweetmentor,0,1,1
tweetmic,2,4,6
tweetmobile,1,0,1
tweetmondo,2,0,2
tweetmorning,0,2,2
tweetmygaming,0,1,1
tweetmygift,1,0,1
tweetn,4,5,9
tweetname,1,0,1
tweetnesia,0,1,1
tweetness,1,1,2
tweetnesses,1,1,2
tweetnetworking,1,0,1
tweetng,1,1,2
tweetni,4,2,6
tweetnicks,0,1,1
tweetnight,0,1,1
tweetnik,0,1,1
tweeto,0,2,2
tweetoe,0,1,1
tweetoholic,0,2,2
tweetomania,0,1,1
tweetoos,0,1,1
tweetopians,0,2,2
tweetos,0,2,2
tweetosph,0,1,1
tweetosphere,0,2,2
tweetoss,0,2,2
tweetostrophy,2,0,2
tweetovat,0,1,1
tweetoverse,0,1,1
tweetowish,0,1,1
tweetowls,0,1,1
tweetpals,1,0,1
tweetpea,0,1,1
tweetpeas,0,2,2
tweetpeeps,2,7,9
tweetpeopl,1,0,1
tweetpeople,0,3,3
tweetperiences,0,1,1
tweetpertunities,0,1,1
tweetphoto,5,4,9
tweetpic,3,5,8
tweetpics,2,0,2
tweetpile,0,1,1
tweetple,0,2,2
tweetplys,0,1,1
tweetpo,0,1,1
tweetpocalypse,0,1,1
tweetpoetry,0,1,1
tweetppl,0,1,1
tweetpsych,0,2,2
tweetpysch,1,0,1
tweetquest,0,2,2
tweetquesting,0,1,1
tweetquests,0,1,1
tweetr,0,1,1
tweetraffle,0,1,1
tweetrate,1,0,1
tweetrawls,1,0,1
tweetreach,1,0,1
tweetree,2,3,5
tweetrends,0,1,1
tweetrevolt,0,1,1
tweetrita,0,1,1
tweetriver,0,1,1
tweets,2736,3653,6389
tweetschool,0,1,1
tweetschoolonline,0,2,2
tweetscope,1,0,1
tweetsearch,1,0,1
tweetsen,1,0,1
tweetsg,4,5,9
tweetsharp,1,0,1
tweetshop,1,0,1
tweetshot,0,1,1
tweetshout,0,1,1
tweetshrink,5,4,9
tweetshrinking,0,1,1
tweetside,0,1,1
tweetsie,0,1,1
tweetsies,0,1,1
tweetsing,1,0,1
tweetsinging,1,0,1
tweetsista,0,1,1
tweetslip,0,1,1
tweetsnsite,1,0,1
tweetsound,0,2,2
tweetsource,0,1,1
tweetspace,0,1,1
tweetspam,1,1,2
tweetspiration,1,0,1
tweetss,0,6,6
tweetsss,1,1,2
tweetsssss,1,0,1
tweetstalker,0,1,1
tweetstat,1,0,1
tweetstats,2,8,10
tweetster,0,1,1
tweetsters,1,7,8
tweetstream,0,7,7
tweetstudents,0,1,1
tweetstyle,0,1,1
tweetsuite,0,1,1
tweetsum,1,0,1
tweetsville,1,1,2
tweetsy,1,1,2
tweetsz,0,5,5
tweett,1,2,3
tweettabs,1,0,1
tweetteachers,0,1,1
tweetterific,1,0,1
tweettes,0,1,1
tweettoohard,0,1,1
tweettrainers,0,1,1
tweettraveldeal,0,1,1
tweetts,0,1,1
tweettsss,0,1,1
tweettstar,0,1,1
tweettt,2,2,4
tweetttt,0,1,1
tweettttt,0,1,1
tweetttttt,0,1,1
tweetttttttttt,1,0,1
tweettwats,0,1,1
tweettweeet,1,0,1
tweettweet,4,1,5
tweettwits,1,0,1
tweettxts,0,1,1
tweettyl,0,1,1
tweetu,0,1,1
tweetudes,0,1,1
tweetums,0,1,1
tweetuniverse,0,1,1
tweetup,102,191,293
tweetupmellers,2,2,4
tweetups,11,10,21
tweetupteatour,1,0,1
tweetupwest,0,2,2
tweetuweet,1,0,1
tweetva,0,1,1
tweetventures,0,1,1
tweetversation,0,2,2
tweetverse,1,0,1
tweetvert,0,1,1
tweetville,3,3,6
tweetvisor,5,3,8
tweetwalking,0,1,1
tweetwall,2,1,3
tweetweek,0,2,2
tweetweemates,0,1,1
tweetweet,1,1,2
tweetwelt,0,1,1
tweetwhore,0,1,1
tweetworld,4,3,7
tweetworthy,1,1,2
tweetwrath,0,1,1
tweety,22,43,65
tweetya,1,2,3
tweetyal,0,1,1
tweetyaz,1,0,1
tweetybeans,1,0,1
tweetybirds,0,1,1
tweetyboard,1,0,1
tweetycakes,0,1,1
tweetyjobro,0,1,1
tweetyou,0,1,1
tweetypie,0,1,1
tweetypies,0,2,2
tweetys,2,4,6
tweetysz,0,1,1
tweetyy,0,1,1
tweetz,5,14,19
tweeveling,0,1,1
tweeventful,0,1,1
tweevesdropped,0,1,1
tweevning,1,0,1
tweewt,0,1,1
tweeze,0,1,1
tweezed,1,0,1
tweezer,1,0,1
tweezers,8,6,14
tweezey,0,1,1
tweezing,1,1,2
tweezy,1,4,5
tweezzzzzzzzzzzzzzzzzzzzzzzzzzzzzzzzzzzzzzzzzzzzzzzzzzzzzzzzzzzzzzz,0,1,1
tweffa,0,1,1
tweggas,0,2,2
tweggies,1,0,1
twehab,0,1,1
tweightloss,1,0,1
tweind,0,1,1
tweitter,0,1,1
twek,1,0,1
twelcome,0,1,1
twelevision,0,1,1
twelfth,4,3,7
twelite,0,1,1
twellman,0,4,4
twello,3,5,8
twellowhood,1,0,1
twelve,55,46,101
twelvehourtuesdays,1,0,1
twelver,1,0,1
twelves,3,1,4
twen,0,2,2
twend,2,2,4
twending,1,0,1
twends,1,0,1
twendz,0,1,1
twenius,0,1,1
twennis,0,1,1
twenny,1,0,1
twente,1,0,1
twenteenth,0,1,1
twenties,8,9,17
twentieth,1,1,2
twentions,0,1,1
twenty,114,121,235
twentyfive,1,0,1
twentyk,1,0,1
twentynine,1,0,1
twentyseven,1,0,1
twentysomething,1,0,1
twentytwo,0,1,1
twentyy,0,1,1
twentyyy,0,1,1
twentyyyyyy,0,1,1
tweny,1,0,1
tweoccupied,1,0,1
tweople,32,61,93
tweoples,6,7,13
tweops,0,1,1
twepeeps,0,1,1
tweple,0,1,1
twepls,0,1,1
twepole,0,1,1
twepple,0,1,1
twer,0,1,1
twerapy,0,1,1
twerbs,0,1,1
twerd,0,1,1
twere,1,0,1
twerfect,0,1,1
twerk,2,0,2
twerkin,0,1,1
twerking,1,0,1
twerkteam,0,1,1
twernt,1,0,1
twernywern,0,1,1
twerp,3,0,3
twerps,2,7,9
twerson,1,1,2
twerton,1,0,1
twerts,1,0,1
twesent,0,1,1
tweset,1,0,1
twess,0,1,1
twesta,2,0,2
twestie,1,0,1
twestiee,0,1,1
twesties,1,0,1
twesting,0,2,2
twestion,1,0,1
twestival,2,3,5
twestoration,0,1,1
twestory,0,1,1
twet,5,6,11
twetdeck,1,0,1
tweterwall,0,1,1
tweting,1,0,1
twets,1,0,1
twett,1,1,2
twetted,1,0,1
twetteing,0,1,1
twetten,0,1,1
twetter,1,1,2
twetteradiccion,0,1,1
twetterheads,0,1,1
twetterpeopleland,0,1,1
twetters,0,1,1
twettets,0,1,1
twettie,0,1,1
twetties,1,0,1
twetting,1,2,3
twetts,1,0,1
twetttin,0,1,1
twewy,0,3,3
twexas,0,1,1
twexit,0,9,9
twexted,0,1,1
twexy,0,1,1
twffl,0,1,1
twhat,0,2,2
twhatin,0,1,1
twheartbroken,1,0,1
twheat,0,1,1
twhere,0,1,1
twhfaces,1,0,1
twhirl,66,63,129
twhirling,1,0,1
twhirlu,1,0,1
twhirt,1,0,1
twhisky,0,1,1
twhore,1,0,1
twhorld,1,0,1
twhril,1,0,1
twhubby,1,0,1
twhugs,0,1,1
twi,10,34,44
twiammed,1,0,1
twibaji,1,0,1
twibal,0,1,1
twibble,21,15,36
twibe,11,59,70
twibes,4,10,14
twibestie,0,1,1
twibff,0,1,1
twiblets,1,0,1
twibloggy,0,1,1
twibook,1,0,1
twibrary,0,1,1
twibs,0,1,1
twibulous,3,0,3
twic,1,0,1
twica,0,1,1
twicceeeee,0,1,1
twiccident,0,1,1
twicco,0,1,1
twice,704,530,1234
twiceee,1,0,1
twich,1,0,1
twichassness,0,1,1
twichasssness,0,1,1
twiched,1,0,1
twiches,1,2,3
twickenham,5,1,6
twickpix,0,2,2
twicks,1,1,2
twicky,1,0,1
twicli,0,1,1
twicon,13,2,15
twicpics,0,1,1
twicrack,0,1,1
twictionary,0,2,2
twicture,1,0,1
twicw,0,1,1
twidda,1,0,1
twiddeo,1,1,2
twiddict,1,0,1
twiddies,0,1,1
twiddle,3,4,7
twiddled,1,0,1
twiddles,2,3,5
twiddlier,0,1,1
twiddling,4,3,7
twiddly,0,1,1
twidget,2,5,7
twidgin,0,1,1
twidiction,0,1,1
twidiot,0,1,1
twidiots,1,2,3
twidow,0,1,1
twidroid,27,11,38
twids,0,1,1
twied,1,0,1
twieddddd,1,0,1
twieeter,1,0,1
twiend,1,4,5
twiends,4,7,11
twiendships,0,1,1
twietnam,0,2,2
twiexaminer,1,0,1
twif,3,2,5
twifac,1,0,1
twifans,5,3,8
twife,0,2,2
twifestyles,1,0,1
twifey,0,1,1
twiffic,0,1,1
twiffleball,1,0,1
twifi,0,1,1
twific,0,1,1
twig,4,3,7
twiga,0,1,1
twigente,0,1,1
twigerz,0,1,1
twigga,1,16,17
twiggaas,1,0,1
twiggaros,1,0,1
twiggas,40,58,98
twiggass,0,2,2
twiggasssss,0,1,1
twiggassssssss,1,0,1
twiggaz,13,18,31
twigged,1,1,2
twiggers,3,1,4
twiggerz,0,1,1
twiggestions,0,1,1
twiggets,0,1,1
twiggettes,0,1,1
twigggggggggggggaz,0,1,1
twiggglinasssssss,1,0,1
twiggies,1,2,3
twiggin,1,1,2
twiggler,0,1,1
twiggs,2,1,3
twigguhhhs,1,0,1
twiggy,5,6,11
twigheaded,1,0,1
twighlight,3,5,8
twight,0,1,1
twighted,1,0,1
twightlight,0,1,1
twiglets,2,2,4
twigs,3,5,8
twigure,0,1,1
twihaikus,1,0,1
twihard,1,1,2
twihards,2,3,5
twihirl,1,0,1
twihrl,2,0,2
twiick,0,1,1
twiieeeenndssss,0,1,1
twiiggas,0,1,1
twiight,0,1,1
twiiiiiiiiiiiins,0,1,1
twiiiiiiin,1,0,1
twiiiiter,0,1,1
twiiiitter,0,1,1
twiiit,1,0,1
twiiiter,0,1,1
twiiitterrrrr,0,1,1
twiiittter,0,1,1
twiike,1,0,1
twiin,2,1,3
twiiqqqaz,0,1,1
twiist,1,1,2
twiistbe,0,2,2
twiiste,1,0,1
twiit,4,5,9
twiiter,60,50,110
twiiterc,0,1,1
twiitered,1,0,1
twiiterena,1,0,1
twiiterific,1,0,1
twiitering,1,2,3
twiiterland,0,1,1
twiiterlator,1,0,1
twiiterr,0,1,1
twiiters,1,4,5
twiiterverse,1,0,1
twiiterville,0,2,2
twiitfam,0,1,1
twiitiing,1,0,1
twiiting,1,0,1
twiitix,1,0,1
twiitkl,0,1,1
twiits,0,1,1
twiitsss,0,1,1
twiitt,0,1,1
twiitter,7,12,19
twiitterland,0,1,1
twiitterr,0,2,2
twiitters,1,2,3
twiitterworld,0,1,1
twiitting,1,0,1
twiitts,1,3,4
twiittter,0,2,2
twiitup,0,1,1
twiitz,1,0,1
twiix,2,0,2
twikini,9,2,11
twila,1,0,1
twilght,2,5,7
twilifans,0,1,1
twiligghhttt,0,1,1
twiligh,0,2,2
twilighr,0,1,1
twilight,619,1588,2207
twilightaholic,0,1,1
twilightcast,2,1,3
twilightcrazy,0,1,1
twilighted,6,1,7
twilighter,2,4,6
twilighters,1,19,20
twilightfail,1,0,1
twilightfan,0,2,2
twilightguy,0,5,5
twilightish,0,1,1
twilightnewmoon,1,0,1
twilightpeople,1,0,1
twilightprob,1,0,1
twilights,1,4,5
twilightscoops,0,1,1
twilightsource,0,1,1
twilightstar,1,0,1
twilightt,1,7,8
twilighttt,0,5,5
twilightvampire,0,1,1
twilighty,0,2,2
twilightyguy,0,1,1
twiligt,0,1,1
twiligth,1,0,1
twililight,1,1,2
twiling,0,1,1
twilio,0,1,1
twiliqht,0,1,1
twilite,0,3,3
twill,6,5,11
twillight,1,9,10
twillightchick,1,0,1
twillion,0,2,2
twillionaire,0,1,1
twillst,0,1,1
twillys,0,1,1
twillyville,0,1,1
twilt,1,0,1
twilver,0,1,1
twim,0,4,4
twimage,0,1,1
twimailer,2,0,2
twimamas,0,1,1
twimbly,0,1,1
twime,2,1,3
twimigoes,1,0,1
twimoms,0,1,1
twimulations,1,0,1
twin,190,244,434
twinbabies,0,1,1
twinbox,1,2,3
twincest,0,1,1
twincitiescops,0,1,1
twindexx,0,2,2
twindo,1,1,2
twine,2,2,4
twinelis,0,1,1
twiness,1,0,1
twinetasting,0,1,1
twinfluence,1,0,1
twing,1,0,1
twinge,3,0,3
twinged,2,0,2
twinges,0,1,1
twinhappy,0,1,1
twinicks,1,0,1
twinight,0,2,2
twining,2,0,2
twinings,3,6,9
twinions,0,1,1
twinity,0,2,2
twinja,0,1,1
twink,4,10,14
twinked,1,0,1
twinkees,1,0,1
twinkie,4,4,8
twinkielasher,0,1,1
twinkies,7,8,15
twinkini,1,0,1
twinkle,17,28,45
twinklebelle,0,1,1
twinkleeeeee,2,0,2
twinklers,0,2,2
twinkles,1,0,1
twinkling,0,5,5
twinkly,2,2,4
twinks,1,3,4
twinky,1,1,2
twinlakes,0,1,1
twinn,7,4,11
twinners,1,1,2
twinness,0,1,1
twinni,1,0,1
twinnie,5,7,12
twinnies,0,2,2
twinning,0,1,1
twinnings,0,3,3
twinnn,1,0,1
twinnnn,1,0,1
twinnny,0,2,2
twinns,1,1,2
twinny,6,7,13
twinnyyyy,0,1,1
twinpeaks,0,1,1
twinpine,0,1,1
twins,130,197,327
twinsburg,0,1,1
twinsen,1,0,1
twinsie,0,1,1
twinsies,1,2,3
twinsiess,0,1,1
twinsister,1,0,1
twinsle,1,0,1
twinson,0,1,1
twinspin,0,1,1
twinsss,0,3,3
twinsssss,0,1,1
twinstar,0,1,1
twinster,1,0,1
twinswholovetopgear,0,1,1
twinters,1,0,1
twintervention,0,1,1
twinterview,0,1,1
twinterviewee,0,1,1
twinterviews,0,1,1
twintrovert,0,2,2
twints,0,1,1
twintter,1,0,1
twintuesday,0,4,4
twinxxxx,0,1,1
twiny,2,3,5
twinz,1,3,4
twinzzz,0,1,1
twinzzzy,1,0,1
twinzzzzzy,1,0,1
twinzzzzzzzzzzz,1,0,1
twip,2,1,3
twiparty,2,4,6
twipic,2,3,5
twipics,0,1,1
twiping,1,0,1
twiple,0,1,1
twiples,1,1,2
twipo,1,0,1
twippin,1,0,1
twippl,0,1,1
twipple,0,2,2
twipples,1,0,1
twipplez,0,1,1
twippls,0,1,1
twips,1,3,4
twiqqaz,1,0,1
twiqqers,0,1,1
twir,0,1,1
twired,0,3,3
twirhl,1,0,1
twiril,0,1,1
twirk,0,1,1
twirl,16,20,36
twirled,0,2,2
twirling,2,4,6
twirls,0,8,8
twirly,3,2,5
twirps,0,1,1
twirting,0,1,1
twirumorcontrol,1,0,1
twis,1,0,1
twisdom,0,1,1
twise,1,2,3
twish,0,1,1
twisher,0,1,1
twishers,0,3,3
twishes,0,1,1
twishtj,0,1,1
twisi,0,1,1
twisis,0,1,1
twisland,0,1,1
twison,1,0,1
twispazzer,1,0,1
twiss,5,0,5
twissappointment,1,0,1
twisses,4,0,4
twission,0,1,1
twissues,1,0,1
twissup,1,2,3
twist,51,118,169
twista,3,3,6
twistah,1,0,1
twisted,141,104,245
twistedd,0,1,1
twistedddddddddddd,0,1,1
twistedhelena,1,0,1
twistedmorti,0,1,1
twistedness,0,1,1
twistednether,0,1,1
twistedtim,1,0,1
twistedtwitter,0,1,1
twisten,2,1,3
twister,14,36,50
twisterinjuries,1,0,1
twisterrrrrrr,0,1,1
twisters,7,6,13
twistie,1,1,2
twisties,4,2,6
twistin,1,2,3
twisting,15,7,22
twisto,3,0,3
twistori,2,3,5
twistory,4,4,8
twists,9,15,24
twistsisters,0,1,1
twistssss,0,1,1
twisty,6,6,12
twistys,0,1,1
twit,390,665,1055
twita,0,1,1
twitaaa,0,1,1
twitaaarrrrrrr,1,0,1
twitaapi,0,1,1
twitabbo,0,1,1
twitaccounts,0,1,1
twitaddict,0,2,2
twitaddicted,0,2,2
twitaffair,1,0,1
twitah,1,0,1
twitamatic,0,1,1
twitametrics,0,1,1
twitando,0,1,1
twitapocalypse,1,0,1
twitapocalypseproof,1,0,1
twitapocolypse,1,0,1
twitar,0,1,1
twitargh,1,0,1
twitarrr,1,0,1
twitascope,2,0,2
twitassness,1,1,2
twitastic,2,1,3
twitatale,0,2,2
twitazulina,0,1,1
twitbabble,1,0,1
twitbabe,0,1,1
twitbacks,1,0,1
twitbash,2,0,2
twitberry,5,2,7
twitbin,3,2,5
twitbitchez,1,0,1
twitblocked,1,0,1
twitbook,0,1,1
twitbots,0,1,1
twitbox,0,1,1
twitbreak,0,1,1
twitbuddies,1,0,1
twitbuddy,1,0,1
twitburgh,1,0,1
twitbuzz,0,1,1
twitcago,1,0,1
twitcard,0,1,1
twitcast,0,2,2
twitch,19,10,29
twitchat,1,2,3
twitched,3,0,3
twitchen,0,1,1
twitcher,1,0,1
twitchers,0,1,1
twitches,16,38,54
twitchez,0,2,2
twitchhiker,0,1,1
twitchin,2,0,2
twitching,50,16,66
twitchy,11,6,17
twitclients,1,0,1
twitcom,0,1,1
twitcon,0,1,1
twitcopalypse,1,0,1
twitcorn,0,1,1
twitcpic,1,0,1
twitcrazy,1,0,1
twitdated,1,0,1
twitdeck,1,2,3
twitdex,1,0,1
twitdick,0,1,1
twitdiff,0,2,2
twitdoc,0,1,1
twitdoctor,0,1,1
twitdolls,1,0,1
twitdroid,2,1,3
twitea,1,0,1
twitearth,0,1,1
twiteeeeeeeeeeeeeeers,1,0,1
twiteers,1,0,1
twitees,0,1,1
twiteet,0,1,1
twiteffluveum,0,1,1
twiteiros,0,2,2
twitelator,2,0,2
twitemperature,1,1,2
twiteo,0,1,1
twiter,38,42,80
twiterbuds,0,1,1
twiterers,0,1,1
twiterfon,3,2,5
twiteriffic,1,0,1
twiterin,1,0,1
twitering,1,3,4
twiterites,1,0,1
twiterrers,0,2,2
twiterriffic,1,0,1
twiterrific,3,2,5
twiterring,1,1,2
twiterrs,1,0,1
twiters,0,9,9
twitertakeover,0,1,1
twiterverse,1,1,2
twites,1,0,1
twitesphere,1,0,1
twitess,0,1,1
twitesteem,1,0,1
twitetrakd,1,0,1
twitettes,0,1,1
twitextiez,1,0,1
twitface,0,1,1
twitfail,1,0,1
twitfam,9,18,27
twitfamilia,0,1,1
twitfeed,0,1,1
twitfest,0,1,1
twitfic,0,2,2
twitfight,1,0,1
twitfire,1,1,2
twitfit,4,7,11
twitflix,0,1,1
twitfold,0,1,1
twitfon,1,1,2
twitfox,0,2,2
twitfriend,1,1,2
twitfriends,1,1,2
twitfunpic,1,0,1
twitgagged,0,1,1
twitgasm,0,1,1
twitgeek,0,1,1
twitgenius,1,0,1
twitgin,0,1,1
twitglish,0,1,1
twitgoo,0,3,3
twitground,0,3,3
twithab,1,0,1
twithdrawal,0,1,1
twitheads,1,3,4
twithearts,2,0,2
twithelp,2,4,6
twither,0,1,1
twitherpies,1,0,1
twithive,1,0,1
twithread,1,0,1
twithug,1,2,3
twithugs,1,0,1
twitic,0,1,1
twitids,0,1,1
twitie,0,1,1
twities,1,2,3
twitiess,0,1,1
twitiiiis,0,1,1
twitilliterate,1,0,1
twitils,0,1,1
twitin,0,1,1
twiting,3,2,5
twitinterview,0,1,1
twitionary,0,1,1
twitiot,0,3,3
twitip,0,3,3
twitipic,2,1,3
twitips,0,1,1
twitiq,1,0,1
twitition,3,5,8
twitizen,0,1,1
twitizens,0,4,4
twitjobs,0,7,7
twitkers,0,1,1
twitkids,0,1,1
twitkisses,0,1,1
twitkwik,1,0,1
twitland,3,9,12
twitlanders,0,1,1
twitle,0,1,1
twitlers,0,3,3
twitlerz,1,0,1
twitless,0,1,1
twitlet,0,2,2
twitlets,1,1,2
twitletts,1,0,1
twitli,1,0,1
twitlight,2,2,4
twitlings,2,2,4
twitlins,0,1,1
twitlites,1,0,1
twitlonger,6,13,19
twitlove,0,2,2
twitlovers,0,1,1
twitloves,1,0,1
twitlq,1,0,1
twitmania,0,1,1
twitmarathon,0,1,1
twitmark,0,1,1
twitmaster,0,1,1
twitmerica,0,1,1
twitmoan,0,1,1
twitmobile,0,1,1
twitmoblots,0,1,1
twitmom,0,1,1
twitmorning,0,1,1
twitnam,1,0,1
twitnique,0,1,1
twitniters,0,1,1
twitnoob,1,0,1
twitoaster,0,1,1
twitocalypse,0,1,1
twitocaplyse,1,0,1
twitonians,0,2,2
twitopia,0,1,1
twitopocalypse,1,0,1
twitopolis,0,1,1
twitore,1,0,1
twitorial,0,2,2
twitos,0,1,1
twitpage,0,1,1
twitpc,2,1,3
twitpeeps,3,3,6
twitpeesps,1,0,1
twitpeople,0,1,1
twitpic,423,484,907
twitpicc,1,0,1
twitpicccc,0,1,1
twitpiccing,0,3,3
twitpicd,1,0,1
twitpiced,1,1,2
twitpicing,0,2,2
twitpickage,0,1,1
twitpickin,1,0,1
twitpicless,1,0,1
twitpicnic,1,1,2
twitpics,70,105,175
twitpips,0,1,1
twitpire,0,1,1
twitpit,1,0,1
twitpix,3,3,6
twitpocalypse,18,9,27
twitpocolypse,2,0,2
twitpops,1,0,1
twitpost,0,1,1
twitprentice,1,8,9
twitquote,0,1,1
twitr,2,4,6
twitrehab,1,0,1
twitrisse,1,0,1
twitruptions,0,1,1
twits,150,269,419
twitscoop,3,3,6
twitscream,0,1,1
twitseeker,1,0,1
twitsessed,2,0,2
twitsgapo,1,0,1
twitshines,0,2,2
twitshit,0,1,1
twitshits,1,0,1
twitshuffle,1,0,1
twitsis,0,2,2
twitsisters,1,2,3
twitskies,0,1,1
twitsluts,0,1,1
twitsms,0,1,1
twitsnaps,1,3,4
twitsolve,1,0,1
twitspam,1,1,2
twitsperation,0,1,1
twitsphere,0,1,1
twitspiration,0,1,1
twitss,1,0,1
twitssssssssssss,0,1,1
twitstable,0,2,2
twitstake,1,0,1
twitstars,0,2,2
twitstat,1,0,1
twitsters,1,1,2
twitsterssss,0,1,1
twitstick,1,0,1
twitstomp,0,1,1
twitstorm,1,0,1
twitstream,0,1,1
twitsville,0,1,1
twitsymmetry,1,0,1
twitsync,1,0,1
twitt,88,107,195
twitta,12,21,33
twittaaa,0,3,3
twittaaaa,1,0,1
twittaaaaah,0,1,1
twittaaah,0,1,1
twittaaahhh,0,1,1
twittaaaws,0,1,1
twittaboos,1,0,1
twittabreak,0,1,1
twittabs,1,0,1
twittabugs,0,1,1
twittad,0,1,1
twittadain,0,1,1
twittaddicted,0,1,1
twittadocious,0,1,1
twittadolls,1,0,1
twittafuckas,0,1,1
twittage,0,3,3
twittah,9,10,19
twittahhh,0,1,1
twittahhhh,0,1,1
twittaholic,0,1,1
twittahs,0,1,1
twittahverse,0,1,1
twittai,0,1,1
twittais,0,1,1
twittam,0,1,1
twittambers,0,1,1
twittamos,0,1,1
twittando,0,5,5
twittar,2,3,5
twittarei,1,0,1
twittarrr,1,1,2
twittas,7,12,19
twittascope,17,6,23
twittascopes,1,0,1
twittass,0,1,1
twittassness,1,1,2
twittathon,0,1,1
twittationship,0,1,1
twittaverse,1,0,1
twittaworld,0,1,1
twittaz,5,1,6
twittbaires,1,0,1
twittcast,0,2,2
twittchain,0,1,1
twittdate,0,1,1
twittdeck,0,1,1
twittdo,1,0,1
twitte,6,11,17
twittea,2,1,3
twittean,1,0,1
twitteando,2,1,3
twittear,5,2,7
twitteare,1,0,1
twittearth,0,1,1
twitteas,1,1,2
twittecadence,0,1,1
twitted,69,77,146
twittedfon,4,2,6
twittedific,1,1,2
twittedland,0,1,1
twittedpated,0,1,1
twitteds,1,0,1
twittee,0,2,2
twitteed,1,0,1
twitteeeeeeeeeeeeer,1,0,1
twitteeeeeeeeeer,0,1,1
twitteeeeeeer,0,1,1
twitteeeeer,0,1,1
twitteeeeerrrrrss,0,1,1
twitteeeer,1,0,1
twitteeeerrr,1,0,1
twitteer,0,1,1
twitteerr,0,1,1
twitteerrrrr,0,1,1
twittees,0,3,3
twittefam,0,1,1
twittefon,1,0,1
twittefox,0,1,1
twitteh,1,0,1
twitteiros,0,6,6
twitteiross,0,1,1
twittelater,1,0,1
twittelatir,1,0,1
twittelator,5,12,17
twitteness,0,1,1
twitteng,0,1,1
twittentionwhoreing,0,1,1
twitteo,3,0,3
twittepies,0,1,1
twitter,13267,19480,32747
twittera,1,1,2
twitterable,1,1,2
twitteraccount,0,1,1
twitteraccountability,0,1,1
twitteracct,1,0,1
twitterachiis,0,1,1
twitteraddict,2,3,5
twitteraddiction,0,1,1
twitteradio,0,1,1
twitterads,0,1,1
twitterafterdark,1,1,2
twitterage,0,3,3
twitteraholic,0,2,2
twitteraholico,1,0,1
twitteraholics,1,0,1
twitterainians,1,0,1
twitterakians,0,1,1
twitteralley,1,0,1
twitteraltor,0,1,1
twitterampaging,1,0,1
twitteran,0,2,2
twitteranalyzer,0,1,1
twitterangers,0,1,1
twitterangst,1,0,1
twitterans,1,0,1
twitterapia,1,0,1
twitterapifail,1,0,1
twitterapp,1,0,1
twitterapril,0,1,1
twitterart,0,1,1
twitterastherapy,0,2,2
twitterate,1,0,1
twitterati,6,12,18
twitteratia,0,1,1
twitterating,1,0,1
twitteratis,0,1,1
twitteratl,0,1,1
twitteratti,0,2,2
twitterattis,0,1,1
twitterature,1,0,1
twitterb,0,1,1
twitterbaaz,0,1,1
twitterbabes,1,1,2
twitterbabies,3,3,6
twitterbabiesss,0,1,1
twitterbaby,0,1,1
twitterbackground,2,0,2
twitterbackgrounds,1,1,2
twitterbackround,1,0,1
twitterband,1,7,8
twitterbar,2,5,7
twitterbee,0,1,1
twitterbees,1,0,1
twitterberries,0,1,1
twitterberrry,0,1,1
twitterberry,212,149,361
twitterbff,0,2,2
twitterbffs,0,1,1
twitterbg,1,0,1
twitterbird,0,1,1
twitterbirds,1,7,8
twitterbitches,0,1,1
twitterblock,2,1,3
twitterbobzz,1,1,2
twitterbones,3,9,12
twitterbongs,1,7,8
twitterboo,0,1,1
twitterbook,0,3,3
twitterbooking,0,1,1
twitterbookmyspace,0,1,1
twitterboos,2,1,3
twitterboro,0,1,1
twitterbots,1,1,2
twitterbout,0,1,1
twitterbox,3,1,4
twitterboy,0,2,2
twitterbreak,7,7,14
twitterbucks,0,1,1
twitterbuds,0,4,4
twitterbudz,1,0,1
twitterbug,2,11,13
twitterbugers,1,0,1
twitterbuggs,0,1,1
twitterbugs,27,69,96
twitterbugsss,0,2,2
twitterbugssss,0,1,1
twitterbugz,1,6,7
twitterburst,0,1,1
twitterbury,0,2,2
twitterbus,2,0,2
twitterbut,0,1,1
twittercalypse,0,1,1
twittercasts,0,1,1
twitterchallenge,0,1,1
twitterchar,0,1,1
twitterchatsession,0,1,1
twittercism,0,2,2
twitterclient,2,1,3
twittercoffeeclub,0,2,2
twittercomedy,0,1,1
twittercon,0,1,1
twitterconfetti,0,1,1
twittercount,0,1,1
twittercounter,1,4,5
twittercrew,0,1,1
twittercut,1,1,2
twittercute,0,1,1
twitterd,9,8,17
twitterdarlings,0,1,1
twitterdating,0,2,2
twitterday,0,2,2
twitterdeck,5,1,6
twitterdees,0,1,1
twitterdictive,0,1,1
twitterdom,2,7,9
twitterdream,1,0,1
twitterdrunk,1,0,1
twitterdum,0,1,1
twittere,1,0,1
twittereados,0,1,1
twittereana,1,0,1
twittereas,1,0,1
twittered,145,106,251
twittereddd,0,1,1
twitteree,0,1,1
twittereers,1,0,1
twitterees,2,3,5
twitterefic,0,1,1
twitterek,0,1,1
twitterem,0,1,1
twitteren,0,3,3
twitterena,15,14,29
twitterer,33,98,131
twittererd,0,1,1
twittererer,0,1,1
twitterererer,1,1,2
twittererererer,0,1,1
twitterererererers,0,1,1
twittererererers,1,0,1
twitterererers,0,5,5
twitterereres,0,1,1
twittererers,1,1,2
twittererrrrrr,0,1,1
twittererrrs,0,1,1
twittererrrssss,0,1,1
twittererrs,1,1,2
twittererrsss,0,1,1
twitterers,70,204,274
twittererss,0,1,1
twittererssss,0,1,1
twitterersssss,1,0,1
twittererz,0,1,1
twittererzz,1,0,1
twitteres,0,2,2
twitteresce,0,1,1
twitterest,0,1,1
twitteretes,1,0,1
twitterette,0,1,1
twitterettes,1,4,5
twitteretts,0,1,1
twittereview,0,1,1
twitterexpress,0,2,2
twitterface,0,2,2
twitterfacing,0,1,1
twitterfad,0,1,1
twitterfags,1,0,1
twitterfail,32,7,39
twitterfailed,1,0,1
twitterfails,1,0,1
twitterfall,4,3,7
twitterfam,9,10,19
twitterfamilias,0,2,2
twitterfamily,0,6,6
twitterfamous,0,1,1
twitterfeed,16,15,31
twitterfeeds,1,0,1
twitterfessional,0,1,1
twitterfest,0,1,1
twitterfic,2,2,4
twitterfied,1,3,4
twitterfight,0,1,1
twitterfilms,0,1,1
twitterflash,1,0,1
twitterflu,0,1,1
twitterfolk,2,1,3
twitterfolks,1,0,1
twitterfon,161,86,247
twitterfone,5,2,7
twitterfonpwns,0,1,1
twitterfood,0,1,1
twitterfox,102,75,177
twitterfree,0,1,1
twitterfrends,1,0,1
twitterfreund,0,1,1
twitterfridge,0,2,2
twitterfrieds,1,0,1
twitterfriend,2,0,2
twitterfriends,3,10,13
twitterfront,1,0,1
twitterful,0,2,2
twitterfuls,0,1,1
twitterfun,1,0,1
twitterfx,2,0,2
twittergadget,1,4,5
twittergag,2,0,2
twittergenuis,0,1,1
twittergetter,0,2,2
twittergids,0,1,1
twittergod,1,0,1
twittergoodmorning,1,0,1
twittergrader,1,0,1
twittergremlin,0,1,1
twitterh,1,1,2
twitterhab,0,1,1
twitterhawk,0,2,2
twitterhea,0,1,1
twitterhead,0,1,1
twitterheads,3,5,8
twitterheart,0,1,1
twitterholic,11,16,27
twitterholics,2,5,7
twitterhomies,0,1,1
twitterhood,1,17,18
twitterhug,3,2,5
twitterhugz,1,0,1
twitteria,1,3,4
twitterian,0,1,1
twitteriano,0,1,1
twitterians,6,10,16
twitteric,1,0,1
twitterican,0,1,1
twittericans,1,1,2
twittericon,0,1,1
twitteride,2,0,2
twitteriens,0,1,1
twitteries,0,2,2
twitteriffic,31,25,56
twitterific,116,87,203
twitterim,1,0,1
twitterimplementation,0,1,1
twitterin,12,22,34
twitterina,0,1,1
twittering,467,858,1325
twitteringgg,1,0,1
twitteringggggggggggg,0,1,1
twitteringinging,0,1,1
twitterings,1,4,5
twitterington,0,1,1
twitterinns,1,0,1
twitterinq,1,1,2
twitterins,0,1,1
twitteriquette,0,1,1
twitteris,1,0,1
twitterisation,0,1,1
twitterish,1,1,2
twitterisstoooooooooopid,1,0,1
twitteriste,0,1,1
twitteristi,0,1,1
twitterita,0,1,1
twitterites,1,6,7
twitterition,1,0,1
twitteritis,0,1,1
twitteritlings,0,1,1
twitteritos,0,2,2
twitteritus,1,0,1
twitterivia,1,0,1
twitterize,1,0,1
twitterja,0,1,1
twitterjacked,1,0,1
twitterjail,11,2,13
twitterjecting,0,1,1
twitterjem,0,1,1
twitterjoy,0,1,1
twitterjumpedmeandtiedmedown,0,1,1
twitterjunkie,0,1,1
twitterkarma,1,0,1
twitterkins,0,2,2
twitterl,0,1,1
twitterlaaand,0,1,1
twitterlan,1,0,1
twitterland,105,282,387
twitterlanddd,0,1,1
twitterlandddd,0,1,1
twitterlandia,0,7,7
twitterlandz,0,1,1
twitterlans,0,1,1
twitterlarity,1,0,1
twitterlater,1,0,1
twitterlationship,1,0,1
twitterlator,1,0,1
twitterlatte,0,2,2
twitterleague,0,1,1
twitterlers,1,3,4
twitterless,17,3,20
twitterlicious,1,4,5
twitterlies,1,1,2
twitterlights,0,1,1
twitterline,0,1,1
twitterlings,6,14,20
twitterlingz,0,1,1
twitterlins,0,1,1
twitterlocal,0,1,1
twitterlogy,0,1,1
twitterlonger,1,0,1
twitterlove,1,2,3
twitterlover,0,3,3
twitterlovers,0,1,1
twitterloves,2,4,6
twitterlovesstavros,0,1,1
twitterlulu,1,1,2
twitterluv,0,1,1
twitterly,1,3,4
twitterlympics,0,1,1
twitterm,0,1,1
twittermail,4,3,7
twitterman,1,1,2
twittermancrush,0,1,1
twittermania,1,2,3
twittermaniaaaaaaaaaaa,0,1,1
twittermaniacs,0,1,1
twittermate,0,1,1
twittermates,0,3,3
twittermatesz,0,1,1
twittermeister,0,1,1
twittermobile,0,1,1
twittermobuk,1,2,3
twittermom,1,0,1
twittermoms,0,1,1
twittermovies,4,0,4
twittermu,0,1,1
twittermums,0,1,1
twittermusical,2,0,2
twittern,1,3,4
twitternam,1,0,1
twittername,3,5,8
twitternation,2,8,10
twitternational,0,1,1
twitternators,1,0,1
twitterness,5,9,14
twitterneverland,0,1,1
twitternews,0,1,1
twitternoob,1,1,2
twitterns,0,1,1
twitternut,1,1,2
twitternya,1,2,3
twitteroke,0,1,1
twitterology,1,1,2
twitteronia,1,1,2
twitteroo,1,0,1
twitteroonies,0,1,1
twitteroos,3,4,7
twitteros,0,1,1
twitterosphere,0,1,1
twitterpage,0,4,4
twitterpaited,0,2,2
twitterpals,0,2,2
twitterpapi,1,0,1
twitterparty,1,0,1
twitterpated,3,11,14
twitterpating,1,1,2
twitterpeep,0,1,1
twitterpeeps,1,7,8
twitterpeople,0,2,2
twitterphon,1,0,1
twitterphone,0,1,1
twitterpic,4,4,8
twitterpics,1,1,2
twitterpicture,0,1,1
twitterpictures,1,0,1
twitterpies,0,1,1
twitterplause,1,0,1
twitterpoll,0,1,1
twitterpooper,0,1,1
twitterpornnames,3,6,9
twitterpower,0,1,1
twitterprincess,0,1,1
twitterprise,0,1,1
twitterpub,0,1,1
twitterpulse,0,1,1
twitterpuss,1,0,1
twitterpussies,2,1,3
twitterqueen,0,2,2
twitterqueens,1,7,8
twitterquitter,0,1,1
twitterr,16,23,39
twitterradio,0,2,2
twitterrape,0,1,1
twitterrating,0,1,1
twitterrberrryy,1,0,1
twitterremix,1,1,2
twitterremote,0,1,1
twitterrepublic,0,1,1
twitterres,0,1,1
twitterrfic,1,0,1
twitterrhea,1,0,1
twitterrible,1,0,1
twitterric,0,1,1
twitterricolsss,0,1,1
twitterride,4,2,6
twitterrifc,1,0,1
twitterrifffficccc,1,0,1
twitterriffic,2,2,4
twitterrific,55,45,100
twitterring,1,5,6
twitterringgggggggg,0,1,1
twitterrooos,0,1,1
twitterroos,0,2,2
twitterrr,4,12,16
twitterrracount,0,1,1
twitterrreeerrrss,0,1,1
twitterrrific,1,0,1
twitterrrr,5,15,20
twitterrrrr,0,2,2
twitterrrrrr,1,2,3
twitterrrrrrr,1,2,3
twitterrrrrrrr,2,0,2
twitterrrrrrrrr,0,1,1
twitterrrrrrrrrers,1,0,1
twitterrrrrrrrrrr,1,0,1
twitterrrrrrrrrrrrrrrr,0,1,1
twitterrrrrrrrrrrrrrrrrrrr,0,1,1
twitterrrss,0,1,1
twitterrs,0,1,1
twitterrssss,0,1,1
twitters,380,779,1159
twittersad,1,0,1
twittersations,0,1,1
twitterscape,0,1,1
twitterscope,5,1,6
twitterscore,1,0,1
twitterscreen,0,1,1
twittersex,0,2,2
twittersg,0,1,1
twittersheep,0,1,1
twittershitter,0,1,1
twittersilence,1,0,1
twittersis,0,1,1
twitterslimmers,0,2,2
twitterslut,0,1,1
twittersnoop,0,1,1
twittersoapbox,0,1,1
twittersourcing,0,1,1
twitterspace,0,2,2
twitterspam,1,0,1
twitterspammer,1,0,1
twitterspat,0,1,1
twittersperience,0,1,1
twittersphere,13,34,47
twitterspirit,0,1,1
twittersplit,1,0,1
twitterspree,0,1,1
twitterspy,1,0,1
twitterss,1,4,5
twittersss,0,3,3
twitterssss,0,6,6
twittersssss,1,1,2
twitterssssss,0,2,2
twittersssssss,0,1,1
twitterstalk,0,1,1
twitterstars,1,0,1
twitterstearm,0,1,1
twitterstock,0,1,1
twitterstream,2,2,4
twitterstreams,1,0,1
twitterstudyq,0,1,1
twitterstuff,0,1,1
twittersucks,1,0,1
twittersville,0,3,3
twitterswarm,1,0,1
twittert,1,2,3
twittertab,0,1,1
twittertakeover,10,47,57
twittertakever,0,1,1
twittertaleover,0,1,1
twittertarians,1,0,1
twittertastic,0,1,1
twittertee,0,2,2
twittertees,1,2,3
twittertexts,1,0,1
twitterthanks,0,1,1
twitterthon,0,5,5
twitterthumbitis,0,1,1
twittertific,1,0,1
twittertime,0,2,2
twittertips,0,1,1
twittertonfieldville,0,1,1
twittertourney,0,1,1
twittertown,2,2,4
twittertracker,0,1,1
twittertrafficmachine,1,0,1
twittertrain,1,2,3
twittertribe,0,1,1
twittertube,0,1,1
twittertubes,0,1,1
twittertwatter,1,1,2
twittertwits,0,1,1
twittertwittertwittertwittertwitter,0,1,1
twittertwotes,0,1,1
twittertxt,1,0,1
twitteru,1,1,2
twitterul,0,1,1
twitterunderstand,0,1,1
twitteruniverse,1,3,4
twitterurl,0,1,1
twitterus,1,0,1
twitteruser,0,1,1
twittervacation,0,1,1
twittervampire,1,1,2
twittervention,0,2,2
twitterveres,0,1,1
twittervers,1,1,2
twitterversary,0,3,3
twitterversay,0,1,1
twitterverse,105,398,503
twitterversed,0,1,1
twitterversum,0,1,1
twittervert,0,1,1
twittervile,1,0,1
twittervill,1,3,4
twitterville,101,228,329
twittervilleee,1,0,1
twittervillians,0,1,1
twittervilllle,0,1,1
twittervine,0,1,1
twittervision,1,2,3
twitterwall,5,3,8
twitterwar,0,1,1
twitterwave,0,1,1
twitterweek,0,1,1
twitterwhore,2,5,7
twitterwhoreking,0,1,1
twitterwhores,1,0,1
twitterwife,0,1,1
twitterwin,0,1,1
twitterwives,0,1,1
twitterwold,0,1,1
twitterwolrd,0,1,1
twitterworld,45,145,190
twitterworlddd,1,0,1
twittery,5,11,16
twitteryness,0,1,1
twitteryy,0,1,1
twitterz,8,8,16
twitterzanes,1,0,1
twitterzation,0,1,1
twitterzinho,1,0,1
twitterzioni,0,1,1
twitterzzz,1,1,2
twittes,1,6,7
twittesphere,0,1,1
twittess,0,1,1
twittesssss,0,1,1
twittet,5,2,7
twittetfon,0,1,1
twittetific,0,1,1
twittettes,0,3,3
twitteuniverse,0,1,1
twitteverse,1,0,1
twittexts,1,0,1
twittez,0,1,1
twittfaces,0,1,1
twittfam,0,1,1
twittfeed,1,0,1
twittfriend,0,2,2
twittful,0,1,1
twittheads,0,5,5
twittheart,1,1,2
twitthings,1,0,1
twitthis,1,0,1
twitthought,0,1,1
twitthreats,0,1,1
twittians,0,1,1
twittica,0,1,1
twitticklers,0,1,1
twittie,4,3,7
twittier,2,0,2
twitties,12,27,39
twittiessss,0,1,1
twittiessssss,0,1,1
twittiest,0,1,1
twittiez,1,1,2
twittiiies,1,0,1
twittilators,0,1,1
twittin,13,23,36
twitting,80,144,224
twittinies,0,1,1
twittinti,0,1,1
twittiquette,0,1,1
twittiscope,1,0,1
twittish,0,1,1
twittix,4,7,11
twittizen,0,1,1
twittizens,2,5,7
twittland,1,4,5
twittlater,1,0,1
twittle,1,5,6
twittler,0,1,1
twittlerland,0,1,1
twittlers,2,1,3
twittles,0,4,4
twittlesss,0,1,1
twittlets,0,3,3
twittlings,0,1,1
twittlw,0,1,1
twittly,0,1,1
twittlyshittlytitter,0,1,1
twittmad,0,1,1
twittmoms,0,1,1
twittn,1,1,2
twittname,1,0,1
twittnerd,1,0,1
twittness,0,1,1
twitto,0,3,3
twittographers,0,2,2
twittons,0,1,1
twittorgy,0,1,1
twittoria,0,1,1
twittos,0,5,5
twittosph,1,0,1
twittou,1,0,1
twittourage,0,2,2
twittow,0,1,1
twittown,0,1,1
twittpeople,0,1,1
twittpic,3,0,3
twittr,3,8,11
twittrain,0,1,1
twittrer,1,1,2
twittrfic,0,1,1
twittrin,0,1,1
twittring,0,2,2
twittrio,1,0,1
twittrs,1,0,1
twittruth,0,1,1
twitts,68,110,178
twittsbury,1,0,1
twittshit,1,0,1
twittski,1,0,1
twittsomnia,0,2,2
twittss,1,1,2
twittsters,2,0,2
twittsville,0,1,1
twittsweets,0,2,2
twittsy,0,1,1
twittt,1,2,3
twittteer,0,1,1
twittter,10,18,28
twittterberry,1,0,1
twitttererrrr,0,1,1
twittterfon,0,1,1
twittterrellas,0,1,1
twittterrrr,0,1,1
twittterrrrr,1,1,2
twittterrrrrrrrrr,1,0,1
twittterrrrrrrrrrrrrrrr,0,1,1
twittterrrrrrrrrrrs,0,1,1
twittters,2,0,2
twitttersphere,0,1,1
twittterville,0,1,1
twittterwhore,0,1,1
twittts,0,1,1
twitttter,5,0,5
twittttteeeeerrrrr,0,1,1
twittttter,1,3,4
twittttting,0,1,1
twittttttaaaaaa,0,1,1
twitttttter,1,1,2
twitttttters,0,1,1
twittttttter,0,1,1
twitttttttter,0,1,1
twitttttttttttttttttttttttttttttttttttttttttttttttttttttttttttttttttttttttttttttttttttttttttttttttttttttttter,0,1,1
twitttttwitter,1,0,1
twittttty,0,1,1
twittty,0,1,1
twittu,0,1,1
twittucandus,0,1,1
twittuh,1,1,2
twittuhh,0,1,1
twittums,0,1,1
twittunes,0,1,1
twittuns,0,1,1
twittup,1,0,1
twitturds,1,0,1
twittv,0,1,1
twittverse,0,1,1
twittville,1,2,3
twittw,0,1,1
twittwat,0,1,1
twittwe,1,1,2
twittwer,4,1,5
twittwers,0,1,1
twittwit,0,1,1
twittwoch,1,1,2
twittworld,0,1,1
twittwr,0,1,1
twittwring,0,1,1
twittwrrific,1,0,1
twitty,6,19,25
twittying,0,1,1
twittymajiggy,1,0,1
twittypop,0,1,1
twittys,0,3,3
twittytickelers,0,1,1
twittyvile,1,0,1
twittz,9,10,19
twittzlers,0,1,1
twittzlez,0,2,2
twituddies,0,1,1
twitutoring,1,0,1
twitux,1,2,3
twitversation,1,0,1
twitverse,0,4,4
twitvid,3,5,8
twitville,1,4,5
twitvim,0,3,3
twitvite,0,2,2
twitwall,1,1,2
twitweek,0,1,1
twitwer,0,1,1
twitwhore,1,0,1
twitwipt,0,1,1
twitwit,0,1,1
twitwoo,0,1,1
twitwork,0,1,1
twitworld,3,1,4
twitz,11,15,26
twitzap,1,0,1
twitzer,0,2,2
twitzerland,0,1,1
twitzerz,0,1,1
twitzzz,0,1,1
twivas,0,1,1
twiverted,0,1,1
twiving,1,0,1
twivorce,1,0,1
twiwhores,0,1,1
twix,24,24,48
twixer,0,1,1
twixlee,0,1,1
twixs,0,1,1
twixt,0,2,2
twixtzzz,0,1,1
twixx,1,0,1
twiz,0,1,1
twizel,0,1,1
twizt,0,1,1
twiztid,1,0,1
twizz,1,1,2
twizzl,1,0,1
twizzle,1,0,1
twizzler,1,2,3
twizzlers,14,13,27
twizzles,2,6,8
twizzy,1,1,2
twjd,0,1,1
twk,0,1,1
twkyk,0,1,1
twl,0,2,2
twleep,0,1,1
twleve,1,0,1
twlight,2,14,16
twlighthugs,0,1,1
twlightofdoom,1,0,1
twlightt,0,2,2
twll,0,1,1
twlog,0,1,1
twloha,1,7,8
twlt,0,4,4
twltterlogoscom,0,1,1
twm,1,0,1
twn,7,6,13
twnty,1,1,2
two,5343,4939,10282
twoapbox,0,1,1
twoards,0,2,2
twobby,0,1,1
twobeerqueers,1,0,1
twobile,2,0,2
twoblue,1,0,1
twock,0,1,1
twockin,0,1,1
twoddle,2,0,2
twoe,0,3,3
twoeinfo,0,1,1
twoem,0,1,1
twoetry,0,1,1
twofaced,0,1,1
twofacedbitch,1,0,1
twofavorite,1,0,1
twofer,0,1,1
twoffice,0,1,1
twoffie,1,0,1
twofold,1,0,1
twoforonespecial,0,1,1
twog,0,1,1
twogirlsinsearchofnkotb,0,1,1
twohandsfletcher,5,5,10
twoish,0,1,1
twokay,0,1,1
twokidssonelove,0,1,1
twokyooo,0,1,1
twola,1,2,3
twolakutty,0,1,1
twolakuttys,0,1,1
twolay,0,5,5
twolders,1,0,1
twoleg,1,0,1
twoles,0,1,1
twolice,0,1,1
twolks,1,1,2
twolla,0,1,1
twollar,0,3,3
twollars,1,15,16
twolling,0,1,1
twollo,0,1,1
twollow,0,1,1
twollowed,0,1,1
twollowing,1,0,1
twoloers,1,0,1
twomey,1,0,1
twomie,0,1,1
twomies,0,3,3
twomorrow,1,2,3
twon,0,5,5
twonely,0,1,1
twones,0,1,1
twongue,0,1,1
twonks,0,1,1
twonscell,0,1,1
twoo,2,8,10
twoodles,0,1,1
twoofer,0,1,1
twoogle,1,0,1
twool,0,1,1
twooo,2,3,5
twoooo,1,1,2
twooooo,0,4,4
twooooooooo,1,0,1
twooosh,1,0,1
twoop,1,0,1
twooping,0,1,1
twoops,0,2,2
twoose,0,1,1
twoosh,5,5,10
twooshdances,0,2,2
twooshe,0,1,1
twooshes,2,4,6
twoot,2,6,8
twootenany,0,1,1
twooter,0,1,1
twooting,1,0,1
twooty,1,0,1
twop,2,1,3
twoparter,1,0,1
twopi,0,1,1
tworco,1,2,3
twords,1,0,1
tworgy,3,0,3
twork,1,1,2
tworking,3,0,3
tworkout,0,1,1
tworld,10,18,28
tworny,1,0,1
tworphans,0,1,1
tworry,1,0,1
tworse,0,1,1
tworthy,0,1,1
twos,3,1,4
twoser,2,0,2
twoses,1,0,1
twosie,0,1,1
twosmk,1,0,1
twosome,2,2,4
twosse,0,1,1
twote,0,2,2
twoted,1,0,1
twotes,0,1,1
twoting,0,1,1
twotone,0,1,1
twotoned,1,0,1
twotpic,0,1,1
twotter,0,4,4
twotties,0,1,1
twouble,2,3,5
twoughing,0,1,1
twoughted,0,1,1
twould,1,2,3
twouldn,0,1,1
twoupie,0,1,1
twouples,0,1,1
twousin,0,1,1
twove,2,1,3
twovely,1,1,2
twoversaturating,1,0,1
twowholecakes,1,0,1
twowner,0,1,1
twoys,0,1,1
twp,3,1,4
twpls,0,1,1
twpn,0,1,1
twpp,21,16,37
twppl,2,2,4
twppls,1,0,1
twpq,0,1,1
twr,1,0,1
twraped,1,0,1
twrds,0,1,1
twreading,1,3,4
twreadings,0,2,2
twreams,0,1,1
twrf,1,1,2
twrilliant,0,1,1
twritter,1,0,1
twrothers,1,0,1
twrtcon,1,0,1
tws,1,1,2
twsister,1,0,1
twspace,0,1,1
twss,2,1,3
twssthurs,1,0,1
twstweets,0,1,1
twt,9,17,26
twta,1,0,1
twtad,1,2,3
twtbizcard,0,2,2
twtcrcon,0,1,1
twtd,1,1,2
twtdck,1,0,1
twter,1,0,1
twtfm,1,5,6
twtg,1,0,1
twti,1,1,2
twtieers,0,1,1
twting,0,2,2
twtiter,0,1,1
twtitter,0,2,2
twtl,0,1,1
twtmob,0,1,1
twtpets,0,1,1
twtpole,0,1,1
twtpoll,1,1,2
twtpool,2,1,3
twtqpon,0,1,1
twtr,2,14,16
twtraffle,0,1,1
twtrbrry,0,1,1
twtrcon,12,25,37
twtrfox,1,0,1
twtrs,0,2,2
twts,3,4,7
twttblogs,1,0,1
twtted,1,0,1
twtter,6,8,14
twtterers,0,1,1
twtterverse,0,1,1
twttiepies,0,1,1
twttier,1,0,1
twttr,13,12,25
twttrg,1,0,1
twttrlist,0,2,2
twttrpc,1,0,1
twttrppl,0,2,2
twtup,1,0,1
twtvite,9,10,19
twtyl,1,0,1
twu,0,1,1
twubbing,0,1,1
twubble,0,1,1
twubby,2,0,2
twubiliciously,0,1,1
twubsensation,0,1,1
twuck,2,1,3
twucked,1,0,1
twuckered,1,0,1
twucking,2,1,3
twud,0,1,1
twue,0,1,1
twuesdayyy,0,1,1
twuffer,0,1,1
twug,74,3,77
twugged,1,0,1
twugs,53,2,55
twuly,0,3,3
twumanity,0,1,1
twumpet,1,0,1
twune,0,1,1
twuneanundra,0,1,1
twunes,1,0,1
twuniverse,0,1,1
twunts,1,0,1
twurch,0,1,1
twurl,1,1,2
twurn,1,0,1
twurster,1,0,1
twusband,1,0,1
twusurp,0,1,1
twuterings,1,0,1
twuth,0,1,1
twutorial,0,1,1
twutty,0,1,1
twuu,0,1,1
twuuuuuuuuuuuuuuuuuuuug,1,0,1
twuv,0,2,2
twuvlies,0,1,1
tww,2,0,2
twweeeeet,0,1,1
twweeeet,0,1,1
twweeet,0,1,1
twweeeterr,1,0,1
twweeetingg,0,1,1
twweet,0,1,1
twweeting,0,1,1
twweett,0,1,1
twwet,2,3,5
twweti,1,0,1
twweting,1,1,2
twwets,1,1,2
twwittergadget,1,0,1
twwitterr,1,0,1
twwli,1,0,1
twwodays,1,0,1
twy,0,1,1
twyford,0,3,3
twygs,0,1,1
twyla,1,2,3
tx,209,191,400
txamerica,0,1,1
txdla,1,0,1
txl,0,1,1
txldy,0,1,1
txmaster,1,0,1
txn,1,1,2
txoko,0,1,1
txp,0,3,3
txrg,0,1,1
txs,0,5,5
txt,487,379,866
txtb,0,1,1
txtbks,1,0,1
txtbook,0,2,2
txtd,15,2,17
txted,18,7,25
txties,1,0,1
txtin,12,15,27
txting,54,39,93
txtinq,1,0,1
txtme,0,2,2
txtmeeee,1,0,1
txtn,5,5,10
txtng,1,1,2
txtnnnn,0,1,1
txtrcon,1,0,1
txts,59,19,78
txtsfrmlstnght,0,1,1
txtt,2,2,4
txttt,0,2,2
txttttt,0,1,1
txttttttt,1,0,1
txtz,1,0,1
txu,1,1,2
txw,0,1,1
txxt,0,2,2
txxxt,0,1,1
txxxxt,0,1,1
ty,159,657,816
tya,1,2,3
tyabb,0,1,1
tyagi,1,0,1
tyalin,0,1,1
tyan,1,1,2
tyaping,1,0,1
tyas,0,5,5
tyasai,1,0,1
tybb,1,1,2
tybee,13,5,18
tyber,1,0,1
tybsc,0,1,1
tyc,0,3,3
tycash,1,0,1
tyce,1,1,2
tyche,0,1,1
tycho,0,1,1
tycn,1,0,1
tycody,1,0,1
tycohen,0,2,2
tycoon,15,10,25
tyd,1,0,1
tyden,1,0,1
tydi,3,7,10
tyding,1,0,1
tydis,0,1,1
tye,8,14,22
tyedying,0,1,1
tyere,0,1,1
tyered,2,0,2
tyesha,1,0,1
tyesterday,0,1,1
tyf,0,1,1
tyg,0,4,4
tyga,1,2,3
tygaman,2,0,2
tygerbaby,0,1,1
tygers,1,0,1
tygerwaterfront,0,1,1
tyhanks,1,0,1
tyhe,2,2,4
tyhen,0,1,1
tyhle,0,1,1
tyia,0,1,1
tying,13,18,31
tyjesus,0,2,2
tyk,2,0,2
tyke,2,4,6
tykeemisha,1,0,1
tykes,0,1,1
tyketto,1,0,1
tyku,0,1,1
tyl,0,3,3
tyla,0,2,2
tylaa,0,1,1
tyleah,0,1,1
tyleeeeee,1,0,1
tyleno,0,1,1
tylenol,150,44,194
tylenolpm,3,0,3
tylenols,2,0,2
tyler,107,154,261
tylerbby,0,1,1
tyleretta,1,0,1
tylerhilton,0,2,2
tylerknott,1,1,2
tylerr,1,0,1
tylerrr,0,1,1
tylerrrr,1,3,4
tylerrrrr,0,1,1
tylers,8,6,14
tylisha,0,1,1
tylo,1,0,1
tylonal,1,1,2
tylonel,1,0,1
tylonol,3,1,4
tylor,1,1,2
tylosand,1,0,1
tylyn,1,0,1
tym,51,42,93
tyme,23,16,39
tymee,0,1,1
tymeeeeee,0,1,1
tymes,3,2,5
tymin,1,0,1
tyms,7,4,11
tyn,1,1,2
tyna,2,0,2
tyndale,3,0,3
tyndyl,1,0,1
tyne,0,2,2
tynecastle,1,0,1
tynelol,1,0,1
tynemouth,1,2,3
tynenol,0,1,1
tyner,1,2,3
tynes,1,0,1
tyneside,0,1,1
tyngsborough,0,1,1
tynie,1,0,1
tynisha,1,4,5
tynosynovitis,1,0,1
tyo,5,3,8
tyoc,0,1,1
tyona,1,0,1
tyops,0,1,1
tyou,1,1,2
tyouwish,0,1,1
typ,4,1,5
typa,0,2,2
typable,1,0,1
type,758,846,1604
typea,1,0,1
typeamomcon,2,1,3
typeamomconf,0,1,1
typecasting,0,1,1
typecon,1,0,1
typed,80,87,167
typedrawing,1,0,1
typeerror,1,0,1
typeface,2,5,7
typefaces,0,2,2
typeit,0,1,1
typekit,1,3,4
typen,0,1,1
typenerd,1,0,1
typeo,1,1,2
typepad,4,4,8
typer,3,1,4
typeracer,0,1,1
typerrr,1,0,1
types,71,112,183
typescript,0,1,1
typesetters,0,1,1
typesetting,2,0,2
typetees,0,1,1
typetype,0,1,1
typewriter,4,12,16
typewriters,0,1,1
typhoid,4,1,5
typhoon,16,7,23
typhooninnlaud,0,1,1
typhoons,0,1,1
typi,1,0,1
typica,1,0,1
typical,248,183,431
typically,35,24,59
typicalz,1,0,1
typico,0,1,1
typin,7,2,9
typinator,0,1,1
typing,275,256,531
typischer,1,0,1
typist,1,3,4
typng,0,1,1
typo,68,104,172
typoed,2,4,6
typoes,0,1,1
typographer,0,1,1
typographic,0,2,2
typographical,1,2,3
typography,6,24,30
typoing,1,0,1
typoist,1,0,1
typoku,1,0,1
typolight,0,1,1
typology,0,1,1
typonese,0,1,1
typoooo,0,1,1
typos,46,43,89
typostammtisch,0,1,1
typotastic,1,0,1
typotuesday,0,1,1
typr,1,0,1
typsi,0,2,2
typsy,0,1,1
typye,1,0,1
typytypytypy,0,1,1
tyr,0,1,1
tyra,39,43,82
tyraaa,0,1,1
tyrabanks,1,0,1
tyrah,0,1,1
tyranical,1,0,1
tyranids,0,1,1
tyrannical,0,2,2
tyrannically,1,0,1
tyrannosaurus,1,0,1
tyranny,3,0,3
tyrant,2,0,2
tyrants,2,1,3
tyras,1,0,1
tyrd,1,0,1
tyre,36,9,45
tyred,4,2,6
tyrell,1,1,2
tyres,35,10,45
tyrese,5,15,20
tyreseee,0,1,1
tyrin,2,0,2
tyring,2,1,3
tyrion,1,0,1
tyrna,0,1,1
tyron,1,0,1
tyrone,8,8,16
tyronne,1,0,1
tyrpaks,0,1,1
tyrrhenian,0,1,1
tyruck,1,0,1
tys,1,6,7
tysene,1,0,1
tysk,0,1,1
tysm,2,8,10
tyson,77,39,116
tysonritteraar,1,0,1
tysons,7,0,7
tyst,1,0,1
tysvm,0,1,1
tyte,1,0,1
tytm,1,0,1
tytn,2,1,3
tytorey,0,1,1
tytube,1,2,3
tyty,5,4,9
tytyty,1,3,4
tyu,2,0,2
tyvm,9,23,32
tyvvvm,0,1,1
tywhitt,1,0,1
tyxh,1,0,1
tyxxxxx,1,0,1
tyy,0,2,2
tyyy,1,0,1
tyyyyad,0,1,1
tyyyyyy,0,1,1
tyyyyyype,0,1,1
tyz,1,0,1
tyzdne,1,0,1
tz,9,11,20
tzara,0,1,1
tzatziki,3,5,8
tzaziki,0,1,1
tze,1,2,3
tzi,1,2,3
tzitut,1,0,1
tzle,0,2,2
tzlich,2,0,2
tzone,0,1,1
tzp,1,0,1
tzu,6,14,20
tzung,0,1,1
tzx,1,0,1
tzzzzzzzz,1,0,1
ua,18,13,31
uaa,0,1,1
uaaaaaa,1,0,1
uaaaaaaaaaaaaaaaaah,1,0,1
uaaaaannnnnnnn,1,0,1
uaaaarggghh,1,0,1
uaaahhhh,1,0,1
uaaargh,1,0,1
uaah,0,1,1
uaap,1,4,5
uab,0,2,2
uaba,0,1,1
uabc,0,1,1
uac,0,1,1
uae,12,10,22
uaepmp,0,1,1
uaeu,0,1,1
uaghh,1,0,1
uah,4,2,6
uahauha,0,1,1
uahg,1,0,1
uai,3,1,4
uaieaiuehae,0,1,1
uaii,0,1,1
uakari,1,0,1
ualbany,1,0,1
ualbs,1,0,1
uall,0,1,1
ually,0,1,1
ualr,1,2,3
ualtion,0,1,1
uam,0,3,3
uams,2,2,4
uang,1,1,2
uangku,1,0,1
uangnya,0,1,1
uap,0,1,1
uard,1,0,1
uare,0,1,1
uarnext,0,1,1
uarts,1,0,1
uas,7,4,11
uashauhsuahsuahushaushuahsuahs,0,1,1
uasshitty,1,0,1
uat,6,1,7
uata,1,0,1
uau,1,4,5
uaually,1,0,1
uav,0,1,1
uaw,1,0,1
uawards,0,3,3
ub,9,9,18
uba,2,0,2
ubago,1,0,1
ubahn,0,1,1
ubank,1,0,1
ubanktu,0,1,1
ubassy,0,1,1
ubat,2,0,2
ubattt,1,0,1
ubbar,1,0,1
ubbbeerrr,1,0,1
ubbberlyy,0,1,1
ubber,8,3,11
ubberly,0,1,1
ubbertwitter,1,0,1
ubbi,2,0,2
ubc,3,3,6
ubcp,0,1,1
ubd,1,1,2
ubderstand,1,0,1
ubderstandable,0,1,1
ube,3,5,8
uber,177,175,352
uberawesomelaurawinsface,0,1,1
uberawkward,1,0,1
uberberry,1,2,3
uberboring,1,0,1
uberbot,1,0,1
ubercart,0,1,1
uberchick,0,1,1
ubercms,0,1,1
ubercombo,0,1,1
ubercool,0,1,1
ubercrankyy,1,0,1
uberdeath,0,1,1
uberdrunk,1,0,1
uberexcited,0,2,2
uberfail,1,0,1
uberfancy,0,1,1
uberhot,1,0,1
uberlazy,1,0,1
uberlord,1,0,1
uberly,4,3,7
uberlynnzimm,0,1,1
ubermorningtweet,0,1,1
uberpic,2,0,2
uberpissed,1,0,1
uberrr,1,0,1
ubersad,1,0,1
ubersadface,1,0,1
uberstressful,1,0,1
ubertweet,1,2,3
ubertweeting,0,1,1
ubertwiter,1,0,1
ubertwitter,118,68,186
ubertwittering,0,1,1
ubertwitters,1,0,1
ubertwotter,1,0,1
ubertwutter,0,1,1
ubetoo,0,1,1
ubey,0,1,1
ubf,1,0,1
ubfortunatly,1,0,1
ubgfveiknrifhnidputa,1,0,1
ubi,6,4,10
ubie,0,1,1
ubiierna,0,1,1
ubin,1,3,4
ubiquitous,3,4,7
ubiquitouslanguage,0,1,1
ubiquity,5,5,10
ubisoft,16,17,33
ubisofts,1,0,1
ubitij,0,1,1
ubk,1,0,1
ublocked,0,1,1
ubo,1,0,1
ubook,0,1,1
ubootn,0,1,1
ubos,5,2,7
uboys,3,0,3
ubp,1,0,1
ubratwitter,1,0,1
ubrtwitter,0,1,1
ubububu,1,0,1
ubud,3,0,3
ubunte,1,0,1
ubunters,0,1,1
ubunti,0,1,1
ubuntu,192,160,352
ubuntuhu,0,1,1
ubuntuone,0,2,2
ubuntuuk,0,1,1
ubunut,0,1,1
ubunutu,1,0,1
ubusin,1,1,2
ubwm,0,2,2
ubzz,0,1,1
uc,18,19,37
uca,0,1,1
ucaaaaaap,0,1,1
ucan,2,1,3
ucap,13,5,18
ucas,9,3,12
ucasti,1,0,1
ucattip,2,1,3
ucattipt,0,1,1
ucb,3,4,7
ucc,0,1,1
ucccht,0,1,1
ucce,0,1,1
ucd,2,3,5
ucdenver,0,1,1
uce,0,1,1
ucf,10,2,12
uch,10,7,17
ucharted,0,1,1
uchazecek,0,1,1
uched,0,1,1
uchh,2,0,2
uchhh,1,0,1
uchi,0,2,2
uchida,1,0,1
uci,10,12,22
ucil,0,1,1
ucit,1,1,2
ucity,0,1,1
uck,13,2,15
ucked,2,0,2
ucker,4,0,4
uckin,0,1,1
ucking,0,2,2
uckkk,1,0,1
ucks,1,0,1
ucky,6,1,7
ucl,5,5,10
ucla,20,20,40
uclan,1,1,2
uclas,0,1,1
ucler,1,0,1
uclers,1,0,1
ucluelet,1,0,1
ucly,1,0,1
uco,0,1,1
ucoh,0,1,1
ucommerce,0,1,1
uconn,6,3,9
ucouldgetit,0,1,1
ucoz,1,0,1
ucr,2,4,6
ucrit,1,0,1
ucs,1,2,3
ucsb,0,2,2
ucsc,1,3,4
ucsd,4,2,6
ucsf,0,1,1
uct,1,1,2
ucu,0,2,2
ucyc,0,1,1
ud,42,37,79
uda,10,23,33
udachi,0,1,1
udah,36,67,103
udahan,1,0,1
udahh,0,1,1
udaipur,1,0,1
udang,1,0,1
udat,0,1,1
udate,1,0,1
udates,1,0,1
uday,2,0,2
udc,0,1,1
udd,2,2,4
udda,1,0,1
udderbelly,2,1,3
udderly,0,1,1
udders,0,1,1
uddersfield,1,0,1
uddle,1,0,1
ude,0,1,1
udel,1,1,2
udep,0,2,2
udepressed,0,1,1
uder,1,1,2
udesh,0,1,1
udf,0,1,1
udh,26,23,49
udhar,0,1,1
udhausdudhuiadh,1,0,1
udhududshudsh,0,1,1
udi,0,1,1
udid,0,2,2
udipi,1,0,1
udist,1,0,1
udistrict,0,1,1
udn,2,0,2
udnerstand,0,1,1
udnie,0,1,1
udo,2,0,2
udon,9,11,20
udong,0,1,1
udonot,0,1,1
udontwantk,0,1,1
udpate,1,0,1
udpp,0,1,1
uds,1,5,6
udy,6,5,11
udyy,0,1,1
ue,5,12,17
uea,3,2,5
uean,0,1,1
uearlier,0,1,1
ueat,1,1,2
ueba,0,1,1
uecker,0,1,1
ued,2,1,3
ueda,2,0,2
ueeah,1,0,1
uefa,5,5,10
uehara,1,0,1
uel,0,1,1
uenak,0,1,1
ueno,1,0,1
uenta,0,1,1
uerj,2,0,2
uerjs,1,0,1
uerm,0,1,1
ues,0,2,2
uesd,1,0,1
uesday,0,1,1
uesless,0,1,1
uest,2,0,2
uesterday,0,2,2
uestlove,0,1,1
uewfc,1,0,1
uf,18,10,28
ufa,1,0,1
ufc,76,70,146
ufcked,1,0,1
ufcundisputed,0,1,1
ufd,1,0,1
ufe,1,0,1
ufer,0,1,1
ufes,0,1,1
ufest,1,1,2
uff,37,22,59
uffa,1,0,1
uffda,1,0,1
ufff,10,8,18
uffff,2,3,5
ufffff,2,0,2
ufffffff,2,0,2
uffffffff,2,1,3
ufffffffffff,1,1,2
ufffffffffffffffff,1,0,1
ufffft,2,0,2
uffft,1,0,1
uffgh,1,0,1
uffi,0,1,1
uffie,2,3,5
uffizi,0,1,1
ufft,2,1,3
ufgh,1,0,1
ufies,0,1,1
ufjfldl,1,0,1
ufl,1,0,1
ufm,0,1,1
ufn,0,1,1
ufo,11,15,26
ufone,2,0,2
ufortunately,1,0,1
ufos,3,3,6
ufp,0,1,1
ufragtv,0,1,1
ufs,1,0,1
uft,3,3,6
ufta,0,1,1
uftradiochat,0,1,1
ufxc,0,1,1
ug,41,10,51
uga,6,4,10
ugali,1,0,1
ugam,1,0,1
ugama,1,0,1
uganda,6,13,19
ugandan,0,2,2
uganimu,0,1,1
uganwanna,0,1,1
ugas,1,0,1
ugboots,0,1,1
ugc,3,1,4
ugd,1,0,1
uge,1,0,1
ugegegegeh,1,0,1
ugesh,0,1,1
ugfff,1,0,1
ugg,74,21,95
uggboots,1,0,1
uggc,1,0,1
uggd,0,1,1
uggers,1,0,1
uggg,35,5,40
ugggg,14,3,17
uggggg,6,1,7
ugggggg,3,2,5
uggggggg,2,0,2
ugggggggg,1,0,1
uggggggggg,1,0,1
ugggggggggg,2,0,2
ugggggggggggg,1,0,1
ugggggggggggggggggggggggggggggg,1,0,1
ugggggggggggggggggggggggh,1,0,1
uggggggggggggh,1,0,1
ugggggggggggghhhh,1,0,1
ugggggggggggh,1,0,1
ugggggggggh,2,0,2
uggggggggghhhh,1,0,1
uggggggggh,6,0,6
ugggggggghhhh,1,0,1
ugggggggh,1,0,1
uggggggghhhh,1,0,1
uggggggghhhhhh,1,0,1
uggggggh,2,0,2
ugggggghhhh,1,0,1
ugggggghhhhhhhhhhhh,1,0,1
ugggggh,15,1,16
uggggghh,2,0,2
uggggghhh,1,0,1
uggggghhhh,2,0,2
uggggghhhhh,1,0,1
uggggh,31,3,34
ugggghh,3,0,3
ugggghhh,12,1,13
ugggghhhh,8,0,8
ugggghhhhhh,2,0,2
ugggghhhhhhh,1,0,1
ugggh,71,6,77
uggghh,21,4,25
uggghhh,30,3,33
uggghhhh,14,0,14
uggghhhhh,7,1,8
uggghhhhhh,1,0,1
uggghhhhhhh,1,0,1
uggghhhhhhhh,1,0,1
uggghhhhhhhhh,1,0,1
uggghhhhhhhhhhhhhhhhhhhhhhhhhhhhhhhhhhhhhhhhhhhhhhhhhhhh,1,0,1
uggghhwosjebdowdn,1,0,1
ugggly,1,0,1
uggh,117,21,138
ugghaksdmkhsdasmd,1,0,1
uggherrrsss,1,0,1
ugghghguuugghhh,1,0,1
ugghgughghhguh,1,0,1
ugghh,74,4,78
ugghhh,60,8,68
ugghhhh,19,1,20
ugghhhhh,5,0,5
ugghhhhhh,3,1,4
ugghhhhhhh,1,0,1
ugghhhhhhhh,1,0,1
ugghi,1,0,1
ugghs,0,1,1
uggies,1,1,2
uggla,0,1,1
ugglis,0,1,1
ugglly,0,1,1
uggly,2,0,2
uggo,1,0,1
uggs,19,16,35
uggy,1,0,1
uggz,0,1,1
uggzzz,1,0,1
ugh,9056,998,10054
ughalug,0,1,1
ughers,2,0,2
ughettowhen,0,2,2
ughf,1,0,1
ughfasdfghji,1,0,1
ughfuck,1,0,1
ughgh,2,0,2
ughghgh,1,0,1
ughghghghghgh,1,0,1
ughghghghiehihwehgweiohrow,1,0,1
ughghh,1,0,1
ughghhghggh,1,0,1
ughghhh,1,0,1
ughgoddamnit,1,0,1
ughgoodnight,1,0,1
ughh,837,119,956
ughhdfkojdfklfadsj,1,0,1
ughhers,1,0,1
ughhghg,1,0,1
ughhghgh,1,0,1
ughhh,654,56,710
ughhhdklajnxdkwlkfjfb,1,0,1
ughhhfjskhdjsk,1,0,1
ughhhh,266,20,286
ughhhhh,111,12,123
ughhhhhh,45,2,47
ughhhhhhh,30,3,33
ughhhhhhhh,18,1,19
ughhhhhhhhh,15,2,17
ughhhhhhhhhh,3,1,4
ughhhhhhhhhhh,4,1,5
ughhhhhhhhhhhh,6,0,6
ughhhhhhhhhhhhh,5,0,5
ughhhhhhhhhhhhhh,1,0,1
ughhhhhhhhhhhhhhh,3,0,3
ughhhhhhhhhhhhhhhhhh,1,0,1
ughhhhhhhhhhhhhhhhhhhhhhhh,1,0,1
ughhhhhhhhhhhhhhhhhhhhhhhhhhhhh,1,0,1
ughhhhhhhhhhhhhhhhhhhhhhhhhhhhhhhhhhhhhhhh,1,0,1
ughhi,1,0,1
ughhjj,1,0,1
ughhw,1,0,1
ughhx,0,1,1
ughi,1,0,1
ughk,2,0,2
ughkkk,1,0,1
ughm,0,1,1
ughness,1,0,1
ughnn,1,0,1
ughs,4,0,4
ught,3,2,5
ughugh,1,0,1
ughughughugughughughu,1,0,1
ughughuguhguhghughhhhhhh,1,0,1
ughwork,1,0,1
ughy,1,0,1
ughz,1,0,1
ugialt,0,1,1
ugiy,1,0,1
ugk,0,2,2
ugl,1,0,1
uglat,0,1,1
uglee,0,1,1
uglier,10,5,15
uglies,1,5,6
ugliest,12,6,18
uglifying,0,1,1
uglii,1,0,1
ugliness,4,3,7
ugllyyy,1,0,1
ugly,771,289,1060
uglyassfileformat,0,1,1
uglyboy,1,1,2
uglycomments,1,0,1
uglycoyote,0,1,1
uglycreew,0,1,1
uglyest,0,2,2
uglyness,0,1,1
uglyonee,1,0,1
uglys,1,2,3
uglysuit,0,1,1
uglytimes,1,0,1
uglyy,1,2,3
ugm,1,2,3
ugma,2,1,3
ugmazing,1,0,1
ugmo,1,0,1
ugn,0,1,1
ugnayan,1,0,1
ugnh,0,1,1
ugo,2,4,6
ugobe,3,0,3
ugoin,1,0,1
ugoslov,0,1,1
ugotta,0,1,1
ugr,2,0,2
ugrade,1,0,1
ugrading,1,0,1
ugre,1,0,1
ugrent,1,0,1
ugrh,2,0,2
ugs,0,2,2
ugsmm,0,1,1
ugss,0,1,1
uguigkuygffjhfhjfhj,0,1,1
ugunsm,0,1,1
ugunti,0,1,1
uguugghghghhghghg,1,0,1
uguuuuuu,1,0,1
ugweee,1,0,1
ugz,1,0,1
uh,845,630,1475
uha,1,2,3
uhaeuheuhaue,2,0,2
uhal,1,0,1
uhall,0,1,1
uhasuhsdauhsa,1,0,1
uhauhauh,1,0,1
uhauhauha,0,1,1
uhauhauhauhuhauha,0,1,1
uhaul,9,4,13
uhaushauhsauhhsauh,0,1,1
uhave,1,0,1
uhb,0,1,1
uhc,1,0,1
uhdjfdfjkdsfhds,1,0,1
uhe,1,0,1
uhelp,1,0,1
uhf,3,2,5
uhg,47,12,59
uhgg,6,0,6
uhggg,1,2,3
uhggggg,2,0,2
uhgm,1,0,1
uhgthot,0,1,1
uhgugh,1,0,1
uhh,160,138,298
uhhg,3,1,4
uhhgg,1,0,1
uhhggg,3,0,3
uhhggghhhh,1,0,1
uhhh,123,71,194
uhhhahhha,1,0,1
uhhhdore,1,0,1
uhhhg,3,0,3
uhhhggg,1,0,1
uhhhh,49,21,70
uhhhhg,1,0,1
uhhhhh,18,6,24
uhhhhhh,12,3,15
uhhhhhhh,6,2,8
uhhhhhhhggghh,1,0,1
uhhhhhhhh,2,1,3
uhhhhhhhhh,5,2,7
uhhhhhhhhhh,2,1,3
uhhhhhhhhhhh,1,1,2
uhhhhhhhhhhhh,1,0,1
uhhhhhhhhhhhhhhhh,1,0,1
uhhhhhhhhhhhhhhhhg,1,0,1
uhhhhhhhhhhhhhhhhurghhhhhhhhhhhhhhbish,1,0,1
uhhhhhhhhhmmmmmmm,1,0,1
uhhhhhmmm,1,0,1
uhhhhm,1,0,1
uhhhhrr,1,0,1
uhhhm,2,2,4
uhhhmm,2,1,3
uhhhmmm,0,1,1
uhhhn,0,1,1
uhhhum,0,1,1
uhhhun,1,0,1
uhhm,2,6,8
uhhmazin,0,1,1
uhhmazing,0,1,1
uhhmm,1,2,3
uhhmmm,0,1,1
uhhmmmm,0,1,1
uhhu,0,1,1
uhhuhuhhuh,1,0,1
uhhuuh,2,0,2
uhigh,0,2,2
uhlhen,0,1,1
uhluh,1,0,1
uhm,102,164,266
uhmaaaazing,0,1,1
uhmaaazing,0,1,1
uhmayzinguh,1,0,1
uhmazin,0,1,1
uhmazing,0,2,2
uhmerica,0,1,1
uhmfm,1,0,1
uhmm,34,48,82
uhmmm,18,20,38
uhmmmm,5,2,7
uhmmmmm,1,0,1
uhmmmmmm,0,1,1
uhmmmmmmmm,1,0,1
uhmn,0,1,1
uhmygawddd,1,0,1
uhmz,0,1,1
uhmzrzz,0,1,1
uhn,0,1,1
uhnets,1,0,1
uhoh,37,9,46
uhohh,2,0,2
uhohhhh,1,0,1
uhohhhhhh,0,1,1
uhohs,1,0,1
uhoooh,1,0,1
uhp,5,2,7
uhpp,1,0,1
uhr,1,4,5
uhrhanda,0,1,1
uhrmmm,1,0,1
uhrny,0,1,1
uhs,3,2,5
uhsauhuh,0,1,1
uhse,0,1,1
uhsome,0,1,1
uht,2,2,4
uhtterly,0,1,1
uhu,6,6,12
uhual,1,0,1
uhuh,8,8,16
uhuhhhh,0,1,1
uhuhsauhsahsausa,0,1,1
uhuhu,2,1,3
uhuhuh,3,1,4
uhuhuhu,1,1,2
uhuhuhuh,0,1,1
uhuiii,0,14,14
uhuk,5,0,5
uhul,1,3,4
uhull,0,3,3
uhum,1,0,1
uhura,3,3,6
uhuru,0,1,1
uhuu,2,5,7
uhuul,0,1,1
uhuun,1,0,1
uhuuu,0,2,2
uhuuuls,0,1,1
uhuuuu,0,1,1
uhuuuuuuuu,0,1,1
uhuy,0,1,1
uhwhut,0,1,1
ui,73,95,168
uia,1,2,3
uiashiuahu,1,0,1
uiashiusa,0,1,1
uib,1,0,1
uic,2,1,3
uid,1,0,1
uids,1,0,1
uiftyfytdudxtcfjgvkyfytfdtyf,2,0,2
uihasuidhuiashduihausihduiahsuidhauisdh,1,0,1
uihauihauihiuah,0,1,1
uiii,0,2,2
uiiii,0,1,1
uiiiii,0,1,1
uiimage,0,1,1
uiio,3,0,3
uikeeeend,0,1,1
uikeyboardtypenumberpad,1,0,1
uikit,1,0,1
uikittools,1,0,1
uilleannpipes,0,1,1
uilos,1,0,1
uim,1,0,1
uimitor,0,1,1
uin,1,1,2
uinfair,1,0,1
uioeuaioeiou,1,0,1
uiowa,0,1,1
uip,1,0,1
uipiii,0,1,1
uiprerenderedicon,0,1,1
uiprogressview,1,0,1
uir,0,1,1
uis,2,1,3
uisd,1,0,1
uisge,0,1,1
uist,0,2,2
uit,1,6,7
uita,0,1,1
uitableview,1,0,1
uitasem,0,1,1
uitat,2,0,2
uitati,0,1,1
uitm,0,1,1
uitools,1,0,1
uitproberen,0,1,1
uitverkocht,1,0,1
uitzoeken,0,1,1
uiuc,0,1,1
uiuiui,0,1,1
uiview,0,1,1
uiviewcontroller,0,1,1
uiwebview,0,2,2
uj,0,1,1
ujala,1,0,1
ujan,3,2,5
ujang,0,1,1
uje,0,1,1
ujfm,1,0,1
ujgggc,1,0,1
ujhie,0,1,1
ujian,3,2,5
ujiann,1,0,1
ujiannya,0,1,1
ujkbsdkcvjn,1,0,1
ujmgkfl,1,0,1
ujong,0,1,1
ujorka,0,1,1
ujtgh,1,0,1
ujung,0,1,1
ujungujungnya,1,0,1
ujw,1,0,1
ujwers,1,0,1
uk,1487,1161,2648
uka,0,1,1
ukans,1,0,1
ukay,3,3,6
ukc,1,0,1
ukcisa,1,0,1
ukcny,1,0,1
ukcoldfusionpissup,0,1,1
uke,9,18,27
ukee,0,1,1
ukeep,1,0,1
ukelele,0,3,3
ukeleles,0,1,1
ukemi,1,1,2
ukepedia,0,1,1
uker,0,1,1
ukers,2,0,2
ukes,0,1,1
ukesa,1,0,1
ukescuba,3,0,3
uketwin,1,0,1
ukeunderground,0,1,1
ukey,0,1,1
ukflood,0,1,1
ukfurs,1,0,1
ukg,1,0,1
ukh,2,0,2
ukhols,0,1,1
uki,0,2,2
ukiah,1,2,3
ukie,0,2,2
uking,0,1,1
ukip,10,4,14
ukite,2,0,2
ukj,0,1,1
ukk,1,0,1
ukka,0,1,1
ukkhh,1,0,1
ukkkkk,0,1,1
ukko,0,1,1
uklondon,0,1,1
ukmsdn,0,1,1
ukno,1,0,1
uknova,1,0,1
uknow,2,0,2
uknowradio,2,0,2
uknowuliveinthehood,1,0,1
uknowwho,1,0,1
ukogmonkey,0,1,1
ukonnie,1,0,1
ukprt,0,1,1
ukpubs,1,1,2
ukr,0,2,2
ukrain,1,0,1
ukraine,13,13,26
ukrainian,7,10,17
ukrainians,0,1,1
ukranian,2,1,3
ukrds,2,0,2
ukrop,0,1,1
ukrops,0,1,1
ukrtelecom,0,1,1
uks,0,2,2
ukscitweetup,0,1,1
ukscriptwriter,0,1,1
uksg,1,0,1
uksoul,0,1,1
ukst,0,1,1
uktime,1,0,1
uktokyoite,0,1,1
uktop,0,1,1
uktrainsim,0,1,1
uktv,3,1,4
uku,0,1,1
ukulele,5,29,34
ukulukukukukukuk,0,1,1
ukumahame,0,1,1
ukunlimited,1,0,1
ukvmug,1,0,1
ukweather,1,0,1
uky,1,0,1
ukypag,1,0,1
ul,17,23,40
ulaanbaatar,0,1,1
ulah,1,1,2
ulala,0,1,1
ulam,2,0,2
ulan,9,5,14
ulang,2,3,5
ulangan,2,0,2
ulangtaun,0,1,1
ulata,0,1,1
ulater,0,1,1
ulb,1,0,1
ulca,1,0,1
ulcer,78,5,83
ulcerated,1,1,2
ulcerative,2,0,2
ulcerrrrrrrrrrrs,1,0,1
ulcers,40,2,42
ulck,0,1,1
ulcu,0,1,1
uld,7,5,12
ulda,1,0,1
uldis,0,1,1
uldnt,1,0,1
ulduar,19,14,33
ule,0,1,1
ulead,1,0,1
uleave,1,0,1
ulee,0,1,1
uleht,0,1,1
ulein,0,1,1
ulesray,0,1,1
ulet,3,6,9
ulf,0,1,1
ulg,0,2,2
ulgh,1,0,1
ulgy,0,1,1
ulheny,0,1,1
uli,3,9,12
uliana,1,0,1
ulike,2,0,2
ulil,1,0,1
ulimate,1,1,2
ulimited,0,1,1
ulis,1,0,1
ulise,0,1,1
ulises,0,1,1
ulisses,0,1,1
ulit,15,32,47
ulitmate,1,0,1
ulitmately,1,0,1
ulitmo,0,1,1
ulitn,0,1,1
ulja,0,1,1
uljhanoko,1,0,1
ulkona,0,1,1
ull,39,71,110
ulla,0,2,2
ulladulla,0,2,2
ullared,1,0,1
ulled,1,0,1
ulliel,0,2,2
ullo,0,1,1
ullu,2,0,2
ully,0,1,1
ulm,1,1,2
ulman,0,1,1
uln,1,0,1
ulna,1,0,1
ulnar,1,0,1
ulo,7,2,9
uloading,1,0,1
ulocks,1,0,1
ulol,1,0,1
ulondon,0,1,1
ulp,1,1,2
ulric,2,0,2
ulrich,1,1,2
ulrick,0,1,1
ulrik,0,1,1
ulrika,0,1,1
ulrike,1,0,1
uls,1,2,3
ulser,2,0,2
ulster,1,1,2
ult,1,2,3
ulta,4,6,10
ultamite,1,0,1
ultans,0,1,1
ultasound,1,1,2
ultd,1,0,1
ulterior,1,2,3
ulti,2,1,3
ultil,1,0,1
ultima,3,0,3
ultimae,0,1,1
ultimalove,0,1,1
ultimalte,0,1,1
ultimart,0,1,1
ultimas,1,0,1
ultimate,105,188,293
ultimatee,0,1,1
ultimatefoodie,1,0,1
ultimately,23,21,44
ultimatenileyfansite,0,1,1
ultimateselena,1,0,1
ultimatium,0,1,1
ultimatum,14,5,19
ultime,1,0,1
ultimele,0,1,1
ultimo,2,0,2
ultimos,1,0,1
ultimste,1,0,1
ultimul,1,0,1
ultra,62,67,129
ultrabeat,1,0,1
ultracatchy,0,1,1
ultracet,1,0,1
ultradeppressed,1,0,1
ultragrrrl,0,1,1
ultrahd,0,1,1
ultralight,0,2,2
ultralounge,1,0,1
ultram,1,0,1
ultraman,0,4,4
ultramarathon,1,0,1
ultramatic,1,0,1
ultramax,0,1,1
ultras,1,0,1
ultraschei,1,0,1
ultrascreen,0,1,1
ultrasexy,1,0,1
ultrasn,40,0,40
ultrasnow,1,0,1
ultrasound,26,16,42
ultrasounds,1,2,3
ultrassound,1,0,1
ultrasurf,0,1,1
ultrathin,0,1,1
ultraton,0,1,1
ultraviolence,1,1,2
ultraviolet,4,3,7
ultravox,0,2,2
ultreo,1,0,1
ultrsnow,1,0,1
ultun,1,0,1
ulu,5,3,8
ului,0,1,1
ulummmm,1,0,1
ulumnya,1,0,1
uluru,0,1,1
uluwatu,1,0,1
ulver,1,0,1
uly,1,0,1
ulyanin,1,0,1
ulyour,1,0,1
ulysses,3,8,11
um,503,708,1211
uma,9,21,30
umaalis,0,1,1
umac,1,0,1
umacq,1,0,1
umad,2,1,3
umaga,0,6,6
umah,1,0,1
umair,2,2,4
umak,0,1,1
umaku,1,0,1
umali,0,3,3
umalis,0,1,1
umangal,0,1,1
umap,1,0,1
umar,0,2,2
umarm,0,1,1
umarte,0,1,1
umas,0,1,1
umasa,0,1,1
umass,6,3,9
umaway,0,1,1
umb,2,6,8
umbc,1,1,2
umbelievably,0,1,1
umbella,1,0,1
umber,1,1,2
umberella,2,4,6
umberellaa,0,1,1
umberto,0,1,1
umbilical,2,1,3
umbles,0,1,1
umbp,1,0,1
umbra,1,0,1
umbracho,0,1,1
umbraco,8,6,14
umbrella,216,116,332
umbrellaless,1,0,1
umbrellas,23,9,32
umbrelllaaa,0,1,1
umbrelly,1,0,1
umbrellyyy,1,0,1
umbria,0,1,1
umbridge,3,1,4
umbries,0,1,1
umbro,1,0,1
umc,5,4,9
umcomfortable,1,0,1
umd,6,1,7
umds,2,0,2
ume,1,3,4
umeat,1,0,1
umeda,0,1,1
umefika,0,1,1
umekal,1,1,2
umemployed,1,0,1
umen,2,0,2
umenyi,0,3,3
umenyiora,1,0,1
umf,2,0,2
umg,1,2,3
umh,1,2,3
umhappy,1,0,1
umhh,2,0,2
umhm,0,1,1
umi,0,4,4
umiami,0,1,1
umichigan,1,0,1
umid,1,1,2
umie,1,2,3
umilag,0,1,1
uminaa,0,1,1
umineko,0,1,1
uminom,1,0,1
umitim,0,1,1
umj,1,0,1
umkraut,1,0,1
uml,3,1,4
umlaut,2,3,5
umlauts,1,0,1
umm,359,384,743
umma,12,6,18
ummaahhh,0,1,1
ummanywyobserve,1,0,1
ummarmungs,0,1,1
ummer,2,1,3
ummh,1,3,4
ummhmmm,0,1,1
umming,1,0,1
ummm,226,283,509
ummmkay,0,1,1
ummmm,63,57,120
ummmmhmmm,1,0,1
ummmmm,36,30,66
ummmmmm,7,2,9
ummmmmmm,4,3,7
ummmmmmmm,1,0,1
ummmmmmmmm,2,0,2
ummmmmmmmmm,1,0,1
ummmmmmmmmmmmm,0,1,1
ummmmmmmmmmmmmmm,1,0,1
ummmmmmmmms,1,0,1
ummmnnn,2,0,2
ummmph,1,0,1
ummmumm,0,1,1
ummprobably,1,0,1
umms,1,1,2
ummset,1,0,1
ummy,2,0,2
umn,1,0,1
umnn,0,1,1
umno,0,1,1
umoja,0,2,2
umong,0,1,1
umorul,0,1,1
ump,4,4,8
umpa,2,2,4
umped,1,0,1
umpf,0,1,1
umph,3,1,4
umphf,1,0,1
umphrey,1,0,1
umpire,3,1,4
umpireing,0,1,1
umpires,5,1,6
umpiring,0,1,1
umpkims,1,0,1
umployed,0,1,1
umps,1,0,1
umpteen,4,0,4
umpteenth,5,6,11
umptious,0,1,1
umpty,0,1,1
umr,0,1,1
umrah,1,1,2
ums,3,1,4
umsy,1,0,1
umteenth,2,0,2
umtil,1,0,1
umts,3,2,5
umtweeti,0,1,1
umufuke,1,0,1
umulan,4,4,8
umun,1,0,1
umur,1,2,3
umuulan,3,6,9
umuuwi,0,1,1
umuwi,2,0,2
umw,0,1,1
umwfa,1,0,1
umzug,1,1,2
un,351,331,682
una,14,36,50
unaa,0,1,1
unaas,0,1,1
unabashed,0,3,3
unabashedly,1,1,2
unable,324,44,368
unacceptable,32,6,38
unaccepted,1,0,1
unaccessable,1,0,1
unaccidently,1,0,1
unaccompanied,2,1,3
unaccomplished,4,0,4
unaccustomed,1,2,3
unachieved,0,1,1
unacknowledged,1,0,1
unactivatable,1,0,1
unactivated,4,0,4
unactive,2,0,2
unactivity,1,0,1
unadulterated,3,3,6
unadventure,1,0,1
unadventurous,0,1,1
unadvertised,0,1,1
unaenda,1,0,1
unaffected,2,1,3
unaffordable,4,1,5
unafraid,0,1,1
unagi,4,2,6
unahppy,1,0,1
unaided,1,0,1
unaids,0,1,1
unair,0,1,1
unairconditioned,1,0,1
unaired,2,1,3
unalarmed,1,0,1
unaligned,1,0,1
unallocated,1,0,1
unambiguously,1,0,1
unambitious,1,0,1
uname,1,0,1
unamed,1,0,1
unamerican,1,0,1
unamployment,1,0,1
unamusing,1,0,1
unan,0,2,2
unanderra,1,0,1
unang,0,2,2
unanimous,2,2,4
unanimously,1,1,2
unannounced,4,3,7
unanswerable,1,0,1
unanswered,9,3,12
unanticipated,1,0,1
unapologetic,0,1,1
unappealing,2,0,2
unappetising,1,0,1
unappetizing,2,1,3
unappreaciated,1,0,1
unappreciated,14,2,16
unappreciative,3,0,3
unapproachable,2,2,4
unappropriate,1,1,2
unapproved,2,0,2
unarchiving,2,0,2
unarguable,1,0,1
unarm,1,0,1
unarmed,1,1,2
unarnno,0,1,1
unarticulate,1,0,1
unas,1,1,2
unashamedly,0,2,2
unasked,1,0,1
unassembled,1,0,1
unassuageable,1,0,1
unassuming,1,2,3
unath,0,1,1
unathi,1,0,1
unattach,0,1,1
unattached,0,1,1
unattainable,4,6,10
unattended,11,5,16
unattending,1,0,1
unattentive,0,1,1
unattracted,1,0,1
unattractive,18,7,25
unatural,1,0,1
unaturally,0,1,1
unaustralian,1,1,2
unauthenticated,0,1,1
unauthorized,6,1,7
unavaiable,0,2,2
unavail,1,0,1
unavailability,1,1,2
unavailable,106,17,123
unavailble,1,0,1
unavaliable,1,0,1
unavoidable,11,4,15
unavoidably,1,1,2
unaware,14,10,24
unawares,2,2,4
unawesome,1,0,1
unbaked,0,1,1
unbalance,0,1,1
unbalanced,2,3,5
unbalancing,2,0,2
unballanced,1,0,1
unban,5,1,6
unbangable,1,0,1
unbanned,3,2,5
unbarable,1,0,1
unbareable,4,0,4
unbareably,1,0,1
unbearable,70,14,84
unbearably,8,4,12
unbeatable,3,3,6
unbeaten,2,2,4
unbecoming,0,2,2
unbeknownst,4,1,5
unbeknowst,0,1,1
unbeleivable,3,2,5
unbeleivably,1,1,2
unbelevably,1,0,1
unbeliebably,0,1,1
unbeliefs,0,1,1
unbelievabely,1,0,1
unbelievable,101,72,173
unbelievabley,3,0,3
unbelievably,82,36,118
unbelieve,0,1,1
unbelieveable,11,3,14
unbelieveably,5,1,6
unbelievebal,0,1,1
unbelieveble,3,2,5
unbelievers,1,1,2
unbelivable,2,3,5
unbelivably,1,0,1
unbeliveable,1,0,1
unbeliveably,1,0,1
unbelivebal,1,0,1
unbelivebaly,1,0,1
unbeliveble,1,0,1
unbelivibly,0,1,1
unbeloved,1,0,1
unberlivable,1,0,1
unbeta,2,1,3
unbiased,7,4,11
unbidden,0,1,1
unbigups,0,1,1
unbind,0,1,1
unbiological,0,1,1
unbirthday,2,6,8
unbknown,1,0,1
unblah,0,1,1
unbleached,0,1,1
unblessed,1,0,1
unblock,15,7,22
unblocked,8,12,20
unblocker,0,1,1
unblocking,0,3,3
unblocks,1,0,1
unblurring,1,0,1
unboard,1,0,1
unbolt,1,0,1
unbootable,3,0,3
unbore,1,0,1
unboring,0,1,1
unborn,13,9,22
unbornn,1,0,1
unbothered,1,0,1
unbound,2,3,5
unbox,2,1,3
unboxed,2,1,3
unboxing,6,16,22
unbranded,0,1,1
unbreakable,2,7,9
unbricked,1,0,1
unbricking,0,1,1
unbridled,0,3,3
unbroke,3,5,8
unbroken,3,2,5
unbrokers,0,1,1
unbroketv,0,2,2
unbundled,2,0,2
unbuntu,2,0,2
unburied,0,1,1
unburnable,1,0,1
unburnt,1,0,1
unbusy,2,1,3
unc,19,29,48
unca,1,0,1
uncalled,15,3,18
uncanney,0,1,1
uncannies,1,0,1
uncanniness,1,0,1
uncanny,4,7,11
uncapable,1,0,1
uncapped,5,3,8
uncapping,1,0,1
uncaps,1,0,1
uncared,1,0,1
uncaring,2,0,2
uncashed,1,0,1
uncatered,1,0,1
uncaught,2,1,3
uncc,0,2,2
unce,0,2,2
unced,0,1,1
uncelebrated,1,0,1
uncensored,0,8,8
unceremoniously,0,1,1
unceremoniuosly,0,1,1
uncertain,14,5,19
uncertainity,0,1,1
uncertainly,1,0,1
uncertainties,2,2,4
uncertainty,7,2,9
uncertainy,0,1,1
uncg,1,1,2
unch,0,1,1
unchain,0,1,1
unchained,2,5,7
unchangeable,1,0,1
unchanged,2,1,3
unchanging,0,1,1
uncharacteristic,1,0,1
uncharacteristically,1,1,2
uncharged,4,0,4
uncharismatic,1,0,1
uncharted,55,37,92
uncheck,2,1,3
unchecked,1,0,1
uncivilized,1,0,1
unclaimed,1,1,2
unclarity,0,1,1
unclass,1,0,1
unclassified,1,0,1
unclassy,1,2,3
uncle,447,378,825
unclean,4,1,5
unclear,8,4,12
uncled,0,1,1
uncledeejokay,0,1,1
uncleeee,0,1,1
unclehood,0,1,1
unclenya,0,1,1
unclerush,0,1,1
uncles,50,44,94
unclever,1,0,1
unclez,1,0,1
unclickable,1,0,1
unclip,2,0,2
unclipped,1,0,1
unclog,1,3,4
unclogged,1,0,1
unclogging,1,0,1
unclosed,0,1,1
uncls,1,0,1
uncluttered,2,1,3
unco,4,4,8
uncoditionel,0,1,1
uncomfertable,2,0,2
uncomforable,2,0,2
uncomfort,1,0,1
uncomfortable,204,39,243
uncomfortableeeee,1,0,1
uncomfortableness,1,0,1
uncomfortably,17,2,19
uncomftorble,1,0,1
uncomfy,14,2,16
uncomment,0,1,1
uncommon,7,6,13
uncommonly,0,1,1
uncommons,1,0,1
uncompassionate,1,0,1
uncompetitive,2,0,2
uncompfortable,1,0,1
uncompiled,0,1,1
uncomplete,0,1,1
uncompleted,1,0,1
uncomplicated,0,2,2
uncompress,1,0,1
uncompressed,1,0,1
uncon,1,0,1
unconcentratedly,0,1,1
unconcerned,0,1,1
unconcious,3,1,4
unconciously,0,1,1
unconciousnesses,1,0,1
unconditional,4,13,17
unconditionally,2,12,14
unconditioning,0,1,1
unconditonally,1,0,1
unconf,1,4,5
unconference,2,3,5
unconferences,0,1,1
unconfined,1,0,1
unconfirmed,5,0,5
unconformed,1,0,1
unconfortable,2,1,3
unconfused,0,1,1
uncongjugated,1,0,1
unconnected,3,0,3
unconscionably,1,0,1
unconscious,13,5,18
unconsciously,0,2,2
unconsious,1,0,1
unconstitutional,1,0,1
unconstructive,1,0,1
uncontracted,1,0,1
uncontrolable,2,0,2
uncontrolablly,1,0,1
uncontrolably,0,1,1
uncontrollabe,2,0,2
uncontrollable,11,4,15
uncontrollably,11,9,20
uncontrolled,3,1,4
unconvention,0,6,6
unconventional,1,2,3
unconvinced,0,1,1
unconvincing,1,0,1
uncooked,5,3,8
uncool,71,17,88
uncoolness,0,2,2
uncoool,1,0,1
uncoooool,1,0,1
uncooperative,7,1,8
uncoordinated,4,3,7
uncoordinatedness,1,0,1
uncooth,1,0,1
uncork,0,2,2
uncorked,1,0,1
uncorking,0,1,1
uncorrupted,1,0,1
uncountable,1,2,3
uncouth,2,1,3
uncover,2,1,3
uncovered,2,10,12
uncovering,1,3,4
uncovrerted,0,1,1
uncrackable,0,1,1
uncrash,1,0,1
uncrashes,0,1,1
uncrate,1,0,1
uncreative,2,0,2
uncredited,2,1,3
uncropped,0,1,1
uncross,0,5,5
uncrowded,1,0,1
uncrustable,0,1,1
uncs,0,1,1
uncsa,0,1,1
uncubicled,5,1,6
uncultivated,1,1,2
uncultured,1,0,1
uncurable,3,0,3
uncushioned,1,0,1
uncustomizable,1,0,1
uncut,2,5,7
uncute,0,1,1
uncw,1,2,3
uncy,2,0,2
und,30,95,125
unda,5,3,8
undaground,0,1,1
undamaged,1,0,1
undang,1,3,4
undaries,0,1,1
undate,1,0,1
undaunted,0,1,1
unday,1,1,2
undc,1,1,2
unde,2,3,5
undead,18,24,42
undecided,19,7,26
undeciided,0,1,1
undeclinable,0,1,1
undeerstand,0,1,1
undefeatable,0,1,1
undefeated,4,13,17
undefinable,1,0,1
undefined,4,7,11
undeiced,1,0,1
undeletable,1,0,1
undelete,1,1,2
undeleted,1,0,1
undeletes,1,0,1
undeliverable,1,0,1
undelivered,1,0,1
undeniabely,1,0,1
undeniable,5,1,6
undeniably,0,3,3
undented,1,1,2
under,1579,1211,2790
underachieved,1,0,1
underachievement,0,2,2
underachiever,1,1,2
underage,20,15,35
underaged,3,1,4
underapound,0,3,3
underappreciate,1,0,1
underappreciated,5,3,8
underarm,3,1,4
underarms,1,2,3
underated,1,1,2
underbelly,7,8,15
underbench,1,0,1
underbite,1,0,1
underbody,0,1,1
underbog,1,0,1
underbrella,1,0,1
undercard,0,1,1
undercards,0,1,1
undercarriage,0,1,1
undercharged,0,1,1
underclassmen,2,1,3
underclothed,1,0,1
underco,0,1,1
underconstruction,1,2,3
undercooked,2,2,4
undercover,11,13,24
undercroft,0,3,3
undercurrent,0,1,1
undercut,0,1,1
undercutting,1,0,1
underdawg,1,1,2
underdeveloped,3,0,3
underdiagnosed,1,0,1
underdigg,0,1,1
underdog,8,25,33
underdogs,0,11,11
underdrawn,1,0,1
underdressed,0,3,3
underdrome,2,0,2
underdstand,0,1,1
underdye,1,0,1
undereducated,1,0,1
underenthused,1,0,1
underestand,1,0,1
underestimate,10,33,43
underestimated,11,8,19
underestimates,2,1,3
underestimating,1,1,2
underestimation,1,1,2
underexaggerating,1,0,1
underexcited,1,0,1
underexposed,1,1,2
underextended,0,1,1
undereye,1,0,1
underfed,1,0,1
underfloor,1,0,1
underfoot,2,3,5
underfull,0,1,1
undergaged,0,1,1
undergarment,0,1,1
undergarments,3,2,5
underget,0,1,1
undergo,3,0,3
undergoes,2,1,3
undergoing,19,5,24
undergone,3,3,6
undergrad,17,13,30
undergrads,5,1,6
undergraduate,6,4,10
undergraduatedegrees,0,1,1
underground,42,53,95
undergrowth,1,0,1
underhand,0,2,2
underhanded,3,0,3
underhouse,1,0,1
underhydration,1,0,1
underjaw,1,0,1
underlife,0,1,1
underline,0,5,5
underlined,1,2,3
underling,1,0,1
underlings,0,1,1
underlip,1,0,1
underload,1,1,2
underloved,1,0,1
underlying,7,2,9
undermine,1,1,2
undermined,1,0,1
undermines,2,0,2
undermining,1,2,3
undern,0,1,1
underneath,61,66,127
underneeth,1,0,1
underneith,1,1,2
undernet,0,1,1
undernourished,0,2,2
underoath,7,2,9
underoos,1,1,2
underos,1,0,1
underpaid,10,2,12
underpants,4,10,14
underpar,0,1,1
underperformed,2,0,2
underperforming,2,0,2
underpinned,0,1,1
underplayed,1,1,2
underpowered,1,0,1
underpriveledged,1,0,1
underprogress,1,0,1
underrate,1,1,2
underrated,22,20,42
underrepresented,1,1,2
unders,0,4,4
undersand,1,0,1
undersanding,0,1,1
undersant,1,0,1
undersatand,1,0,1
undersatnd,1,1,2
underscore,3,9,12
underscored,1,0,1
underscores,2,3,5
underseat,1,0,1
underseen,0,1,1
undersexed,1,0,1
undershippd,1,0,1
undershirt,1,0,1
underside,7,1,8
undersit,0,1,1
undersized,0,1,1
understaaaaaaaaaaand,1,0,1
understabd,1,0,1
understad,0,1,1
understaffed,5,0,5
understan,2,0,2
understanable,1,0,1
understand,1757,1158,2915
understandable,33,57,90
understandableeeeeeee,1,0,1
understandably,4,0,4
understandd,1,0,1
understanddd,1,0,1
understandddd,0,1,1
understandig,0,1,1
understandin,0,3,3
understanding,81,118,199
understandings,0,1,1
understandlol,1,0,1
understandng,0,1,1
understands,56,48,104
understandy,1,0,1
understant,0,1,1
understated,1,4,5
understatement,29,27,56
understating,0,1,1
understatment,0,4,4
understeer,0,1,1
understimulated,1,0,1
understnad,1,0,1
understnd,0,2,2
understood,85,98,183
understory,0,1,1
understsnd,1,0,1
understudies,0,1,1
understudy,7,4,11
undertake,0,1,1
undertaken,0,1,1
undertaker,2,4,6
undertaking,2,2,4
undertakings,0,2,2
undertame,1,0,1
undertand,7,0,7
undertanding,1,0,1
undertone,1,2,3
undertones,1,6,7
undertook,0,2,2
undertsand,2,1,3
undertstand,1,0,1
underused,3,3,6
underutilized,0,1,1
underutilizes,0,1,1
undervalued,2,1,3
undervote,0,1,1
underware,0,2,2
underwater,18,18,36
underwaterworld,0,1,1
underway,15,30,45
underwayyyyyy,0,1,1
underwear,74,80,154
underwears,1,0,1
underweight,3,0,3
underwent,1,0,1
underwhelmed,9,2,11
underwhelming,7,2,9
underwieght,1,0,1
underwire,2,1,3
underwiredbrafail,1,0,1
underwires,1,0,1
underwood,14,18,32
underwoods,1,0,1
underwook,0,1,1
underworld,23,36,59
underworlds,0,1,1
underwriter,2,0,2
underwriting,1,0,1
underwurlde,0,1,1
underxeperienced,1,0,1
underxposed,1,0,1
undescribable,4,3,7
undeserved,2,4,6
undeserving,2,3,5
undesirable,5,4,9
undesirables,1,1,2
undestand,3,3,6
undestands,1,0,1
undesteand,1,0,1
undestood,0,1,1
undetermined,2,1,3
undeterred,1,0,1
undevan,0,1,1
undeveloped,2,2,4
undeway,1,0,1
undewear,0,1,1
undgerground,0,1,1
undi,1,0,1
undiagnosed,1,0,1
undialate,1,0,1
undicided,1,0,1
undid,1,0,1
undie,6,4,10
undies,27,35,62
undiess,0,1,1
undiet,0,1,1
undigestable,1,0,1
undigested,1,0,1
undiluted,0,1,1
undirty,0,1,1
undisclosed,3,3,6
undisco,1,0,1
undiscoverd,1,0,1
undiscovered,1,5,6
undiscribable,1,0,1
undiserving,1,0,1
undisputed,7,14,21
undistracting,0,1,1
undisturbed,0,2,2
undisturbing,0,1,1
undivided,0,3,3
undo,21,8,29
undocked,0,1,1
undocumented,3,0,3
undoes,1,0,1
undoing,10,2,12
undomestic,1,0,1
undomesticated,0,1,1
undone,23,10,33
undoubtably,2,0,2
undoubtedly,6,8,14
undoubtly,0,1,1
undr,0,3,3
undrage,1,0,1
undramatic,1,0,1
undrank,1,0,1
undregraduate,0,1,1
undress,2,2,4
undressable,1,0,1
undressed,4,0,4
undressing,3,2,5
undrpd,1,0,1
undrstand,4,0,4
undrstnd,5,0,5
undrunk,1,0,1
undrwtr,1,0,1
unds,0,1,1
undserstandable,1,0,1
undsoooo,0,1,1
undstd,0,1,1
undu,1,1,2
undue,1,1,2
undyed,0,1,1
undying,6,6,12
une,12,12,24
unearth,1,4,5
unearthed,0,2,2
unearthing,0,1,1
unearthly,2,1,3
uneasiness,1,0,1
uneasy,23,6,29
uneat,1,0,1
uneaten,1,1,2
unebooting,1,0,1
unecessary,3,2,5
unecheduled,0,1,1
uneconomical,1,0,1
unecrypted,0,1,1
unedited,3,5,8
uneditted,0,1,1
uneducated,6,3,9
uneducation,0,1,1
unedumacated,1,0,1
uneek,0,1,1
uneffective,1,0,1
unefficency,1,0,1
uneggsaladed,1,0,1
unei,0,1,1
unelected,1,0,1
unem,1,0,1
unembarrassed,0,1,1
unemotionally,1,0,1
unemp,1,1,2
unemployable,2,1,3
unemployd,0,1,1
unemployed,124,45,169
unemployedness,1,1,2
unemployeed,2,0,2
unemployment,69,23,92
unemploymet,1,0,1
unempolyed,1,0,1
unempowerment,1,0,1
unenchanting,0,1,1
unencrypted,0,1,1
unending,2,1,3
unenjoyable,3,0,3
unenriching,1,0,1
unentertained,1,0,1
unenthuisiastic,1,0,1
unenthusastic,1,0,1
unenthused,1,0,1
unenviably,0,1,1
unep,0,1,1
uneployed,1,0,1
unequal,1,0,1
unequally,1,0,1
unequivocal,0,1,1
unequivocally,1,2,3
uner,2,0,2
unessential,0,2,2
unetbootin,1,1,2
unethical,1,2,3
unethnical,1,0,1
uneven,17,2,19
uneventful,21,33,54
uneventfull,2,1,3
uneventfulness,1,0,1
unews,1,0,1
unexamined,0,1,1
unexcited,4,0,4
unexciting,6,1,7
unexpect,0,1,1
unexpectadly,1,0,1
unexpectd,1,0,1
unexpected,111,141,252
unexpecteddd,0,1,1
unexpectedly,40,10,50
unexpectedness,0,1,1
unexpecting,0,2,2
unexpectly,0,1,1
unexpeded,1,0,1
unexperienced,1,0,1
unexplainable,2,3,5
unexplainably,2,2,4
unexplained,6,4,10
unexplored,1,1,2
unexpressed,1,0,1
unf,8,7,15
unfaaaaiiiirrrr,1,0,1
unfaaaaiiirr,1,0,1
unfaaaair,1,0,1
unfabulous,1,8,9
unfaiiiiir,1,0,1
unfailing,0,12,12
unfair,438,34,472
unfaire,1,1,2
unfairly,4,1,5
unfairness,1,0,1
unfairrrrrr,1,0,1
unfairur,1,0,1
unfaithful,5,5,10
unfaithfully,0,1,1
unfalafel,1,0,1
unfamiliar,3,10,13
unfamiliars,0,1,1
unfamouschris,0,1,1
unfare,1,0,1
unfashionable,1,1,2
unfasten,0,1,1
unfat,0,1,1
unfathomable,1,2,3
unfaved,1,0,1
unfavorite,0,1,1
unfavourably,1,0,1
unfear,2,0,2
unfeasibly,0,1,1
unfeature,1,0,1
unfertility,0,1,1
unfestive,1,0,1
unfettered,1,0,1
unff,2,1,3
unfghhh,1,0,1
unfhales,1,0,1
unfiled,1,0,1
unfill,1,0,1
unfilling,1,0,1
unfiltered,0,2,2
unfindable,2,0,2
unfing,1,0,1
unfinish,1,1,2
unfinishable,1,0,1
unfinished,38,19,57
unfiortunately,1,0,1
unfirom,1,0,1
unfit,19,6,25
unfitt,1,0,1
unfitttt,1,0,1
unfixable,0,2,2
unfixed,3,0,3
unfizzy,1,0,1
unflappable,1,0,1
unflat,1,0,1
unflattering,4,2,6
unfllw,1,0,1
unfocus,0,1,1
unfocused,5,3,8
unfocusing,0,1,1
unfold,3,14,17
unfolded,2,1,3
unfolding,5,5,10
unfolds,0,7,7
unfolliwing,1,0,1
unfollow,202,182,384
unfollowanyonewho,0,1,1
unfollowanyonewhoisfollowingoprahcampaign,0,1,1
unfollowcweb,0,1,1
unfollowdiddy,13,20,33
unfollowdwight,1,0,1
unfollowdwighthoward,1,0,1
unfolloweando,0,1,1
unfollowed,140,61,201
unfolloweees,1,0,1
unfollower,0,1,1
unfollowers,4,3,7
unfollowfail,1,0,1
unfollowfakerparis,1,0,1
unfollowfriday,1,3,4
unfollowfridays,0,1,1
unfollowin,1,0,1
unfollowing,67,38,105
unfollowings,1,0,1
unfollowmonday,0,1,1
unfollowperezhilton,2,1,3
unfollows,11,2,13
unfollowsunday,0,4,4
unfollwed,1,0,1
unfolowed,0,1,1
unfor,1,0,1
unforced,1,0,1
unforcenatly,1,0,1
unforch,6,3,9
unforchantly,1,0,1
unforeseen,5,0,5
unforetunately,1,0,1
unforgetable,0,9,9
unforgettable,10,25,35
unforgettablee,0,1,1
unforgettbale,1,0,1
unforgivable,7,6,13
unforgivably,1,0,1
unforgiveable,3,0,3
unforgiven,1,1,2
unforgiving,7,2,9
unformat,1,0,1
unfornately,2,0,2
unfornuately,0,1,1
unforseen,3,1,4
unforshenetlee,1,0,1
unfort,26,6,32
unfortanally,1,0,1
unfortantly,1,0,1
unfortately,2,0,2
unfortauntely,1,0,1
unfortch,7,0,7
unfortenately,2,0,2
unfortetable,1,0,1
unfortinate,0,1,1
unfortinately,1,0,1
unfortinatly,1,0,1
unfortnately,2,0,2
unfortnetly,1,0,1
unfortu,0,1,1
unfortuanately,1,0,1
unfortuanatley,1,0,1
unfortuanlty,1,0,1
unfortuantelly,1,0,1
unfortuantely,5,0,5
unfortuantley,1,0,1
unfortuantly,5,0,5
unfortuate,1,0,1
unfortuately,3,1,4
unfortuatley,1,0,1
unfortuatly,1,0,1
unfortuenetly,1,0,1
unfortuently,1,0,1
unfortuinately,0,1,1
unfortunaely,1,0,1
unfortunaley,1,0,1
unfortunally,12,0,12
unfortunalty,1,1,2
unfortunaly,1,0,1
unfortunamente,1,0,1
unfortunantly,1,0,1
unfortunate,187,37,224
unfortunateelllyy,1,0,1
unfortunatelly,9,4,13
unfortunately,2790,306,3096
unfortunates,1,0,1
unfortunatey,2,0,2
unfortunatley,32,4,36
unfortunatlly,0,1,1
unfortunatly,120,13,133
unfortunbately,1,0,1
unfortundately,1,0,1
unfortune,1,0,1
unfortuneately,2,0,2
unfortuneatly,3,1,4
unfortunelately,1,0,1
unfortunely,2,0,2
unfortunetly,25,0,25
unfortunitly,1,0,1
unfortunity,1,0,1
unfortunly,1,0,1
unfortuntately,1,0,1
unfortuntley,1,0,1
unfortuntly,1,0,1
unforturnately,1,0,1
unforuantly,1,0,1
unforunately,6,0,6
unforutnately,1,0,1
unforward,1,0,1
unforyunately,1,0,1
unfotunately,5,0,5
unfound,1,1,2
unfounded,2,0,2
unfourtanately,1,0,1
unfourtanetly,1,0,1
unfourtantly,1,0,1
unfourtnately,1,0,1
unfourtnatley,1,0,1
unfourtunately,2,0,2
unfourtunatly,1,0,1
unfreeze,3,2,5
unfreezed,0,1,1
unfrenly,1,0,1
unfried,0,1,1
unfriend,1,1,2
unfriended,5,2,7
unfriending,0,1,1
unfriendly,9,6,15
unfrotunately,1,0,1
unfroutnlty,1,0,1
unfrozen,2,1,3
unfrtntly,1,0,1
unfrtunately,1,0,1
unfrtunatly,0,1,1
unfruitful,2,0,2
unftly,1,0,1
unfuilded,1,0,1
unfulfilled,6,1,7
unfulfilling,3,0,3
unfull,1,0,1
unfullowed,1,0,1
unfun,16,0,16
unfunded,1,1,2
unfunny,1,4,5
unfurl,0,2,2
unfurled,0,1,1
unfurnished,1,0,1
unfurtiunatly,1,0,1
unfurtunately,1,0,1
unfussed,1,0,1
unfuturas,0,1,1
unfuzzy,0,1,1
ung,31,34,65
unge,1,0,1
ungeduld,0,1,1
ungeeky,1,0,1
ungentlemanly,1,0,1
ungently,1,0,1
unges,0,1,1
ungh,7,2,9
ungkapan,0,1,1
unglam,3,0,3
unglamorous,0,1,1
unglaublich,1,1,2
unglazed,1,0,1
unglued,0,1,1
ungly,1,1,2
ungodly,23,14,37
ungood,4,0,4
ungoro,1,0,1
ungover,0,1,1
ungraceful,0,1,1
ungracious,1,0,1
ungrade,1,0,1
ungraded,1,0,1
ungrateful,10,9,19
ungratefull,3,0,3
ungreased,0,1,1
ungreen,1,1,2
unground,1,0,1
ungrounded,7,6,13
ungrumpy,1,0,1
ungry,2,0,2
unguarded,0,2,2
unguided,0,2,2
unguilded,1,0,1
unh,1,3,4
unha,1,0,1
unhacked,2,0,2
unhallowed,0,1,1
unhand,0,1,1
unhangoveritse,0,1,1
unhappier,0,1,1
unhappiest,1,0,1
unhappily,4,0,4
unhappiness,4,1,5
unhappppyy,1,0,1
unhappy,315,27,342
unhapy,1,0,1
unharmed,2,2,4
unharmful,0,1,1
unhas,0,1,1
unhawnda,1,0,1
unhcr,1,0,1
unhealed,1,0,1
unhealth,1,0,1
unhealthiest,1,0,1
unhealthily,1,0,1
unhealthsome,0,1,1
unhealthy,62,42,104
unhearable,1,0,1
unheard,8,7,15
unhearted,1,0,1
unheavens,1,0,1
unhelpful,14,2,16
unherd,1,0,1
unhesitatingly,0,1,1
unhhh,0,1,1
unhhhhh,1,0,1
unhide,0,1,1
unhinged,0,5,5
unhinging,0,1,1
unhip,1,1,2
unholy,5,6,11
unhomoibi,0,1,1
unhook,2,1,3
unhooked,2,2,4
unhooking,0,1,1
unhuh,0,1,1
unhurried,0,1,1
unhurt,1,2,3
unhygenic,0,1,1
uni,788,403,1191
unibersidad,0,1,1
unibet,0,1,1
uniblue,0,1,1
unibody,7,6,13
unibomber,0,1,1
uniboob,1,0,1
unibroue,0,1,1
unibrow,3,0,3
unibrowy,0,1,1
unica,0,1,1
unicamp,0,1,1
unicef,3,2,5
uniclub,1,0,1
unico,1,0,1
unicode,13,5,18
unicom,0,1,1
uniconverter,1,0,1
unicorn,30,39,69
unicorngod,0,1,1
unicornnn,0,1,1
unicorns,10,21,31
unicron,0,1,1
unicum,0,1,1
unicurd,0,1,1
unicycle,3,3,6
unicycling,1,0,1
unidentifiable,2,0,2
unidentified,4,5,9
uniface,1,0,1
unifest,1,0,1
uniffom,0,1,1
unification,1,2,3
unified,3,2,5
unifikace,1,0,1
uniflu,0,1,1
uniform,99,80,179
uniformed,2,0,2
uniforminty,0,1,1
uniformm,1,1,2
uniforms,20,35,55
unify,1,2,3
unigel,1,0,1
unighted,0,1,1
unignorable,0,1,1
unii,2,1,3
uniiiiii,0,1,1
uniiite,0,1,1
uniiverse,0,1,1
unil,1,1,2
unilateral,1,0,1
unilever,1,1,2
unilingual,1,1,2
unimaginable,5,0,5
unimaginably,2,0,2
unimaginative,1,1,2
unimagine,1,0,1
unimas,1,0,1
unimportant,12,6,18
unimpressed,23,5,28
unimpressive,6,1,7
uninform,1,0,1
uninformed,2,4,6
uninhabital,1,0,1
uninhibited,0,1,1
uninitiated,0,1,1
uninjured,1,1,2
unink,1,0,1
uninsipired,1,0,1
uninspirational,1,0,1
uninspired,25,3,28
uninspiring,4,3,7
uninstaling,1,0,1
uninstall,28,11,39
uninstalled,15,8,23
uninstaller,1,0,1
uninstalling,20,3,23
uninstallng,0,1,1
uninsured,4,0,4
unintelligible,2,0,2
unintelligibly,1,0,1
unintended,3,6,9
unintenionally,1,0,1
unintentionably,0,1,1
unintentional,9,9,18
unintentionally,22,5,27
unintenttally,1,0,1
uninterested,2,0,2
uninteresting,11,8,19
uninterrupted,3,9,12
uninterruptiveness,0,1,1
uninterupted,1,0,1
unintuitive,5,0,5
uninvent,1,1,2
uninvented,0,1,1
uninversity,0,1,1
uninvite,1,0,1
uninvited,23,30,53
uninvites,1,0,1
uniocorn,0,1,1
union,83,105,188
unionbank,1,0,1
uniondale,1,1,2
uniondesign,1,0,1
unions,3,3,6
unionsquarepark,1,0,1
unionville,0,1,1
unipd,1,0,1
uniprix,1,0,1
uniqe,1,1,2
uniqlo,5,4,9
uniqname,0,1,1
uniqqe,0,1,1
unique,47,189,236
uniquebeats,0,1,1
uniqueeeeeeeeee,1,0,1
uniqueip,0,1,1
uniquely,0,3,3
uniqueness,0,3,3
uniques,1,3,4
uniquestarpower,0,1,1
unironed,1,0,1
unis,5,2,7
uniservity,1,1,2
unisex,1,6,7
unisexicorns,1,0,1
unisom,3,1,4
unison,3,6,9
unisys,1,1,2
unit,161,96,257
unitard,0,1,1
unitarians,1,0,1
unite,43,87,130
united,178,185,363
unitedcenter,1,0,1
unitedd,1,0,1
uniteddogs,0,1,1
unitedfail,1,0,1
unitedmusic,1,0,1
unitedone,0,1,1
uniteds,0,1,1
unitedway,0,1,1
uniten,0,1,1
uniteresting,1,0,1
unites,1,3,4
unitil,1,1,2
uniting,0,5,5
unitl,6,3,9
unitli,1,0,1
units,48,31,79
unittest,0,2,2
unity,10,31,41
unityville,0,1,1
univ,16,14,30
univera,1,0,1
univerally,1,0,1
univercity,0,1,1
univerese,0,1,1
univeristity,0,1,1
univers,0,2,2
universal,69,91,160
universalis,1,0,1
universall,0,1,1
universally,5,3,8
universals,0,1,1
universalsports,1,0,1
universe,144,344,488
universes,0,4,4
universidad,0,2,2
universite,0,1,1
universities,16,7,23
universitis,1,0,1
universitiy,1,0,1
university,221,215,436
universitychic,0,1,1
universityofbumsonseats,0,1,1
universitys,1,0,1
universityyy,1,0,1
universityyyyyyyyyyyyyyyyyy,1,0,1
universo,0,1,1
universoul,2,1,3
universty,1,0,1
univesal,0,1,1
univesity,2,0,2
univewrse,0,1,1
univision,2,3,5
univited,0,1,1
uniwar,1,0,1
uniwork,2,0,2
uniworstity,1,0,1
unix,14,12,26
unixodbc,0,1,1
unizh,0,1,1
unjailbreak,1,0,1
unjailbroke,1,0,1
unjailbroken,3,1,4
unjazmynlike,1,0,1
unjoin,1,0,1
unjoined,0,1,1
unjust,9,1,10
unjustly,0,1,1
unk,4,1,5
unkeen,1,0,1
unkept,1,0,1
unkey,0,1,1
unkillable,1,0,1
unkind,7,2,9
unkissed,0,1,1
unkle,3,1,4
unklikely,1,0,1
unknow,1,1,2
unknowin,0,1,1
unknowing,3,2,5
unknowingly,6,1,7
unknown,109,60,169
unknowned,0,1,1
unknowns,1,3,4
unkown,3,1,4
unkutta,0,1,1
unlabeled,1,1,2
unlabelled,1,1,2
unlace,0,1,1
unlady,1,0,1
unladylike,1,0,1
unlatch,0,1,1
unlawful,0,1,1
unlawfully,0,1,1
unlaws,0,1,1
unlazied,1,0,1
unlce,3,0,3
unlces,1,0,1
unlchallenge,1,0,1
unld,0,1,1
unleaded,3,1,4
unleased,0,1,1
unleash,10,19,29
unleashd,0,1,1
unleashed,9,12,21
unleashes,1,2,3
unleashing,4,3,7
unles,3,1,4
unless,680,621,1301
unlessitsafarm,0,1,1
unlesss,2,0,2
unlessss,1,0,1
unlessyougetthelowest,0,1,1
unlevel,0,1,1
unleveled,0,1,1
unlg,0,1,1
unli,5,7,12
unlicensed,2,1,3
unlicking,1,0,1
unlike,118,107,225
unliked,2,1,3
unlikely,75,31,106
unlikly,0,1,1
unlimeted,1,0,1
unlimited,90,115,205
unlimitedfuunnn,0,1,1
unlinkable,1,0,1
unlinked,0,1,1
unlisted,0,2,2
unlisten,1,0,1
unlistenable,1,0,1
unlistened,0,1,1
unlit,1,0,1
unlitext,1,0,1
unlitxt,0,1,1
unlively,1,0,1
unliving,1,0,1
unllower,1,0,1
unlmited,0,1,1
unlmt,1,0,1
unload,13,17,30
unloaded,8,2,10
unloadin,1,0,1
unloading,19,4,23
unlock,82,19,101
unlockable,2,1,3
unlocked,47,46,93
unlocker,1,1,2
unlocking,14,6,20
unlocks,4,5,9
unlost,0,1,1
unlove,1,1,2
unloved,117,4,121
unltd,1,1,2
unltdworld,0,1,1
unltimate,1,0,1
unltras,1,0,1
unluckiest,1,0,1
unluckily,4,0,4
unluckiness,2,0,2
unlucky,114,30,144
unlv,1,1,2
unm,0,1,1
unmade,0,1,1
unmaintained,1,0,1
unmanageable,0,1,1
unmanned,3,0,3
unmap,1,0,1
unmarked,2,2,4
unmarketing,0,1,1
unmarried,3,2,5
unmask,1,0,1
unmasked,3,0,3
unmasking,0,1,1
unmatchable,2,0,2
unmatticus,1,0,1
unmature,1,0,1
unmeasurable,0,1,1
unmemorable,1,0,1
unmentionable,1,1,2
unmentionables,1,1,2
unmerited,0,1,1
unmess,1,0,1
unmetered,0,1,1
unmht,0,1,1
unmicrowavable,1,0,1
unmissable,1,2,3
unmistakeable,1,0,1
unmitigated,1,1,2
unmoderated,1,0,1
unmodified,0,1,1
unmolested,1,0,1
unmomolo,0,1,1
unmotivated,35,4,39
unmotivating,2,0,2
unmotivation,1,0,1
unmount,1,0,1
unmountable,0,1,1
unmoved,1,1,2
unmute,1,1,2
unmuted,1,0,1
unmyong,1,0,1
unna,1,0,1
unnacceptable,2,0,2
unnamed,4,8,12
unnatractive,1,0,1
unnatural,13,5,18
unnaturally,6,2,8
unnec,0,1,1
unnecassary,1,0,1
unneccecary,1,0,1
unneccessarily,1,0,1
unnecesary,0,1,1
unnecessarily,8,7,15
unnecessary,44,19,63
unnecissary,1,0,1
unneeded,1,3,4
unner,0,1,1
unnerstan,1,0,1
unnerve,1,0,1
unnerving,5,2,7
unnessercary,0,1,1
unnghtastic,1,0,1
unni,1,5,6
unnie,2,5,7
unnikrishnan,0,1,1
unnnnnnntouchable,1,0,1
unnno,0,1,1
unno,5,1,6
unnoticeable,0,1,1
unnoticed,8,7,15
unntil,1,0,1
unnu,1,0,1
unnuage,0,1,1
unny,2,0,2
uno,37,57,94
unobstructed,0,1,1
unobtrusive,1,1,2
unobvious,1,0,1
unobxing,1,0,1
unoccupied,1,0,1
unoe,1,0,1
unoeeee,0,1,1
unoffendable,0,1,1
unofficial,13,20,33
unofficially,7,8,15
unofrtunately,0,1,1
unopened,7,5,12
unopportunte,0,1,1
unor,0,1,1
unordered,1,0,1
unorganised,6,0,6
unorganized,6,3,9
unoriginal,8,4,12
unorthodox,2,2,4
unos,4,2,6
unoticed,0,1,1
unown,2,0,2
unpack,74,36,110
unpacked,34,28,62
unpacker,0,2,2
unpackin,3,3,6
unpacking,123,100,223
unpackingg,2,0,2
unpackn,1,0,1
unpad,1,1,2
unpadded,1,0,1
unpaid,23,9,32
unpainful,0,1,1
unpairing,1,0,1
unpakkin,0,1,1
unpalatable,0,1,1
unparalleled,0,4,4
unpardonable,0,1,1
unpassionately,1,0,1
unpassworded,0,1,1
unpasturized,1,0,1
unpatched,0,1,1
unpatient,0,3,3
unpause,1,1,2
unpaused,0,1,1
unpaved,1,1,2
unpc,0,1,1
unpeak,1,0,1
unperfect,1,0,1
unperturbed,2,0,2
unphased,0,1,1
unphotogenic,1,0,1
unpicking,0,1,1
unpicks,2,0,2
unpinches,0,1,1
unpl,1,0,1
unplaned,0,1,1
unplanned,7,13,20
unplayable,5,0,5
unplayably,1,0,1
unplayed,0,1,1
unpleasant,69,8,77
unpleasantly,6,0,6
unpleasantness,0,1,1
unpleased,1,0,1
unpleasent,5,0,5
unplesent,1,0,1
unpload,0,1,1
unplug,16,13,29
unpluged,2,0,2
unplugged,36,25,61
unplugging,5,6,11
unpne,0,1,1
unpolished,1,0,1
unpolite,0,1,1
unpoor,1,0,1
unpop,1,0,1
unpopulaire,1,0,1
unpopular,20,1,21
unpopularity,1,1,2
unpornrelated,0,1,1
unpossible,0,1,1
unpractical,1,0,1
unprayed,0,1,1
unprecedented,0,3,3
unprecidented,1,0,1
unpredicable,1,0,1
unpredictability,1,0,1
unpredictable,25,13,38
unpredictably,2,0,2
unpredictive,0,1,1
unpreductive,1,0,1
unprepared,34,5,39
unpretentious,0,1,1
unpretty,4,0,4
unprimal,1,0,1
unprintable,1,0,1
unprivate,1,0,1
unprivated,1,0,1
unprivileged,1,0,1
unpro,1,0,1
unprocessed,1,0,1
unproductive,64,32,96
unprofesional,0,1,1
unprofessional,9,4,13
unprogrammed,0,1,1
unprogressive,1,0,1
unpromising,0,1,1
unpronounceable,1,2,3
unproportional,1,0,1
unprotect,0,2,2
unprotected,6,5,11
unprovoked,2,0,2
unpublished,1,0,1
unpunished,6,2,8
unpure,1,0,1
unqualified,1,0,1
unquestionable,0,2,2
unquestionables,0,1,1
unquestionably,0,1,1
unquote,1,0,1
unr,1,1,2
unrar,2,0,2
unrarx,0,1,1
unrated,2,1,3
unrational,1,0,1
unravel,3,3,6
unraveled,1,0,1
unraveling,2,0,2
unravellin,1,0,1
unravelling,1,0,1
unreachable,14,4,18
unread,47,27,74
unreadable,6,1,7
unready,1,0,1
unreal,62,56,118
unrealesed,0,2,2
unrealistic,9,11,20
unrealisticly,0,1,1
unrealistisch,0,1,1
unrealizable,0,1,1
unrealized,1,1,2
unreall,1,0,1
unreason,0,1,1
unreasonable,15,2,17
unreasonably,3,0,3
unreblippable,1,0,1
unrecognisable,0,1,1
unrecognisableeee,0,1,1
unrecognised,1,0,1
unrecognizable,3,0,3
unrecognized,0,1,1
unrecoverable,1,1,2
unrecyclable,1,0,1
unrefreshed,1,0,1
unrefridgerated,1,0,1
unregister,1,0,1
unregistered,1,2,3
unregulated,0,1,1
unrehearsed,1,1,2
unrelated,25,16,41
unreleasable,0,1,1
unreleased,5,9,14
unrelenting,1,0,1
unreliability,1,0,1
unreliable,26,7,33
unremarkable,1,0,1
unrepairable,2,0,2
unrepeateable,0,1,1
unrepentant,1,1,2
unreplied,1,1,2
unrepresentative,0,1,1
unrequitable,0,1,1
unrequited,9,4,13
unreserved,0,1,1
unresolvable,1,0,1
unresolveable,1,0,1
unresolved,3,3,6
unresponsible,0,1,1
unresponsive,11,2,13
unrest,11,1,12
unrestful,2,0,2
unrestrained,0,1,1
unrestricted,1,0,1
unretirement,0,1,1
unreturned,1,0,1
unretweetable,0,1,1
unrevealed,0,1,1
unrewarded,1,0,1
unrewarding,1,0,1
unripe,2,1,3
unrivaled,0,1,1
unroadworthy,1,0,1
unroll,1,0,1
unromantic,2,0,2
unrooted,1,0,1
unrstand,0,1,1
unruly,4,4,8
uns,11,12,23
unsa,0,1,1
unsable,1,0,1
unsafe,12,1,13
unsaid,3,4,7
unsalted,2,2,4
unsalty,0,1,1
unsalvagable,2,0,2
unsalvageable,1,0,1
unsanctioned,1,1,2
unsanitary,2,0,2
unsanity,1,0,1
unsaon,1,0,1
unsated,1,0,1
unsatisfactory,2,1,3
unsatisfied,16,5,21
unsatisfying,16,0,16
unsatisified,2,0,2
unsatisying,1,0,1
unsaved,5,1,6
unsavory,3,0,3
unsavoury,1,0,1
unsavvy,1,0,1
unsble,2,0,2
unscarred,0,1,1
unscathed,5,5,10
unscented,1,0,1
unschedule,0,1,1
unscheduled,6,8,14
unschool,0,2,2
unschooling,0,3,3
unscientific,0,2,2
unscrambled,0,1,1
unscrew,2,0,2
unscrewed,3,1,4
unscrewing,1,0,1
unscripted,1,0,1
unscrupulous,2,0,2
unsdtweetup,0,5,5
unseal,1,0,1
unsealed,1,0,1
unsearchable,0,1,1
unseasonable,1,0,1
unseasonably,4,2,6
unseccessful,1,0,1
unsecure,1,0,1
unsecured,2,4,6
unsee,5,1,6
unseeded,2,0,2
unseemly,1,0,1
unseen,11,7,18
unseentv,1,0,1
unselfconscious,0,2,2
unselfish,1,1,2
unsellable,1,0,1
unsend,1,0,1
unser,1,0,1
unserer,0,1,1
unserved,1,0,1
unsettle,0,1,1
unsettled,12,3,15
unsettles,1,0,1
unsettling,11,2,13
unsettlingsaturday,1,0,1
unsexed,1,0,1
unsexi,1,0,1
unsexier,1,0,1
unsexy,2,2,4
unsexyness,1,0,1
unshaken,0,1,1
unshaped,1,0,1
unshared,1,0,1
unshaved,1,0,1
unshaven,1,0,1
unsheffield,3,1,4
unshiftable,1,0,1
unshowered,0,1,1
unsick,4,0,4
unsightly,2,0,2
unsigned,2,20,22
unsing,0,1,1
unsinkable,1,0,1
unskilled,0,1,1
unskippable,0,1,1
unsleepy,1,0,1
unsmiley,1,0,1
unsnuggled,1,0,1
unsober,0,1,1
unsociable,2,0,2
unsocial,4,0,4
unsocialable,1,1,2
unsocialized,0,1,1
unsoggy,0,1,1
unsoiled,0,1,1
unsold,3,1,4
unsolicited,2,14,16
unsolvable,1,0,1
unsolved,3,3,6
unsophisticated,0,1,1
unsore,2,0,2
unspammy,1,0,1
unspeakable,4,1,5
unspeakables,0,1,1
unspeakably,5,0,5
unspecial,2,0,2
unspecific,0,2,2
unspecified,1,0,1
unspired,0,1,1
unspoiled,3,1,4
unspoilt,0,1,1
unspoken,2,2,4
unsportsman,1,0,1
unsportsmanlike,1,0,1
unsr,0,1,1
unst,1,0,1
unstabilized,0,1,1
unstable,41,3,44
unstck,1,0,1
unsteady,2,1,3
unstirred,0,1,1
unstop,0,1,1
unstopable,1,0,1
unstoppable,9,17,26
unstoppableeeeeeeeee,0,1,1
unstraightened,2,2,4
unstructured,0,1,1
unstuck,1,2,3
unstyled,1,0,1
unsual,2,1,3
unsualess,1,0,1
unsuals,1,0,1
unsub,5,0,5
unsubbed,3,1,4
unsubbing,1,2,3
unsubcribe,1,0,1
unsubing,2,0,2
unsubs,1,0,1
unsubscribe,16,11,27
unsubscribed,7,3,10
unsubscribing,4,6,10
unsubscrive,0,1,1
unsubsidized,1,0,1
unsubtle,0,1,1
unsuccesful,3,2,5
unsuccessful,61,4,65
unsuccessfully,19,3,22
unsuccessfulness,0,1,1
unsucessful,7,0,7
unsucessfull,1,0,1
unsucessfully,1,0,1
unsuck,1,0,1
unsucked,0,1,1
unsucsessful,1,0,1
unsuitable,3,2,5
unsung,3,4,7
unsupervised,4,3,7
unsuported,1,0,1
unsupported,7,1,8
unsupportive,1,0,1
unsuprisingly,1,1,2
unsure,72,33,105
unsurmountable,1,0,1
unsurpassed,0,1,1
unsurprised,2,0,2
unsurprising,0,2,2
unsurprisingly,4,7,11
unsuscribe,0,1,1
unsuspected,0,1,1
unsuspecting,4,3,7
unsuspend,1,0,1
unsuspended,1,1,2
unsuspendhisgoldeneyes,6,2,8
unsustainable,2,0,2
unsuure,1,0,1
unsw,4,2,6
unsweet,1,0,1
unsweetened,3,5,8
unswell,0,1,1
unswoon,0,1,1
unsympathetic,2,0,2
unsync,3,0,3
unt,0,3,3
unta,3,1,4
untag,1,0,1
untagged,1,2,3
untahh,1,0,1
untainted,0,1,1
untalan,1,0,1
untalented,4,0,4
untalkative,0,1,1
untamed,4,4,8
untamedmenagerie,0,1,1
untangle,1,3,4
untangled,1,1,2
untangling,1,4,5
untapped,0,1,1
untasty,1,0,1
untaxed,0,1,1
untay,1,0,1
untd,1,0,1
unteachable,0,1,1
untechnical,0,1,1
unten,1,0,1
untenable,0,1,1
untenses,1,0,1
unter,0,5,5
unterst,0,1,1
unterstand,1,0,1
unterwegs,1,0,1
untested,2,1,3
untextable,0,1,1
untey,1,0,1
unthink,1,0,1
unthinkable,4,4,8
unthinking,3,1,4
unthle,2,0,2
unthreatening,1,0,1
unthrilling,1,0,1
unti,2,1,3
untidiness,1,0,1
untidy,7,0,7
untie,2,4,6
untied,2,1,3
untieing,0,1,1
untii,1,0,1
until,5940,3483,9423
untile,2,0,2
untili,1,0,1
untill,157,111,268
untilll,1,1,2
untiln,1,0,1
untils,1,0,1
untimely,16,0,16
untinkled,1,0,1
untired,1,2,3
untitled,2,12,14
untl,5,0,5
untli,0,1,1
untlil,0,1,1
untll,1,0,1
untng,0,1,1
unto,11,15,26
untoasted,0,3,3
untold,1,3,4
untorn,0,1,1
untouchable,8,16,24
untouchables,1,1,2
untouched,13,50,63
untouchet,0,1,1
untoward,1,2,3
untraceable,0,4,4
untranslatable,0,1,1
untried,1,0,1
untrue,17,3,20
untrust,0,1,1
untrusted,1,1,2
untrusting,1,0,1
untrustworthy,1,1,2
untuck,0,1,1
untuckem,0,1,1
untuk,7,7,14
untukku,1,0,1
untuned,1,1,2
untung,2,5,7
unturned,0,1,1
untweaked,1,0,1
untweeps,1,1,2
untweet,0,2,2
untweetable,1,0,1
untweeting,1,0,1
untwitted,1,0,1
untwitter,1,0,1
untwittered,1,0,1
untwitting,1,0,1
unty,0,2,2
untypical,1,0,1
unu,1,2,3
unuh,1,0,1
unul,0,1,1
ununsual,0,1,1
unusable,23,2,25
unusably,1,0,1
unusal,1,3,4
unuseable,1,0,1
unused,15,11,26
unuseful,1,0,1
unusefull,1,1,2
unussual,0,1,1
unusual,55,75,130
unusuall,0,1,1
unusualllll,1,0,1
unusually,14,13,27
unusualrainbow,1,0,1
unusuals,23,2,25
unuttuk,1,0,1
unvailing,0,1,1
unveil,0,7,7
unveiled,4,8,12
unveiling,1,9,10
unveils,1,2,3
unvelievably,1,0,1
unverified,0,1,1
unversity,0,1,1
unvi,1,0,1
unvibrate,1,0,1
unvieled,0,1,1
unviersal,0,1,1
unviewable,2,0,2
unviewed,1,0,1
unvisible,1,0,1
unvision,0,1,1
unvisted,1,0,1
unvle,0,1,1
unvoluntarily,1,0,1
unvoluntary,1,0,1
unwanted,41,15,56
unwanteds,1,0,1
unwar,0,1,1
unwarranted,1,0,1
unwarrented,1,0,1
unwashed,2,4,6
unwatchable,7,1,8
unwatched,2,3,5
unwated,2,0,2
unwavering,0,2,2
unwearable,1,0,1
unwed,0,1,1
unwelcome,4,1,5
unwelcomed,3,0,3
unwelcomingly,0,1,1
unwell,121,12,133
unwellll,1,0,1
unwi,1,0,1
unwieldy,3,0,3
unwigged,1,0,1
unwilling,8,2,10
unwillingly,3,1,4
unwillingness,1,0,1
unwind,22,31,53
unwinding,2,21,23
unwired,0,3,3
unwise,3,0,3
unwisely,0,1,1
unwittingly,2,1,3
unwitty,0,1,1
unworldly,1,0,1
unworn,0,1,1
unworthy,6,1,7
unwound,1,0,1
unwrap,1,1,2
unwrapped,6,8,14
unwrappedddd,0,1,1
unwrapping,2,1,3
unwritten,2,1,3
unyill,1,0,1
unyt,1,0,1
unyummy,0,1,1
unzela,1,0,1
unzip,6,3,9
unzipped,3,1,4
uo,25,13,38
uoale,0,1,1
uob,2,0,2
uof,1,0,1
uofa,0,3,3
uofl,2,3,5
uofs,1,0,1
uoft,0,3,3
uog,0,1,1
uogb,1,0,1
uoh,0,1,1
uol,1,2,3
uollts,1,1,2
uoloading,0,1,1
uon,1,0,1
uong,0,1,1
uonlike,0,1,1
uoo,0,1,1
uooh,1,1,2
uoooo,0,1,1
uoooohoooo,1,0,1
uop,0,1,1
uops,1,0,1
uor,1,0,1
uos,1,0,1
uosettin,1,0,1
uot,0,1,1
uottawa,1,0,1
uou,1,2,3
uow,1,0,1
uoy,0,2,2
uoyssimi,0,1,1
up,49786,41542,91328
upa,3,3,6
upaate,0,1,1
upack,1,1,2
upacking,1,0,1
upadates,1,0,1
upadted,0,1,1
upadtes,1,0,1
upah,1,0,1
upal,1,0,1
upand,0,1,1
upando,0,1,1
upar,1,0,1
upartist,0,1,1
upat,1,0,1
upate,1,2,3
upates,1,1,2
upbeat,14,37,51
upbhogta,1,0,1
upbraids,0,1,1
upbringing,2,5,7
upc,2,3,5
upcant,1,0,1
upcat,3,6,9
upcharge,1,1,2
upchuck,2,0,2
upchucked,2,0,2
upchucking,1,1,2
upchucks,1,0,1
upclose,1,3,4
upcomein,0,1,1
upcomi,1,0,1
upcomin,2,0,2
upcoming,98,200,298
upcomming,2,0,2
upcomng,1,0,1
upcount,0,1,1
upcountry,0,2,2
upcycle,1,0,1
upcycled,0,1,1
upd,2,10,12
updaaates,0,1,1
updage,1,0,1
updanay,1,0,1
updat,3,5,8
updatation,0,1,1
updatd,2,0,2
update,2503,1859,4362
updateable,1,0,1
updatecomeing,0,1,1
updated,570,700,1270
updatedb,1,0,1
updateddate,1,0,1
updateddd,1,0,1
updateddddd,1,0,1
updatee,1,2,3
updateee,0,4,4
updateeed,1,0,1
updateeeeeee,0,1,1
updateefinitely,1,0,1
updatefail,1,0,1
updateing,1,1,2
updatemytwitter,0,1,1
updaten,0,1,1
updater,5,6,11
updaters,2,0,2
updates,1280,1418,2698
updatesite,1,0,1
updatess,1,1,2
updatesss,3,1,4
updatessss,1,0,1
updatessssssssssssssssssssssssssssssssssssssssssssssss,0,1,1
updatesubscriber,1,0,1
updatewarning,1,0,1
updatez,2,0,2
updatin,3,2,5
updating,396,499,895
updatingffe,1,0,1
updatinggggggg,1,0,1
updatinq,0,2,2
updation,2,0,2
updats,1,0,1
updatuing,1,0,1
updaying,0,1,1
updgrade,1,0,1
updharma,0,1,1
updo,1,1,2
updos,1,0,1
updown,0,1,1
updt,1,1,2
updte,2,0,2
updward,0,1,1
upe,1,0,1
upearly,1,0,1
uped,0,1,1
upenn,1,0,1
uper,1,2,3
uperfectly,1,0,1
upf,1,0,1
upfest,0,3,3
upfield,1,0,1
upfront,3,7,10
upfronts,3,0,3
upgarde,1,0,1
upgradable,1,1,2
upgrade,654,197,851
upgradeable,2,2,4
upgraded,126,87,213
upgradeious,0,1,1
upgrader,0,1,1
upgraders,2,0,2
upgrades,40,35,75
upgrading,101,43,144
upgradted,1,0,1
upgrande,1,0,1
upgrated,0,1,1
upgrd,1,1,2
upgrdes,1,0,1
upgreade,1,0,1
uph,1,0,1
uphall,0,1,1
upheaval,0,1,1
upheave,0,1,1
upheavl,1,0,1
upheld,4,1,5
uphill,19,13,32
uphills,0,1,1
uphittin,0,1,1
uphold,2,2,4
upholding,1,0,1
upholsterers,1,0,1
upholstery,1,2,3
uphr,1,0,1
upi,1,0,1
upijam,0,1,1
upin,1,1,2
uping,1,0,1
upis,0,1,1
upjust,1,0,1
upkeep,1,4,5
upl,0,2,2
upland,3,1,4
uplanders,0,1,1
uplaod,3,0,3
uplate,0,1,1
uplb,0,2,2
uple,0,2,2
uplead,1,0,1
upliadint,0,1,1
uplifitng,0,1,1
uplift,1,8,9
uplifted,3,8,11
uplifter,2,16,18
uplifters,0,1,1
uplifting,12,46,58
uplifts,0,1,1
uplighter,1,0,1
uplink,1,0,1
uplinks,1,0,1
uplload,1,0,1
uploaaaaaaaaaaad,1,0,1
upload,1209,596,1805
uploadapiwithkey,0,1,1
uploadb,0,1,1
uploadd,1,2,3
uploadddd,0,1,1
uploade,1,0,1
uploaded,164,370,534
uploadem,1,0,1
uploader,21,5,26
uploadet,0,1,1
uploadez,1,0,1
uploadify,0,1,1
uploadin,5,9,14
uploadinf,1,0,1
uploading,259,519,778
uploadinggggg,1,0,1
uploadinng,0,1,1
uploadn,1,1,2
uploadr,6,0,6
uploads,31,19,50
uploadss,0,1,1
uploadz,0,1,1
uploaing,1,0,1
uplod,1,0,1
uplodaed,0,1,1
uplode,2,0,2
uploed,1,0,1
uploooaadd,0,1,1
upm,1,1,2
upma,0,1,1
upmarket,0,3,3
upmoviecameout,0,1,1
upmy,2,1,3
upn,0,1,1
upnkk,1,0,1
upnmy,0,1,1
upnor,0,1,1
upnorth,1,0,1
upnp,1,0,1
upo,2,0,2
upoad,0,1,1
upoading,1,0,1
upod,0,1,1
upolad,1,0,1
upon,161,197,358
uporabljam,0,1,1
uposted,1,0,1
upover,0,1,1
upp,70,91,161
uppa,0,2,2
uppachen,1,0,1
uppal,1,1,2
uppark,1,0,1
uppdateee,0,1,1
uppdates,0,2,2
upped,9,13,22
upper,117,68,185
upperbowl,1,0,1
uppercase,1,2,3
upperclassmen,3,1,4
uppercut,1,0,1
uppercuts,0,1,1
uppereastside,1,1,2
upperer,0,1,1
upperroom,0,1,1
uppers,1,3,4
uppertunities,0,1,1
upperville,1,0,1
uppi,0,1,1
uppie,1,1,2
uppieless,1,0,1
uppies,0,1,1
upping,5,3,8
uppity,2,0,2
uppiville,0,1,1
uppload,1,0,1
uppp,33,43,76
upppp,27,15,42
uppppp,7,15,22
upppppp,5,4,9
uppppppp,3,6,9
upppppppp,2,1,3
uppppppppp,0,1,1
upppppppppp,2,0,2
uppppppppppp,0,3,3
upppppppppppppppp,0,1,1
upppppps,0,1,1
uppps,1,0,1
upppss,1,0,1
upppy,1,0,1
upps,1,1,2
uppsala,0,2,2
uppset,1,0,1
uppy,6,0,6
upqq,0,1,1
upraded,0,1,1
uprava,1,0,1
uprgrade,2,0,2
upright,9,16,25
uprights,0,1,1
uprise,1,2,3
uprising,5,0,5
upriver,1,0,1
uprizing,0,1,1
uproar,3,3,6
uproot,0,1,1
uprooted,5,0,5
uprooting,1,1,2
ups,317,277,594
upsala,0,1,1
upsat,1,0,1
upsb,1,0,1
upscale,3,1,4
upscaling,2,0,2
upsdt,1,0,1
upsed,1,0,1
upseeeeet,1,0,1
upself,1,0,1
upsell,1,2,3
upselling,1,0,1
upselt,0,1,1
upses,1,0,1
upset,2517,216,2733
upsetimg,1,0,1
upseting,5,0,5
upsetiung,1,0,1
upsets,74,7,81
upsett,4,0,4
upsetted,2,2,4
upsetties,1,0,1
upsettin,3,0,3
upsetting,204,9,213
upsettinggg,1,0,1
upsettingly,1,0,1
upsettinq,1,0,1
upsettt,1,0,1
upsettting,1,0,1
upsetttt,2,0,2
upsety,1,0,1
upsetyou,1,0,1
upsfail,2,0,2
upshift,0,1,1
upshot,1,4,5
upsi,1,0,1
upside,153,156,309
upsidedown,5,1,6
upsidedowncatfish,1,0,1
upsides,1,1,2
upsidesown,1,0,1
upsiize,1,0,1
upsize,0,1,1
upskirt,0,1,1
upslope,1,0,1
upsome,1,0,1
upspeed,0,1,1
upss,1,1,2
upssessed,0,1,1
upsss,1,1,2
upssucks,1,0,1
upst,1,1,2
upstaged,1,1,2
upstaging,0,1,1
upstair,1,1,2
upstairs,169,86,255
upstaris,1,0,1
upstart,0,1,1
upstarten,1,0,1
upstarthr,0,1,1
upstarts,0,1,1
upstate,34,16,50
upstater,1,0,1
upstates,1,0,1
upsteting,0,1,1
upstirs,0,1,1
upstrairs,1,0,1
upstream,9,4,13
upstreet,1,1,2
upsturs,1,0,1
upswing,2,2,4
upsy,0,1,1
uptade,3,0,3
uptades,0,1,1
uptading,1,0,1
uptake,4,3,7
uptated,0,1,1
uptates,0,1,1
uptdate,1,0,1
uptempo,0,3,3
uptight,1,3,4
uptill,0,2,2
uptime,11,8,19
uptimes,0,1,1
upto,45,61,106
uptodate,3,1,4
uptoday,0,1,1
uptogether,1,0,1
upton,4,3,7
uptonogood,1,0,1
uptoo,1,2,3
uptop,1,1,2
uptown,30,41,71
uptownherolover,1,0,1
upturn,1,0,1
upturned,0,2,2
uptwon,1,1,2
upwads,0,1,1
upwanna,1,0,1
upward,8,11,19
upwardly,0,1,1
upwards,14,9,23
upwey,1,0,1
upwind,0,1,1
upwoming,0,1,1
upwords,0,1,1
upx,1,0,1
upy,1,0,1
upz,1,0,1
uq,1,4,5
uqcp,0,1,1
uqh,14,5,19
uqhh,8,1,9
uqhhh,4,0,4
uqhhhh,2,0,2
uqi,1,0,1
uqkh,2,0,2
uqqhh,1,0,1
uqqhhh,1,0,1
uqqqh,2,0,2
uqqqhhh,1,0,1
ur,4933,8110,13043
ura,1,1,2
urach,0,1,1
uragh,1,0,1
urala,1,0,1
urangan,0,1,1
uranium,0,2,2
urantia,0,1,1
uranus,1,2,3
urap,1,0,1
urarse,0,1,1
urasawa,0,2,2
urat,2,0,2
urataros,0,1,1
uratchet,1,0,1
urawaza,1,0,1
urb,0,2,2
urbact,0,1,1
urban,100,175,275
urbana,4,3,7
urbanananaaa,0,1,1
urbanartforms,0,1,1
urbanattic,1,0,1
urbanattics,0,1,1
urbancouture,0,1,1
urbandictioanry,0,1,1
urbandictionary,5,7,12
urbandiktionary,0,1,1
urbandub,0,2,2
urbane,0,2,2
urbanisation,1,0,1
urbanized,0,1,1
urbanl,0,1,1
urbanlookout,0,1,1
urbannetwork,0,1,1
urbano,0,1,1
urbanoutfitters,1,1,2
urbans,0,1,1
urbanscapes,4,1,5
urbanski,0,1,1
urbanspoon,1,1,2
urbanterror,0,1,1
urbantorque,0,1,1
urbanwire,0,1,1
urbe,2,0,2
urbee,1,0,1
urber,1,0,1
urbervilles,0,1,1
urbex,1,0,1
urbies,0,1,1
urbina,0,1,1
urbis,1,1,2
urbising,0,1,1
urbn,1,0,1
urbody,0,1,1
urbodyy,1,0,1
urbrokeif,1,0,1
urbsoph,0,1,1
urbys,0,1,1
urc,1,1,2
urcellphone,1,0,1
urchin,2,5,7
urcracking,0,1,1
urd,1,0,1
urdana,0,1,1
urdd,1,0,1
urdu,4,1,5
ure,86,120,206
urea,1,0,1
ureche,0,1,1
urechi,1,2,3
uredit,1,1,2
uree,0,1,1
urei,0,1,1
urekaweekend,0,1,1
ureo,1,0,1
ures,1,2,3
ureshii,0,1,1
ureters,1,0,1
urethra,1,1,2
urf,2,0,2
urface,1,3,4
urfglhg,1,0,1
urg,61,8,69
urgant,0,1,1
urge,165,108,273
urged,1,2,3
urgences,1,0,1
urgencies,1,0,1
urgency,2,8,10
urgent,103,22,125
urgente,1,0,1
urgently,23,10,33
urges,4,6,10
urgg,9,3,12
urggg,5,1,6
urgggg,3,0,3
urggggg,2,0,2
urggggggh,1,0,1
urggggh,2,0,2
urgggh,3,0,3
urggh,7,0,7
urgghh,5,0,5
urgghhh,4,0,4
urgghhhhh,1,0,1
urgh,537,80,617
urghh,40,10,50
urghhh,42,3,45
urghhhh,13,2,15
urghhhhh,6,1,7
urghhhhhh,4,0,4
urghhhhhhh,2,0,2
urghhhhhhhhhh,2,0,2
urgicare,1,0,1
urging,0,6,6
urgle,1,0,1
urgo,1,0,1
urgorgeous,1,0,1
urgs,1,0,1
urh,4,1,5
urhe,1,0,1
urhg,2,0,2
urhh,2,0,2
urhhh,1,0,1
urhm,1,0,1
urhuge,1,0,1
uri,8,8,16
uriah,4,2,6
uribe,1,0,1
uriburner,0,2,2
uric,1,0,1
uride,0,1,1
urie,4,6,10
uriel,0,5,5
urija,0,1,1
urijah,6,8,14
urile,0,2,2
urin,1,0,1
urinal,6,1,7
urinalyisis,1,0,1
urinalysis,1,0,1
urinary,5,2,7
urinate,2,2,4
urinated,2,0,2
urinates,1,0,1
urinating,2,1,3
urination,1,0,1
urine,21,10,31
urinetown,0,1,1
uring,1,0,1
uris,0,2,2
uritors,1,0,1
uriza,0,1,1
urk,5,1,6
urked,2,0,2
urkel,3,5,8
urking,1,1,2
urkle,1,0,1
urkraine,0,1,1
urks,0,1,1
urkst,1,0,1
url,240,240,480
urlaub,1,1,2
urlgeric,0,1,1
urll,0,1,1
urllib,1,0,1
urlm,1,1,2
urls,42,42,84
urly,1,0,1
urm,7,12,19
urma,1,0,1
urmareste,0,1,1
urmas,1,0,1
urmatoarea,0,2,2
urmatorul,0,1,1
urmi,0,1,1
urmm,2,5,7
urmmm,1,0,1
urmmmm,0,1,1
urn,2,0,2
urnals,1,0,1
urning,1,0,1
urnot,1,0,1
urns,22,1,23
urock,0,1,1
urologist,1,1,2
urologists,1,0,1
urp,2,0,2
urperfect,1,0,1
urpic,0,1,1
urpicha,0,1,1
urply,1,0,1
urqhh,0,1,1
urqhhh,1,0,1
urquell,1,2,3
urquestion,0,1,1
urr,5,3,8
urre,0,1,1
urrealism,0,1,1
urrff,1,1,2
urrg,6,1,7
urrgg,2,0,2
urrgggg,2,0,2
urrgggghhhh,1,0,1
urrgggh,1,0,1
urrggghhh,1,0,1
urrggghhhh,2,0,2
urrggh,2,0,2
urrgghh,3,0,3
urrgghhh,2,1,3
urrgh,7,0,7
urrghh,2,2,4
urrghhh,2,0,2
urrm,1,0,1
urrr,4,0,4
urrrg,2,0,2
urrrggg,0,1,1
urrrgggg,1,0,1
urrrggggggggggg,1,0,1
urrrgggghhhhh,1,0,1
urrrggghh,1,0,1
urrrggghhhh,1,0,1
urrrgghh,0,1,1
urrrgh,9,0,9
urrrghh,1,1,2
urrrghhhh,1,0,1
urrrm,0,3,3
urrrr,2,0,2
urrrrah,1,0,1
urrrrg,1,0,1
urrrrgghhh,1,0,1
urrrrgh,4,0,4
urrrrghhhhh,1,0,1
urrrrp,1,0,1
urrrrrg,1,0,1
urrrrrgh,2,0,2
urrrrrrrrgh,1,0,1
urrrrrrrrr,1,0,1
urrrrrrrrrrrrr,0,1,1
urrrrrrrrrrrrrrrrrrrrrrrrrrrrrrrgh,1,0,1
urrrrrrrrrrrrrrrrrrrrrrrrrrrrrrrrrrrrrrrrrghhhhh,1,0,1
urru,0,1,1
urs,81,142,223
ursa,1,0,1
urscreen,0,1,1
urse,2,0,2
urself,66,159,225
urselff,0,1,1
urselfs,1,0,1
ursellll,1,0,1
urselves,2,2,4
urselvs,0,1,1
ursher,0,1,1
urside,0,1,1
ursingle,1,0,1
urslf,1,0,1
ursouljacastro,0,1,1
ursssss,1,0,1
ursu,0,1,1
ursula,3,4,7
ursuline,0,1,1
ursupport,0,1,1
urt,1,0,1
urth,1,4,5
uru,1,0,1
uruguai,0,2,2
uruguay,12,5,17
uruguayan,1,1,2
uruha,0,1,1
urulakazhanga,0,1,1
urule,0,1,1
urumqi,0,1,1
urusannya,1,0,1
urut,0,1,1
uruterusfallowed,0,1,1
urvashi,0,1,1
urz,1,5,6
urza,1,0,1
urzzz,1,0,1
us,6497,7928,14425
usa,403,324,727
usaa,2,0,2
usab,1,0,1
usaba,1,0,1
usability,15,17,32
usable,18,11,29
usael,1,0,1
usaf,2,1,3
usafa,1,0,1
usage,62,43,105
usages,0,1,1
usagi,0,1,1
usagiangel,0,1,1
usagt,1,0,1
usah,1,2,3
usahlah,0,1,1
usain,1,2,3
usair,3,0,3
usairways,2,1,3
usako,1,0,1
usal,0,2,2
usall,0,1,1
usally,1,0,1
usan,0,1,1
usana,0,4,4
usando,1,3,4
usanetwork,1,0,1
usang,1,0,1
usanian,0,1,1
usap,4,0,4
usapan,0,1,1
usar,6,3,9
usaras,0,1,1
usaria,0,1,1
usatf,1,0,1
usatoday,1,2,3
usaual,2,0,2
usaul,0,1,1
usaw,0,1,1
usawantsmcfly,15,42,57
usay,0,1,1
usb,238,100,338
usbb,1,0,1
usbcable,1,0,1
usbed,1,0,1
usbl,1,0,1
usborne,2,0,2
usbs,1,1,2
usby,1,0,1
usc,10,12,22
uscell,0,1,1
uscg,0,1,1
usch,2,1,3
uschi,0,1,1
uschoolme,0,1,1
usclb,0,1,1
usd,51,31,82
usda,1,0,1
usdcad,0,2,2
usdjpy,0,1,1
use,3734,4100,7834
useable,3,7,10
useage,1,0,1
useby,0,1,1
used,2912,2334,5246
usedom,0,1,1
useds,0,1,1
usedto,0,1,1
usee,1,1,2
useeeed,1,0,1
useem,1,0,1
useemcool,0,1,1
usefastdirector,0,1,1
useful,127,355,482
usefule,0,1,1
usefull,6,16,22
usefully,0,6,6
usefulness,2,3,5
usegnoh,0,1,1
useing,8,3,11
useless,296,127,423
uselessly,0,1,1
uselessness,1,2,3
uselesss,1,0,1
uselessskills,0,1,1
uselesstweet,0,1,1
usely,1,0,1
usem,1,1,2
usemos,0,1,1
usen,0,1,1
usendit,1,0,1
usenet,1,2,3
usenix,1,0,1
user,246,296,542
useragent,1,0,1
useral,1,0,1
userfriendly,0,1,1
usergrouprolon,0,1,1
userid,2,3,5
userland,0,2,2
userlevel,0,1,1
userlist,1,0,1
userlists,3,0,3
userly,1,0,1
usernam,0,1,1
username,145,248,393
usernamee,0,1,1
usernames,25,7,32
usernsmes,1,0,1
userpic,2,7,9
userpics,2,2,4
userplane,1,0,1
users,212,191,403
userscript,1,1,2
userscripts,0,1,1
usersfail,1,0,1
usertesting,0,2,2
uservoice,2,1,3
uses,133,149,282
usesnow,0,1,1
uset,1,0,1
usetweetdeck,0,1,1
useually,0,1,1
usew,1,0,1
usewd,1,0,1
useyourlove,2,0,2
usf,8,5,13
usfreeads,0,1,1
usfull,0,1,1
usg,0,1,1
usga,0,2,2
usgang,0,1,1
usgbc,0,1,1
usgs,1,2,3
ush,4,0,4
usha,2,3,5
ushahidi,0,1,1
ushare,1,0,1
ushauhasuhasuhasu,0,1,1
ushba,1,0,1
ushc,1,0,1
ushdaiuhdiahiusdhas,0,1,1
ushe,1,0,1
usher,29,29,58
ushered,1,2,3
usheree,0,1,1
ushering,1,0,1
usherrrr,0,1,1
ushers,4,3,7
ushhh,1,0,1
ushhhaaa,0,1,1
ushida,1,0,1
ushikwapo,0,1,1
ushmm,1,0,1
usi,1,0,1
usic,1,0,1
usig,1,1,2
usign,0,1,1
usiing,0,1,1
usiku,0,2,2
usin,14,13,27
usine,1,0,1
using,1508,3130,4638
usiousao,0,1,1
usj,0,3,3
usk,1,1,2
uska,1,0,1
uski,0,2,2
usking,1,0,1
usko,1,1,2
uskrs,0,1,1
usless,4,1,5
uslly,2,0,2
usly,1,0,1
usm,2,7,9
usman,0,1,1
usmc,1,1,2
usmd,0,1,1
usmfail,0,1,1
usmle,1,0,1
usmleus,1,0,1
usmnt,10,2,12
usmptn,0,1,1
usn,1,0,1
usnbc,0,1,1
usng,2,2,4
usnow,1,2,3
usnowsydney,0,1,1
uso,6,6,12
usoara,1,0,1
usoc,0,1,1
usocial,0,1,1
usofa,2,1,3
uson,1,0,1
usopen,6,0,6
usor,0,1,1
usound,0,1,1
usp,2,2,4
uspelo,0,1,1
uspet,0,1,1
uspokoite,0,1,1
usps,14,8,22
uspsa,1,0,1
uspsspam,0,1,1
uspto,0,1,1
usr,0,2,2
usroaming,0,1,1
uss,9,11,20
ussa,0,1,1
ussage,1,0,1
ussaly,0,1,1
ussi,0,1,1
ussing,1,0,1
ussoccer,3,2,5
ussr,2,1,3
usss,4,7,11
ussss,1,2,3
ussual,3,0,3
ussually,1,0,1
ust,31,30,61
usta,2,0,2
ustaad,1,0,1
ustad,1,0,1
ustath,0,1,1
ustaz,1,1,2
uste,2,4,6
usted,1,0,1
ustedes,1,1,2
usteeeeee,0,1,1
ustreaaaam,1,0,1
ustream,67,54,121
ustreams,2,1,3
ustreamtv,1,0,1
ustrip,1,0,1
ustur,1,0,1
ustwo,0,1,1
usu,6,3,9
usua,1,0,1
usuaaal,1,0,1
usual,752,710,1462
usuall,5,4,9
usuallie,1,0,1
usualll,1,0,1
usuallll,0,1,1
usualllll,0,1,1
usuallly,1,0,1
usuallty,0,1,1
usually,919,867,1786
usuallyy,0,1,1
usuals,3,4,7
usualtho,1,0,1
usualy,6,6,12
usuaslly,0,1,1
usuefhosfor,1,0,1
usuing,2,1,3
usul,1,0,1
usunday,1,0,1
usure,1,0,1
usurped,1,0,1
usury,0,1,1
ususal,1,1,2
ususally,1,4,5
usush,0,1,1
usvaldo,0,1,1
usvi,2,1,3
usweekly,0,1,1
uswirl,0,1,1
uswitch,1,1,2
usyd,0,1,1
usz,1,1,2
ut,85,70,155
uta,6,0,6
utaaa,1,0,1
utaaaaaaaaa,1,0,1
utaban,1,0,1
utac,2,0,2
utada,5,11,16
utah,66,72,138
utahs,0,1,1
utak,0,1,1
utama,1,2,3
utan,2,3,5
utang,1,1,2
utans,1,0,1
utar,0,1,1
utat,1,0,1
utav,0,1,1
utc,8,6,14
utd,43,35,78
ute,7,7,14
utece,1,0,1
uteee,0,1,1
uteid,1,0,1
utem,1,0,1
utena,0,2,2
utenplatz,0,1,1
utensils,4,7,11
utensilsl,0,1,1
utep,1,0,1
uter,0,1,1
uteran,1,0,1
uterine,2,0,2
uterly,0,1,1
utero,0,1,1
uterus,17,15,32
utes,1,1,2
utest,0,1,1
utexas,1,0,1
utf,3,8,11
utg,1,0,1
utgjames,0,1,1
utgp,0,1,1
uth,1,4,5
uthaya,0,1,1
utherworlds,0,1,1
uthie,0,1,1
uthink,2,0,2
uthought,1,0,1
uthup,0,3,3
uthy,0,1,1
uti,29,2,31
utica,2,6,8
utiful,11,21,32
utifull,0,1,1
utifully,0,1,1
util,0,4,4
utilirs,1,0,1
utilise,1,3,4
utiliser,1,0,1
utilising,0,1,1
utilitarianism,0,1,1
utilities,18,4,22
utility,15,14,29
utilizar,0,1,1
utilization,1,1,2
utilizator,0,1,1
utilize,3,6,9
utilized,0,2,2
utilizes,0,1,1
utilizing,3,5,8
utill,1,0,1
utillities,1,0,1
utillitys,0,1,1
utils,1,1,2
utinary,1,0,1
utis,1,0,1
utk,5,8,13
utkatasana,0,1,1
utl,1,0,1
utley,2,1,3
utmb,1,0,1
utmost,4,4,8
utne,0,1,1
utnil,1,0,1
utoh,1,1,2
utopia,6,8,14
utopian,1,1,2
utorrent,7,4,11
utp,0,1,1
utr,0,1,1
utrecht,10,15,25
utretch,0,1,1
uts,8,6,14
utsa,4,0,4
utsc,0,1,1
utsche,0,1,1
utside,1,0,1
utsiders,0,1,1
uttam,0,1,1
uttara,1,0,1
utter,71,35,106
utterance,0,1,1
utterances,0,1,1
uttered,3,1,4
uttering,0,1,1
utterkalven,0,1,1
utterli,2,9,11
utterly,115,56,171
utterz,2,0,2
uttley,0,1,1
utton,0,1,1
utuado,1,0,1
utube,39,40,79
utueb,0,1,1
utv,1,4,5
utvi,1,1,2
utvjiss,0,1,1
utweetme,0,2,2
utwente,0,1,1
utwo,0,1,1
utwolf,1,0,1
utz,0,3,3
uu,37,48,85
uuber,0,1,1
uuch,1,1,2
uue,2,0,2
uuff,0,2,2
uufff,1,0,1
uuffhht,1,0,1
uug,2,0,2
uugg,1,0,1
uuggggh,1,0,1
uugggghhh,1,0,1
uugggh,2,1,3
uuggghh,3,0,3
uuggghhh,3,0,3
uuggghhhh,1,2,3
uuggghhhhh,1,0,1
uugggrrrrrr,1,0,1
uuggh,5,0,5
uugghh,22,0,22
uugghhh,11,1,12
uugghhhh,4,0,4
uugghhhhh,1,0,1
uugh,33,4,37
uughh,8,0,8
uughhh,5,0,5
uughhhh,1,0,1
uughieess,1,0,1
uugi,0,1,1
uuh,13,5,18
uuhg,1,1,2
uuhh,4,3,7
uuhhg,1,0,1
uuhhh,5,1,6
uuhhhh,2,0,2
uuhhhhgg,1,0,1
uuhhhmmm,0,1,1
uuhhm,0,1,1
uuhhmm,0,1,1
uuhm,0,2,2
uui,0,1,1
uuiuuuuuuuu,1,0,1
uujoo,0,1,1
uulan,0,1,1
uulitin,0,4,4
uum,1,4,5
uumm,3,0,3
uummm,4,2,6
uummmmm,1,0,1
uummmph,1,0,1
uummy,0,1,1
uumpa,0,1,1
uumph,1,0,1
uunderstand,1,0,1
uundv,0,1,1
uungodlike,1,0,1
uuni,0,1,1
uuno,1,0,1
uuntil,1,0,1
uup,1,4,5
uupload,0,1,1
uuppp,1,1,2
uupppppppp,1,0,1
uups,1,2,3
uur,2,2,4
uurggh,1,1,2
uurgghhh,1,0,1
uurgh,1,2,3
uurghll,1,0,1
uurkes,0,1,1
uurrggg,1,0,1
uurrggghh,2,0,2
uurrgghh,2,0,2
uurrgghhh,1,0,1
uurrgh,1,0,1
uurrrggghhhhhhhh,1,0,1
uurrrghh,1,0,1
uurrrghhh,1,0,1
uurrrrrrgh,1,0,1
uus,1,1,2
uusal,1,0,1
uust,0,1,1
uuu,20,22,42
uuuaaaaaaaaaa,2,0,2
uuuaaahhhh,1,0,1
uuuaah,1,0,1
uuuck,1,0,1
uuuff,1,0,1
uuufff,3,0,3
uuug,1,0,1
uuugg,1,0,1
uuuggg,1,0,1
uuugggggggg,1,0,1
uuugggghhh,1,0,1
uuugggghhhh,1,0,1
uuugggghhhhhhhhh,1,0,1
uuugggh,3,0,3
uuuggghh,2,1,3
uuuggghhh,9,0,9
uuuggghhhh,4,1,5
uuuggghhhhh,1,0,1
uuuggh,0,1,1
uuugghghhhh,1,0,1
uuugghh,2,0,2
uuugghhh,2,0,2
uuugghhhh,2,1,3
uuugh,36,4,40
uuughh,3,0,3
uuughhh,5,0,5
uuughhhh,2,0,2
uuuglyyy,1,0,1
uuuh,7,7,14
uuuhg,1,0,1
uuuhh,3,2,5
uuuhhggggg,1,0,1
uuuhhh,5,2,7
uuuhhhgg,1,0,1
uuuhhhh,1,0,1
uuuhm,0,1,1
uuuhmm,0,1,1
uuui,0,1,1
uuullliieee,0,1,1
uuum,2,0,2
uuumm,0,1,1
uuungh,1,0,1
uuup,1,3,4
uuupp,0,1,1
uuuppppp,1,0,1
uuupps,0,1,1
uuups,1,0,1
uuuq,2,0,2
uuuqqqhhh,1,0,1
uuurg,1,0,1
uuurgg,1,0,1
uuurgh,3,1,4
uuurghhhh,1,0,1
uuurrgghhh,1,0,1
uuurrrberklumtica,0,1,1
uuurrrghh,1,0,1
uuurrrrghhhhh,1,0,1
uuuse,1,0,1
uuuu,10,15,25
uuuuf,3,2,5
uuuufff,1,0,1
uuuugggggghhhhhh,1,0,1
uuuugggghhhh,3,0,3
uuuugggghhhhhhhhhhhh,1,0,1
uuuugggh,0,1,1
uuuuggghh,1,0,1
uuuuggghhh,1,0,1
uuuuggghhhh,3,0,3
uuuuggghhhhhh,1,0,1
uuuugghh,1,0,1
uuuugghhhhhh,0,1,1
uuuugh,19,0,19
uuuughh,1,0,1
uuuughnothappy,1,0,1
uuuuh,5,6,11
uuuuhg,1,0,1
uuuuhh,1,0,1
uuuuhhh,4,1,5
uuuuhhhh,0,1,1
uuuuhhhhh,1,0,1
uuuuhhhhhhh,1,0,1
uuuuhhhhhhhhh,1,0,1
uuuum,0,1,1
uuuummm,1,0,1
uuuummmm,1,0,1
uuuummmmm,1,0,1
uuuup,3,3,6
uuuupdated,0,1,1
uuuupppp,0,1,1
uuuuppppppp,0,1,1
uuuups,0,2,2
uuuupset,1,0,1
uuuurgh,1,0,1
uuuurrgggh,1,0,1
uuuurrrrggggghhhh,1,0,1
uuuurrrrrrgh,1,0,1
uuuus,0,1,1
uuuutiful,0,1,1
uuuutteee,0,1,1
uuuuu,7,11,18
uuuuugggggghhhh,1,0,1
uuuuugggggghhhhhh,1,0,1
uuuuuggggghhh,1,0,1
uuuuuggggghhhh,1,0,1
uuuuugh,8,2,10
uuuuuh,1,1,2
uuuuuhhhggggg,1,0,1
uuuuuhhhhh,0,1,1
uuuuurgh,1,0,1
uuuuurrgh,1,0,1
uuuuurrrgggg,1,0,1
uuuuus,0,1,1
uuuuute,0,1,1
uuuuuu,1,10,11
uuuuuugh,4,1,5
uuuuuuh,1,0,1
uuuuuuhm,0,1,1
uuuuuummmmm,0,1,1
uuuuuup,0,1,1
uuuuuurgh,1,0,1
uuuuuurrrrr,0,1,1
uuuuuus,0,1,1
uuuuuuu,2,3,5
uuuuuuugh,1,0,1
uuuuuuughh,1,0,1
uuuuuuuh,1,0,1
uuuuuuuhh,0,1,1
uuuuuuup,0,1,1
uuuuuuurrrrrrgh,1,0,1
uuuuuuuu,2,0,2
uuuuuuuugggggggghhhhhhhhhh,1,0,1
uuuuuuuuggggghhhhh,1,0,1
uuuuuuuuggghhhh,1,0,1
uuuuuuuuggghhhhhh,0,1,1
uuuuuuuugh,4,0,4
uuuuuuuughhhhhhhhhh,1,0,1
uuuuuuuuh,0,1,1
uuuuuuuuugh,1,0,1
uuuuuuuuummmmm,0,1,1
uuuuuuuuurggggghhh,0,1,1
uuuuuuuuuu,0,1,1
uuuuuuuuuugghh,1,0,1
uuuuuuuuuugh,2,0,2
uuuuuuuuuughhhh,1,0,1
uuuuuuuuuum,1,0,1
uuuuuuuuuuu,2,0,2
uuuuuuuuuuucccccckkkkk,1,0,1
uuuuuuuuuuurgggggggggggggggg,1,0,1
uuuuuuuuuuuugh,1,0,1
uuuuuuuuuuuuu,1,2,3
uuuuuuuuuuuuuggggggggggggggghhhhhhhhhhh,1,0,1
uuuuuuuuuuuuugggggggggggghhhhhhhhh,1,0,1
uuuuuuuuuuuuuu,3,1,4
uuuuuuuuuuuuuuuu,1,0,1
uuuuuuuuuuuuuuuuuuuuuuu,0,1,1
uuuuuuuuuuuuuuuuuuuuuuuu,0,1,1
uuuwwh,1,0,1
uuwaaaaarrrggghhh,0,1,1
uuwi,1,2,3
uv,14,26,40
uva,13,5,18
uvadzat,0,1,1
uvavu,0,1,1
uvb,1,1,2
uvdegree,1,0,1
uve,17,35,52
uved,1,0,1
uverse,9,3,12
uvfood,1,0,1
uvgay,1,0,1
uvic,1,0,1
uvid,1,0,1
uvis,0,1,1
uvision,0,1,1
uvolbacyra,0,1,1
uvrays,1,0,1
uvs,0,1,1
uvula,3,2,5
uvulitis,1,0,1
uvwatch,0,1,1
uw,9,14,23
uwa,0,3,3
uwaa,3,1,4
uwaaaa,1,0,1
uwaaaaa,1,0,1
uwaaaaaaah,1,0,1
uwaaah,1,0,1
uwaah,0,1,1
uwah,2,0,2
uwai,1,0,1
uwajimaya,1,0,1
uwan,1,0,1
uwatch,0,1,1
uwawauwa,1,0,1
uwdc,0,1,1
uwe,4,1,5
uweeheehee,0,1,1
uweekk,1,0,1
uweks,2,0,2
uwere,0,2,2
uwf,1,0,1
uwg,1,0,1
uwh,1,1,2
uwi,4,4,8
uwian,0,2,2
uwib,0,1,1
uwill,1,1,2
uwisc,0,1,1
uwont,0,1,1
uworld,1,1,2
uwosh,0,1,1
uws,0,1,1
ux,12,29,41
uxbcldn,0,2,2
uxbcsyd,0,1,1
uxbookclub,1,1,2
uxbridge,1,1,2
uxbristol,1,0,1
uxcb,1,0,1
uxie,2,0,2
uxlondon,5,12,17
uxxx,0,1,1
uy,9,13,22
uyabora,0,1,1
uyah,1,0,1
uyeda,0,1,1
uyes,1,0,1
uygar,0,1,1
uygulamasi,0,1,1
uying,0,1,1
uyng,1,0,1
uyou,0,1,1
uyour,0,1,1
uys,2,1,3
uysinikki,0,1,1
uyy,1,1,2
uyyy,0,2,2
uz,8,12,20
uza,0,1,1
uzant,0,1,1
uzbegim,0,1,1
uzbekistan,1,2,3
uzd,0,1,1
uze,1,1,2
uzfilm,0,1,1
uzie,1,0,1
uzing,1,0,1
uzlabo,0,1,1
uzlabots,0,1,1
uzp,0,1,1
uztvert,0,1,1
uzumaki,1,1,2
uzun,1,0,1
uzvar,1,0,1
uzvara,0,1,1
uzvardi,0,1,1
uzz,1,0,1
uzzap,0,1,1
uzzy,0,1,1
uzzz,1,0,1
va,247,236,483
vaaa,0,1,1
vaaaaaa,1,0,1
vaaaaacccccaaaaaaaaaaaaaaaaaaaation,0,1,1
vaaaan,1,1,2
vaaan,0,1,1
vaaay,0,1,1
vaahedh,0,1,1
vaaidaa,1,0,1
vaair,0,1,1
vaal,0,1,1
vaalee,0,1,1
vaall,0,1,1
vaaranam,2,0,2
vaart,1,0,1
vaat,2,0,2
vaazhkai,0,1,1
vabandan,0,1,1
vabank,0,1,1
vabeach,1,2,3
vabeachnet,2,0,2
vac,24,12,36
vaca,153,64,217
vacaa,1,0,1
vacaaaaaaaaattttttttioonnn,0,1,1
vacaaaation,0,1,1
vacaation,1,0,1
vacaationnnn,0,1,1
vacacation,1,0,1
vacacion,1,0,1
vacaciones,0,1,1
vacaction,0,1,1
vacance,1,1,2
vacances,3,1,4
vacancies,6,2,8
vacancions,1,0,1
vacancy,5,6,11
vacant,14,7,21
vacantion,0,1,1
vacantly,1,0,1
vacas,6,0,6
vacashun,1,0,1
vacasion,1,0,1
vacat,0,1,1
vacate,9,4,13
vacated,0,1,1
vacati,2,0,2
vacatiiiiooonnn,1,0,1
vacatiob,0,1,1
vacation,1535,1054,2589
vacationed,1,2,3
vacationers,1,0,1
vacationes,1,0,1
vacationing,13,8,21
vacationionion,0,1,1
vacationn,2,0,2
vacationnn,0,1,1
vacationnnn,0,1,1
vacationnnnn,2,0,2
vacations,133,78,211
vacationss,1,0,1
vacationsss,1,1,2
vacatiooons,1,0,1
vacatioooooooon,1,0,1
vacaton,2,1,3
vacatweet,0,1,1
vacaville,3,3,6
vacay,140,84,224
vacays,1,0,1
vacayy,1,0,1
vacayyy,1,0,1
vacayyyy,0,1,1
vacayyyyy,0,1,1
vaccaciones,1,0,1
vaccation,2,2,4
vaccay,1,0,1
vaccinate,3,1,4
vaccinated,8,2,10
vaccination,17,2,19
vaccinations,14,1,15
vaccine,29,6,35
vaccines,11,5,16
vaccing,0,1,1
vaccs,1,0,1
vaccum,8,2,10
vaccume,1,0,1
vaccumed,2,3,5
vaccuming,2,3,5
vaccuum,8,4,12
vaccuumed,2,0,2
vaccuuming,2,0,2
vaccuumming,0,1,1
vaceen,1,0,1
vachel,0,1,1
vachu,0,2,2
vacinated,1,0,1
vacines,1,0,1
vack,2,0,2
vackum,1,0,1
vacouver,1,0,1
vacs,1,1,2
vactican,0,1,1
vaction,14,7,21
vactions,1,1,2
vactory,0,1,1
vacum,3,5,8
vacumd,0,1,1
vacume,1,0,1
vacumin,1,1,2
vacuming,2,1,3
vacumming,4,2,6
vacummning,0,1,1
vacumning,0,1,1
vacuous,4,1,5
vacuum,76,42,118
vacuumcleaning,0,1,1
vacuumde,1,0,1
vacuume,1,0,1
vacuumed,10,6,16
vacuuming,16,20,36
vacuums,3,1,4
vad,5,6,11
vada,3,5,8
vadapav,2,0,2
vadapavs,1,0,1
vadar,0,2,2
vadas,0,1,1
vadels,1,0,1
vader,10,18,28
vaders,0,1,1
vadewale,1,0,1
vadhu,1,0,1
vadi,0,1,1
vadilal,1,0,1
vadim,2,1,3
vadkaaa,1,0,1
vado,6,1,7
vadodara,0,1,1
vadu,1,0,1
vag,10,8,18
vaga,0,1,1
vagabond,2,4,6
vagabonddd,0,1,1
vagabonds,0,1,1
vagabundeando,0,1,1
vagamon,0,2,2
vagaries,1,2,3
vagas,3,4,7
vages,1,0,1
vagg,1,0,1
vaghy,1,0,1
vagi,0,1,1
vagin,1,0,1
vagina,50,42,92
vaginaaaa,0,1,1
vaginal,0,2,2
vaginally,1,0,1
vaginas,2,4,6
vaginia,1,0,1
vagisil,1,0,1
vagrant,1,1,2
vagrants,1,0,1
vague,21,28,49
vagueaspossible,0,1,1
vagued,1,0,1
vaguely,21,26,47
vagueness,1,1,2
vaguley,1,0,1
vagyok,1,0,1
vagyunk,1,0,1
vah,1,1,2
vahe,1,0,1
vahhh,1,0,1
vahi,1,0,1
vahlrona,0,1,1
vahunter,0,1,1
vai,19,25,44
vaication,0,1,1
vaidy,0,1,1
vaidyanathan,0,1,1
vaig,0,1,1
vaii,0,1,1
vaiinnnnnnn,1,0,1
vaiko,1,0,1
vail,2,5,7
vailable,1,0,1
vaild,1,0,1
vailima,1,0,1
vailla,1,0,1
vailum,1,0,1
vain,38,31,69
vaina,1,0,1
vaine,1,2,3
vaining,1,0,1
vainly,1,0,1
vains,1,1,2
vainvain,1,0,1
vaio,21,9,30
vair,7,9,16
vairas,0,1,1
vairr,1,0,1
vairs,1,0,1
vais,1,3,4
vaishak,0,1,1
vaishno,1,0,1
vaisseau,1,0,1
vajadz,0,1,1
vajag,0,1,1
vajayjay,2,0,2
vajray,0,1,1
vajs,0,1,1
vaka,1,2,3
vakantie,1,0,1
vakashun,0,1,1
vakay,1,1,2
vakil,0,1,1
vakker,1,0,1
vaktn,1,0,1
vakyanam,0,1,1
val,44,63,107
vala,0,1,1
valadares,1,0,1
valaleuf,0,1,1
valance,3,1,4
valarie,0,2,2
valblow,0,1,1
valbuenium,0,1,1
valcantar,0,1,1
valcea,0,1,1
valcyte,2,0,2
valdeltagande,0,1,1
valderrama,0,1,1
valdez,2,2,4
valdicava,1,0,1
valdosta,5,1,6
vale,15,13,28
valebrity,0,2,2
valecncia,0,1,1
valedictorian,3,3,6
valedictory,1,1,2
valeeeeeen,0,1,1
valei,0,1,1
valen,3,5,8
valencia,31,22,53
valenciaaa,1,0,1
valenki,0,1,1
valens,1,2,3
valent,0,1,1
valente,1,0,1
valentes,1,0,1
valenti,3,0,3
valentia,0,1,1
valentin,0,1,1
valentina,3,6,9
valentine,32,43,75
valentines,11,6,17
valentino,5,14,19
valentinos,1,0,1
valenza,0,1,1
valenzetti,0,1,1
valenzuela,2,2,4
valer,0,1,1
valere,0,1,1
valeria,5,3,8
valerian,1,2,3
valerie,18,23,41
valeriee,0,1,1
valerieee,1,0,1
valerieeee,0,1,1
valerieeeee,1,0,1
valeries,1,0,1
valerio,0,1,1
valerius,0,1,1
valero,0,2,2
valery,1,1,2
valet,8,7,15
valeta,0,1,1
valeted,0,1,1
valeu,2,4,6
valew,0,2,2
valgrind,0,2,2
valhalla,2,1,3
valhano,0,1,1
vali,3,2,5
valiant,4,2,6
valiantly,2,1,3
valiasr,3,0,3
valicha,1,0,1
valid,52,59,111
validate,9,7,16
validated,4,9,13
validates,2,1,3
validating,1,4,5
validation,9,11,20
validator,1,1,2
validators,0,1,1
validictorian,1,0,1
validity,1,2,3
valiendi,0,1,1
valient,1,0,1
valita,0,2,2
valium,11,9,20
valjean,0,1,1
valk,1,3,4
valkailaye,1,0,1
valkarye,0,1,1
valkaryie,1,0,1
valkeakoski,0,1,1
valkerie,1,1,2
valkin,0,1,1
valkryie,1,0,1
valkyie,0,1,1
valkyria,1,4,5
valkyriachronicles,2,0,2
valkyrie,10,17,27
valkyries,0,1,1
vall,2,0,2
vallaincourt,1,0,1
vallarna,0,1,1
vallarta,2,5,7
valle,0,2,2
vallecano,0,1,1
vallejo,9,8,17
vallerina,0,1,1
valley,145,194,339
valleyalbany,0,1,1
valleyan,0,1,1
valleydale,0,1,1
valleyfair,4,3,7
valleys,4,1,5
valleyscare,1,0,1
valleywide,1,0,1
valleyy,0,1,1
valli,1,2,3
vallium,1,0,1
valllllllll,1,0,1
vallue,0,1,1
vally,3,2,5
valmont,0,1,1
valobashi,1,0,1
valona,1,0,1
valonkantaja,1,0,1
valor,0,2,2
valorie,0,1,1
valory,0,1,1
valpaks,0,1,1
valpo,2,1,3
valpy,0,1,1
vals,1,1,2
valse,1,1,2
valspeak,2,0,2
valstsv,0,1,1
valter,0,1,1
valuable,30,46,76
valuables,3,1,4
valuation,4,4,8
valuations,2,1,3
valuble,1,0,1
value,97,182,279
valued,7,8,15
valueeees,1,0,1
values,21,33,54
valuing,1,1,2
valuses,1,0,1
valv,1,0,1
valvano,0,1,1
valve,35,14,49
valvenews,1,0,1
valverde,1,0,1
valves,2,0,2
valya,0,1,1
vam,0,1,1
vamanos,3,0,3
vamapire,0,1,1
vamonos,1,0,1
vamos,6,21,27
vamp,9,30,39
vamped,1,2,3
vamper,0,1,1
vamperic,1,0,1
vampiers,0,1,1
vampiiiiires,0,1,1
vampiirif,0,1,1
vamping,0,1,1
vampira,0,1,1
vampire,121,238,359
vampirebeatles,2,1,3
vampirebite,1,2,3
vampireee,0,1,1
vampirefreak,0,1,1
vampirefreaks,0,2,2
vampires,37,91,128
vampiress,0,1,1
vampirezzz,0,1,1
vampiric,1,0,1
vampirism,0,2,2
vamppussy,0,1,1
vampradio,1,0,1
vamps,3,11,14
vampy,0,4,4
vampyre,1,1,2
vamu,1,0,1
vamyyyy,1,0,1
van,306,262,568
vana,0,1,1
vanadis,0,1,1
vanae,0,1,1
vanah,0,1,1
vanananana,1,0,1
vanavond,1,3,4
vancamp,1,0,1
vance,2,5,7
vanchangecamp,1,1,2
vancity,6,10,16
vancooooooover,0,1,1
vancouver,170,177,347
vancouverites,0,2,2
vancouverrr,0,1,1
vancover,4,1,5
vand,1,0,1
vanda,1,2,3
vandaag,1,2,3
vandal,2,1,3
vandalay,0,2,2
vandalised,2,0,2
vandalism,5,5,10
vandalize,3,1,4
vandalized,1,1,2
vandalizing,0,1,1
vandals,5,0,5
vandamiss,0,1,1
vandeput,0,1,1
vander,0,2,2
vanderbilt,0,1,1
vanderluck,0,1,1
vanderpants,1,0,1
vanderslice,0,2,2
vandi,0,1,1
vandolph,1,0,1
vandross,3,2,5
vandy,0,2,2
vane,1,2,3
vaneeesa,0,1,1
vaneeshed,1,0,1
vaneessa,0,1,1
vanek,0,8,8
vanelli,0,1,1
vanes,1,0,1
vanesa,1,0,1
vanesaa,0,1,1
vaness,1,1,2
vanessa,69,137,206
vanessaaaa,0,1,1
vanessaaaaaaaaaaaa,0,1,1
vanessafrench,1,0,1
vanessamarkssss,1,0,1
vanessas,4,2,6
vanesse,0,2,2
vanesssa,1,0,1
vanessy,1,0,1
vaneta,0,1,1
vang,1,0,1
vangeest,0,1,1
vangelis,1,0,1
vangelz,0,1,1
vanglorious,0,1,1
vango,1,0,1
vangsness,1,0,1
vanguard,2,4,6
vanhaylei,0,1,1
vani,2,1,3
vania,1,4,5
vaniglia,1,0,1
vanilia,1,0,1
vanilj,0,1,1
vanilla,124,208,332
vanillary,0,1,1
vanillas,0,1,1
vanillasky,0,1,1
vanilli,1,3,4
vanillia,1,0,1
vanillie,0,3,3
vanillla,1,0,1
vaninha,1,0,1
vaniqua,0,1,1
vanish,14,7,21
vanished,68,14,82
vanishes,9,2,11
vanishinatin,1,0,1
vanishing,13,3,16
vanishingly,1,0,1
vanishingtattoo,0,1,1
vanity,22,35,57
vanityfair,0,1,1
vanitysurgery,1,0,1
vanj,0,1,1
vanja,0,1,1
vanka,0,1,1
vanllia,0,1,1
vann,2,0,2
vanna,1,7,8
vannae,2,0,2
vannak,0,1,1
vannas,1,0,1
vanneehudgens,1,0,1
vannesa,0,1,1
vannessa,1,0,1
vanni,0,2,2
vannie,0,1,1
vannila,0,1,1
vanny,1,0,1
vano,3,2,5
vanpatten,0,1,1
vanquised,0,1,1
vanquish,0,1,1
vanquished,2,3,5
vans,34,33,67
vant,4,1,5
vantage,2,5,7
vante,0,1,1
vanting,0,1,1
vanuatu,1,2,3
vanue,0,1,1
vanvelzen,1,0,1
vanwege,0,1,1
vany,0,2,2
vanya,0,1,1
vanzari,0,1,1
vape,1,0,1
vaped,0,2,2
vapiano,2,1,3
vapid,0,4,4
vapin,1,0,1
vapirism,0,1,1
vapiter,0,1,1
vapo,2,0,2
vapolution,1,0,1
vapor,4,4,8
vaporeon,1,0,1
vaporize,0,3,3
vaporized,1,2,3
vaporizer,3,1,4
vaporizers,2,0,2
vaporizes,0,1,1
vaporizing,2,0,2
vaporizor,1,0,1
vaporoutlet,0,3,3
vaporrub,1,0,1
vapors,3,1,4
vaporub,2,0,2
vaporware,2,2,4
vapour,3,0,3
vapourise,0,2,2
vaquero,0,1,1
vaquita,0,1,1
var,7,5,12
vara,1,1,2
varada,0,1,1
varadero,0,1,1
varanasi,1,1,2
varas,1,0,1
varat,0,1,1
varb,0,1,1
varberg,1,0,1
varchar,1,0,1
vard,0,1,1
vardalos,3,1,4
vardi,0,3,3
varekai,0,2,2
varelah,0,1,1
varezhe,1,0,1
varg,1,2,3
varga,2,1,3
vargas,2,2,4
vargasss,0,1,1
varghese,0,1,1
vargis,1,0,1
vari,1,3,4
varia,1,0,1
variability,0,1,1
variable,5,12,17
variables,6,5,11
variance,2,1,3
variances,1,1,2
variant,2,8,10
variants,1,2,3
variation,5,10,15
variations,6,8,14
varicose,1,1,2
varied,3,9,12
varieites,1,0,1
varient,1,0,1
varier,1,1,2
varies,5,6,11
varietal,1,0,1
varieties,4,9,13
variety,35,73,108
varini,0,2,2
various,70,92,162
varit,0,2,2
varitek,0,1,1
varity,1,0,1
varius,0,1,1
varkari,1,0,1
varkaus,0,1,1
varlamov,1,0,1
varm,1,0,1
varmalov,1,0,1
varmints,1,0,1
varna,0,1,1
varnam,0,1,1
varnesh,0,1,1
varney,1,0,1
varnie,1,0,1
varnish,14,12,26
varnished,1,0,1
varnishing,0,2,2
varnum,0,1,1
varruka,1,0,1
vars,1,0,1
varsha,2,0,2
varsity,21,35,56
varsitys,0,1,1
varsovia,0,1,1
vart,0,1,1
vartan,1,1,2
varterm,0,1,1
varujan,0,1,1
varun,1,2,3
varvatos,3,0,3
vary,5,6,11
varying,1,6,7
vas,6,16,22
vasa,1,0,1
vasaleeeeen,1,0,1
vasaline,2,0,2
vasam,1,0,1
vasant,1,0,1
vasantham,2,0,2
vasaras,0,1,1
vasaru,0,1,1
vasco,1,2,3
vascular,3,2,5
vasculitis,2,0,2
vase,7,11,18
vaseball,1,0,1
vasectomy,1,3,4
vaseline,10,9,19
vases,2,0,2
vash,2,0,2
vashi,4,3,7
vashing,1,0,1
vashon,1,1,2
vashti,0,1,1
vasika,0,1,1
vasilis,0,1,1
vasilissa,0,1,1
vasily,0,1,1
vasistha,0,1,1
vasl,0,1,1
vasline,1,0,1
vaso,2,0,2
vasoli,1,1,2
vasona,0,1,1
vasool,0,1,1
vasp,0,1,1
vaspoochie,0,1,1
vasquez,1,5,6
vasquie,1,0,1
vassal,0,1,1
vassar,1,1,2
vassels,0,1,1
vassili,0,1,1
vast,17,33,50
vastly,5,11,16
vastness,2,1,3
vastus,0,1,1
vasu,2,1,3
vat,21,11,32
vata,1,0,1
vatech,1,0,1
vater,0,2,2
vatersay,0,1,1
vatfree,0,1,1
vath,0,1,1
vather,0,1,1
vati,0,1,1
vatican,6,11,17
vatikan,0,1,1
vation,0,1,1
vato,1,0,1
vatoloco,0,1,1
vatos,0,1,1
vats,1,2,3
vatta,1,0,1
vattenmelon,0,1,1
vattern,0,1,1
vatti,1,2,3
vattoz,1,0,1
vatz,0,2,2
vaud,0,1,1
vaudeville,1,1,2
vaudevillian,0,1,1
vaudville,1,0,1
vaugely,0,1,1
vaugeness,0,1,1
vaugh,1,0,1
vaughan,8,10,18
vaughn,6,15,21
vaugn,0,1,1
vaula,0,1,1
vaulkhard,1,0,1
vault,17,17,34
vaulted,1,0,1
vaulting,1,2,3
vaults,3,3,6
vaulttech,0,1,1
vauss,0,1,1
vaustralia,0,1,1
vautrin,0,1,1
vauxhall,5,1,6
vav,0,1,1
vava,2,0,2
vavavoom,0,1,1
vave,1,0,1
vavo,1,0,1
vavooh,0,1,1
vawnt,0,1,1
vax,3,0,3
vaxed,0,2,2
vaxhall,0,1,1
vaxuhall,0,1,1
vay,9,5,14
vaya,1,3,4
vayan,1,0,1
vayas,0,1,1
vaycay,6,0,6
vayiche,1,0,1
vaykay,1,5,6
vaykayy,1,0,1
vaynerchuck,0,1,1
vaynerchuk,0,2,2
vaynerchuks,0,1,1
vayvay,1,1,2
vaz,0,1,1
vazne,2,0,2
vazou,0,1,1
vazov,0,1,1
vazquez,1,0,1
vazut,2,7,9
vb,35,35,70
vba,2,1,3
vbac,0,1,1
vbad,0,1,1
vball,31,14,45
vballers,0,1,1
vballstar,0,1,1
vbase,0,1,1
vbb,1,0,1
vbc,1,0,1
vbcom,1,0,1
vbean,0,1,1
vbet,2,0,2
vbhjfslbhifs,1,0,1
vblog,1,8,9
vbox,1,5,6
vbp,0,1,1
vbrown,0,1,1
vbs,63,62,125
vbscript,2,1,3
vbtv,1,0,1
vbucks,0,1,1
vbuletin,0,1,1
vbulletin,5,3,8
vbut,1,0,1
vbx,0,1,1
vc,30,29,59
vca,0,3,3
vcan,0,1,1
vcard,1,1,2
vcarrot,0,1,1
vcast,0,1,1
vcc,1,1,2
vcd,1,3,4
vcds,0,1,1
vce,2,4,6
vcenter,3,0,3
vcer,1,0,1
vcf,2,0,2
vcfe,0,1,1
vcg,0,1,1
vchat,1,0,1
vchs,0,1,1
vcing,0,1,1
vcl,1,0,1
vclip,0,1,1
vcluxe,0,1,1
vcm,0,2,2
vcon,1,0,1
vconqr,1,0,1
vcore,0,1,1
vcr,16,8,24
vcs,4,3,7
vctoria,1,0,1
vcu,2,3,5
vcut,0,1,1
vd,7,3,10
vday,0,3,3
vdb,0,1,1
vdchiongbian,1,0,1
vdd,1,0,1
vdeo,0,1,1
vdhy,0,1,1
vdi,0,1,1
vdieo,0,1,1
vdieos,0,1,1
vdm,2,0,2
vdo,1,2,3
vdobug,0,1,1
vdodgy,1,0,1
vdoma,1,0,1
vdos,1,0,1
vdownloader,0,1,1
vdp,0,1,1
vdpau,1,0,1
vdsudeep,0,1,1
vdt,2,0,2
vdub,2,2,4
vdw,0,1,1
ve,14611,12063,26674
vea,0,2,2
veaction,1,0,1
veal,5,8,13
veamos,0,1,1
veanme,2,0,2
veary,1,0,1
veas,0,1,1
vec,0,1,1
vecation,0,2,2
vecause,0,1,1
vecchioni,0,1,1
vecel,1,0,1
veceri,0,1,1
veces,3,2,5
veche,0,1,1
vechi,0,1,1
vechukaraen,0,1,1
veci,0,1,1
veck,0,1,1
veckatimest,0,2,2
veckor,0,1,1
vecs,0,1,1
vector,16,22,38
vectorial,0,1,1
vectoring,0,2,2
vectorisering,0,1,1
vectors,7,7,14
vectra,1,1,2
ved,0,1,1
veda,2,4,6
vedada,1,0,1
vedalen,0,1,1
vedanta,0,1,1
veddar,0,1,1
vedddy,0,1,1
vedddyy,0,1,1
vedder,9,3,12
veddy,2,3,5
vede,0,2,2
vedem,1,3,4
vedere,0,1,1
vedi,1,1,2
vedia,0,1,1
veding,1,0,1
vedio,0,1,1
vedm,2,2,4
vedra,1,0,1
vedu,1,0,1
vedure,0,1,1
vee,10,18,28
veeam,1,0,1
veedeo,0,1,1
veee,0,1,1
veeeeeeee,1,0,1
veeeeeeeeeeeeeeeeeeeeeeeeeeeeeeeeeeeeeeeery,1,0,1
veeeeeeeeeeeeery,1,0,1
veeeeeeeeeery,1,0,1
veeeeeeeeem,1,0,1
veeeeeeeeery,1,0,1
veeeeeeeery,1,0,1
veeeeeeery,1,0,1
veeeeeery,0,1,1
veeeeery,2,2,4
veeeeggggggaasss,0,1,1
veeeer,1,0,1
veeeerrryyy,1,0,1
veeeery,6,6,12
veeeeryy,1,0,1
veeeety,1,0,1
veeel,0,1,1
veeery,7,14,21
veejay,0,2,2
veekend,0,1,1
veel,0,4,4
veelan,0,1,1
veelbelovend,0,1,1
veem,0,1,1
veen,1,1,2
veena,0,1,1
veency,1,0,1
veene,0,1,1
veenman,0,1,1
veeple,0,1,1
veer,6,6,12
veera,1,0,1
veerasundar,0,1,1
veering,1,1,2
veerle,1,0,1
veerobe,0,1,1
veerrry,0,2,2
veerrryyy,0,1,1
veers,1,0,1
veeru,1,0,1
veery,1,5,6
veeryyy,0,1,1
vees,1,0,1
veet,5,2,7
veetameen,0,1,1
veetee,0,1,1
veetle,0,1,1
veets,1,0,1
veever,1,0,1
veeverdone,0,1,1
veeweyde,1,0,1
veey,1,0,1
veg,71,82,153
vega,11,16,27
vegaaaas,1,0,1
vegaasss,0,1,1
vegabond,0,1,1
vegamit,1,0,1
vegan,104,157,261
vegance,0,1,1
veganism,2,4,6
veganmafia,0,1,1
veganrd,0,1,1
vegans,2,6,8
vegany,1,0,1
vegas,1005,947,1952
vegasisin,0,1,1
vegasmonster,0,1,1
vegass,1,2,3
vegasskies,1,0,1
vegasss,0,2,2
vegassss,2,1,3
vegasssss,0,1,1
vegasssssssssssssssssss,0,1,1
vegasversary,1,0,1
vegatables,0,2,2
vegatarian,1,0,1
vegatarians,0,1,1
vegayass,0,1,1
vegaz,0,1,1
vegcurious,1,0,1
vegdog,1,0,1
vege,2,5,7
vegemite,16,35,51
vegen,0,1,1
vegep,0,1,1
veges,2,8,10
vegesausage,1,0,1
vegetable,21,55,76
vegetables,25,39,64
vegetably,1,0,1
vegetabubbles,0,1,1
vegetarian,80,102,182
vegetarianism,5,6,11
vegetarianroadkill,2,0,2
vegetarians,9,12,21
vegetate,0,3,3
vegetating,1,0,1
vegetation,1,0,1
vegetative,1,1,2
vegeterian,2,5,7
vegeterians,1,0,1
vegfest,0,1,1
vegg,0,1,1
veggarden,0,1,1
veggass,0,1,1
veggetarian,0,1,1
vegggg,0,1,1
veggi,0,1,1
veggie,93,133,226
veggiebacon,0,2,2
veggiemite,0,1,1
veggiephobic,0,1,1
veggies,58,102,160
veggieshit,0,1,1
veggietales,1,2,3
veggin,2,2,4
vegging,6,15,21
veggitaaaaaaaaaaales,0,1,1
veggo,1,0,1
veggy,1,0,1
veghead,2,0,2
vegi,3,4,7
vegie,4,5,9
vegies,4,8,12
vegiie,0,1,1
vegiies,0,1,1
vegimite,0,1,1
veging,1,0,1
vegis,0,1,1
vegitables,2,0,2
vegitarian,2,8,10
vegitation,1,0,1
vego,0,1,1
vegos,1,0,1
vegreville,1,0,1
vegtable,0,1,1
vegtables,0,1,1
vegus,0,1,1
vegware,1,0,1
vegy,0,1,1
veh,1,2,3
vehemently,2,1,3
vehicle,58,34,92
vehicles,22,19,41
vehicular,1,2,3
vehuu,0,1,1
vei,0,1,1
veicas,0,1,1
veidt,1,0,1
veight,0,1,1
veil,10,17,27
veiled,0,3,3
veils,0,3,3
vein,14,14,28
veinage,0,1,1
veing,0,1,1
veins,24,25,49
veinte,0,1,1
veinticuatro,1,0,1
veintitres,0,1,1
veiny,3,0,3
veirs,0,1,1
veis,1,1,2
veishea,2,1,3
veiw,6,3,9
veiwers,1,0,1
veiwing,1,0,1
veiws,1,2,3
vejam,1,1,2
vejen,0,1,1
vejo,0,1,1
vel,1,8,9
vela,0,4,4
veladavey,1,0,1
velaquez,0,1,1
velasco,1,0,1
velasquez,0,2,2
velaz,0,1,1
velazquez,1,0,1
velcome,0,1,1
velcro,14,12,26
velcroed,0,1,1
velcroshoes,0,1,1
velcrow,1,1,2
veldez,1,0,1
veldhoven,1,0,1
veldig,1,0,1
vele,0,1,1
velet,1,0,1
velez,0,2,2
velho,0,1,1
velhos,1,0,1
veli,0,1,1
velia,1,0,1
veliko,0,1,1
veline,1,0,1
veling,0,1,1
velive,1,0,1
vella,1,2,3
vellas,1,0,1
velli,0,1,1
vellipothaa,0,1,1
vells,0,1,1
vellum,0,2,2
velly,0,1,1
velma,3,3,6
veloce,1,0,1
velocerapter,1,0,1
velocirape,1,1,2
velociraptor,4,0,4
velociraptors,1,0,1
velocity,4,8,12
velocityconf,4,0,4
velociy,1,0,1
velodrome,0,1,1
veloiciraptor,1,0,1
velos,1,0,1
velotrip,1,0,1
velotron,0,2,2
velour,2,2,4
velox,1,0,1
velperbroek,1,0,1
velria,1,0,1
velrow,1,0,1
veltvet,0,1,1
velux,0,1,1
velva,1,1,2
velveeta,4,6,10
velvet,46,72,118
velveta,0,1,1
velveteen,1,0,1
velvetella,0,1,1
velvetpage,0,1,1
velvety,1,1,2
velvia,1,0,1
vem,3,8,11
vemma,1,1,2
vemmmeh,0,1,1
vemmy,1,0,1
vemo,1,1,2
vemos,4,0,4
vems,0,1,1
ven,5,5,10
vena,2,0,2
venables,1,0,1
venado,1,0,1
venas,1,0,1
venceram,0,2,2
vend,1,0,1
vendakkai,0,1,1
vendatha,1,0,1
vendawp,0,1,1
vender,1,1,2
venders,1,0,1
vendetta,7,11,18
vendetti,0,1,1
vendiga,1,0,1
vendin,0,1,1
vending,53,24,77
vendita,0,1,1
vendo,1,4,5
vendor,16,31,47
vendors,24,22,46
vendredi,0,1,1
vendrtv,0,1,1
vends,0,2,2
veneck,1,0,1
veneer,2,0,2
veneers,0,1,1
venegoor,0,1,1
venelia,0,1,1
veneman,1,0,1
venerable,1,3,4
veneracion,0,1,1
venereal,1,1,2
venesection,1,0,1
venessa,0,2,2
veneta,0,1,1
venetia,1,1,2
venetian,10,9,19
venetians,0,1,1
venetions,1,0,1
veneto,1,1,2
venezia,1,2,3
venezolana,0,1,1
venezuela,35,45,80
venezuelaa,2,1,3
venezuelaaa,0,1,1
venezuelaaaa,1,0,1
venezuelaaaaaaaa,0,1,1
venezuelan,3,6,9
venezuellaa,1,0,1
venga,0,4,4
vengaboys,0,2,2
vengabus,0,1,1
vengadoomchicks,0,1,1
vengance,1,1,2
venganza,1,2,3
vengas,0,1,1
venge,0,1,1
vengeance,13,11,24
vengeful,1,2,3
vengefully,0,1,1
vengence,6,0,6
venice,55,61,116
vening,0,1,1
venipucnture,1,0,1
venir,2,0,2
venison,4,1,5
venit,1,3,4
venitian,0,1,1
venkman,1,1,2
venky,0,2,2
venlo,0,1,1
venn,1,2,3
vennen,0,1,1
veno,1,0,1
venom,15,5,20
venomfangx,0,1,1
venomous,2,3,5
venoms,1,1,2
venomspite,1,0,1
venpick,0,1,1
vent,81,54,135
ventaja,0,1,1
ventaliting,1,0,1
ventalition,1,0,1
ventalks,0,1,1
ventana,1,0,1
vente,2,0,2
vented,0,4,4
venti,16,32,48
ventian,0,1,1
ventilate,0,1,1
ventilated,0,2,2
ventilatiom,1,0,1
ventilation,4,3,7
ventilator,7,0,7
ventillation,1,0,1
ventimiglia,5,1,6
ventimiliga,0,1,1
ventin,1,0,1
venting,19,27,46
vention,0,1,1
ventnor,1,0,1
ventnorblog,0,1,1
vento,2,0,2
ventolin,4,0,4
ventoux,2,1,3
ventral,1,0,1
ventricle,2,0,2
ventrillo,0,1,1
ventrilo,3,0,3
ventriloquist,1,1,2
vents,5,1,6
ventttt,1,0,1
venttttt,1,0,1
ventuetix,0,1,1
ventura,23,23,46
venturaa,1,0,1
venture,47,67,114
ventured,7,5,12
ventureoutside,1,0,1
venturers,1,0,1
ventures,16,6,22
venturing,11,8,19
venu,2,0,2
venue,135,144,279
venueee,0,1,1
venues,20,15,35
venus,24,27,51
venutre,1,0,1
venzuela,1,0,1
veo,5,6,11
veoh,2,1,3
veolia,1,1,2
veornica,1,0,1
vep,2,0,2
ver,69,75,144
vera,44,47,91
veracioushost,0,1,1
veracity,0,1,1
veral,1,0,1
veramundo,2,0,2
veranda,2,6,8
verano,0,1,1
verarsche,0,1,1
veras,0,1,1
verata,1,0,1
verayy,0,1,1
verb,7,30,37
verbage,0,1,1
verbal,13,15,28
verbalize,0,1,1
verbally,7,6,13
verballyattack,1,0,1
verbatim,2,2,4
verbatym,0,1,1
verbe,0,1,1
verbena,1,2,3
verbiage,2,1,3
verbinski,2,0,2
verbizon,0,1,1
verblendungszusammenhang,0,1,1
verbo,1,0,1
verbos,0,1,1
verbose,2,2,4
verbosity,0,1,1
verbotene,1,0,1
verbrennen,0,4,4
verbs,9,7,16
verbunden,0,1,1
verchiel,1,0,1
verdad,1,3,4
verdade,2,2,4
verdammt,3,0,3
verdant,1,1,2
verdasco,9,1,10
verde,7,6,13
verden,0,1,1
verder,0,1,1
verdeutschen,0,1,1
verdi,0,4,4
verdict,43,25,68
verdiend,0,1,1
verdient,0,1,1
verdino,1,0,1
verdorie,1,0,1
verdy,3,0,3
vere,1,3,4
verebilirsin,0,1,1
veree,0,1,1
vereen,0,1,1
vereh,1,0,1
verejne,0,1,1
veremos,0,1,1
verena,2,3,5
verenise,1,0,1
veresion,0,1,1
verey,1,0,1
verfolgern,0,1,1
verg,2,0,2
verga,2,1,3
vergadering,1,0,1
verge,66,13,79
vergertarian,0,1,1
vergessen,1,2,3
vergessene,0,1,1
vergeten,2,2,4
vergin,2,0,2
verging,0,1,1
vergions,1,0,1
vergith,0,1,1
verhelpen,0,1,1
verhindert,0,1,1
verhofstadt,1,1,2
veri,4,1,5
verici,0,1,1
vericose,1,0,1
verie,2,0,2
verif,1,0,1
verifeid,1,0,1
verifiable,0,1,1
verific,1,0,1
verification,14,4,18
verifications,2,0,2
verified,22,29,51
verify,23,19,42
verifying,2,3,5
verifyregistration,0,1,1
verii,1,1,2
verily,1,3,4
verionicas,0,1,1
verisign,1,1,2
verison,4,3,7
veritable,1,5,6
veritas,2,2,4
verities,0,1,1
verity,3,4,7
verizion,2,1,3
verizon,218,57,275
verizons,2,0,2
verizont,1,0,1
verjaardag,0,1,1
verjetno,0,1,1
verkeerd,0,1,1
verkl,0,1,1
verklempt,1,1,2
verkouden,0,1,1
verl,1,0,1
verla,0,1,1
verlander,6,0,6
verliebt,0,1,1
verlinkung,0,1,1
verloren,0,1,1
verlos,1,0,1
verltodd,0,1,1
verly,1,0,1
vermaelen,1,1,2
verme,0,1,1
vermeer,0,3,3
vermilion,1,0,1
vermillion,2,0,2
vermin,1,0,1
vermisse,1,0,1
vermont,23,23,46
vermonter,1,0,1
vermouth,4,1,5
vermy,0,1,1
vern,4,6,10
vernacualr,0,1,1
vernacular,1,3,4
vernae,2,0,2
vernal,1,0,1
verne,0,4,4
vernicima,0,1,1
vernicole,1,0,1
vernieuwd,0,1,1
vernissage,4,1,5
vernon,14,19,33
vernors,1,2,3
vero,14,14,28
veroinicas,0,1,1
veron,3,2,5
verona,2,4,6
veroncias,0,1,1
veronic,0,1,1
veronica,48,45,93
veronicas,27,108,135
veronicass,0,1,1
veronicca,1,0,1
veronika,1,3,4
veronikparanoid,0,1,1
veronique,1,3,4
veronnica,2,0,2
verop,0,1,1
veros,2,0,2
verpass,1,0,1
verpennt,1,0,1
verr,0,1,1
verra,1,1,2
verrah,1,0,1
verray,0,1,1
verrazano,0,1,1
verrerrrry,0,1,1
verrii,0,1,1
verron,1,0,1
verrrie,1,0,1
verrrr,0,1,1
verrrrrrrry,1,0,1
verrrrrrry,0,5,5
verrrrrry,1,1,2
verrrrry,7,2,9
verrrry,8,7,15
verrrryy,1,0,1
verrry,19,14,33
verrryy,0,1,1
verrryyy,1,1,2
verrryyyyy,0,1,1
verruca,1,0,1
verrucas,1,0,1
verruccas,0,1,1
verrve,0,1,1
verry,35,34,69
verryy,2,2,4
verryyy,1,1,2
verryyyy,2,1,3
verryyyyy,1,0,1
vers,4,7,11
versa,18,38,56
versace,2,1,3
versaces,1,0,1
versad,1,0,1
versaemerge,2,7,9
versailles,3,1,4
versary,0,3,3
versatile,2,9,11
versatility,1,1,2
versation,0,1,1
verschwommen,1,0,1
verse,44,71,115
versed,4,0,4
verseghy,0,1,1
versehen,1,0,1
verses,8,18,26
versi,1,1,2
versify,0,1,1
versiju,0,1,1
versing,0,1,1
versinken,1,0,1
versino,1,0,1
version,859,1026,1885
versionapp,0,1,1
versioning,1,2,3
versions,78,73,151
versionsapp,0,1,1
versn,1,0,1
verson,1,1,2
versprochen,2,0,2
verstandlich,0,1,1
versteeg,1,1,2
versuch,0,2,2
versuchen,0,1,1
versus,34,31,65
versvika,0,1,1
versy,0,1,1
versys,0,1,1
vert,1,2,3
vertabrae,1,0,1
vertago,1,0,1
verte,0,2,2
vertebra,2,0,2
vertebrae,3,1,4
vertebrate,1,0,1
vertebrates,1,0,1
verterinarian,1,0,1
vertex,2,1,3
vertible,2,0,2
vertical,21,19,40
verticalchinese,0,1,1
vertically,5,5,10
verticalmouse,1,0,1
verticalwaveflc,0,1,1
vertico,0,1,1
vertigo,23,13,36
vertigrounous,1,0,1
vertov,0,1,1
verts,1,0,1
vertyyyya,0,1,1
veru,0,1,1
veruc,0,1,1
veruca,1,2,3
verus,1,0,1
verve,4,10,14
vervelend,1,0,1
vervellen,1,0,1
ververy,0,1,1
vervolgd,1,0,1
verwin,0,1,1
very,12960,13932,26892
veryan,0,1,1
veryangry,1,0,1
verybaby,0,1,1
verybadman,0,1,1
verybadoptus,1,0,1
veryberrymuchhh,1,0,1
veryenjoyable,1,0,1
veryexcellentsurprise,0,1,1
verylittle,1,0,1
verymuchalot,1,0,1
verymuchpleased,0,1,1
veryoddperson,1,0,1
veryone,2,0,2
veryrainyday,1,0,1
verys,0,1,1
verysad,1,0,1
verysleepy,1,0,1
veryt,0,1,1
veryvague,0,1,1
veryvery,5,4,9
veryverybellynice,1,0,1
veryverymuch,0,1,1
veryveryvery,4,1,5
veryveryveryvery,1,0,1
verywhereit,1,0,1
veryy,31,34,65
veryyy,17,15,32
veryyyy,8,6,14
veryyyyy,2,2,4
veryyyyyy,0,1,1
veryyyyyyy,1,1,2
veryyyyyyyy,1,0,1
veryyyyyyyyyy,1,0,1
veryyyyyyyyyyyy,1,0,1
verze,1,0,1
verzi,0,1,1
verzion,2,1,3
verzoletto,1,3,4
ves,2,12,14
vesa,1,1,2
vesak,2,2,4
vesele,0,1,1
veshe,1,0,1
vesi,0,1,1
vesion,0,2,2
vesp,0,1,1
vespa,13,14,27
vespas,0,1,1
vesper,1,1,2
vesperaneo,0,1,1
vesperia,3,0,3
vespers,1,0,1
vesrsions,0,1,1
vess,0,2,2
vessel,5,3,8
vessels,3,4,7
vest,25,34,59
vesta,4,0,4
vestarted,0,1,1
vestas,0,1,1
vestavia,3,2,5
vested,0,3,3
vestibular,2,0,2
vestibule,1,0,1
vestic,0,1,1
vestido,1,1,2
vestige,0,1,1
vestra,0,1,1
vests,6,11,17
vesuvio,0,2,2
vesuvios,0,1,1
veszpr,1,0,1
vet,689,76,765
veta,1,0,1
vetel,1,0,1
veter,1,0,1
veteran,10,18,28
veteranarian,0,1,1
veterans,7,12,19
veterians,1,0,1
veterinarian,2,0,2
veterinarians,1,0,1
veterinary,5,4,9
veterine,1,0,1
veternans,0,1,1
vethakozhambu,0,1,1
vetiver,0,3,3
vetivergirl,0,1,1
veto,4,5,9
vetoed,10,1,11
vetoes,1,0,1
vetrans,0,1,1
vets,97,17,114
vetsinou,1,0,1
vetst,0,1,1
vetsulin,2,0,2
vettaaa,1,0,1
vette,2,3,5
vetted,1,1,2
vettel,37,53,90
vetter,1,0,1
vettes,0,1,1
vettiness,0,1,1
vettori,1,0,1
vettutaanga,0,1,1
vety,1,0,1
veut,1,0,1
veuve,2,1,3
veux,1,0,1
vevey,1,0,1
vevmo,0,1,1
vew,0,3,3
vewfaw,0,1,1
vewied,1,0,1
vews,1,0,1
vewwy,1,3,4
vewy,6,21,27
vex,6,1,7
vexas,1,0,1
vexation,2,0,2
vexed,4,0,4
vexen,0,1,1
vexerai,0,1,1
vexing,0,2,2
vexx,2,0,2
vey,27,18,45
veyr,3,0,3
veyron,2,0,2
veys,1,0,1
vez,10,6,16
vezalke,0,1,1
vezax,1,0,1
vezde,0,1,1
vezes,1,4,5
vezina,1,1,2
vezmu,1,0,1
vf,4,4,8
vfact,0,1,1
vfactory,3,15,18
vfactorys,1,0,1
vfc,27,33,60
vfcs,2,0,2
vfest,3,1,4
vfestival,0,2,2
vfgn,0,1,1
vfl,2,1,3
vfm,0,1,1
vfr,2,0,2
vfriends,1,0,1
vfth,2,4,6
vfusion,0,1,1
vfv,0,2,2
vfw,1,1,2
vfx,1,3,4
vg,7,4,11
vga,13,5,18
vgardens,0,1,1
vgchartz,0,1,1
vgggggffghjjjjjgfffcc,1,0,1
vgh,1,1,2
vghuroendgr,1,0,1
vgin,0,1,1
vgl,4,2,6
vglsea,1,0,1
vgs,0,2,2
vgtribune,1,0,1
vh,62,65,127
vhan,1,0,1
vhat,0,1,1
vhay,1,0,1
vhd,1,4,5
vheissu,1,0,1
vhemt,1,0,1
vhf,1,2,3
vhhhhy,1,0,1
vhi,1,1,2
vhils,0,1,1
vhits,1,0,1
vhjhkbjnpkon,0,1,1
vhjxsuiuyt,0,1,1
vhong,0,2,2
vhores,0,1,1
vhs,35,36,71
vhss,0,1,1
vhu,1,0,1
vi,49,96,145
via,1169,1863,3032
viaaaaa,0,1,1
viable,10,11,21
viacom,2,0,2
viadigg,1,0,1
viado,0,1,1
viaduct,0,4,4
viagem,0,3,3
viaggio,2,0,2
viagogo,0,1,1
viagra,8,19,27
viajando,1,1,2
viajar,0,1,1
viaje,1,0,1
vial,2,0,2
viallis,0,1,1
vials,4,2,6
vian,2,0,2
viana,1,0,1
vianca,1,1,2
viand,0,1,1
vianny,1,0,1
viao,2,0,2
viasandiego,0,1,1
viata,0,1,1
viatec,0,1,1
viatnam,0,1,1
viaton,1,0,1
viatophy,1,0,1
vib,1,1,2
vibant,0,1,1
vibating,0,1,1
vibe,52,90,142
vibeage,0,1,1
vibed,0,1,1
vibein,1,0,1
vibeology,0,2,2
viberate,1,0,1
vibert,1,0,1
vibes,102,166,268
vibesss,2,0,2
vibesssssssss,0,1,1
vibey,0,3,3
vibez,1,0,1
vibgyor,1,0,1
vibhisanha,0,1,1
vibin,1,5,6
vibing,1,10,11
vibn,0,1,1
vibo,1,0,1
vibora,1,0,1
vibram,2,2,4
vibrance,0,1,1
vibrancy,0,1,1
vibrant,3,19,22
vibrantcms,0,1,1
vibrantly,0,2,2
vibraphone,0,2,2
vibrate,29,12,41
vibrated,1,0,1
vibrateless,1,0,1
vibrater,1,0,1
vibrates,10,4,14
vibratey,0,1,1
vibrating,16,11,27
vibration,4,8,12
vibrational,0,1,1
vibrations,7,13,20
vibrato,0,2,2
vibrator,4,8,12
vibrators,0,3,3
viburnum,0,1,1
vic,59,54,113
vicadin,3,2,5
vicam,1,0,1
vicar,1,8,9
vicarious,2,3,5
vicariously,24,43,67
vicatin,1,0,1
viccek,0,2,2
vice,39,70,109
viceeee,0,1,1
viceeeeeee,0,1,1
viceland,0,1,1
vicellio,1,0,1
vicente,4,3,7
viceo,0,2,2
viceroy,1,2,3
vices,3,2,5
viceversa,1,3,4
vich,0,1,1
vichairy,1,0,1
vicheka,1,0,1
vichy,1,0,1
vichyssoise,0,1,1
vici,2,1,3
vicia,1,1,2
viciad,1,0,1
viciada,0,2,2
viciado,0,2,2
viciandoo,1,0,1
viciante,2,0,2
viciar,0,1,1
viciei,3,5,8
viciiei,0,1,1
vicinity,7,9,16
vicino,1,0,1
vicious,36,37,73
viciously,2,1,3
vicissitudes,0,1,1
viciu,1,0,1
vick,10,5,15
vickers,3,3,6
vickery,1,0,1
vickets,0,1,1
vickey,1,2,3
vickg,0,1,1
vicki,13,28,41
vickie,3,7,10
vickiee,0,1,1
vickies,4,0,4
vickiiiiiiii,0,1,1
vickil,0,1,1
vickna,0,1,1
vicks,21,7,28
vicksburg,1,0,1
vicksta,1,0,1
vickster,1,0,1
vicky,37,70,107
vickycristinabarcelona,0,1,1
vickykins,1,0,1
vickys,0,2,2
vickyt,2,1,3
vickytlove,0,1,1
vickywoodford,0,1,1
vicoden,4,1,5
vicodin,49,9,58
vicodine,1,0,1
vicodinisgreat,0,1,1
viconia,0,1,1
vicor,2,0,2
vicotr,0,1,1
vics,3,1,4
vict,1,0,1
victas,0,1,1
victem,1,0,1
victim,80,37,117
victime,1,0,1
victimised,0,1,1
victimization,0,1,1
victimized,1,0,1
victimizing,1,0,1
victims,88,24,112
victiria,0,1,1
victizzle,0,1,1
victms,1,0,1
victoia,1,0,1
victoire,0,1,1
victom,1,0,1
victooooorr,0,1,1
victor,30,49,79
victoria,132,216,348
victoriaa,0,1,1
victoriaaa,0,1,1
victoriaaaaa,0,1,1
victoriabank,1,0,1
victoriaday,0,1,1
victorialorel,0,1,1
victorian,6,6,12
victorians,3,1,4
victoriarooms,0,1,1
victorias,7,11,18
victoriastafford,1,0,1
victoriatweetup,0,1,1
victories,2,10,12
victoriiaaaa,1,0,1
victorine,1,0,1
victorino,0,1,1
victorinox,0,3,3
victorios,1,0,1
victorious,5,15,20
victoriously,1,0,1
victorius,0,1,1
victoriya,1,0,1
victors,0,1,1
victorv,0,1,1
victorville,4,3,7
victorvillle,1,0,1
victory,61,156,217
victorychurch,0,1,1
victube,1,0,1
victums,0,1,1
vid,468,679,1147
vida,17,30,47
vidal,2,2,4
vidalia,0,1,1
vidazorb,0,1,1
vidblogs,0,1,1
vidcam,0,1,1
vidcast,1,0,1
vidcasts,1,0,1
vidchat,0,1,1
vidchattin,0,1,1
viddd,1,0,1
vidddsss,1,0,1
viddler,0,4,4
viddqh,1,0,1
viddy,0,2,2
vide,4,5,9
videa,1,0,1
videeo,0,1,1
videeoo,0,1,1
videeooo,0,1,1
videh,0,1,1
videio,0,1,1
videl,0,2,2
video,2804,4284,7088
videoa,0,1,1
videoblog,0,4,4
videocall,1,0,1
videocam,2,1,3
videocamera,2,0,2
videocard,6,2,8
videocast,1,2,3
videocentro,1,0,1
videochat,2,5,7
videochatting,1,2,3
videoclip,2,5,7
videoclipe,0,2,2
videoclips,0,2,2
videoconf,0,1,1
videod,0,1,1
videodrome,1,0,1
videoed,4,3,7
videoes,2,0,2
videofeed,1,0,1
videogame,7,6,13
videogameaddiction,1,0,1
videogamefail,1,0,1
videogames,11,14,25
videogamesnewyork,1,0,1
videogamesplus,1,0,1
videogamez,0,1,1
videogaming,0,2,2
videographer,1,3,4
videographers,0,2,2
videography,0,1,1
videogum,1,0,1
videohh,0,1,1
videohistoria,0,1,1
videohits,0,1,1
videohive,0,1,1
videoing,6,4,10
videoke,3,7,10
videolog,0,1,1
videomag,1,3,4
videomail,0,1,1
videomatica,0,1,1
videomic,0,2,2
videomovie,1,0,1
videonow,0,1,1
videonya,0,3,3
videoo,6,13,19
videoon,0,1,1
videooo,1,8,9
videoooo,0,4,4
videooooo,0,2,2
videooooooo,2,0,2
videoooooooo,0,1,1
videoooooz,1,0,1
videooos,0,1,1
videoooss,0,1,1
videop,1,0,1
videopress,0,1,1
videorecord,0,1,1
videos,795,1144,1939
videoscope,0,2,2
videoserialu,0,1,1
videoshoot,5,12,17
videotape,3,4,7
videotaped,2,1,3
videotapes,0,1,1
videotlv,0,1,1
videotron,0,2,2
videovia,1,0,1
videovideovideo,0,1,1
videoz,1,2,3
vides,1,1,2
videt,1,0,1
vidgame,1,0,1
vidi,5,5,10
vidic,1,0,1
vidio,0,1,1
vidios,2,1,3
vidiot,0,1,1
vidis,0,1,1
vidit,0,1,1
viditelne,1,0,1
vidjagame,1,0,1
vidmaster,1,0,1
vido,1,0,1
vidoe,2,4,6
vidoemag,1,0,1
vidoes,3,5,8
vidor,1,0,1
vids,228,369,597
vidss,0,2,2
vidsss,0,1,1
vidssss,0,1,1
vidtweeter,0,1,1
vidually,0,1,1
vidvidvid,0,1,1
vidya,2,0,2
vidyas,0,1,1
vidyo,0,1,1
vidz,4,5,9
vidzone,7,2,9
vidzzz,1,0,1
vie,24,28,52
viec,1,0,1
viedeo,0,1,1
viedos,0,1,1
viegl,0,1,1
viehl,0,1,1
vieja,3,1,4
viejaa,1,0,1
viejaaaaa,0,1,1
viejas,1,1,2
viejito,1,0,1
viejitos,1,0,1
viejo,1,1,2
viejos,1,0,1
viel,1,14,15
vielen,0,8,8
vielha,1,0,1
vielle,1,0,1
vielleicht,0,2,2
viem,2,0,2
viemu,1,0,1
vien,1,1,2
viena,2,1,3
vienam,1,0,1
viendo,8,24,32
viendoo,0,1,1
viene,1,4,5
vieneeeeeeeeeeeeeee,0,1,1
vienes,1,0,1
vienetta,2,1,3
vienk,0,1,1
vienn,1,0,1
vienna,42,44,86
viennese,1,3,4
viennetta,1,0,1
viennoziimiigi,0,1,1
viennu,1,0,1
viens,2,5,7
vient,0,1,1
vientiane,2,2,4
vientos,0,1,1
vienus,1,0,1
vieo,1,1,2
vieogames,0,1,1
vier,0,3,3
viera,0,1,1
viermii,0,1,1
viernes,1,7,8
viernesss,0,1,1
viernesssssssssssssssssssssssssssssssss,0,1,1
vierra,0,1,1
viertel,0,1,1
vies,0,1,1
viesco,0,1,1
viet,9,17,26
vietcong,0,1,1
vietnam,51,48,99
vietnamese,22,30,52
vietnamm,1,0,1
viettel,2,0,2
vietti,0,1,1
view,486,691,1177
viewable,9,3,12
viewed,22,25,47
viewer,16,14,30
viewers,38,31,69
viewership,1,2,3
viewfinder,3,3,6
viewfromvegas,0,1,1
viewidge,0,1,1
viewin,2,0,2
viewing,89,99,188
viewings,8,3,11
viewmymessage,0,1,1
viewpoint,4,4,8
viewpoints,1,5,6
views,106,179,285
viewse,1,0,1
viewsonic,1,0,1
viewty,4,5,9
vieww,1,0,1
viewz,0,2,2
viewzi,1,0,1
vif,0,1,1
vigan,1,1,2
vigarous,1,0,1
vigenary,0,1,1
vigerously,1,0,1
viget,1,0,1
viggers,0,1,1
viggo,0,6,6
vigil,12,2,14
vigilant,3,6,9
vigilante,2,1,3
vigilantly,0,1,1
vigils,0,1,1
vigiluccis,1,0,1
viginia,1,0,1
viginity,0,1,1
vignan,0,1,1
vignaud,0,1,1
vigne,0,1,1
vignesh,1,1,2
vignettes,1,1,2
vignola,0,1,1
vigoda,1,0,1
vigor,0,2,2
vigorous,3,4,7
vigorously,3,5,8
vigour,1,1,2
vigra,0,1,1
vii,4,11,15
viibe,0,1,1
viigo,5,6,11
viii,3,6,9
viiicccttoooorrriiiaaa,1,0,1
viiiiel,1,0,1
viiiiiiiiiiiiinyls,0,1,1
viiiirrrrrgosssss,0,1,1
viiissiitt,1,0,1
viiisto,1,0,1
viiiva,0,1,1
viikii,1,0,1
viist,1,0,1
viitoare,1,0,1
vijay,0,5,5
vijayanagar,1,0,1
vijaynagar,0,1,1
vijoy,0,1,1
vijver,1,0,1
vik,3,1,4
vika,2,3,5
vikadin,0,1,1
vikas,0,2,2
vikat,1,0,1
vike,0,2,2
vikernes,1,2,3
vikes,1,2,3
vikhroli,0,1,1
viki,2,2,4
viking,15,21,36
vikings,14,6,20
vikingtour,1,0,1
vikira,1,0,1
vikisaurus,1,0,1
vikk,0,1,1
vikki,10,16,26
vikos,1,0,1
vikram,1,0,1
viktor,1,2,3
viktoria,1,0,1
viktorio,0,1,1
vil,1,2,3
vila,1,0,1
vilage,1,0,1
vilaine,1,0,1
vilains,1,0,1
vilano,0,1,1
vile,18,18,36
vilee,0,1,1
vileeeee,1,0,1
vileness,1,1,2
vileplume,0,1,1
viles,1,0,1
vili,1,0,1
viliv,0,1,1
vill,1,1,2
villa,30,33,63
villaaaaaaaaaaa,1,0,1
villacari,1,0,1
villadelavalle,1,0,1
villafane,1,0,1
villag,1,0,1
village,92,148,240
villagee,0,2,2
villageness,0,1,1
villager,2,1,3
villagers,3,2,5
villages,4,2,6
villagesalzgitter,1,0,1
villagetelco,0,1,1
villaging,1,0,1
villagio,0,1,1
villain,11,20,31
villainess,2,2,4
villains,5,5,10
villan,2,4,6
villaneous,0,1,1
villanis,0,1,1
villans,0,3,3
villar,1,0,1
villareal,1,1,2
villarreal,2,1,3
villaruuuuuz,1,0,1
villas,2,2,4
villasenor,0,1,1
ville,49,32,81
villefranche,0,2,2
villeneuve,0,1,1
villette,0,1,1
villey,1,0,1
villi,1,0,1
villiage,2,3,5
villian,5,6,11
villiann,0,1,1
villians,2,2,4
villiers,1,2,3
villin,0,2,2
villipoto,1,0,1
villopoto,1,0,1
villu,0,1,1
villy,0,2,2
vilma,0,1,1
vilmarie,1,0,1
vilnius,1,2,3
viloence,0,1,1
viloria,0,2,2
vilte,1,1,2
vim,8,15,23
viman,0,1,1
vimba,0,1,1
vimeo,23,17,40
vimeoed,1,0,1
vimeos,0,1,1
vimg,0,1,1
vimgpro,0,2,2
vimperator,3,1,4
vimto,4,8,12
vin,23,29,52
vina,1,2,3
vinager,1,0,1
vinaigrette,3,2,5
vinas,1,0,1
vinayak,0,1,1
vinc,0,1,1
vincas,1,0,1
vince,35,47,82
vincennes,0,1,1
vincent,27,37,64
vincentiant,0,1,1
vincents,0,1,1
vincenza,1,0,1
vincenzo,0,2,2
vinces,2,1,3
vinci,17,42,59
vincija,0,1,1
vincity,0,1,1
vincotto,1,0,1
vincy,1,1,2
vind,0,2,2
vinda,0,6,6
vindaloo,1,4,5
vindaloooo,1,0,1
vinde,2,0,2
vindecare,0,1,1
vindicate,0,1,1
vindicated,1,2,3
vindication,0,3,3
vindicia,0,1,1
vindictive,0,2,2
vindo,1,9,10
vindows,0,1,1
vindria,0,1,1
vindt,0,1,1
vine,19,25,44
vinecast,0,1,1
vinedo,1,0,1
vinegar,32,44,76
vinegarette,0,1,1
vineger,1,2,3
vinegrette,0,1,1
vineland,2,2,4
vineman,0,1,1
vinergary,1,0,1
vineri,1,2,3
vines,82,263,345
vinesian,0,1,1
viness,0,1,1
vinessss,1,0,1
vineyard,5,17,22
vineyards,1,4,5
ving,0,2,2
vingar,1,0,1
vingear,1,0,1
vingette,1,0,1
vingettes,1,0,1
vinh,1,2,3
vinho,0,1,1
vini,1,2,3
vinigar,1,0,1
vinil,1,1,2
vinings,1,2,3
vinitalia,0,1,1
vinjsh,0,1,1
vinkje,0,1,1
vinner,0,1,1
vinnie,7,16,23
vinnies,1,0,1
vinno,0,1,1
vinny,6,24,30
vinnys,1,0,1
vino,18,44,62
vinofino,1,0,1
vinos,2,1,3
vins,1,0,1
vinskies,1,0,1
vinson,2,1,3
vint,0,1,1
vintage,71,152,223
vintagee,0,1,1
vinter,0,1,1
vinternoll,0,1,1
vintila,0,1,1
vintner,1,0,1
vintners,0,1,1
vintsymposium,0,1,1
viny,1,0,1
vinyasa,1,2,3
vinyemeer,0,1,1
vinyl,44,75,119
vinylfitness,0,1,1
vinylmation,0,1,1
vinyls,2,7,9
vinylsunday,1,0,1
vio,1,0,1
viocdins,1,0,1
vioce,3,2,5
viocyanider,0,1,1
viogner,0,1,1
viognier,0,1,1
viol,1,0,1
viola,9,13,22
violate,5,3,8
violated,44,9,53
violates,3,0,3
violating,4,0,4
violation,16,8,24
violations,3,3,6
violator,0,1,1
violators,0,1,1
violence,108,39,147
violens,1,0,1
violent,59,27,86
violently,16,3,19
violenttt,0,1,1
violet,20,28,48
violets,4,7,11
violette,1,0,1
violin,48,78,126
violine,1,1,2
violined,0,1,1
violing,0,1,1
violings,1,0,1
violinist,3,1,4
violinists,1,0,1
violinnn,1,0,1
violins,8,7,15
violinst,0,1,1
violist,0,1,1
violla,1,0,1
violon,0,1,1
viomalin,0,1,1
vion,0,1,1
vionnet,0,1,1
vios,1,1,2
viosphere,0,1,1
vip,161,1632,1793
viparita,1,0,1
vipassana,0,1,1
vipeers,0,1,1
viper,7,11,18
viperes,0,1,1
viperroom,1,0,1
vipers,3,1,4
vipforlife,0,1,1
viphone,1,0,1
vipi,1,2,3
vipp,1,0,1
vippppppp,1,0,1
vips,4,6,10
vique,0,1,1
vir,3,2,5
virac,1,0,1
virada,0,1,1
virago,0,1,1
viral,37,32,69
virally,1,0,1
viralmkt,0,1,1
viralogy,0,2,2
viralradio,0,1,1
viram,0,1,1
virando,1,0,1
virar,2,0,2
viray,1,0,1
virb,0,1,1
virelais,1,0,1
virer,0,1,1
virg,1,3,4
virge,1,0,1
virgem,0,1,1
virgen,1,0,1
virgi,1,0,1
virgil,3,1,4
virgin,155,140,295
virgina,7,7,14
virginal,0,1,1
virginatlantic,2,0,2
virginblue,1,0,1
virginfest,1,0,1
virginia,110,103,213
virginiam,0,1,1
virginians,1,0,1
virginity,7,29,36
virginized,0,1,1
virginmedia,2,1,3
virginmegaguess,0,1,1
virginmobile,2,0,2
virginmobilefail,1,0,1
virginradio,0,1,1
virgins,11,10,21
virgintrains,1,0,1
virgiz,1,0,1
virgnia,1,1,2
virgnis,1,0,1
virgo,8,18,26
virgoobs,0,1,1
virgos,1,4,5
viri,1,0,1
viria,1,0,1
viridian,1,0,1
viriginia,0,1,1
virii,1,0,1
viritual,0,1,1
virius,1,0,1
virizon,0,1,1
virl,1,5,6
virm,0,1,1
virnisha,1,0,1
viro,1,0,1
virology,0,1,1
viroqua,0,1,1
virose,1,0,1
virou,2,1,3
virpi,1,0,1
virrete,1,0,1
virs,1,0,1
virt,3,0,3
virtua,6,7,13
virtual,137,223,360
virtuala,0,1,1
virtualbox,15,13,28
virtualdub,0,1,1
virtualisation,2,0,2
virtualise,0,1,1
virtualised,1,0,1
virtuality,3,2,5
virtualization,2,4,6
virtualize,1,1,2
virtualized,0,2,2
virtualkiss,1,0,1
virtuall,0,1,1
virtually,34,31,65
virtualmachines,0,1,1
virtualne,0,1,1
virtualpc,0,1,1
virtualthea,0,1,1
virtuatennis,1,0,1
virtue,7,23,30
virtueal,0,1,1
virtuelle,0,1,1
virtues,3,5,8
virtulisation,0,1,1
virtulization,0,1,1
virtuosity,0,1,1
virtuoso,0,1,1
virtuosos,1,1,2
virtuous,1,9,10
virtuoustic,0,1,1
virtus,0,1,1
virtutis,0,1,1
viru,1,2,3
virual,0,1,1
viruis,1,0,1
virulent,2,0,2
virulentos,0,1,1
virus,422,119,541
virused,1,0,1
viruses,48,20,68
virusii,0,1,1
virusscanner,1,0,1
virusses,0,1,1
virustotal,1,0,1
virusy,1,1,2
virusyy,1,0,1
viry,0,1,1
vis,8,8,16
visa,107,87,194
visabeira,0,1,1
visage,0,4,4
visalia,1,2,3
visapincode,1,0,1
visareqs,1,0,1
visas,10,5,15
visat,0,1,1
visayas,0,1,1
visaz,0,1,1
visby,1,0,1
viscceral,1,0,1
visceral,1,2,3
viscious,1,0,1
visciously,1,0,1
viscom,3,2,5
viscosities,0,1,1
viscott,0,1,1
viscount,0,1,1
viscous,2,0,2
vise,1,2,3
visene,0,1,1
viser,1,0,1
viseth,0,1,1
viseze,1,0,1
vishal,2,3,5
visharada,0,2,2
vishel,0,1,1
vishesham,0,1,1
visheshk,1,0,1
vishnu,0,1,1
vishnugopal,1,0,1
vishnupsp,0,1,1
vishu,0,1,1
vishwa,0,1,1
visi,2,3,5
visiable,1,0,1
visial,0,1,1
visialize,0,1,1
visialvoicemail,1,0,1
visib,0,1,1
visibility,4,6,10
visibilty,1,0,1
visible,42,36,78
visibledust,1,0,1
visibly,4,4,8
visic,1,0,1
visiems,0,1,1
visiiiiiiit,0,1,1
visiita,0,1,1
visine,1,2,3
visio,5,5,10
vision,93,109,202
visionaries,0,1,1
visionary,3,12,15
visionboard,0,1,1
visionclub,0,1,1
visionexpress,1,0,1
visionobjects,0,1,1
visions,13,21,34
visisted,0,1,1
visisting,1,0,1
visit,1377,2041,3418
visita,1,1,2
visitaaa,1,0,1
visitaaaaaaa,0,1,1
visitage,1,0,1
visitar,0,1,1
visitas,1,0,1
visitasz,1,0,1
visitation,13,2,15
visitations,0,1,1
visitbritain,1,0,1
visite,3,4,7
visiteach,0,1,1
visited,123,166,289
visiteem,0,1,1
visitent,1,0,1
visithraa,1,0,1
visiti,0,1,1
visitin,9,9,18
visiting,335,451,786
visitingchile,2,0,2
visitingg,0,1,1
visitings,1,0,1
visitis,1,0,1
visitmix,1,1,2
visitng,2,6,8
visitor,34,45,79
visitors,60,83,143
visits,76,65,141
visitt,3,0,3
visitting,1,1,2
visitttt,1,0,1
visitu,0,1,1
viskasin,0,1,1
visky,0,1,1
visla,0,1,1
vislab,0,1,1
viso,2,0,2
visoko,0,1,1
visor,6,4,10
visoreds,1,0,1
visors,2,1,3
visotin,1,0,1
visp,0,1,1
viss,0,3,3
vissi,0,1,1
vissit,1,0,1
vissss,0,1,1
visst,0,3,3
vist,5,5,10
vista,245,141,386
vistadb,0,1,1
vistage,0,1,1
vistaglazz,0,1,1
vistamas,0,1,1
vistaprint,5,2,7
vistas,2,2,4
vistashed,1,0,1
vistasp,1,0,1
vistasquad,0,1,1
vistasucks,1,0,1
vistation,1,0,1
viste,1,1,2
visted,2,2,4
visteon,0,1,1
visti,1,0,1
visting,1,4,5
vistit,0,1,1
vistited,0,2,2
visto,4,5,9
vistors,1,3,4
vistoso,0,1,1
vists,1,1,2
visu,0,2,2
visual,56,97,153
visualbox,0,1,1
visualdna,0,2,2
visualforce,1,0,1
visualgit,0,1,1
visualhub,2,0,2
visualisation,0,1,1
visualisations,0,1,1
visualisazion,0,1,1
visualise,0,4,4
visualising,0,1,1
visualization,2,12,14
visualizations,0,3,3
visualize,0,7,7
visualized,0,1,1
visualizer,0,1,1
visualizing,1,7,8
visually,6,15,21
visualness,0,1,1
visuals,6,15,21
visualstudio,2,0,2
visualvm,1,0,1
visualworks,1,0,1
visualy,1,0,1
viszla,0,1,1
vit,18,13,31
vita,9,19,28
vitae,0,1,1
vitagen,2,1,3
vital,26,16,42
vitalic,0,1,1
vitalicious,0,1,1
vitality,0,3,3
vitally,0,1,1
vitals,1,1,2
vitalstatisix,1,0,1
vitalstim,0,1,1
vitaly,1,1,2
vitamens,0,1,1
vitamin,83,107,190
vitamine,1,0,1
vitamins,37,28,65
vitamint,1,0,1
vitaminwater,2,2,4
vitamix,0,3,3
vitamuffins,0,1,1
vitangcol,0,1,1
vitapointe,0,1,1
vitar,0,1,1
vitas,0,2,2
vitasmonday,1,0,1
vitchhh,1,0,1
vite,2,1,3
vitej,0,1,1
vitemin,0,1,1
vites,0,1,1
vitesse,0,1,1
viteza,0,1,1
viteze,0,1,1
vith,1,0,1
viti,0,1,1
vitiligo,2,0,2
vitimin,1,0,1
vitinho,0,1,1
vitionland,0,1,1
vitisho,0,1,1
vitners,2,0,2
vito,7,4,11
vitoed,0,1,1
vitolio,6,0,6
vitor,3,1,4
vitory,0,1,1
vitrano,1,0,1
vitreous,1,0,1
vitrgnity,0,1,1
vitriol,1,2,3
vitro,0,1,1
vits,1,1,2
vitta,0,1,1
vitticom,0,1,1
vittles,1,1,2
vitton,1,0,1
vittoria,0,2,2
vitualy,1,0,1
vitwater,0,4,4
viu,3,11,14
viv,11,14,25
viva,48,94,142
vivaa,0,1,1
vivacanon,0,1,1
vivacell,1,0,1
vivacious,0,3,3
vivacity,1,0,1
vivaglam,1,0,1
vivain,0,1,1
vivaldi,1,5,6
vivaldis,1,1,2
vivan,0,1,1
vivandingrid,0,1,1
vivanno,1,2,3
vivanse,0,1,1
vivant,0,3,3
vivartia,1,0,1
vivas,2,1,3
vivaviernes,0,2,2
vive,1,14,15
vivek,2,3,5
vivement,2,0,2
vivendo,1,0,1
viver,0,2,2
vivere,0,1,1
vives,2,0,2
viveur,1,0,1
vivi,9,10,19
vivian,5,14,19
viviana,1,3,4
viviane,0,1,1
viviann,0,1,1
vivianne,0,1,1
viviannnnn,0,1,1
vivianthai,0,1,1
vivica,2,0,2
vivid,16,19,35
vividly,5,3,8
vivien,2,3,5
viviendo,0,1,1
viviene,0,1,1
vivienne,2,4,6
vivieras,1,0,1
viviiiii,1,1,2
vivin,0,1,1
vivio,1,0,1
vivious,1,0,1
vivir,2,2,4
vivirrrrrrrr,0,1,1
vivis,1,2,3
vivitar,0,1,1
vivo,7,8,15
vivocity,0,1,1
vivorio,1,0,1
vivre,1,4,5
vivs,1,0,1
vivsyd,0,1,1
vivvid,0,1,1
vivyyyyyy,0,1,1
viw,0,1,1
viwers,1,0,1
vix,3,4,7
vixen,3,6,9
vixens,4,4,8
vixeny,0,1,1
vixi,2,0,2
vixia,1,0,1
vixon,0,1,1
vixxen,0,1,1
viz,4,9,13
vizag,0,1,1
vizan,1,0,1
vizcaya,1,0,1
vizdev,0,1,1
vizha,1,0,1
vizier,0,1,1
vizinho,0,1,1
vizio,4,0,4
vizioncore,0,2,2
vizita,0,1,1
vizitez,0,1,1
vizsla,0,1,1
viztango,1,0,1
vizthink,1,0,1
viztwitter,1,0,1
vizualise,0,1,1
vizualization,0,1,1
vizzle,1,0,1
vj,5,6,11
vjak,0,1,1
vjcians,0,1,1
vjdq,0,1,1
vjgfncdbgfhvcjurk,0,1,1
vjj,0,1,1
vjkfcdoew,1,0,1
vjo,1,0,1
vk,6,6,12
vkei,1,0,1
vkgebouw,0,1,1
vkim,0,1,1
vkjp,1,0,1
vkontakte,0,1,1
vks,1,0,1
vl,5,2,7
vla,1,0,1
vlach,1,0,1
vlack,0,1,1
vlad,5,5,10
vlada,0,1,1
vladamir,1,0,1
vladdy,0,1,1
vlade,1,0,1
vladimir,0,6,6
vladimirovich,0,1,1
vladymir,0,1,1
vlandereen,0,1,1
vlaning,0,1,1
vlans,1,0,1
vlas,0,1,1
vlastny,0,1,1
vlb,1,0,1
vlc,9,12,21
vle,4,1,5
vleader,0,1,1
vlepo,1,0,1
vles,0,1,1
vless,1,0,1
vlf,1,0,1
vlismas,0,1,1
vll,0,2,2
vlly,0,1,1
vlm,0,1,1
vln,0,3,3
vlne,0,1,1
vlog,33,70,103
vlogbrothers,0,2,2
vlogcandy,4,1,5
vlogged,0,1,1
vlogger,0,1,1
vloggercon,0,1,1
vlogging,4,6,10
vloggity,1,0,1
vloglovers,1,1,2
vlogs,8,10,18
vlogsmoothie,0,1,1
vlot,0,1,1
vlounge,2,1,3
vls,1,1,2
vlt,0,2,2
vltava,1,0,1
vltavaaaaaa,1,0,1
vlueberry,0,1,1
vlv,2,1,3
vlw,0,3,3
vly,1,0,1
vm,55,38,93
vma,12,21,33
vmail,4,2,6
vmaj,1,1,2
vmars,1,0,1
vmas,5,6,11
vmax,2,0,2
vmc,1,0,1
vmdc,0,1,1
vmedia,1,0,1
vmers,1,0,1
vmexico,0,1,1
vmfs,2,0,2
vmfusion,1,0,1
vmg,1,0,1
vmi,0,1,1
vminot,0,1,1
vmk,1,0,1
vmkfstools,1,0,1
vml,0,1,1
vmlinux,0,1,1
vmndfvnrekje,1,0,1
vmoda,1,0,1
vmotion,0,1,1
vmplayer,1,0,1
vms,7,6,13
vmtn,0,1,1
vmug,2,1,3
vmware,41,24,65
vmwareinfo,1,0,1
vmwfusion,1,0,1
vmworld,1,5,6
vmx,0,1,1
vn,10,17,27
vnc,5,3,8
vnd,0,1,1
vnds,0,1,1
vneck,1,4,5
vnecks,1,1,2
vnext,0,1,1
vnhs,1,0,1
vnit,0,1,1
vno,1,1,2
vns,1,0,1
vnv,2,6,8
vnyrd,1,0,1
vo,19,22,41
voa,0,2,2
voacl,1,0,1
voage,0,1,1
voastra,0,1,1
voastre,1,0,1
vobec,0,2,2
vobes,0,2,2
vobs,1,0,1
voc,22,25,47
vocaal,2,0,2
vocab,24,36,60
vocabaulary,1,0,1
vocabb,1,0,1
vocabularies,2,1,3
vocabularist,0,1,1
vocabulary,16,40,56
vocal,48,70,118
vocalcoaching,0,1,1
vocalist,10,9,19
vocalists,1,4,5
vocallss,0,1,1
vocally,0,3,3
vocaloid,0,2,2
vocals,37,80,117
vocaltips,0,1,1
vocalz,1,0,1
vocalzone,1,0,1
vocamp,0,1,1
vocampdc,3,1,4
vocation,2,4,6
vocational,0,2,2
vocations,4,2,6
vocatioooon,1,0,1
voce,7,7,14
vocee,1,0,1
vocer,0,1,1
vochers,0,2,2
vocie,1,0,1
vocoder,2,0,2
vocs,0,2,2
vocus,1,1,2
vod,4,4,8
voda,9,5,14
vodacare,1,0,1
vodacom,5,2,7
vodafone,69,41,110
vodafonecap,0,1,1
vodafonenz,2,0,2
vodafonething,1,0,1
vodahost,0,1,1
vodak,1,0,1
vodaphone,10,2,12
vodashops,0,1,1
vodbull,1,1,2
vodca,0,1,1
vodcast,0,1,1
vodcasts,1,0,1
voddie,4,4,8
voddy,0,2,2
vode,0,1,1
vodem,1,1,2
voderphone,1,0,1
vodi,0,1,1
vodka,179,278,457
vodkaaaa,1,0,1
vodkaredbull,0,1,1
vodkas,4,7,11
vodkat,2,0,2
vodkkaaa,0,1,1
vodkones,0,1,1
vodlka,1,0,1
vodn,0,1,1
vodou,0,2,2
vodoun,1,0,1
vods,1,1,2
vodu,0,1,1
vody,1,0,1
vodybeth,1,0,1
voe,2,1,3
voegel,0,1,1
voegele,5,15,20
voegle,1,0,1
voek,0,1,1
voena,0,1,1
voer,1,2,3
vof,0,2,2
vog,9,2,11
vogel,1,3,4
vogelsang,1,0,1
voggy,5,1,6
vogler,0,1,1
voglio,0,2,2
vogs,1,0,1
vogt,1,0,1
vogue,17,26,43
voguettes,1,0,1
voguetting,0,1,1
voguing,1,0,1
vohn,0,1,1
vohns,0,1,1
vohuman,0,1,1
voi,4,4,8
voice,1315,1180,2495
voiceboo,0,1,1
voicebox,1,0,1
voiced,11,7,18
voicedial,1,0,1
voicee,1,1,2
voiceee,5,5,10
voiceeee,0,1,1
voiceeeeeeee,1,0,1
voiceeeeeeeeee,0,1,1
voiceing,0,2,2
voiceless,5,1,6
voicelesson,1,0,1
voicemail,78,41,119
voicemails,17,11,28
voicenote,0,1,1
voicenotes,0,1,1
voiceover,7,12,19
voiceovers,1,1,2
voicepulse,1,0,1
voices,51,94,145
voicethread,1,4,5
voicetracking,0,1,1
voicing,2,4,6
voicoue,0,1,1
void,36,19,55
voidecks,1,0,1
voided,3,1,4
voidness,0,1,1
voids,0,1,1
voie,3,1,4
voight,0,1,1
voigtlander,1,0,1
voiice,1,0,1
voil,1,7,8
voila,3,13,16
voilaa,1,0,1
voile,1,0,1
voimia,0,1,1
voing,1,0,1
voingo,1,0,1
voioi,1,0,1
voip,8,12,20
voipover,0,1,1
voir,3,6,9
vois,0,2,2
voise,1,0,1
voisin,0,1,1
voit,1,0,1
voiting,0,1,1
voiture,1,1,2
voiunteer,0,1,1
voive,1,0,1
voix,1,1,2
vojis,0,2,2
vok,0,1,1
vokabulary,1,0,1
vokda,0,1,1
vokera,1,0,1
vokey,0,1,1
voki,1,0,1
vol,30,43,73
vola,1,0,1
volanco,0,1,1
volante,1,0,1
volareee,0,1,1
volat,1,1,2
volatile,3,2,5
volatility,0,1,1
volbeat,2,6,8
volcals,1,0,1
volcanic,1,0,1
volcano,24,20,44
volcanoes,1,5,6
volcanos,0,1,1
volchenkov,0,1,1
volcom,4,1,5
voldamort,0,1,1
voldemort,4,6,10
voldermort,1,0,1
voldermoth,1,0,1
voldie,0,1,1
vole,4,2,6
volebni,1,0,1
voleentering,0,1,1
volei,1,0,1
volente,2,0,2
volenteer,1,0,1
volenteering,2,1,3
volenteir,1,0,1
volere,0,1,1
voles,0,2,2
voleyball,4,0,4
volga,1,0,1
volgende,1,0,1
volient,1,0,1
volim,0,2,2
volini,0,1,1
volinteer,0,1,1
voliteln,1,0,1
volition,1,1,2
volka,1,0,1
volkaaaan,0,1,1
volkman,0,1,1
volkonsky,0,1,1
volks,0,1,1
volksgarten,0,1,1
volkswagen,4,2,6
volkswagon,0,2,2
volkzone,2,1,3
voll,1,2,3
volle,1,0,1
volley,6,15,21
volleybal,1,0,1
volleyball,152,138,290
volleyballll,1,0,1
volleying,1,1,2
volleys,0,1,1
vollies,0,1,1
volly,0,2,2
vollyball,1,4,5
volocity,0,1,1
volonteered,1,0,1
volraths,0,1,1
vols,3,5,8
volstad,2,0,2
volstead,0,1,1
volt,2,4,6
volta,11,16,27
voltage,6,9,15
voltaic,2,0,2
voltaire,2,5,7
voltando,0,1,1
voltaren,0,2,2
voltarol,0,1,1
voltas,1,0,1
voltei,0,1,1
volteren,1,0,1
volterra,0,5,5
volto,0,6,6
voltooo,1,0,1
voltou,1,1,2
voltron,2,3,5
voltrons,1,0,1
volts,3,2,5
volturi,2,10,12
volturians,0,1,1
voludos,0,1,1
volume,91,94,185
volumen,0,2,2
volumes,7,5,12
volumetrics,0,1,1
voluminous,1,1,2
volumizing,3,1,4
volumn,1,1,2
volumnes,1,0,1
voluneering,1,0,1
voluntarily,5,6,11
voluntary,5,8,13
volunteer,69,132,201
volunteered,14,16,30
volunteering,37,52,89
volunteerism,0,1,1
volunteerjob,0,1,1
volunteers,31,43,74
voluntereed,0,1,1
volunterr,1,0,1
volunterring,1,0,1
voluntiring,1,0,1
voluntold,0,2,2
voluntry,0,1,1
voluntweetup,0,1,1
voluptious,0,1,1
volusion,0,1,1
volution,0,1,1
volv,1,2,3
volve,2,0,2
volvee,1,0,1
volver,1,1,2
volveran,1,0,1
volverte,0,1,1
volvi,0,2,2
volvic,0,5,5
volvicchallenge,0,1,1
volviendo,0,2,2
volviste,1,0,1
volvo,29,23,52
volvos,1,0,1
vom,18,11,29
voman,0,1,1
vombat,0,1,1
vome,1,1,2
vomero,0,1,1
vometing,1,0,1
vomit,139,36,175
vomite,1,0,1
vomited,18,4,22
vomiter,0,1,1
vomitin,0,1,1
vomiting,59,10,69
vomitingg,1,0,1
vomitinq,1,0,1
vomitish,1,0,1
vomitng,1,0,1
vomito,1,0,1
vomitous,0,3,3
vomits,6,0,6
vomitted,10,0,10
vomitting,17,1,18
vomittng,0,1,1
vommed,2,2,4
vomming,2,0,2
vommit,0,2,2
vommiting,1,0,1
vommitted,1,0,1
vommmm,1,0,1
vommy,1,0,1
voms,1,0,1
von,22,62,84
vonage,1,0,1
voncatlingsworth,1,0,1
vonce,0,1,1
vond,1,0,1
vonda,1,1,2
vondelparc,0,1,1
vondelpark,0,4,4
vondt,1,0,1
vone,0,1,1
vong,1,0,1
vongole,0,1,1
vonn,0,1,1
vonna,1,0,1
vonne,0,1,1
vonnegut,0,2,2
vonnegutt,1,0,1
vonney,0,1,1
vonnie,4,1,5
vonny,1,0,1
vono,0,1,1
vonrays,0,1,1
vons,5,3,8
vont,1,0,1
vontade,8,1,9
vontisha,1,0,1
vonyc,0,1,1
voo,0,2,2
voobys,1,0,1
voodoo,27,26,53
voodoocult,0,1,1
voog,1,0,1
vooi,1,0,1
vooices,0,1,1
vool,0,1,1
voom,1,0,1
voon,1,0,1
voooddkkaaa,0,1,1
vooogue,0,1,1
vooooooiiiiiceeeeeee,1,0,1
vooote,1,1,2
voor,3,15,18
voorderman,0,1,1
voorhees,1,0,1
voorhis,1,0,1
voorhoofdholteonsteking,1,0,1
voorthuizen,1,0,1
voos,0,1,1
voou,0,2,2
vopseaua,0,1,1
voption,1,0,1
voquisha,1,0,1
vor,2,8,10
vorab,0,1,1
voracious,4,1,5
voraciously,0,1,1
vorallem,0,1,1
vorarlberg,0,1,1
vorbei,2,1,3
vorbi,1,0,1
vorbind,0,1,1
vorbis,1,1,2
vorbit,0,1,1
vorderman,1,0,1
vordhosbn,1,0,1
vore,2,0,2
vorenus,0,1,1
vorginia,0,1,1
vorhees,1,0,1
vorhin,0,1,1
voring,1,1,2
vorleser,0,1,1
vorm,0,1,1
vormitted,1,0,1
vorn,0,2,2
voroblobs,0,1,1
voronin,0,3,3
vorosphere,0,1,1
vorpal,0,1,1
vorsicht,0,1,1
vorsite,0,2,2
vortex,17,15,32
vos,3,3,6
vosac,1,0,1
voskrese,1,1,2
voss,2,4,6
vostre,0,1,1
vostro,0,2,2
vostrouham,1,0,1
vosug,1,0,1
vot,3,7,10
votage,0,1,1
votando,0,3,3
votar,0,1,1
votare,0,1,1
votarem,0,1,1
votaron,2,0,2
votat,0,1,1
votd,1,0,1
vote,908,1828,2736
voted,263,702,965
votedavidarchie,0,2,2
votedd,2,3,5
voteddddd,0,1,1
votediversity,0,16,16
votediversty,0,2,2
votee,4,3,7
voteee,1,0,1
voteeee,0,3,3
voteeeee,1,0,1
voteeeeeeeee,0,1,1
voteeeeeeeeeee,0,1,1
votefor,1,0,1
voteforrob,0,1,1
votehandmade,3,0,3
votei,0,1,1
votein,0,1,1
voteing,0,1,1
votem,0,1,1
votemcfly,8,21,29
votenya,0,1,1
voter,17,12,29
voters,10,18,28
votes,157,185,342
votet,0,3,3
votetocracy,3,0,3
votetomfelton,0,1,1
votevotevote,1,1,2
votez,0,3,3
vothz,1,0,1
votin,2,6,8
voting,195,490,685
votingg,1,0,1
votings,1,2,3
votive,1,0,1
votka,1,0,1
voto,0,4,4
votolato,1,1,2
votorrance,0,1,1
votre,1,0,1
votting,0,1,1
votto,8,0,8
votton,0,1,1
votw,0,1,1
vou,49,67,116
vouch,8,12,20
voucher,24,36,60
vouchers,15,26,41
voucherul,0,1,1
vouches,0,1,1
vougue,0,1,1
vouish,1,0,1
voula,0,1,1
vould,1,0,1
voule,0,1,1
voulenteer,0,2,2
voume,0,1,1
vouqe,0,1,1
vour,1,1,2
vous,5,20,25
voute,0,1,1
voutloos,0,1,1
vouton,0,1,1
vouvray,0,1,1
vov,0,2,2
vow,10,11,21
vowe,0,1,1
vowed,8,1,9
vowel,1,6,7
vowell,0,1,1
vowels,2,4,6
vowinckel,0,1,1
vowing,1,0,1
vows,3,12,15
vox,8,21,29
voxel,0,1,1
voxgate,0,1,1
voxing,1,0,1
voxpops,0,1,1
voxtar,1,0,1
voy,10,27,37
voya,0,1,1
voyage,15,41,56
voyageee,0,1,1
voyager,15,21,36
voyageron,1,0,1
voyagers,0,1,1
voyages,0,1,1
voyageur,1,0,1
voyaging,0,2,2
voyaj,1,0,1
voycey,0,1,1
voyed,0,2,2
voyeur,2,7,9
voyeurism,1,0,1
voyeuristic,1,2,3
voyfriend,1,0,1
voyons,1,1,2
voyou,0,1,1
voyyy,0,1,1
voz,1,1,2
vozes,0,1,1
vozmob,0,1,1
vp,23,22,45
vpa,0,1,1
vpad,1,0,1
vpc,2,0,2
vpect,1,0,1
vph,1,0,1
vphung,0,1,1
vpi,1,0,1
vpice,1,0,1
vpk,1,0,1
vpl,1,0,1
vpm,1,0,1
vpn,37,15,52
vpns,1,2,3
vpoor,1,0,1
vpower,2,0,2
vppb,1,0,1
vpr,1,2,3
vpra,2,0,2
vpro,1,1,2
vproud,0,2,2
vps,10,20,30
vpt,2,0,2
vptcl,1,0,1
vpw,0,2,2
vqf,0,1,1
vqg,0,1,1
vr,8,8,16
vracis,0,1,1
vracks,1,0,1
vrady,0,1,1
vrai,0,1,1
vraiement,1,0,1
vraiment,1,1,2
vrak,1,0,1
vram,1,2,3
vranger,0,1,1
vrave,0,1,1
vray,0,1,1
vrayforc,1,0,1
vrbo,1,0,1
vrck,0,1,1
vre,1,2,3
vrea,2,4,6
vreau,2,3,5
vrede,1,1,2
vredit,1,0,1
vreedes,0,1,1
vreep,1,0,1
vrei,1,1,2
vrek,1,0,1
vreni,0,1,1
vreo,1,1,2
vres,1,0,1
vreti,0,1,1
vreveal,0,1,1
vrg,1,0,1
vrhnu,0,1,1
vrhovac,0,1,1
vriendje,1,0,1
vrije,0,1,1
vrijmibo,1,1,2
vring,0,1,1
vrious,0,1,1
vrm,1,0,1
vrod,0,1,1
vroiam,1,0,1
vron,0,1,1
vrons,0,1,1
vronsky,0,1,1
vroom,1,3,4
vrooom,0,3,3
vroooom,0,2,2
vrooooom,0,1,1
vrpublicity,1,0,1
vrroooomm,0,1,1
vrrrrrrrrrrrroooooomm,0,1,1
vrrrrrruuuuuuuuuuuum,1,0,1
vrrrruuuumm,1,0,1
vrry,0,1,1
vrs,0,1,1
vrse,1,0,1
vrsion,0,1,1
vrtual,1,0,1
vruce,0,1,1
vrut,0,1,1
vry,19,19,38
vryonee,1,0,1
vrzn,0,1,1
vs,576,702,1278
vsa,0,3,3
vsatisfying,0,1,1
vsb,1,1,2
vscpa,0,1,1
vse,3,2,5
vserver,1,0,1
vsf,1,0,1
vside,0,2,2
vsix,1,0,1
vsixmanifest,0,1,1
vsk,1,0,1
vsl,1,0,1
vsm,0,1,1
vso,1,0,1
vsp,1,0,1
vsphere,4,2,6
vsr,0,1,1
vss,3,0,3
vsssettings,0,1,1
vst,1,3,4
vsts,1,0,1
vstudio,1,1,2
vstuff,0,2,2
vt,24,23,47
vta,0,1,1
vtc,1,0,1
vtfh,1,0,1
vtg,0,1,1
vti,1,0,1
vtiger,1,0,1
vtipny,0,1,1
vtl,0,1,1
vtm,0,1,1
vtnz,1,0,1
vto,1,0,1
vtoed,1,0,1
vtown,0,1,1
vtproducer,0,1,1
vtr,1,4,5
vts,2,0,2
vtu,0,1,1
vtunes,1,0,1
vtw,1,0,1
vtwilight,0,1,1
vtx,1,0,1
vu,29,22,51
vua,3,0,3
vue,5,6,11
vuela,1,0,1
vueling,1,0,1
vuelta,0,1,1
vuelto,1,1,2
vuelvas,1,0,1
vuelve,0,1,1
vuelven,0,1,1
vuelvo,1,0,1
vuer,0,1,1
vuescan,0,1,1
vuey,1,0,1
vuf,1,0,1
vufind,0,1,1
vufone,0,1,1
vugarity,0,1,1
vugraphs,0,1,1
vuh,0,2,2
vui,3,2,5
vuish,1,0,1
vuitton,10,10,20
vujacic,0,4,4
vujicic,0,1,1
vujnov,0,1,1
vulcan,12,23,35
vulcana,0,1,1
vulgar,11,11,22
vulgarities,1,1,2
vulgarity,1,2,3
vulgur,1,0,1
vuln,1,0,1
vulnerabile,0,1,1
vulnerabilities,1,1,2
vulnerability,4,5,9
vulnerable,18,5,23
vult,0,1,1
vulture,3,0,3
vultures,1,3,4
vulturi,0,1,1
vund,1,0,1
vundo,1,0,1
vunerable,0,2,2
vungo,2,0,2
vuol,0,2,2
vuole,1,0,1
vuong,0,1,1
vur,1,0,1
vure,0,1,1
vurking,1,0,1
vurps,1,0,1
vurr,1,0,1
vurrrry,0,1,1
vurry,2,1,3
vurse,0,1,1
vurve,0,1,1
vury,1,0,1
vut,1,1,2
vutton,1,0,1
vuu,1,0,1
vuuuu,1,0,1
vuvuzela,3,0,3
vuvuzelas,1,0,1
vuze,2,2,4
vv,6,16,22
vvant,1,0,1
vvery,0,1,1
vvip,2,0,2
vvith,0,1,1
vviuum,0,1,1
vvk,1,1,2
vvm,1,0,1
vvork,1,0,1
vvpolestars,0,1,1
vvrh,0,1,1
vvs,1,0,1
vvv,4,5,9
vvvacationnn,0,1,1
vvvbffl,1,0,1
vvvffft,0,2,2
vvvv,3,0,3
vvvvveerrrrryyyyyy,0,1,1
vvvvvv,1,0,1
vvvvvvvv,1,0,1
vvvvvvvvvvvvvvvvvvvvvvvvvvery,0,1,1
vvwateverrr,1,0,1
vw,39,30,69
vwave,0,1,1
vwc,0,1,1
vwey,1,0,1
vwll,0,1,1
vwllers,0,1,1
vwork,0,1,1
vwry,1,0,1
vws,1,0,1
vx,2,3,5
vxsdkck,0,1,1
vy,3,4,7
vyb,0,1,1
vybe,2,0,2
vyben,1,0,1
vybz,0,1,1
vycet,0,1,1
vyd,1,0,1
vydal,1,0,1
vydechnout,0,1,1
vye,1,0,1
vyen,0,1,1
vyeniki,0,1,1
vyfe,0,1,1
vyhledat,0,1,1
vyhledavat,1,0,1
vyhnut,0,1,1
vyhradit,0,1,1
vyhraji,1,0,1
vyhrali,0,1,1
vyi,0,1,1
vying,1,2,3
vyjimecnych,0,1,1
vykoupit,1,0,1
vylo,0,1,1
vyn,0,1,1
vynes,1,0,1
vypad,3,1,4
vypada,1,0,1
vypnou,1,0,1
vyra,0,2,2
vyrazili,1,0,1
vys,1,0,1
vyshlu,1,0,1
vystrihu,0,1,1
vysv,0,1,1
vyv,0,1,1
vyvanse,1,0,1
vyvs,0,1,1
vyzkou,1,1,2
vz,2,4,6
vzhledem,1,0,1
vzhledu,1,0,1
vzl,1,0,1
vzla,1,0,1
vzn,1,0,1
vznav,1,0,1
vzpomenu,0,1,1
vzw,14,3,17
wa,171,142,313
waa,56,16,72
waaa,63,22,85
waaaa,48,9,57
waaaaa,30,6,36
waaaaaa,20,2,22
waaaaaaa,7,1,8
waaaaaaaa,7,6,13
waaaaaaaaa,5,3,8
waaaaaaaaaa,3,0,3
waaaaaaaaaaa,3,1,4
waaaaaaaaaaaa,1,0,1
waaaaaaaaaaaaa,2,1,3
waaaaaaaaaaaaaaaa,3,0,3
waaaaaaaaaaaaaaaaa,3,0,3
waaaaaaaaaaaaaaaaaa,1,0,1
waaaaaaaaaaaaaaaaaaaa,2,0,2
waaaaaaaaaaaaaaaaaaaaaaaaa,1,0,1
waaaaaaaaaaaaaaaaaaaaaaaaaa,1,0,1
waaaaaaaaaaaaaaaaaaaaaaaaaaaaaaaaaaaaa,1,0,1
waaaaaaaaaaaaaaaaaaaaaaaaaaaaaaaaaaaaaas,1,0,1
waaaaaaaaaaaaaaaaaaaaaaaaaaant,1,0,1
waaaaaaaaaaaaaaaaaaaaaaaah,1,0,1
waaaaaaaaaaaaaaaaaaaaaay,1,0,1
waaaaaaaaaaaaaaaaaaaahhhhhhhhhhhh,1,0,1
waaaaaaaaaaaaaaaaaatch,1,0,1
waaaaaaaaaaaaaaant,1,0,1
waaaaaaaaaaaaaaay,1,0,1
waaaaaaaaaaaaaah,1,0,1
waaaaaaaaaaaaaaleeeyyyyyy,0,1,1
waaaaaaaaaaaaaay,1,1,2
waaaaaaaaaaaaaayy,1,0,1
waaaaaaaaaaaaay,3,1,4
waaaaaaaaaaaahhhhhhhhhhhhhhhhhh,0,1,1
waaaaaaaaaaaait,1,0,1
waaaaaaaaaaaay,1,0,1
waaaaaaaaaaah,4,1,5
waaaaaaaaaaahhhhh,1,0,1
waaaaaaaaaaay,0,1,1
waaaaaaaaaah,6,0,6
waaaaaaaaaaiting,0,1,1
waaaaaaaaaay,1,0,1
waaaaaaaaah,3,0,3
waaaaaaaaahhhh,1,0,1
waaaaaaaaant,1,0,1
waaaaaaaaatching,0,1,1
waaaaaaaaay,4,2,6
waaaaaaaaayyyy,1,0,1
waaaaaaaah,2,0,2
waaaaaaaahhhhh,1,0,1
waaaaaaaahhhhhh,1,0,1
waaaaaaaait,1,0,1
waaaaaaaant,1,0,1
waaaaaaaarm,0,1,1
waaaaaaaay,5,2,7
waaaaaaaayne,0,1,1
waaaaaaaayyyyyy,0,1,1
waaaaaaah,12,1,13
waaaaaaahhh,1,0,1
waaaaaaahhhhh,1,0,1
waaaaaaahhhhhhhhhhhhh,1,0,1
waaaaaaannnnnnnaaaaaaaa,1,0,1
waaaaaaant,2,1,3
waaaaaaas,1,0,1
waaaaaaasted,1,0,1
waaaaaaasup,1,0,1
waaaaaaat,1,0,1
waaaaaaay,7,14,21
waaaaaaayyyy,0,1,1
waaaaaaddaaaap,0,1,1
waaaaaah,12,3,15
waaaaaahh,1,0,1
waaaaaahhh,1,0,1
waaaaaahhhh,1,0,1
waaaaaahhhhhh,1,0,1
waaaaaait,1,1,2
waaaaaaitt,0,1,1
waaaaaana,1,0,1
waaaaaant,1,0,1
waaaaaarm,0,1,1
waaaaaasssss,1,0,1
waaaaaassssssup,1,0,1
waaaaaasted,1,0,1
waaaaaay,18,12,30
waaaaah,30,1,31
waaaaaheva,0,1,1
waaaaahh,1,0,1
waaaaahhh,2,0,2
waaaaahhhh,1,0,1
waaaaahhhhh,2,0,2
waaaaahhhhhh,1,0,1
waaaaahhhhhhh,2,0,2
waaaaait,0,2,2
waaaaanna,1,0,1
waaaaant,5,0,5
waaaaasted,1,0,1
waaaaatch,1,0,1
waaaaay,52,27,79
waaaaayyyy,0,1,1
waaaaayyyyy,3,1,4
waaaabulance,1,0,1
waaaack,1,0,1
waaaah,53,4,57
waaaahh,4,1,5
waaaahhh,8,2,10
waaaahhhh,3,0,3
waaaahhhhh,1,0,1
waaaahhhhhh,1,0,1
waaaahhhhhhh,1,0,1
waaaahhooooo,1,0,1
waaaahmbulance,1,0,1
waaaait,4,6,10
waaaake,0,1,1
waaaalkkk,0,1,1
waaaambulence,1,0,1
waaaan,0,2,2
waaaannna,2,0,2
waaaannt,1,0,1
waaaant,5,0,5
waaaaoooo,0,1,1
waaaarrr,0,1,1
waaaas,2,0,2
waaaasted,0,2,2
waaaat,1,0,1
waaaater,2,0,2
waaaattteeeerrrr,1,0,1
waaaave,1,1,2
waaaaw,0,1,1
waaaay,91,61,152
waaaayne,1,0,1
waaaayy,3,2,5
waaaayyy,2,3,5
waaaayyyy,2,2,4
waaaayyyyy,1,1,2
waaaayyyyyy,2,0,2
waaaaz,1,0,1
waaack,3,0,3
waaacked,1,0,1
waaafreakinwaaa,1,0,1
waaagh,1,1,2
waaah,85,16,101
waaahaaa,0,1,1
waaahahaha,0,1,1
waaahahahaha,0,1,1
waaahey,0,2,2
waaahh,18,1,19
waaahhh,21,3,24
waaahhhh,6,1,7
waaahhhhh,4,0,4
waaahhhhhhh,1,0,1
waaahhhhhhhhh,1,0,1
waaahhoooo,1,0,1
waaahoooo,0,1,1
waaaiiiit,0,1,1
waaaiiiitttt,0,2,2
waaaiiit,0,2,2
waaait,0,9,9
waaaiting,1,0,1
waaake,0,1,1
waaalk,1,0,1
waaalkiiing,0,1,1
waaamp,1,0,1
waaangs,0,1,1
waaannnnnaaaa,1,0,1
waaannnnnt,1,0,1
waaannt,0,1,1
waaanntt,1,0,1
waaannttttt,1,0,1
waaant,7,2,9
waaao,0,1,1
waaar,0,1,1
waaas,2,3,5
waaasted,0,1,1
waaat,1,0,1
waaatch,0,2,2
waaatched,0,1,1
waaatching,0,1,1
waaateeerrrrrr,0,1,1
waaaw,0,1,1
waaay,83,63,146
waaayy,6,0,6
waaayyheeeyy,1,0,1
waaayyy,9,8,17
waaayyyy,7,1,8
waaayyyyy,1,0,1
waab,0,1,1
waac,0,1,1
waaccckk,1,0,1
waacckk,1,0,1
waaduup,0,1,1
waaeehhh,0,1,1
waagh,4,0,4
waah,51,12,63
waahaa,1,0,1
waahahahaha,0,2,2
waahh,13,2,15
waahhaahhahahaha,0,1,1
waahhh,9,1,10
waahhhh,7,1,8
waahhhhh,5,0,5
waahhhhhh,2,0,2
waahin,1,0,1
waahoo,0,2,2
waahoooo,0,1,1
waaiiit,1,1,2
waaiitt,1,0,1
waait,2,4,6
waaiting,0,1,1
waake,0,1,1
waakwaw,0,1,1
waal,1,0,1
waallpaper,0,1,1
waan,1,2,3
waanna,3,2,5
waannaabee,1,0,1
waannn,0,1,1
waannnaa,1,0,1
waannnaaa,1,0,1
waannnts,1,0,1
waant,2,0,2
waanted,1,0,1
waants,2,0,2
waantt,1,0,1
waaoh,0,1,1
waarbenjij,1,0,1
waard,1,0,1
waarom,2,0,2
waarrrkk,1,0,1
waas,7,4,11
waasay,0,1,1
waasnnna,1,0,1
waasted,0,1,1
waat,4,1,5
waatching,0,3,3
waats,1,0,1
waau,0,1,1
waaw,1,2,3
waawaaaaaa,1,0,1
waay,28,18,46
waayayyyy,1,0,1
waayy,9,2,11
waayyy,4,0,4
waayyyy,4,1,5
waayyyyy,1,0,1
waayyyyyy,1,0,1
wab,2,2,4
waba,0,1,1
wabash,2,5,7
wabbit,4,5,9
wabbits,1,3,4
wabble,3,1,4
wabismikaamut,0,1,1
wabo,1,2,3
wabt,3,0,3
wabts,1,0,1
wabuf,5,2,7
wabz,1,0,1
wac,0,1,1
waca,0,1,1
wacam,1,0,1
wacc,1,0,1
waccamaw,0,1,1
waccckkk,1,0,1
wach,5,6,11
wacha,0,2,2
wached,3,2,5
wachin,0,5,5
waching,8,23,31
wachovia,4,2,6
wacht,1,2,3
wachtching,0,1,1
wachten,0,1,1
wachter,0,1,1
wachting,4,1,5
wachu,1,0,1
wacimia,1,0,1
wack,182,55,237
wackadoodle,1,2,3
wackberry,2,0,2
wacked,13,3,16
wacken,2,1,3
wackenhut,1,0,1
wacker,2,1,3
wackers,1,0,1
wackest,5,1,6
wacki,0,1,1
wackie,1,0,1
wackier,3,0,3
wackiest,1,0,1
wackiness,0,1,1
wacking,2,1,3
wackity,0,1,1
wackk,5,0,5
wackkk,3,3,6
wackkkk,0,1,1
wackkkkkk,1,0,1
wackness,1,1,2
wacko,5,8,13
wackos,3,0,3
wacks,0,1,1
wacksauce,0,1,1
wacksex,1,0,1
wackson,0,1,1
wacky,15,33,48
wackybug,1,0,1
waco,16,3,19
wacom,19,9,28
waconia,1,0,1
wacth,1,7,8
wacthed,1,1,2
wacthin,2,1,3
wacthing,3,7,10
wad,17,13,30
wada,3,1,4
wadaaa,0,1,1
wadala,0,2,2
wadap,0,1,1
wadat,0,1,1
wadda,4,1,5
waddaboutit,0,1,1
waddaya,0,1,1
waddayaknowiamcool,0,1,1
waddayawana,0,1,1
wadddddup,0,2,2
waddduuuuppp,0,1,1
wadding,1,1,2
waddington,0,1,1
waddle,1,4,5
waddled,0,2,2
waddley,1,0,1
waddling,2,0,2
waddu,0,1,1
waddup,3,28,31
wadduuhh,1,0,1
waddyaknow,0,2,2
wade,30,36,66
waded,2,4,6
wadena,0,1,1
wades,2,0,2
wadeys,1,0,1
wadge,0,1,1
wadhai,0,1,1
wadhayian,0,1,1
wadhi,0,1,1
wadhurst,1,1,2
wadi,0,1,1
wadia,0,2,2
wading,7,6,13
wadrobe,0,2,2
wads,1,4,5
wadsworth,2,1,3
waduch,0,1,1
waduh,2,1,3
waduhhhh,1,0,1
wadup,2,2,4
waduppp,1,0,1
waduuuhh,1,0,1
wae,4,6,10
wael,0,2,2
waelabbas,0,1,1
waer,2,0,2
waere,1,0,1
waering,3,0,3
waesome,0,1,1
waeter,0,1,1
waether,4,3,7
waeyyy,0,1,1
waf,6,4,10
wafc,1,0,1
wafels,1,0,1
wafer,3,6,9
wafers,1,3,4
waferthins,0,1,1
waffee,1,0,1
waffel,1,4,5
waffels,1,0,1
waffers,1,0,1
waffle,122,127,249
wafflecast,0,1,1
waffled,1,0,1
waffleday,1,0,1
waffledog,0,1,1
waffledogs,0,1,1
wafflefail,1,0,1
wafflehouse,3,4,7
wafflemaker,1,0,1
wafflenya,0,1,1
waffler,0,1,1
waffles,92,150,242
wafflesgirl,0,1,1
waffless,1,0,1
waffy,1,0,1
wafi,2,1,3
waflles,0,1,1
waft,1,0,1
wafting,5,4,9
wafts,0,2,2
wafty,1,0,1
wag,22,27,49
waga,0,1,1
wagah,0,1,1
wagamama,4,22,26
wagamamas,6,7,13
wagamammas,0,3,3
wagaya,0,1,1
wage,27,15,42
waged,2,0,2
wagen,1,0,1
wageningen,0,3,3
wager,4,6,10
wagerin,0,1,1
wages,13,5,18
wagg,1,1,2
wagga,3,1,4
waggaft,1,0,1
waggamammas,0,1,1
wagged,1,0,1
wagger,1,0,1
waggers,0,1,1
waggin,0,1,1
wagging,3,1,4
waggle,2,2,4
waggles,0,1,1
waggling,1,0,1
waggly,0,2,2
waggy,0,4,4
wagh,2,2,4
waghorn,0,1,1
wagjhjjhhh,0,1,1
wagner,3,4,7
wagon,52,61,113
wagoon,1,0,1
wags,2,7,9
wagt,1,0,1
wagtails,0,1,1
wagwarnin,1,0,1
wagwoord,0,1,1
wagyu,1,1,2
wah,327,100,427
waha,1,10,11
wahaa,1,0,1
wahaaay,0,1,1
wahaahha,0,1,1
wahaay,0,1,1
wahah,0,3,3
wahaha,10,31,41
wahahaa,1,1,2
wahahaahha,0,1,1
wahahah,1,5,6
wahahaha,3,27,30
wahahahaaaaa,1,0,1
wahahahah,1,0,1
wahahahaha,1,4,5
wahahahahah,0,1,1
wahahahahaha,1,2,3
wahahahahahahaha,0,1,1
wahahahahhaa,1,0,1
wahahahha,0,1,1
wahahha,0,1,1
wahahhahahha,0,1,1
wahahhha,0,1,1
wahahkjashdasj,1,0,1
wahai,1,0,1
wahan,0,1,1
wahanda,0,1,1
wahat,1,1,2
wahay,3,7,10
wahayyyy,1,0,1
wahd,1,0,1
wahe,0,2,2
wahee,0,1,1
waheeda,1,0,1
waheeeeey,0,1,1
waheeey,0,1,1
waheey,1,1,2
wahegony,1,0,1
wahehe,0,3,3
wahey,7,31,38
waheyy,2,7,9
waheyyy,1,6,7
waheyyyy,1,1,2
waheyyyyyyy,0,1,1
wahh,73,12,85
wahhaaaa,1,0,1
wahhah,1,0,1
wahhaha,0,1,1
wahhahaha,1,0,1
wahhey,0,1,1
wahhh,80,12,92
wahhhh,36,2,38
wahhhhaaaaa,1,0,1
wahhhhh,17,2,19
wahhhhhh,13,0,13
wahhhhhhh,11,1,12
wahhhhhhhh,4,0,4
wahhhhhhhhhh,2,1,3
wahhhhhhhhhhh,2,0,2
wahhhhhhhhhhhh,1,0,1
wahhhhhhhhhhhhhh,1,0,1
wahhhhhhhhhhhhhhhh,1,0,1
wahhhhhhhhhhhhhhhhhh,1,0,1
wahhhhhhhhhhhhhhhhhhh,1,0,1
wahhhhhhhhhhhhhhhhhhhh,1,0,1
wahhhhhhhhhhhhhhhhhhhhhhhhhhhhhhhhhhhhhhhhhhhhhhhhhhh,1,0,1
wahhhhhhhhhhhhhhhhhhhhhhhhhhhhhhhhhhhhhhhhhhhhhhhhhhhh,1,0,1
wahhhhjhjjjhhhhhh,1,0,1
wahhhhmbulance,1,0,1
wahhhwahhhwahhhwahhh,0,1,1
wahhoo,0,2,2
wahhooo,0,1,1
wahhooooo,0,1,1
wahiawa,1,1,2
wahid,1,1,2
wahikuli,1,0,1
wahine,0,1,1
wahiwa,0,1,1
wahjong,0,1,1
wahl,1,1,2
wahlao,1,0,1
wahlaodotcom,1,0,1
wahlau,0,1,1
wahlberg,8,16,24
wahlbergs,0,1,1
wahlen,0,2,2
wahliao,1,0,1
wahliaodotcom,1,1,2
wahlimweb,0,1,1
wahliow,1,0,1
wahlpapering,1,0,1
wahm,0,3,3
wahms,1,0,1
wahnsinn,0,3,3
wahnsinns,0,1,1
waho,0,2,2
wahoo,26,67,93
wahooo,4,13,17
wahoooo,1,9,10
wahooooo,1,4,5
wahoooooo,0,3,3
wahooooooo,1,6,7
wahoooooooo,0,1,1
wahooooooooo,0,1,1
wahoooooooooo,1,0,1
wahooooooooooo,0,2,2
wahoos,2,2,4
wahou,0,4,4
wahr,0,1,1
wahs,3,0,3
wahsed,0,1,1
waht,16,16,32
wahtcah,0,1,1
wahtever,0,1,1
wahts,4,1,5
wahtt,1,0,1
wahuahaua,0,1,1
wahuu,0,1,1
wahuuuwee,0,1,1
wahwah,1,0,1
wahwahwah,2,0,2
wahy,0,1,1
wahyu,0,1,1
wai,22,12,34
waialae,0,1,1
waianae,2,4,6
waiat,1,0,1
waibel,0,1,1
waid,1,0,1
waif,0,1,1
waifu,0,1,1
waight,0,1,1
waiheke,1,2,3
waihi,1,1,2
waii,0,1,1
waiiiiiiiiiiiiiiiit,0,1,1
waiiiiiiiiiiiiting,0,1,1
waiiiiiiiiiiiting,1,0,1
waiiiiiiiiiit,1,0,1
waiiiiiiiit,0,1,1
waiiiiiiit,0,2,2
waiiiiiit,1,0,1
waiiiiiiting,0,1,1
waiiiiiittttt,0,1,1
waiiiiit,1,2,3
waiiiiiting,0,1,1
waiiiiitttt,1,0,1
waiiiit,0,2,2
waiiiiting,1,0,1
waiiiittt,0,1,1
waiiiitttt,1,0,1
waiiit,2,10,12
waiiiting,1,1,2
waiiitt,0,1,1
waiiittt,1,0,1
waiiitttt,0,2,2
waiiittttt,0,1,1
waiit,9,8,17
waiitiin,1,0,1
waiiting,1,1,2
waiitng,1,1,2
waiitt,2,3,5
waiitttt,0,2,2
waiittttt,0,1,1
waikanae,0,1,1
waikele,1,0,1
waikiki,6,17,23
waiking,1,1,2
waikoloa,0,1,1
waiks,1,1,2
wail,8,3,11
wailea,2,0,2
wailer,1,0,1
waili,0,1,1
wailing,6,7,13
wails,5,1,6
wailt,0,1,1
wailua,2,0,2
wailuku,0,1,1
waimanalo,2,0,2
waimea,1,2,3
wain,4,2,6
wainaina,1,0,1
wainat,1,0,1
wainbow,0,1,1
waine,0,1,1
wainik,1,0,1
waining,1,0,1
waino,1,0,1
wainright,0,1,1
wainscoating,0,1,1
waint,0,1,1
wainting,3,6,9
wainwright,3,5,8
waiola,0,1,1
waipahu,1,4,5
waipio,0,2,2
wairata,0,2,2
wairing,1,0,1
wais,0,1,1
waisay,0,1,1
waise,2,5,7
waish,3,0,3
waist,57,40,97
waistband,1,1,2
waistbands,0,1,1
waistcoats,0,1,1
waiste,0,1,1
waisted,10,9,19
waister,0,1,1
waistin,1,0,1
waisting,6,4,10
waistline,3,3,6
waists,0,2,2
waisy,0,1,1
wait,8212,14061,22273
waita,1,0,1
waitakere,1,1,2
waitaminute,2,2,4
waitaminwaitamin,0,1,1
waitb,0,1,1
waitd,1,0,1
waite,5,6,11
waited,339,98,437
waitekus,0,1,1
waiten,3,2,5
waiter,26,29,55
waitering,2,0,2
waiters,5,13,18
waitg,1,0,1
waith,1,1,2
waithing,2,1,3
waitied,0,1,1
waitiing,1,3,4
waitiinq,1,1,2
waitimg,1,0,1
waitin,232,232,464
waitinf,0,2,2
waiting,5379,4407,9786
waitingfor,1,0,1
waitingg,0,2,2
waitinggg,1,3,4
waitingggg,1,2,3
waitinggggg,1,0,1
waitingggggggggg,0,1,1
waitinggggggggggggg,0,1,1
waitingi,0,1,1
waitinglist,1,1,2
waitingroom,1,1,2
waitinh,1,0,1
waitinn,0,2,2
waitinnnq,0,1,1
waitinq,4,7,11
waitinqq,1,0,1
waitinv,0,1,1
waitinwaiting,1,0,1
waitinz,1,0,1
waititng,1,0,1
waitling,1,0,1
waitlist,6,2,8
waitlisted,3,0,3
waitn,8,4,12
waitng,10,2,12
waitnig,0,2,2
waitogo,0,1,1
waiton,0,1,1
waitor,1,1,2
waitors,0,2,2
waitress,25,34,59
waitresses,5,7,12
waitressing,4,3,7
waitron,0,1,1
waitrose,4,8,12
waits,40,49,89
waitsburg,0,1,1
waitstaff,0,2,2
waitt,15,33,48
waittiin,1,0,1
waittin,1,0,1
waitting,2,1,3
waittt,6,15,21
waitttt,2,15,17
waittttt,2,7,9
waitttttt,1,2,3
waittttttt,0,1,1
waitung,0,1,1
waitwait,1,1,2
waitz,0,1,1
waitzzz,0,1,1
waive,1,4,5
waived,1,3,4
waiver,2,7,9
waiverly,0,1,1
waives,1,1,2
waiving,0,2,2
waiy,1,0,1
wajajaja,0,1,1
waji,1,1,2
wajib,3,1,4
wak,8,4,12
waka,2,11,13
wakaka,0,2,2
wakakak,0,2,2
wakakaka,0,3,3
wakakakakaa,1,0,1
wakakakakkak,0,1,1
wakakakkakakak,0,1,1
wakamatsu,1,0,1
wakamono,0,1,1
wakan,1,1,2
wakanda,1,0,1
wakarusa,2,0,2
wakas,0,4,4
wakatelas,0,1,1
wakati,1,0,1
wakatobi,0,1,1
wakatta,0,2,2
wakawaka,1,0,1
wake,2686,1735,4421
wakeboard,9,7,16
wakeboarded,0,2,2
wakeboarder,1,0,1
wakeboarders,0,1,1
wakeboarding,12,15,27
wakebord,1,0,1
waked,5,6,11
wakee,3,0,3
wakeee,0,2,2
wakeeeeeeeeeee,1,0,1
wakeend,0,1,1
wakeeney,1,0,1
wakeey,0,1,1
wakefield,12,3,15
wakeful,2,3,5
wakefulness,1,0,1
wakeii,0,2,2
wakein,2,0,2
wakeing,3,0,3
wakeman,0,1,1
wakemeup,1,0,1
waken,11,10,21
wakenbake,1,0,1
wakend,1,0,1
wakened,2,1,3
wakening,0,1,1
wakeofmymistake,0,1,1
wakepark,1,0,1
waker,1,3,4
wakes,112,86,198
wakeskate,1,0,1
wakeskating,1,0,1
wakestock,0,2,2
wakesurfing,1,1,2
waketraining,3,2,5
wakeup,31,29,60
wakeupca,0,1,1
wakeuplater,0,1,1
wakeups,1,0,1
wakeupthenextday,0,1,1
wakey,44,60,104
wakeywakey,0,1,1
wakeyy,2,1,3
waki,1,0,1
wakie,1,2,3
wakil,0,2,2
wakilllll,0,1,1
wakin,60,39,99
waking,1260,751,2011
wakingbup,0,1,1
wakinggg,0,1,1
wakinging,0,1,1
wakings,1,0,1
wakingup,1,0,1
wakingupimmenslyearly,1,0,1
wakinguptooearlyfail,1,0,1
wakinng,0,1,1
wakinq,0,1,1
wakk,2,0,2
wakke,0,1,1
wakkkkk,1,0,1
wakle,0,1,1
wakling,0,1,1
wakng,1,0,1
wako,0,2,2
wakoko,0,1,1
wakoopa,0,3,3
waktu,7,2,9
waktunya,0,3,3
wakurimashita,0,1,1
waky,2,2,4
wal,115,65,180
wala,91,28,119
walaaaaa,0,1,1
walaby,0,1,1
walace,0,1,1
walah,2,1,3
walaikum,0,1,1
walang,28,24,52
walao,6,2,8
walas,1,0,1
walau,1,0,1
walaupun,1,1,2
walauweyh,1,0,1
walauzz,1,0,1
walaw,0,1,1
walay,0,1,1
walaykom,0,1,1
walberg,0,1,1
walberswick,0,1,1
walc,1,0,1
walcop,1,0,1
walcott,1,3,4
walczaks,0,1,1
wald,0,2,2
waldbaums,1,0,1
waldemar,1,0,1
walden,0,6,6
waldenmagic,0,1,1
waldens,2,0,2
waldi,0,1,1
waldini,0,1,1
waldinyshah,0,1,1
waldo,3,24,27
waldon,0,1,1
waldorf,5,8,13
waldorfschule,0,1,1
waldron,0,1,1
waldshut,0,1,1
waldvogel,2,0,2
wale,6,9,15
waled,1,0,1
walee,1,0,1
wales,128,119,247
walet,3,0,3
walfische,0,1,1
walford,1,0,1
walgeeens,1,1,2
walgreen,2,3,5
walgreens,31,21,52
walhberg,1,0,1
wali,3,2,5
walibi,0,4,4
waling,0,4,4
waljk,1,0,1
walk,2054,2065,4119
walkable,1,1,2
walkabout,5,6,11
walkathon,1,2,3
walkaway,1,0,1
walkd,3,1,4
walkdd,1,0,1
walked,559,378,937
walken,0,7,7
walker,28,64,92
walkerartcenter,1,0,1
walkerr,1,0,1
walkers,11,10,21
walkerton,0,1,1
walkerville,0,2,2
walkf,0,1,1
walkforlife,0,1,1
walki,1,0,1
walkie,3,6,9
walkies,11,11,22
walkign,0,1,1
walkiin,1,0,1
walkin,81,71,152
walkind,0,1,1
walkinf,1,0,1
walking,1056,923,1979
walkingg,1,1,2
walkinggg,1,0,1
walkinngg,0,1,1
walkinonit,1,0,1
walkinq,0,1,1
walkins,2,0,2
walkis,1,0,1
walkk,1,0,1
walkkking,0,1,1
walkkkk,2,0,2
walkkng,0,1,1
walkman,6,5,11
walkmans,0,1,1
walkmen,1,1,2
walkn,4,5,9
walkng,1,1,2
walkoff,0,2,2
walkofshame,0,1,1
walkout,2,0,2
walkover,1,1,2
walks,83,103,186
walksintoabar,0,1,1
walkthepic,0,1,1
walkthis,0,1,1
walkthough,0,1,1
walkthrough,0,6,6
walkthroughs,0,1,1
walkup,1,1,2
walkus,0,1,1
walkway,2,0,2
walkways,0,2,2
walky,2,0,2
wall,565,547,1112
walla,10,16,26
wallabies,6,6,12
wallaby,2,2,4
wallabys,1,0,1
wallace,43,25,68
wallaces,2,0,2
wallad,0,1,1
wallah,5,3,8
wallander,0,1,1
wallapaper,0,1,1
wallbeds,0,1,1
wallboard,0,1,1
wallbridge,0,1,1
wallbridges,2,0,2
wallclimbing,1,1,2
walle,3,9,12
walled,6,4,10
wallee,1,0,1
wallenberg,1,0,1
wallenda,1,0,1
wallenrod,1,0,1
waller,1,2,3
wallerfangen,0,1,1
wallers,0,1,1
wallet,334,121,455
walletless,1,0,1
walletpop,1,0,1
wallets,7,9,16
wallett,0,1,1
walleva,1,0,1
walley,1,0,1
walleye,3,0,3
wallfart,0,1,1
wallflower,6,2,8
wallflowers,3,4,7
wallflowersss,0,1,1
wallgreens,2,0,2
wallhanging,0,1,1
wallhuggers,0,1,1
wallhumper,0,1,1
walliams,1,1,2
wallie,0,1,1
wallin,1,0,1
wallingford,2,2,4
wallinwood,1,0,1
wallis,0,1,1
wallk,0,1,1
wallkkkkkkkkkkkkkkkkkkk,0,1,1
walll,1,0,1
walllet,1,0,1
walllh,1,0,1
wallll,0,1,1
walllll,1,0,1
walllllah,1,0,1
walllllleeeeeee,0,1,1
walllllll,1,0,1
walllllllll,0,1,1
wallllls,1,0,1
wallly,0,1,1
wallmans,1,0,1
wallmart,4,4,8
wallmtg,0,1,1
wallnau,1,0,1
walloon,0,1,1
walloped,1,0,1
wallow,10,3,13
wallowa,0,1,1
wallowing,16,4,20
wallowy,0,1,1
wallpaper,48,133,181
wallpapered,1,1,2
wallpapering,2,0,2
wallpapers,7,26,33
wallpaperto,0,1,1
wallpost,0,1,1
walls,123,145,268
wallstreet,1,2,3
wallstreetjournal,1,0,1
wally,39,34,73
wallyball,1,0,1
wallys,1,1,2
wallyworld,4,4,8
walmart,252,196,448
walmarts,10,5,15
walnes,0,1,1
walng,1,0,1
walnut,12,30,42
walnuts,10,6,16
walo,1,0,1
walphie,1,0,1
walphy,0,1,1
walpole,2,1,3
walrus,6,8,14
walsall,3,0,3
walse,1,0,1
walsers,1,0,1
walsh,9,11,20
walshy,1,3,4
walshypop,0,1,1
walshyyy,0,1,1
walsrode,0,1,1
walt,17,33,50
waltari,0,1,1
walter,33,14,47
walterboro,1,0,1
walters,7,2,9
waltham,1,1,2
walthamstow,0,1,1
walthamstowemd,1,0,1
walton,13,11,24
waltons,1,2,3
waltrip,2,0,2
walty,0,1,1
waltz,6,8,14
waltzed,0,1,1
waltzer,1,1,2
waltzers,2,0,2
waltzing,1,1,2
waltzwithbashir,1,0,1
walvely,0,1,1
walverine,1,0,1
walwal,1,0,1
walwyn,0,1,1
walzer,0,1,1
wam,3,3,6
wambo,0,1,1
wambulance,2,1,3
wame,1,0,1
wamer,0,1,1
wammy,2,0,2
wamp,9,1,10
wampaspam,0,1,1
wampeters,1,0,1
wampppppppp,1,0,1
wampserver,1,0,1
wamt,2,0,2
wamu,6,3,9
wan,107,61,168
wana,397,131,528
wanaa,4,1,5
wanaaa,1,0,1
wanab,1,0,1
wanabee,0,1,1
wanabees,0,1,1
wanadoo,1,0,1
wanaka,0,1,1
wanakita,1,0,1
wanan,3,2,5
wanasa,1,2,3
wancahi,1,0,1
wanchai,2,1,3
wanchu,0,1,1
wancornelius,1,0,1
wand,26,22,48
wanda,11,16,27
wandelmaier,0,1,1
wandelweekend,1,0,1
wander,25,40,65
wandered,16,12,28
wanderer,2,2,4
wanderers,0,3,3
wanderin,1,2,3
wandering,55,57,112
wanderlay,0,1,1
wanderlust,2,1,3
wandern,0,1,1
wanders,6,3,9
wandi,0,1,1
wandii,0,1,1
wandira,0,1,1
wando,0,1,1
wands,1,4,5
wandsworth,0,1,1
wandy,2,0,2
wandyland,1,0,1
wane,4,0,4
waned,7,5,12
waneee,1,0,1
waneet,0,1,1
waner,0,1,1
wanes,1,0,1
wanessa,1,0,1
waney,0,2,2
wang,13,28,41
wangaratta,1,0,1
wangchung,0,1,1
wanger,1,1,2
wangfujing,0,1,1
wangle,1,3,4
wangled,0,1,1
wango,10,8,18
wangotango,0,1,1
wangs,4,3,7
wangtitwank,0,1,1
wangyazhou,1,0,1
wanhan,0,1,1
wani,0,4,4
wanida,0,1,1
waning,6,4,10
wanished,0,1,1
wanit,0,1,1
wanita,1,1,2
wanite,1,0,1
wank,24,9,33
wanka,1,1,2
wanked,0,1,1
wankels,1,0,1
wanker,19,17,36
wankered,0,1,1
wankers,17,8,25
wankhands,0,1,1
wanking,2,1,3
wankpit,0,1,1
wankster,0,1,1
wankus,0,1,1
wanky,2,4,6
wanless,0,2,2
wanlin,1,0,1
wann,9,7,16
wanna,11886,4693,16579
wannaa,5,0,5
wannaaa,12,1,13
wannaaaa,5,1,6
wannaaaaa,3,0,3
wannaaaaaa,1,0,1
wannabe,20,27,47
wannabeateenforever,1,0,1
wannabeatles,1,0,1
wannabees,1,0,1
wannabes,2,1,3
wannabget,0,1,1
wannabtreated,0,1,1
wannacome,1,0,1
wannae,1,0,1
wannaget,1,0,1
wannagobacktobed,1,0,1
wannah,2,0,2
wannalive,1,0,1
wannan,2,0,2
wannanananana,2,0,2
wannaplaaaaay,1,0,1
wannas,0,1,1
wanne,6,5,11
wanned,1,0,1
wannee,0,1,1
wanniassa,1,0,1
wanniee,0,1,1
wannit,3,0,3
wannn,0,1,1
wannna,32,8,40
wannnaa,2,0,2
wannnaaa,3,0,3
wannnaaaa,0,1,1
wannnaaaaa,1,0,1
wannnna,6,1,7
wannnnaa,1,0,1
wannnnaaaa,1,0,1
wannnnna,4,3,7
wannnnnaa,0,1,1
wannnnnaaaa,1,0,1
wannnnnna,1,0,1
wannnnnnnaaaaaaa,1,0,1
wannnnnnnna,2,0,2
wannnnnnnnnnnnt,1,0,1
wannnnnnnnnnt,0,1,1
wannnnnnnt,1,0,1
wannnnnntttt,1,0,1
wannnnnt,0,1,1
wannnnt,3,0,3
wannnnuh,0,1,1
wannnt,2,1,3
wannntttttt,1,0,1
wannqa,1,0,1
wanns,0,1,1
wannsee,0,1,1
wannt,10,6,16
wannted,3,0,3
wanntedd,1,0,1
wannting,1,0,1
wanntsss,1,0,1
wanntt,3,0,3
wannttsss,1,0,1
wannttt,1,1,2
wannttttt,1,1,2
wannw,0,3,3
wanny,1,0,1
wanr,1,0,1
wanred,1,0,1
wans,2,2,4
wanst,3,2,5
wansta,3,0,3
want,29871,12430,42301
wanta,12,3,15
wantabe,1,1,2
wantabet,1,0,1
wantan,0,2,2
wantch,1,0,1
wantcha,0,1,1
wantd,22,6,28
wante,1,1,2
wanted,5326,2269,7595
wanteda,1,0,1
wantedd,3,0,3
wantedshaun,0,1,1
wantes,2,2,4
wantet,0,1,1
wantewd,1,0,1
wanthz,1,0,1
wanti,1,0,1
wantickets,0,1,1
wantin,24,5,29
wanting,800,414,1214
wantingg,1,0,1
wantinq,1,0,1
wantint,1,0,1
wantlist,1,0,1
wantloveneedadoreiscool,1,0,1
wantmassage,1,0,1
wantn,3,1,4
wanto,4,1,5
wanton,5,3,8
wantons,0,2,2
wants,4277,1940,6217
wantsa,2,0,2
wantsies,1,0,1
wantsize,1,0,1
wantslayer,1,0,1
wantss,3,1,4
wantsto,1,0,1
wantstocomenow,0,1,1
wantsz,1,0,1
wantt,2,5,7
wantted,2,0,2
wanttin,1,0,1
wantto,6,1,7
wanttodays,1,0,1
wanttss,1,0,1
wanttt,6,3,9
wantttt,6,2,8
wantttts,1,0,1
wanttttt,3,1,4
wanttttttttt,1,0,1
wantvto,1,0,1
wantwantwant,1,0,1
wantwantwanttttt,1,0,1
wanty,6,0,6
wantz,8,8,16
wanwon,1,0,1
wany,3,0,3
wanye,0,1,1
wanyes,1,0,1
wanys,1,0,1
wanyt,1,0,1
wao,2,1,3
waoh,1,1,2
waoo,1,0,1
waooooouuuu,0,1,1
waooww,0,1,1
waork,1,0,1
waot,1,1,2
waow,1,3,4
wap,7,6,13
wapanese,1,0,1
wapas,0,1,1
wapda,1,0,1
wape,0,1,1
waped,1,0,1
wapi,0,1,1
wapiang,1,0,1
wapo,1,0,1
wappapello,0,1,1
wapped,1,0,1
wappingers,1,0,1
wappu,2,0,2
waps,2,0,2
wapsi,0,1,1
waqas,0,1,1
waqs,2,0,2
waqt,0,1,1
war,329,356,685
warac,0,1,1
waraka,1,0,1
waraku,2,1,3
warantee,1,0,1
waranty,1,1,2
waraw,1,0,1
waray,1,0,1
warbackers,1,0,1
warbeast,1,0,1
warble,0,1,1
warbler,1,0,1
warblers,0,1,1
warbo,1,0,1
warboss,1,0,1
warbucks,3,0,3
warburtons,2,1,3
warbutons,0,1,1
warby,0,1,1
warcaft,0,1,1
warch,1,1,2
warchild,1,1,2
warcrack,0,1,1
warcraft,48,50,98
warcraftathon,0,1,1
warcrafters,0,1,1
warcraftrealms,1,0,1
warcrafttttttt,0,1,1
warcrqaft,1,0,1
ward,103,101,204
wardancewednesday,0,1,1
wardd,1,0,1
warded,2,0,2
wardeh,0,1,1
warden,6,4,10
wardens,0,1,1
wardent,1,0,1
wardere,0,1,1
wardour,1,0,1
wardr,0,1,1
wardriving,0,1,1
wardrob,1,0,1
wardrobe,91,76,167
wardrobes,2,5,7
wards,8,8,16
wardwork,0,1,1
wardy,0,1,1
wardytrip,0,1,1
ware,11,11,22
waredrobe,0,1,1
warefar,1,0,1
warefare,0,1,1
wareheim,1,0,1
warehouse,48,34,82
warehouseexpress,1,0,1
warehouses,1,0,1
warehousethingyy,0,1,1
waren,1,2,3
warenty,0,1,1
wares,5,5,10
warewolf,1,3,4
warewolfs,1,0,1
warez,5,6,11
warezed,1,0,1
warf,1,1,2
warfare,17,35,52
warfe,1,0,1
warfield,2,3,5
warfighter,0,1,1
warga,0,1,1
wargames,5,4,9
warglaive,0,1,1
warhammer,5,5,10
warhawk,2,0,2
warhead,2,6,8
warheads,0,3,3
warhol,4,10,14
warholes,1,0,1
warhols,0,3,3
warhurst,1,0,1
warid,1,0,1
waridoo,0,1,1
warily,1,0,1
waring,2,6,8
wario,3,3,6
warisfucked,1,0,1
wark,2,0,2
warkkk,2,0,2
warks,0,1,1
warkworth,0,1,1
warley,0,1,1
warlock,4,7,11
warlocks,1,0,1
warlord,2,2,4
warlords,0,2,2
warly,1,1,2
warm,1110,1372,2482
warmed,37,22,59
warmer,72,73,145
warmers,2,7,9
warmest,13,10,23
warmfuzzies,0,2,2
warmhands,1,0,1
warmheart,0,1,1
warmin,2,1,3
warming,106,121,227
warmish,1,3,4
warmly,3,13,16
warmm,3,2,5
warmmm,0,1,1
warmmmm,1,1,2
warmmmmm,0,1,1
warmmmmmmmmmmmmmmmmmmmmmmmmmmmmmmmmmmmmmmmm,1,0,1
warmness,3,1,4
warms,12,24,36
warmsley,1,0,1
warmth,41,46,87
warmthhh,0,1,1
warmup,1,4,5
warmups,1,0,1
warmwarmwarmwarmwarm,1,0,1
warn,41,46,87
warna,1,0,1
warnbro,1,0,1
warndizzle,1,0,1
warne,2,4,6
warned,50,62,112
warner,33,24,57
warnerbrothers,0,1,1
warnes,1,0,1
warnet,0,1,1
warney,2,1,3
warnick,0,1,1
warnie,0,1,1
warnin,2,2,4
warning,231,178,409
warnings,40,8,48
warns,4,0,4
warnt,1,0,1
warnty,1,0,1
waronalongs,0,1,1
warp,23,25,48
warpaint,1,1,2
warpath,2,0,2
warpd,1,0,1
warped,241,172,413
warpedd,1,0,1
warpeddd,0,1,1
warpedddddddd,0,1,1
warpeds,1,0,1
warpedtour,1,0,1
warpedwednesday,0,5,5
warper,0,1,1
warperd,1,0,1
warpig,0,1,1
warping,1,3,4
warpings,1,0,1
warplane,0,1,1
warpped,1,0,1
warpy,0,1,1
warrahell,0,1,1
warrant,9,7,16
warranted,2,2,4
warrantee,2,0,2
warranties,3,1,4
warrants,2,4,6
warranty,114,16,130
warren,36,31,67
warrens,3,0,3
warrent,2,1,3
warrented,0,1,1
warrenties,0,1,1
warrenton,1,2,3
warrenty,7,2,9
warrick,9,0,9
warrier,1,1,2
warring,1,0,1
warrington,5,1,6
warrior,29,58,87
warriorrrr,0,1,1
warriors,22,31,53
warrkk,1,0,1
warrnambool,2,1,3
warrnty,1,0,1
warrock,1,1,2
warrped,1,0,1
warrrm,0,1,1
warrrpppeddd,0,1,1
warrrr,0,1,1
warrrrhhh,1,0,1
warrrrm,0,2,2
warrrrrr,0,1,1
warrrrrrrrm,0,1,1
warrrrrrrrrm,1,0,1
warry,0,1,1
wars,241,515,756
warsal,1,0,1
warsash,1,0,1
warsaw,9,22,31
warsch,0,1,1
warshed,1,0,1
warshit,1,0,1
warsow,0,1,1
warsssss,0,1,1
warst,0,2,2
warsteiner,0,1,1
wart,8,0,8
wartawan,0,1,1
wartburg,1,0,1
warte,0,2,2
warten,2,1,3
wartermelon,1,0,1
wartet,0,1,1
warthog,1,0,1
wartime,2,0,2
wartin,1,1,2
wartke,0,1,1
warts,5,2,7
wartungsmodus,0,1,1
warty,1,0,1
warum,4,5,9
warung,1,4,5
warungclub,0,1,1
warwick,19,17,36
warwickshire,1,2,3
wary,7,7,14
warz,0,2,2
warzen,0,1,1
warzone,5,4,9
was,62919,47099,110018
wasa,3,3,6
wasaaaaaaaaa,0,1,1
wasaaabi,0,1,1
wasabi,21,24,45
wasabigasms,0,1,1
wasabiiii,0,2,2
wasacool,0,1,1
wasaga,2,4,6
wasall,1,0,1
wasan,0,1,1
wasant,1,0,1
wasap,0,1,1
wasat,1,0,1
wasatch,0,3,3
wasbord,1,0,1
waschen,0,1,1
wasd,2,0,2
wasdted,1,0,1
wasee,0,1,1
waseem,1,0,1
wasen,3,0,3
wasent,11,2,13
waser,1,0,1
waseted,0,1,1
wasfrom,1,0,1
wash,549,429,978
washable,0,2,2
washboard,1,2,3
washbowl,0,1,1
washbrook,0,2,2
washburn,1,1,2
washburne,1,0,1
washcloth,4,2,6
washcloths,3,2,5
washdc,0,1,1
washed,243,177,420
washeed,1,0,1
washer,77,27,104
washers,8,0,8
washes,14,13,27
washhedd,1,0,1
washhhh,0,1,1
washhing,0,1,1
washhrooom,1,0,1
washighton,1,0,1
washin,22,9,31
washing,486,283,769
washingmachine,2,1,3
washingon,0,1,1
washings,2,1,3
washingt,0,1,1
washingtion,0,1,1
washington,158,147,305
washingtoncaps,1,0,1
washingtonnn,0,2,2
washingtonnnnn,0,1,1
washingtons,0,1,1
washingup,1,0,1
washinq,1,0,1
washinton,0,1,1
washmachine,0,1,1
washn,1,1,2
washng,1,0,1
washorrible,1,0,1
washout,13,1,14
washpost,1,0,1
washroom,4,3,7
washup,0,1,1
washy,0,4,4
wasi,1,0,1
wasicoat,1,0,1
wasin,1,1,2
waske,1,0,1
wasl,1,1,2
wasless,1,0,1
waslike,1,0,1
waslooking,1,1,2
wasn,27,17,44
wasnae,1,0,1
wasnlt,1,0,1
wasno,1,0,1
wasnst,0,1,1
wasnt,1035,362,1397
wasnts,1,0,1
wasntt,1,0,1
waso,1,0,1
wason,0,2,2
wasp,38,14,52
wasps,22,9,31
wass,16,25,41
wassap,0,2,2
wassen,0,1,1
wasserman,0,1,1
wasshi,1,0,1
wassit,0,1,1
wasso,0,1,1
wasson,0,1,1
wassooo,0,1,1
wassoufbook,0,1,1
wasss,1,6,7
wasssh,1,0,1
wassshh,0,1,1
wassss,1,3,4
wasssss,0,1,1
wassssss,0,1,1
wasssssssssssupppp,0,1,1
wasssssssted,0,1,1
wasssssssup,0,2,2
wasssssup,1,1,2
wassssup,1,5,6
wassssuppp,0,1,1
wasssuhpp,0,1,1
wasssup,2,11,13
wasssuppp,0,1,1
wasssuuuppp,0,1,1
wasstraat,0,1,1
wasstttteeddd,1,0,1
wassuh,0,1,1
wassuhp,0,1,1
wassup,54,148,202
wassupp,1,1,2
wassupposed,1,0,1
wassuppp,0,2,2
wassupppp,0,1,1
wassupppppppno,1,0,1
wassupppppppppppp,0,1,1
wast,7,3,10
wastd,1,0,1
waste,637,292,929
wastebag,0,1,1
wasted,459,175,634
wastedd,0,1,1
wastedlittledjs,0,1,1
wastedness,0,1,1
wastedtime,1,0,1
wastedy,1,0,1
wastee,2,0,2
wasteeeee,1,0,1
wasteeman,1,0,1
wasteful,12,2,14
wasteland,4,6,10
wastelands,1,2,3
wasteman,1,0,1
waster,3,8,11
wasters,1,2,3
wastes,4,5,9
wastetimechasingcars,1,3,4
wastey,0,1,1
wasteyyy,1,0,1
wastin,9,3,12
wasting,169,98,267
wastryingtofind,0,1,1
wastttee,0,1,1
wasup,6,20,26
wasurenaide,1,0,1
wasus,0,1,1
wasused,0,1,1
wasusp,0,1,1
wasuup,0,1,1
wasv,1,0,1
wasw,1,0,1
wasy,1,0,1
wasye,0,1,1
wasys,1,0,1
wasz,3,2,5
wat,867,712,1579
wata,3,6,9
wataa,1,1,2
watah,0,1,1
watamu,0,1,1
watanabe,1,0,1
wataniya,1,0,1
watanuki,1,0,1
watase,1,0,1
watashi,1,1,2
watashii,1,0,1
watashiwa,0,2,2
watauga,1,0,1
watcahing,1,0,1
watccccch,1,0,1
watccchhh,1,0,1
watcch,1,0,1
watcched,0,1,1
watcchhh,1,0,1
watcchin,0,1,1
watced,0,1,1
watcgibg,1,0,1
watcging,1,0,1
watch,7468,8234,15702
watcha,9,28,37
watchaa,0,1,1
watchable,2,4,6
watchathink,1,0,1
watchathon,0,1,1
watchcam,0,1,1
watchchuck,0,1,1
watchd,5,15,20
watchdog,2,3,5
watchdollhouse,0,1,1
watche,1,4,5
watchec,0,1,1
watched,2241,2757,4998
watchedhannah,0,1,1
watcheed,1,0,1
watcheeedd,0,1,1
watcheeeed,0,1,1
watcheeeeeeeee,0,1,1
watchen,5,8,13
watcher,9,9,18
watchers,24,23,47
watches,55,79,134
watcheth,0,1,1
watchez,0,1,1
watchg,0,1,1
watchguard,1,0,1
watchh,1,5,6
watchhh,0,1,1
watchhhh,0,1,1
watchhin,1,0,1
watchhing,1,2,3
watchhinn,0,1,1
watchi,1,2,3
watchibg,1,0,1
watchig,1,7,8
watchign,3,1,4
watchiiiiin,0,1,1
watchiin,5,3,8
watchikng,0,1,1
watchimg,1,1,2
watchin,718,998,1716
watchind,2,1,3
watchinf,1,1,2
watching,8396,14379,22775
watchingca,0,1,1
watchingcsi,1,0,1
watchingfamily,0,1,1
watchingg,5,33,38
watchinggeorge,0,1,1
watchinggg,1,5,6
watchingggg,0,1,1
watchinggggg,1,2,3
watchingggggg,0,1,1
watchingn,1,1,2
watchingteletubbies,0,1,1
watchingthe,0,1,1
watchingtthe,0,1,1
watchingtv,1,0,1
watchingtvand,0,1,1
watchingvit,0,1,1
watchingz,0,1,1
watchinharrison,0,1,1
watchinn,5,6,11
watchinng,0,1,1
watchinnn,0,1,1
watchinnnnnnnnnnng,0,1,1
watchinq,6,20,26
watchinqq,1,1,2
watchiqn,0,1,1
watchit,0,1,1
watchm,0,1,1
watchman,0,1,1
watchmen,20,28,48
watchn,43,38,81
watchng,3,8,11
watchning,1,1,2
watchnuts,0,1,1
watchoing,0,1,1
watchon,0,2,2
watchong,1,0,1
watchout,2,6,8
watchoutnow,0,1,1
watchsome,0,1,1
watcht,1,0,1
watchted,1,0,1
watchthe,1,0,1
watchthrough,0,1,1
watchtower,4,4,8
watchtv,1,0,1
watchtvsitcoms,2,0,2
watchu,7,11,18
watchung,1,0,1
watchuuu,0,1,1
watchwa,0,1,1
watchya,0,1,1
watci,1,0,1
watcin,2,1,3
watcing,4,11,15
watcinhg,0,1,1
watdching,0,1,1
watdlched,1,0,1
wate,4,6,10
wated,3,0,3
watee,0,1,1
wateerrr,0,1,1
wateing,1,0,1
water,2000,1503,3503
waterbag,0,1,1
waterballon,0,1,1
waterballoon,0,2,2
waterbasin,0,1,1
waterbed,2,0,2
waterboarded,1,1,2
waterboarding,4,4,8
waterbom,1,1,2
waterbondage,0,1,1
waterbottle,2,4,6
waterbottles,0,1,1
waterboy,1,3,4
waterboying,0,1,1
waterbra,1,0,1
waterbreak,0,1,1
waterbuffalow,1,0,1
waterbug,2,0,2
waterbugs,1,0,1
waterbury,1,0,1
waterbutt,1,0,1
watercamp,1,0,1
watercolor,1,6,7
watercolored,1,0,1
watercolorin,0,1,1
watercolors,4,1,5
watercolour,1,3,4
watercompany,1,0,1
watercooled,1,0,1
watercooler,1,1,2
watercourse,1,0,1
watercraft,1,0,1
watercress,1,1,2
waterdamaged,1,0,1
waterday,1,0,1
waterdeep,0,2,2
waterdog,0,1,1
watered,32,22,54
wateree,1,0,1
waterfall,20,17,37
waterfalls,5,10,15
waterfestival,0,1,1
waterfight,7,5,12
waterfights,1,1,2
waterfire,1,1,2
waterford,4,6,10
waterfordfest,0,1,1
waterfountain,0,1,1
waterfox,0,1,1
waterfront,12,23,35
waterfull,1,0,1
watergate,2,1,3
watergun,2,2,4
waterguns,0,1,1
waterhaven,0,1,1
waterheater,1,0,1
waterhouse,0,1,1
waterie,0,1,1
waterin,1,0,1
watering,79,43,122
waterless,1,1,2
waterley,0,1,1
waterlogged,4,1,5
waterloo,26,20,46
waterloooooooooo,1,0,1
waterlooville,1,0,1
waterman,2,1,3
watermania,0,1,1
watermark,6,12,18
watermarked,2,1,3
watermarking,1,0,1
watermarks,0,2,2
watermellon,2,3,5
watermelloooon,0,1,1
watermelon,61,93,154
watermelons,7,10,17
wateroos,0,1,1
waterpark,17,17,34
waterparks,0,1,1
waterpfoor,1,0,1
waterpipe,0,1,1
waterpolo,3,1,4
waterproof,30,14,44
waterproofs,8,4,12
waterpump,1,0,1
waterr,0,2,2
waterrr,2,1,3
waterrrr,5,0,5
waterrrrr,3,0,3
waters,47,54,101
watershed,5,7,12
watership,2,0,2
waterside,1,0,1
waterski,2,0,2
waterskiing,3,2,5
waterslide,3,1,4
waterslides,1,5,6
watersnake,1,0,1
waterson,1,0,1
watersportin,0,1,1
watersports,1,2,3
waterspout,0,1,1
waterspouts,0,1,1
waterstones,11,5,16
waterstreet,0,1,1
watertight,1,0,1
waterton,1,0,1
watertower,0,1,1
watertown,5,2,7
waterville,1,1,2
watervolley,0,1,1
waterwanderer,1,0,1
waterway,1,2,3
waterworks,9,1,10
waterworld,2,0,2
watery,58,7,65
watev,5,6,11
wateva,12,11,23
watevaa,0,1,1
watevaaa,0,1,1
wateve,1,0,1
watever,19,25,44
wateverrr,0,2,2
watevers,0,1,1
watevr,3,3,6
watevs,5,1,6
watevvaaa,1,0,1
watford,5,6,11
watfors,1,0,1
wath,6,3,9
wathc,2,0,2
wathced,2,4,6
wathchig,1,0,1
wathchin,1,1,2
wathching,1,1,2
wathcin,1,1,2
wathcing,6,9,15
wathed,1,2,3
watheheck,0,1,1
wather,1,1,2
watherver,0,1,1
wathever,0,1,1
wathin,1,0,1
wathing,5,9,14
wati,1,2,3
watiching,0,1,1
watie,1,1,2
watieing,1,0,1
watin,2,1,3
wating,19,19,38
watir,0,2,2
watkins,3,5,8
watkykjy,0,1,1
watley,0,1,1
watlingsouth,0,1,1
watlking,0,1,1
watmough,1,0,1
watn,1,0,1
watnt,1,0,1
wato,4,5,9
watoo,0,1,1
watoto,0,2,2
watr,0,1,1
watring,0,1,1
wats,172,159,331
watse,0,2,2
watseka,0,1,1
watsessing,1,0,1
watshing,0,1,1
watsing,0,1,1
watsit,0,1,1
watsky,0,1,1
watsoever,2,0,2
watson,16,31,47
watsonia,1,0,1
watsons,2,4,6
watsonville,0,1,1
watss,0,1,1
watssss,0,1,1
watstock,0,1,1
watsup,3,2,5
watsuppp,0,1,1
watsupwidat,1,0,1
watt,6,7,13
watta,8,5,13
wattage,2,0,2
wattching,1,0,1
watte,0,1,1
watted,0,1,1
watter,5,1,6
watterson,1,0,1
watting,0,1,1
wattles,0,1,1
wattleton,0,1,1
watto,0,1,1
wattpad,1,0,1
watts,5,10,15
wattson,0,1,1
wattttttchhhhh,0,1,1
wattup,1,2,3
watty,1,1,2
watu,0,1,1
watugsh,2,0,2
watup,0,5,5
watupwitdat,1,0,1
watve,0,1,1
watvz,1,0,1
watw,1,1,2
watwet,0,1,1
watxha,0,1,1
watxhin,1,0,1
waty,0,1,1
watya,0,2,2
watz,4,9,13
watzatsong,1,0,1
watzup,0,1,1
wau,0,1,1
waubonsie,1,0,1
wauchula,1,0,1
waugh,2,1,3
waukegan,0,1,1
wauoo,1,0,1
waupoos,1,0,1
wausau,3,1,4
wautoma,1,0,1
wautt,0,1,1
wauu,1,0,1
wauuuughh,1,0,1
wauuuuuuuuuuuuuuuuuuuu,0,1,1
wauw,1,5,6
wauwen,1,0,1
wav,2,6,8
wave,209,470,679
waveapi,1,0,1
waveboard,1,0,1
waveboarding,0,2,2
waveboards,0,1,1
wavecap,1,0,1
wavechurch,1,0,1
waved,42,30,72
wavedaysyd,2,0,2
waveee,0,1,1
wavefinder,1,0,1
waveforms,0,2,2
waveing,0,1,1
wavelengh,0,1,1
wavelength,1,5,6
wavelengths,2,0,2
wavell,1,2,3
wavepool,3,0,3
waver,2,0,2
waverace,1,0,1
wavered,2,0,2
waverely,0,1,1
waverines,0,1,1
wavering,2,0,2
waverley,4,2,6
waverly,10,55,65
waverunner,1,1,2
waverunning,0,1,1
waves,117,267,384
wavesback,0,1,1
waveschick,0,1,1
wavey,2,3,5
wavez,1,0,1
wavi,0,1,1
wavier,1,0,1
wavin,0,2,2
waviness,1,0,1
waving,36,87,123
wavings,0,1,1
wavness,0,1,1
wavorly,0,3,3
wavos,0,1,1
wavves,3,0,3
wavvvvvvvvyyyyyyy,1,0,1
wavvy,1,0,1
wavy,15,22,37
wavyish,1,0,1
waw,19,37,56
wawa,34,19,53
wawaa,0,1,1
wawas,2,0,2
wawawa,4,2,6
wawawawawah,2,0,2
wawaweweaweaaweas,0,1,1
wawbe,1,0,1
waweer,0,1,1
wawf,0,1,1
wawm,0,1,1
wawona,0,1,1
waws,1,1,2
wawtch,1,0,1
waww,1,0,1
wawy,2,0,2
wawzaa,1,0,1
wax,58,54,112
waxahachie,0,1,1
waxed,20,26,46
waxen,1,0,1
waxer,1,0,1
waxes,1,1,2
waxin,0,2,2
waxing,22,31,53
waxmuseum,1,0,1
waxon,1,0,1
waxonian,0,1,1
waxwings,1,0,1
waxy,2,2,4
way,11827,12653,24480
waya,1,0,1
wayang,0,2,2
wayans,1,1,2
wayard,1,0,1
wayb,1,0,1
wayback,3,1,4
waybeo,0,2,2
waybettr,0,1,1
wayde,0,1,1
waye,1,0,1
wayed,4,0,4
wayf,1,1,2
wayfarer,4,4,8
wayfareres,1,0,1
wayfarers,10,5,15
wayferer,1,0,1
wayfers,0,1,1
wayfm,1,0,1
wayfs,1,0,1
wayhaaaaaaaaaaay,0,1,1
wayhay,0,3,3
wayhey,0,2,2
wayheyyy,0,1,1
wayi,1,0,1
wayid,0,1,1
waying,1,0,1
waylaid,0,1,1
wayland,0,1,1
waylands,2,0,2
waylilhomo,0,1,1
waylon,0,3,3
waylonholst,0,1,1
waylons,0,1,1
wayman,6,0,6
wayn,0,2,2
wayne,81,124,205
waynebows,0,1,1
waynee,0,1,1
wayneeeee,0,1,1
waynehead,0,1,1
waynes,3,10,13
waynesboro,0,1,1
waynestock,0,1,1
waynesworld,0,2,2
wayons,0,1,1
wayoo,0,1,1
waypoint,2,0,2
waypointing,0,1,1
wayrin,0,1,1
ways,272,437,709
wayside,1,1,2
wayss,1,1,2
waysss,1,0,1
waystogetagirlsattention,0,2,2
wayt,1,1,2
wayto,2,0,2
waytooearly,0,1,1
waytoojazzy,0,1,1
wayw,1,0,1
wayward,3,9,12
wayway,1,1,2
waywayway,1,0,1
waywione,0,1,1
wayy,65,68,133
wayyne,1,0,1
wayyou,0,1,1
wayyssssss,1,0,1
wayyy,108,92,200
wayyyy,75,31,106
wayyyyy,18,11,29
wayyyyyy,13,11,24
wayyyyyyy,7,4,11
wayyyyyyyy,2,2,4
wayyyyyyyyy,5,0,5
wayyyyyyyyyy,2,0,2
wayyyyyyyyyyyy,1,1,2
wayyyyyyyyyyyyy,0,1,1
wayyyyyyyyyyyyyyy,1,0,1
wayyyyyyyyyyyyyyyyyyyyyy,0,1,1
wayz,2,1,3
wayzz,0,1,1
wayzzzzzz,1,0,1
waz,50,55,105
wazh,0,1,1
wazke,0,1,1
waznt,2,0,2
wazoo,2,1,3
wazooo,1,0,1
wazowski,1,0,1
wazup,1,1,2
wazz,3,3,6
wazza,0,2,2
wazzap,0,1,1
wazzep,0,1,1
wazzu,1,0,1
wazzup,5,16,21
wazzuppppp,0,1,1
wazzywazzywazzyata,1,0,1
wazzz,0,1,1
wazzza,1,0,1
wazzzup,0,1,1
wazzzzz,0,1,1
wazzzzzup,0,3,3
wb,38,51,89
wba,2,0,2
wbb,1,1,2
wbbu,0,1,1
wbc,8,3,11
wbcn,1,0,1
wbd,1,0,1
wbf,0,1,1
wbgl,0,1,1
wbio,0,1,1
wbl,0,1,1
wblg,0,1,1
wblk,1,0,1
wboc,1,0,1
wbotbh,0,1,1
wbrettwilson,0,1,1
wbs,0,2,2
wbsite,1,0,1
wbtbwb,0,1,1
wbtv,0,1,1
wbu,31,61,92
wbut,1,0,1
wbuu,0,10,10
wbuuuu,0,1,1
wbuyou,0,1,1
wbw,0,1,1
wby,2,0,2
wbyyy,0,1,1
wc,32,38,70
wca,1,0,1
wcax,1,0,1
wcbf,1,0,1
wcc,4,0,4
wccamp,0,1,1
wcchicago,11,21,32
wcdfw,1,0,1
wce,1,0,1
wcf,3,8,11
wcg,0,1,1
wch,3,1,4
wci,2,1,3
wcindyu,0,1,1
wcing,0,3,3
wckd,0,1,1
wckdcll,0,1,1
wcm,1,1,2
wcml,1,0,1
wcng,0,1,1
wcom,1,0,1
wcp,0,1,1
wcq,5,0,5
wcrd,0,1,1
wcs,2,3,5
wcsocial,2,0,2
wct,2,4,6
wcu,1,1,2
wcute,0,1,1
wcvf,1,0,1
wcvh,0,1,1
wcw,0,1,1
wcws,1,4,5
wd,24,27,51
wda,1,1,2
wdam,0,1,1
wdas,0,1,1
wdc,1,3,4
wde,1,0,1
wdehd,1,0,1
wdf,5,4,9
wdg,0,2,2
wdgaf,1,0,1
wdgts,0,1,1
wdh,3,0,3
wdid,0,2,2
wdim,1,0,1
wdis,1,0,1
wdiv,1,0,1
wdnt,2,1,3
wdpoa,1,0,1
wdps,1,0,1
wdriving,0,1,1
wds,2,6,8
wdt,2,1,3
wdtd,1,0,1
wdup,0,1,1
wdw,13,10,23
wdwnt,1,1,2
wdya,0,1,1
wdybt,1,0,1
wdyt,1,0,1
we,28561,35275,63836
wea,5,1,6
weaaaak,1,0,1
weaak,1,0,1
weaar,1,0,1
weacently,0,1,1
weactually,1,0,1
wead,1,0,1
weady,0,1,1
weagleee,0,1,1
weaher,1,0,1
weahter,2,3,5
weaing,1,2,3
weak,391,138,529
weakass,1,0,1
weaken,0,1,1
weakend,1,0,1
weakends,1,0,1
weakened,7,2,9
weakening,3,1,4
weakens,1,0,1
weaker,6,4,10
weakest,11,10,21
weakkk,1,0,1
weakling,5,3,8
weaklings,0,1,1
weakly,3,1,4
weakness,66,56,122
weaknesses,4,13,17
weaknesz,0,1,1
weakonomics,1,0,1
weaks,1,0,1
weaksauce,9,3,12
weal,1,0,1
wealdstone,0,1,1
wealllyy,0,1,1
weally,1,0,1
wealth,10,37,47
wealthed,1,0,1
wealthy,8,16,24
wealy,2,0,2
wean,3,0,3
weaned,2,1,3
weaning,7,6,13
weanlings,1,0,1
weaopon,0,1,1
weapon,24,46,70
weaponry,1,0,1
weapons,31,24,55
wear,1357,1151,2508
wearable,2,2,4
weard,1,2,3
wearded,1,0,1
weardrobe,0,1,1
wearehunted,0,1,1
wearelasers,2,0,2
wearemakinnflannnn,0,1,1
wearemcclory,0,1,1
wearemedia,0,1,1
wearer,3,3,6
wearers,0,2,2
wearescrewed,1,0,1
wearestupid,1,0,1
wearetheocean,0,1,1
wearetheused,1,0,1
wearfare,0,1,1
wearg,1,0,1
wearhouse,2,0,2
wearig,0,1,1
wearin,28,28,56
wearing,827,941,1768
wearingmyearoff,0,1,1
wearisome,1,0,1
wearm,1,0,1
wearnin,1,0,1
wearning,0,1,1
wearr,1,0,1
wearrrrr,2,0,2
wears,58,102,160
wearther,1,1,2
weartvcom,0,1,1
weary,27,18,45
wearying,1,1,2
wearz,1,0,1
weasel,9,12,21
weaselhead,1,0,1
weasels,2,0,2
weasely,0,1,1
weasle,0,1,1
weasley,2,6,8
weasleys,0,1,1
weastmead,1,0,1
weat,3,0,3
weatching,0,1,1
weatehr,3,0,3
weater,2,1,3
weatfer,1,0,1
weatha,3,0,3
weathe,1,0,1
weather,6172,4092,10264
weatherboard,1,0,1
weatherbug,1,0,1
weatherby,0,1,1
weathered,0,4,4
weatherfail,2,0,2
weatherforcast,1,0,1
weatherforcasts,1,0,1
weatherford,1,3,4
weatherforecast,2,1,3
weathergod,1,0,1
weatherhall,0,1,1
weathering,1,2,3
weatherly,1,0,1
weatherman,18,14,32
weathermap,1,0,1
weathermen,4,0,4
weathermenrneverright,1,0,1
weatherpeople,1,0,1
weatherproofing,0,1,1
weatherr,7,12,19
weatherrr,5,7,12
weatherrrr,4,0,4
weatherrrrr,3,1,4
weatherrrrrr,1,0,1
weathers,75,48,123
weatherspoon,2,1,3
weatherspoons,3,1,4
weatherstone,0,1,1
weatherunderground,1,0,1
weatherwatcher,1,0,1
weatherwax,0,1,1
weatherwise,4,1,5
weatherwoman,1,0,1
weathery,0,1,1
weathher,1,0,1
weathherrrrr,0,1,1
weathr,2,0,2
weathy,0,1,1
weatler,1,0,1
weatlhy,0,1,1
weatr,1,0,1
weatre,1,0,1
weatttherrr,1,0,1
weave,24,27,51
weaved,0,3,3
weaver,8,7,15
weavers,0,1,1
weaverville,0,1,1
weaves,4,3,7
weaving,1,9,10
weavings,0,1,1
weazel,0,1,1
weazer,1,0,1
web,884,1034,1918
webaddict,0,1,1
webaddress,1,0,1
webafrica,1,0,1
webair,0,1,1
webam,1,0,1
webapp,1,4,5
webapps,1,1,2
webascender,1,0,1
webathon,0,1,1
webb,18,21,39
webbbbbbbbbbbbbbbbbbbbbb,1,0,1
webbby,1,0,1
webbcammy,0,1,1
webbe,0,1,1
webbed,5,1,6
webber,15,20,35
webbernets,1,0,1
webbie,2,2,4
webbies,1,0,1
webbing,1,0,1
webbpage,0,1,1
webbplats,0,1,1
webbrowser,1,1,2
webbs,0,3,3
webby,7,8,15
webc,1,1,2
webcal,0,1,1
webcam,154,112,266
webcamera,1,0,1
webcamin,1,0,1
webcaming,0,7,7
webcamis,0,1,1
webcammed,0,1,1
webcamming,2,6,8
webcamminggg,0,1,1
webcammm,1,0,1
webcammmmm,1,0,1
webcamp,2,3,5
webcampus,1,1,2
webcams,5,11,16
webcan,1,0,1
webcast,44,34,78
webcasts,4,2,6
webcenter,1,0,1
webchat,7,7,14
webcite,1,0,1
webcmic,0,1,1
webcom,0,1,1
webcomic,3,16,19
webcomickers,0,1,1
webcomics,8,12,20
webconcepting,0,1,1
webconf,1,0,1
webconference,0,1,1
webcontent,0,1,1
webcopy,1,0,1
webcore,1,0,1
webcourses,1,0,1
webcst,0,1,1
webct,1,0,1
webdav,2,1,3
webdd,2,2,4
webdesign,5,15,20
webdesigned,0,1,1
webdesigner,0,4,4
webdesignermag,0,1,1
webdesigning,0,1,1
webdev,1,5,6
webdevelopers,0,1,1
webdevelopment,0,1,1
webdevforums,1,0,1
webdevfulda,0,1,1
webdotwiz,0,1,1
webdotwizards,0,1,1
webdu,2,8,10
webdy,0,1,1
webeden,0,1,1
webelo,0,1,1
weber,6,11,17
webers,1,1,2
webesense,1,0,1
webex,4,1,5
webfaction,0,1,1
webflow,1,0,1
webform,1,0,1
webforms,1,1,2
webgains,0,1,1
webgirltweet,0,1,1
webgis,0,1,1
webgrrls,0,1,1
webgui,1,0,1
webguy,0,1,1
webhallen,0,1,1
webhelp,0,1,1
webhops,1,0,1
webhost,7,4,11
webhosting,1,6,7
webhostingtalk,3,0,3
webhosts,1,2,3
webhush,1,0,1
webical,0,1,1
webicina,0,1,1
webinale,1,0,1
webinar,26,20,46
webinars,3,5,8
webirc,0,1,1
webisite,0,1,1
webisode,1,5,6
webisodes,0,3,3
webiste,0,1,1
webjam,0,1,1
webjet,0,3,3
webkinz,3,5,8
webkit,7,4,11
webkrauts,0,1,1
weblink,3,2,5
weblinks,1,0,1
weblivz,1,0,1
weblog,2,3,5
weblogamo,1,0,1
weblogic,1,0,1
weblogo,1,0,1
weblogscreening,1,0,1
webmage,0,1,1
webmail,6,3,9
webmaster,4,10,14
webmastering,1,1,2
webmasters,2,4,6
webmastertools,1,0,1
webmd,5,1,6
webmethods,1,0,1
webminar,1,0,1
webmiss,0,1,1
webmission,0,3,3
webmonkey,0,1,1
webmonkeys,1,0,1
webmynd,0,1,1
webnatu,0,1,1
webnotebooks,0,1,1
webnotwar,0,2,2
webnovella,0,1,1
webo,0,2,2
webobjects,1,1,2
webonyx,0,1,1
weborexic,1,0,1
webos,4,2,6
weboword,2,11,13
webpage,30,35,65
webpages,5,3,8
webparking,1,0,1
webpart,0,1,1
webparts,0,2,2
webpi,1,0,1
webpm,0,1,1
webproject,0,1,1
webpronews,0,3,3
webradio,0,2,2
webraising,1,0,1
webrat,1,0,1
webresourcesdepot,0,1,1
webrole,1,0,1
webroot,1,0,1
webs,12,12,24
websafe,0,1,1
websecurity,0,1,1
websense,5,1,6
websensed,1,0,1
webseries,1,3,4
webserv,1,0,1
webserver,5,7,12
webservice,4,1,5
webservices,0,1,1
webshell,1,0,1
webshop,3,3,6
webshots,0,1,1
webshow,3,2,5
webshows,1,0,1
webside,1,1,2
websight,1,0,1
websiite,1,0,1
websiote,0,1,1
website,1105,1457,2562
websitee,0,1,1
websitefail,1,0,1
websiteit,1,0,1
websites,128,148,276
websitesss,0,1,1
websiting,0,1,1
webslider,0,1,1
websolutions,0,1,1
websoup,6,2,8
webspace,1,3,4
webspam,0,1,1
websphere,1,2,3
webstandards,0,1,1
webstats,0,1,1
webstaze,0,1,1
webstep,0,1,1
webster,6,15,21
websters,0,2,2
webstie,0,1,1
webstock,1,0,1
webstore,3,0,3
webstream,0,1,1
webstudents,0,2,2
webstuff,0,2,2
websurf,1,0,1
websurfing,1,0,1
websvn,1,0,1
webteam,1,0,1
webteamws,1,0,1
webtech,0,6,6
webtemplates,1,0,1
webtexts,1,0,1
webtogs,1,1,2
webtop,0,1,1
webtrainer,1,0,1
webu,0,1,1
webutante,2,0,2
webvan,1,0,1
webview,1,0,1
webvision,1,0,1
webvisions,0,1,1
webwoke,2,0,2
webwork,1,0,1
webxite,0,1,1
wec,14,11,25
wecam,0,1,1
wecamewithbrokenteeth,0,1,1
wecandothis,0,1,1
wecareaboutdanny,1,1,2
wecareforjanetjackson,0,1,1
wech,1,0,1
weckl,0,1,1
weclome,0,1,1
wecloming,0,1,1
wecome,2,3,5
wecould,1,0,1
wecreate,0,1,1
wed,369,273,642
weda,1,0,1
wedd,2,0,2
wedddddddding,0,1,1
wedddding,1,0,1
wedddin,0,1,1
weddding,1,5,6
wedddingg,0,1,1
wedded,1,2,3
weddiiiiiiiiiing,0,1,1
weddin,6,9,15
weddinbee,0,1,1
weddind,0,1,1
wedding,1152,1835,2987
weddingg,0,2,2
weddinggg,0,1,1
weddingggg,1,0,1
weddinggggg,0,1,1
weddinging,0,1,1
weddingless,0,1,1
weddingness,1,0,1
weddingparty,1,1,2
weddings,71,83,154
weddingtools,0,1,1
weddingwire,0,1,1
weddinq,1,1,2
weddins,0,1,1
weddung,0,1,1
wedendsday,1,0,1
wedenesday,0,1,1
wedensday,3,5,8
wedensdayy,1,0,1
wedge,12,11,23
wedged,3,1,4
wedges,14,22,36
wedgewood,1,0,1
wedgewoods,0,1,1
wedgez,0,1,1
wedgie,6,2,8
wedgies,2,2,4
wedging,0,1,1
wedgy,0,1,1
wedi,3,1,4
wedluxe,0,1,1
wedmore,0,1,1
wedn,1,1,2
wedne,1,0,1
wedneday,2,2,4
wednes,1,0,1
wednesay,2,3,5
wednesbury,1,0,1
wednesd,1,0,1
wednesdaaaay,0,2,2
wednesdaaayy,0,1,1
wednesdaay,1,0,1
wednesday,1090,1044,2134
wednesdayday,0,1,1
wednesdayer,0,1,1
wednesdayness,0,1,1
wednesdayone,1,0,1
wednesdays,35,25,60
wednesdayssss,0,1,1
wednesdayy,1,2,3
wednesdayyy,2,4,6
wednesdayyyy,0,2,2
wednesdayyyyy,1,0,1
wednesdayyyyyy,0,1,1
wednesdsay,1,2,3
wednesdsy,0,1,1
wednessday,1,1,2
wedns,2,0,2
wednsaday,1,0,1
wednsday,4,2,6
wednsdaysss,0,1,1
wednseday,2,0,2
wedoitlikeitslegal,1,0,1
wedotel,0,1,1
wedpm,1,0,1
wedringo,0,1,1
weds,104,89,193
wedsday,1,0,1
wedsenday,1,0,1
wedsendays,1,0,1
wedsites,1,0,1
wedsnesday,1,0,1
wedss,0,1,1
wedstrijdje,0,1,1
wedyn,0,2,2
wee,398,484,882
weeaaaak,1,0,1
weeaar,1,0,1
weeaarrr,0,1,1
weeaboo,1,1,2
weeally,0,1,1
weear,0,1,1
weeb,0,1,1
weeba,0,1,1
weebay,1,0,1
weebcamm,1,0,1
weebee,0,1,1
weebl,0,2,2
weeble,1,1,2
weebles,1,1,2
weebly,0,4,4
weebo,1,0,1
weed,103,104,207
weedas,0,1,1
weedcars,0,1,1
weedeater,3,0,3
weedeating,1,2,3
weeded,5,5,10
weeden,0,1,1
weedend,1,1,2
weeder,1,0,1
weedgie,1,0,1
weedgies,1,0,1
weedheads,0,1,1
weeding,23,45,68
weedings,0,1,1
weedkiller,0,1,1
weedman,1,1,2
weeds,119,106,225
weedsd,0,1,1
weedstick,0,1,1
weedwack,0,1,1
weedwacker,1,0,1
weedwackers,1,0,1
weedwhacker,1,0,1
weee,28,106,134
weeeak,2,0,2
weeeb,1,0,1
weeed,1,0,1
weeednesdayyyyy,0,1,1
weeee,11,68,79
weeeears,0,1,1
weeeeble,0,1,1
weeeee,5,39,44
weeeeed,0,1,1
weeeeee,5,24,29
weeeeeeds,0,1,1
weeeeeee,4,21,25
weeeeeeee,3,6,9
weeeeeeeee,1,8,9
weeeeeeeeeak,1,0,1
weeeeeeeeee,1,3,4
weeeeeeeeeed,1,0,1
weeeeeeeeeee,0,5,5
weeeeeeeeeeee,1,1,2
weeeeeeeeeeeee,0,2,2
weeeeeeeeeeeeee,0,3,3
weeeeeeeeeeeeeee,0,2,2
weeeeeeeeeeeeeeee,0,1,1
weeeeeeeeeeeeeeeee,0,1,1
weeeeeeeeeeeeeeeeee,0,1,1
weeeeeeeeeeeeeeeeeeee,0,1,1
weeeeeeeeeeeeeeeeeeeee,0,1,1
weeeeeeeeeeeeeeeeeeeeee,0,2,2
weeeeeeeeeeeeeeeeeeeeeeeeeeeeeeeeee,0,2,2
weeeeeeeeeeeeeeeeeeeeeeeeeeeeeeeeeeeeeeeeeeeeeeeeeee,0,1,1
weeeeeeeeeeeeeeeeek,0,1,1
weeeeeeeeeeeeeeeekeeeeeeeeeeeeeeeend,0,1,1
weeeeeeeeeeeeeeell,1,0,1
weeeeeeeeeeek,0,1,1
weeeeeeeeeek,0,1,1
weeeeeeeeeird,0,1,1
weeeeeeeeeirdooooooo,1,0,1
weeeeeeeeek,0,2,2
weeeeeeeeekend,0,1,1
weeeeeeeeew,0,1,1
weeeeeeeek,1,2,3
weeeeeeeekeeeeeeend,0,1,1
weeeeeeeeweeeeew,0,1,1
weeeeeeeiii,0,1,1
weeeeeeek,1,1,2
weeeeeeekend,1,0,1
weeeeeeekends,0,1,1
weeeeeeell,0,1,1
weeeeeeew,0,1,1
weeeeeeh,0,1,1
weeeeeehehehe,1,0,1
weeeeeekeeeend,1,0,1
weeeeeekenddd,1,0,1
weeeeeekkksss,1,0,1
weeeeeeks,0,1,1
weeeeeell,0,3,3
weeeeeelllllll,1,0,1
weeeeeh,0,2,2
weeeeeheeheeeeeek,0,1,1
weeeeeird,0,1,1
weeeeek,5,4,9
weeeeekeeeeeennnnnd,1,0,1
weeeeekend,0,2,2
weeeeekennndddd,1,0,1
weeeeekkkkkk,0,1,1
weeeeeks,1,1,2
weeeeel,0,1,1
weeeeell,1,1,2
weeeeellll,1,0,1
weeeeezy,0,1,1
weeeeh,1,2,3
weeeeheeeee,0,1,1
weeeehhh,1,0,1
weeeehoooooo,0,1,1
weeeeiii,0,1,1
weeeeiiiiiiiii,0,1,1
weeeeiiirrrddd,1,0,1
weeeeird,2,1,3
weeeek,6,5,11
weeeekeeennnnddd,0,1,1
weeeekend,2,6,8
weeeekends,0,1,1
weeeekkkk,1,0,1
weeeekkkkkkkk,0,1,1
weeeekkss,1,0,1
weeeeks,2,4,6
weeeel,2,0,2
weeeell,3,3,6
weeeelll,1,2,3
weeeellll,0,1,1
weeeelllll,1,0,1
weeeelllllll,1,0,1
weeeet,1,1,2
weeeeww,0,1,1
weeeezyyy,0,1,1
weeeh,3,5,8
weeeheeee,0,1,1
weeeheeyy,1,1,2
weeehh,1,0,1
weeehhhh,0,3,3
weeehooo,0,1,1
weeeiiiirrrd,0,1,1
weeeiiirrrd,1,0,1
weeeird,1,2,3
weeek,28,17,45
weeekeeennnd,1,0,1
weeekeendd,0,1,1
weeekend,10,24,34
weeekenddd,0,1,1
weeekends,3,0,3
weeekk,1,1,2
weeekkk,2,0,2
weeeknd,2,0,2
weeeks,5,4,9
weeekss,0,1,1
weeelcome,1,0,1
weeelcomes,0,1,1
weeell,2,4,6
weeelll,1,2,3
weeellll,0,1,1
weeelllll,1,0,1
weeen,0,1,1
weeeoooeeeoooeeeoooeeeooo,1,0,1
weeepy,1,0,1
weeerrrre,0,1,1
weeet,1,1,2
weeeveilpussy,0,1,1
weeevilpussy,0,1,1
weeew,1,3,4
weeeww,0,1,1
weeey,0,1,1
weeez,0,1,1
weeezyyy,1,0,1
weef,1,0,1
weefacation,0,1,1
weegie,0,1,1
weegies,0,1,1
weeh,2,2,4
weeha,1,0,1
weehee,1,3,4
weeheehee,1,0,1
weehh,1,0,1
weehhh,1,0,1
weehhooo,0,1,1
weehhxd,0,1,1
weehoo,0,2,2
weehu,0,1,1
weeiend,0,1,1
weeii,0,1,1
weeiirrd,0,1,1
weeing,2,3,5
weeired,1,0,1
weej,1,0,1
week,12210,9554,21764
weeka,1,0,1
weekand,0,3,3
weekapaug,1,0,1
weekaslovers,0,1,1
weekd,1,0,1
weekdaily,0,1,1
weekday,31,27,58
weekdays,39,33,72
weekdayssss,1,0,1
weeke,1,0,1
weekebd,1,0,1
weeked,13,9,22
weekedn,1,5,6
weekeds,1,0,1
weekeeeeeeeeeend,0,1,1
weekeeeeeeend,0,1,1
weekeeeeend,1,0,1
weekeeeeennnddd,0,1,1
weekeeend,1,0,1
weekeind,1,0,1
weekeknd,1,0,1
weekemd,0,1,1
weeken,4,5,9
weekend,8914,9591,18505
weekendalso,0,2,2
weekendbreak,0,1,1
weekendd,3,6,9
weekenddd,4,11,15
weekendddd,0,5,5
weekenddddd,0,4,4
weekenddddddddd,0,1,1
weekendem,1,1,2
weekender,1,6,7
weekenders,0,2,2
weekendfail,2,0,2
weekending,0,3,3
weekendroad,0,1,1
weekendroadtrip,1,2,3
weekends,660,441,1101
weekendtechtalk,0,1,1
weekendtime,0,1,1
weekendul,1,0,1
weekendz,2,2,4
weekened,6,5,11
weekeneds,1,0,1
weekeng,0,2,2
weekennd,0,2,2
weekennndd,0,1,1
weekennnnd,0,1,1
weekens,0,1,1
weeker,1,1,2
weekes,1,0,1
weekfor,1,0,1
weekinpictures,0,1,1
weekish,0,1,1
weekiversary,0,1,1
weekk,4,2,6
weekkk,2,1,3
weekkkk,0,1,1
weekkkkk,1,1,2
weekkkkkk,1,0,1
weekkss,0,1,1
weeklies,0,1,1
weeklong,3,3,6
weekly,121,164,285
weekn,0,1,1
weeknd,17,12,29
weeknds,1,0,1
weeknend,1,0,1
weekness,2,0,2
weeknesses,0,1,1
weeknight,3,1,4
weeknights,7,0,7
weeknites,1,0,1
weeknn,0,1,1
weekns,1,0,1
weekofwin,5,0,5
weeks,4115,2426,6541
weeksary,0,1,1
weeksin,1,0,1
weekss,2,1,3
weeksss,2,0,2
weekssss,1,3,4
weekstilltheendofschool,0,1,1
weeksto,0,1,1
weeksvisit,1,0,1
weekthough,1,0,1
weekuntil,1,0,1
weekwnd,1,0,1
weeky,2,0,2
weekz,6,0,6
weel,5,5,10
weelend,1,1,2
weell,3,2,5
weelll,2,2,4
weelllcome,0,1,1
weellll,0,2,2
weels,0,1,1
weely,0,1,1
weemee,0,2,2
weemo,0,1,1
ween,2,2,4
weena,0,1,1
weened,1,0,1
weeners,2,0,2
weenie,9,12,21
weeniecustard,0,1,1
weeniegalshit,1,0,1
weenies,0,1,1
weening,2,0,2
weenis,0,1,1
weenkee,0,5,5
weeno,1,0,1
weensy,1,0,1
weenus,1,0,1
weeny,7,5,12
weeo,0,1,1
weeooow,1,0,1
weeooweeeooo,0,1,1
weeoweeowee,0,1,1
weep,52,10,62
weeped,1,0,1
weeper,1,1,2
weepers,0,1,1
weepies,1,2,3
weepinbell,1,0,1
weeping,17,11,28
weeps,22,3,25
weepweep,0,1,1
weepy,18,4,22
weer,5,12,17
weere,2,2,4
weerrkkking,0,1,1
weerrre,0,1,1
wees,2,0,2
weesatch,0,1,1
weese,1,0,1
weesing,1,0,1
weet,5,21,26
weeta,1,0,1
weetabix,6,8,14
weetbix,3,1,4
weeth,0,1,1
weeties,0,1,1
weets,0,1,1
weett,0,1,1
weev,1,0,1
weeve,1,0,1
weevil,1,0,1
weevils,2,1,3
weew,2,1,3
weewa,0,2,2
weewee,1,2,3
weewees,0,1,1
weewhitefluffypussy,0,1,1
weewk,1,0,1
weeworld,0,4,4
weeww,1,0,1
weex,1,0,1
weez,2,5,7
weezed,1,0,1
weezer,18,17,35
weezie,0,1,1
weezing,4,0,4
weezy,21,20,41
weezyy,0,1,1
wefbwiugfgij,1,0,1
weffriddles,1,0,1
wefigures,0,1,1
wefitfamilies,1,0,1
wefollow,11,13,24
wefollowdotcom,0,1,1
weft,1,0,1
wefuse,0,1,1
weg,10,3,13
wegas,1,0,1
wege,0,1,1
wegel,0,1,1
weger,0,1,1
weget,1,0,1
weggerannt,1,0,1
weggies,1,1,2
wegging,1,0,1
weggs,1,0,1
weggy,0,1,1
wegman,2,1,3
wegmans,3,7,10
wegmens,1,0,1
wegners,0,2,2
wegs,0,1,1
weh,12,8,20
wehave,0,1,1
wehay,1,2,3
wehe,0,2,2
weheartit,2,1,3
wehearttoronto,0,2,2
weheh,0,1,1
wehehe,4,4,8
weheheh,0,1,1
wehehehehe,0,2,2
wehehhe,0,2,2
weheii,1,0,1
wehey,1,7,8
weheyyyy,0,1,1
wehh,1,1,2
wehhe,0,1,1
wehhh,3,0,3
wehhhh,1,0,1
wehn,4,0,4
weho,9,11,20
wehoo,0,2,2
wehotweetup,0,2,2
wehr,2,0,2
wehre,1,1,2
wei,13,18,31
weibe,3,1,4
weibliche,0,1,1
weidding,1,0,1
weidemann,0,1,1
weider,1,0,1
weien,0,1,1
weigh,59,49,108
weighed,31,14,45
weighin,0,3,3
weighing,10,4,14
weighs,14,11,25
weight,627,372,999
weighted,4,4,8
weighting,0,1,1
weightless,5,18,23
weightlesssss,1,0,1
weightlifter,0,1,1
weightlifting,3,2,5
weightloss,3,6,9
weightroom,2,0,2
weights,58,58,116
weightwatchers,5,3,8
weighty,1,1,2
weigly,0,1,1
weigth,0,1,1
weih,2,0,2
weiiiiiiii,0,1,1
weiiiiiiiiird,1,0,1
weiiiird,0,1,1
weiiird,2,2,4
weiiirddd,1,0,1
weiiit,0,1,1
weiird,1,0,1
weijers,1,0,1
weijie,0,1,1
weik,1,0,1
weikert,1,0,1
weikle,0,1,1
weiks,1,0,1
weil,1,2,3
weilands,1,0,1
weilding,0,1,1
weilin,1,0,1
weill,2,0,2
weils,0,1,1
weim,1,0,1
weimar,1,2,3
weimaraner,1,1,2
weimer,1,0,1
weimie,0,1,1
wein,1,0,1
weinberg,1,7,8
weine,1,0,1
weiner,7,10,17
weinerhead,0,1,1
weinermobile,1,0,1
weiners,2,2,4
weinerschnitzel,1,1,2
weinershniztel,1,0,1
weinfest,0,2,2
weingarten,1,0,1
weinig,1,0,1
weinner,1,0,1
weir,1,7,8
weird,1882,1586,3468
weirdal,20,0,20
weirdaltv,0,1,1
weirdan,0,1,1
weirdass,1,1,2
weirdd,5,1,6
weirddd,5,6,11
weirdddd,0,1,1
weirddddd,1,1,2
weirdddddd,0,1,1
weirddddddd,1,0,1
weirdddddddddddddddddddddddddddd,0,1,1
weirded,6,6,12
weirder,6,11,17
weirdest,43,52,95
weirdfoodanimalrhymers,0,1,1
weirdherout,0,1,1
weirdier,0,1,1
weirdies,0,1,1
weirding,0,1,1
weirdly,26,14,40
weirdmusician,0,1,1
weirdness,9,24,33
weirdnesses,0,1,1
weirdo,27,54,81
weirdoiam,1,0,1
weirdooo,1,0,1
weirdoooo,1,1,2
weirdos,17,14,31
weirdralph,0,1,1
weirds,1,2,3
weirdst,1,0,1
weirdy,1,2,3
weired,5,3,8
weirrd,0,1,1
weirrddd,1,0,1
weirrrd,1,0,1
weirrrddoo,1,0,1
weirstiee,1,0,1
weirton,1,1,2
weirwood,0,1,1
weiry,0,1,1
weis,1,1,2
weisberger,1,0,1
weisburgunderwednesday,0,1,1
weisheng,1,0,1
weising,1,0,1
weismies,0,1,1
weiss,4,6,10
weisse,0,1,1
weissen,0,1,1
weisses,1,0,1
weissheitszahnop,0,1,1
weisure,0,1,1
weit,1,0,1
weite,1,0,1
weiter,1,2,3
weiters,1,0,1
weith,2,0,2
weits,0,1,1
weitz,1,3,4
weitzman,1,0,1
weitzmans,1,0,1
weiu,1,0,1
weiwei,1,0,1
weiyan,0,1,1
weiyin,0,1,1
weizen,1,2,3
wejust,0,1,1
wek,3,3,6
weka,1,1,2
wekalaa,1,0,1
wekastar,0,1,1
wekeend,0,1,1
wekend,7,8,15
wekends,1,1,2
wekiva,1,0,1
wekk,8,2,10
wekkend,2,0,2
weknd,0,1,1
wekrjwkjrlwkjkljawhr,0,1,1
weks,2,2,4
wel,76,59,135
wela,4,0,4
welbeck,1,0,1
welc,0,1,1
welch,4,7,11
welche,0,1,1
welchers,0,1,1
welches,0,3,3
welchs,1,2,3
welcoe,0,1,1
welcoem,0,2,2
welcom,3,16,19
welcome,620,6702,7322
welcomebackcarter,1,0,1
welcomed,15,66,81
welcomedddd,0,1,1
welcomee,1,11,12
welcomeee,0,9,9
welcomeeee,0,5,5
welcomeeeeeeeeeeeeeeeeeeeeeeeeee,0,1,1
welcomer,0,1,1
welcomes,5,46,51
welcomesss,0,1,1
welcometothebigleague,0,1,1
welcometothecircle,1,0,1
welcomezzz,0,1,1
welcoming,17,80,97
welcomme,1,2,3
welcommmmmme,0,1,1
welcomr,1,1,2
welcomunication,0,1,1
welcone,0,1,1
welcs,0,1,1
welcum,0,8,8
welcummm,0,1,1
welcy,0,1,1
weld,7,0,7
welded,1,1,2
welder,0,1,1
weldernes,1,0,1
welders,3,0,3
welding,2,5,7
weldmar,2,0,2
weldon,0,1,1
weleave,0,1,1
weleens,0,1,1
weleh,1,1,2
welfare,11,4,15
welikefashion,0,1,1
welito,1,0,1
weliveinpublic,0,1,1
welk,3,3,6
welker,3,0,3
welkies,0,1,1
welkom,0,9,9
welkome,0,2,2
welkum,0,2,2
well,19471,23271,42742
wella,1,2,3
welland,1,3,4
wellbeing,4,5,9
wellbeloved,1,1,2
wellbutrin,2,0,2
wellcom,0,1,1
wellcome,0,7,7
wellcomeback,0,1,1
welld,0,1,1
welldone,1,3,4
welle,0,4,4
welled,2,0,2
wellemeyer,0,2,2
wellenbad,0,1,1
weller,5,5,10
welles,2,3,5
wellesely,0,1,1
wellesley,1,2,3
wellfancythat,0,1,1
welliam,0,1,1
wellie,1,4,5
wellied,1,1,2
wellies,24,21,45
wellill,0,1,1
wellin,1,0,1
welling,11,6,17
wellington,29,33,62
wellingtonians,1,0,1
wellingtons,1,2,3
wellioz,1,0,1
wellish,0,1,1
wellity,2,2,4
wellk,0,1,1
welll,56,70,126
welllcome,0,1,1
wellll,30,32,62
welllll,15,13,28
wellllll,11,11,22
welllllll,4,3,7
welllllllcome,0,1,1
wellllllll,1,2,3
welllllllll,0,2,2
welllllllllll,1,0,1
wellllllllllllll,2,0,2
welllllllllllllll,1,0,1
welllllllllllllllllll,0,1,1
wellllllllllllllllllllllllllllcome,0,1,1
welllllp,1,0,1
wellls,1,0,1
wellmont,0,1,1
welln,0,1,1
wellnes,0,1,1
wellness,8,14,22
wellnessone,0,1,1
wellnow,0,1,1
wello,0,1,1
wellon,1,0,1
wells,68,47,115
wellsa,1,0,1
wellsies,1,0,1
wellspring,1,1,2
wellsss,1,0,1
wellston,0,1,1
wellthis,1,0,1
wellturn,0,1,1
wellwell,3,0,3
wellwishes,1,0,1
wellwood,0,2,2
welly,11,13,24
wellyou,0,1,1
wellys,2,1,3
wellywood,1,3,4
wellyz,1,0,1
wellz,10,10,20
welnaby,0,2,2
welo,1,0,1
welocme,0,1,1
welocome,0,4,4
welome,0,2,2
weloveeric,0,1,1
welovemileyxoxo,0,1,1
welp,40,44,84
welpje,1,0,1
welpl,1,0,1
welpp,0,1,1
welps,0,1,1
wels,1,0,1
welsh,53,51,104
welshdragon,1,0,1
welshies,0,1,1
welshman,1,1,2
welshmen,0,1,1
welshmovies,2,1,3
welshpool,1,1,2
welshs,1,0,1
welshy,1,1,2
welsley,1,0,1
welsome,1,0,1
welt,4,1,5
weltec,1,0,1
welter,1,0,1
welterusten,0,1,1
welterweight,1,0,1
welterwieght,1,0,1
welts,4,2,6
welvy,1,0,1
welwyn,0,2,2
welx,0,2,2
wem,2,5,7
wemashville,0,1,1
wemb,1,1,2
wemba,0,1,1
wembally,2,0,2
wembeley,1,2,3
wembely,4,3,7
wemblely,1,0,1
wembley,109,79,188
wembleyyy,1,0,1
wembly,12,6,18
wemblyyy,0,1,1
wemeblty,1,0,1
wemely,1,0,1
wemembew,1,0,1
wemissed,0,1,1
wemkend,0,1,1
wemt,2,0,2
wen,385,254,639
wena,0,2,2
wenas,0,1,1
wenatchee,1,0,1
wenb,2,0,2
wenbt,1,0,1
wench,7,5,12
wenches,3,1,4
wenchola,0,1,1
wend,5,4,9
wendee,0,1,1
wendel,0,2,2
wendell,2,4,6
wendella,0,1,1
wendesday,0,1,1
wendi,5,6,11
wendigo,1,0,1
wending,0,1,1
wendita,1,0,1
wendla,1,0,1
wendling,0,1,1
wendoo,0,1,1
wendover,2,0,2
wends,1,1,2
wendsday,6,3,9
wendseday,1,0,1
wendy,110,135,245
wendyball,0,1,1
wendydeniedvader,1,0,1
wendyhouse,0,1,1
wendys,32,24,56
wendywings,1,0,1
wendyy,1,0,1
wendyyy,0,1,1
wenesday,3,3,6
wenesdays,1,0,1
weneva,1,2,3
wenever,1,0,1
wenevr,1,0,1
weng,2,0,2
wenger,2,2,4
wengers,1,0,1
wengi,0,2,2
wengs,1,0,1
wenis,2,1,3
wenises,0,1,1
wenkbrauwwiebel,0,1,1
wenn,1,3,4
wenna,2,1,3
wenne,1,0,1
wenny,1,0,1
wenovski,0,1,1
wens,6,3,9
wensday,12,11,23
wenseday,2,0,2
went,7850,5456,13306
wente,0,2,2
wenthome,1,0,1
wentiii,0,1,1
wento,1,0,1
wentt,3,1,4
wenttt,2,0,2
wentttt,1,0,1
wentworth,13,5,18
wentworths,1,0,1
wenty,0,1,1
wentz,16,43,59
wentzer,0,1,1
wentzlee,1,1,2
wentzzz,0,1,1
wenu,1,0,1
weny,2,0,2
wenzel,1,0,1
wenzell,1,0,1
wenzels,1,1,2
wenzhou,0,2,2
weo,1,1,2
weohfcawcewafc,0,1,1
weoll,1,0,1
weovil,2,0,2
weow,1,0,1
wep,8,2,10
wepa,1,0,1
wepowder,0,1,1
wepppaaaaaaaaaaaaaaa,1,0,1
wept,4,4,8
wer,63,41,104
wera,1,2,3
werain,0,1,1
weraing,0,1,1
weramemuera,0,1,1
werburghs,0,1,1
werchter,7,3,10
werd,14,19,33
werdagerk,1,0,1
werdd,1,0,1
werddd,0,1,1
werddddddddd,0,2,2
werder,3,9,12
werds,0,2,2
were,10528,8179,18707
weread,0,1,1
wereback,0,1,1
werecat,0,3,3
wereclosed,0,1,1
werecounting,1,0,1
weree,2,6,8
wereee,1,0,1
werefrom,1,0,1
weregonna,1,0,1
werehousing,1,0,1
wereld,0,1,1
weren,2,1,3
werent,144,50,194
wereon,0,1,1
weres,9,1,10
werewolf,13,31,44
werewolfkid,1,0,1
werewolfs,0,2,2
werewolfstory,0,1,1
werewolve,1,0,1
werewolves,7,19,26
weribee,1,0,1
werid,11,14,25
weriddd,0,1,1
weridddddddddddddddddddddd,0,1,1
weridly,1,0,1
weried,0,1,1
werk,51,14,65
werken,0,1,1
werkgevers,0,1,1
werkheiser,0,2,2
werkin,5,2,7
werking,1,1,2
werkk,0,1,1
werkmeister,0,2,2
werkplace,1,0,1
werks,1,0,1
werkse,0,1,1
werkseee,0,1,1
werkt,0,1,1
werky,1,0,1
werkz,0,1,1
werll,0,2,2
wern,5,7,12
werner,3,3,6
werneth,1,0,1
werns,1,0,1
wernshern,1,0,1
wernt,21,12,33
werny,0,1,1
werq,0,1,1
werrd,0,1,1
werre,0,4,4
werribee,0,2,2
werrk,0,1,1
werrreee,1,0,1
werrrrd,0,1,1
werrrrr,1,0,1
wers,4,1,5
wersz,0,1,1
wert,1,2,3
werte,0,1,1
werth,0,1,1
werther,1,0,1
werthers,1,0,1
wertz,2,5,7
werugh,1,0,1
werwolf,0,2,2
werwolves,0,1,1
wes,60,61,121
wesaaaaaaaley,0,1,1
wesabe,2,1,3
wesabi,1,0,1
wesbian,1,0,1
wesc,1,1,2
wesche,0,1,1
wesco,0,1,1
wescoas,1,0,1
wese,0,1,1
weseal,0,1,1
wesely,1,0,1
wesh,1,3,4
wesharedi,1,0,1
weshouldfindout,1,0,1
wesley,19,19,38
wesleyan,0,3,3
wesleys,0,1,1
weslin,1,0,1
wesnesday,1,1,2
wesome,2,1,3
wess,0,1,1
wessel,1,0,1
wessels,0,1,1
wesseltof,0,1,1
wessex,1,0,1
wessner,1,0,1
wesson,0,1,1
wesssstsiiiiiide,0,1,1
wesst,0,1,1
wessy,0,1,1
west,538,569,1107
westamerica,0,1,1
westarn,0,1,1
westbam,0,1,1
westbank,1,0,1
westbay,1,0,1
westboro,2,0,2
westbound,4,1,5
westbourne,1,1,2
westbrook,2,1,3
westbury,3,0,3
westchase,0,1,1
westchester,5,6,11
westchestertonfieldville,0,1,1
westcity,0,1,1
westcoast,8,6,14
westcoastfriendship,0,1,1
westcoastgal,0,1,1
westcoastin,1,0,1
westcon,1,0,1
westconn,0,1,1
westcott,1,0,1
westcountry,2,1,3
westdorpe,1,0,1
westdyke,0,1,1
westend,2,4,6
westeners,0,1,1
westens,1,0,1
westerberg,1,1,2
westerfeld,1,1,2
westerkamp,0,1,1
westerland,1,0,1
westerly,0,2,2
western,78,99,177
westerner,1,1,2
westerners,0,1,1
westernma,0,1,1
westerns,0,4,4
westeros,0,1,1
westerpark,1,0,1
westerwald,1,0,1
westest,1,0,1
westests,1,0,1
westfalia,1,0,1
westfest,5,0,5
westfield,14,20,34
westfields,1,4,5
westfiled,0,1,1
westford,0,2,2
westgate,3,5,8
westgore,0,1,1
westheimer,1,2,3
westhiemer,1,0,1
westhill,0,1,1
westhoff,0,1,1
westhost,0,3,3
westie,4,5,9
westies,1,2,3
westillhavesexting,0,1,1
westin,3,5,8
westinghouse,1,0,1
westinghousea,0,1,1
westinpda,1,0,1
westjet,1,3,4
westkapelle,0,1,1
westlake,4,4,8
westlakers,0,1,1
westlakes,1,0,1
westland,0,2,2
westlaw,1,0,1
westley,1,0,1
westlife,21,28,49
westlifes,2,1,3
westlin,0,1,1
westmead,3,0,3
westminister,1,0,1
westminster,6,11,17
westmister,1,0,1
westmonstown,1,0,1
westmont,0,1,1
westmore,0,1,1
westmoreland,1,3,4
westmorland,1,0,1
westmount,0,1,1
westnet,0,1,1
westney,0,1,1
weston,11,19,30
westonbirt,3,2,5
westones,0,1,1
westons,0,2,2
westover,0,1,1
westpacs,1,0,1
westpalmmbeachhh,0,1,1
westphal,0,1,1
westphalia,1,0,1
westport,0,4,4
westren,0,1,1
westridge,1,0,1
wests,2,2,4
westside,14,10,24
westsiders,0,1,1
westt,0,1,1
westtttt,0,1,1
westurn,0,1,1
westview,0,1,1
westw,0,1,1
westward,1,0,1
westway,1,0,1
westwich,1,0,1
westwick,5,16,21
westwind,1,0,1
westwood,14,9,23
westwoods,1,0,1
westworld,0,1,1
westy,0,1,1
wesuck,1,0,1
wesupportmustin,0,1,1
wet,1044,454,1498
wetaher,1,0,1
wetalkmovies,0,1,1
wetalkmusic,0,1,1
wetbacks,0,1,1
wetbags,0,1,1
wetbar,1,0,1
wetdog,1,0,1
wetdown,1,0,1
wetevr,1,0,1
wetfloor,0,1,1
wetha,1,1,2
wethekings,2,5,7
wether,30,28,58
wetherall,2,0,2
wetherell,1,0,1
wetherrfield,0,1,1
wethers,0,1,1
wetherspoon,1,1,2
wetherspoons,2,2,4
wethetravis,1,0,1
wethought,1,0,1
weths,0,1,1
wetland,0,2,2
wetlands,1,1,2
wetmore,2,1,3
wetnap,0,1,1
wetness,3,2,5
wetnesx,1,0,1
wetnwild,0,1,1
wetoku,1,1,2
wetpaint,1,1,2
wetpussies,1,0,1
wets,2,1,3
wetseal,1,0,1
wetshaving,0,1,1
wetstripe,1,0,1
wetsu,0,1,1
wetsuiiitttt,1,0,1
wetsuit,4,6,10
wetsuits,2,5,7
wett,3,4,7
wette,0,1,1
wetted,1,0,1
wetten,0,1,1
wetter,8,9,17
wetteren,0,1,1
wettest,3,0,3
wetting,4,6,10
wettt,1,0,1
wetttt,1,0,1
wettttt,0,1,1
wettttttt,0,1,1
wetty,1,0,1
wetzel,3,0,3
wetzels,1,1,2
weup,0,1,1
weurgh,1,0,1
wev,1,1,2
weva,3,0,3
weve,23,21,44
wever,1,0,1
wew,14,25,39
wewantindexradio,0,1,1
wewantmcflyinbrazilsoon,0,1,1
wewentto,0,1,1
wewere,1,0,1
weweweweww,0,1,1
wewlcome,0,1,1
wewo,0,1,1
wewp,1,0,1
wewt,1,9,10
weww,0,1,1
wewwt,0,1,1
wex,1,1,2
wexford,3,2,5
wexler,1,2,3
wexner,0,1,1
wey,11,5,16
weya,0,1,1
weybridge,1,2,3
weyburn,0,1,1
weyeliner,1,0,1
weyh,0,1,1
weyhey,1,1,2
weymouth,1,5,6
weymuff,1,0,1
weys,0,1,1
weyyy,0,2,2
wez,0,2,2
wezel,0,1,1
wezw,0,1,1
wezz,2,1,3
wezzey,1,0,1
wezzy,2,1,3
wf,11,11,22
wfan,1,0,1
wfb,0,1,1
wfc,2,1,3
wfd,1,0,1
wfe,1,1,2
wfg,0,2,2
wfh,10,4,14
wfi,1,0,1
wfl,0,1,1
wfm,2,2,4
wfp,0,3,3
wfry,0,1,1
wfs,0,2,2
wft,4,1,5
wftb,4,9,13
wftda,0,1,1
wfttt,0,1,1
wfu,0,1,1
wfx,0,1,1
wfy,0,1,1
wg,8,4,12
wga,1,1,2
wgal,1,0,1
wgat,2,0,2
wgbh,1,0,1
wgbiz,0,2,2
wgc,1,0,1
wgci,1,0,1
wgen,1,1,2
wget,3,1,4
wgfs,2,0,2
wgged,0,1,1
wght,0,1,1
wgm,2,0,2
wgme,1,0,1
wgn,10,6,16
wgnradio,1,0,1
wgr,1,0,1
wgs,1,0,1
wgsn,1,0,1
wgsun,0,1,1
wgt,3,7,10
wgtn,3,2,5
wgworldwide,0,1,1
wh,33,25,58
wha,57,55,112
whaa,12,11,23
whaaa,25,7,32
whaaaa,12,8,20
whaaaaa,6,0,6
whaaaaaa,6,3,9
whaaaaaaa,5,2,7
whaaaaaaaa,2,0,2
whaaaaaaaaaa,1,0,1
whaaaaaaaaaaaa,0,2,2
whaaaaaaaaaaaaa,1,0,1
whaaaaaaaaaaaaaa,1,0,1
whaaaaaaaaaaaaaaa,1,0,1
whaaaaaaaaaaaaaaat,0,1,1
whaaaaaaaaaaaaaat,1,0,1
whaaaaaaaaaaaaat,2,0,2
whaaaaaaaaaaat,3,1,4
whaaaaaaaaaat,0,1,1
whaaaaaaaaat,2,1,3
whaaaaaaaaats,1,0,1
whaaaaaaaahhhh,1,0,1
whaaaaaaaaht,1,0,1
whaaaaaaaat,5,2,7
whaaaaaaahhhhhh,1,0,1
whaaaaaaat,5,3,8
whaaaaaaattttttttt,1,0,1
whaaaaaack,1,0,1
whaaaaaadup,1,0,1
whaaaaaat,7,6,13
whaaaaaatttt,1,0,1
whaaaaack,0,1,1
whaaaaah,2,0,2
whaaaaao,0,1,1
whaaaaap,0,1,1
whaaaaat,23,7,30
whaaaaata,1,0,1
whaaaaattt,1,0,1
whaaaaatttt,1,0,1
whaaaack,1,0,1
whaaaahuhuhu,1,0,1
whaaaat,35,20,55
whaaaatever,0,1,1
whaaaatsss,0,1,1
whaaaatt,1,1,2
whaaah,0,1,1
whaaahhh,1,0,1
whaaaiii,1,0,1
whaaaiiii,1,0,1
whaaat,43,21,64
whaaatever,0,1,1
whaaats,0,3,3
whaaatt,3,0,3
whaaattt,2,0,2
whaaatttttt,1,2,3
whaaay,1,0,1
whaaayhey,0,1,1
whaat,16,19,35
whaatt,2,0,2
whaattt,2,2,4
whaatttaatttt,0,1,1
whaayee,0,1,1
whabs,1,0,1
whach,0,1,1
whacha,2,1,3
whachall,1,0,1
whachaupto,0,1,1
whaching,1,0,1
whachoo,2,0,2
whachout,0,1,1
whack,95,48,143
whackberry,2,0,2
whacked,30,8,38
whacker,2,2,4
whackest,2,0,2
whacking,3,6,9
whackity,1,0,1
whackjobs,0,1,1
whackk,2,0,2
whackkk,1,1,2
whackkkk,1,0,1
whackness,1,2,3
whacko,0,1,1
whackonly,0,1,1
whacks,1,0,1
whackwednesday,1,0,1
whacky,2,6,8
whackywine,0,1,1
whad,1,4,5
whadafuxup,1,0,1
whadahellll,1,0,1
whadd,1,1,2
whadda,0,1,1
whaddafuck,1,0,1
whaddaya,3,4,7
whaddayaknow,0,1,1
whaddayou,1,0,1
whadddaaaaap,0,1,1
whadddddddupppp,0,1,1
whadddduuuuuuuuuup,0,1,1
whadddupp,0,1,1
whaddduuup,0,1,1
whadden,0,1,1
whaddup,1,18,19
whaddupp,0,1,1
whadduppp,0,1,1
whaddupppp,0,1,1
whaddya,2,12,14
whaddyagonnado,0,1,1
whaddyamean,0,1,1
whadeva,0,1,1
whadja,0,1,1
whadya,1,0,1
whaen,1,1,2
whaere,1,0,1
whafts,1,0,1
whah,2,1,3
whaha,0,4,4
whahaa,1,0,1
whahaha,1,6,7
whahahah,0,2,2
whahahahaa,0,1,1
whahahahahah,0,1,1
whahhevr,0,1,1
whahhh,2,1,3
whai,2,0,2
whail,1,0,1
whait,0,2,2
whaitng,0,1,1
whajfa,1,0,1
whakcer,1,0,1
whale,137,110,247
whalefail,0,1,1
whalekind,0,1,1
whalen,1,2,3
whaleoil,0,1,1
whaler,2,0,2
whalers,4,2,6
whales,74,29,103
whalesharks,1,0,1
whaley,0,1,1
whaleys,1,0,1
whalies,1,0,1
whaling,7,1,8
whalst,1,0,1
wham,9,20,29
whammed,1,1,2
whamming,0,1,1
whammy,12,5,17
whammys,0,1,1
whampoa,0,1,1
whams,0,1,1
whan,1,5,6
whanau,0,1,1
whand,0,1,1
whang,0,1,1
whangamata,1,0,1
whanganui,0,1,1
whangarei,0,1,1
whangerei,0,1,1
whannnannawaaahann,1,0,1
whannnnn,1,0,1
whant,6,3,9
whants,1,0,1
whao,0,3,3
whaoo,0,1,1
whaooo,0,2,2
whaou,0,1,1
whap,0,4,4
whappen,1,0,1
whapps,0,1,1
whar,9,3,12
whardie,1,0,1
wharf,11,12,23
wharfie,1,0,1
wharfside,0,1,1
wharra,1,0,1
wharton,1,1,2
wharty,1,0,1
whas,5,6,11
whass,0,1,1
whassamatta,1,0,1
whassqoodd,0,1,1
whasssap,0,1,1
whassup,8,10,18
whassuppp,0,1,1
whast,2,0,2
whasup,0,5,5
what,29299,30046,59345
whata,7,16,23
whataaaaaaa,1,0,1
whatabout,1,0,1
whataburger,27,14,41
whataburgers,1,0,1
whataday,0,1,1
whatam,0,1,1
whatamess,1,0,1
whatare,1,0,1
whatareyoueating,0,1,1
whatareyoulisteningto,1,0,1
whatawatwaawaa,0,1,1
whataway,0,1,1
whatbouts,0,1,1
whatca,0,1,1
whatcar,0,1,1
whatch,1,7,8
whatcha,43,124,167
whatchaaa,0,1,1
whatchadoin,0,1,1
whatchall,1,1,2
whatched,1,0,1
whatchew,0,1,1
whatchiing,1,1,2
whatchin,2,3,5
whatching,6,13,19
whatchingg,0,1,1
whatchoo,1,2,3
whatchu,13,21,34
whatchur,1,0,1
whatchuu,0,1,1
whatchya,1,2,3
whatcing,0,1,1
whatcotyisnotdoing,1,0,1
whatcould,1,0,1
whatcroft,0,2,2
whatd,4,1,5
whatdafuxup,0,1,1
whatdid,0,1,1
whatdididotourheart,1,0,1
whatdididotoyourheart,0,3,3
whatdidyathink,0,1,1
whatdo,1,0,1
whatduhyya,1,0,1
whatdya,0,3,3
whate,2,0,2
whateaver,1,0,1
whateer,0,1,1
whateever,0,1,1
whateffer,1,0,1
whatelse,1,3,4
whately,1,0,1
whaterver,1,0,1
whatesoever,1,0,1
whatev,20,30,50
whateva,24,22,46
whatevaa,0,1,1
whatevaaa,2,1,3
whatevaaaa,1,1,2
whatevaaaaaaaa,0,1,1
whatevah,0,1,1
whatevahh,0,1,1
whatevahhh,1,0,1
whatevas,1,0,1
whateve,0,2,2
whateveer,0,1,1
whatever,802,1195,1997
whatevera,1,0,1
whatevercrap,1,0,1
whateverdid,1,0,1
whateverdudes,0,1,1
whateverelse,1,0,1
whateverfloatsyourboat,0,1,1
whatevering,0,1,1
whateveritscalled,0,1,1
whateverlife,0,2,2
whatevermaksuhappy,0,1,1
whateverr,0,8,8
whateverrr,6,3,9
whateverrrr,2,2,4
whateverrrrr,2,2,4
whateverrrrrrr,1,0,1
whateverrrrrrrrrrrrrr,1,0,1
whateverrrrrrrrrrrrrrrr,1,0,1
whatevers,7,8,15
whateversss,1,0,1
whateverssss,0,1,1
whateverthehell,1,0,1
whateverworks,0,1,1
whateveryou,0,1,1
whateverz,2,0,2
whateves,0,2,2
whatevr,1,3,4
whatevre,0,2,2
whatevs,24,43,67
whatevski,0,1,1
whatevskis,1,0,1
whatevss,1,0,1
whatevsz,1,0,1
whatevurr,0,1,1
whatevv,1,2,3
whatevvv,1,0,1
whatevvvz,0,1,1
whatevz,1,5,6
whatevzz,1,0,1
whatfor,0,1,1
whatg,1,0,1
whatha,1,0,1
whathashappenedtomydiet,1,0,1
whathaveyoumissed,0,1,1
whathe,1,0,1
whather,1,0,1
whati,1,2,3
whatif,2,2,4
whating,1,1,2
whatis,1,1,2
whatisit,1,0,1
whatisthat,0,1,1
whatisthepointofpr,0,1,1
whatiswrongwithus,1,0,1
whatisyourvice,0,1,1
whatitdobaby,0,1,1
whatitis,0,1,1
whatiwantformybirthday,0,1,1
whatizzthewrong,1,0,1
whatja,0,1,1
whatkindofpersonstealsabike,1,0,1
whatks,0,1,1
whatley,0,1,1
whatmenwant,0,1,1
whatmom,1,0,1
whatmore,1,0,1
whatnetwork,0,1,1
whatnot,31,30,61
whatnottowear,0,1,1
whatnow,0,1,1
whatprovides,1,0,1
whatre,1,1,2
whatreyadoin,0,1,1
whats,1489,1346,2835
whatsamatter,1,0,1
whatserface,1,0,1
whatsever,1,0,1
whatsevs,1,0,1
whatsgoin,1,0,1
whatshappening,1,0,1
whatsherface,1,1,2
whatshisface,2,1,3
whatshisname,1,0,1
whatshouldhavebeen,1,0,1
whatsits,0,1,1
whatsmore,1,0,1
whatsmysection,52,4,56
whatso,3,0,3
whatsoeva,1,0,1
whatsoever,66,27,93
whatsoeverrr,0,1,1
whatsover,3,0,3
whatss,3,4,7
whatsss,0,1,1
whatssss,0,1,1
whatsssuuuppp,1,0,1
whatssup,0,1,1
whatsthecraziestthingyou,0,1,1
whatsthepointinamazonprime,1,0,1
whatsup,5,21,26
whatsupp,1,1,2
whatsupppppppppp,0,1,1
whatsuup,1,0,1
whatsz,1,2,3
whatt,28,12,40
whatta,30,35,65
whattaa,0,1,1
whattaburger,1,0,1
whattaday,0,1,1
whattah,1,0,1
whattch,0,1,1
whattcha,0,1,1
whattchu,1,0,1
whattchyaaa,0,1,1
whatteeverr,1,0,1
whatter,0,1,1
whatteverr,0,1,1
whatthebuck,0,3,3
whatthebucks,0,1,1
whatthedeuce,1,0,1
whatthefont,1,0,1
whatthefuck,2,0,2
whattheheck,1,1,2
whatthehell,2,0,2
whatthehellzzzzzz,1,0,1
whattifftheycallme,1,0,1
whattimeit,0,2,2
whattin,1,0,1
whattt,19,13,32
whattta,0,1,1
whatttt,12,11,23
whattttever,0,1,1
whatttts,0,1,1
whattttt,5,5,10
whatttttt,3,0,3
whattttttt,1,1,2
whatttttttt,4,0,4
whattttttttt,1,1,2
whattttttttttt,1,0,1
whatttttttttttt,0,1,1
whattttttttttttttt,1,0,1
whattttttttwuttt,0,1,1
whattttttup,0,1,1
whattup,2,7,9
whattuppp,0,1,1
whattuup,0,1,1
whatu,0,1,1
whatua,0,1,1
whatumacalit,1,0,1
whatup,6,9,15
whatuppp,1,0,1
whatupwhatupwhatup,0,1,1
whatupwhatupwhatupppp,0,1,1
whatv,0,1,1
whatvdid,1,0,1
whatve,1,3,4
whatver,1,3,4
whatwe,0,1,1
whatwhat,0,1,1
whatwhatwhat,2,2,4
whatwomenwant,0,1,1
whatwouldyoudoif,1,0,1
whatxhing,0,1,1
whatya,1,1,2
whatz,9,14,23
whatzzzzz,0,1,1
whave,1,0,1
whawhaawha,1,0,1
whay,7,5,12
whayhay,0,1,1
whays,1,0,1
whayy,0,2,2
whayyyyyyy,0,1,1
whaz,0,3,3
whazgood,1,0,1
whazup,1,0,1
whazz,0,1,1
whazza,0,1,1
whazzup,0,3,3
whazzzap,0,1,1
whb,2,8,10
whca,1,0,1
whcd,1,1,2
whch,1,3,4
whcih,2,4,6
whdn,0,1,1
whe,8,10,18
whea,2,0,2
wheah,2,0,2
wheal,0,1,1
whearty,1,0,1
wheat,74,65,139
wheatabix,1,0,1
wheatball,0,1,1
wheater,9,6,15
wheatfree,1,0,1
wheatgerm,1,0,1
wheatgrass,1,4,5
wheather,18,9,27
wheatherrrrrrrrrr,1,0,1
wheathers,0,1,1
wheaties,3,9,12
wheatley,1,2,3
wheaton,4,3,7
wheatons,1,0,1
wheatonwebrenovation,0,1,1
wheats,7,9,16
wheatsheaf,2,0,2
wheatstraw,1,0,1
wheatus,0,1,1
wheaty,2,0,2
wheatysgirl,1,0,1
wheb,5,2,7
wheddon,1,0,1
whedon,12,16,28
whedonesque,3,1,4
whedonesquer,0,1,1
whedonite,1,0,1
whedonites,0,1,1
whedonverse,0,2,2
whee,11,75,86
wheedle,0,1,1
wheee,10,35,45
wheeee,4,26,30
wheeeee,2,9,11
wheeeeee,2,3,5
wheeeeeee,1,6,7
wheeeeeeee,0,2,2
wheeeeeeeee,2,5,7
wheeeeeeeeee,0,1,1
wheeeeeeeeeee,0,2,2
wheeeeeeeeeeee,0,2,2
wheeeeeeeeeeeee,0,1,1
wheeeeeeeeeeeeeee,0,1,1
wheeeeeeeeeeeeeeeee,0,1,1
wheeeeeeeeeeeeeeeeeeee,0,1,1
wheeeeeeeeeeeeeeeeeeeeee,0,1,1
wheeeeeeeeeeeeeeeeeeeeeeee,1,0,1
wheeeeeeeeeeeeeeeeeeeeeeeeeeeeeeeeeeeeeeee,0,1,1
wheeeeeeeeeeeellllllllllllllllllllllllll,0,1,1
wheeeeeeeeeere,1,0,1
wheeeeeew,0,1,1
wheeeeels,0,1,1
wheeeen,1,0,1
wheeeere,1,0,1
wheeeew,0,2,2
wheeeey,0,1,1
wheeeeyoooooooooooo,0,1,1
wheeeeyy,0,1,1
wheeeh,0,2,2
wheeehee,0,1,1
wheeennn,1,0,1
wheeew,1,0,1
wheeey,3,3,6
wheeeyy,0,2,2
wheeeyyy,0,1,1
wheeheey,0,1,1
wheehoo,0,1,1
wheehooo,0,1,1
wheel,203,137,340
wheelbarrow,4,3,7
wheelbite,1,0,1
wheelborrow,1,0,1
wheelchair,29,23,52
wheelchairs,3,3,6
wheeled,5,1,6
wheeler,13,9,22
wheelers,2,4,6
wheelie,6,7,13
wheelies,0,1,1
wheelin,0,2,2
wheeling,6,9,15
wheell,0,1,1
wheelman,1,0,1
wheelock,4,1,5
wheels,83,89,172
wheelsuckers,0,1,1
wheelworx,0,1,1
wheely,1,2,3
wheelz,2,0,2
wheen,1,2,3
wheenn,2,0,2
wheennn,1,0,1
wheer,0,1,1
wheesung,0,2,2
wheetabix,0,1,1
wheetplatform,0,1,1
wheew,4,5,9
wheey,1,0,1
wheeyyy,2,0,2
wheez,1,0,1
wheeze,3,1,4
wheezers,0,1,1
wheezes,1,0,1
wheezing,26,3,29
wheezy,5,3,8
whehehe,0,1,1
whehh,1,0,1
whei,1,0,1
wheird,0,1,1
wheiting,0,1,1
whelan,0,1,1
whelans,1,1,2
whelch,0,1,1
wheldon,0,1,1
whelk,1,0,1
whell,0,1,1
whellll,1,0,1
whelmed,1,0,1
whelming,4,0,4
whelp,2,3,5
whelping,1,0,1
whelpz,0,1,1
whem,4,4,8
when,22338,17124,39462
whena,2,0,2
whence,1,4,5
whend,0,1,1
whendoes,0,1,1
whene,2,2,4
wheneva,0,5,5
whenever,313,429,742
whenevers,0,1,1
wheneveryouwant,1,0,1
whenevr,4,4,8
wheni,1,1,2
whenim,0,1,1
whenings,0,1,1
wheniruletheworld,0,1,1
whenisaw,0,1,1
whenisthelosingstreakgonnaend,1,0,1
whenit,2,0,2
whenitypewitha,1,0,1
wheniwasakid,0,1,1
wheniwaslittle,1,0,1
wheniwasyoung,0,1,1
wheniwerealad,5,3,8
wheniwerealass,1,0,1
whenn,4,5,9
whenneon,0,1,1
whennn,1,1,2
whennnn,1,2,3
whennnnnnnnnnnnnnnn,1,0,1
whennu,1,0,1
whenopeneing,1,0,1
whens,44,39,83
whensday,0,1,1
whenshallwetalk,0,1,1
whent,5,3,8
whenthe,1,0,1
whenver,1,1,2
whenvr,1,0,1
whenwhenwhen,1,1,2
wher,20,9,29
wherabouts,2,1,3
where,9044,6011,15055
whereabout,1,0,1
whereabouts,11,21,32
whereaboutzz,0,1,1
whereals,1,0,1
whereareyou,1,0,1
whereas,21,19,40
whereby,1,2,3
wherecamp,1,2,3
whered,12,3,15
wheree,2,2,4
whereee,1,1,2
whereeee,5,2,7
whereeeeeee,1,0,1
wherees,1,0,1
whereever,7,4,11
wherefore,2,1,3
wherei,1,1,2
wherein,2,2,4
whereing,1,0,1
whereis,2,0,2
whereisfred,0,1,1
whereisjoeymcintyre,4,2,6
whereland,0,1,1
wherelese,1,0,1
wherelse,0,1,1
wheren,0,2,2
wherent,1,1,2
whereowhereowhere,0,1,1
wheres,225,67,292
wheresmatis,1,0,1
wheresmybailout,1,0,1
wheresmycharger,1,0,1
wheress,1,0,1
wheresss,1,0,1
wheressss,1,0,1
wheresthe,1,0,1
whereswaldo,0,1,1
wheretf,0,1,1
wherethe,2,0,2
wherethesundontshine,0,1,1
wheretrent,0,1,1
whereu,1,0,1
whereva,0,2,2
wherever,75,131,206
wherevertheycomefrom,1,0,1
wherevi,1,0,1
wherew,1,0,1
wherewolfs,0,1,1
wherewolves,0,1,1
wherez,1,0,1
wherezdagoddamn,1,0,1
wherr,2,1,3
wherree,1,0,1
wherrrrrre,0,1,1
wherrrrrrrrrrrrr,1,0,1
wherry,0,1,1
wherrz,0,1,1
whers,2,2,4
whersmacheese,0,1,1
wherz,1,0,1
whet,0,2,2
wheter,0,1,1
whetha,0,1,1
whether,358,278,636
whetherspoons,1,0,1
whetherspooons,1,0,1
whethr,0,1,1
whett,1,0,1
whetver,0,1,1
whever,2,0,2
whew,111,281,392
wheww,2,4,6
whewww,1,1,2
whewwww,0,1,1
whewwwww,0,1,1
whey,12,9,21
wheyhey,1,1,2
wheyjinnnnn,0,1,1
wheyy,1,2,3
wheyyy,1,6,7
wheyyyy,1,2,3
wheyyyyyy,0,1,1
wheyyyyyyyyyyyy,0,1,1
wheyyyyyyyyyyyyy,1,0,1
whez,0,1,1
whf,1,0,1
whhaa,1,0,1
whhaaa,0,1,1
whhaaaa,1,0,1
whhaaaaaaaaat,1,1,2
whhaaaaaaaaattt,1,0,1
whhaaat,1,0,1
whhaacck,1,0,1
whhaatttt,0,1,1
whhad,0,1,1
whhat,0,2,2
whhatat,0,1,1
whhatttt,0,1,1
whheeee,1,0,1
whheerreeee,1,0,1
whheeyy,1,0,1
whhen,0,2,2
whhew,1,0,1
whhha,1,0,1
whhhaaa,1,0,1
whhhaaaaaaa,1,0,1
whhhaaaaaaaaaa,1,0,1
whhhaaaaat,1,0,1
whhhaaahhh,1,0,1
whhhaaat,1,0,1
whhhaaattt,1,2,3
whhhaaattttt,0,1,1
whhhaatt,1,1,2
whhhahah,1,0,1
whhhasssup,0,1,1
whhhat,0,1,1
whhheeerrrreee,0,1,1
whhhen,1,0,1
whhhhaaaat,1,1,2
whhhhaaat,1,0,1
whhhhaaawhyyyy,1,0,1
whhhhatt,1,0,1
whhhheeeeee,0,1,1
whhhhhhat,1,0,1
whhhhhhhhhhhhhheeeeeeeeeeeeee,0,1,1
whhhhhhhhhhhhhy,1,0,1
whhhhhhhhhhy,1,0,1
whhhhhhhhhy,0,1,1
whhhhhhhhhyyyy,1,0,1
whhhhhhhhyyyyy,1,0,1
whhhhhhhhyyyyyyyyyyyyy,1,0,1
whhhhhhhy,1,0,1
whhhhhhhyyyyy,1,0,1
whhhhhhy,2,0,2
whhhhhhyyyyyyyy,1,0,1
whhhhhhyyyyyyyyyyyyyyyyyy,1,0,1
whhhhhoooooo,0,1,1
whhhhhy,2,0,2
whhhhoooppp,0,1,1
whhhhy,2,0,2
whhhhyy,1,1,2
whhhhyyyyy,1,0,1
whhhhyyyyyy,1,0,1
whhhip,0,1,1
whhhooohoo,0,1,1
whhhoooo,0,1,1
whhhy,5,0,5
whhhyyy,3,0,3
whhhyyyy,1,0,1
whhhyyyyy,1,0,1
whhhyyyyyy,1,0,1
whhhyyyyyyy,1,0,1
whhhyyyyyyyyyyy,1,0,1
whhoa,0,1,1
whhohoo,0,1,1
whhole,0,1,1
whhooohoooo,0,1,1
whhoooo,1,0,1
whhooooo,0,1,1
whhooooooooooooooooooooooooo,1,0,1
whhoops,0,1,1
whhore,1,0,1
whht,0,1,1
whhy,2,1,3
whhyy,4,1,5
whhyyy,2,0,2
whhyyyy,2,0,2
whi,1,1,2
whic,1,1,2
whice,1,0,1
which,3746,3477,7223
whichdoemst,1,0,1
whichever,14,38,52
whichh,0,1,1
whichll,1,0,1
whichs,1,1,2
whicht,1,0,1
whichu,0,1,1
whick,0,1,1
whicked,0,1,1
whicker,0,2,2
whickty,1,0,1
whidbey,2,1,3
whidd,0,1,1
whie,3,0,3
whieewh,0,1,1
whife,0,2,2
whiff,2,4,6
whiffelball,1,0,1
whiffies,0,1,1
whiffin,0,1,1
whiffle,0,3,3
whiffles,0,1,1
whiffs,2,0,2
whiffy,0,1,1
whigfield,0,1,1
whigs,0,1,1
whih,3,0,3
whihihihihi,0,1,1
whii,0,1,1
whiii,0,2,2
whiiich,0,1,1
whiiiiiiiiiiiiiiiiiiiiiiiiiiiiiiiiiiile,0,1,1
whiiiiiiiiiiiine,2,0,2
whiiiiiiiiiiines,1,0,1
whiiiiile,0,1,1
whiiiile,1,0,1
whiiiillleee,1,0,1
whiiiine,1,0,1
whiiile,1,1,2
whiiileee,0,1,1
whiiiskey,1,0,1
whiiite,1,0,1
whiile,3,1,4
whil,1,1,2
whild,0,1,1
while,5432,5426,10858
whilee,5,4,9
whileee,2,3,5
whileeee,4,1,5
whileeeee,1,0,1
whileeeeee,1,0,1
whiles,2,3,5
whileshe,1,0,1
whilest,0,1,1
whilethe,1,0,1
whiletwitterwasdown,1,0,1
whilewaiting,1,0,1
whilexd,1,0,1
whiley,2,5,7
whilin,1,1,2
whiling,2,0,2
whill,1,1,2
whille,1,1,2
whillee,1,1,2
whilleeee,1,0,1
whillllllle,1,0,1
whilo,1,0,1
whilse,0,1,1
whilst,293,304,597
whim,4,9,13
whimby,1,0,1
whimp,0,1,1
whimper,23,2,25
whimpered,2,0,2
whimpering,7,1,8
whimpers,10,1,11
whimpy,2,0,2
whims,1,2,3
whimsical,1,10,11
whimsically,0,1,1
whimsky,1,0,1
whimsy,1,2,3
whin,1,1,2
whincup,2,0,2
whine,67,28,95
whinecoolers,0,1,1
whined,1,1,2
whinefest,1,0,1
whineflu,0,1,1
whinehouse,2,0,2
whineing,1,0,1
whiner,4,5,9
whiners,0,2,2
whines,14,2,16
whinewhinewhine,1,0,1
whiney,12,5,17
whineyhayfeversufferer,1,0,1
whinge,14,5,19
whinged,1,0,1
whingeing,1,0,1
whinger,2,0,2
whingey,0,1,1
whinging,13,8,21
whingy,3,0,3
whinin,1,1,2
whining,67,64,131
whink,0,2,2
whinlatter,0,1,1
whinmoor,0,1,1
whinnies,1,0,1
whinning,2,0,2
whinny,2,0,2
whinnying,1,0,1
whintney,0,1,1
whiny,34,17,51
whinycuntsville,1,0,1
whip,52,96,148
whipe,1,0,1
whiped,2,3,5
whipeee,0,1,1
whipes,2,0,2
whiping,0,1,1
whiplash,18,7,25
whipless,1,0,1
whipo,1,0,1
whipp,0,2,2
whippcream,0,1,1
whipped,33,62,95
whippedhusband,1,0,1
whippee,0,1,1
whipper,0,1,1
whippers,1,0,1
whippersnapper,0,2,2
whippersnappers,1,1,2
whippet,2,2,4
whippets,0,1,1
whippin,0,1,1
whipping,9,9,18
whippits,0,1,1
whipplash,1,0,1
whipples,0,1,1
whippoh,0,1,1
whippped,0,1,1
whippping,1,0,1
whippy,4,3,7
whips,5,7,12
whipsers,0,1,1
whipsnade,0,1,1
whir,1,0,1
whirl,8,24,32
whirlaway,0,1,1
whirled,0,1,1
whirlhost,1,0,1
whirlpool,10,4,14
whirlpools,1,0,1
whirls,1,1,2
whirlwind,17,22,39
whirlwing,1,0,1
whirly,1,1,2
whirlyball,1,1,2
whirring,4,2,6
whirwind,0,1,1
whis,1,1,2
whish,15,5,20
whishing,4,0,4
whising,3,0,3
whisk,6,2,8
whiskas,2,0,2
whisked,2,4,6
whisker,1,0,1
whiskerbear,0,1,1
whiskers,7,5,12
whiskery,1,0,1
whiskey,54,105,159
whiskeymist,1,0,1
whiskeysix,0,1,1
whiskies,0,2,2
whisking,0,1,1
whiskom,0,1,1
whisky,15,36,51
whisled,0,1,1
whisler,0,1,1
whislt,1,0,1
whispeper,1,1,2
whisper,27,47,74
whispered,3,5,8
whisperer,39,41,80
whispering,10,20,30
whispers,21,28,49
whispy,1,0,1
whist,3,1,4
whisteling,0,1,1
whistinling,0,1,1
whistle,41,39,80
whistleblower,0,1,1
whistlebury,1,0,1
whistled,3,0,3
whistleeeeeee,0,1,1
whistler,8,10,18
whistlers,0,2,2
whistles,9,21,30
whistlestop,1,0,1
whistlin,0,2,2
whistling,9,17,26
whiston,0,1,1
whit,39,60,99
whitacre,0,1,1
whitaker,1,5,6
whitby,7,8,15
whitchu,0,1,1
whitcomb,0,2,2
white,1174,1377,2551
whiteacre,0,1,1
whitebait,0,1,1
whiteboard,6,7,13
whiteboy,2,2,4
whiteboyfro,0,1,1
whiteboys,0,1,1
whitebread,0,1,1
whitecaps,2,0,2
whitecastle,1,1,2
whitecastles,0,1,1
whitecat,0,1,1
whitechapel,1,3,4
whitecity,0,1,1
whitecourt,0,1,1
whitee,0,1,1
whiteeee,0,1,1
whiteeeyyyyyy,0,1,1
whiteface,1,0,1
whitefield,1,0,1
whitegirl,1,1,2
whitegummy,1,0,1
whitehall,2,3,5
whitehalls,0,1,1
whitehawk,1,0,1
whitehead,2,0,2
whitehorse,1,0,1
whitehouse,4,8,12
whiteknights,1,0,1
whitelaws,1,0,1
whiteley,1,1,2
whitelime,0,1,1
whitelist,1,0,1
whitelisted,1,1,2
whitelisting,0,1,1
whiteman,1,0,1
whiten,1,0,1
whitened,1,1,2
whitener,0,2,2
whiteners,1,0,1
whiteness,0,4,4
whitening,12,9,21
whitenings,1,0,1
whitens,0,1,1
whiteoak,0,1,1
whiteout,1,0,1
whitepaper,2,1,3
whiter,4,5,9
whiterock,1,1,2
whiterockchick,1,0,1
whiteroom,0,1,1
whiterose,0,2,2
whites,36,32,68
whitescreen,1,0,1
whiteshell,0,1,1
whitesnake,1,5,6
whitesox,3,1,4
whitespace,3,4,7
whitess,0,1,1
whitessing,0,1,1
whitest,3,6,9
whitestrips,4,0,4
whitestripss,1,0,1
whitetails,0,1,1
whitetrash,0,1,1
whitever,0,1,1
whiteville,1,1,2
whitewash,1,1,2
whitewater,4,4,8
whiteway,1,0,1
whitewhale,0,1,1
whitey,6,3,9
whiteystrife,0,1,1
whitezombiewednesday,0,1,1
whitfield,1,2,3
whitford,7,0,7
whith,3,1,4
whither,0,1,1
whithouse,1,0,1
whithout,2,3,5
whitie,1,0,1
whities,1,0,1
whitiesss,0,1,1
whiting,0,1,1
whitish,1,0,1
whitkneee,0,1,1
whitlam,0,1,1
whitley,1,7,8
whitman,2,7,9
whitmarsh,1,1,2
whitmas,0,1,1
whitmore,2,1,3
whitnee,0,1,1
whitnessed,1,0,1
whitney,30,64,94
whitneydenise,1,0,1
whitneys,1,1,2
whitout,4,1,5
whits,2,0,2
whitsett,1,0,1
whitson,1,0,1
whitstable,1,1,2
whitsun,4,5,9
whitsunday,1,1,2
whitsundays,1,4,5
whitsuntide,0,2,2
whitt,0,2,2
whittaker,2,1,3
whittards,1,1,2
whitten,1,0,1
whittened,1,0,1
whitter,0,1,1
whittering,1,0,1
whittier,6,7,13
whittingstal,0,1,1
whittle,2,2,4
whittled,0,2,2
whittles,0,1,1
whittlesford,0,1,1
whittling,0,1,1
whitton,1,0,1
whittrow,1,0,1
whittt,1,0,1
whitttt,1,0,1
whitty,0,4,4
whittydittie,1,0,1
whitwhew,0,1,1
whiwhiwhiwhwihwihwiwhiwhw,0,1,1
whiz,7,6,13
whizkid,0,1,1
whizz,2,4,6
whizzed,2,2,4
whizzel,1,0,1
whizzes,1,0,1
whizzing,2,3,5
whizzle,1,0,1
whizzy,0,1,1
whjo,0,1,1
whking,0,1,1
whl,1,1,2
whle,4,1,5
whlile,1,0,1
whloe,0,1,1
whlst,1,0,1
whm,1,0,1
whmsonic,1,0,1
whn,45,30,75
whne,2,0,2
whnet,0,1,1
whnev,1,0,1
whnever,1,0,1
who,8066,10433,18499
whoa,271,439,710
whoaa,5,14,19
whoaaa,9,16,25
whoaaaa,0,7,7
whoaaaaa,2,4,6
whoaaaaaa,0,3,3
whoaaaaaaa,1,1,2
whoaaaaaaaa,1,0,1
whoaaaaaaaaa,0,1,1
whoaaaaaaaaaaa,1,1,2
whoaaaaaaaaaaaaaa,1,0,1
whoaaaaaaaaaaaaaaaa,0,1,1
whoaaaaah,1,0,1
whoaaah,0,1,1
whoaah,0,3,3
whoaahh,0,1,1
whoaahhh,0,1,1
whoaed,0,1,1
whoah,11,22,33
whoahhh,0,1,1
whoahhhhh,0,1,1
whoai,1,0,1
whoaitsandrew,0,1,1
whoakayy,0,1,1
whoamellynyc,0,1,1
whoau,1,0,1
whoaw,0,2,2
whoawhoawhoa,1,0,1
whocangetit,1,20,21
whocares,2,1,3
whoch,1,1,2
whod,2,3,5
whoda,0,1,1
whodathunk,1,0,1
whodathunkit,0,1,1
whoddah,1,0,1
whodini,0,3,3
whodoesn,0,1,1
whoduhthunkit,0,1,1
whodunnit,0,1,1
whoe,0,3,3
whoehoee,0,1,1
whoehoeeeeee,0,1,1
whoel,1,0,1
whoes,0,1,1
whoeva,1,3,4
whoever,168,201,369
whoevers,3,2,5
whoeverstoleit,2,0,2
whoeveryou,0,1,1
whogivesadamn,0,1,1
whoh,1,0,1
whoho,0,3,3
whohohoooo,0,1,1
whohoo,0,8,8
whohooo,1,2,3
whohoooo,0,1,1
whohoooooo,0,1,1
whohooooooo,0,1,1
whoi,1,0,1
whois,3,4,7
whoisgrace,0,1,1
whoishonorsociety,1,0,1
whoisjimmystone,1,0,1
whoiskwash,0,1,1
whoismamacapps,0,1,1
whoisprophecyfollow,0,1,1
whoit,1,0,1
whoknows,0,2,2
whol,2,2,4
whola,0,1,1
whold,1,0,1
whole,3449,2534,5983
wholed,1,0,1
wholedaughter,1,0,1
wholeday,0,1,1
wholee,2,5,7
wholeee,1,1,2
wholeeeee,1,1,2
wholeeeeee,1,0,1
wholefood,1,0,1
wholefoods,6,3,9
wholegrain,1,1,2
wholeheart,1,0,1
wholehearted,0,2,2
wholeheartedly,8,14,22
wholely,0,2,2
wholemeal,1,6,7
wholeness,0,1,1
wholes,3,1,4
wholesale,6,16,22
wholesaler,1,2,3
wholesalers,0,1,1
wholescreen,0,1,1
wholesome,6,7,13
wholesomeness,0,1,1
wholething,1,0,1
wholetime,0,2,2
wholewheat,1,2,3
wholeworld,0,1,1
wholey,0,1,1
wholla,0,1,1
wholleee,0,1,1
whollle,0,1,1
whollleee,1,1,2
wholllleeee,0,1,1
wholllllle,1,0,1
wholly,5,0,5
wholsome,0,1,1
wholy,1,3,4
whom,76,93,169
whomadewho,0,1,1
whomb,0,1,1
whome,2,1,3
whomever,8,10,18
whomework,1,0,1
whomover,0,1,1
whomp,49,2,51
whompp,1,0,1
whomppp,2,1,3
whomps,0,1,1
whon,1,1,2
whone,1,0,1
whoneedsanewiphonewhenthisoneworks,1,0,1
whoneedsspammersanywaytherejustawasteofeveryonestimeandalltheydoistrytosellyoujunkyoureallydontevenneedinthefistplace,0,1,1
whong,1,0,1
whoniverse,1,0,1
whonnock,1,0,1
whoo,80,321,401
whooa,1,3,4
whooaa,1,4,5
whooaaa,2,3,5
whooah,0,2,2
whooda,0,1,1
whooh,3,4,7
whoohaaa,0,1,1
whoohh,0,1,1
whoohhoohoh,0,1,1
whooho,0,1,1
whoohoo,11,51,62
whoohooo,2,9,11
whoohoooo,0,5,5
whoohooooo,0,1,1
whooie,1,0,1
whool,1,0,1
whoole,1,1,2
whoolllleeee,1,0,1
whoomp,2,0,2
whoonuu,0,1,1
whooo,30,88,118
whoooa,2,0,2
whoooaa,0,1,1
whoooaaa,0,6,6
whoooaaaa,0,1,1
whoooaaaaa,0,1,1
whoooaah,0,1,1
whoooaahh,0,1,1
whooodootooodppotoodpogsa,0,1,1
whoooh,1,2,3
whooohhaa,0,1,1
whoooho,1,1,2
whooohoo,1,2,3
whooohooo,2,4,6
whooohoooo,0,1,1
whooole,3,5,8
whooollee,0,1,1
whooomp,1,0,1
whoooo,20,51,71
whooooa,1,1,2
whooooaaa,1,1,2
whoooohoooo,0,3,3
whoooole,3,1,4
whooooleeee,0,1,1
whoooolleee,0,1,1
whoooolllllleeeeee,0,1,1
whooooo,7,22,29
whoooooa,1,1,2
whoooooh,0,1,1
whooooohhhh,0,1,1
whooooohoooooo,0,1,1
whooooohooooooooo,0,1,1
whooooole,1,2,3
whoooooo,2,13,15
whooooooa,2,1,3
whooooooaaaaaaaa,1,0,1
whooooooh,0,1,1
whoooooohooooooo,0,1,1
whoooooole,1,0,1
whooooooo,2,7,9
whoooooooo,1,1,2
whooooooooa,1,0,1
whooooooooo,0,3,3
whoooooooooo,0,5,5
whooooooooooo,2,2,4
whooooooooooooa,0,1,1
whooooooooooooo,1,1,2
whooooooooooooooo,0,1,1
whoooooooooooooooo,0,1,1
whooooooooooooooooooo,0,1,1
whoooooooooooooooooooooooooooooo,0,1,1
whoooooooooooooot,0,1,1
whoooooooooooow,0,1,1
whoooooooooops,1,0,1
whooooooooop,0,1,1
whooooooop,1,2,3
whooooooopssssssshhhhhh,0,1,1
whoooooopppppyyyy,0,1,1
whoooooops,1,0,1
whoooooppp,1,0,1
whooooops,1,0,1
whoooop,2,3,5
whoooops,5,1,6
whoooopsies,0,1,1
whoooore,1,0,1
whoooosaaaa,0,1,1
whoooosh,1,0,1
whoooot,0,1,1
whoooouuu,0,1,1
whooop,2,14,16
whooopa,1,1,2
whooopah,1,0,1
whoooped,1,0,1
whooopeee,0,1,1
whooopers,0,1,1
whoooppsss,0,1,1
whooops,1,7,8
whooossahhhh,0,1,1
whooossshh,0,1,1
whooot,2,8,10
whooott,0,1,1
whooottt,0,1,1
whoop,79,274,353
whoopass,0,1,1
whooped,19,14,33
whoopee,8,6,14
whoopeee,0,3,3
whoopeeee,0,1,1
whooper,1,1,2
whoopi,3,8,11
whoopidoo,1,0,1
whoopie,6,6,12
whoopieeee,0,1,1
whoopiiiiii,1,0,1
whoopin,5,5,10
whooping,10,12,22
whoopingsz,0,1,1
whoopity,0,1,1
whoopoo,0,2,2
whoopp,0,3,3
whooppee,1,0,1
whoopra,0,1,1
whoops,116,117,233
whoopsi,0,1,1
whoopsie,0,4,4
whoopsies,2,1,3
whoopss,2,0,2
whoopsss,1,0,1
whoopsy,1,0,1
whoopt,0,1,1
whoopty,0,1,1
whoopwhoop,0,1,1
whoopxx,1,0,1
whoopy,0,1,1
whoopycushion,0,1,1
whoore,0,1,1
whoosah,1,0,1
whoose,0,1,1
whoosh,2,2,4
whooshed,1,0,1
whooshh,1,0,1
whooshing,0,1,1
whoosshhh,0,1,1
whoossshaahh,0,1,1
whoot,9,89,98
whootness,0,1,1
whoots,0,1,1
whoott,0,1,1
whooty,2,0,2
whoow,0,3,3
whoowho,0,1,1
whoowhoo,0,1,1
whoowhoowhoo,1,0,1
whoowhoowhooooo,1,0,1
whoowoowee,0,1,1
whoozy,1,0,1
whop,1,5,6
whopee,2,0,2
whopeee,0,1,1
whopp,1,3,4
whoppa,0,2,2
whopped,2,2,4
whoppeeee,0,1,1
whopper,10,13,23
whoppers,3,2,5
whoppi,0,1,1
whoppie,1,1,2
whoppin,2,0,2
whopping,14,9,23
whops,0,1,1
whord,0,1,1
whore,167,179,346
whorebag,1,1,2
whorebags,0,1,1
whored,1,0,1
whoree,1,1,2
whoreee,0,1,1
whoreeeee,0,2,2
whoreeeeee,1,0,1
whoreface,3,0,3
whorefaced,1,0,1
whorehouse,1,2,3
whoreishness,1,0,1
whorelando,1,1,2
whoremembers,0,1,1
whoremony,1,0,1
whorepepper,0,1,1
whores,20,42,62
whoreup,0,1,1
whorey,2,0,2
whorf,1,0,1
whorin,1,0,1
whoring,5,8,13
whorish,1,0,1
whorlando,0,2,2
whors,1,1,2
whos,107,160,267
whosaahhh,0,1,1
whosane,1,0,1
whosdatedwho,0,1,1
whose,136,173,309
whoses,1,0,1
whoshere,2,0,2
whositized,0,1,1
whosoever,0,1,1
whoss,0,1,1
whosss,1,0,1
whossssss,0,1,1
whostrina,0,1,1
whot,3,2,5
whotsits,1,0,1
whou,4,0,4
whould,3,4,7
whoulda,1,0,1
whouse,0,1,1
whove,1,0,1
whover,1,1,2
whovian,1,0,1
whoville,0,1,1
whow,0,3,3
whowho,0,1,1
whowoo,0,1,1
whoyagonnacall,1,0,1
whoz,2,2,4
whoze,0,1,1
whozzz,1,0,1
whp,2,0,2
whpo,1,0,1
whqat,1,0,1
whr,20,11,31
whre,4,2,6
whree,0,1,1
whres,1,0,1
whrn,0,1,1
whrrl,3,0,3
whrrrrruuuuuuuuuuu,1,0,1
whrrrruuuuuu,1,0,1
whrru,1,0,1
whs,7,4,11
whse,1,0,1
whsmith,3,0,3
whsmiths,3,0,3
wht,136,121,257
whta,1,4,5
whtev,1,1,2
whtever,2,1,3
whtf,1,0,1
whther,1,0,1
whtie,0,1,1
whtiney,0,1,1
whtr,0,1,1
whts,17,13,30
whtsay,0,1,1
whtsoevah,1,0,1
whtsup,0,1,1
whtt,0,1,1
whtudoin,0,1,1
whtv,0,1,1
whtvers,1,0,1
whtvr,0,2,2
whtz,1,2,3
whu,4,1,5
whuaaaaa,1,0,1
whuah,1,0,1
whuahahhaha,0,1,1
whuan,0,1,1
whuddddup,0,1,1
whuddup,0,1,1
whudup,0,2,2
whuffaoke,1,1,2
whuffie,1,7,8
whuh,0,1,1
whumped,1,0,1
whuns,0,1,1
whup,0,4,4
whuped,0,1,1
whupeee,0,1,1
whupped,0,1,1
whuppin,1,0,1
whupping,0,2,2
whups,2,0,2
whurr,2,0,2
whut,27,16,43
whutchu,1,0,1
whuteva,1,0,1
whutevs,1,1,2
whuthering,0,1,1
whuts,1,2,3
whutsz,0,1,1
whutteva,0,1,1
whuttt,2,0,2
whutz,1,1,2
whuuaaaaa,1,0,1
whuuh,1,0,1
whuut,2,0,2
whuuurrrrr,1,0,1
whuuut,0,2,2
whuuuuuut,1,0,1
whw,0,4,4
whwb,1,0,1
whwere,2,0,2
whwn,1,0,1
whx,1,0,1
why,21037,7428,28465
whya,1,0,1
whyamvi,1,0,1
whyareallthegoodmedscontrolledsubstances,0,1,1
whyareyoustillhere,2,1,3
whyatt,1,0,1
whybluematters,0,1,1
whycome,1,0,1
whycraig,1,0,1
whyd,16,3,19
whydo,1,0,1
whydothey,0,1,1
whyeee,1,0,1
whyevery,0,1,1
whyfor,2,0,2
whyfore,1,0,1
whygodwhy,1,0,1
whygrails,0,1,1
whyi,1,1,2
whyifollow,0,1,1
whyitweet,4,29,33
whyjune,1,0,1
whyle,0,1,1
whyleahmatters,2,1,3
whyme,0,1,1
whymewhynow,1,0,1
whymisougly,1,0,1
whynot,0,1,1
whyohwhyohwhy,1,0,1
whyr,0,1,1
whyrustillhere,0,1,1
whys,21,6,27
whysoserious,0,1,1
whysss,1,0,1
whyte,1,5,6
whythefuuudge,0,1,1
whythehell,0,1,1
whyu,1,0,1
whywhy,1,0,1
whywhywhy,7,0,7
whywhywhywhy,1,0,1
whywhywhywhywhy,1,0,1
whywhywhywhywhymeee,1,0,1
whywhywhywhywhywhywhy,1,0,1
whyy,100,16,116
whyyou,1,0,1
whyyy,116,13,129
whyyyy,100,7,107
whyyyyy,58,1,59
whyyyyyy,26,1,27
whyyyyyyy,15,0,15
whyyyyyyyy,13,2,15
whyyyyyyyyy,5,0,5
whyyyyyyyyyy,3,0,3
whyyyyyyyyyyy,5,0,5
whyyyyyyyyyyyy,5,0,5
whyyyyyyyyyyyyy,2,0,2
whyyyyyyyyyyyyyy,2,0,2
whyyyyyyyyyyyyyyy,3,0,3
whyyyyyyyyyyyyyyyyy,1,0,1
whyyyyyyyyyyyyyyyyyyyyyyyy,2,0,2
whyyyyyyyyyyyyyyyyyyyyyyyyyyyyyyyyyyyy,1,0,1
whyyyyyyyyyyyyyyyyyyyyyyyyyyyyyyyyyyyyyyyyy,1,0,1
whyz,2,0,2
wi,166,122,288
wiah,4,0,4
wiahvme,0,1,1
wiaih,0,1,1
wiaoc,1,0,1
wiash,1,0,1
wiat,4,10,14
wiatin,0,1,1
wiating,2,2,4
wib,1,2,3
wibbidy,2,0,2
wibdow,1,0,1
wibe,0,1,1
wibset,1,0,1
wibw,0,2,2
wic,8,1,9
wicasa,1,0,1
wicbt,1,0,1
wicca,1,3,4
wiccan,2,6,8
wiccans,1,0,1
wicd,1,0,1
wice,0,3,3
wich,36,35,71
wichai,0,1,1
wichcraft,1,0,1
wiches,1,0,1
wichester,0,1,1
wichi,0,1,1
wichita,28,31,59
wichitas,1,0,1
wichu,1,1,2
wick,6,2,8
wickck,0,1,1
wicked,272,414,686
wickedd,0,3,3
wickeddd,1,1,2
wickedddd,1,0,1
wickeddddd,0,1,1
wickedly,1,3,4
wickedness,1,3,4
wickeds,1,0,1
wickedwest,0,1,1
wickeeed,0,1,1
wickenburg,0,1,1
wickenden,1,0,1
wicker,9,3,12
wicket,11,9,20
wicketkeeper,1,0,1
wickets,6,6,12
wickford,1,0,1
wickham,3,7,10
wickid,1,4,5
wickie,0,1,1
wickied,0,1,1
wickked,0,1,1
wickkedd,0,1,1
wickkkeeddddd,1,0,1
wickless,0,1,1
wicklow,0,2,2
wicks,1,3,4
wickstead,1,0,1
wict,0,1,1
wiczling,0,1,1
wid,117,125,242
widad,1,1,2
widc,0,1,1
widd,1,3,4
widdd,0,1,1
widddd,1,0,1
widdddd,1,0,1
widdecombe,1,0,1
widders,1,0,1
widdi,0,1,1
widdit,0,1,1
widdle,6,6,12
widdling,0,1,1
widdoo,0,1,1
widdrington,0,1,1
wide,478,337,815
wideawake,1,0,1
wideeee,0,1,1
widely,2,13,15
widen,5,1,6
widened,1,1,2
widening,1,0,1
widenoise,0,2,2
widens,0,2,2
wideopen,1,0,1
wideos,0,1,1
wider,15,13,28
wides,2,0,2
widescreen,7,11,18
widescreens,1,0,1
widespread,8,6,14
widest,1,6,7
widewale,0,1,1
widfl,0,1,1
widgeous,1,0,1
widget,57,59,116
widgetcity,0,1,1
widgetised,1,0,1
widgets,21,18,39
widgetul,1,0,1
widh,2,0,2
widhes,1,0,1
widia,0,1,1
widianto,1,0,1
widipedia,1,0,1
widjet,1,0,1
widlay,1,0,1
widmore,0,1,1
widnes,1,3,4
widodo,1,0,1
widout,4,1,5
widow,26,10,36
widowed,0,1,1
widower,1,0,1
widows,4,1,5
widqet,0,1,1
widsom,1,1,2
width,9,8,17
widths,1,1,2
widu,0,1,1
widya,1,0,1
wie,6,28,34
wiebchens,1,0,1
wiebe,27,6,33
wiebelt,2,0,2
wiebetech,1,0,1
wiebke,0,1,1
wieckse,0,1,1
wiedenhoeft,0,1,1
wieder,9,14,23
wiederentdeckt,0,1,1
wiederentdeckung,0,1,1
wiedersehen,1,2,3
wiedlin,0,1,1
wiee,1,0,1
wieeeerd,0,1,1
wieerd,0,1,1
wiegal,1,0,1
wieght,1,1,2
wieghtless,0,1,1
wieh,0,1,1
wield,0,3,3
wielded,0,2,2
wielding,5,6,11
wields,1,0,1
wieless,1,0,1
wien,1,2,3
wiener,9,9,18
wienerhounds,0,1,1
wienermobile,0,1,1
wieners,4,3,7
wienerschnitzel,0,2,2
wienerslave,0,1,1
wienner,1,0,1
wier,1,0,1
wierd,144,121,265
wierded,0,1,1
wierder,1,0,1
wierdest,1,2,3
wierdfact,0,1,1
wierding,0,1,1
wierdly,0,1,1
wierdness,2,0,2
wierdo,3,8,11
wierdometer,0,1,1
wierdooo,0,1,1
wierdos,2,4,6
wiersos,1,0,1
wierzynek,0,1,1
wiesbaden,1,0,1
wiese,0,1,1
wiesel,0,2,2
wiesen,0,2,2
wieso,3,1,4
wiest,1,0,1
wieters,6,1,7
wieviele,1,0,1
wiew,0,1,1
wif,114,117,231
wifbecome,1,0,1
wife,888,1051,1939
wifebeater,1,2,3
wifed,4,2,6
wifee,3,0,3
wifeee,0,1,1
wifeeeeeee,1,0,1
wifeey,2,0,2
wifeeyy,0,1,1
wifeless,1,0,1
wifely,1,0,1
wifes,16,14,30
wifeswap,1,5,6
wifey,173,144,317
wifeys,0,2,2
wifeyy,3,2,5
wifeyyy,0,1,1
wifeyyyy,0,1,1
wifeyyyyy,1,0,1
wifeyyyyyy,1,0,1
wiff,45,106,151
wiffa,0,1,1
wiffel,0,1,1
wifff,2,2,4
wiffff,1,0,1
wifffff,0,1,1
wiffing,2,0,2
wiffle,5,15,20
wiffleball,5,0,5
wiffy,0,1,1
wifi,440,283,723
wifie,1,2,3
wifies,1,0,1
wififail,1,0,1
wifiiiiiiiii,0,1,1
wifiiiiiiiiiiiiiiiiiiiiiiiiiiii,1,0,1
wifinder,2,0,2
wifing,0,1,1
wifitrak,1,0,1
wifsta,0,1,1
wift,1,1,2
wifv,1,0,1
wify,0,1,1
wig,38,52,90
wigan,10,5,15
wiganpartyshop,0,1,1
wigged,0,1,1
wigger,2,0,2
wiggety,1,0,1
wiggface,1,0,1
wiggi,0,1,1
wiggiling,1,0,1
wiggilybufff,0,1,1
wiggin,4,0,4
wigging,1,0,1
wiggins,1,0,1
wiggity,6,1,7
wiggle,12,20,32
wiggled,2,2,4
wiggledancing,0,1,1
wiggles,13,13,26
wigglesworth,0,1,1
wigglin,0,2,2
wiggling,5,4,9
wiggly,1,6,7
wiggoff,1,0,1
wiggs,1,0,1
wiggy,3,1,4
wight,21,22,43
wighttington,1,0,1
wigits,1,0,1
wigs,7,20,27
wigsh,1,0,1
wigss,0,1,1
wigston,1,0,1
wigton,1,0,1
wigwam,1,0,1
wih,7,16,23
wiha,0,1,1
wihh,0,1,1
wihhh,0,1,1
wihi,0,3,3
wihihi,0,1,1
wihihih,0,1,1
wihiii,0,1,1
wiho,0,2,2
wihoeeee,1,0,1
wihooo,0,1,1
wihout,1,1,2
wihs,0,1,1
wiht,5,3,8
wihte,1,0,1
wihtout,1,1,2
wihuu,0,1,1
wii,519,623,1142
wiiactive,1,0,1
wiicked,1,1,2
wiid,1,0,1
wiide,0,1,1
wiidoom,1,0,1
wiieeeeee,1,0,1
wiieeehooeiii,0,1,1
wiif,2,0,2
wiifit,7,9,16
wiig,2,0,2
wiih,0,1,1
wiihd,1,0,1
wiihh,0,1,1
wiihiii,0,1,1
wiii,3,13,16
wiiicked,1,1,2
wiiierd,0,1,1
wiiiff,0,1,1
wiiih,0,1,1
wiiihh,0,1,1
wiiii,1,10,11
wiiiide,0,1,1
wiiiie,0,1,1
wiiiii,1,0,1
wiiiiicked,0,1,1
wiiiiidddddeee,1,0,1
wiiiiidddeeeee,1,0,1
wiiiiide,0,1,1
wiiiiih,0,1,1
wiiiiii,1,4,5
wiiiiiide,0,1,1
wiiiiiii,1,4,5
wiiiiiiii,0,3,3
wiiiiiiiiii,0,1,1
wiiiiiiiiiii,0,1,1
wiiiiiiiiiiiiiiiii,0,1,1
wiiiiiiiiiiiiiiiiiiiiiiiiiiiiiiiiiiiiiiiiii,0,1,1
wiiiiiiiiiiiiiiiiiiiiiiiiiiiiiiiiiiiiiiiiiiiiiiiiggggiiiiiiiiiiiiiiiiiiiiiiiiiiiiiiiii,1,0,1
wiiiiiiiiiiiiiiiiiiiiiiiiiiiiiiiiiiiiiiiiiiiiiiiiiiiiii,1,0,1
wiiiiiiiiiiiiilllllllllllllllll,0,1,1
wiiiiiiiiiild,1,0,1
wiiiiiiiiiin,0,1,1
wiiiiiiiiiings,0,1,1
wiiiiiired,0,1,1
wiiiiiish,3,0,3
wiiiiiissssshhhhh,0,1,1
wiiiiinner,0,1,1
wiiiiish,1,1,2
wiiiine,2,2,4
wiiiish,2,1,3
wiiild,0,1,1
wiiill,0,2,2
wiiilll,0,1,1
wiiin,1,1,2
wiiind,1,0,1
wiiish,2,0,2
wiiissshh,0,1,1
wiiith,0,1,1
wiikend,1,0,1
wiil,6,1,7
wiilib,1,0,1
wiill,2,2,4
wiillaa,1,0,1
wiiloveittv,1,0,1
wiimbledon,0,1,1
wiimoms,2,3,5
wiimote,2,0,2
wiimotes,2,1,3
wiimotion,0,1,1
wiimotionplus,1,0,1
wiimp,0,1,1
wiin,1,2,3
wiinded,1,0,1
wiiner,1,0,1
wiining,0,1,1
wiipals,1,0,1
wiipe,0,1,1
wiis,0,2,2
wiish,3,2,5
wiishes,1,0,1
wiishiing,1,0,1
wiispeak,1,0,1
wiisports,1,0,1
wiissssh,1,0,1
wiit,3,5,8
wiitard,0,1,1
wiith,4,8,12
wiithout,1,0,1
wiiv,0,1,1
wiiware,2,4,6
wiiwii,1,0,1
wijaya,0,1,1
wijchen,1,0,1
wijen,0,1,1
wijnia,0,2,2
wik,0,2,2
wika,1,0,1
wikdd,0,1,1
wikdwood,1,0,1
wike,3,1,4
wiked,0,5,5
wikedddd,0,1,1
wiken,1,4,5
wikendi,0,1,1
wiki,54,57,111
wikia,1,2,3
wikianswer,1,1,2
wikianswers,0,1,1
wikibon,0,1,1
wikichildprotect,0,1,1
wikichoice,0,1,1
wikichu,1,0,1
wikid,1,3,4
wikidest,1,0,1
wikieducator,1,0,1
wikiepedai,1,0,1
wikies,0,1,1
wikieup,0,1,1
wikihow,0,2,2
wikikiki,0,1,1
wikileaks,1,3,4
wikily,0,2,2
wikimail,1,0,1
wikimedia,0,1,1
wikinomics,0,2,2
wikipedia,54,77,131
wikipediad,1,0,1
wikipeing,0,1,1
wikipidea,0,1,1
wikiproject,0,1,1
wikis,2,3,5
wikispace,1,0,1
wikispaces,1,1,2
wikisurfing,0,1,1
wikitaable,0,1,1
wikitude,2,1,3
wikivicy,0,1,1
wikiwednesday,0,2,2
wikkd,0,1,1
wikked,2,1,3
wikki,2,2,4
wikkid,1,2,3
wikky,1,0,1
wikpedia,0,1,1
wikth,0,1,1
wiktionary,0,1,1
wikto,0,1,1
wiktoria,1,0,1
wil,124,127,251
wilay,2,1,3
wilber,0,4,4
wilbert,1,1,2
wilbledom,0,1,1
wilbon,1,0,1
wilbr,1,0,1
wilbur,3,2,5
wilburton,0,1,1
wilbuton,0,1,1
wilby,1,0,1
wilca,0,1,1
wilco,22,11,33
wilcox,1,2,3
wild,226,429,655
wildabeast,1,0,1
wildand,0,1,1
wildangel,0,1,1
wildbil,1,0,1
wildblue,1,1,2
wildcard,1,2,3
wildcards,1,0,1
wildcat,4,5,9
wildcats,1,3,4
wildcoins,1,0,1
wildcraft,1,0,1
wildcrafting,0,1,1
wildddd,1,0,1
wilddog,0,1,1
wilde,7,23,30
wildebeast,1,0,1
wildebeest,0,1,1
wilder,8,12,20
wildernes,1,0,1
wilderness,11,20,31
wilders,1,0,1
wildest,6,14,20
wildfire,3,0,3
wildfires,2,0,2
wildfish,0,1,1
wildflower,2,5,7
wildflowers,2,8,10
wildfox,1,0,1
wildgehege,1,0,1
wildgica,0,1,1
wildhammer,1,0,1
wildheartofire,0,1,1
wildin,3,0,3
wilding,1,3,4
wildkat,1,0,1
wildlife,11,46,57
wildlight,1,0,1
wildly,6,11,17
wildman,0,1,1
wildn,1,2,3
wildner,0,1,1
wildness,1,2,3
wildobs,0,1,1
wildomar,1,0,1
wilds,1,2,3
wildside,0,1,1
wildsiders,0,1,1
wildstarb,0,1,1
wildstorm,1,1,2
wildstorms,0,1,1
wildsurf,0,1,1
wildthings,2,0,2
wildvreemdes,0,1,1
wildwater,0,1,1
wildwavesss,0,1,1
wildwindart,0,23,23
wildwings,1,0,1
wildwomenreview,0,1,1
wildwood,13,19,32
wildy,1,0,1
wile,11,7,18
wiles,0,1,1
wiley,4,6,10
wileys,0,1,1
wilf,1,2,3
wilford,1,0,1
wilfred,0,1,1
wilfredo,0,1,1
wilful,1,0,1
wilgamuwa,1,0,1
wilhelmina,0,3,3
wilhem,0,1,1
wilhemina,1,0,1
wiliam,1,0,1
wiliams,1,1,2
wilie,1,0,1
wilin,1,1,2
wiling,0,1,1
wilipedia,1,0,1
wilk,2,0,2
wilkerson,1,1,2
wilkes,11,6,17
wilkie,0,1,1
wilkins,3,1,4
wilkinson,2,1,3
wilkinsons,1,0,1
wilko,0,2,2
wilkommen,0,2,2
wilkonsons,1,0,1
wilkos,1,2,3
wilks,2,0,2
will,31027,31801,62828
willa,2,3,5
willaimson,1,0,1
willam,1,0,1
willamette,1,0,1
willap,1,0,1
willara,0,1,1
willard,1,5,6
willatt,0,1,1
willawong,0,1,1
willbe,1,2,3
willblok,1,0,1
willcall,0,1,1
willd,0,2,2
willdo,2,2,4
willdta,1,0,1
wille,1,1,2
willed,1,4,5
willem,2,3,5
willen,1,1,2
willers,1,1,2
willett,0,1,1
willetta,0,1,1
willewill,0,1,1
willful,1,0,1
willfully,0,1,1
willhave,1,1,2
willi,2,1,3
williaaam,0,1,1
william,68,124,192
williambeckett,1,0,1
williamdtown,1,0,1
williams,74,130,204
williamsburg,8,16,24
williamsburgh,1,0,1
williamson,6,3,9
williamsport,1,2,3
williamssssss,0,1,1
williamstown,2,1,3
williamsurgh,0,1,1
williamsville,0,1,1
williamvisk,0,1,1
willick,0,1,1
willickers,1,0,1
willie,24,47,71
willies,6,7,13
willig,2,0,2
willin,4,4,8
willing,136,232,368
willinger,0,1,1
willingly,8,6,14
willingness,2,6,8
willis,9,29,38
williston,1,0,1
willit,0,1,1
willits,0,1,1
willkommen,1,4,5
willl,9,22,31
willll,1,5,6
willlll,1,3,4
willllll,0,1,1
willlllll,0,1,1
willlllllll,0,2,2
willlllllllliamm,0,1,1
willlllls,1,0,1
willly,0,1,1
willm,0,1,1
willmc,0,1,1
willneverlooseya,0,1,1
willnot,0,1,1
willofs,1,0,1
willonlylet,1,0,1
willooooooooooowww,0,1,1
willoughby,1,1,2
willow,24,27,51
willowbend,0,2,2
willowbrook,2,3,5
willowdale,0,1,1
willows,3,5,8
willowstone,0,1,1
willpayloadsofcashtodevelopsomethingcoolandsplitequity,1,0,1
willpower,30,13,43
wills,17,15,32
willsims,0,1,1
willsongs,1,0,1
willst,0,5,5
willste,0,1,1
willtry,0,1,1
willy,38,54,92
willya,0,1,1
willyboy,1,0,1
willys,1,1,2
willyum,0,1,1
willz,1,0,1
wilm,2,1,3
wilma,2,5,7
wilmette,1,0,1
wilmingto,0,1,1
wilmington,18,16,34
wilmont,1,0,1
wilmslow,2,1,3
wilmy,0,1,1
wilnae,0,1,1
wilpo,0,1,1
wilroc,0,1,1
wils,1,0,1
wilsdon,0,1,1
wilsher,0,1,1
wilshire,2,11,13
wilson,57,65,122
wilsonn,0,1,1
wilsons,1,2,3
wilt,5,0,5
wiltdrawls,1,0,1
wilted,3,1,4
wilter,0,1,1
wiltern,9,4,13
wilting,7,0,7
wilton,0,3,3
wiltshire,3,6,9
wiltshireness,0,1,1
wiltssy,2,0,2
wilty,2,0,2
wilwayco,0,1,1
wilwys,1,0,1
wily,0,3,3
wim,1,3,4
wimax,7,3,10
wimb,2,0,2
wimba,1,0,1
wimbeldon,14,2,16
wimberley,0,1,1
wimberly,0,1,1
wimbers,1,1,2
wimbl,0,1,1
wimbldone,0,1,1
wimbledom,1,0,1
wimbledon,244,43,287
wimbledondue,1,0,1
wimbledonul,1,0,1
wimbleton,1,0,1
wimbly,7,3,10
wimbo,1,0,1
wimboldon,1,1,2
wimborne,0,1,1
wimby,11,1,12
wimer,0,1,1
wimey,0,1,1
wimledon,1,0,1
wimme,1,1,2
wimmen,1,0,1
wimmenz,0,1,1
wimmer,1,0,1
wimmin,2,0,2
wimminfolk,0,1,1
wimminz,1,1,2
wimmy,1,0,1
wimp,36,17,53
wimped,2,1,3
wimper,4,0,4
wimpering,1,0,1
wimpers,2,0,2
wimperwimperwimper,1,0,1
wimpfen,1,0,1
wimpiest,1,0,1
wimpiness,0,1,1
wimpole,0,1,1
wimps,0,3,3
wimpy,13,8,21
wimsicle,0,1,1
win,2818,3562,6380
wina,1,3,4
winaa,0,1,1
winaaa,1,0,1
winalot,1,0,1
winamp,8,15,23
winamps,1,0,1
winan,0,1,1
winana,0,1,1
winans,2,2,4
winary,1,0,1
winataaaa,1,0,1
winbe,1,0,1
winbgtbuthedidnt,0,1,1
winblows,6,1,7
wincanton,0,1,1
wince,1,5,6
winced,2,0,2
winces,1,0,1
wincess,0,1,1
wincest,0,2,2
wincey,0,1,1
winch,3,5,8
winchendon,1,0,1
winchester,14,31,45
winchesterlambourne,1,0,1
winchesters,1,0,1
winchesterweb,0,1,1
winchy,0,1,1
wincing,2,2,4
winco,5,3,8
wincy,0,1,1
wind,436,352,788
windaa,0,1,1
windays,1,1,2
windblows,1,0,1
windbreakers,1,0,1
windbrisk,0,1,1
windburn,0,1,1
windchill,0,2,2
winddddy,1,0,1
windddyyyy,0,1,1
winded,14,3,17
windemere,0,1,1
winder,4,4,8
windering,0,1,1
windermere,2,1,3
windery,1,0,1
windex,2,7,9
windfall,1,1,2
windfola,0,1,1
windier,2,0,2
windies,7,4,11
windig,2,0,2
windin,0,1,1
winding,36,52,88
windir,1,0,1
windjy,0,1,1
windle,1,0,1
windless,1,1,2
windling,1,0,1
windmill,2,9,11
windmills,0,6,6
windn,1,0,1
windo,1,0,1
windorks,0,1,1
windos,1,0,1
windosill,0,1,1
window,1026,552,1578
windowed,0,1,1
windowledge,0,1,1
windowles,1,0,1
windowless,15,0,15
windowmaker,0,1,1
windown,2,2,4
windowpane,1,1,2
windowpanes,1,0,1
windows,965,639,1604
windowsa,0,1,1
windowseat,2,1,3
windowsformsapplication,1,0,1
windowsil,1,0,1
windowsill,9,7,16
windowsit,3,0,3
windowsmobile,1,2,3
windowsxp,1,0,1
windowsy,1,0,1
windowz,1,0,1
windoze,7,6,13
windpipe,3,1,4
windpixie,0,1,1
windproof,0,1,1
winds,76,41,117
windscreen,11,3,14
windsheild,1,1,2
windshied,1,0,1
windshield,53,13,66
windsor,35,25,60
windspeed,1,0,1
windstar,1,0,1
windstream,2,0,2
windsurf,1,1,2
windsurfing,5,4,9
windswept,3,3,6
windtalkers,1,0,1
windtraining,1,0,1
windtunnel,1,0,1
winduk,0,1,1
windup,1,2,3
windups,1,0,1
windurst,0,1,1
windw,1,0,1
windward,2,1,3
windy,318,142,460
windyy,1,0,1
windyyyy,1,0,1
wine,773,1395,2168
winealot,1,0,1
winebar,0,1,1
winebarsf,0,5,5
winebird,0,1,1
winecoolers,0,2,2
wined,4,1,5
wineee,0,2,2
winefest,1,0,1
wineflu,1,1,2
wineholt,0,1,1
winehouse,4,16,20
winemaker,1,1,2
wineoclock,0,1,1
wineproducer,1,0,1
winequest,0,1,1
winer,1,3,4
wineries,6,11,17
winers,0,1,1
winery,12,27,39
wines,23,40,63
wineskins,0,1,1
winesofchile,0,1,1
winespectator,0,1,1
winetasting,1,0,1
winetr,1,0,1
winetwixer,0,1,1
winevaulttv,0,1,1
winewalk,0,1,1
winewhoregiveaway,0,1,1
winey,1,1,2
winfall,1,0,1
winfield,2,0,2
winforms,2,0,2
winfox,0,2,2
winfree,0,1,1
winfreewebcams,1,0,1
winfrey,1,3,4
wing,97,96,193
wingate,0,1,1
wingdings,1,1,2
wingdome,0,1,1
winge,1,1,2
winged,7,7,14
wingedchild,0,1,1
wingedness,1,0,1
winggirl,0,1,1
winghouse,2,0,2
wingin,2,2,4
winging,1,7,8
winginnnn,0,1,1
wingirl,0,1,1
wingit,1,0,1
wingman,6,7,13
wingmanship,1,0,1
wingmen,0,1,1
wingnite,0,1,1
wingnut,0,1,1
wingnuts,1,0,1
wings,327,511,838
wingsing,0,1,1
wingss,0,1,1
wingsss,0,5,5
wingsssss,0,1,1
wingssssssssssssssssss,0,1,1
wingster,1,1,2
wingstop,7,10,17
wingsz,1,0,1
wingtips,1,1,2
wingtsun,0,2,2
wingy,1,0,1
wingypie,1,0,1
wingz,1,1,2
wini,0,1,1
winifred,1,0,1
winign,0,1,1
winiing,0,1,1
winin,1,2,3
wining,5,11,16
wininng,0,1,1
winito,1,0,1
winjas,1,0,1
winje,1,0,1
wink,98,165,263
winked,4,5,9
winkedd,0,2,2
winkel,0,2,2
winkers,0,1,1
winkey,0,1,1
winkie,0,4,4
winkin,1,2,3
winking,6,4,10
winkk,0,1,1
winkle,2,1,3
winkler,2,0,2
winknod,0,1,1
winks,7,50,57
winksmom,1,0,1
winksound,1,0,1
winksy,5,5,10
winkwink,0,4,4
winkworth,0,1,1
winky,1,6,7
winkys,1,0,1
winless,2,0,2
winlogon,0,1,1
winmac,0,1,1
winmain,0,1,1
winmo,11,7,18
winmob,1,0,1
winmobile,2,1,3
winn,7,18,25
winna,1,0,1
winnable,1,0,1
winnar,0,1,1
winne,2,0,2
winnebago,1,0,1
winnebego,0,1,1
winned,0,1,1
winnee,1,0,1
winneerr,0,1,1
winnepeggians,1,0,1
winner,186,354,540
winnerdemo,1,0,1
winnerfor,0,1,1
winnerrr,0,1,1
winners,83,133,216
winnetka,0,1,1
winney,1,0,1
winnick,0,1,1
winnie,15,20,35
winnifred,0,1,1
winnig,0,3,3
winnin,4,5,9
winning,318,411,729
winningafortune,1,0,1
winningest,0,1,1
winningg,1,0,1
winninggggg,0,1,1
winningness,0,1,1
winnings,9,17,26
winningsisters,0,1,1
winningwomenwednesday,0,1,1
winnipeg,9,18,27
winnipesaukee,1,1,2
winnn,3,5,8
winnner,1,1,2
winnning,0,3,3
winnnn,1,7,8
winnnnn,1,1,2
winnnnnn,1,1,2
winnnnnngs,0,1,1
winnnnnnn,0,1,1
winnnnnnnnn,0,1,1
winnnnnnnnner,0,1,1
winnnnnnnnnnnn,1,0,1
winno,1,0,1
winnona,0,1,1
winnowed,0,1,1
winny,1,1,2
wino,2,3,5
winona,5,6,11
winos,0,1,1
winphp,0,3,3
winplace,0,8,8
winplaylist,1,0,1
winqz,0,1,1
winrar,0,1,1
winre,1,0,1
winry,0,1,1
wins,202,430,632
winsday,0,1,1
winserzhao,1,0,1
winsford,1,0,1
winshape,1,0,1
winsheild,1,0,1
winshit,1,0,1
winsin,1,0,1
winslet,4,9,13
winslow,1,1,2
winslowshire,1,0,1
winsock,0,1,1
winsom,0,1,1
winsome,1,0,1
winsor,0,4,4
winsorandnewt,0,1,1
winss,0,1,1
winsss,0,1,1
winssssssssss,1,0,1
winstanley,1,1,2
winstar,1,2,3
winston,22,23,45
winstone,0,1,1
winstons,0,1,1
winsy,0,2,2
winsz,1,0,1
winta,1,0,1
winteeeeeer,1,0,1
winter,587,394,981
winterbabe,0,1,1
winterbells,1,0,1
winterboard,11,2,13
winterbreak,1,0,1
wintercamp,1,0,1
winteresting,1,0,1
wintergirls,0,2,2
wintergrasp,0,1,1
wintergreen,0,1,1
winterhoof,1,0,1
winterjam,0,1,1
winterpeg,2,1,3
winterrr,1,0,1
winterrrrr,1,0,1
winterrrrrrr,2,0,2
winters,19,14,33
wintersleep,1,0,1
wintersleepers,0,1,1
wintersounds,2,0,2
wintersoundsystem,1,0,1
wintersport,1,0,1
wintersun,1,1,2
winterthur,1,1,2
wintertime,0,1,1
winterton,0,1,1
winterwell,1,0,1
wintery,3,3,6
winthrop,0,1,1
winto,0,1,1
winton,4,0,4
wintons,0,1,1
wintour,1,0,1
wintry,0,1,1
wintson,1,0,1
wintu,0,1,1
wintv,0,1,1
winty,0,1,1
winwhore,0,1,1
winwinwin,0,1,1
winwitch,1,0,1
winwood,0,4,4
winxp,11,5,16
winyan,1,0,1
winz,0,1,1
winzip,4,1,5
wio,1,0,1
wiolence,0,1,1
wionna,1,0,1
wiooo,0,1,1
wiothout,1,0,1
wiould,0,1,1
wip,7,22,29
wipe,70,45,115
wiped,134,45,179
wipeout,35,29,64
wipeouts,1,0,1
wiper,16,2,18
wiperblades,1,0,1
wipers,6,11,17
wipes,25,18,43
wipet,1,0,1
wipials,0,1,1
wipiiii,0,1,1
wipin,1,1,2
wiping,33,12,45
wipl,1,0,1
wiplash,2,0,2
wippa,0,1,1
wipped,2,3,5
wippeeee,1,0,1
wipping,0,1,1
wips,1,1,2
wipwee,1,0,1
wir,4,8,12
wird,3,4,7
wirds,0,1,1
wire,112,114,226
wirecast,0,1,1
wired,63,54,117
wiredos,1,0,1
wiredwedto,1,0,1
wireframe,0,2,2
wireframes,0,1,1
wireframing,1,2,3
wirehead,0,1,1
wireimage,1,0,1
wireless,280,168,448
wirelessconnection,1,0,1
wirelessly,3,1,4
wirelesss,1,0,1
wirelesssss,0,1,1
wirelessy,0,1,1
wireline,0,1,1
wirelss,1,0,1
wireman,0,1,1
wires,40,16,56
wireshark,2,0,2
wiretap,1,0,1
wirewalkers,1,0,1
wirf,0,1,1
wirh,1,0,1
wirhin,1,0,1
wiring,12,9,21
wirinw,1,0,1
wiriting,0,1,1
wirken,0,1,1
wirking,1,0,1
wirklich,1,1,2
wirks,0,1,1
wirksworth,0,1,1
wirl,1,0,1
wirless,3,0,3
wirling,0,1,1
wirral,1,2,3
wirrall,0,1,1
wirraltweetup,0,1,1
wirst,1,1,2
wirstlet,1,0,1
wirte,0,3,3
wirth,1,0,1
wirting,2,2,4
wirtschaftrecht,0,1,1
wirwespeed,0,1,1
wis,11,6,17
wisata,1,0,1
wisbeckistan,0,1,1
wisco,2,2,4
wiscon,1,1,2
wisconsin,57,63,120
wisconsincheesemart,1,0,1
wisconsinite,1,1,2
wisconsinn,1,0,1
wisconson,2,0,2
wiscsonsin,0,1,1
wisden,0,1,1
wisdom,506,211,717
wisdome,3,0,3
wisdompathart,0,1,1
wisdoms,8,2,10
wisdomteeth,3,1,4
wisdone,0,1,1
wise,177,296,473
wiseass,0,2,2
wiseassness,0,1,1
wiseau,1,0,1
wisebride,1,1,2
wisecrack,0,1,1
wisecracks,0,1,1
wised,1,1,2
wisedom,1,1,2
wisegirls,0,1,1
wiseguy,1,1,2
wiseguys,0,2,2
wisehs,0,1,1
wisely,13,33,46
wiseman,1,2,3
wisepilot,1,0,1
wiser,7,28,35
wises,1,1,2
wisest,0,4,4
wish,22452,5822,28274
wishard,1,0,1
wishbo,0,1,1
wishbone,2,4,6
wishd,1,0,1
wishe,1,0,1
wished,270,116,386
wishein,0,1,1
wisher,0,1,1
wishers,0,4,4
wishes,1416,744,2160
wisheson,0,1,1
wishess,1,0,1
wisheveryoneandmegoodluck,0,1,1
wishforfishes,0,1,1
wishformacbook,0,1,1
wishful,34,27,61
wishfull,0,2,2
wishfully,1,0,1
wishfulthinking,1,1,2
wishg,0,1,1
wishh,18,6,24
wishhh,10,3,13
wishhhh,7,1,8
wishhhhh,3,0,3
wishhhhhh,1,0,1
wishhhhhhhh,2,0,2
wishhhhhhhhhhhhhhhhhhhhhhhhhhhhhhh,1,0,1
wishhhhing,1,0,1
wishhinn,1,0,1
wishhjhh,1,0,1
wishi,4,1,5
wishies,1,0,1
wishig,1,0,1
wishign,1,0,1
wishihadpicture,0,1,1
wishiiiiing,2,0,2
wishimg,1,0,1
wishin,196,35,231
wishing,2394,725,3119
wishingg,1,1,2
wishinggg,1,0,1
wishings,1,0,1
wishingshe,1,0,1
wishinq,1,0,1
wishishere,0,1,1
wishiwashome,1,0,1
wishiwasinla,1,0,1
wishj,1,0,1
wishkey,1,0,1
wishlist,13,33,46
wishmeluck,0,1,1
wishmy,1,0,1
wishn,9,0,9
wishng,2,0,2
wishni,1,0,1
wishology,0,1,1
wishong,1,0,1
wishs,4,1,5
wisht,0,1,1
wishtheyusedtdd,0,1,1
wishy,1,5,6
wishywashy,1,0,1
wisin,3,2,5
wising,5,1,6
wisit,0,1,1
wisiting,0,1,1
wisked,2,1,3
wiskers,1,1,2
wisks,1,0,1
wiskunde,0,1,1
wisky,0,2,2
wislet,1,0,1
wisleyyy,0,1,1
wisma,3,0,3
wismayakin,1,0,1
wisnu,1,1,2
wiso,1,0,1
wisoconsin,0,1,1
wisom,2,0,2
wisonsin,0,1,1
wisp,1,4,5
wispa,3,3,6
wispas,0,1,1
wisperer,2,1,3
wisperers,1,0,1
wispering,1,0,1
wispers,1,0,1
wisps,0,1,1
wispy,0,1,1
wissahickon,0,1,1
wissen,0,1,1
wissh,4,1,5
wisshhhh,1,0,1
wisshhhhh,1,0,1
wissiting,0,1,1
wissle,1,0,1
wissman,0,1,1
wissshhhhh,2,0,2
wisssshhhhhhhhh,1,0,1
wisssssh,1,0,1
wisssssshhhhhh,1,0,1
wisteria,3,4,7
wistful,3,2,5
wistfully,4,0,4
wistin,0,2,2
wistles,0,1,1
wiston,1,0,1
wistv,0,1,1
wisuda,3,0,3
wit,1096,1080,2176
wita,0,2,2
witali,0,1,1
witam,0,2,2
witb,1,0,1
witbier,1,0,1
witby,0,1,1
witch,53,69,122
witcha,8,11,19
witchall,1,0,1
witchcraft,0,1,1
witched,1,1,2
witcher,0,1,1
witchery,1,0,1
witches,12,20,32
witchhunt,0,1,1
witching,1,3,4
witchita,1,1,2
witchoo,0,1,1
witchshot,1,0,1
witchu,7,11,18
witchuuu,0,1,1
witchy,3,2,5
witdrawal,1,0,1
wite,1,2,3
witelrsstoronto,0,1,1
with,50152,65180,115332
witha,5,6,11
witharak,0,1,1
withb,0,1,1
withcar,0,1,1
withdrals,1,0,1
withdraw,28,8,36
withdrawal,130,27,157
withdrawals,77,20,97
withdrawalsss,1,0,1
withdrawel,4,1,5
withdrawels,3,4,7
withdrawing,9,0,9
withdrawl,52,9,61
withdrawls,49,7,56
withdrawn,6,2,8
withdrawral,1,0,1
withdraws,16,3,19
withdrawsssss,1,0,1
withdrew,13,0,13
withe,4,6,10
withed,0,1,1
witheld,0,1,1
withen,0,1,1
wither,6,1,7
withered,2,0,2
withers,0,4,4
witherspoon,5,2,7
withflowersfor,0,1,1
withfor,1,0,1
withgh,0,1,1
withh,14,46,60
withheald,1,0,1
withheld,2,0,2
withher,2,0,2
withhh,2,7,9
withhhdra,1,0,1
withhhh,1,5,6
withhhhh,0,2,2
withhhhhh,0,1,1
withhold,3,1,4
withholding,2,1,3
within,337,328,665
withing,1,6,7
withj,0,1,1
withksl,1,0,1
withlovesevelyn,0,1,1
withm,1,0,1
withme,0,1,1
withmom,0,1,1
withmy,1,0,1
withn,0,1,1
withnail,0,2,2
withnessn,1,0,1
withnothing,1,0,1
withoit,1,1,2
witholding,1,0,1
withot,1,0,1
withou,2,0,2
withough,0,1,1
withought,1,0,1
withouit,1,0,1
withour,1,0,1
without,5148,2084,7232
withoutcha,0,1,1
withouth,3,0,3
withoutpapers,0,1,1
withoutt,1,1,2
withoutttt,0,1,1
withoutwheels,1,0,1
withouutt,0,1,1
withoyt,1,0,1
withput,1,0,1
withs,1,0,1
withsamhow,0,1,1
withstand,4,3,7
withstanding,0,3,3
withstood,1,1,2
witht,3,8,11
withthat,0,1,1
withthe,1,0,1
withthis,1,0,1
withuot,1,0,1
withuse,1,0,1
withut,1,0,1
withvanilla,0,1,1
withvirgin,1,0,1
withya,0,1,1
withyou,0,1,1
withyouuu,1,0,1
witi,0,1,1
witing,1,2,3
witl,1,0,1
witless,5,0,5
witll,1,0,1
witloof,0,1,1
witnes,1,0,1
witness,44,60,104
witnessed,53,27,80
witnesses,11,8,19
witnessess,0,1,1
witnessing,8,11,19
witney,0,2,2
witout,29,6,35
witput,0,1,1
witrh,1,1,2
wits,8,7,15
witsun,0,3,3
witt,4,9,13
witte,3,3,6
witted,2,0,2
witten,1,0,1
wittenberg,2,0,2
witter,0,5,5
witterfail,1,0,1
wittering,1,2,3
witters,1,0,1
wittertainment,0,1,1
wittfest,0,1,1
wittgenstein,0,1,1
witth,1,2,3
witthout,1,0,1
witticisms,1,1,2
wittier,0,2,2
wittiest,2,0,2
wittle,26,17,43
wittnessed,1,1,2
witto,1,0,1
witts,1,0,1
wittt,0,1,1
wittth,1,0,1
wittthhh,0,2,2
witttth,0,1,1
witty,48,74,122
witu,1,0,1
witwer,0,1,1
witwicky,0,1,1
witwikj,0,1,1
witwix,0,1,1
witwoo,0,2,2
witworth,0,1,1
wity,0,1,1
witya,1,0,1
wityu,0,1,1
witzel,1,0,1
witzig,1,2,3
witziger,0,1,1
witzisch,0,1,1
wiuld,1,0,1
wiull,0,1,1
wiuo,1,0,1
wiuth,0,1,1
wiv,79,64,143
wive,0,5,5
wivenhoe,0,1,1
wives,51,62,113
wivout,1,0,1
wivv,1,4,5
wivvles,1,0,1
wiwit,0,1,1
wiwiwiiwiw,0,1,1
wiwiwiwiw,0,1,1
wiwon,0,1,1
wiwt,0,2,2
wiwth,1,0,1
wix,0,1,1
wixey,0,1,1
wixi,1,0,1
wixon,0,1,1
wixx,0,1,1
wiyak,1,0,1
wiyh,2,1,3
wiyhme,0,2,2
wiz,23,15,38
wizahd,1,0,1
wizard,48,52,100
wizarding,0,3,3
wizardry,1,2,3
wizards,24,79,103
wizardsftw,0,1,1
wizardsofwaverlyplace,0,2,2
wizardworld,1,0,1
wizbiff,0,1,1
wizbit,3,0,3
wizblog,2,0,2
wize,0,1,1
wiznet,0,1,1
wiznizzle,0,1,1
wizpulse,1,0,1
wiztalk,0,1,1
wiztech,0,1,1
wizz,2,5,7
wizzards,1,1,2
wizzing,2,0,2
wizzle,0,1,1
wizzork,1,1,2
wizzy,1,0,1
wizzz,1,0,1
wjais,1,0,1
wjajjajaj,1,0,1
wjat,1,0,1
wjbc,1,0,1
wjen,1,0,1
wjhl,0,1,1
wjla,2,0,2
wjrkejafiewjafioejwi,1,0,1
wk,276,178,454
wkakakka,1,0,1
wkakakkakakaka,1,0,1
wkap,3,0,3
wkc,1,0,1
wkd,15,22,37
wkday,1,0,1
wkdays,2,0,2
wkds,2,0,2
wke,3,2,5
wked,1,3,4
wken,1,0,1
wkend,132,154,286
wkends,12,3,15
wkendthx,0,3,3
wkennd,0,1,1
wker,0,1,1
wkfilm,1,6,7
wkg,1,1,2
wkin,1,0,1
wking,4,2,6
wkipedia,0,1,1
wklh,0,2,2
wkly,1,2,3
wkml,1,0,1
wkn,3,2,5
wknd,208,181,389
wkndd,0,1,1
wknds,12,10,22
wkng,1,0,1
wkns,0,1,1
wkout,1,6,7
wkouts,1,0,1
wkp,0,1,1
wkpdia,1,0,1
wkr,1,0,1
wkrc,0,1,1
wkrn,1,0,1
wkrp,1,2,3
wks,213,103,316
wkshop,0,1,1
wksmth,1,0,1
wksp,0,1,1
wkt,1,3,4
wkts,0,1,1
wktu,0,1,1
wktv,0,1,1
wku,3,2,5
wkw,0,1,1
wkwk,1,1,2
wkwka,1,0,1
wkwkk,1,0,1
wkwkw,0,1,1
wkwkwk,0,1,1
wkwkwkwkw,0,1,1
wkyc,0,1,1
wkys,0,1,1
wl,13,13,26
wla,9,5,14
wladimir,0,1,1
wlak,0,1,1
wlan,12,5,17
wland,0,1,1
wlang,4,1,5
wlaters,0,1,1
wlbp,0,1,1
wlbt,2,1,3
wlc,1,0,1
wlcm,0,3,3
wlcome,0,4,4
wlcomm,1,0,1
wld,74,56,130
wlda,2,0,2
wldn,1,3,4
wldnt,6,5,11
wldve,1,0,1
wle,1,0,1
wlecome,0,1,1
wlfc,1,0,1
wlfi,0,1,1
wlg,1,1,2
wli,0,1,1
wliia,1,0,1
wlink,1,1,2
wljs,0,1,1
wlk,5,2,7
wlked,2,2,4
wlkin,1,0,1
wlking,1,0,1
wlkn,1,0,1
wlkng,1,2,3
wlks,0,1,1
wll,13,16,29
wlll,1,0,1
wllm,1,0,1
wlm,5,4,9
wloo,2,0,2
wlpics,1,0,1
wlpj,0,1,1
wlreally,1,0,1
wls,4,3,7
wltq,0,1,1
wlum,1,0,1
wlv,0,1,1
wlvm,1,0,1
wlw,2,0,2
wlwbackup,0,1,1
wm,20,17,37
wma,6,8,14
wmaa,0,1,1
wmail,2,0,2
wmang,0,1,1
wmass,0,1,1
wmata,3,1,4
wmb,1,1,2
wmba,1,0,1
wmbr,1,0,1
wmbv,0,1,1
wmc,3,2,5
wmd,1,1,2
wmg,5,0,5
wmh,0,1,1
wmhs,0,1,1
wmi,1,0,1
wmiad,0,1,1
wmids,1,0,1
wml,1,0,1
wmm,1,1,2
wmn,2,1,3
wmnl,0,1,1
wmns,0,1,1
wmo,1,0,1
wmp,7,1,8
wmt,0,2,2
wmua,1,0,1
wmuch,1,0,1
wmuers,1,0,1
wmv,3,1,4
wmvs,1,0,1
wmwifirouter,0,3,3
wmwn,1,0,1
wmyx,0,1,1
wmzq,0,1,1
wn,11,10,21
wna,51,19,70
wnaa,1,1,2
wnar,1,0,1
wnat,9,5,14
wnated,2,0,2
wnats,3,0,3
wnay,1,0,1
wnba,11,10,21
wnbaopeningday,0,16,16
wnchester,0,1,1
wnci,3,1,4
wnd,0,1,1
wnder,1,0,1
wndr,2,0,2
wndrin,1,0,1
wndrland,0,1,1
wndrn,1,0,1
wne,1,0,1
wnec,1,0,1
wnedy,0,1,1
wnet,1,1,2
wnf,0,1,1
wning,0,1,1
wnisn,1,0,1
wnjoying,1,0,1
wnn,1,0,1
wnna,16,10,26
wnnaa,0,1,1
wnnaaaa,0,1,1
wnr,1,0,1
wns,1,0,1
wnt,116,45,161
wntd,6,5,11
wnted,5,1,6
wnting,1,0,1
wnts,8,2,10
wntw,1,1,2
wnua,4,0,4
wnw,0,1,1
wny,6,1,7
wnyc,0,1,1
wo,72,88,160
woa,8,20,28
woaa,0,2,2
woaaa,2,1,3
woaaaah,0,2,2
woaaah,3,2,5
woaaahhh,0,1,1
woaaahhhhh,1,0,1
woaaahmygoddd,0,1,1
woaah,0,2,2
woaahh,1,2,3
woaahhh,1,0,1
woady,1,0,1
woafs,1,0,1
woah,204,312,516
woahe,0,1,1
woahh,11,12,23
woahhh,4,12,16
woahhhh,1,3,4
woahhhhh,0,1,1
woahhhhhh,0,3,3
woahitsmanda,0,1,1
woahitssarrah,1,0,1
woahoh,0,1,1
woak,1,0,1
woamn,0,1,1
woant,1,0,1
woarm,1,0,1
woat,0,1,1
woauw,1,0,1
woaw,2,3,5
woazorz,1,0,1
wobbie,1,0,1
wobble,8,7,15
wobblers,1,1,2
wobbles,1,0,1
wobblesam,0,1,1
wobbley,1,0,1
wobblin,0,1,1
wobbling,1,2,3
wobbly,26,7,33
wober,1,0,1
wobliness,1,0,1
wobly,0,1,1
woburn,4,2,6
woc,2,1,3
wocc,0,1,1
woch,1,1,2
woche,3,2,5
wochenende,1,2,3
wochenmotto,0,1,1
wochin,0,2,2
wock,0,2,2
wockeez,1,1,2
wocket,1,0,1
wockhardt,1,0,1
wockie,0,1,1
wod,7,2,9
woddy,1,0,1
wodehouse,0,4,4
wodehouseian,0,1,1
woderful,0,2,2
woderin,1,1,2
wodering,1,0,1
wodie,1,0,1
wodka,2,4,6
wodnb,0,1,1
wodnering,1,1,2
wodonga,2,3,5
woe,122,8,130
woebegone,0,1,1
woeeeeeeeeeeeeeee,1,0,1
woeeehhh,0,1,1
woeful,7,1,8
woefully,5,3,8
woeh,0,1,1
woehaaa,0,1,1
woehahahahahahahahaha,0,1,1
woehoe,0,2,2
woehoeee,0,1,1
woehoeeee,0,1,1
woeiwoeiwoei,0,1,1
woek,0,1,1
woeking,1,0,1
woeow,0,1,1
woerd,1,0,1
woes,48,9,57
woewodin,1,1,2
wof,5,5,10
wofful,1,0,1
wofo,0,1,1
wofwenzdaez,1,0,1
wog,1,6,7
woga,2,0,2
wogan,7,6,13
wogg,0,1,1
woggie,1,0,1
wogging,1,0,1
woggle,0,2,2
woggy,1,0,1
wogs,3,1,4
woh,3,8,11
woha,0,3,3
wohaa,1,1,2
woher,0,1,1
wohey,0,1,1
wohheoo,0,1,1
wohhh,1,1,2
wohhhooooo,0,1,1
wohhoo,2,1,3
wohhooo,1,0,1
wohhoooo,1,1,2
wohhooooo,0,1,1
wohi,1,0,1
wohin,1,0,1
wohl,2,2,4
wohnt,0,1,1
woho,1,23,24
wohoh,0,1,1
wohoho,0,1,1
wohoo,24,76,100
wohooo,7,28,35
wohoooo,1,12,13
wohooooo,0,5,5
wohoooooo,1,3,4
wohooooooo,0,2,2
wohooooooooooo,0,1,1
wohoopp,0,1,1
wohoow,0,1,1
wohow,0,1,1
woi,2,4,6
woih,2,0,2
woild,1,0,1
woill,0,1,1
woith,1,0,1
woiye,0,1,1
wojld,1,0,1
wojnarowcz,1,0,1
wojnarowski,1,0,1
wojniak,0,1,1
wojo,0,1,1
wok,11,12,23
wokano,1,1,2
wokay,0,1,1
wokcano,0,1,1
woke,5335,2659,7994
woked,6,4,10
wokee,4,4,8
wokeee,2,2,4
wokeeee,1,1,2
wokeey,1,0,1
wokeh,0,2,2
woken,451,177,628
wokens,1,0,1
wokes,0,1,1
wokeup,15,5,20
wokeupp,1,0,1
wokey,2,0,2
wokin,2,1,3
woking,12,6,18
wokingham,1,1,2
wokk,0,1,1
wokka,0,3,3
wokke,0,1,1
wokkeupp,0,1,1
wokkey,1,0,1
wokking,0,1,1
woklings,1,0,1
wokout,1,1,2
wokr,4,0,4
wokred,1,0,1
wokring,6,4,10
woks,0,1,1
wokw,0,1,1
wokwow,0,1,1
wol,3,2,5
wolam,1,0,1
wolbi,0,1,1
wold,5,13,18
woldwide,1,0,1
wole,4,0,4
wolery,1,0,1
wolf,85,120,205
wolfarms,0,1,1
wolfcat,0,4,4
wolfe,3,1,4
wolfeboro,0,1,1
wolfed,2,0,2
wolfenstein,5,2,7
wolfer,0,1,1
wolferine,0,1,1
wolfey,1,0,1
wolffe,1,0,1
wolffer,0,1,1
wolfff,0,1,1
wolfgang,3,10,13
wolfgangsee,0,1,1
wolfhounds,0,1,1
wolfi,1,0,1
wolfie,6,6,12
wolfies,0,1,1
wolfing,2,2,4
wolfish,1,0,1
wolfkiss,0,1,1
wolfman,1,2,3
wolfmother,2,2,4
wolfmothers,0,1,1
wolford,1,1,2
wolfpack,0,4,4
wolfpen,1,0,1
wolfram,39,45,84
wolframalfa,0,1,1
wolframalpha,9,35,44
wolframapltha,0,1,1
wolframs,1,0,1
wolframsbeta,0,1,1
wolfrum,0,1,1
wolfs,2,2,4
wolfsburg,0,1,1
wolfsheim,0,1,1
wolfshit,0,1,1
wolfskunk,0,1,1
wolfson,1,0,1
wolfstock,0,1,1
wolfteam,0,1,1
wolftrap,2,1,3
wolfvegas,0,1,1
wolfville,0,1,1
wolfwood,1,0,1
wolfy,2,3,5
wolive,1,0,1
wolkswagen,0,1,1
wolla,0,1,1
wollah,1,0,1
wollemi,0,1,1
wollen,1,1,2
wollensky,0,1,1
wollenskys,0,1,1
wollies,1,1,2
wollongong,2,8,10
wollowing,0,1,1
wolly,2,1,3
wollybean,0,1,1
wolmyeong,0,1,1
wolo,1,0,1
wolong,1,0,1
wolpert,0,1,1
wolrd,2,5,7
wols,1,0,1
wolsey,0,1,1
wolsley,0,1,1
wolud,3,0,3
wolvarine,2,0,2
wolverhampton,15,11,26
wolverin,3,1,4
wolverine,200,405,605
wolverinee,0,1,1
wolverines,3,1,4
wolvering,0,1,1
wolvernie,0,1,1
wolverrriiiinnee,0,1,1
wolves,39,43,82
wolvey,1,0,1
wolvie,1,5,6
wolvix,1,0,1
wolvo,2,1,3
wolvrine,1,0,1
wolvs,1,0,1
wolvy,1,0,1
wom,0,4,4
woma,1,0,1
womaan,0,1,1
womack,2,4,6
womad,1,0,1
womaen,0,1,1
woman,646,889,1535
womanhood,5,3,8
womani,0,1,1
womanize,0,1,1
womanizer,4,13,17
womanizerrr,0,1,1
womanizerwomanizerwomanizer,0,1,1
womanizing,0,2,2
womanly,5,0,5
womannn,0,3,3
womans,13,4,17
womansclub,0,2,2
womanspirit,1,0,1
womanz,0,1,1
womats,0,1,1
womb,7,11,18
wombat,4,12,16
wombats,1,8,9
wombledon,1,0,1
wombles,3,0,3
womblist,0,1,1
wombs,1,2,3
womdering,1,0,1
wome,1,2,3
womean,0,1,1
women,389,687,1076
womengrowbusiness,0,1,1
womenizer,0,1,1
womenn,1,0,1
womens,18,33,51
womenswear,0,1,1
woment,0,1,1
womentofollow,0,1,1
womma,0,2,2
womman,0,1,1
wommer,0,1,1
womongathering,0,1,1
womp,154,11,165
wompety,1,0,1
wompity,1,0,1
wompp,1,1,2
womppp,2,0,2
wompppp,3,0,3
womppppp,1,0,1
wompppppp,2,0,2
wompppppppp,1,0,1
wompro,1,0,1
wompwompwomp,1,0,1
womworld,0,1,1
womyn,0,1,1
won,1483,2208,3691
wona,2,0,2
wonakt,2,0,2
wonbin,1,0,1
wonchul,1,0,1
wond,2,1,3
wondah,1,0,1
wondar,1,0,1
wondder,0,1,1
wondderful,1,0,1
wonde,3,0,3
wondefl,0,1,1
wondeful,4,17,21
wondefull,1,0,1
wondefulrly,0,1,1
wondeing,1,0,1
wonder,1430,1421,2851
wonderbams,0,1,1
wonderbar,0,1,1
wonderblogger,0,1,1
wonderboy,1,1,2
wonderbra,0,1,1
wonderbread,1,0,1
wonderbred,1,0,1
wonderd,2,1,3
wonderdul,1,0,1
wondered,74,134,208
wonderettes,0,1,1
wonderf,0,1,1
wonderfalls,0,3,3
wonderfl,1,0,1
wonderflantastic,1,0,1
wonderfu,0,1,1
wonderfuk,0,1,1
wonderful,693,3185,3878
wonderfulest,0,1,1
wonderfull,19,45,64
wonderfulll,2,1,3
wonderfullll,2,2,4
wonderfulllll,0,1,1
wonderfullllll,1,1,2
wonderfulllllll,0,1,1
wonderfullness,0,1,1
wonderfully,28,84,112
wonderfulmiles,0,1,1
wonderfulness,5,5,10
wonderfuls,0,1,1
wonderfuly,1,3,4
wonderfur,0,1,1
wonderfuuul,0,1,1
wondergirls,1,5,6
wondergul,0,1,1
wonderiffic,1,0,1
wonderign,2,1,3
wonderiing,1,0,1
wonderin,42,34,76
wondering,1494,1105,2599
wonderingg,1,2,3
wonderinggg,1,0,1
wonderinq,0,1,1
wonderland,62,70,132
wonderlannnd,0,1,1
wondermark,0,2,2
wonderment,0,1,1
wondermilk,0,3,3
wondern,0,1,1
wonderng,1,1,2
wonderous,4,4,8
wonderpets,0,2,2
wonderred,0,1,1
wonderrful,1,1,2
wonderrfull,1,0,1
wonderrfullll,0,1,1
wonderring,3,1,4
wonderrrrrrful,0,1,1
wonders,276,230,506
wondershoe,0,1,1
wonderspouse,0,1,1
wonderstuff,0,1,1
wondertime,1,0,1
wondertweets,2,0,2
wondertwins,0,1,1
wonderul,0,4,4
wonderwall,5,11,16
wonderwheel,0,2,2
wonderwife,0,1,1
wonderwoman,0,4,4
wonderworld,0,2,2
wondfully,0,1,1
wondifferous,1,0,1
wondn,1,0,1
wondow,0,1,1
wondoze,1,0,1
wondr,0,1,1
wondreing,0,1,1
wondrful,1,3,4
wondrg,1,0,1
wondrin,3,0,3
wondrland,0,1,1
wondrous,4,8,12
wondrrs,0,1,1
wondrwhthppnsnxt,0,1,1
wonds,0,1,1
wondy,0,1,1
wone,3,1,4
wonen,0,1,1
woner,0,1,1
wonerful,0,3,3
wonetta,1,0,1
wonewey,1,0,1
wonferful,0,1,1
wong,16,20,36
wonga,2,0,2
wongfu,1,1,2
wongo,0,1,1
wongs,0,3,3
wongsableng,1,0,1
wongso,0,1,1
wongy,1,0,1
wonhophoto,1,0,1
wonk,0,1,1
wonka,14,34,48
wonkas,0,2,2
wonkavision,0,1,1
wonker,0,1,1
wonkette,1,0,1
wonkifying,1,0,1
wonky,45,18,63
wonkyeye,0,1,1
wonley,1,0,1
wonn,2,2,4
wonna,16,5,21
wonnderful,0,1,1
wonnderrful,0,1,1
wonnie,1,0,1
wonnn,1,3,4
wonnnn,0,2,2
wonnnnderful,0,1,1
wonnnnn,1,1,2
wonnnnnnnn,0,1,1
wonnt,1,0,1
wons,0,1,1
wont,3861,907,4768
wontcha,0,1,1
wontchooooo,0,1,1
wonted,1,1,2
wontfollow,0,1,1
wonthaggi,1,0,1
wonting,0,1,1
wontleave,1,0,1
wonton,5,8,13
wontons,2,4,6
wonts,0,1,1
wontt,4,0,4
wontttt,2,1,3
wony,1,0,1
woo,539,1645,2184
wooaaahhhh,0,1,1
wooaah,0,1,1
wooaahh,0,1,1
wooage,0,1,1
wooah,3,3,6
wooahh,0,1,1
wooahhh,0,1,1
woobie,0,1,1
woobies,1,0,1
woobin,0,2,2
wooble,0,1,1
woobzie,0,1,1
woocast,0,1,1
wood,116,144,260
woodard,1,1,2
woodbine,1,1,2
woodblock,0,1,1
woodbridge,6,4,10
woodburn,1,1,2
woodburner,1,0,1
woodbury,1,3,4
woodchipper,1,1,2
woodchuck,2,12,14
woodchucking,0,1,1
woodchucks,1,2,3
woodcock,1,0,1
woodcraft,2,0,2
woodcut,0,1,1
wooded,2,2,4
wooden,38,35,73
woodend,2,0,2
woodfall,1,0,1
woodfield,3,4,7
woodfire,1,0,1
woodfired,0,1,1
woodford,3,4,7
woodgrain,1,3,4
woodgreen,1,0,1
woodgrill,0,1,1
woodhall,0,1,1
woodham,1,0,1
woodhaven,1,1,2
woodhead,1,0,1
woodhey,1,0,1
woodhill,0,2,2
woodhouse,1,1,2
woodhull,0,1,1
woodie,0,1,1
woodies,2,1,3
woodland,4,10,14
woodlands,10,10,20
woodlandz,1,0,1
woodlawn,0,1,1
woodley,1,4,5
woodlice,1,1,2
woodllands,0,1,1
woodloch,0,1,1
woodlouse,0,3,3
woodman,3,0,3
woodmans,1,0,1
woodmonstas,0,1,1
woodnt,1,0,1
woodntap,1,0,1
woodoo,0,1,1
woodouse,0,1,1
woodpark,0,1,1
woodpeaker,1,0,1
woodpecker,6,10,16
woodpeckers,1,1,2
woodpigeons,0,1,1
woodridge,0,2,2
woodrow,3,1,4
woodruff,1,1,2
woods,121,157,278
woodseats,0,1,1
woodsen,1,0,1
woodshop,1,1,2
woodside,0,1,1
woodsiegirl,1,0,1
woodsmen,0,1,1
woodson,0,1,1
woodsong,0,1,1
woodss,1,0,1
woodstalk,0,1,1
woodstock,9,21,30
woodstocks,1,0,1
woodsy,0,1,1
woodtick,1,0,1
woodve,1,0,1
woodville,0,1,1
woodvine,1,0,1
woodward,4,2,6
woodwind,0,1,1
woodwork,8,5,13
woodworker,1,0,1
woodworks,1,1,2
woody,24,47,71
woodys,1,0,1
wooed,0,1,1
woof,26,74,100
woofabulous,0,1,1
woofalicious,1,0,1
woofday,0,1,1
woofed,1,0,1
woofer,3,3,6
woofers,0,2,2
woofie,0,1,1
woofies,1,1,2
woofing,1,0,1
woofreakinhoo,0,1,1
woofs,2,5,7
woofstock,3,1,4
woofta,0,1,1
woofuckinghoo,1,0,1
woofur,1,0,1
woofwednesday,9,25,34
woofwoof,0,1,1
woogie,0,3,3
wooh,24,86,110
wooha,1,1,2
woohaa,0,1,1
woohangover,1,0,1
woohh,0,1,1
woohhh,0,1,1
woohhhoooooo,0,1,1
woohho,0,1,1
woohhoo,1,1,2
woohhooo,0,1,1
woohhoooo,0,1,1
wooho,2,12,14
woohoo,226,937,1163
woohooh,0,1,1
woohoohoo,1,1,2
woohoohooo,0,1,1
woohooo,14,81,95
woohoooing,0,1,1
woohoooo,7,27,34
woohooooo,1,7,8
woohoooooo,2,8,10
woohooooooo,0,2,2
woohoooooooo,1,0,1
woohooooooooo,1,0,1
woohoooooooooo,0,1,1
woohooooooooooo,0,1,1
woohooooooooooooooooo,1,0,1
woohoooooooooooooooooooo,0,1,1
woohoooopppp,0,1,1
woohoop,0,1,1
woohoow,0,1,1
woohuu,0,1,1
woohwooh,0,1,1
wooie,0,1,1
wooiiiiiii,0,1,1
wooing,1,2,3
wook,6,9,15
wookei,1,0,1
wookie,5,10,15
wookiee,1,4,5
wookiees,1,2,3
wookiepedia,0,1,1
wookies,0,3,3
wookster,1,0,1
wool,21,17,38
woolacombe,2,0,2
woolen,0,2,2
woolery,0,1,1
wooley,1,1,2
woolf,1,5,6
wooli,0,1,1
woolie,0,2,2
woolies,13,12,25
woollams,1,0,1
woollen,0,1,1
woolley,0,1,1
woollie,0,1,1
woollies,1,0,1
woolloomooloo,0,2,2
woolly,4,5,9
woolmart,1,0,1
woolridge,0,1,1
woolsery,0,1,1
woolshed,1,0,1
woolstone,0,1,1
woolton,1,0,1
woolwednesday,0,1,1
woolwich,1,0,1
woolworth,2,0,2
woolworths,21,1,22
wooly,5,5,10
woombye,0,1,1
woommpppp,1,0,1
woomp,2,0,2
woon,1,1,2
woonderful,1,0,1
woonsocket,1,0,1
wooo,152,514,666
woooa,1,1,2
woooah,2,4,6
woooahh,1,1,2
woooahhh,0,1,1
woooaw,0,1,1
woooeeeahhhhh,0,1,1
wooof,1,2,3
woooh,7,25,32
woooha,0,1,1
wooohaa,0,2,2
wooohah,0,1,1
wooohayy,1,0,1
wooohh,2,2,4
wooohhhh,0,1,1
wooohhhooo,0,1,1
wooohhhoooooooo,0,1,1
wooohhooo,0,1,1
wooohhoooo,0,2,2
wooohhoooohhh,0,1,1
woooho,0,2,2
wooohoo,7,32,39
wooohooo,11,74,85
wooohoooo,6,26,32
wooohooooo,2,5,7
wooohoooooo,2,2,4
wooohooooooo,1,1,2
wooohooooooooo,1,0,1
wooohoooooooooo,0,1,1
wooohooooooooooo,0,1,1
woookies,1,0,1
woooman,0,1,1
wooomp,1,0,1
wooon,1,0,1
woooo,48,241,289
wooooaaah,0,1,1
wooooaaar,0,1,1
wooooaaawww,1,0,1
wooooah,2,3,5
wooooahhh,1,0,1
wooooh,4,11,15
wooooha,1,0,1
woooohhh,2,2,4
woooohhhhh,0,1,1
woooohhhhooooooo,0,1,1
woooohhhoooo,0,1,1
woooohhhooooo,0,1,1
woooohoo,3,2,5
woooohooo,1,15,16
woooohoooo,0,11,11
woooohooooo,0,6,6
woooohoooooo,0,4,4
woooohooooooo,0,3,3
wooooke,0,1,1
woooomannn,0,1,1
woooomp,2,0,2
woooon,1,0,1
woooonderful,0,1,1
woooonnn,0,1,1
woooonnnnnnn,0,1,1
wooooo,35,162,197
woooooh,3,4,7
wooooohh,0,1,1
wooooohhhooo,0,1,1
wooooohhooooo,1,0,1
wooooohoo,0,1,1
wooooohooo,1,1,2
wooooohoooo,0,6,6
wooooohooooo,0,5,5
wooooohoooooo,1,2,3
wooooohooooooo,0,1,1
wooooohoooooooo,0,1,1
wooooohoooooooooo,0,1,1
wooooohooooooooooo,0,1,1
wooooohoooooooooooo,0,1,1
woooooman,0,1,1
wooooomieeeeee,1,0,1
woooooo,14,57,71
wooooooah,0,1,1
woooooobrrrrrrr,0,1,1
wooooooh,1,3,4
woooooohhhhhooooo,0,1,1
woooooohoooo,1,1,2
woooooohooooo,1,2,3
woooooohoooooo,2,3,5
woooooohooooooo,0,1,1
woooooohooooooooo,0,2,2
woooooohooooooooooo,1,0,1
woooooon,0,2,2
wooooooo,7,45,52
woooooooah,0,1,1
woooooooh,0,1,1
wooooooohooo,0,1,1
woooooooo,11,27,38
wooooooooh,0,1,1
woooooooohoooooo,0,1,1
woooooooohoooooooooo,0,1,1
wooooooooo,4,17,21
woooooooooh,0,1,1
wooooooooohooooooo,1,0,1
wooooooooohoooooooo,0,1,1
woooooooooo,2,6,8
woooooooooon,1,0,1
wooooooooooo,3,10,13
woooooooooooh,0,1,1
wooooooooooonderful,1,0,1
woooooooooooo,2,8,10
wooooooooooooh,0,1,1
woooooooooooohoooooooooooooo,0,1,1
wooooooooooooo,3,5,8
woooooooooooooh,0,1,1
woooooooooooooo,0,4,4
woooooooooooooohh,1,0,1
wooooooooooooooo,2,3,5
wooooooooooooooof,1,0,1
woooooooooooooooo,1,1,2
woooooooooooooooooo,0,2,2
woooooooooooooooooohhhhhhhhhhhhhhhhooooooooooooooooooo,0,1,1
wooooooooooooooooooo,0,2,2
wooooooooooooooooooooo,1,1,2
woooooooooooooooooooooo,0,4,4
wooooooooooooooooooooooooooooo,1,0,1
woooooooooooooooooooooooooooooooo,0,1,1
wooooooooooooooooooooooooooooooooo,0,1,1
woooooooooooooooooooooooooooooooooooo,0,1,1
wooooooooooooooooooooooooooooooooooooo,0,1,1
woooooooooooooooooooooooooooooooooooooo,0,1,1
wooooooooooooooooooooooooooooooooooooooooooooooo,1,0,1
wooooooooooooooooooooooooooooooooooooooooooooooooooooooooooooooooooooooooooooooooooooooo,0,1,1
wooooooooooooooooooooooooooooooooooooooooooooooooooooooooooooooooooooooooooooooooooooooooooooooooooooooooooooo,0,1,1
wooooooooooooooooooooooooooooooooooooooooooow,0,1,1
woooooooooooooooooooooww,0,1,1
woooooooooooooooooooorld,0,1,1
wooooooooooooooooooow,0,1,1
wooooooooooooooooot,0,1,1
woooooooooooooooot,0,1,1
wooooooooooooooot,0,2,2
woooooooooooooots,0,1,1
woooooooooooooow,0,2,2
wooooooooooooot,0,1,1
wooooooooooooow,2,0,2
woooooooooooot,0,2,2
woooooooooooow,0,2,2
wooooooooooop,0,1,1
wooooooooooot,0,1,1
wooooooooooow,0,1,1
woooooooooop,1,0,1
woooooooooot,0,3,3
woooooooooow,1,1,2
wooooooooop,0,2,2
wooooooooork,1,0,1
wooooooooot,0,1,1
wooooooooow,2,2,4
woooooooop,0,4,4
woooooooot,1,3,4
woooooooow,4,3,7
woooooooowhoooooo,0,1,1
wooooooop,1,1,2
wooooooork,1,0,1
wooooooorrrrrrld,0,1,1
wooooooot,0,2,2
wooooooow,3,7,10
woooooop,2,4,6
wooooooppp,0,1,1
wooooooppps,0,1,1
woooooork,0,2,2
wooooooshhhhh,0,1,1
woooooossshhh,1,0,1
woooooot,2,7,9
wooooootttt,0,1,1
woooooow,5,10,15
woooooozy,1,0,1
wooooop,5,9,14
wooooopp,1,1,2
wooooord,1,0,1
wooooork,2,2,4
wooooorrrddd,0,1,1
wooooorrrrk,1,0,1
wooooorrrrkk,1,0,1
wooooorrrrrrking,1,0,1
wooooorrrrrrnn,1,0,1
wooooosaaaa,0,1,1
wooooot,4,13,17
wooooots,0,1,1
wooooow,5,10,15
woooooww,0,1,1
woooooyeeeeaaaaa,0,1,1
wooooozaaaaaa,0,1,1
woooop,1,19,20
woooopaaaaa,0,1,1
woooops,0,1,1
woooopsies,0,1,1
woooopwoooop,0,1,1
woooord,0,3,3
woooork,6,1,7
woooorking,1,1,2
woooorkk,0,1,1
woooorld,0,3,3
woooorrllldd,0,1,1
woooorrrdddd,0,1,1
woooorrrking,0,1,1
woooorst,2,0,2
woooosaaaa,0,2,2
woooosawwww,1,0,1
woooot,8,32,40
wooootttttt,0,1,1
woooovveeeeeemmmmppp,1,0,1
woooow,13,20,33
wooooww,1,1,2
woooozie,1,0,1
wooop,12,36,48
wooopeeeee,0,1,1
woooppeee,0,1,1
woooppp,0,1,1
wooopppp,1,0,1
wooops,2,3,5
wooopsy,1,0,1
wooopwooop,0,1,1
wooopwoooppppp,0,1,1
wooopydoo,1,0,1
wooord,1,1,2
wooork,4,0,4
wooorking,2,0,2
wooorld,0,2,2
wooorrkk,1,0,1
wooorrmmmmiiiiee,0,1,1
wooorrrddd,1,0,1
wooorrrkkkk,1,0,1
wooosh,1,2,3
wooot,14,67,81
woootness,1,0,1
wooott,0,1,1
wooottt,0,2,2
woootwoooo,0,1,1
woootz,0,1,1
wooou,0,1,1
wooow,32,53,85
wooowhoo,0,1,1
wooowhooo,0,1,1
wooowhooooo,0,1,1
wooowooo,1,1,2
woooww,1,1,2
wooowww,1,1,2
wooowzers,1,0,1
woop,166,494,660
woopage,0,2,2
woopah,1,0,1
woopass,0,1,1
woopdidoo,0,1,1
woopdie,1,0,1
woopdy,1,1,2
wooped,0,2,2
woopee,5,0,5
woopeee,1,0,1
woopeeee,1,0,1
woopeeeee,0,1,1
woopers,0,1,1
woophooo,0,1,1
woopie,1,2,3
woopieeee,0,1,1
woopies,0,1,1
woopin,1,2,3
wooping,1,0,1
woopity,1,0,1
woopness,0,1,1
woopp,2,3,5
wooppp,0,4,4
woopppp,0,1,1
woopppppp,0,1,1
woopra,1,3,4
woops,52,50,102
woopsehh,0,1,1
woopsies,2,0,2
woopsiiee,1,0,1
woopsy,2,0,2
wooptie,0,2,2
woopty,1,1,2
woopwoo,0,1,1
woopwoop,1,17,18
woopwoopwoop,0,1,1
woopx,1,0,1
woopy,1,1,2
woopydoo,1,0,1
woopyeahhh,0,1,1
woord,0,2,2
woorddd,0,1,1
woords,1,0,1
woork,4,1,5
woorllddd,0,1,1
woorreeeverrrrhhhh,1,0,1
woorrry,0,1,1
woorry,0,1,1
woos,0,2,2
woosaa,0,1,1
woosaaaauuu,1,0,1
woosaah,0,1,1
woosah,1,2,3
woosahhhh,0,1,1
woosaw,0,1,1
woose,0,1,1
wooser,1,0,1
woosh,2,8,10
wooshes,1,0,1
wooshing,0,1,1
woosoo,1,0,1
woosta,1,0,1
wooster,4,5,9
woosy,1,0,1
woot,252,1112,1364
wootaholic,0,1,1
wootalyzer,2,2,4
wootbix,0,1,1
wooted,1,0,1
wooten,1,1,2
wooters,0,1,1
wootheme,1,0,1
woothemes,0,4,4
wootness,0,2,2
wootoff,4,1,5
woots,2,16,18
woott,0,1,1
wootton,0,1,1
woottt,0,1,1
wootttttt,0,1,1
wootwoot,2,13,15
wootwoots,0,1,1
wootwot,0,1,1
wooty,1,1,2
wootz,0,1,1
woould,2,2,4
woouu,0,1,1
woow,29,60,89
woowahh,0,1,1
woowee,1,0,1
woowhoo,1,0,1
woowoo,3,7,10
woowooo,0,1,1
woowooooooh,0,1,1
woowooowoo,0,1,1
woowoowoo,0,1,1
wooww,2,7,9
woowww,0,3,3
wooyoung,2,1,3
wooz,0,1,1
woozie,1,0,1
woozle,1,0,1
woozy,22,5,27
woozywednesday,1,0,1
woozz,1,0,1
wop,3,2,5
woping,0,1,1
wopkhtgmtnpjophktymtrgfdvkf,1,0,1
wopped,0,1,1
woppies,0,1,1
woppp,0,1,1
wopps,1,0,1
wopr,1,0,1
woprking,0,1,1
wops,1,0,1
wopuld,1,0,1
wopwop,0,2,2
woqk,1,0,1
wor,20,12,32
woralez,0,1,1
worcester,17,9,26
worcestershire,1,1,2
worcs,1,2,3
word,1128,2040,3168
wordage,1,1,2
wordahead,0,1,1
wordart,1,0,1
wordathon,1,1,2
wordbook,0,2,2
wordburglar,0,1,1
wordcamp,26,46,72
wordcampchicago,1,0,1
wordcampdev,0,1,1
wordcampmidatl,0,1,1
wordcampnola,1,0,1
wordcampsf,0,4,4
wordcampuk,2,1,3
wordcount,1,3,4
wordcountrace,0,1,1
wordd,4,4,8
worddd,3,3,6
wordddd,1,1,2
worddddd,1,0,1
wordddddddddddd,0,1,1
worddddddddddddddd,1,0,1
wordddss,0,1,1
worde,1,0,1
worded,6,12,18
worden,0,2,2
worder,0,1,1
worderful,0,1,1
wordfast,1,1,2
wordflipper,0,3,3
wordia,0,2,2
wordier,0,1,1
wordin,0,1,1
wording,5,15,20
wordings,0,1,1
wordl,0,1,1
wordla,0,1,1
wordlcup,1,0,1
wordle,1,5,6
wordles,0,1,1
wordless,0,2,2
wordlimit,0,1,1
wordlings,0,1,1
wordlinx,1,2,3
wordly,0,1,1
wordmole,1,0,1
wordmp,0,1,1
wordnet,1,0,1
wordoftheday,1,2,3
wordpad,1,1,2
wordperfect,1,0,1
wordplay,0,4,4
wordplayer,0,1,1
wordprees,0,1,1
wordpres,0,1,1
wordpress,211,279,490
wordpressaholic,1,0,1
wordpressing,1,0,1
wordpressland,0,1,1
wordpresstip,1,0,1
wordprocessor,0,1,1
wordreference,0,1,1
wordress,0,1,1
wordrobe,0,1,1
words,924,1684,2608
wordsaftersex,16,29,45
wordscramble,0,1,1
wordscraper,1,0,1
wordsduringsex,1,2,3
wordshaker,1,0,1
wordshop,0,1,1
wordsmith,1,2,3
wordsnowheard,1,0,1
wordsnya,0,1,1
wordsoftheday,1,0,1
wordsregardingnkotb,0,2,2
wordstocalloffwork,1,0,1
wordstoliveby,0,1,1
wordsucks,1,0,1
wordswithful,0,1,1
wordsworth,2,1,3
wordt,1,2,3
wordtank,1,0,1
wordvom,0,1,1
wordy,4,3,7
wordybirdee,0,1,1
wordz,0,4,4
wordzzz,0,1,1
wore,170,205,375
wored,1,0,1
woredrobe,0,2,2
worest,1,0,1
worhaholic,1,0,1
worhal,0,1,1
worht,2,3,5
worhty,1,0,1
wori,1,1,2
worid,1,0,1
woried,2,1,3
wories,2,0,2
woriied,1,0,1
worikin,1,0,1
woriking,0,1,1
woring,2,2,4
worj,1,1,2
work,45420,19529,64949
worka,1,0,1
workable,2,3,5
workabout,0,1,1
workage,1,0,1
workaholic,20,14,34
workaholiccccc,1,0,1
workaholics,1,2,3
workaholism,2,1,3
workalurkin,1,0,1
workapron,0,1,1
workaround,14,7,21
workarounds,5,0,5
workase,0,1,1
workathlon,1,0,1
workaway,2,0,2
workbench,4,1,5
workbook,8,2,10
workbooks,1,0,1
workboots,0,1,1
workcamp,1,1,2
workcar,1,0,1
workcrew,0,1,1
workd,6,5,11
workday,31,34,65
workdays,5,9,14
workdesk,1,1,2
workdone,1,0,1
worke,2,0,2
worked,1180,1081,2261
workedd,0,1,1
workeded,0,1,1
workedout,1,0,1
workee,1,0,1
worken,1,2,3
workend,1,0,1
worker,106,87,193
workeres,1,0,1
workers,110,89,199
workexperience,1,1,2
workexpress,0,1,1
workey,1,0,1
workface,1,0,1
workflow,7,15,22
workflows,1,3,4
workforce,5,2,7
workhorse,0,2,2
workhouse,4,1,5
worki,2,2,4
workiando,0,1,1
workie,18,3,21
workies,10,5,15
workiessss,2,0,2
workig,6,3,9
workign,1,1,2
workiiiing,0,1,1
workiiiinnng,0,1,1
workiin,1,1,2
workiing,1,1,2
workimg,1,0,1
workin,623,356,979
workinf,2,0,2
working,10858,6005,16863
workingday,0,1,1
workingdays,0,1,1
workingg,18,5,23
workinggg,0,1,1
workingggg,8,2,10
workinggggg,3,1,4
workingggggg,1,2,3
workinggggggg,1,0,1
workingggggggg,1,0,1
workinggggggggg,0,1,1
workingin,0,1,1
workingipod,1,0,1
workingngngngnng,1,0,1
workingonsundaynight,1,0,1
workingout,1,0,1
workings,5,4,9
workingtime,1,0,1
workingtoday,1,0,1
workingtons,1,0,1
workingvery,1,0,1
workink,1,0,1
workinn,5,1,6
workinng,0,1,1
workinngg,1,0,1
workinnnn,0,1,1
workinon,0,1,1
workinq,0,1,1
workio,0,1,1
workitemchanged,1,0,1
workitems,1,0,1
workitty,1,0,1
workj,0,1,1
workk,61,28,89
workking,1,0,1
workkinq,1,0,1
workkk,52,23,75
workkkiiinnng,1,0,1
workkkin,1,0,1
workkking,1,1,2
workkkk,28,7,35
workkkkk,14,8,22
workkkkking,0,1,1
workkkkkk,10,2,12
workkkkkkk,1,0,1
workkkkkkkk,2,0,2
workkkkkkkkk,1,1,2
workkkkkkkkkking,1,0,1
workkkkkkkkkkk,1,0,1
workkkkkkkkkkkk,1,0,1
workkkkkkkkkkkkkkkkk,1,0,1
workkkkkkkkkkkkkkkkkkk,1,0,1
workkkkkkkkkkkkkkkkkkkk,0,1,1
workkkkksuckssssss,1,0,1
workkkks,0,1,1
workkks,1,0,1
worklfow,1,0,1
worklies,1,1,2
worklifebalance,1,0,1
workling,1,0,1
workload,21,16,37
workloads,0,1,1
worklog,0,1,1
worklow,0,1,1
workmail,1,0,1
workman,1,3,4
workmanship,1,1,2
workmate,4,3,7
workmates,7,3,10
workmen,14,4,18
workn,14,18,32
workness,2,0,2
workng,5,0,5
worknight,1,0,1
worko,2,0,2
workot,0,1,1
workout,482,710,1192
workoutmode,0,1,1
workouts,42,45,87
workouttt,0,1,1
workoutz,1,0,1
workpile,0,1,1
workplace,35,30,65
workplaceland,1,0,1
workplacement,1,0,1
workplaces,2,0,2
workplans,0,1,1
workplay,1,0,1
workprint,1,0,1
workroom,1,1,2
works,1526,2169,3695
worksheet,7,2,9
worksheets,4,2,6
workship,0,1,1
workshop,124,177,301
workshopnak,1,0,1
workshopping,0,1,1
workshops,21,26,47
workshpos,0,1,1
worksies,0,1,1
worksite,1,0,1
workskee,1,0,1
workskiez,0,1,1
workskil,1,0,1
workspace,4,14,18
workspaces,0,1,1
workss,0,1,1
worksss,1,1,2
workssss,0,1,1
workssssss,0,1,1
workst,1,1,2
workstage,1,0,1
workstand,0,1,1
workstation,17,13,30
workstations,3,0,3
workstn,0,1,1
workstream,1,0,1
workstyle,0,1,1
worksucks,1,0,1
worksz,0,2,2
workterm,2,0,2
worktime,5,0,5
worktodayyy,0,1,1
worktodo,1,0,1
worktop,0,1,1
workuing,1,0,1
workup,2,0,2
workuuuuuumsssss,0,1,1
workvthis,0,1,1
workwebsite,1,0,1
workweek,16,7,23
workweeks,0,1,1
workwise,2,1,3
workwork,0,1,1
workworks,2,0,2
workworkwork,11,3,14
workworkworkpongwork,1,0,1
workworkworkserembanworkworkshortfilmworkworktwitter,0,1,1
workworkworkwork,2,0,2
workworkworkworkexam,1,0,1
workworkworkworkworkwork,0,1,1
worky,43,12,55
workyeah,1,0,1
workyy,0,1,1
workyyyy,1,0,1
workz,2,2,4
worl,9,6,15
world,3435,5974,9409
worldcafe,0,1,1
worldcall,1,1,2
worldcat,2,0,2
worldchampions,0,1,1
worldchhampions,0,1,1
worldclass,1,1,2
worldcom,1,0,1
worldcup,10,6,16
worldd,3,3,6
worlddd,4,7,11
worldddd,2,1,3
worlddddd,0,2,2
worldddddd,0,1,1
worlddddddddddddddddddddddddddd,0,1,1
worldfail,1,0,1
worldhates,1,0,1
worldhistory,1,0,1
worldknown,0,1,1
worldliness,0,1,1
worldlingo,1,0,1
worldly,1,3,4
worldmark,0,1,1
worldmarket,0,1,1
worldmusic,0,1,1
worldnic,1,0,1
worldof,0,1,1
worldofgoo,0,1,1
worldofhigletisfreakingawesome,0,1,1
worldofo,0,1,1
worldofwarcraft,0,4,4
worldofwhimm,0,1,1
worldpay,2,1,3
worldphones,0,1,1
worldprayer,0,1,1
worldquizchampionship,0,1,1
worldrecord,1,5,6
worlds,108,141,249
worldsapart,0,2,2
worldsbestathlete,0,1,1
worldsbnot,1,0,1
worldspace,0,1,1
worldstarhiphop,2,0,2
worldt,0,1,1
worldthreat,2,0,2
worldtime,0,1,1
worldtour,0,1,1
worldview,0,1,1
worldvision,1,0,1
worldwariii,0,1,1
worldwide,27,58,85
worldwideweb,0,2,2
worldxd,0,1,1
worldy,1,0,1
worldz,1,0,1
worley,1,0,1
worli,1,1,2
worlkd,1,0,1
worlking,1,0,1
worlldd,1,0,1
worllldd,0,1,1
worlllld,1,0,1
worls,0,2,2
worlwide,1,0,1
worm,57,58,115
wormald,0,1,1
wormee,0,1,1
wormfarm,0,1,1
wormhole,1,0,1
wormie,1,1,2
worming,2,0,2
worms,57,33,90
wormss,0,1,1
wormsy,6,1,7
wormtail,1,0,1
wormth,0,1,1
wormwood,0,1,1
wormy,2,2,4
worn,201,124,325
worng,5,1,6
wornn,1,0,1
wornt,2,0,2
worok,1,0,1
worout,1,0,1
worplace,0,1,1
worpress,3,0,3
worr,0,2,2
worra,0,1,1
worral,1,0,1
worray,1,0,1
worred,1,1,2
worrell,1,2,3
worrie,4,2,6
worried,1480,282,1762
worriedd,1,0,1
worrieddd,1,1,2
worriedddd,1,0,1
worriedededed,1,0,1
worries,198,788,986
worriess,1,1,2
worriesss,0,1,1
worriied,1,0,1
worriiiied,1,0,1
worring,4,3,7
worringly,1,0,1
worrior,1,0,1
worriors,1,0,1
worris,0,1,1
worrisome,2,1,3
worrk,9,3,12
worrkinngg,1,0,1
worrkk,3,0,3
worrkkk,1,0,1
worrkkkk,1,0,1
worrld,0,1,1
worrllddd,0,1,1
worrrieddddd,1,0,1
worrrk,4,2,6
worrrkingg,1,0,1
worrrkkk,3,0,3
worrrkkkk,2,0,2
worrrkkkking,1,0,1
worrrldd,1,0,1
worrrllddd,0,1,1
worrrlllddd,0,1,1
worrrrd,2,0,2
worrrried,1,0,1
worrrrk,3,0,3
worrrrrk,1,1,2
worrrrrkkkk,1,0,1
worrrrrrk,3,1,4
worrrrrrkkkk,0,1,1
worrrrrrrkkkk,1,0,1
worrrrrrrrrkkkkkk,1,0,1
worrrrrrrrrrk,1,0,1
worrrrrst,1,0,1
worrrry,0,1,1
worrry,1,0,1
worrsstt,1,0,1
worrth,1,0,1
worry,792,1760,2552
worrybug,1,0,1
worryed,1,1,2
worryi,0,1,1
worryiing,1,0,1
worryin,4,1,5
worrying,222,61,283
worryingly,6,2,8
worryinnn,1,0,1
worryng,2,0,2
worrynow,1,0,1
worrys,0,5,5
worryy,1,2,3
worryyyy,0,1,1
wors,4,2,6
worsa,0,1,1
worsdpress,0,1,1
worse,2297,510,2807
worsed,1,1,2
worsee,2,0,2
worseeeee,0,1,1
worseeeeeeeeee,1,0,1
worsen,6,0,6
worsened,4,0,4
worsening,3,0,3
worsens,2,0,2
worser,8,1,9
worsest,2,0,2
worship,50,203,253
worshiper,1,1,2
worshipers,0,1,1
worshiping,6,6,12
worshipleader,0,1,1
worshipped,0,3,3
worshipper,3,3,6
worshippers,0,1,1
worshipping,0,12,12
worships,1,2,3
worshipwish,1,0,1
worshop,1,0,1
worshops,1,0,1
worsing,1,0,1
worss,0,1,1
worssst,1,1,2
worst,2762,402,3164
worstcasescenario,0,1,1
worste,4,0,4
worster,3,0,3
worstest,1,0,1
worstfeeling,1,0,1
worstforlastminuteevents,1,0,1
worsts,1,0,1
worstt,2,0,2
worstthingsz,1,0,1
worsttt,1,1,2
worstttt,3,0,3
worsttttt,2,0,2
worstwifeever,1,0,1
worsum,1,0,1
wort,3,0,3
worte,0,2,2
worth,1165,1899,3064
wortham,0,1,1
worthed,3,3,6
worthen,1,0,1
worthers,1,0,1
worthess,0,1,1
worthh,1,1,2
worthhh,1,0,1
worthian,0,1,1
worthier,0,1,1
worthies,1,0,1
worthiest,0,1,1
worthing,4,5,9
worthington,8,11,19
worthit,1,0,1
worthless,52,21,73
worthlesses,1,0,1
worthlessness,1,1,2
worthmentioning,0,1,1
worths,2,2,4
worthwhie,1,0,1
worthwhile,21,56,77
worthy,79,148,227
wortley,0,1,1
worx,0,1,1
wory,1,2,3
worying,1,0,1
woryr,0,1,1
worz,1,0,1
wos,8,4,12
woscon,1,0,1
wosdom,1,0,1
wose,1,0,1
wosh,2,0,2
wosie,0,1,1
wosih,1,0,1
wosnt,1,0,1
wosrt,1,0,1
woss,1,3,4
wossacurin,1,0,1
wossy,9,18,27
wossybookclub,4,10,14
wossysbookclub,1,0,1
wost,1,0,1
wot,149,120,269
wotachat,0,1,1
wotaits,0,1,1
wotatinychat,1,0,1
wotc,1,2,3
wotch,1,1,2
wotcha,0,6,6
wotchin,1,1,2
wotchu,0,1,1
wotcin,0,1,1
wotd,1,3,4
wote,0,2,2
woted,0,2,2
woteva,1,4,5
woth,12,11,23
wothout,1,0,1
wotk,2,1,3
wotlk,6,1,7
wotn,1,0,1
wotnews,4,1,5
wotnot,0,1,1
wotrthy,0,1,1
wots,11,6,17
wotsit,3,0,3
wotsits,5,3,8
wotsoever,1,0,1
wott,0,1,1
wotta,1,0,1
wotthe,0,1,1
wotto,1,0,1
wottttt,1,0,1
wotur,1,0,1
wotw,1,0,1
woty,0,1,1
wotya,1,0,1
wou,0,1,1
wouaaaaah,1,0,1
wouah,0,3,3
woub,1,0,1
woud,8,3,11
wouda,0,1,1
woudl,0,4,4
woudln,1,0,1
woudn,1,3,4
woudnt,3,1,4
woudsend,1,0,1
wouh,0,1,1
wouhou,0,1,1
wouhouuuu,0,2,2
wouild,1,1,2
wouk,2,0,2
woukdnt,1,0,1
woukld,1,0,1
woul,5,6,11
woulc,1,0,1
would,15572,14567,30139
woulda,158,59,217
wouldd,2,2,4
wouldda,1,0,1
woulddd,1,2,3
wouldddd,0,1,1
woulde,0,1,1
woulden,2,0,2
wouldent,5,1,6
wouldgo,1,0,1
wouldhave,1,0,1
wouldja,0,2,2
wouldjaaa,0,1,1
wouldl,1,0,1
wouldloveitif,1,0,1
wouldm,0,1,1
wouldn,12,18,30
wouldnlt,0,1,1
wouldnt,442,247,689
wouldntve,2,0,2
wouldnve,1,0,1
wouldraher,1,0,1
woulds,0,2,2
wouldsleep,1,0,1
wouldsuck,1,0,1
wouldv,1,0,1
wouldve,91,34,125
woulf,0,1,1
woulkd,1,2,3
woulld,1,1,2
woullddd,1,0,1
woullddda,1,0,1
wouln,1,0,1
woulnd,2,0,2
woulnt,1,0,1
wouls,1,1,2
woult,0,1,1
woulve,3,0,3
wounable,1,0,1
wound,95,32,127
woundcare,1,0,1
wounded,30,13,43
wounder,5,2,7
wounderful,1,1,2
wounderin,0,1,1
woundering,1,2,3
wounderland,0,1,1
wounding,2,4,6
wounds,39,22,61
wounldnt,0,1,1
wount,6,0,6
wouold,1,1,2
wouououh,0,1,1
woustock,1,0,1
wout,3,0,3
wouter,3,3,6
wouth,1,0,1
wouuld,1,0,1
wouw,0,3,3
wov,1,1,2
wove,0,6,6
woven,3,2,5
woverhampton,1,0,1
wow,4581,6564,11145
wowa,0,2,2
wowaaa,0,1,1
woway,0,1,1
wowcom,0,1,1
wowcow,0,1,1
wowed,3,8,11
wowee,3,4,7
woweeee,0,3,3
wowers,0,1,1
wowfag,0,1,1
wowhead,3,0,3
wowi,0,1,1
wowie,3,5,8
wowiee,0,1,1
wowies,1,1,2
wowiie,0,1,1
wowing,1,2,3
wowinsider,0,2,2
wowisforfagzlols,0,1,1
wowisit,0,1,1
wowness,0,1,1
wowo,0,1,1
wowodc,2,0,2
wowoo,1,0,1
wowow,6,8,14
wowowee,5,9,14
wowoweeeeeee,0,1,1
wowowo,0,1,1
wowowow,2,4,6
wowowowo,1,0,1
wowowowoow,0,1,1
wowowowow,1,0,1
wowowowowow,0,1,1
wowowowowowo,1,0,1
wowowowowowow,0,1,1
wowowowowowowowoowwoowo,0,1,1
wowowowowwoh,0,1,1
wowp,6,14,20
wowroom,1,0,1
wows,1,1,2
wowsa,1,1,2
wowser,2,5,7
wowsers,5,3,8
wowski,0,1,1
wowsometastic,0,1,1
wowsounds,1,0,1
woww,25,31,56
wowwee,0,1,1
wowweeee,1,0,1
wowweewowwow,0,1,1
wowwie,1,0,1
wowwieee,0,1,1
wowwosa,1,0,1
wowwowee,0,1,1
wowwowowwo,0,1,1
wowwp,0,1,1
wowws,0,1,1
wowww,9,12,21
wowwws,0,1,1
wowwww,1,3,4
wowwwww,0,2,2
wowwwwww,0,2,2
wowwwwwww,0,1,1
wowwwwwwwwwww,0,2,2
wowwy,1,1,2
wowwypop,1,0,1
wowy,1,5,6
wowz,1,0,1
wowza,5,8,13
wowzaaaa,0,2,2
wowzas,2,0,2
wowzer,4,5,9
wowzerrr,0,2,2
wowzers,9,15,24
wowzersss,1,0,1
wowzerz,1,1,2
wowzzeerr,1,0,1
wowzzers,0,1,1
woxy,0,2,2
woy,3,0,3
woyld,1,0,1
woz,20,9,29
wozniacki,2,0,2
wozniak,1,3,4
wp,82,100,182
wpa,3,3,6
wpads,0,1,1
wparenthetical,0,1,1
wpb,7,3,10
wpc,1,0,1
wpcontent,1,0,1
wpd,0,1,1
wpdirect,1,0,1
wpe,0,1,1
wpevo,0,1,1
wpf,14,9,23
wpfw,0,1,1
wpg,2,3,5
wpgirls,0,1,1
wpi,2,0,2
wpis,1,0,1
wpitg,1,0,1
wpl,1,0,1
wplj,3,2,5
wpm,8,4,12
wpmu,2,6,8
wpn,2,0,2
wpp,2,2,4
wppi,0,2,2
wprk,2,0,2
wps,2,0,2
wptavern,0,2,2
wptopics,0,1,1
wptouch,0,1,1
wpuld,1,0,1
wput,1,0,1
wpv,0,1,1
wpxi,1,1,2
wq,0,2,2
wqake,1,0,1
wqaking,0,1,1
wqat,0,1,1
wqhat,1,0,1
wqon,1,0,1
wqrm,0,1,1
wqsnt,1,0,1
wqtching,0,1,1
wqyk,0,1,1
wr,16,4,20
wraaapp,0,1,1
wrack,0,1,1
wracked,2,0,2
wrackers,0,1,1
wracking,5,4,9
wraith,2,1,3
wral,2,1,3
wrang,3,0,3
wranger,1,0,1
wrangle,5,2,7
wrangled,1,0,1
wrangler,6,8,14
wranglers,1,1,2
wrangles,0,1,1
wrangling,2,5,7
wrap,174,152,326
wraparound,1,1,2
wraped,0,1,1
wraper,0,1,1
wrapn,0,1,1
wrapp,1,0,1
wrapped,85,120,205
wrapper,9,9,18
wrappers,8,4,12
wrappin,5,0,5
wrapping,38,66,104
wrapppp,0,1,1
wraps,16,37,53
wrapup,0,1,1
wrapz,1,0,1
wrasslin,0,1,1
wrastle,0,2,2
wrath,29,22,51
wray,2,0,2
wrc,1,1,2
wrd,6,5,11
wrds,2,4,6
wre,5,5,10
wreak,4,4,8
wreaked,2,1,3
wreaking,3,2,5
wreaks,2,0,2
wreally,1,0,1
wreastled,1,0,1
wreath,1,1,2
wreaths,1,2,3
wreck,172,45,217
wreckage,19,1,20
wrecke,0,1,1
wrecked,101,29,130
wreckedexotics,1,0,1
wrecker,3,1,4
wreckers,1,3,4
wreckin,1,2,3
wrecking,16,16,32
wreckish,0,1,1
wreckkk,1,0,1
wreckless,3,1,4
wrecklesss,0,1,1
wreckoning,2,0,2
wrecks,18,6,24
wreckwregular,0,1,1
wrecky,1,0,1
wreewww,0,1,1
wrek,1,0,1
wrekin,1,0,1
wrelly,1,0,1
wren,4,3,7
wrench,7,6,13
wrenched,4,0,4
wrenches,2,1,3
wrenching,29,4,33
wrenchingly,2,0,2
wrency,0,1,1
wrens,1,2,3
wrentham,2,0,2
wres,1,0,1
wreslting,1,0,1
wrest,0,1,1
wrester,1,0,1
wresting,1,2,3
wrestle,6,21,27
wrestled,4,5,9
wrestlefest,0,1,1
wrestleing,0,1,1
wrestlemania,3,4,7
wrestler,24,20,44
wrestlers,5,5,10
wrestles,1,0,1
wrestlin,2,2,4
wrestling,71,72,143
wrestlingincvideo,1,0,1
wretch,1,1,2
wretched,15,3,18
wretchedly,2,0,2
wretching,1,1,2
wretle,0,1,1
wretzle,1,0,1
wrexcks,0,1,1
wrexham,0,3,3
wrffff,1,0,1
wrgb,1,0,1
wrh,1,1,2
wrhetspoons,1,0,1
wricked,1,0,1
wrigely,1,0,1
wriggle,0,2,2
wriggler,0,1,1
wrigglyville,0,1,1
wright,31,31,62
wrightalzo,1,0,1
wrighting,1,1,2
wrightoff,1,0,1
wrights,0,2,2
wrightsboro,1,0,1
wrightsville,0,2,2
wrightwood,0,1,1
wrighty,1,1,2
wrigley,11,18,29
wrigleys,1,0,1
wrigleyville,4,1,5
wrigly,1,0,1
wrigs,1,0,1
wrigting,1,0,1
wriiite,0,1,1
wriist,1,0,1
wrill,0,1,1
wring,2,1,3
wringing,1,0,1
wrings,0,1,1
wrinkle,8,5,13
wrinkled,10,9,19
wrinkles,14,21,35
wrinkly,11,5,16
wrinting,0,1,1
wrir,0,1,1
wrist,313,50,363
wristbad,1,0,1
wristband,16,13,29
wristbanded,0,1,1
wristbands,22,6,28
wristcutters,2,3,5
wristlet,4,3,7
wristlets,1,0,1
wristrest,1,0,1
wrists,51,11,62
wristwatch,0,2,2
wrisy,1,0,1
writ,1,3,4
writable,0,1,1
writart,0,1,1
writchat,1,0,1
write,1777,1924,3701
writeable,1,1,2
writeathon,1,0,1
writeback,2,1,3
writeboard,0,1,1
writechat,5,43,48
writeeee,1,0,1
writees,0,1,1
writegoal,1,0,1
writeinink,0,1,1
writen,3,3,6
writepoint,1,0,1
writer,104,207,311
writeress,0,1,1
writeriffic,1,0,1
writerlady,0,1,1
writerluver,0,1,1
writerly,0,3,3
writermode,0,1,1
writers,94,110,204
writersphere,1,0,1
writes,24,73,97
writeup,1,7,8
writeups,3,0,3
writhing,5,1,6
writin,21,26,47
writing,1366,1845,3211
writingmuses,0,3,3
writings,4,12,16
writinz,0,1,1
writn,1,1,2
writng,1,0,1
writning,0,1,1
writrs,0,1,1
writsbands,0,1,1
writte,0,2,2
written,277,349,626
writter,1,2,3
writters,2,1,3
writtin,4,1,5
writting,31,39,70
writtings,1,0,1
writtle,0,1,1
writtn,1,0,1
writtten,0,1,1
wrk,315,92,407
wrkd,4,0,4
wrked,2,0,2
wrkers,0,1,1
wrkg,2,0,2
wrkin,21,3,24
wrking,17,7,24
wrkingg,0,2,2
wrkinq,1,0,1
wrkitdiva,0,1,1
wrkn,8,7,15
wrkng,4,1,5
wrkout,5,2,7
wrkouts,1,2,3
wrks,4,11,15
wrkshp,1,0,1
wrl,1,0,1
wrld,5,3,8
wrlds,0,1,1
wrldwzrd,0,1,1
wrll,1,0,1
wrmusicreview,0,1,1
wrn,2,0,2
wrnb,0,1,1
wrndsday,1,0,1
wrnet,1,0,1
wrng,9,3,12
wrocilem,1,0,1
wrock,2,4,6
wrocking,0,1,1
wrockstock,1,0,1
wrockumentary,0,1,1
wroclaw,1,1,2
wrods,1,1,2
wrog,1,0,1
wrogn,1,0,1
wroh,1,0,1
wroing,0,1,1
wrok,4,1,5
wroke,1,0,1
wroked,3,0,3
wrokin,1,0,1
wroks,0,1,1
wrold,1,1,2
wrole,0,1,1
wron,1,1,2
wronf,1,0,1
wrong,4827,1842,6669
wrongagain,0,1,1
wrongdoings,1,0,1
wronge,2,0,2
wronged,2,1,3
wrongee,1,0,1
wrongful,1,0,1
wrongfully,4,0,4
wrongg,12,1,13
wronggg,7,3,10
wrongggg,9,1,10
wronggggg,0,1,1
wrongggggg,1,0,1
wrongly,18,4,22
wrongometer,1,0,1
wrongs,3,8,11
wrongtrousers,0,1,1
wrongworddammit,1,0,1
wronngggg,1,0,1
wronnngggg,1,0,1
wronnnng,1,0,1
wronq,3,0,3
wront,1,0,1
wroong,1,0,1
wrooong,1,0,1
wroooong,3,1,4
wroooooongggg,0,1,1
wrose,2,0,2
wrost,5,1,6
wrot,1,1,2
wrote,480,738,1218
wrotee,1,0,1
wroteeee,0,1,1
wrotei,0,1,1
wrothless,1,0,1
wroting,1,0,1
wrotong,1,0,1
wrought,0,1,1
wroung,1,0,1
wroungg,1,0,1
wrox,0,1,1
wrr,1,0,1
wrried,1,0,1
wrriting,0,1,1
wrrk,1,0,1
wrrkk,1,0,1
wrrnty,1,0,1
wrroonng,0,1,1
wrrr,1,0,1
wrrreck,1,0,1
wrrrrr,1,0,1
wrry,2,1,3
wrs,1,0,1
wrst,2,0,2
wrt,4,6,10
wrte,1,1,2
wrth,1,2,3
wrtie,0,1,1
wrtiers,0,1,1
wrting,0,4,4
wrtitten,0,1,1
wrtong,1,0,1
wrtting,1,0,1
wrttingreli,1,0,1
wrtx,0,1,1
wrung,1,1,2
wrus,0,1,1
wrute,0,1,1
wrwd,0,1,1
wrx,10,2,12
wry,6,5,11
wryt,1,0,1
wryxian,0,1,1
wryyyyyyyyyyyyy,1,0,1
ws,61,39,100
wsa,1,0,1
wsb,2,2,4
wsbk,2,2,4
wsc,0,1,1
wschi,1,1,2
wsdl,1,0,1
wse,1,0,1
wset,1,2,3
wsgs,1,0,1
wsh,6,2,8
wshed,1,0,1
wshh,0,1,1
wshing,2,0,2
wshongton,1,0,1
wshops,1,0,1
wsi,1,0,1
wsis,0,2,2
wsit,0,1,1
wsiyh,0,1,1
wsj,7,7,14
wsn,1,1,2
wsna,0,1,1
wsnt,5,2,7
wso,0,1,1
wsoat,1,0,1
wsoc,0,1,1
wsod,0,1,1
wsop,40,24,64
wsoplive,1,0,1
wsos,0,1,1
wsox,2,0,2
wsp,1,1,2
wspa,1,4,5
wsprnet,1,0,1
wss,4,8,12
wssp,0,2,2
wssu,0,1,1
wssup,1,1,2
wst,3,1,4
wstch,1,0,1
wstchin,0,1,1
wste,1,0,1
wstm,0,1,1
wstplm,0,1,1
wsu,4,1,5
wsum,0,1,1
wsup,2,6,8
wsupp,0,2,2
wsupppp,0,1,1
wsus,1,1,2
wsuuuuup,0,1,1
wsvn,1,0,1
wswd,1,0,1
wsx,0,1,1
wsyx,0,1,1
wsz,2,0,2
wt,74,29,103
wta,5,1,6
wtach,1,0,1
wtached,1,0,1
wtaching,1,6,7
wtaf,2,0,2
wtahced,0,1,1
wtal,0,1,1
wtason,1,0,1
wtb,16,3,19
wtc,7,4,11
wtcc,3,6,9
wtch,6,5,11
wtcha,0,1,1
wtchin,5,3,8
wtching,8,4,12
wtchn,2,2,4
wtchng,2,1,3
wtci,1,0,1
wtd,2,0,2
wte,0,1,1
wteet,0,1,1
wteff,1,0,1
wter,1,0,1
wtext,0,1,1
wtf,2219,491,2710
wtfack,1,0,1
wtfackk,1,0,1
wtfaigdwmeaml,1,0,1
wtfail,1,0,1
wtfalafil,0,1,1
wtfami,1,0,1
wtfbbq,1,2,3
wtfck,1,0,1
wtfdaisy,0,1,1
wtfdjflasjfl,1,0,1
wtfery,1,0,1
wtfever,2,0,2
wtff,19,4,23
wtfff,23,2,25
wtffff,13,1,14
wtffffever,0,1,1
wtfffff,2,0,2
wtffffff,8,0,8
wtfffffff,0,1,1
wtffffffff,3,0,3
wtfffffffff,2,0,2
wtfffffffffff,1,1,2
wtfffffffffffffffffff,1,0,1
wtfguptaa,1,0,1
wtfh,1,0,1
wtfigo,0,1,1
wtfing,1,1,2
wtfiswrongwiththiskid,0,1,1
wtflol,0,2,2
wtfomfg,1,0,1
wtfpl,0,1,1
wtfpolarbear,1,0,1
wtfreakk,0,1,1
wtfrick,1,0,1
wtfs,1,1,2
wtfuck,3,2,5
wtfuckkk,1,0,1
wtfuckkkk,1,0,1
wtfudge,1,0,1
wtfx,2,0,2
wtg,4,23,27
wth,301,120,421
wthck,1,0,1
wthdrawal,0,1,1
wtheck,7,3,10
wtheckkk,1,0,1
wthell,4,1,5
wtheo,1,0,1
wthhhh,1,0,1
wthhhhhh,1,0,1
wthin,0,1,1
wthout,2,0,2
wthr,1,2,3
wtich,1,0,1
wtih,9,4,13
wtihout,1,0,1
wtk,12,16,28
wtks,0,1,1
wtl,0,1,1
wtlf,1,0,1
wtmd,0,1,1
wtmfh,1,0,1
wtmx,1,0,1
wtn,1,1,2
wtng,1,0,1
wto,0,1,1
wton,0,1,1
wtools,0,1,1
wtp,1,0,1
wtr,1,2,3
wtrblln,1,0,1
wts,10,5,15
wtso,0,1,1
wtt,1,0,1
wttalk,0,1,1
wttbp,2,0,2
wttc,0,1,1
wttg,0,1,1
wttt,1,0,1
wtttf,0,1,1
wtttfffffffff,1,0,1
wttttf,0,1,1
wttu,1,0,1
wttube,1,0,1
wttup,1,0,1
wtv,2,2,4
wtvm,0,1,1
wtvr,0,1,1
wtvs,0,1,1
wtyrf,0,1,1
wu,10,31,41
wua,2,0,2
wuaaaa,1,0,1
wuaaah,0,1,1
wuaaahhhhhh,1,0,1
wuah,0,1,1
wuahaha,0,2,2
wuahahaha,0,1,1
wuahahahah,0,1,1
wuahahahahahaha,0,1,1
wuahh,0,2,2
wuahoo,0,1,1
wuao,0,1,1
wuau,0,1,1
wub,12,9,21
wubb,0,1,1
wubba,2,0,2
wubbanub,0,1,1
wubbing,0,1,1
wubby,1,1,2
wubbzy,1,2,3
wubi,2,1,3
wubs,0,1,1
wubsy,0,2,2
wubu,4,5,9
wubzy,2,1,3
wuch,0,1,1
wuchu,0,1,1
wucky,0,1,1
wucy,0,1,1
wud,214,181,395
wuda,5,1,6
wudang,0,2,2
wudd,0,3,3
wudda,5,2,7
wuddduppp,0,1,1
wuddly,1,0,1
wuddub,0,1,1
wuddup,2,6,8
wuddya,0,1,1
wude,0,1,1
wudever,1,0,1
wudgeeee,0,1,1
wudhu,1,0,1
wudn,7,3,10
wudnot,1,0,1
wudnt,22,15,37
wudve,2,2,4
wudy,1,0,1
wuensch,0,1,1
wuerselen,1,0,1
wuerstlein,0,1,1
wuerzburg,1,0,1
wuf,2,0,2
wuff,2,4,6
wug,1,0,1
wuggies,0,1,1
wugglebee,1,0,1
wuggly,1,0,1
wugibugi,0,1,1
wugslove,0,1,1
wuh,3,2,5
wuhaaa,1,0,1
wuhahaha,1,0,1
wuhahahahaha,0,1,1
wuhan,2,1,3
wuhdhfughdudhughud,1,0,1
wuhh,0,2,2
wuhhaa,0,1,1
wuhhh,0,1,1
wuhhsup,0,1,1
wuhihihi,0,1,1
wuhoo,1,3,4
wuhooo,0,2,2
wuhooooo,0,2,2
wuhoooooooo,0,1,1
wuhooozzzaaa,0,1,1
wuhs,0,1,1
wuht,1,0,1
wuhtuhfuh,0,1,1
wuhu,1,14,15
wuhuhuuhuhuhu,1,0,1
wuhuu,3,4,7
wuhuuu,0,4,4
wuhuuuu,0,3,3
wuhuuuuu,0,1,1
wuhuuw,0,1,1
wuhzzup,1,0,1
wui,0,1,1
wuickly,1,0,1
wuii,0,4,4
wuiiiihh,1,0,1
wuiiiiiih,1,0,1
wuin,0,1,1
wuis,0,1,1
wuit,1,0,1
wuite,1,0,1
wuju,0,2,2
wujuuuuu,0,1,1
wujuuuuuu,0,1,1
wuk,2,1,3
wukd,0,1,1
wuki,0,1,1
wul,0,1,1
wuld,36,26,62
wulda,2,3,5
wuldnt,5,2,7
wuldt,0,1,1
wulf,1,1,2
wulffmorgenthaler,0,1,1
wulfie,0,1,1
wull,1,0,1
wullah,0,1,1
wultz,1,0,1
wuman,1,0,1
wummin,1,1,2
wummy,2,0,2
wump,2,0,2
wumpkin,0,1,1
wun,4,5,9
wunchy,0,1,1
wunda,1,0,1
wunddaaaa,1,0,1
wunder,1,1,2
wunderbar,1,0,1
wunderfu,0,1,1
wunderful,1,1,2
wunderin,1,0,1
wundering,1,2,3
wunderkind,1,0,1
wunderland,1,0,1
wunderradio,1,3,4
wunders,1,0,1
wundersch,0,1,1
wundervoll,1,0,1
wundrfl,0,1,1
wunfwair,0,1,1
wung,0,1,1
wunna,3,2,5
wunnerful,0,1,1
wuns,1,0,1
wunss,1,0,1
wunt,0,2,2
wuold,0,1,1
wuooohhhh,0,1,1
wuould,1,0,1
wup,1,2,3
wuper,1,0,1
wupiiii,0,1,1
wupp,0,1,1
wuppertal,0,2,2
wuppie,0,1,1
wupps,1,0,1
wur,1,2,3
wurde,1,0,1
wurditude,1,0,1
wurk,6,4,10
wurkin,1,0,1
wurks,1,0,1
wurlies,0,1,1
wurly,1,2,3
wurn,4,0,4
wurnos,0,1,1
wurr,1,0,1
wurree,1,0,1
wurrrlddddd,0,1,1
wurth,0,1,1
wuruk,1,0,1
wurwolf,0,1,1
wurzbach,1,0,1
wurzel,0,2,2
wurzels,0,2,2
wus,12,8,20
wusa,1,0,1
wusb,1,0,1
wushes,1,0,1
wushu,0,3,3
wusnt,0,1,1
wusp,0,1,1
wuss,28,15,43
wussed,1,1,2
wusses,2,2,4
wussgood,0,1,1
wussgooodd,0,1,1
wussies,1,0,1
wusssssssssup,0,1,1
wussssup,0,1,1
wusssup,0,1,1
wussu,1,0,1
wussup,8,20,28
wussupp,1,0,1
wussuppp,0,1,1
wussupwitdat,1,0,1
wussy,0,4,4
wustefest,0,1,1
wusup,1,1,2
wusus,0,1,1
wusz,0,1,1
wut,163,91,254
wutang,2,3,5
wutcahduin,1,0,1
wutcha,1,3,4
wutda,0,1,1
wuteva,1,1,2
wutever,2,3,5
wutevr,0,1,1
wuth,2,3,5
wuthering,3,4,7
wutitdew,1,0,1
wutr,1,0,1
wuts,19,20,39
wutsupppppp,0,1,1
wutt,1,1,2
wutta,0,1,1
wuttt,1,0,1
wutup,0,1,1
wutuptho,1,0,1
wutz,1,3,4
wuu,13,27,40
wuuddduupppp,0,1,1
wuueh,0,1,1
wuuhaa,1,0,1
wuuhu,0,1,1
wuuhuuu,0,2,2
wuuiii,1,0,1
wuuju,0,1,1
wuup,1,2,3
wuut,2,0,2
wuuth,0,1,1
wuuu,1,2,3
wuuuh,1,0,1
wuuujuuuu,0,1,1
wuuurk,0,1,1
wuuut,0,1,1
wuuuu,0,2,2
wuuuuh,0,2,2
wuuuuhooooooo,0,1,1
wuuuuhuu,1,0,1
wuuuuhuuuu,0,1,1
wuuuussshhh,0,1,1
wuuuut,2,0,2
wuuuuuaaaaah,0,1,1
wuuuuut,1,0,1
wuuuuuu,0,1,1
wuuuuuujjjjjjuuuuuuuu,0,1,1
wuuuuuurd,0,1,1
wuuuuuuuhu,0,1,1
wuuuuuv,0,1,1
wuuuuv,1,1,2
wuuuuww,0,1,1
wuuuvs,1,0,1
wuv,15,50,65
wuvly,0,1,1
wuvs,1,7,8
wuvss,0,1,1
wuvv,2,1,3
wuvvey,0,1,1
wuvvv,1,4,5
wuvvvvvvvvvvvv,0,1,1
wuvvy,1,0,1
wuvyou,0,1,1
wuvz,1,2,3
wuw,0,1,1
wuwly,0,1,1
wuwu,1,1,2
wuxi,0,1,1
wuxia,0,1,1
wuz,76,63,139
wuznt,4,2,6
wuzup,1,3,4
wuzuppp,0,1,1
wuzz,2,0,2
wuzzie,1,0,1
wuzzle,1,0,1
wuzzo,0,1,1
wuzzpoppington,0,1,1
wuzzup,4,5,9
wuzzy,1,4,5
wuzzz,1,0,1
wv,24,18,42
wvaq,1,0,1
wvbr,2,0,2
wvdial,1,0,1
wve,0,1,1
wven,1,1,2
wverytime,1,0,1
wvfn,1,4,5
wvs,0,1,1
wvu,3,1,4
wvwc,0,1,1
ww,34,46,80
wwa,3,1,4
wwaaa,1,0,1
wwaaaaaaaaaaaaaaaaaaaaaaaaaaaaahhhhhhhhhhh,1,0,1
wwaaaaaaaaaahhh,1,0,1
wwaaaaaaaaahhhhh,1,0,1
wwaaaayyyy,0,1,1
wwaaannttt,1,0,1
wwaaayyy,2,0,2
wwaah,1,0,1
wwaanntt,1,0,1
wwaayy,1,0,1
wwant,1,1,2
wwants,1,0,1
wwatchin,0,1,1
wway,1,0,1
wwb,1,1,2
wwc,1,0,1
wwd,1,1,2
wwdbgoe,0,2,2
wwdc,84,165,249
wwdcs,1,0,1
wwdwwo,1,0,1
wwe,62,65,127
wwearn,0,1,1
wweathher,1,0,1
wwecd,1,0,1
wwee,0,1,1
wweeeeeee,0,1,1
wweeeeeeeeeeeee,0,1,1
wweeeeooo,0,1,1
wweek,0,1,1
wweessttt,0,1,1
wwefever,0,1,1
wwekend,1,0,1
wweks,1,0,1
wwell,1,1,2
wwen,0,1,1
wwers,1,1,2
wweshop,1,0,1
wwf,9,10,19
wwfh,0,1,1
wwfm,1,0,1
wwg,0,1,1
wwhat,1,1,2
wwhen,0,1,1
wwhere,1,0,1
wwhhaatt,0,1,1
wwhhhee,1,0,1
wwhhheee,1,0,1
wwhhheeeeeee,0,1,1
wwhhhhaattt,1,0,1
wwhhhoooaaaaa,0,1,1
wwhhyyyy,1,0,1
wwhllyar,0,1,1
wwhoa,0,1,1
wwhooa,0,1,1
wwhoooaaaa,0,1,1
wwhy,1,0,1
wwi,4,2,6
wwighted,0,1,1
wwii,11,7,18
wwiii,3,12,15
wwish,3,0,3
wwit,1,0,1
wwj,1,0,1
wwjbd,1,0,1
wwjce,0,1,1
wwjd,1,3,4
wwlbd,0,1,1
wwll,1,1,2
wwntworth,1,0,1
wwod,0,1,1
wwooo,0,1,1
wwooohh,1,0,1
wwooohooo,0,1,1
wwoooo,3,3,6
wwoooohhhoooo,1,0,1
wwoooooa,0,1,1
wwooooohhooooo,0,1,1
wwooooww,1,0,1
wwoooww,0,1,1
wwooowww,0,1,1
wwoops,1,0,1
wwoorrdd,1,0,1
wwoot,1,0,1
wwop,1,1,2
wwork,1,1,2
wwouuhuuuu,0,1,1
wwowowowo,1,0,1
wwoz,0,1,1
wwpasta,1,0,1
wwpc,0,1,1
wwphilly,2,0,2
wwr,0,4,4
wwry,1,1,2
wws,0,1,1
wwsip,0,1,1
wwta,1,0,1
wwthreee,1,0,1
wwtortillas,1,0,1
wwtttffff,1,0,1
wwu,1,0,1
www,11,52,63
wwwaaahhhh,0,1,1
wwwh,0,1,1
wwwhhaaat,1,0,1
wwwooo,0,1,1
wwwoooohoooo,0,1,1
wwwooooo,0,1,1
wwwoowwww,1,0,1
wwwt,0,1,1
wwwwahhh,1,1,2
wwwwooooww,0,2,2
wwwwweeeeeeeeeeeeeeekkkkkeeeennnndddd,1,0,1
wwwwwhat,1,0,1
wwwwwhhhhhhhhhyyyyyyyyy,1,0,1
wwyd,1,0,1
wwz,1,1,2
wx,11,4,15
wxam,1,0,1
wxc,1,1,2
wxhaskell,1,0,1
wxnp,0,1,1
wxrq,0,1,1
wxruby,1,0,1
wy,13,10,23
wya,1,1,2
wyandotte,0,1,1
wyatt,7,18,25
wyatts,1,2,3
wyattt,0,1,1
wybe,2,0,2
wyboro,1,0,1
wyborowa,1,0,1
wyc,1,0,1
wychwood,1,3,4
wyck,1,0,1
wyclef,1,5,6
wycleft,0,1,1
wycliff,1,0,1
wycliffeuk,0,1,1
wycombe,7,2,9
wyd,4,4,8
wydd,0,1,1
wydham,0,1,1
wye,3,2,5
wyeth,1,0,1
wyf,1,0,1
wygiwyg,0,1,1
wyjechac,1,0,1
wyko,0,1,1
wyl,1,5,6
wyland,0,1,1
wylde,0,2,2
wylder,0,1,1
wyldlife,2,0,2
wyle,1,0,1
wylie,2,2,4
wylin,1,0,1
wylmite,1,1,2
wyman,0,1,1
wymeswold,1,0,1
wymn,2,0,2
wymondham,0,1,1
wymt,0,1,1
wyn,1,5,6
wynad,0,1,1
wyndham,0,1,1
wynk,0,1,1
wynn,4,7,11
wynne,2,1,3
wynnewood,0,1,1
wynnie,0,1,1
wynns,1,0,1
wynnum,0,1,1
wyns,2,0,2
wynter,2,4,6
wynton,0,2,2
wynwood,1,0,1
wynyard,1,1,2
wyoming,17,9,26
wyomming,1,0,1
wyonna,0,1,1
wyotech,1,0,1
wyrd,1,1,2
wyrdo,0,1,1
wyrmpriest,1,0,1
wyse,0,1,1
wysiwyg,1,1,2
wysong,1,0,1
wyt,0,1,1
wythenshawe,0,1,1
wytheville,0,1,1
wythville,1,1,2
wyummy,0,1,1
wyvale,1,0,1
wyvern,0,1,1
wywh,2,0,2
wyzlic,1,0,1
wz,15,12,27
wzak,1,0,1
wzap,1,0,1
wzersz,1,0,1
wzor,1,1,2
wzup,1,3,4
wzzk,1,0,1
wzzmypantz,0,1,1
wzzup,1,1,2
wzzzzzzzzzup,1,0,1
xa,8,19,27
xaa,1,1,2
xaaaaaaaav,1,0,1
xabi,9,2,11
xac,1,1,2
xact,1,0,1
xacti,0,2,2
xactly,1,4,5
xacto,1,0,1
xaden,1,0,1
xagruian,1,0,1
xai,1,3,4
xakia,0,1,1
xaldin,1,0,1
xalos,0,1,1
xam,7,7,14
xamanda,0,1,1
xaml,2,1,3
xample,0,1,1
xampp,3,3,6
xams,10,0,10
xan,3,8,11
xanadu,1,4,5
xanal,1,0,1
xanax,14,9,23
xandaxs,1,0,1
xander,17,6,23
xandy,0,1,1
xang,1,0,1
xanga,8,8,16
xani,0,1,1
xanny,0,1,1
xanten,0,2,2
xanthe,0,1,1
xantia,0,2,2
xanxux,0,1,1
xao,1,0,1
xapx,1,0,1
xara,1,0,1
xargs,1,0,1
xat,0,1,1
xatching,1,0,1
xauuu,0,1,1
xauziin,0,1,1
xaver,2,0,2
xavi,3,1,4
xavie,0,1,1
xavier,15,14,29
xaviera,0,1,1
xavierian,2,0,2
xaviermedia,0,5,5
xaviers,1,0,1
xax,1,0,1
xaxax,0,1,1
xaxaxa,0,1,1
xaya,0,1,1
xb,3,3,6
xbaaawksern,1,0,1
xbaby,1,0,1
xbawks,1,0,1
xbeats,2,0,2
xbee,0,1,1
xbellalambxgo,0,1,1
xbench,2,0,2
xbenchyx,1,0,1
xberg,1,0,1
xbf,0,1,1
xbgs,1,0,1
xbiz,2,0,2
xbl,53,14,67
xbla,9,11,20
xblm,1,0,1
xbln,0,1,1
xblox,1,0,1
xbm,0,2,2
xbmc,5,1,6
xbob,1,0,1
xbobx,1,0,1
xbow,1,1,2
xbox,775,409,1184
xboxca,0,1,1
xboxe,47,62,109
xboxerin,0,1,1
xboxers,0,1,1
xboxes,1,1,2
xboxing,0,1,1
xboxlive,8,6,14
xboxmafiya,1,0,1
xboxs,0,2,2
xboxtweet,2,0,2
xbxe,0,1,1
xc,10,9,19
xcable,2,0,2
xcache,0,2,2
xcadaverx,1,0,1
xcaitlynxleighx,1,0,1
xcake,1,0,1
xcals,1,0,1
xcan,1,0,1
xcant,1,0,1
xcaret,1,0,1
xcaroxx,1,0,1
xceeded,0,1,1
xcel,0,1,1
xcellent,1,0,1
xcelllent,1,0,1
xcenturionz,1,0,1
xcept,8,7,15
xcerpt,0,1,1
xcerts,0,1,1
xcess,0,1,1
xchange,3,3,6
xchanged,0,2,2
xchat,1,0,1
xcite,0,1,1
xcited,8,21,29
xciteed,1,0,1
xcitement,1,0,1
xciting,3,3,6
xcitng,1,0,1
xclax,1,0,1
xclnt,0,1,1
xclusive,2,0,2
xcms,1,0,1
xcn,0,1,1
xcode,17,9,26
xcodebuild,1,0,1
xcodeproj,0,1,1
xconn,0,1,1
xcookage,0,1,1
xcore,0,1,1
xcountry,1,1,2
xcreativexsoulx,1,0,1
xcritic,0,1,1
xctd,1,0,1
xcupcakezxx,0,1,1
xcuse,1,1,2
xcuses,0,1,1
xcx,1,0,1
xcytd,1,0,1
xd,1419,2595,4014
xda,4,0,4
xdancer,0,1,1
xdcam,0,1,1
xdcmp,1,0,1
xdd,35,99,134
xddd,8,27,35
xdddd,6,6,12
xddddd,1,2,3
xdddddd,1,0,1
xddddddddd,0,1,1
xdddddddddd,0,1,1
xdddddddddddd,1,0,1
xddhahaaa,0,1,1
xde,5,0,5
xdemi,1,1,2
xdendeoh,1,0,1
xdhdjsjcnfjirj,1,0,1
xdihave,0,1,1
xdilligafx,1,0,1
xdisneyfan,0,1,1
xdlol,0,1,1
xdoclet,0,1,1
xdonata,1,0,1
xdouble,0,1,1
xdpt,2,0,2
xdtwitter,1,0,1
xdump,0,1,1
xdv,1,1,2
xdvds,1,0,1
xdxd,0,5,5
xdxdxd,3,4,7
xdxdxdxxdxdxxxdxxxdxd,0,1,1
xe,5,9,14
xeco,0,1,1
xed,1,0,1
xee,0,1,1
xeirah,0,1,1
xela,0,1,1
xelent,0,1,1
xelroth,1,0,1
xem,8,14,22
xemoxloserx,1,0,1
xempre,1,1,2
xen,9,3,12
xena,7,9,16
xenconsoled,1,0,1
xene,1,0,1
xenergy,1,0,1
xeneurope,1,0,1
xeng,1,0,1
xenia,0,2,2
xeniesha,1,0,1
xeno,2,1,3
xenocide,1,0,1
xenon,7,8,15
xenophobia,0,1,1
xenophobic,1,0,1
xenos,0,1,1
xenosaga,1,0,1
xenosociology,0,1,1
xenotransplant,1,0,1
xenserver,1,0,1
xenservers,1,0,1
xeo,0,2,2
xeon,2,0,2
xep,1,0,1
xeph,1,0,1
xept,2,1,3
xerath,0,2,2
xerces,0,2,2
xero,5,1,6
xerox,1,1,2
xerxes,0,1,1
xes,1,0,1
xet,1,0,1
xetha,0,1,1
xetitooooooooo,0,1,1
xf,0,2,2
xfactor,11,10,21
xfactorrss,0,1,1
xfactors,1,0,1
xfans,1,0,1
xfce,1,0,1
xfer,1,0,1
xferred,0,1,1
xfiles,5,4,9
xfire,3,5,8
xfissss,1,0,1
xflywithme,1,0,1
xfm,3,6,9
xfrs,1,0,1
xfx,2,0,2
xg,1,0,1
xgames,1,0,1
xgoogle,0,1,1
xgraceannx,1,0,1
xgt,0,1,1
xh,1,0,1
xha,1,0,1
xhaustd,1,0,1
xhausted,0,2,2
xhclr,0,1,1
xheck,0,1,1
xhez,0,1,1
xhoes,0,1,1
xhosa,1,1,2
xhtml,8,14,22
xhtmlrenderer,1,0,1
xhugs,0,1,1
xhusbands,1,0,1
xi,14,12,26
xia,0,3,3
xiamen,1,0,1
xian,1,2,3
xiane,0,1,1
xiang,3,5,8
xiangyang,0,1,1
xiao,4,4,8
xiaocui,1,0,1
xiaohong,0,1,1
xiaolongbao,1,0,1
xiaomantous,0,1,1
xiaorene,0,1,1
xiaos,0,1,1
xiaoyi,0,1,1
xiaoyilicious,0,1,1
xiaozhu,1,0,1
xiatian,1,0,1
xiaxue,1,3,4
xicating,2,0,2
xico,5,16,21
xicoooo,0,1,1
xicted,0,1,1
xicw,0,1,1
xie,1,4,5
xiempre,0,1,1
xiet,1,0,1
xig,0,1,1
xii,2,4,6
xiii,8,10,18
xiiu,0,1,1
xika,0,1,1
xim,0,1,1
xima,1,1,2
xime,0,1,1
ximena,0,1,1
ximenez,0,1,1
ximo,3,0,3
xin,2,4,6
xina,1,1,2
xindi,1,0,1
xiner,1,0,1
xinfinity,1,1,2
xing,2,5,7
xinh,0,5,5
xinifnity,1,0,1
xinit,0,1,1
xinjiang,0,1,1
xinming,0,1,1
xintercepts,1,0,1
xintiandi,0,1,1
xinwei,0,1,1
xinwen,0,1,1
xio,1,0,1
xion,0,2,2
xional,1,0,1
xiong,0,4,4
xiongdi,0,2,2
xionisei,0,1,1
xious,1,0,1
xirrus,0,1,1
xisha,0,1,1
xissyx,1,0,1
xitd,0,1,1
xited,1,0,1
xith,0,1,1
xitlalic,1,0,1
xito,0,1,1
xitypedformilesx,0,1,1
xiv,2,5,7
xix,0,1,1
xixi,0,2,2
xixixi,0,1,1
xj,2,1,3
xjb,1,0,1
xje,1,0,1
xjenzombiee,0,1,1
xjk,0,1,1
xjoeyx,0,2,2
xjosephadamswifiie,0,1,1
xjosex,1,0,1
xjournal,1,0,1
xk,4,2,6
xkatelynmoshx,0,1,1
xkcd,9,19,28
xkellyxcrazyx,0,1,1
xkeys,0,1,1
xkhaotik,1,0,1
xkirkx,1,0,1
xkx,1,0,1
xkylex,0,1,1
xl,34,19,53
xlate,1,0,1
xlb,1,0,1
xlc,0,1,1
xld,2,0,2
xldb,1,0,1
xlesseyx,1,0,1
xlet,1,0,1
xlex,0,1,1
xley,1,0,1
xlhit,1,0,1
xliii,0,1,1
xlive,1,0,1
xll,0,3,3
xlnation,0,1,1
xlnt,1,2,3
xlo,0,1,1
xloot,1,0,1
xlout,0,1,1
xlove,1,1,2
xlr,1,3,4
xls,0,1,1
xlt,0,1,1
xm,30,29,59
xman,1,0,1
xmariahx,0,1,1
xmarks,3,1,4
xmas,74,79,153
xmasquerade,1,0,1
xmastime,1,0,1
xmen,27,52,79
xmening,0,1,1
xmenorigins,2,0,2
xmiler,1,0,1
xmind,0,3,3
xmiss,2,0,2
xmission,1,0,1
xml,45,30,75
xmla,1,0,1
xmlbeans,1,0,1
xmldom,1,0,1
xmlhttp,1,0,1
xmlrpc,1,1,2
xmls,0,1,1
xmms,1,1,2
xmnavtraffic,1,0,1
xmobar,0,1,1
xmonad,1,1,2
xmp,1,0,1
xmpie,1,0,1
xmpp,7,8,15
xmpre,0,1,1
xmradio,0,1,1
xmsirius,0,1,1
xmuah,1,0,1
xmusicxisxlifexx,1,0,1
xmvssf,0,1,1
xmx,0,2,2
xn,0,2,2
xna,5,9,14
xneverbackdownx,1,0,1
xnickx,0,1,1
xnoizz,0,1,1
xnox,1,0,1
xnview,1,0,1
xnxsxx,0,2,2
xo,432,869,1301
xoa,1,0,1
xoadrianne,1,0,1
xobeautifulmess,0,1,1
xobni,3,0,3
xocai,0,1,1
xocazza,1,0,1
xoco,0,1,1
xocolat,1,0,1
xocolate,0,1,1
xofkyaxo,0,1,1
xoftspyse,1,0,1
xog,2,0,2
xojordieox,0,1,1
xokel,1,1,2
xokimberlyyannn,0,1,1
xokr,0,2,2
xokristenlove,1,0,1
xokristinaxo,1,0,1
xolauren,1,0,1
xoluciousbabezxo,0,1,1
xom,0,1,1
xomercedesmorganxo,0,1,1
xomimi,0,1,1
xommercial,0,1,1
xong,21,11,32
xonix,0,1,1
xoo,1,3,4
xool,1,0,1
xoom,1,0,1
xooo,1,4,5
xoooo,1,0,1
xoox,3,11,14
xooxo,2,0,2
xooxoxox,0,1,1
xooxoxoxox,1,0,1
xooxx,0,1,1
xooxxo,0,1,1
xoponex,1,0,1
xops,0,1,1
xor,1,0,1
xorg,4,1,5
xotina,0,1,1
xotwugsxo,1,0,1
xould,1,0,1
xover,0,2,2
xovers,0,1,1
xox,110,236,346
xoxcyberscampxox,0,2,2
xoxi,0,1,1
xoxo,621,1500,2121
xoxokayxoxo,1,0,1
xoxomargx,0,1,1
xoxomilliexoxo,1,0,1
xoxoniley,1,0,1
xoxonina,1,0,1
xoxoniteee,0,1,1
xoxoo,0,3,3
xoxooo,1,0,1
xoxoooxxooxoxoxoxooxoxooxoxoxoxoxxoxox,0,1,1
xoxoox,1,2,3
xoxooxoxox,1,0,1
xoxooxoz,1,0,1
xoxopetra,0,2,2
xoxosee,1,0,1
xoxot,0,1,1
xoxox,74,151,225
xoxoxo,45,138,183
xoxoxooxo,0,2,2
xoxoxooxoxox,1,0,1
xoxoxox,8,28,36
xoxoxoxo,10,32,42
xoxoxoxooxo,0,1,1
xoxoxoxooxoxoo,0,1,1
xoxoxoxox,0,6,6
xoxoxoxoxo,6,8,14
xoxoxoxoxooxoxoxoxxo,1,0,1
xoxoxoxoxox,1,3,4
xoxoxoxoxoxo,2,3,5
xoxoxoxoxoxoxo,0,5,5
xoxoxoxoxoxoxox,1,1,2
xoxoxoxoxoxoxoxo,0,1,1
xoxoxoxoxoxoxoxoxoxo,1,0,1
xoxoxoxoxoxoxoxoxoxoxo,0,1,1
xoxoxoxoxoxoxoxoxoxoxoxo,1,0,1
xoxoxoxoxoxoxoxoxoxoxoxoxoxoxoxoxoxoxoxoxoxoxoxoxoxoxoxoxoxoxoxo,1,0,1
xoxoxoxoxoxxoxox,1,0,1
xoxoxoxx,1,0,1
xoxoxoxxo,0,1,1
xoxoxoxxoooxoo,0,1,1
xoxoxx,2,0,2
xoxoxxoo,0,1,1
xoxoxxooxox,0,1,1
xoxoxxoxo,0,1,1
xoxoxxoxox,0,2,2
xoxoxxx,1,2,3
xoxoxxxoo,0,1,1
xoxs,0,1,1
xoxx,2,6,8
xoxxoo,1,0,1
xoxxoxoxoxxoxoxoxo,0,1,1
xoxxx,0,2,2
xoxxxxx,0,1,1
xp,223,188,411
xpa,0,2,2
xpac,1,0,1
xpacs,0,1,1
xpages,1,0,1
xpat,1,0,1
xpath,1,0,1
xpc,1,0,1
xpdr,1,0,1
xpe,0,1,1
xpecially,1,0,1
xpect,1,4,5
xpectations,1,0,1
xpectd,0,1,1
xpectin,1,0,1
xpedx,0,1,1
xpenses,0,1,1
xpensive,4,1,5
xperia,7,5,12
xperience,2,0,2
xperiment,1,0,1
xperimenting,0,1,1
xpers,2,0,2
xpert,0,1,1
xpg,0,1,1
xphiler,1,0,1
xplain,1,2,3
xplaind,1,0,1
xplainin,1,0,1
xplaining,0,1,1
xplains,1,1,2
xplay,0,1,1
xpln,1,0,1
xplode,1,1,2
xploding,0,1,1
xplosion,0,1,1
xpo,1,1,2
xpollywood,0,1,1
xponent,0,1,1
xport,0,1,1
xpose,0,2,2
xposed,0,1,1
xpp,1,0,1
xpppp,0,1,1
xpress,6,6,12
xpresses,0,1,1
xpression,1,1,2
xpressmusic,1,3,4
xpresso,1,0,1
xprnh,1,0,1
xpro,1,0,1
xprocessed,0,1,1
xps,8,7,15
xpsbeastlivesagain,1,0,1
xpt,1,1,2
xq,6,4,10
xque,1,0,1
xquery,0,1,1
xr,0,3,3
xraid,0,2,2
xrated,3,0,3
xraxu,1,0,1
xray,24,7,31
xrayed,2,0,2
xrays,19,4,23
xrcise,1,0,1
xrco,1,0,1
xready,0,1,1
xrefresh,1,0,1
xrender,1,0,1
xreport,1,2,3
xrgx,0,1,1
xried,1,0,1
xrispa,0,1,1
xristos,1,3,4
xrl,1,0,1
xron,1,0,1
xronia,0,1,1
xs,28,22,50
xsama,0,1,1
xsane,1,0,1
xscape,0,2,2
xsd,2,0,2
xsdl,1,0,1
xserve,1,2,3
xserver,1,1,2
xservers,0,1,1
xserves,1,0,1
xshefsx,1,0,1
xsi,4,4,8
xsim,1,0,1
xsited,0,1,1
xsl,1,0,1
xslt,2,3,5
xsoldier,1,0,1
xsparkage,1,0,1
xsport,2,0,2
xss,1,0,1
xstacy,0,1,1
xstandard,0,1,1
xstarbars,1,0,1
xstatic,1,0,1
xstephatronx,0,1,1
xstreet,1,0,1
xsue,1,0,1
xt,17,13,30
xtal,0,1,1
xtammy,0,1,1
xtammydevine,0,1,1
xtc,0,4,4
xtd,1,0,1
xteener,0,1,1
xtent,0,1,1
xterra,4,2,6
xth,1,0,1
xti,3,4,7
xtian,2,1,3
xtians,1,1,2
xtina,2,4,6
xtine,1,1,2
xtineoh,1,0,1
xtines,0,1,1
xtown,0,1,1
xtra,49,39,88
xtraaa,1,0,1
xtraaaaaaaa,1,0,1
xtrainer,0,1,1
xtrano,1,0,1
xtranormal,0,1,1
xtrap,0,1,1
xtras,2,1,3
xtravaganza,1,0,1
xtraviganzer,0,1,1
xtravision,1,0,1
xtreamer,1,0,1
xtreme,5,8,13
xtremely,4,0,4
xtremest,0,1,1
xtremestartups,1,0,1
xtremetrips,0,1,1
xtrixtersmommax,1,1,2
xtrl,1,0,1
xtrmly,0,1,1
xts,1,0,1
xtube,1,5,6
xtwo,0,1,1
xtx,0,1,1
xtxi,0,1,1
xty,0,1,1
xu,3,3,6
xua,0,1,1
xuahtic,0,1,1
xuan,1,0,1
xuans,1,0,1
xubuntu,4,2,6
xue,1,2,3
xuen,1,0,1
xugs,0,1,1
xul,5,0,5
xula,0,1,1
xulrunner,1,1,2
xunabin,1,0,1
xunga,1,0,1
xunit,1,2,3
xunlai,1,0,1
xupla,0,1,1
xuq,1,0,1
xushi,0,1,1
xuv,4,0,4
xuxa,0,3,3
xuxu,0,1,1
xuyen,1,0,1
xuzhou,0,1,1
xv,2,0,2
xvahx,0,1,1
xvickyx,0,1,1
xvid,1,2,3
xvmc,1,0,1
xwatpe,0,1,1
xwc,1,0,1
xwiki,0,3,3
xwindows,1,0,1
xwing,0,1,1
xwiregrass,0,1,1
xwitout,1,0,1
xwma,2,0,2
xwords,1,0,1
xx,2504,3673,6177
xxa,0,1,1
xxaxxxaxaxaxaxaxxaxa,0,1,1
xxb,0,1,1
xxbella,0,1,1
xxboo,0,1,1
xxc,1,0,1
xxcachyxx,1,0,1
xxcn,0,1,1
xxcolethompsonxx,0,1,1
xxd,0,1,1
xxdd,0,1,1
xxdribaby,1,0,1
xxdx,0,1,1
xxemogirlxx,0,1,1
xxfollowxx,1,0,1
xxhugzzzzzzzzz,0,1,1
xxi,0,2,2
xxilu,0,1,1
xxit,0,1,1
xxjessxxo,0,1,1
xxkaitlinmelissaxx,0,1,1
xxkathyxx,0,1,1
xxl,8,8,16
xxlenaxo,0,2,2
xxliapich,0,1,1
xxll,0,1,1
xxmake,2,0,2
xxmeg,2,0,2
xxmwahxx,1,1,2
xxn,1,0,1
xxo,8,22,30
xxoo,8,25,33
xxoox,0,1,1
xxooxox,0,1,1
xxooxx,2,1,3
xxoxo,0,3,3
xxoxooxoxoxox,0,1,1
xxoxoxoxoxx,0,1,1
xxoxx,1,1,2
xxpandad,0,1,1
xxplosive,0,1,1
xxpp,1,0,1
xxrazorxtearsxx,0,1,1
xxs,1,0,1
xxstitchesxx,1,0,1
xxtokyogirlxx,0,1,1
xxtra,2,0,2
xxtwitchxx,1,0,1
xxvi,0,1,1
xxviii,1,0,1
xxx,1224,1768,2992
xxxand,1,0,1
xxxc,1,1,2
xxxchurch,1,1,2
xxxd,1,0,1
xxxdifferentxxx,0,1,1
xxxdo,1,0,1
xxxfuckbrit,0,1,1
xxxholic,1,0,1
xxxjessicaxxx,0,1,1
xxxloveyou,0,1,1
xxxmystik,1,0,1
xxxo,1,1,2
xxxoo,1,0,1
xxxooo,1,5,6
xxxoooxxxooo,0,1,1
xxxox,0,1,1
xxxrated,0,1,1
xxxrebelrebelxxx,1,0,1
xxxsalvation,0,1,1
xxxtremly,1,0,1
xxxx,333,405,738
xxxxloveyou,1,0,1
xxxxo,1,0,1
xxxxoooo,0,1,1
xxxxooooox,0,1,1
xxxxoooxxxx,0,1,1
xxxxoxox,1,0,1
xxxxwhat,1,0,1
xxxxx,152,172,324
xxxxxx,67,66,133
xxxxxxloser,0,1,1
xxxxxxoooooo,0,1,1
xxxxxxx,33,58,91
xxxxxxxx,31,33,64
xxxxxxxxx,24,28,52
xxxxxxxxxx,18,21,39
xxxxxxxxxxx,11,10,21
xxxxxxxxxxxx,8,8,16
xxxxxxxxxxxxluv,1,0,1
xxxxxxxxxxxxx,3,4,7
xxxxxxxxxxxxxx,6,5,11
xxxxxxxxxxxxxxlove,1,0,1
xxxxxxxxxxxxxxx,6,1,7
xxxxxxxxxxxxxxxx,3,2,5
xxxxxxxxxxxxxxxxx,3,3,6
xxxxxxxxxxxxxxxxxx,1,2,3
xxxxxxxxxxxxxxxxxxx,2,1,3
xxxxxxxxxxxxxxxxxxxx,2,3,5
xxxxxxxxxxxxxxxxxxxxxx,0,2,2
xxxxxxxxxxxxxxxxxxxxxxx,1,1,2
xxxxxxxxxxxxxxxxxxxxxxxx,0,2,2
xxxxxxxxxxxxxxxxxxxxxxxxx,0,2,2
xxxxxxxxxxxxxxxxxxxxxxxxxx,1,4,5
xxxxxxxxxxxxxxxxxxxxxxxxxxx,1,1,2
xxxxxxxxxxxxxxxxxxxxxxxxxxxxxxx,0,1,1
xxxxxxxxxxxxxxxxxxxxxxxxxxxxxxxx,0,1,1
xxxxxxxxxxxxxxxxxxxxxxxxxxxxxxxxmirna,0,1,1
xxxxxxxxxxxxxxxxxxxxxxxxxxxxxxxxx,0,1,1
xxxxxxxxxxxxxxxxxxxxxxxxxxxxxxxxxxxxx,1,0,1
xxxxxxxxxxxxxxxxxxxxxxxxxxxxxxxxxxxxxx,0,1,1
xxxxxxxxxxxxxxxxxxxxxxxxxxxxxxxxxxxxxxxxx,0,1,1
xxxxxxxxxxxxxxxxxxxxxxxxxxxxxxxxxxxxxxxxxxx,1,0,1
xxxxxxxxxxxxxxxxxxxxxxxxxxxxxxxxxxxxxxxxxxxxxxxx,0,1,1
xxxxxxxxxxxxxxxxxxxxxxxxxxxxxxxxxxxxxxxxxxxxxxxxx,0,1,1
xxxxxxxxxxxxxxxxxxxxxxxxxxxxxxxxxxxxxxxxxxxxxxxxxxx,1,1,2
xxxxxxxxxxxxxxxxxxxxxxxxxxxxxxxxxxxxxxxxxxxxxxxxxxxxxx,0,1,1
xxxxxxxxxxxxxxxxxxxxxxxxxxxxxxxxxxxxxxxxxxxxxxxxxxxxxxxxxxxxxxxxxxxx,1,0,1
xxxxxxxxxxxxxxxxxxxxxxxxxxxxxxxxxxxxxxxxxxxxxxxxxxxxxxxxxxxxxxxxxxxxxx,1,1,2
xxxxxxxxxxxxxxxxxxxxxxxxxxxxxxxxxxxxxxxxxxxxxxxxxxxxxxxxxxxxxxxxxxxxxxx,0,1,1
xxxxxxxxxxxxxxxxxxxxxxxxxxxxxxxxxxxxxxxxxxxxxxxxxxxxxxxxxxxxxxxxxxxxxxxxxxxxx,1,0,1
xxxxxxxxxxxxxxxxxxxxxxxxxxxxxxxxxxxxxxxxxxxxxxxxxxxxxxxxxxxxxxxxxxxxxxxxxxxxxxxxxx,1,0,1
xxxxxxxxxxxxxxxxxxxxxxxxxxxxxxxxxxxxxxxxxxxxxxxxxxxxxxxxxxxxxxxxxxxxxxxxxxxxxxxxxxxxxxxxxxxx,0,1,1
xxxxxxxxxxxxxxxxxxxxxxxxxxxxxxxxxxxxxxxxxxxxxxxxxxxxxxxxxxxxxxxxxxxxxxxxxxxxxxxxxxxxxxxxxxxxxxx,0,1,1
xxxz,1,1,2
xxy,2,1,3
xxyyzz,0,1,1
xxzx,0,1,1
xy,9,14,23
xybase,0,1,1
xybil,0,1,1
xye,1,0,1
xylaphone,1,0,1
xylitol,1,2,3
xynthetic,0,1,1
xyou,0,2,2
xyz,2,3,5
xyzall,1,0,1
xyzeilidhzyx,0,1,1
xzander,0,1,1
xze,1,0,1
xzibit,0,2,2
xzum,0,1,1
ya,3577,7355,10932
yaa,59,123,182
yaaa,36,77,113
yaaaa,7,26,33
yaaaaa,4,13,17
yaaaaaa,2,4,6
yaaaaaaa,1,4,5
yaaaaaaaa,0,3,3
yaaaaaaaaaa,2,0,2
yaaaaaaaaaaa,1,0,1
yaaaaaaaaaaaaaa,2,0,2
yaaaaaaaaaaaaaaa,0,1,1
yaaaaaaaaaaaaaaaaaaaaaaaaa,1,0,1
yaaaaaaaaaaaaaaaaaaaaaaaaaaaaaaaaaaaaaaaaaaaaaaaaaaay,0,1,1
yaaaaaaaaaaaaaaaaaaaaaaaaaaaaaaaaaaaaaaaaaaaaayyyy,0,1,1
yaaaaaaaaaaaaaaaaaaaaaaaaaaaaaay,0,1,1
yaaaaaaaaaaaaaaaaaaaaaaaaaaay,1,0,1
yaaaaaaaaaaaaaaaaaaaaaaaaay,0,1,1
yaaaaaaaaaaaaaaaaaaaaaaay,0,1,1
yaaaaaaaaaaaaaaaaaaaaaay,0,1,1
yaaaaaaaaaaaaaaaaaaaaay,0,1,1
yaaaaaaaaaaaaaaaaaaay,0,2,2
yaaaaaaaaaaaaaaaaaay,0,2,2
yaaaaaaaaaaaaaaaaar,1,0,1
yaaaaaaaaaaaaaaaaay,0,1,1
yaaaaaaaaaaaaaaaay,2,1,3
yaaaaaaaaaaaaaaawn,0,1,1
yaaaaaaaaaaaaaaay,0,4,4
yaaaaaaaaaaaaaawnnnn,1,0,1
yaaaaaaaaaaaaaay,0,1,1
yaaaaaaaaaaaaahh,1,0,1
yaaaaaaaaaaaaay,2,1,3
yaaaaaaaaaaaaayyyyyy,0,1,1
yaaaaaaaaaaaaayyyyyyyy,0,1,1
yaaaaaaaaaaaay,0,1,1
yaaaaaaaaaaaayy,0,1,1
yaaaaaaaaaaay,2,3,5
yaaaaaaaaaawn,0,1,1
yaaaaaaaaaawwwwwwwwwwnnnnnnnnnnn,0,1,1
yaaaaaaaaaay,2,2,4
yaaaaaaaaaayyyyyy,0,1,1
yaaaaaaaaawn,1,1,2
yaaaaaaaaay,3,7,10
yaaaaaaaaayyyyy,0,1,1
yaaaaaaaaayyyyyyyyy,0,1,1
yaaaaaaaaayyyyyyyyyyyy,0,1,1
yaaaaaaaas,0,1,1
yaaaaaaaawn,0,2,2
yaaaaaaaay,0,11,11
yaaaaaaaayy,1,0,1
yaaaaaaaayyy,0,1,1
yaaaaaaah,0,1,1
yaaaaaaay,4,24,28
yaaaaaahh,1,0,1
yaaaaaasss,0,1,1
yaaaaaay,10,49,59
yaaaaaayy,1,2,3
yaaaaaayyyy,0,1,1
yaaaaaayyyyy,0,1,1
yaaaaah,0,3,3
yaaaaahoooo,0,1,1
yaaaaawn,0,2,2
yaaaaay,14,59,73
yaaaaaysies,0,1,1
yaaaaayy,0,2,2
yaaaaayyy,0,3,3
yaaaaayyyyy,0,1,1
yaaaah,1,5,6
yaaaahoooo,0,1,1
yaaaaiiii,0,1,1
yaaaal,0,1,1
yaaaalllll,0,1,1
yaaaap,0,1,1
yaaaarrrgh,2,0,2
yaaaas,0,2,2
yaaaatzi,0,1,1
yaaaawn,2,2,4
yaaaawwnnnn,1,0,1
yaaaay,39,126,165
yaaaayerz,1,0,1
yaaaayy,2,2,4
yaaaayyy,3,4,7
yaaaayyyy,1,6,7
yaaaayyyyy,0,4,4
yaaaayyyyyy,0,1,1
yaaah,6,7,13
yaaahh,1,3,4
yaaahhh,1,0,1
yaaahhhhh,0,1,1
yaaahoooooo,0,1,1
yaaall,0,1,1
yaaar,2,1,3
yaaarrrrrr,0,1,1
yaaas,1,2,3
yaaass,0,1,1
yaaawn,6,4,10
yaaawnnn,0,1,1
yaaawwwwnnnn,0,1,1
yaaay,54,231,285
yaaayaay,0,1,1
yaaays,0,1,1
yaaayy,2,8,10
yaaayyy,2,16,18
yaaayyya,1,0,1
yaaayyyy,2,3,5
yaaayyyyy,2,1,3
yaaayyyyyy,1,1,2
yaaayyyyyyyy,0,1,1
yaaayyyyyyyyyyyyyyyyy,0,1,1
yaad,0,3,3
yaah,4,16,20
yaahh,1,0,1
yaahhooo,0,1,1
yaak,0,1,1
yaal,1,0,1
yaall,0,2,2
yaallll,0,1,1
yaami,0,1,1
yaampun,1,1,2
yaampuuunn,1,0,1
yaan,0,1,1
yaani,2,1,3
yaap,1,1,2
yaar,35,20,55
yaargh,1,0,1
yaas,0,1,1
yaash,0,1,1
yaass,0,1,1
yaasss,0,1,1
yaassss,0,1,1
yaaw,0,1,1
yaawn,2,0,2
yaay,43,189,232
yaayaya,1,0,1
yaayayaa,1,0,1
yaayooo,1,0,1
yaaythank,0,1,1
yaayy,4,24,28
yaayyy,4,12,16
yaayyyy,0,1,1
yaayyyyayyayy,1,0,1
yaayyyyyyyyyy,0,1,1
yaayyyyyyyyyyyyy,1,0,1
yaba,1,1,2
yabanc,1,0,1
yabang,1,0,1
yabbadabbadoooooo,1,0,1
yabbies,1,1,2
yabbying,0,1,1
yabc,0,1,1
yabny,0,1,1
yabogabal,1,0,1
yabon,0,1,1
yaboo,1,0,1
yabot,1,0,1
yaboydinneezy,1,0,1
yabu,0,1,1
yabut,1,0,1
yabyu,0,1,1
yac,0,1,1
yace,0,2,2
yach,2,0,2
yachie,0,1,1
yachiyo,1,0,1
yacht,18,23,41
yachtblast,0,1,1
yachting,0,2,2
yachtrockfriday,0,1,1
yachts,1,5,6
yacine,0,1,1
yack,10,1,11
yacked,1,0,1
yackkked,1,0,1
yackn,1,0,1
yacobster,0,1,1
yacups,0,1,1
yad,1,0,1
yada,8,10,18
yadaaa,0,1,1
yadam,1,0,1
yadamean,0,1,1
yadda,2,12,14
yaddada,1,0,1
yaddah,3,0,3
yaddi,0,1,1
yadee,1,0,1
yadi,0,2,2
yadiar,0,1,1
yadida,1,0,1
yadirose,1,0,1
yae,1,2,3
yaeah,0,1,1
yaee,0,1,1
yaeeeeee,0,1,1
yaeeeeeeeeee,0,1,1
yaeh,2,1,3
yael,3,6,9
yaelushke,0,1,1
yaelyraz,0,1,1
yaep,0,1,1
yaer,1,0,1
yaey,0,1,1
yaf,0,1,1
yafar,1,0,1
yafavfatboy,0,1,1
yafemme,1,0,1
yaffa,1,0,1
yaffe,0,1,1
yag,3,0,3
yagami,2,0,2
yagar,1,0,1
yager,1,4,5
yagi,0,1,1
yagoona,1,0,1
yah,283,480,763
yaha,0,3,3
yahaaaaaaaaaaaaaaaaaaaaaa,0,1,1
yahaan,1,1,2
yahah,1,0,1
yahan,2,2,4
yahay,1,0,1
yaheen,0,1,1
yahel,0,1,1
yahh,19,35,54
yahhh,11,18,29
yahhhh,2,3,5
yahhhhh,1,4,5
yahhhhhh,0,1,1
yahhhhhhhhh,0,1,1
yahhhhhhhhhh,0,1,1
yahhhs,0,1,1
yahhoo,0,2,2
yahi,1,0,1
yahizzle,0,1,1
yahlalala,0,1,1
yahll,1,1,2
yahni,0,1,1
yaho,0,1,1
yahoo,260,223,483
yahooanswers,0,1,1
yahoogroup,1,0,1
yahoojp,0,1,1
yahoomail,2,0,2
yahoomessenger,0,1,1
yahoomessengerweb,1,0,1
yahooo,0,11,11
yahoooo,1,4,5
yahooooo,1,7,8
yahoooooo,0,2,2
yahooooooo,1,3,4
yahoooooooo,1,1,2
yahooooooooo,0,1,1
yahoooooooooo,1,0,1
yahoooooooooooooooo,0,1,1
yahooow,1,0,1
yahoos,1,1,2
yahoosearch,1,0,1
yahowwww,0,1,1
yahs,0,1,1
yaht,1,0,1
yahtzee,6,5,11
yahup,0,1,1
yahut,0,1,1
yahweh,0,2,2
yahya,1,1,2
yahyah,0,1,1
yahyan,1,0,1
yahyyy,0,1,1
yahz,1,0,1
yahzarah,1,0,1
yahzooo,1,0,1
yai,4,3,7
yaii,0,2,2
yaiii,0,1,1
yaiks,1,0,1
yaili,0,1,1
yair,0,1,1
yaiyyyy,1,0,1
yajaira,0,1,1
yajl,2,2,4
yak,12,15,27
yakan,1,0,1
yake,1,0,1
yakerella,0,2,2
yakhni,1,0,1
yaki,1,4,5
yakima,7,3,10
yakimeshi,0,1,1
yakin,3,3,6
yaking,1,0,1
yakiniku,1,1,2
yakisoba,1,5,6
yakitate,1,0,1
yakitori,1,1,2
yakk,1,0,1
yakka,0,1,1
yakked,2,0,2
yakking,0,3,3
yakkksss,1,0,1
yakkow,0,1,1
yakky,0,1,1
yakn,1,0,1
yakno,0,1,1
yaknow,5,4,9
yako,0,1,1
yakooooza,1,0,1
yakoya,1,0,1
yaks,2,8,10
yakshaving,0,1,1
yakult,3,2,5
yakuza,1,2,3
yal,13,18,31
yala,1,2,3
yalah,1,1,2
yaldara,0,1,1
yaldi,1,2,3
yaldies,0,1,1
yaldisss,0,1,1
yaldy,0,2,2
yale,6,5,11
yaletown,1,1,2
yali,0,1,1
yalie,0,2,2
yalk,1,0,1
yall,632,746,1378
yalla,5,13,18
yallah,1,1,2
yalle,0,2,2
yalliqhan,0,1,1
yalll,5,4,9
yallll,1,3,4
yalllll,1,2,3
yallmy,0,1,1
yalls,7,12,19
yallz,0,1,1
yaloh,1,0,1
yaly,0,1,1
yam,11,11,22
yama,1,4,5
yamada,0,2,2
yamadonga,1,0,1
yamagata,1,2,3
yamaguchi,0,1,1
yamaha,6,10,16
yamakasi,0,1,1
yamamoto,4,1,5
yaman,0,1,1
yamaoka,1,1,2
yamapi,0,2,2
yamas,0,1,1
yamashiro,0,1,1
yamashirogumi,0,1,1
yamashita,1,0,1
yamata,1,0,1
yamato,1,1,2
yamee,0,1,1
yametoo,0,1,1
yami,5,1,6
yamibou,0,1,1
yamie,0,1,1
yamien,1,1,2
yamileth,1,0,1
yamin,2,5,7
yamine,0,1,1
yamit,0,1,1
yamj,1,0,1
yaml,0,1,1
yamli,1,9,10
yamm,0,1,1
yammer,1,3,4
yammering,0,4,4
yammi,2,3,5
yammper,1,0,1
yammy,0,2,2
yamocca,0,1,1
yamraj,0,2,2
yams,1,3,4
yamster,1,0,1
yamusic,0,1,1
yamz,0,1,1
yan,32,83,115
yana,2,4,6
yanas,0,1,1
yance,0,1,1
yancey,2,0,2
yanda,0,1,1
yandal,0,2,2
yandel,4,2,6
yandere,0,1,1
yandex,0,1,1
yando,1,0,1
yandry,0,1,1
yane,0,2,2
yanee,0,1,1
yaneed,1,0,1
yaneee,0,1,1
yanelo,1,0,1
yanelva,0,1,1
yaneri,1,0,1
yang,56,77,133
yangon,0,1,1
yanha,0,1,1
yani,1,3,4
yanin,1,0,1
yaning,1,0,1
yaniqueque,0,1,1
yanisa,0,1,1
yaniv,0,1,1
yanixvillanueva,1,0,1
yank,11,6,17
yankai,1,0,1
yanked,8,3,11
yankee,54,43,97
yankeeclassic,2,0,2
yankeedoodle,1,0,1
yankeeeess,0,1,1
yankees,121,91,212
yankers,0,1,1
yankess,0,1,1
yankie,0,2,2
yankies,0,1,1
yankin,0,2,2
yanking,3,4,7
yankkees,0,1,1
yankness,0,1,1
yankovi,1,0,1
yankovic,1,2,3
yanks,45,41,86
yanktastic,0,1,1
yanktosky,0,1,1
yann,2,4,6
yanna,2,0,2
yanni,2,3,5
yannick,2,1,3
yannik,1,0,1
yannn,0,1,1
yannna,1,0,1
yannnnnn,0,1,1
yanno,6,7,13
yannoe,0,1,1
yannonce,1,0,1
yannoooo,0,1,1
yanny,0,1,1
yano,9,4,13
yanoee,0,1,1
yanoo,0,1,1
yanooo,1,0,1
yanq,0,1,1
yans,1,2,3
yantai,1,0,1
yanti,0,1,1
yanto,1,1,2
yanty,0,1,1
yanyan,0,1,1
yanyuzon,0,1,1
yanzi,0,1,1
yao,51,11,62
yaoi,5,6,11
yaoicon,0,1,1
yaoo,0,2,2
yaos,1,0,1
yap,16,22,38
yapc,2,1,3
yapcam,0,1,1
yapcna,1,0,1
yapee,0,1,1
yaperni,0,1,1
yaph,0,1,1
yapm,0,1,1
yappari,0,1,1
yapper,0,1,1
yappichick,0,1,1
yappin,4,0,4
yapping,3,3,6
yappity,0,1,1
yappppp,0,2,2
yapppps,0,1,1
yappy,4,3,7
yaps,1,1,2
yapt,1,0,1
yar,13,9,22
yara,1,5,6
yarah,0,1,1
yaratmak,0,1,1
yarber,0,1,1
yarbrough,0,1,1
yard,434,413,847
yardarm,0,1,1
yardbirds,0,1,1
yardhouse,5,6,11
yardie,1,0,1
yardies,0,1,1
yardigans,0,1,1
yardman,1,0,1
yards,19,15,34
yardsale,6,6,12
yardsalen,0,1,1
yardsalers,1,0,1
yardsales,1,5,6
yardsaling,1,2,3
yardsells,0,1,1
yardstick,1,2,3
yardwork,31,20,51
yare,0,1,1
yaretny,0,1,1
yarg,2,1,3
yargghh,1,0,1
yargh,6,1,7
yargonnnnnnnnnn,0,1,1
yari,1,0,1
yarikomi,1,0,1
yarin,1,0,1
yaris,6,3,9
yaritzamar,0,1,1
yariv,0,1,1
yarkkk,1,0,1
yarkon,0,1,1
yarlet,1,0,1
yarm,1,0,1
yarmes,1,0,1
yarmouth,6,4,10
yarmouthport,0,1,1
yarn,50,68,118
yarnbomb,0,1,1
yarnie,0,2,2
yarnporn,1,0,1
yarns,3,2,5
yarnshopping,0,1,1
yarny,0,1,1
yaron,0,1,1
yarp,0,3,3
yarpies,0,1,1
yarppp,0,1,1
yarr,5,4,9
yarra,7,2,9
yarratrams,1,0,1
yarris,0,1,1
yarrr,2,3,5
yarrrr,0,2,2
yarrrrrrrrrrrrgh,1,0,1
yars,1,1,2
yart,1,1,2
yas,25,40,65
yasashii,0,1,1
yasawa,0,1,1
yasdnil,0,1,1
yase,1,1,2
yaseen,2,0,2
yaself,3,11,14
yasemin,0,4,4
yaseminjonas,0,1,1
yaseminnn,0,1,1
yash,1,0,1
yashaweg,0,1,1
yashawini,0,1,1
yasherai,0,1,1
yashgaueguas,1,0,1
yashi,0,1,1
yashicat,0,1,1
yashika,1,0,1
yashikoba,1,0,1
yashin,1,1,2
yashmak,1,0,1
yasi,0,2,2
yasih,1,0,1
yasin,1,0,1
yasmean,0,1,1
yasmeeeen,1,0,1
yasmeins,1,0,1
yasmena,1,0,1
yasmin,9,6,15
yasmina,46,55,101
yasminas,0,1,1
yasmine,1,6,7
yasmineeeeee,1,0,1
yasmins,2,0,2
yass,6,13,19
yassie,1,0,1
yassiment,1,0,1
yassmen,1,0,1
yasss,4,3,7
yassss,0,3,3
yasssss,1,3,4
yassssss,0,1,1
yasssssss,0,1,1
yassssssss,0,1,1
yasssssssss,1,1,2
yasssssssssss,0,1,1
yasssssssssssssss,0,1,1
yasssssssssssssssssss,0,1,1
yassy,0,1,1
yasuhiro,1,0,1
yasumi,0,2,2
yasumoto,0,1,1
yasuuu,0,1,1
yat,1,4,5
yata,6,3,9
yataaa,0,1,1
yatah,1,0,1
yatang,1,0,1
yatc,0,1,1
yatca,1,3,4
yatch,0,2,2
yate,0,1,1
yatec,1,0,1
yateley,1,0,1
yaten,1,0,1
yates,2,0,2
yatess,0,1,1
yatim,1,0,1
yatin,0,1,1
yatrivia,4,2,6
yats,3,0,3
yatt,0,1,1
yatta,2,2,4
yatwilightbooks,0,1,1
yatzy,0,1,1
yau,0,1,1
yauatcha,1,0,1
yaudah,3,4,7
yaught,0,1,1
yaur,0,1,1
yavin,1,0,1
yaw,8,10,18
yawennnnn,0,1,1
yawh,1,0,1
yawk,1,3,4
yawl,0,2,2
yawn,262,174,436
yawned,6,2,8
yawnes,0,1,1
yawnin,1,0,1
yawning,33,27,60
yawnn,4,5,9
yawnnn,3,2,5
yawnnnnn,3,0,3
yawnnnnnn,2,0,2
yawnnnnnnn,0,1,1
yawns,45,35,80
yawnstretchyawn,1,0,1
yawny,1,0,1
yawnzz,1,0,1
yawp,0,1,1
yawwn,1,0,1
yawwnn,1,0,1
yawww,0,3,3
yawwwning,0,1,1
yax,1,0,1
yaxis,0,1,1
yaxkin,2,0,2
yaxley,1,1,2
yay,3165,10501,13666
yaya,33,76,109
yayaa,0,3,3
yayaaa,0,1,1
yayaaaay,0,1,1
yayaaaayayaya,0,1,1
yayaay,0,2,2
yayaayaya,0,1,1
yayage,0,2,2
yayah,1,2,3
yayahh,1,0,1
yayahhhh,0,1,1
yayar,0,1,1
yayas,2,1,3
yayasan,0,1,1
yayay,7,33,40
yayaya,3,14,17
yayayaaaa,0,1,1
yayayaaay,0,1,1
yayayaayyayy,1,0,1
yayayay,10,34,44
yayayaya,2,8,10
yayayayaaa,0,1,1
yayayayaayay,0,1,1
yayayayaayayayay,0,1,1
yayayayay,5,24,29
yayayayaya,2,1,3
yayayayayaay,0,1,1
yayayayayaayayay,0,1,1
yayayayayay,1,5,6
yayayayayaya,0,1,1
yayayayayayaayayayayyayayayy,0,1,1
yayayayayayay,0,3,3
yayayayayayaya,0,1,1
yayayayayayayaya,0,1,1
yayayayayayayayay,0,1,1
yayayayayayayayayay,2,0,2
yayayayayayayayayayayayayyyy,0,1,1
yayayayayayyay,0,1,1
yayayayayx,0,1,1
yayayayayyay,0,1,1
yayayayayyayyabut,1,0,1
yayayayayyy,0,1,1
yayayayayyyyy,0,1,1
yayayayy,0,1,1
yayayayyaayyayyayayayayy,0,1,1
yayayayyay,0,2,2
yayayayyayay,0,1,1
yayayayyayayayayayayayayyayyayayayayayayyayaya,1,0,1
yayayayyy,0,2,2
yayayayyyy,0,1,1
yayayya,1,1,2
yayayyayaaaaaay,0,1,1
yayayyayay,0,2,2
yayayyayayaayayyayay,1,0,1
yayayyayayay,1,1,2
yayayyayayayayaayy,0,1,1
yayayyayayyay,0,1,1
yayayyy,0,1,1
yayayyyy,0,1,1
yaybees,0,1,1
yaydamned,0,1,1
yayday,0,1,1
yaye,4,15,19
yayeauh,0,1,1
yayee,0,5,5
yayeee,0,2,2
yayer,2,3,5
yayerrrrzzzzz,0,1,1
yayers,0,2,2
yayface,1,1,2
yayfbr,0,1,1
yayforhavingahunchandcheckingafacebookbuy,0,1,1
yaygirls,0,1,1
yayh,0,1,1
yayhhh,0,1,1
yayman,1,2,3
yayme,0,1,1
yaymen,4,10,14
yaymiley,0,1,1
yayness,2,25,27
yaynesss,0,1,1
yayo,0,1,1
yayoffwork,0,1,1
yayor,0,1,1
yayrzzz,1,0,1
yays,3,54,57
yayschoolisout,1,0,1
yaysharon,0,1,1
yayssssss,0,1,1
yayuh,0,2,2
yayuhhhh,1,1,2
yayuhhhhh,0,1,1
yayurrr,0,1,1
yayuuuh,0,1,1
yaywns,1,0,1
yaywomen,0,1,1
yayy,66,366,432
yayyaa,0,1,1
yayyaaaayayaya,0,1,1
yayyaahahahha,0,1,1
yayyay,1,1,2
yayyayaaaaaa,1,0,1
yayyayayay,0,1,1
yayyayayayayayayayay,0,1,1
yayyayeeee,0,1,1
yayyayy,0,1,1
yayyayyay,2,0,2
yayyayyayaya,1,0,1
yayyayyayyayyayayayayaayyyyy,0,1,1
yayyeness,0,1,1
yayyerz,0,1,1
yayyhh,0,1,1
yayyooo,0,1,1
yayypppppeee,0,1,1
yayyy,56,329,385
yayyyay,1,1,2
yayyyaya,0,1,1
yayyybabbyy,0,1,1
yayyyeee,0,1,1
yayyyerrrz,0,1,1
yayyyooooo,1,0,1
yayyys,1,1,2
yayyyy,34,142,176
yayyyya,0,1,1
yayyyyness,0,1,1
yayyyyy,17,69,86
yayyyyysssssssssssssssssssssssssss,0,1,1
yayyyyyy,6,32,38
yayyyyyya,0,1,1
yayyyyyyy,1,17,18
yayyyyyyyy,1,12,13
yayyyyyyyyy,1,0,1
yayyyyyyyyyy,0,3,3
yayyyyyyyyyyy,2,2,4
yayyyyyyyyyyyy,0,4,4
yayyyyyyyyyyyyy,0,5,5
yayyyyyyyyyyyyyy,0,3,3
yayyyyyyyyyyyyyyy,1,1,2
yayyyyyyyyyyyyyyyy,0,1,1
yayyyyyyyyyyyyyyyyyy,0,1,1
yayyyyyyyyyyyyyyyyyyyy,0,1,1
yayyyyyyyyyyyyyyyyyyyyyyyyyy,0,1,1
yayyyyyyyyyyyyyyyyyyyyyyyyyyy,0,1,1
yayyyyyyyyyyyyyyyyyyyyyyyyyyyyyyyyyyyyy,0,1,1
yayyyyyyyyyyyyyyyyyyyyyyyyyyyyyyyyyyyyyyyyyyyyyyyy,0,1,1
yayyyz,0,1,1
yayyz,0,1,1
yayz,5,13,18
yayzers,0,2,2
yayzorz,0,1,1
yayzzz,0,1,1
yayzzzzzzzzzz,0,1,1
yaz,6,8,14
yazdi,1,0,1
yazeed,1,0,1
yazid,1,0,1
yazika,0,1,1
yaziz,0,1,1
yazmam,0,1,1
yazmina,1,1,2
yazoo,3,3,6
yazz,1,4,5
yazzi,1,0,1
yazzy,0,1,1
yb,1,2,3
yba,1,0,1
ybad,1,0,1
ybarek,0,1,1
ybc,0,1,1
ybca,0,2,2
ybf,1,2,3
ybii,0,1,1
ybl,2,0,2
ybment,1,0,1
yboa,1,0,1
ybody,1,0,1
ybor,3,2,5
ybp,0,1,1
ybr,1,0,1
ybreaker,1,0,1
ybwm,1,2,3
yc,2,3,5
ycare,1,0,1
ycd,0,1,1
ych,1,0,1
ychyn,0,1,1
ycm,2,2,4
ycombinator,1,0,1
yd,5,2,7
yda,0,2,2
ydai,1,0,1
yday,76,45,121
ydays,1,0,1
ydg,0,2,2
ydi,1,0,1
ydig,1,0,1
ydm,1,0,1
ydoq,0,1,1
yds,2,4,6
ydwbim,1,0,1
ydy,2,0,2
ye,149,185,334
yea,1884,2132,4016
yeaa,49,81,130
yeaaa,20,61,81
yeaaaa,7,23,30
yeaaaaa,3,11,14
yeaaaaaa,2,8,10
yeaaaaaaa,2,0,2
yeaaaaaaaa,0,3,3
yeaaaaaaaaa,1,2,3
yeaaaaaaaaaa,0,1,1
yeaaaaaaaaaaaaa,0,1,1
yeaaaaaaaaaaaaaaa,0,1,1
yeaaaaaaaaaaaaaaaaaaah,1,0,1
yeaaaaaaaaaaaaaah,0,1,1
yeaaaaaaaaaaah,1,0,1
yeaaaaaaaaaah,0,3,3
yeaaaaaaaaaahhhhhh,0,1,1
yeaaaaaaaaah,0,2,2
yeaaaaaaaah,1,3,4
yeaaaaaaaahhh,1,0,1
yeaaaaaaaay,0,1,1
yeaaaaaaah,1,2,3
yeaaaaaaahhhhh,0,1,1
yeaaaaaaahhhhhh,0,1,1
yeaaaaaaar,0,1,1
yeaaaaaaeeeeiiiih,0,1,1
yeaaaaaah,0,6,6
yeaaaaah,4,14,18
yeaaaaahhh,0,3,3
yeaaaaahhhh,0,2,2
yeaaaaar,1,0,1
yeaaaaay,0,1,1
yeaaaah,15,33,48
yeaaaahh,2,1,3
yeaaaahhh,0,3,3
yeaaaahhhh,0,1,1
yeaaaauh,0,1,1
yeaaaay,0,3,3
yeaaaayyyyy,0,2,2
yeaaah,35,56,91
yeaaahh,4,7,11
yeaaahhh,6,5,11
yeaaahhhh,1,3,4
yeaaahhhhh,0,1,1
yeaaahuu,1,0,1
yeaaap,0,1,1
yeaaar,1,0,1
yeaaars,0,1,1
yeaaauhh,0,1,1
yeaaauuhhh,0,1,1
yeaaay,0,6,6
yeaaayy,1,1,2
yeaah,31,92,123
yeaahh,4,18,22
yeaahhh,0,7,7
yeaahhhh,1,0,1
yeaahhhhh,0,2,2
yeaap,1,0,1
yeaapp,0,2,2
yeaar,1,2,3
yeaargh,1,0,1
yeaars,0,1,1
yeaay,1,4,5
yeaayyy,0,1,1
yeaba,0,1,1
yeaboi,1,0,1
yeaboii,0,1,1
yeadon,0,1,1
yeaes,1,0,1
yeah,9668,12736,22404
yeaha,0,1,1
yeahaaa,0,1,1
yeahbaby,0,1,1
yeahh,200,310,510
yeahhbaby,0,1,1
yeahhh,76,153,229
yeahhhh,26,73,99
yeahhhhh,8,26,34
yeahhhhhh,3,9,12
yeahhhhhhh,3,1,4
yeahhhhhhhh,1,4,5
yeahhhhhhhhh,0,2,2
yeahhhhhhhhhh,2,2,4
yeahhhhhhhhhhh,0,1,1
yeahhhhhhhhhhhhh,1,0,1
yeahhhhhhhhhhhhhhh,0,1,1
yeahhhhhhhhhhhhhhhh,0,2,2
yeahhhhhhhhhhhhhhhhh,0,1,1
yeahhhhhhhhhhhhhhhhhh,0,1,1
yeahhhhhyaaaaaa,0,1,1
yeahhhhs,0,1,1
yeahhhm,1,0,1
yeahhhss,0,1,1
yeahhmannnn,0,1,1
yeahhpp,0,1,1
yeahhyyyy,1,0,1
yeahi,1,0,1
yeahiiiiiii,0,1,1
yeahimviolentso,0,1,1
yeahlol,1,0,1
yeahlor,1,0,1
yeahness,0,1,1
yeahp,4,4,8
yeahprobablynot,0,1,1
yeahr,0,1,1
yeahs,13,34,47
yeahshe,1,0,1
yeahsophie,1,0,1
yeahthsts,1,0,1
yeahuh,2,0,2
yeahuhh,0,1,1
yeahy,0,3,3
yeahya,0,2,2
yeahyah,1,0,1
yeahyeah,3,2,5
yeahyeahyeaaaaaaaah,0,1,1
yeahyeahyeahh,0,1,1
yeahyeahyeahs,2,1,3
yeahz,1,1,2
yeahzzzzzzzz,0,1,1
yeaih,1,0,1
yeaiyeahhh,0,1,1
yeaj,0,1,1
yeakh,1,0,1
yeaks,1,0,1
yeald,1,0,1
yeall,1,0,1
yeallo,0,1,1
yealous,1,0,1
yeals,1,0,1
yeaman,1,0,1
yeaow,0,1,1
yeap,32,80,112
yeapp,0,1,1
yeappp,0,1,1
yeaps,2,5,7
yeapyeap,0,1,1
year,6486,4665,11151
yearb,0,1,1
yearbook,105,91,196
yearbooks,32,29,61
yeard,0,3,3
yeards,0,1,1
yearht,1,0,1
yearish,1,0,1
yearjeans,1,0,1
yearlies,6,0,6
yearling,1,0,1
yearly,27,31,58
yearlys,5,1,6
yearn,7,2,9
yearning,6,5,11
yearns,1,1,2
yearold,1,2,3
yearr,6,7,13
yearrr,1,6,7
yearrrr,2,1,3
yearrrrr,1,0,1
yearrrrrbook,0,1,1
yearrrrrrr,0,1,1
yearrrrss,1,0,1
yearrrrsss,1,0,1
yearrrssssss,0,1,1
years,2904,2693,5597
yearseve,0,1,1
yearslater,0,1,1
yearsofenema,2,7,9
yearsoftetris,0,1,1
yearss,3,1,4
yearsss,0,2,2
yearssss,1,0,1
yearsssss,1,1,2
yearssssss,1,0,1
yearsssssss,0,1,1
yearthey,1,0,1
yearwood,1,0,1
yearz,3,0,3
yeas,6,5,11
yeash,0,2,2
yeass,0,1,1
yeast,15,11,26
yeasterday,6,3,9
yeasturday,1,0,1
yeasty,1,2,3
yeasu,1,0,1
yeat,1,3,4
yeaterday,4,1,5
yeats,2,2,4
yeaturday,0,1,1
yeaup,0,1,1
yeauuhhh,1,0,1
yeauuhhhh,0,1,1
yeay,20,103,123
yeaya,0,2,2
yeayaa,0,1,1
yeayaaaaaaa,0,1,1
yeayea,2,1,3
yeayeah,1,2,3
yeayeayea,1,1,2
yeayeayeaaaaaa,0,1,1
yeayeayeay,0,1,1
yeayuh,1,0,1
yeayy,0,5,5
yeayyy,0,7,7
yeayyyy,0,3,3
yeayyyyyy,0,2,2
yeaz,2,0,2
yeazzzz,0,1,1
yeb,2,2,4
yeba,0,1,1
yebaah,0,1,1
yebah,0,1,1
yebarek,0,1,1
yeboselo,0,1,1
yebrek,0,1,1
yech,7,0,7
yeck,1,0,1
yeckk,0,1,1
yecs,0,1,1
yedafe,1,0,1
yedda,1,0,1
yedin,0,1,1
yedterday,1,0,1
yee,30,85,115
yeea,4,3,7
yeeaa,3,4,7
yeeaaa,2,4,6
yeeaaaa,1,1,2
yeeaaaaaaaaaah,0,1,1
yeeaaaaah,1,0,1
yeeaaaah,0,2,2
yeeaaah,1,5,6
yeeaaahh,1,1,2
yeeaaahhh,0,1,1
yeeaaahhhh,0,1,1
yeeaaahhhhhh,1,0,1
yeeaaahhhyy,0,1,1
yeeaaarsss,1,0,1
yeeaah,2,6,8
yeeaahh,0,2,2
yeeaahhh,1,2,3
yeeaap,0,1,1
yeeaar,1,0,1
yeeaayyy,0,1,1
yeeah,14,27,41
yeeahh,0,3,3
yeeahhh,0,2,2
yeeahhhh,1,1,2
yeeahhhhh,0,1,1
yeear,1,2,3
yeeashh,0,1,1
yeeayyyy,0,1,1
yeee,6,30,36
yeeea,0,1,1
yeeeaa,1,2,3
yeeeaaa,1,3,4
yeeeaaaa,0,2,2
yeeeaaaaaa,0,1,1
yeeeaaaaahhh,0,1,1
yeeeaaaah,0,1,1
yeeeaaaahhh,0,1,1
yeeeaaaahhhhh,0,1,1
yeeeaaaayyyyy,0,1,1
yeeeaaah,2,2,4
yeeeaaahh,0,1,1
yeeeaaahhh,0,1,1
yeeeaaahhhh,0,2,2
yeeeaaayuuuhhhh,0,1,1
yeeeaah,0,3,3
yeeeaahh,1,1,2
yeeeah,11,23,34
yeeeahhh,0,3,3
yeeear,0,1,1
yeeearr,1,0,1
yeeeay,1,1,2
yeeechhh,1,0,1
yeeee,6,37,43
yeeeea,1,1,2
yeeeeaaaa,0,1,1
yeeeeaaaaaaa,1,0,1
yeeeeaaaaaaahhhhh,0,1,1
yeeeeaaaaahh,0,1,1
yeeeeaaaaahhh,0,1,1
yeeeeaaaaahhhh,1,0,1
yeeeeaaaaahhhhh,0,1,1
yeeeeaaahhh,0,1,1
yeeeeaaahhhh,0,1,1
yeeeeaah,0,1,1
yeeeeah,6,19,25
yeeeeaha,1,0,1
yeeeeahhhhh,0,1,1
yeeeeap,1,0,1
yeeeears,1,1,2
yeeeee,3,21,24
yeeeeea,0,1,1
yeeeeeaaaaah,0,1,1
yeeeeeaaaah,1,0,1
yeeeeeaaah,1,0,1
yeeeeeah,3,5,8
yeeeeears,1,0,1
yeeeeeboyeeeeee,0,1,1
yeeeeee,2,5,7
yeeeeeeaaaaah,0,1,1
yeeeeeeah,1,6,7
yeeeeeeay,0,1,1
yeeeeeee,0,5,5
yeeeeeeeaaaaaaahhhhhhh,0,1,1
yeeeeeeeaaaaah,0,1,1
yeeeeeeeah,0,1,1
yeeeeeeee,0,2,2
yeeeeeeeeaaaaaaaaahhhhhhh,0,1,1
yeeeeeeeeah,1,0,1
yeeeeeeeee,0,2,2
yeeeeeeeeeaaaaaaaaaahhhhhh,0,1,1
yeeeeeeeeeah,0,2,2
yeeeeeeeeee,0,2,2
yeeeeeeeeeea,0,1,1
yeeeeeeeeeeah,0,2,2
yeeeeeeeeeeeah,0,1,1
yeeeeeeeeeeee,0,1,1
yeeeeeeeeeeeeah,0,1,1
yeeeeeeeeeeeeahhhh,0,1,1
yeeeeeeeeeeeeeaaaaaaaaaaaah,0,1,1
yeeeeeeeeeeeeee,0,1,1
yeeeeeeeeeeeeeee,0,1,1
yeeeeeeeeeeeeeeeeeah,0,1,1
yeeeeeeeeeeeeeeeeeeay,0,1,1
yeeeeeeeeeeeeeeeeeeee,0,1,1
yeeeeeeeeeeeeeeeeeeeeaaaaaaaaaaa,0,1,1
yeeeeeeeeeeeeeeeeeeeeaaaaaaaaaaaaaaaaaaahhhhhhhhhhhhh,0,1,1
yeeeeeeeeeeeeeeeeeees,0,2,2
yeeeeeeeeeeeeees,0,2,2
yeeeeeeeeeeeees,0,1,1
yeeeeeeeeeeeeesssssssssssss,0,1,1
yeeeeeeeeeeeeey,0,1,1
yeeeeeeeeeeeessshhhh,1,0,1
yeeeeeeeeeeeey,0,1,1
yeeeeeeeeeei,0,1,1
yeeeeeeeeees,0,1,1
yeeeeeeeeeey,1,0,1
yeeeeeeeees,1,0,1
yeeeeeeeeessssssssssss,0,1,1
yeeeeeeeeey,0,1,1
yeeeeeeees,0,1,1
yeeeeeeeey,2,0,2
yeeeeeeep,1,0,1
yeeeeeees,0,4,4
yeeeeeeesssssss,0,1,1
yeeeeeeey,0,1,1
yeeeeeei,0,1,1
yeeeeeeii,0,1,1
yeeeeeeman,0,1,1
yeeeeeeo,0,1,1
yeeeeeep,0,3,3
yeeeeees,1,6,7
yeeeeeess,0,1,1
yeeeeeessss,1,0,1
yeeeeeesssss,0,1,1
yeeeeehaaa,1,0,1
yeeeeehaaaa,1,0,1
yeeeeehaaaaa,0,1,1
yeeeeemp,1,0,1
yeeeeep,0,1,1
yeeeees,1,3,4
yeeeeess,0,1,1
yeeeeessssss,0,1,1
yeeeeessssssss,0,1,1
yeeeeey,1,7,8
yeeeeeyyy,0,1,1
yeeeeeyyyy,0,1,1
yeeeeh,0,4,4
yeeeehaa,0,1,1
yeeeehaaa,0,1,1
yeeeehaaaa,1,0,1
yeeeehaw,0,1,1
yeeeei,0,1,1
yeeeeiiii,0,2,2
yeeeeooooo,0,1,1
yeeeep,1,1,2
yeeees,5,10,15
yeeeesh,1,1,2
yeeeesiiiir,0,1,1
yeeeess,1,1,2
yeeeesss,1,3,4
yeeeessss,1,1,2
yeeeesssss,0,1,1
yeeeessssssss,1,1,2
yeeeet,1,0,1
yeeeew,1,2,3
yeeeewww,0,1,1
yeeeey,2,4,6
yeeeeyah,0,1,1
yeeeeyy,0,1,1
yeeeeyyyy,0,1,1
yeeeh,1,5,6
yeeeha,1,1,2
yeeehaa,1,1,2
yeeehaaa,1,1,2
yeeehaaaaa,1,0,1
yeeehaaaaaa,0,1,1
yeeehaaaaaaaaaa,0,1,1
yeeehah,0,1,1
yeeehaw,0,1,1
yeeehawww,0,1,1
yeeeheeee,0,1,1
yeeehhaaa,0,1,1
yeeehhh,0,1,1
yeeehuhhh,0,1,1
yeeeih,0,1,1
yeeeii,0,2,2
yeeeiii,0,2,2
yeeeiiiiii,0,1,1
yeeeiiiiiii,0,1,1
yeeek,1,0,1
yeeem,0,1,1
yeeep,4,9,13
yeeeppp,0,1,1
yeeepy,0,1,1
yeees,4,23,27
yeeesaaaahhh,0,1,1
yeeesaaahhh,0,1,1
yeeesh,0,3,3
yeeess,0,1,1
yeeessa,0,1,1
yeeesss,1,11,12
yeeessss,2,3,5
yeeesssss,0,6,6
yeeessssss,0,1,1
yeeessssssss,0,1,1
yeeesssssssss,0,1,1
yeeet,1,1,2
yeeettt,1,0,1
yeeeuh,0,2,2
yeeeup,0,1,1
yeeeuuuuck,0,1,1
yeeew,0,1,1
yeeey,4,20,24
yeeeya,1,0,1
yeeeyee,0,1,1
yeeeyy,0,3,3
yeeh,3,7,10
yeeha,1,6,7
yeehaa,1,6,7
yeehaaa,1,0,1
yeehaaaa,1,0,1
yeehah,0,2,2
yeehaw,8,7,15
yeehaww,0,2,2
yeehawwww,1,0,1
yeehhaa,0,1,1
yeeii,0,1,1
yeeiii,1,1,2
yeeiiii,0,1,1
yeej,0,1,1
yeeje,0,1,1
yeejiarong,0,1,1
yeek,0,1,1
yeekk,1,0,1
yeeks,0,2,2
yeelin,0,1,1
yeem,0,1,1
yeemei,0,1,1
yeen,1,1,2
yeeninggggggg,0,1,1
yeeno,0,1,1
yeeooo,0,1,1
yeeow,0,1,1
yeep,5,14,19
yeepee,0,3,3
yeepeee,0,2,2
yeepeeee,1,0,1
yeepp,1,1,2
yeeppie,0,1,1
yeeppp,0,1,1
yeeppyy,0,1,1
yeeps,2,0,2
yeepy,1,0,1
yeer,4,0,4
yees,7,12,19
yeesh,15,5,20
yeesir,1,0,1
yeess,2,9,11
yeesss,1,1,2
yeessss,1,2,3
yeesssss,0,1,1
yeessssss,0,1,1
yeeugh,1,0,1
yeeuh,0,2,2
yeeun,0,1,1
yeeup,0,1,1
yeew,0,1,1
yeeww,0,1,1
yeewwww,1,0,1
yeey,4,11,15
yeeyah,0,1,1
yeeyee,0,1,1
yeeyeea,0,1,1
yeeyuh,1,0,1
yeeyy,0,1,1
yeeyyy,1,1,2
yeez,1,1,2
yeezy,10,5,15
yeezys,15,6,21
yeg,15,12,27
yegbike,1,0,1
yegbiker,0,1,1
yegtraffic,1,0,1
yegtransit,1,0,1
yegua,1,0,1
yeh,337,401,738
yeha,8,7,15
yehaaaaa,1,0,1
yehaaaaaaaaaa,0,2,2
yehaaaaw,0,1,1
yehar,1,0,1
yeharr,1,0,1
yehaw,1,0,1
yehaww,0,1,1
yeheeyy,0,1,1
yeheeyyy,0,1,1
yehehes,0,1,1
yehei,0,1,1
yehey,6,40,46
yeheyy,0,1,1
yehezkel,1,0,1
yehh,18,23,41
yehha,1,0,1
yehhaaa,0,1,1
yehhaaaaaaa,0,1,1
yehhh,3,6,9
yehhhh,0,3,3
yehhhhh,3,1,4
yehhhhhhhhhh,0,1,1
yehhhhhhhhhhhhhhhhhhhhhhhhhhhhhhhhhhh,0,1,1
yehhhhhhhhyeahhh,0,1,1
yehia,5,2,7
yehiapress,1,0,1
yehii,0,1,1
yehonatan,1,0,1
yehoo,0,1,1
yehooo,0,1,1
yehoooooo,0,1,1
yehoww,0,1,1
yehp,0,1,1
yehuda,0,3,3
yehuh,1,0,1
yehy,0,1,1
yehyeh,2,1,3
yehyyyy,0,1,1
yei,4,16,20
yeih,1,0,1
yeihhhh,0,1,1
yeii,1,9,10
yeiii,1,3,4
yeiiii,0,3,3
yeiiiii,1,1,2
yeiiiiiiiiiiiiii,0,1,1
yeiiiiiiiiiiiiiiiiii,0,1,1
yeiiisss,0,1,1
yeiks,1,1,2
yeilds,1,0,1
yeipee,0,1,1
yeison,0,1,1
yejin,6,0,6
yejorayi,1,0,1
yek,0,1,1
yekes,1,0,1
yeki,1,0,1
yekith,1,0,1
yel,1,1,2
yelana,1,0,1
yelchin,1,9,10
yelena,0,2,2
yelenas,0,1,1
yeley,0,2,2
yeleysabsb,1,0,1
yeli,1,0,1
yeling,0,1,1
yelipping,0,1,1
yell,111,80,191
yella,1,3,4
yellas,1,0,1
yellastud,0,1,1
yelle,1,2,3
yelled,170,45,215
yellen,0,1,1
yeller,2,1,3
yellie,1,0,1
yelliebird,1,0,1
yellin,9,8,17
yelling,156,68,224
yellinggg,1,0,1
yellinq,1,0,1
yellllow,0,1,1
yelllow,0,1,1
yelln,0,1,1
yello,0,2,2
yelloe,0,1,1
yelloo,0,1,1
yelloooo,0,1,1
yelloooww,1,0,1
yelloowwww,0,1,1
yellow,251,354,605
yelloward,1,0,1
yellowbird,0,1,1
yellowcab,1,1,2
yellowcar,0,1,1
yellowcard,2,14,16
yellowfin,0,1,1
yellowish,4,1,5
yellowman,0,2,2
yellowness,0,1,1
yellowriver,0,1,1
yellowrose,0,1,1
yellows,4,8,12
yellowsn,4,2,6
yellowsnow,1,1,2
yellowsprings,0,1,1
yellowstone,7,8,15
yellowtail,1,1,2
yellowteapot,1,0,1
yellowtie,1,0,1
yellowy,1,0,1
yells,17,11,28
yellxxoutloud,2,0,2
yelly,0,1,1
yelm,0,1,1
yelo,0,1,1
yelow,2,0,2
yelp,9,13,22
yelped,1,2,3
yelping,8,2,10
yelps,2,0,2
yelyah,1,2,3
yelz,1,1,2
yem,1,0,1
yema,2,2,4
yemece,0,1,1
yemek,1,2,3
yemen,2,0,2
yemesi,1,0,1
yemi,0,2,2
yemin,1,1,2
yemken,0,1,1
yemmm,0,1,1
yen,14,16,30
yena,0,1,1
yeng,1,0,1
yeni,0,1,1
yenjoy,0,1,1
yenka,0,1,1
yennna,1,0,1
yenno,1,1,2
yennoo,0,1,1
yennow,0,1,1
yenny,2,0,2
yennyontwitter,1,0,1
yeno,2,0,2
yenshan,1,0,1
yenthe,1,0,1
yentl,0,1,1
yenymt,1,0,1
yeo,2,4,6
yeoh,0,1,1
yeokaixuanzxzx,1,0,1
yeoman,0,1,1
yeomp,0,1,1
yeon,4,0,4
yeongwonhi,0,1,1
yeoooo,0,1,1
yeooooooo,0,1,1
yeos,0,1,1
yeouch,1,1,2
yeovil,2,2,4
yeow,2,3,5
yeowch,1,0,1
yeowww,0,1,1
yeoyeomanman,0,1,1
yep,1072,2001,3073
yepee,0,1,1
yepeeee,0,1,1
yeph,0,2,2
yephie,0,1,1
yepi,1,0,1
yepooo,0,1,1
yepp,23,62,85
yeppa,0,2,2
yeppe,1,0,1
yeppers,3,23,26
yepperz,0,2,2
yeppi,0,1,1
yeppie,0,1,1
yeppiee,0,1,1
yeppieee,1,0,1
yeppoon,1,0,1
yeppp,2,13,15
yepppp,0,1,1
yeppppp,0,1,1
yeppppppp,1,0,1
yeppsters,0,1,1
yeppy,1,4,5
yeps,4,9,13
yepss,0,1,1
yepsyeps,0,1,1
yepthe,1,0,1
yepyep,3,10,13
yepyepyep,0,1,1
yer,141,287,428
yera,1,0,1
yerah,1,0,1
yerba,2,3,5
yercaud,1,0,1
yerde,1,0,1
yere,1,0,1
yerevan,1,3,4
yergh,1,0,1
yerh,0,1,1
yerian,1,0,1
yerim,0,1,1
yering,0,1,1
yerington,1,0,1
yerk,0,2,2
yermi,1,0,1
yermom,0,1,1
yerno,0,1,1
yernot,1,0,1
yero,0,1,1
yerp,1,11,12
yerppppp,1,0,1
yerr,7,14,21
yerrp,1,1,2
yerrr,1,7,8
yerrrp,1,1,2
yerrrr,0,4,4
yerrrrr,0,1,1
yerrrrrrrr,1,0,1
yerrs,0,1,1
yerrselvez,1,0,1
yers,3,3,6
yersel,1,0,1
yerself,4,8,12
yerselfs,1,0,1
yersellfff,0,1,1
yersh,0,1,1
yersterday,1,3,4
yert,1,2,3
yerushalayim,1,0,1
yerz,0,1,1
yes,5877,12803,18680
yesa,0,1,1
yesaaaaa,0,1,1
yesah,0,1,1
yesaheloh,0,1,1
yesalemak,0,1,1
yesalmich,1,0,1
yesarday,0,1,1
yesasia,1,2,3
yesdir,1,0,1
yese,0,2,2
yesem,0,2,2
yesenia,2,2,4
yeserday,1,1,2
yesert,0,1,1
yeses,0,2,2
yeseterday,1,1,2
yesetrday,1,0,1
yesgirl,1,0,1
yesh,28,60,88
yeshh,2,3,5
yeshhh,2,3,5
yeshhhh,0,1,1
yeshhhhh,1,0,1
yeshhhhhhh,0,1,1
yeshhhhhhhhh,0,1,1
yesi,2,3,5
yesican,0,1,1
yesicandoit,0,1,1
yesiowe,0,3,3
yesir,1,1,2
yesiree,1,0,1
yesirrrr,0,1,1
yesit,0,1,1
yesitsaseriousissue,1,0,1
yesm,2,0,2
yesms,1,0,1
yeso,0,1,1
yesplz,0,2,2
yess,120,288,408
yessa,1,1,2
yessahday,1,0,1
yessai,0,1,1
yessaid,0,2,2
yessenia,0,1,1
yesserie,0,1,1
yesses,1,0,1
yessh,0,5,5
yesshh,1,0,1
yesshhh,1,3,4
yesshhherieeee,1,0,1
yesshows,0,1,1
yessi,2,2,4
yessica,1,0,1
yessiereeee,1,0,1
yessiiirrr,1,0,1
yessika,0,1,1
yessir,13,39,52
yessire,0,1,1
yessiree,1,0,1
yessirr,0,1,1
yessirree,0,1,1
yessirrr,0,1,1
yessirrrr,1,1,2
yessirs,0,1,1
yessiry,0,1,1
yessongs,0,1,1
yesss,115,313,428
yesssd,0,1,1
yesssh,1,2,3
yessshh,0,2,2
yessshhh,0,2,2
yesssir,1,4,5
yesssirr,0,1,1
yessss,51,203,254
yessssa,1,0,1
yessssh,1,0,1
yessssirr,0,1,1
yesssss,28,94,122
yesssssa,1,0,1
yesssssah,0,1,1
yesssssir,0,3,3
yessssss,15,43,58
yessssssir,0,1,1
yesssssss,3,20,23
yessssssss,4,13,17
yessssssssa,0,1,1
yesssssssss,2,12,14
yessssssssss,0,11,11
yesssssssssss,3,9,12
yesssssssssssir,0,1,1
yessssssssssss,5,6,11
yesssssssssssss,1,4,5
yessssssssssssss,0,3,3
yesssssssssssssss,0,2,2
yessssssssssssssss,0,2,2
yesssssssssssssssss,0,2,2
yesssssssssssssssssss,0,1,1
yessssssssssssssssssss,0,1,1
yesssssssssssssssssssss,0,1,1
yessssssssssssssssssssssss,0,1,1
yesssssssssssssssssssssssss,0,1,1
yesssssssssssssssssssssssssssssss,0,1,1
yessssssssssssssssssssssssssssssssssssss,0,2,2
yesssssssssssssssssssssssssssssssssssssssssssssssss,0,1,1
yessssssssssssssssssssssssssssssssssssssssssssssssssssssssssssssssssssssssssssssssssssssss,0,1,1
yesssuh,1,1,2
yesssums,0,1,1
yessterday,0,1,1
yessuh,1,0,1
yessum,1,5,6
yessums,1,0,1
yessur,0,1,1
yest,87,45,132
yestadai,1,0,1
yestaday,3,0,3
yestaerday,0,1,1
yestarday,4,2,6
yestdy,0,2,2
yesteday,10,13,23
yestee,1,0,1
yesteerday,1,0,1
yester,9,2,11
yesteray,2,3,5
yesterdaaaay,1,0,1
yesterdaaay,2,0,2
yesterdaay,2,2,4
yesterdaayy,0,1,1
yesterdag,0,1,1
yesterdaii,3,0,3
yesterdamn,0,1,1
yesterdar,2,0,2
yesterdat,2,1,3
yesterday,5459,4094,9553
yesterdayd,0,12,12
yesterdayilied,0,1,1
yesterdayl,0,1,1
yesterdaynight,1,0,1
yesterdays,53,50,103
yesterdayschild,0,1,1
yesterdayxd,0,1,1
yesterdayy,12,11,23
yesterdayyy,4,2,6
yesterdayyyy,0,2,2
yesterdayyyyyyyyyyy,1,0,1
yesterdayz,0,2,2
yesterdaze,1,0,1
yesterdee,0,1,1
yesterdy,3,2,5
yesterdya,0,1,1
yestereday,0,1,1
yesternight,2,0,2
yesterrday,0,1,1
yesterrrday,0,1,1
yesters,1,0,1
yestersay,3,0,3
yestersday,2,1,3
yesteryear,2,1,3
yestesterday,1,0,1
yesti,0,1,1
yestie,1,0,1
yestor,0,1,1
yestrday,7,5,12
yestrdays,1,0,1
yestreday,4,0,4
yestrerdayyyyy,0,1,1
yesturadai,1,0,1
yesturdaay,0,1,1
yesturday,42,30,72
yesturdays,1,1,2
yesturdayy,1,2,3
yesty,2,3,5
yestyerday,1,0,1
yesum,0,1,1
yesung,1,2,3
yesy,1,1,2
yesyerday,1,0,1
yesyes,4,17,21
yesyesyes,4,4,8
yesyesyessss,0,1,1
yesyesyesyessss,0,1,1
yesyesyesyesyesyesyes,1,0,1
yesyou,0,1,1
yet,8633,4764,13397
yetbut,0,1,1
yethering,1,0,1
yeti,6,8,14
yetis,2,0,2
yetla,0,1,1
yets,1,0,1
yetserday,1,3,4
yett,10,4,14
yettt,10,3,13
yetttt,3,2,5
yettttt,1,1,2
yetx,0,1,1
yeu,1,2,3
yeuch,2,1,3
yeuck,1,1,2
yeuhyeuuuh,0,1,1
yeunglings,0,1,1
yeup,3,0,3
yeups,0,1,1
yeurgh,1,0,1
yeusss,0,1,1
yeuuh,0,1,1
yeuuuch,1,0,1
yeux,0,1,1
yew,51,63,114
yews,3,1,4
yewtreecottage,0,1,1
yeww,5,8,13
yewwhh,1,0,1
yewww,3,4,7
yewwww,0,1,1
yey,110,475,585
yeya,0,3,3
yeyaaa,0,1,1
yeyaaaaaaa,0,1,1
yeyaah,0,1,1
yeyah,3,1,4
yeye,1,9,10
yeyea,1,0,1
yeyeah,0,1,1
yeyee,1,2,3
yeyeh,0,1,1
yeyey,1,1,2
yeyeyey,1,0,1
yeyeyeye,0,2,2
yeyeyeyey,0,1,1
yeyeyeyeye,0,1,1
yeyeyeyeyey,1,0,1
yeyeyeyeyeyeyeyey,0,1,1
yeys,2,5,7
yeysyesyesyessssss,0,1,1
yeyt,1,0,1
yeyuh,0,1,1
yeyy,1,25,26
yeyyahhhhhh,0,1,1
yeyyy,5,13,18
yeyyyy,0,9,9
yeyyyyy,0,3,3
yeyyyyyyyy,0,1,1
yeyyyyyyyyy,1,1,2
yeyz,0,3,3
yez,2,3,5
yezir,0,2,2
yezyez,1,0,1
yezz,2,4,6
yezzer,0,1,1
yezzir,1,5,6
yezzirr,0,1,1
yezzurr,0,1,1
yezzy,1,0,1
yezzz,0,2,2
yezzzir,1,1,2
yezzzirrr,0,1,1
yezzzz,0,2,2
yezzzzz,1,0,1
yezzzzzir,1,0,1
yezzzzzzzzzzzzir,0,1,1
yf,1,1,2
yfc,4,4,8
yfe,2,0,2
yfest,0,2,2
yfor,1,1,2
yfriend,0,1,1
yfrog,8,8,16
yg,67,70,137
ygb,1,0,1
yge,0,1,1
ygh,1,0,1
yghurt,0,1,1
ygl,0,1,1
ygn,1,0,1
ygou,1,0,1
yh,42,38,80
yha,2,1,3
yhaaa,0,1,1
yhaddayaknow,0,1,1
yhaha,1,0,1
yhai,0,2,2
yhalothar,0,1,1
yhaoo,1,0,1
yhat,1,0,1
yhats,0,1,1
yhaw,0,1,1
yhbmcfly,1,0,1
yhe,3,3,6
yhea,1,2,3
yheaa,1,0,1
yhep,1,1,2
yhere,1,0,1
yhey,0,2,2
yhh,3,3,6
yhhh,2,4,6
yhhhh,0,1,1
yhigrlhelrhgiolhegb,1,0,1
yhihf,1,0,1
yhis,0,2,2
yhk,0,2,2
yho,1,0,1
yhoo,6,4,10
yhooooo,0,1,1
yhou,0,2,2
yhough,0,1,1
yhouuu,1,0,1
yhow,0,1,1
yhs,0,1,1
yhtak,0,1,1
yhu,14,4,18
yhur,1,0,1
yhurr,1,0,1
yhuu,1,2,3
yhuuhu,0,1,1
yhyh,0,1,1
yi,13,23,36
yia,2,6,8
yiaa,1,0,1
yiayia,1,3,4
yibb,0,1,1
yibeen,0,1,1
yichang,1,0,1
yick,3,0,3
yicket,1,0,1
yickez,1,0,1
yicks,1,0,1
yiddish,0,4,4
yiddos,1,0,1
yiddy,1,0,1
yidio,1,0,1
yie,0,1,1
yiee,0,1,1
yieeeeh,0,1,1
yieehaa,0,1,1
yield,5,5,10
yielded,3,2,5
yields,5,3,8
yiew,1,0,1
yiey,0,1,1
yiff,1,0,1
yiggety,0,1,1
yiha,0,1,1
yihaa,0,4,4
yihaaa,0,2,2
yihaaaaa,0,2,2
yihaaaaaaaaaaaa,0,1,1
yihaaaw,0,1,1
yiheaa,0,1,1
yihee,0,3,3
yiheng,0,1,1
yihhh,1,0,1
yihii,0,1,1
yiiay,0,1,1
yiid,0,2,2
yiiee,0,1,1
yiieeppiiee,0,2,2
yiihaaaaaaaaaa,0,1,1
yiihaaaaaaaaaaaaa,0,1,1
yiii,0,2,2
yiiiepiiee,0,1,1
yiiihaaa,0,1,1
yiiihi,0,1,1
yiiiie,0,1,1
yiiiihhhu,0,1,1
yiiiiiiiiii,1,1,2
yiiiiiiiiiiiiiha,1,0,1
yiiiiiiiiiikes,1,0,1
yiiiiikes,1,0,1
yiiiiis,0,1,1
yiiiikes,1,0,1
yiiiippppiiiieee,0,1,1
yiiiit,0,1,1
yiiikes,1,1,2
yiiipiiiieee,0,1,1
yiiipppiiee,0,1,1
yiiipppiiiiee,0,1,1
yiiissss,0,1,1
yiikes,1,0,1
yiipes,1,0,1
yiipiii,1,0,1
yiippee,1,0,1
yiippeee,0,1,1
yiippiiiee,0,1,1
yiipppppeee,0,1,1
yiippppy,0,1,1
yijung,1,1,2
yik,2,0,2
yike,2,0,2
yiked,1,0,1
yikees,1,0,1
yikeessssssssssss,1,0,1
yikeroni,1,0,1
yikes,396,155,551
yikesers,1,0,1
yikesm,1,0,1
yikess,2,0,2
yikesss,1,0,1
yikesssss,1,0,1
yikesz,1,0,1
yikeysss,0,1,1
yikkeesss,0,1,1
yikkesss,1,0,1
yikkkes,1,0,1
yil,1,0,1
yiling,0,1,1
yim,7,13,20
yime,0,1,1
yimmy,0,1,1
yimou,0,1,1
yin,11,15,26
yine,1,0,1
ying,6,8,14
yingo,1,1,2
yingting,1,0,1
yingy,1,0,1
yingyang,0,1,1
yingyi,1,0,1
yingyu,0,1,1
yinn,0,1,1
yins,1,0,1
yinz,1,2,3
yiour,0,1,1
yip,20,40,60
yipe,2,0,2
yipee,23,75,98
yipeee,5,16,21
yipeeee,1,9,10
yipeeeee,1,8,9
yipeeeeee,0,1,1
yipeeeeeeee,0,1,1
yipeeeeeeeeeee,0,3,3
yipeeeeeeeeeeeeeeeeeeee,0,1,1
yipeeeyayyay,0,1,1
yipes,8,1,9
yiphee,0,1,1
yipiiiee,0,1,1
yipiiieee,0,1,1
yipiiiiiie,0,1,1
yipiiiiiiiiiiii,0,1,1
yipikaye,0,1,1
yippe,3,5,8
yippee,40,97,137
yippeee,6,20,26
yippeeee,3,7,10
yippeeeee,2,6,8
yippeeeeee,1,2,3
yippeeeeeee,0,1,1
yippeeeeeeee,0,3,3
yippeeeeeeeeeeeee,0,1,1
yippersss,0,1,1
yippi,1,4,5
yippie,11,49,60
yippiee,1,3,4
yippieee,1,1,2
yippieeee,0,1,1
yippieeeee,0,1,1
yippieeeh,0,1,1
yippieh,1,3,4
yippiekayee,1,0,1
yippies,0,2,2
yippieyippieyeah,0,1,1
yippiiee,0,1,1
yippiieee,0,1,1
yipppee,0,1,1
yipppeee,0,1,1
yipppeeee,1,2,3
yipppeeeee,1,0,1
yipppie,0,3,3
yipppiee,0,1,1
yipppieee,0,1,1
yipppieeee,0,1,1
yipppieeeh,0,1,1
yipppiiee,0,1,1
yipppiiiieee,0,1,1
yippppe,0,1,1
yippppeee,0,2,2
yippppeeee,0,1,1
yippppeeeee,0,1,1
yippppeeeeee,2,0,2
yippppeeeeeeeee,0,1,1
yippppie,1,1,2
yippppiiee,0,1,1
yipppppeeee,0,1,1
yippppppeeee,0,1,1
yipppppy,0,1,1
yippy,7,15,22
yippyy,0,1,1
yips,0,2,2
yipyap,1,0,1
yipyip,0,1,1
yipyipyip,0,1,1
yipyipyipyipyipyip,0,1,1
yir,1,2,3
yirgacheffe,0,2,2
yiri,1,0,1
yiria,0,1,1
yiruma,3,4,7
yis,5,4,9
yishan,0,1,1
yishun,3,2,5
yisroel,1,0,1
yiss,1,0,1
yisss,0,1,1
yit,0,1,1
yiu,2,4,6
yiugh,1,0,1
yiul,0,1,1
yiur,0,1,1
yiyecekleri,0,1,1
yiyi,1,0,1
yiyuhh,0,1,1
yiz,0,1,1
yizeah,0,1,1
yizear,0,1,1
yizzer,1,1,2
yizzur,1,0,1
yj,0,2,2
yje,1,0,1
yjech,0,1,1
yk,2,2,4
ykai,0,1,1
ykesha,0,1,1
ykno,1,1,2
yknow,14,11,25
yknw,1,0,1
ykoon,1,0,1
yksopp,0,7,7
yku,0,1,1
ykwim,1,0,1
ykyat,0,11,11
yl,2,5,7
ylan,1,1,2
ylang,0,2,2
ylaviolencia,0,1,1
yle,1,2,3
ylet,1,0,1
yleyin,0,1,1
yli,0,1,1
ylia,0,1,1
yllaer,0,1,1
yllana,0,1,1
ylo,1,0,1
ylod,1,0,1
yloding,1,0,1
yloh,0,1,1
yls,0,1,1
ylss,0,1,1
ylva,0,3,3
ylviv,0,1,1
ylvp,0,3,3
ym,75,73,148
yma,2,2,4
ymaa,1,0,1
ymaewk,1,1,2
ymaewn,1,0,1
ymail,0,1,1
ymal,0,1,1
ymas,4,2,6
ymca,11,17,28
ymcam,1,0,1
ymcoffee,0,1,1
ymessenger,1,0,1
ymhh,1,0,1
ymhtos,1,0,1
yming,1,0,1
ymitos,1,0,1
ymm,0,1,1
ymmv,0,3,3
ymmy,0,1,1
ymous,1,0,1
ymry,0,1,1
ymself,0,1,1
ymtumbkr,0,1,1
yn,60,33,93
yna,2,1,3
ynah,0,1,1
ynares,0,1,1
ynattirb,0,1,1
ynes,0,1,1
yng,0,2,2
yngve,0,1,1
yngwie,1,0,1
ynnnnnnnn,1,0,1
ynoe,0,1,1
ynot,1,2,3
ynp,1,0,1
ynr,0,1,1
yntg,1,0,1
yntwtr,0,1,1
ynwa,1,3,4
yo,938,1263,2201
yoa,0,3,3
yoakam,0,1,1
yoandy,0,1,1
yoanna,1,0,1
yoast,0,1,1
yoav,0,1,1
yob,3,2,5
yobabe,0,1,1
yobachi,1,0,1
yobanbe,1,0,1
yobbos,0,1,1
yobeat,1,0,1
yobery,0,1,1
yobi,0,1,1
yobs,0,1,1
yocals,0,1,1
yoccos,1,0,1
yocklesville,0,1,1
yoconfieso,1,2,3
yoda,10,30,40
yodasoda,0,1,1
yodastyle,0,1,1
yoday,3,0,3
yodel,2,0,2
yodeling,1,4,5
yoder,0,1,1
yodiddy,1,0,1
yodium,0,1,1
yodobashi,0,1,1
yoensky,1,0,1
yoey,1,0,1
yofee,0,1,1
yoffee,0,1,1
yofruit,0,1,1
yog,1,3,4
yoga,235,382,617
yogaa,0,2,2
yogaaaaaaaaaa,1,0,1
yogaaaaaaaaaaaa,0,1,1
yogaarmy,0,2,2
yogabbagabba,0,2,2
yogabootyballet,1,0,1
yogacilar,0,1,1
yogadork,0,1,1
yogafit,0,1,1
yogaing,1,0,1
yogananda,0,1,1
yogaroo,2,0,2
yogart,1,1,2
yogato,0,1,1
yogatoday,1,0,1
yogax,1,0,1
yogen,0,1,1
yogert,0,1,1
yogesh,1,0,1
yogev,0,1,1
yogey,1,0,1
yogg,5,6,11
yoggg,1,0,1
yoggie,0,2,2
yogging,2,1,3
yoggles,1,0,1
yoggs,0,1,1
yoghart,1,0,1
yoghurt,43,41,84
yoghurts,2,2,4
yogi,12,12,24
yogiberry,0,1,1
yogiee,0,1,1
yogini,0,1,1
yogja,1,0,1
yogo,1,4,5
yogokiss,0,1,1
yogulicious,0,1,1
yogun,0,1,1
yogurlicious,0,1,1
yogurrrt,1,0,1
yogurt,155,180,335
yogurtberry,0,1,1
yogurth,0,2,2
yogurtime,1,0,1
yogurting,0,1,1
yogurtisland,0,1,1
yogurtland,17,23,40
yogurtlanndddddd,1,0,1
yogurtoftheday,0,2,2
yogurts,4,3,7
yogurttttt,1,0,1
yogurtville,0,2,2
yogurtworld,2,0,2
yogurtzzzz,1,0,1
yogut,1,0,1
yogyakarta,0,1,1
yoh,2,2,4
yoha,1,0,1
yohaa,0,1,1
yohan,0,1,1
yohann,0,1,1
yohanna,0,3,3
yohgurt,0,1,1
yohji,1,0,1
yohn,0,1,1
yoho,0,2,2
yohokama,0,1,1
yohoo,0,1,1
yohooo,0,1,1
yohoooo,0,2,2
yohosie,0,1,1
yoi,3,5,8
yoink,1,0,1
yoinked,2,0,2
yoir,1,0,1
yoiu,2,7,9
yoiur,2,2,4
yoji,0,1,1
yojimbo,0,3,3
yok,4,9,13
yoke,4,6,10
yoked,1,0,1
yokel,1,0,1
yokes,1,0,1
yoki,1,0,1
yokie,0,1,1
yoking,0,1,1
yoknow,0,1,1
yoko,12,29,41
yokohama,2,2,4
yokomo,1,0,1
yokoono,0,2,2
yokosuka,0,1,1
yoks,0,1,1
yoku,0,1,1
yol,0,1,1
yola,1,4,5
yolaaaa,0,1,1
yolanda,1,6,7
yolande,0,1,1
yolculu,1,0,1
yolds,0,1,1
yole,0,1,1
yolee,1,0,1
yoli,1,2,3
yolianne,0,1,1
yolie,0,2,2
yolinga,0,1,1
yolipie,0,1,1
yoliski,0,1,1
yolk,10,7,17
yolkiest,0,1,1
yolks,2,2,4
yoll,0,1,1
yolonda,1,0,1
yoly,0,1,1
yom,3,9,12
yomato,1,0,1
yommmmm,0,1,1
yommy,0,1,1
yomq,0,1,1
yomyomyomyom,1,0,1
yon,3,5,8
yonder,5,10,15
yondr,0,1,1
yoneda,1,0,1
yonego,0,1,1
yonex,1,0,1
yong,2,8,10
yongdae,1,0,1
yonge,3,4,7
yonger,0,1,1
yongest,0,1,1
yonggg,1,0,1
yonggi,1,0,1
yongumix,0,1,1
yoni,2,1,3
yonica,1,0,1
yonipalooza,0,1,1
yonis,0,1,1
yonit,1,0,1
yonkers,2,3,5
yonks,8,6,14
yonnie,0,2,2
yonny,0,1,1
yonoy,0,1,1
yonz,0,1,1
yoo,43,59,102
yoobin,0,2,2
yoochun,1,5,6
yoof,1,1,2
yooh,4,22,26
yoohoo,4,11,15
yoohooo,0,1,1
yoohoos,1,0,1
yoohz,1,0,1
yook,1,0,1
yoom,1,0,1
yoon,0,1,1
yoona,0,3,3
yoono,1,2,3
yooo,30,29,59
yooodioo,0,1,1
yoooh,3,0,3
yooohoo,0,1,1
yooohooo,0,1,1
yoooo,15,23,38
yooooga,0,1,1
yooooo,9,8,17
yooooohhh,0,1,1
yoooooo,5,9,14
yooooooo,3,6,9
yoooooooo,0,2,2
yooooooooo,1,1,2
yooooooooonnnnnniiiiieeeeeeesssssssssss,1,0,1
yoooooooooo,1,1,2
yooooooooooo,0,1,1
yoooooooooooo,0,4,4
yooooooooooooooooo,0,1,1
yoooooooooooooooooooooooooo,0,1,1
yoooooooooooooooooooooooooooooooooo,0,1,1
yoooooooooooooooooooou,1,0,1
yoooooooooooooooou,0,1,1
yooooooooooooooou,1,0,1
yoooooooooooooou,1,0,1
yooooooooooooou,0,1,1
yoooooooooooouuuu,1,0,1
yooooooooooou,1,0,1
yooooooooooous,0,1,1
yooooooooou,0,1,1
yoooooooou,3,2,5
yoooooooouu,0,1,1
yoooooooouuuuu,0,1,1
yooooooou,3,0,3
yoooooou,2,0,2
yoooooours,1,0,1
yoooooous,0,1,1
yoooooouuuuuukkkkkk,0,1,1
yooooou,5,17,22
yooooour,0,3,3
yooooouuu,1,0,1
yoooou,12,15,27
yoooour,0,1,1
yoooous,1,0,1
yoooouu,2,1,3
yoooouuu,2,2,4
yoooouuuu,2,2,4
yoooouuuuu,0,2,2
yoooouuuuuuu,0,1,1
yooorrrkkk,0,1,1
yooou,10,24,34
yooouh,0,1,1
yooour,0,2,2
yooouu,3,1,4
yooouuu,6,5,11
yooouuuu,1,4,5
yooouuuuu,1,0,1
yooouuuuuuu,2,0,2
yooouuuuuuuuu,0,1,1
yoooz,1,0,1
yooper,0,1,1
yoopers,0,2,2
yoosa,0,1,1
yoot,2,2,4
yooth,1,0,1
yootha,1,0,1
yootheme,1,0,1
yoou,23,45,68
yoouh,0,1,1
yoououououououuuuu,1,0,1
yoour,1,4,5
yoous,1,0,1
yoouu,7,8,15
yoouucchhhh,1,0,1
yoouuu,2,4,6
yoouuuu,1,3,4
yoouuuuu,1,0,1
yoouuuuuu,1,0,1
yoox,0,2,2
yooyoyyooo,0,1,1
yooyuball,1,2,3
yop,3,5,8
yoplait,2,4,6
yopu,1,2,3
yor,4,24,28
yorba,0,2,2
yordu,1,0,1
yore,6,2,8
yorgo,1,0,1
yori,2,8,10
york,551,570,1121
yorkdale,2,2,4
yorke,0,1,1
yorker,6,13,19
yorkers,8,8,16
yorkes,1,0,1
yorki,1,0,1
yorkian,1,0,1
yorkie,30,17,47
yorkies,5,2,7
yorkietalk,1,1,2
yorkkkk,0,1,1
yorks,11,6,17
yorkshire,95,45,140
yorkshireman,2,0,2
yorkshires,0,1,1
yorkshirewoman,0,1,1
yorktown,0,1,1
yorkville,3,4,7
yorly,3,12,15
yorma,1,0,1
yorn,3,2,5
yoroshiku,0,1,1
yoroshikune,0,1,1
yorque,0,1,1
yorquin,1,0,1
yorrrrk,0,1,1
yorself,0,1,1
yorsh,0,1,1
yoru,1,3,4
yoruba,0,2,2
yorubas,0,1,1
yorum,1,2,3
yos,1,3,4
yosakoi,0,1,1
yosaku,0,1,1
yoscar,0,1,1
yoself,2,0,2
yosemite,13,8,21
yosemitee,1,0,1
yosemitie,1,0,1
yosh,1,3,4
yoshhhh,0,1,1
yoshi,23,24,47
yoshie,0,1,1
yoshihiro,0,1,1
yoshin,0,1,1
yoshinoya,0,2,2
yoshioka,1,0,1
yoshis,0,1,1
yoshitaka,0,1,1
yoshiura,1,0,1
yosi,1,1,2
yosimitee,0,1,1
yoss,0,1,1
yossi,2,2,4
yossof,1,0,1
yost,1,1,2
yostur,1,0,1
yot,1,1,2
yota,1,0,1
yotch,0,1,1
yote,1,2,3
yoter,1,0,1
yotes,1,1,2
yotsuba,2,2,4
you,103844,198245,302089
youa,0,2,2
youact,0,1,1
youall,0,2,2
youalready,1,0,1
youamazeme,0,1,1
youand,0,1,1
youandnick,0,1,1
youare,0,1,1
youarenaughty,0,1,1
youas,0,1,1
youbatube,0,1,1
youbelongwitme,0,1,1
youbetcha,1,0,1
youblogger,0,1,1
youboy,1,0,1
youbrit,1,0,1
youc,1,0,1
youcan,1,3,4
youcanbemarried,0,1,1
youcandooeetleonie,0,1,1
youcanmakethis,1,0,1
youcansee,1,0,1
youch,7,3,10
youcherz,1,0,1
youchoob,0,1,1
youchy,1,0,1
youd,21,32,53
youdabest,0,2,2
youdarling,1,0,1
youdata,1,0,1
youdo,1,0,1
youdoinn,0,1,1
youdon,1,0,1
youe,4,2,6
youed,0,1,1
youenjoyed,0,1,1
youer,1,3,4
youes,1,0,1
youetoube,0,1,1
yougamer,0,1,1
youger,0,1,1
youget,0,1,1
youghal,1,1,2
youghurt,2,4,6
youglife,2,0,2
yougogirl,0,1,1
yougurt,3,6,9
youguys,1,1,2
youh,3,3,6
youhad,1,1,2
youhave,1,1,2
youhh,0,2,2
youhhh,1,0,1
youhhhhhhh,1,0,1
youhiring,0,2,2
youhou,0,4,4
youhouuuuu,0,1,1
youhpu,0,1,1
youhz,0,1,1
youi,0,4,4
youin,2,0,2
youire,0,1,1
youiwhore,1,0,1
youk,1,0,1
youki,1,0,1
youkid,1,0,1
youkidding,0,1,1
youkilove,1,0,1
youknow,1,3,4
youknowho,0,1,1
youknowimsofreshtilldeath,0,1,1
youknowsit,1,0,1
youknoww,0,1,1
youknowwhat,2,0,2
youknowwhere,1,0,1
youknowwho,4,0,4
youknowyouareal,0,1,1
youknowyouareoldwhen,0,2,2
youknowyoudeadazzwrong,1,0,1
youknowyouloveme,0,3,3
youknowyouupttooearly,1,0,1
youknowzach,0,1,1
youknw,1,0,1
youku,1,2,3
youl,4,2,6
yould,1,0,1
youlearn,0,1,1
youlgreave,0,1,1
youlive,0,1,1
youll,45,89,134
youllneversparkleinhell,0,1,1
youlolll,0,1,1
youlook,0,1,1
youlove,0,1,1
youmade,0,1,1
youmail,3,0,3
youme,1,0,1
youmean,1,0,1
youmeatsix,4,7,11
youmei,1,0,1
youmeo,1,0,1
youmeter,0,1,1
youmissed,0,1,1
youmni,0,1,1
youmybabygirl,1,0,1
youn,1,0,1
yound,1,0,1
youneed,0,1,1
youneedhelp,0,1,1
younes,1,0,1
young,701,896,1597
youngage,0,1,1
youngahsss,1,0,1
youngass,0,1,1
youngblood,1,2,3
youngbloods,1,0,1
youngbut,0,1,1
younge,3,1,4
youngen,0,2,2
younger,186,211,397
youngerr,0,1,1
youngers,1,0,1
youngest,104,85,189
youngesters,1,0,1
youngests,1,0,1
youngey,1,0,1
younghink,0,1,1
youngin,7,14,21
youngings,0,1,1
youngins,3,4,7
younginss,1,0,1
youngji,0,1,1
youngking,1,0,1
younglife,3,0,3
youngling,0,1,1
younglings,0,1,1
younglion,1,0,1
younglives,2,0,2
younglove,0,1,1
youngman,0,2,2
youngmoms,1,0,1
youngn,0,1,1
youngness,1,0,1
youngns,1,0,1
youngpete,1,0,1
youngplatinum,0,2,2
youngq,1,5,6
youngs,0,3,3
youngster,4,7,11
youngsters,4,6,10
youngstown,6,0,6
youngsy,1,0,1
younguns,0,1,1
youngyonny,1,0,1
younha,0,1,1
younis,1,0,1
younkers,1,0,1
younkin,0,1,1
younote,0,1,1
younowtweetingwiththerealest,0,1,1
younq,0,3,3
younqer,0,1,1
younqq,1,0,1
yountville,1,0,1
younudge,0,1,1
younus,0,1,1
youo,1,1,2
youon,1,0,1
youoo,1,0,1
youououo,0,1,1
youowe,1,2,3
youparklikeanasshole,0,1,1
youphonehelp,0,1,1
youpidou,0,1,1
youpidue,0,1,1
youpii,0,1,1
youpiii,0,1,1
youporn,0,1,1
youppiii,1,0,1
your,20898,44541,65439
yourbiggestfan,1,1,2
yourbrother,1,0,1
yourconcerts,1,0,1
yourcrapsweak,0,1,1
yourday,0,1,1
yourdoingitwrong,1,0,1
yourdon,0,1,1
youre,361,589,950
yourebel,0,1,1
youree,0,2,2
youreeee,0,1,1
youregreat,0,4,4
yourenotehelping,0,1,1
yourenotsupposedtobesickduringyourbdayweek,1,0,1
youreright,0,1,1
youreself,0,1,1
yourface,1,0,1
yourfacial,0,1,1
yourfault,0,1,1
yourfav,0,1,1
yourfavoritecobra,0,1,1
yourfelf,0,1,1
yourfirst,1,0,1
yourghettowhen,5,0,5
yourgtland,1,0,1
yourhealth,3,2,5
yourhearing,0,1,1
yourheart,0,1,1
youri,0,2,2
yourll,0,1,1
yourmom,0,1,1
yourmomsawhore,1,0,1
yourn,0,1,1
yourname,0,2,2
yourne,1,0,1
yournews,0,1,1
yourock,0,2,2
yourplaylist,0,1,1
yourr,6,11,17
yourrr,0,3,3
yourrrr,1,1,2
yourrrrr,0,1,1
yourrrrs,1,0,1
yourrs,0,1,1
yours,592,1389,1981
yourscenesucks,1,0,1
yourse,0,1,1
yoursef,0,1,1
yourseif,0,1,1
yourseld,0,1,1
yourself,615,1621,2236
yourselfer,0,1,1
yourselff,0,2,2
yourselffff,0,1,1
yourselfffff,1,0,1
yourselfffffffffffffff,0,1,1
yourselfs,1,3,4
yourselft,0,1,1
yourselves,14,68,82
yoursen,0,1,1
yourshire,0,1,1
yourslef,0,3,3
yourson,0,1,1
yoursong,0,1,1
yourss,0,1,1
yoursss,0,1,1
yourssss,1,0,1
yourssssss,0,1,1
yoursssssssssss,0,1,1
yoursz,0,1,1
yourte,0,2,2
yourtest,1,0,1
yourthai,0,1,1
yourtunes,1,0,1
yourube,0,1,1
yourve,1,0,1
yourwelcome,1,1,2
yourwendy,1,0,1
yourworks,0,1,1
yourwxtoday,1,0,1
yourz,0,2,2
yous,65,112,177
yousa,0,2,2
youscream,0,1,1
youse,2,12,14
yousef,0,1,1
youself,6,9,15
yousend,0,1,1
yousendit,4,2,6
youshould,2,1,3
yousof,0,1,1
youspeak,0,1,1
youspecialwhen,0,1,1
youspoof,0,1,1
youss,1,2,3
youssef,0,1,1
yousss,1,1,2
youssss,0,4,4
youst,0,1,1
youstinkatrespondingtotexts,1,0,1
youstream,0,1,1
yousuf,1,0,1
yout,6,13,19
youtaz,0,1,1
youtbe,1,0,1
youtele,1,0,1
youth,170,245,415
youthcamp,0,1,1
youthful,2,12,14
youthfull,0,1,1
youthgames,2,0,2
youthgroup,0,3,3
youthinkimkiddingimfuckingseriousiamhavingmeatloafwithdrawalsandamthisclosetorobbingameatloafrestaurant,0,1,1
youthis,0,1,1
youthlings,0,1,1
youthpastor,0,1,1
youths,2,1,3
youthy,1,1,2
youtiao,1,0,1
youtibe,0,1,1
youto,0,1,1
youtoba,0,1,1
youtobe,1,0,1
youtoo,2,0,2
youttube,1,0,1
youtube,1535,2076,3611
youtubed,2,5,7
youtubee,2,4,6
youtubeee,0,2,2
youtubeeee,0,2,2
youtubeeeee,0,1,1
youtubein,0,1,1
youtubeing,0,1,1
youtuber,6,7,13
youtubers,8,6,14
youtubes,8,7,15
youtubescreeningroom,1,0,1
youtubesub,1,0,1
youtubethroughyranus,0,1,1
youtubin,0,3,3
youtubing,10,15,25
youtubr,1,0,1
youtue,1,1,2
youtwitface,3,8,11
youtwitfaces,0,1,1
youu,257,456,713
youuaaaaaaa,0,1,1
youube,1,0,1
youuhh,0,1,1
youup,1,0,1
youur,2,6,8
youurr,0,1,1
youurrr,1,0,1
youus,0,3,3
youused,1,0,1
youutubeee,0,1,1
youuu,179,256,435
youuuchuuub,0,1,1
youuur,1,0,1
youuurrr,1,0,1
youuurs,0,1,1
youuus,0,1,1
youuusss,1,0,1
youuuu,110,135,245
youuuur,0,1,1
youuuuu,56,49,105
youuuuuu,22,29,51
youuuuuuu,16,18,34
youuuuuuuu,8,12,20
youuuuuuuuu,9,7,16
youuuuuuuuuu,5,8,13
youuuuuuuuuuu,5,4,9
youuuuuuuuuuuu,1,1,2
youuuuuuuuuuuuu,0,5,5
youuuuuuuuuuuuurr,0,1,1
youuuuuuuuuuuuuu,2,2,4
youuuuuuuuuuuuuuu,0,3,3
youuuuuuuuuuuuuuuuuu,0,1,1
youuuuuuuuuuuuuuuuuuuu,3,1,4
youuuuuuuuuuuuuuuuuuuuu,1,0,1
youuuuuuuuuuuuuuuuuuuuuu,1,0,1
youuuuuuuuuuuuuuuuuuuuuuuuu,1,0,1
youuuuuuuuuuuuuuuuuuuuuuuuuuuu,1,0,1
youuuuuuuuuuuuuuuuuuuuuuuuuuuuuuuuuuuuuuuuuuuuuuuuuuuuuuuu,1,0,1
youuuuuuuuuw,1,0,1
youuuy,1,0,1
youuz,0,1,1
youuzzz,0,1,1
youv,1,4,5
youve,49,58,107
youversion,1,0,1
youvstill,1,0,1
youw,0,2,2
youwatched,0,2,2
youwere,1,0,1
youwhore,1,0,1
youwithoutme,1,0,1
youwonder,0,1,1
youwouldnt,1,0,1
youx,3,1,4
youxx,1,1,2
youxxx,1,0,1
youy,2,2,4
youz,3,9,12
youzle,0,1,1
youzz,0,1,1
youzzz,3,0,3
yova,1,0,1
yovann,0,1,1
yovi,0,1,1
yovie,1,0,1
yovile,1,0,1
yoville,5,21,26
yow,8,11,19
yowch,6,0,6
yowess,1,0,1
yowi,1,0,1
yowie,1,0,1
yowling,1,0,1
yown,0,1,1
yowsa,1,0,1
yowser,0,1,1
yowsers,1,0,1
yoww,1,0,1
yowww,1,1,2
yowza,5,11,16
yowzers,0,1,1
yoy,7,7,14
yoyo,10,19,29
yoyogames,1,0,1
yoyogi,1,0,1
yoyoing,2,0,2
yoyoma,0,1,1
yoyooyoyo,1,0,1
yoyos,2,2,4
yoyoyo,3,3,6
yoyoyogurt,0,1,1
yoyoyoooo,0,1,1
yoyoyoy,0,1,1
yoyoyoyo,0,1,1
yoytec,1,0,1
yoyu,0,1,1
yoyyy,1,0,1
yoz,1,0,1
yozuuuuuuu,0,1,1
yp,6,7,13
ypc,1,2,3
ype,1,0,1
ypenc,0,1,1
ypf,0,1,1
ypfc,0,1,1
ypic,0,1,1
ypipiee,0,1,1
ypj,0,1,1
ypm,0,1,1
ypn,0,1,1
ypo,0,2,2
ypou,2,1,3
ypourself,1,0,1
ypr,1,0,1
ypres,0,1,1
ypsi,2,3,5
ypsicornerbrewery,1,0,1
ypsy,0,1,1
ypu,6,8,14
ypulse,0,1,1
ypur,1,1,2
yputube,1,0,1
yql,0,2,2
yr,869,768,1637
yra,1,0,1
yrb,0,1,1
yrbee,1,0,1
yrbk,3,0,3
yrbks,0,1,1
yrbook,1,0,1
yrd,1,2,3
yrds,1,0,1
yre,1,1,2
yrekkka,0,1,1
yrf,1,2,3
yrfsquad,0,1,1
yrg,0,1,1
yri,1,0,1
yrina,0,1,1
yriold,1,0,1
yrl,1,0,1
yrly,1,0,1
yrmes,1,0,1
yrng,1,0,1
yro,3,1,4
yrold,6,7,13
yroldg,0,1,1
yrs,513,421,934
yrself,3,5,8
yrselves,1,0,1
yrssss,1,0,1
yrsz,1,0,1
yrt,1,1,2
ys,7,6,13
ysa,1,0,1
ysaaa,0,1,1
ysabel,2,0,2
ysabet,2,0,2
ysallemch,0,1,1
ysalmch,0,1,1
ysbd,1,0,1
ysc,0,1,1
ysciefiog,1,0,1
ysdbhjbvydkfjfdla,1,0,1
ysee,1,0,1
yself,2,0,2
ysen,0,1,1
ysera,1,0,1
ysfjkh,0,1,1
ysh,0,1,1
ysha,1,0,1
ysidro,0,1,1
ysj,1,0,1
ysk,0,1,1
yskbbn,1,0,1
ysl,5,5,10
yslow,3,2,5
ysls,1,0,1
yso,0,1,1
ysplanti,0,1,1
yssa,0,1,1
yst,0,2,2
ystd,2,0,2
ystday,1,2,3
ystdy,1,0,1
yster,0,1,1
ysterda,0,1,1
ysterday,6,1,7
ystes,1,0,1
ystrad,1,0,1
ystrday,15,8,23
ystrdy,13,5,18
ysydy,1,0,1
yt,96,100,196
ytchannel,1,0,1
ytd,8,6,14
ytday,1,0,1
ytech,2,0,2
ytechno,0,1,1
yteppei,1,0,1
ytf,1,0,1
ythat,1,0,1
ythe,1,1,2
ythefuck,1,0,1
ythink,0,1,1
ytinker,0,1,1
ytmitimliwickahyedtryhsyatm,0,1,1
ytmnd,1,0,1
yto,0,1,1
ytour,0,1,1
ytrdy,1,0,1
ytube,1,4,5
ytuber,1,0,1
ytummyache,1,0,1
ytv,2,1,3
ytweetstalks,0,1,1
yty,0,1,1
yu,235,351,586
yua,3,1,4
yuah,0,1,1
yuan,3,3,6
yuanbo,1,0,1
yuans,2,0,2
yuarata,0,1,1
yub,0,1,1
yuba,1,3,4
yubin,1,0,1
yubotu,2,2,4
yubu,0,1,1
yuca,1,0,1
yucaipa,1,0,1
yucatan,2,0,2
yucc,1,0,1
yucca,1,2,3
yuccccck,1,0,1
yuccy,1,0,1
yuch,1,0,1
yuchk,1,0,1
yucik,0,1,1
yuck,547,93,640
yuckee,1,0,1
yuckeee,1,0,1
yuckety,1,0,1
yuckey,1,0,1
yuckie,6,0,6
yuckiness,3,0,3
yuckity,2,0,2
yuckk,5,0,5
yuckkay,1,0,1
yuckkiii,1,0,1
yuckkk,12,1,13
yuckkkk,3,1,4
yuckkkkk,1,0,1
yuckkkkkk,3,0,3
yuckkkkkkkk,1,0,1
yuckkkkkkkkkkkkkk,1,0,1
yuckkkks,1,0,1
yuckkss,1,0,1
yuckky,3,2,5
yuckness,1,0,1
yucko,6,0,6
yucks,5,1,6
yucky,281,37,318
yuckyuckyuck,0,1,1
yuckyyy,3,0,3
yuckyyyyy,1,0,1
yucly,1,0,1
yud,1,0,1
yudh,0,1,1
yudhoyono,0,1,1
yudith,0,1,1
yudu,1,0,1
yue,2,1,3
yuen,3,1,4
yuengling,5,0,5
yuenglings,1,1,2
yuenling,0,1,1
yuf,0,1,1
yuffi,0,2,2
yufi,0,1,1
yugaslavia,0,1,1
yugets,0,1,1
yuggy,1,0,1
yugh,1,0,1
yughurt,1,0,1
yugi,1,0,1
yugioh,2,4,6
yugo,0,4,4
yugoslav,1,0,1
yugoslavia,1,3,4
yugoslavian,0,1,1
yuh,33,44,77
yuhh,3,8,11
yuhhh,1,1,2
yuhhhh,1,0,1
yuhhhhhhh,0,1,1
yuhi,1,0,1
yuhmm,0,1,1
yuhoo,0,2,2
yuhouh,0,1,1
yuhp,0,1,1
yuhr,0,2,2
yuhui,1,0,1
yuhuuu,0,2,2
yuhuuul,0,1,1
yuhuuuu,0,1,1
yuhuuuuu,0,1,1
yuhuuuuuuuuuuu,0,1,1
yuhyoo,1,0,1
yui,3,5,8
yuigfgyuid,1,0,1
yuill,0,1,1
yujm,0,1,1
yuju,0,1,1
yuk,125,35,160
yuka,0,1,1
yukai,1,0,1
yukakoooo,1,0,1
yukari,1,0,1
yuke,1,1,2
yukhoe,0,1,1
yuki,3,13,16
yukie,1,0,1
yukiko,3,2,5
yukimi,0,1,1
yukimura,0,1,1
yukio,0,1,1
yukito,0,1,1
yukk,0,2,2
yukkie,1,0,1
yukkier,1,0,1
yukkies,3,0,3
yukkk,2,0,2
yukkkk,1,0,1
yukky,18,2,20
yuko,0,3,3
yukon,6,6,12
yuks,1,2,3
yuksek,1,1,2
yuku,0,2,2
yuky,1,1,2
yukyosukuji,1,0,1
yukyukyukkkk,1,0,1
yul,3,3,6
yulara,0,1,1
yule,2,0,2
yuli,1,1,2
yulissa,1,0,1
yull,0,1,1
yulo,0,1,1
yulp,0,2,2
yultron,0,1,1
yum,348,1414,1762
yuma,4,9,13
yumazing,0,1,1
yumb,1,0,1
yumburger,0,1,1
yumcha,3,3,6
yumchaa,1,0,1
yumcry,1,0,1
yume,2,3,5
yumeko,1,0,1
yumena,1,0,1
yumfood,0,1,1
yumful,0,1,1
yumi,1,10,11
yumie,0,1,1
yumii,0,1,1
yumiii,0,1,1
yumiiiiiiiiii,0,1,1
yuminess,0,1,1
yumish,0,1,1
yuml,1,1,2
yumm,44,206,250
yumma,0,2,2
yummaaay,0,1,1
yummalicious,0,2,2
yummay,0,2,2
yummed,0,1,1
yummeeeh,0,1,1
yummeehhh,0,1,1
yummeh,1,11,12
yummer,0,1,1
yummerful,0,1,1
yummers,4,12,16
yummest,0,1,1
yummey,0,2,2
yummi,11,22,33
yummie,3,29,32
yummiee,1,1,2
yummieee,0,3,3
yummiehhh,1,0,1
yummier,3,6,9
yummies,1,9,10
yummiest,5,19,24
yummii,1,1,2
yummiie,0,1,1
yummiii,0,2,2
yummiiii,0,1,1
yummilicious,0,1,1
yumminess,2,9,11
yummitime,1,0,1
yummlicious,0,1,1
yummm,27,135,162
yummmers,0,3,3
yummmie,0,1,1
yummmm,16,65,81
yummmmaaayy,0,1,1
yummmmi,0,1,1
yummmmies,0,1,1
yummmmiii,0,1,1
yummmminesssssss,0,1,1
yummmmm,7,29,36
yummmmmie,0,1,1
yummmmmiiieee,0,1,1
yummmmmm,2,16,18
yummmmmmm,1,8,9
yummmmmmmm,0,5,5
yummmmmmmmm,0,3,3
yummmmmmmmmmiee,0,1,1
yummmmmmmmmmm,0,3,3
yummmmmmmmmmmm,0,1,1
yummmmmmmmmmmmmmm,0,2,2
yummmmmmmmmmmmmmmmmmmmmmmmmmmmmmmmmmmmmmmmmmmm,0,1,1
yummmmmmmmmmmmmmmmmmmmmmmmmmmmmmmmmmmmmmmmmmmmmmmmmmmmmmmmmmy,0,1,1
yummmmmmmmmmmyyyyy,0,1,1
yummmmmmmmy,1,0,1
yummmmmmmy,0,2,2
yummmmmmy,0,3,3
yummmmmo,0,2,2
yummmmmy,2,8,10
yummmmmyyy,0,1,1
yummmmmyyyy,0,2,2
yummmmmyyyyy,0,1,1
yummmmmyyyyyyy,1,0,1
yummmmy,1,17,18
yummmmyy,0,2,2
yummmmyyy,0,3,3
yummmmyyyy,0,2,2
yummmmyyyyyyy,1,0,1
yummmo,0,1,1
yummmy,7,38,45
yummmyy,0,6,6
yummmyyy,2,1,3
yummmyyyy,0,6,6
yummmyyyyy,0,1,1
yummo,4,29,33
yumms,1,7,8
yummss,0,1,1
yummst,0,1,1
yummster,0,1,1
yummu,0,1,1
yummy,478,1895,2373
yummychums,0,1,1
yummyful,1,0,1
yummylicious,2,4,6
yummylicioussss,0,1,1
yummylious,0,1,1
yummyness,1,1,2
yummyy,0,12,12
yummyyy,2,12,14
yummyyyy,0,7,7
yummyyyyy,0,4,4
yummyyyyyyyyyyyyyyyyyyyyyyyyyyyyy,0,1,1
yummyz,0,1,1
yummz,0,1,1
yummzz,0,1,1
yumness,0,1,1
yumnm,1,0,1
yumnmy,0,1,1
yumnomnom,0,1,1
yumny,0,2,2
yumo,0,5,5
yumoooo,0,1,1
yums,9,11,20
yumsiess,0,1,1
yumsk,0,1,1
yumsky,1,0,1
yumss,0,1,1
yumtastic,0,2,2
yumtastical,0,1,1
yumy,2,5,7
yumyum,4,14,18
yumyummm,0,1,1
yumyummmmmm,0,1,1
yumyums,1,3,4
yumyumyum,0,8,8
yumyumyumm,0,1,1
yumzzzzz,0,1,1
yun,12,36,48
yuna,1,7,8
yunaa,0,1,1
yunakins,0,1,1
yunel,0,1,1
yung,71,93,164
yunger,3,0,3
yunggg,0,1,1
yungin,2,0,2
yungins,0,1,1
yungla,1,0,1
yungn,0,1,1
yungo,1,0,1
yungtruth,0,1,1
yungzup,0,1,1
yunho,2,4,6
yunhoo,1,0,1
yuni,2,0,2
yunji,0,2,2
yunkyzilla,0,1,1
yunna,1,0,1
yunnan,0,1,1
yunno,1,0,1
yunq,1,0,1
yunque,0,2,2
yuns,2,0,2
yunt,1,0,1
yunus,0,1,1
yuo,9,8,17
yuor,0,1,1
yuos,0,1,1
yuotube,2,0,2
yuourself,0,1,1
yup,714,1490,2204
yupand,0,1,1
yuparoonie,1,0,1
yupe,0,1,1
yupee,0,1,1
yupeedooo,0,1,1
yupers,1,0,1
yupi,0,1,1
yupieee,0,1,1
yupiiee,0,1,1
yupiii,0,1,1
yupiiiii,1,0,1
yupiiiiii,0,1,1
yupiiiiiiiiiiiiiiiiiii,0,1,1
yupity,0,1,1
yupo,1,0,1
yupp,25,51,76
yuppeeeee,0,1,1
yupper,0,1,1
yuppers,3,19,22
yupperz,1,3,4
yuppie,3,6,9
yuppieee,0,1,1
yuppies,2,0,2
yuppiieeeee,0,1,1
yuppiii,0,1,1
yuppo,0,1,1
yuppp,9,13,22
yupppers,0,1,1
yupppp,2,5,7
yuppppp,0,1,1
yupppppppp,1,0,1
yupppppppppppp,1,0,1
yuppps,1,0,1
yupppy,0,1,1
yuppy,1,3,4
yuppyuup,0,1,1
yuppyyy,1,0,1
yups,7,13,20
yupy,1,0,1
yupyup,4,8,12
yupyupyup,0,1,1
yupyy,0,1,1
yupz,0,3,3
yuqi,1,0,1
yur,54,104,158
yure,1,0,1
yurgh,1,0,1
yuri,5,14,19
yuridia,0,1,1
yurima,0,1,1
yurn,0,1,1
yurp,3,1,4
yurr,2,4,6
yurrr,0,1,1
yurrs,0,1,1
yurs,2,2,4
yurself,0,1,1
yursh,1,0,1
yurt,0,2,2
yurts,0,1,1
yurwelkom,0,1,1
yus,7,16,23
yusaf,1,0,1
yuse,0,1,1
yusef,1,2,3
yush,4,0,4
yusk,1,0,1
yusmala,1,0,1
yusre,0,1,1
yuss,4,9,13
yusss,1,6,7
yussss,0,8,8
yusssss,0,1,1
yussssss,0,2,2
yusssssss,0,1,1
yussssssss,0,1,1
yussssssssss,1,0,1
yust,1,1,2
yusuf,5,4,9
yusuke,1,0,1
yuta,0,1,1
yute,1,0,1
yutube,0,2,2
yutuz,0,1,1
yuu,19,37,56
yuucck,1,0,1
yuuckk,1,0,1
yuugi,0,1,1
yuuguu,0,1,1
yuuh,2,3,5
yuuhh,1,0,1
yuuhhh,1,0,1
yuuki,0,2,2
yuukkkkk,0,1,1
yuum,0,4,4
yuumm,1,4,5
yuummiii,0,1,1
yuummm,0,10,10
yuummmm,0,2,2
yuummms,0,1,1
yuummmyy,0,1,1
yuummy,0,1,1
yuummyy,0,1,1
yuummyyy,0,1,1
yuumy,0,1,1
yuup,5,6,11
yuupp,0,1,1
yuuppp,0,3,3
yuupppp,1,0,1
yuuppppp,0,1,1
yuur,2,2,4
yuurr,1,0,1
yuuss,1,1,2
yuuu,2,3,5
yuuuck,1,0,1
yuuuckkk,1,0,1
yuuum,1,7,8
yuuumi,1,0,1
yuuumm,1,0,1
yuuummm,0,4,4
yuuummmm,2,3,5
yuuummmmm,0,1,1
yuuummmmmm,0,1,1
yuuummmmmmm,0,1,1
yuuummmy,0,2,2
yuuummmyyy,0,1,1
yuuummy,0,1,1
yuuumy,0,1,1
yuuup,2,12,14
yuuupp,0,2,2
yuuupppp,0,1,1
yuuuppppp,1,0,1
yuuus,0,2,2
yuuutsu,1,0,1
yuuuu,0,3,3
yuuuuck,1,0,1
yuuuuk,1,0,1
yuuuum,2,6,8
yuuuumm,0,4,4
yuuuummm,0,2,2
yuuuummmmyyy,1,0,1
yuuuummy,0,1,1
yuuuup,5,5,10
yuuuuppp,0,1,1
yuuuupppp,0,1,1
yuuuurrrp,1,0,1
yuuuush,0,1,1
yuuuusss,0,1,1
yuuuussss,1,0,1
yuuuuu,0,2,2
yuuuuuh,1,0,1
yuuuuuhuuuuuu,0,1,1
yuuuuum,0,1,1
yuuuuummmmy,0,1,1
yuuuuup,2,0,2
yuuuuus,1,0,1
yuuuuuu,0,2,2
yuuuuuuks,1,0,1
yuuuuuum,0,1,1
yuuuuuuum,0,2,2
yuuuuuuup,0,2,2
yuuuuuuuu,0,1,1
yuuuuuuuuhhhhhhuuuuuuuuu,0,1,1
yuuuuuuuumy,1,0,1
yuuuuuuuup,2,1,3
yuuuuuuuuum,0,1,1
yuuuuuuuuummy,1,0,1
yuuuuuuuuuuuuuuuck,1,0,1
yuuuuuuuuuuuuuuuk,1,0,1
yuuuuuuuuuuuuuuup,1,0,1
yuuuuuuuuuuuuuuuummmmmy,0,1,1
yuuuuuuuuuuuuuuuuum,0,1,1
yuv,0,2,2
yuval,1,1,2
yuvaraj,0,1,1
yuvashakti,1,0,1
yuvha,1,0,1
yuvi,0,7,7
yuvraj,2,3,5
yuw,0,1,1
yuwie,0,5,5
yuya,2,1,3
yuyou,1,1,2
yuyoun,1,0,1
yuzz,0,1,1
yv,1,1,2
yvan,1,1,2
yve,1,0,1
yves,1,4,5
yvet,0,1,1
yvette,8,12,20
yvettes,1,0,1
yvi,0,2,2
yvids,1,0,1
yvie,0,1,1
yvind,0,1,1
yvo,0,1,1
yvon,2,0,2
yvoneeee,0,1,1
yvonnce,0,1,1
yvonne,11,22,33
yvonnes,1,0,1
yvr,9,3,12
yvw,0,12,12
yw,14,78,92
ywaf,0,1,1
ywam,0,1,1
ywamrto,1,0,1
ywe,0,1,1
yweah,0,1,1
ywh,1,1,2
ywice,1,0,1
ywitter,0,1,1
yworking,0,1,1
ywpp,0,1,1
ywriter,0,1,1
ywys,0,1,1
yx,0,3,3
yxy,0,1,1
yy,4,5,9
yyaaaa,0,1,1
yyaaaayyy,0,1,1
yyaaayyy,0,1,1
yyaaayyyy,0,1,1
yyaammy,1,0,1
yyaawwnn,0,1,1
yyaayaayay,1,0,1
yyah,0,1,1
yyahh,0,1,1
yyay,0,1,1
yyayayayya,0,1,1
yyayy,1,2,3
yyayyyy,0,2,2
yyc,13,5,18
yycctv,0,2,2
yycgno,1,0,1
yycphotobook,1,0,1
yye,1,1,2
yyea,0,1,1
yyeaaaahhh,1,0,1
yyeaaahh,0,1,1
yyeaah,0,1,1
yyeah,1,0,1
yyeeaaah,0,1,1
yyeeeaaahhh,0,1,1
yyeeeee,0,1,1
yyep,0,1,1
yyeppp,0,1,1
yyes,0,2,2
yyiiihhheee,0,1,1
yyiiipppppeee,0,1,1
yyj,2,1,3
yyoooouuu,0,1,1
yyou,1,1,2
yyour,0,2,2
yyourself,0,1,1
yyu,1,0,1
yyukkk,1,0,1
yyumi,0,1,1
yyup,1,0,1
yyuumm,0,2,2
yyuup,0,1,1
yyuuuukkkkkkkk,1,0,1
yyuuuummmyyy,0,1,1
yyy,6,5,11
yyyaaa,0,1,1
yyyaaaayyy,0,1,1
yyyaaayyyy,1,1,2
yyyaayyy,0,1,1
yyyami,0,1,1
yyyay,0,2,2
yyyayay,0,1,1
yyyeeaahhh,1,0,1
yyyeeeeaaaaahhhhhhhh,0,1,1
yyyeeeeaaaahhhhhhhhhh,0,1,1
yyyeeeeaaahhhh,1,0,1
yyyeeeeeaaahhh,0,1,1
yyyeeeeeeeeeeup,0,1,1
yyyeeeess,0,1,1
yyyeeeew,0,1,1
yyyep,0,1,1
yyyooooo,0,1,1
yyyooouuu,0,1,1
yyys,2,1,3
yyyummm,0,1,1
yyyuuummm,0,1,1
yyyuuummmmyyy,0,1,1
yyyy,2,0,2
yyyyaaa,1,0,1
yyyyaaaaaayyy,0,1,1
yyyyaaaayyyy,0,1,1
yyyyaaayyy,1,1,2
yyyyeah,0,1,1
yyyyeeeahhhhh,0,1,1
yyyyuck,1,0,1
yyyyup,1,0,1
yyyyyaaaayyyyyy,0,1,1
yyyyyawnnnnn,0,1,1
yyyyyea,0,1,1
yyyyyeeeeeeeeeee,0,1,1
yyyyyeeeyyy,0,1,1
yyyyyep,0,1,1
yyyyyiiiiippppeeeeeeee,0,1,1
yyyyyy,1,1,2
yyyyyyaaaaaayyy,0,1,1
yyyyyyaaaaayyy,0,1,1
yyyyyyeeeesss,1,0,1
yyyyyyyy,1,0,1
yyyyyyyyaaaaaaaaa,0,1,1
yyyyyyyyeah,1,0,1
yyyyyyyyet,1,0,1
yyyyyyyyy,1,0,1
yyyyyyyyyoooooooooouuuuu,0,1,1
yyyyyyyyyyy,1,0,1
yyyyyyyyyyyyyyyyyy,1,0,1
yyyyyyyyyyyyyyyyyyyyyyyyyyyyyyyyyyyyyyyy,1,0,1
yyz,3,2,5
yzabellopez,1,0,1
yzerman,0,1,1
yzf,1,2,3
yzhar,1,0,1
za,18,29,47
zaa,0,1,1
zaaaa,1,1,2
zaaaaa,0,1,1
zaaaaaaac,0,1,1
zaaaaaac,0,1,1
zaaaaaack,0,1,1
zaaac,0,1,1
zaaain,1,0,1
zaan,1,0,1
zaana,0,1,1
zaandammi,0,1,1
zaandvort,0,1,1
zaar,0,1,1
zaara,0,1,1
zaayyy,0,1,1
zab,2,1,3
zabbas,1,0,1
zabel,0,2,2
zabelli,1,0,1
zabisco,0,1,1
zaborek,1,0,1
zabounam,1,0,1
zac,90,200,290
zacaly,0,1,1
zacarabou,1,0,1
zacbrownband,2,0,2
zacc,0,2,2
zacceli,0,1,1
zaccie,0,1,1
zaccy,0,1,1
zaceed,0,1,1
zacetl,0,1,1
zacfarro,0,1,1
zach,88,106,194
zacharee,0,1,1
zacharias,1,1,2
zachary,23,50,73
zacharybby,0,1,1
zacharys,0,1,1
zachdj,4,0,4
zache,1,0,1
zachery,1,0,1
zachi,0,1,1
zachie,0,1,1
zachissexy,1,0,1
zachs,4,2,6
zachster,1,0,1
zachy,2,3,5
zachys,0,1,1
zachyy,0,1,1
zack,74,90,164
zackaronni,1,0,1
zackery,0,1,1
zackie,1,0,1
zackky,0,1,1
zackly,1,1,2
zackoid,1,1,2
zacks,1,2,3
zacktastic,1,0,1
zacky,5,8,13
zackypoo,1,0,1
zackyv,1,0,1
zackyyy,1,0,1
zacly,1,0,1
zacquisha,0,1,1
zacs,1,2,3
zacseif,0,1,1
zact,1,0,1
zactly,0,2,2
zacuto,0,1,1
zadar,0,1,1
zaddies,1,0,1
zade,1,0,1
zadelpijn,1,0,1
zadig,1,0,1
zadist,0,1,1
zadrans,1,0,1
zaea,0,1,1
zael,1,0,1
zaf,0,1,1
zafer,0,1,1
zaff,1,0,1
zafina,0,1,1
zafir,0,1,1
zafira,0,1,1
zafrina,0,3,3
zaftigcutie,2,0,2
zag,1,1,2
zagadka,0,1,1
zagat,1,0,1
zagg,2,2,4
zagi,1,0,1
zaglar,0,1,1
zagreb,4,11,15
zagrebe,1,0,1
zagu,1,0,1
zah,0,4,4
zaha,0,2,2
zahar,0,1,1
zahara,0,1,1
zahedan,1,0,1
zaheer,0,1,1
zahid,1,0,1
zahir,1,0,1
zahlbar,1,0,1
zahle,0,1,1
zahn,0,1,1
zaho,0,1,1
zahra,2,2,4
zahraaaa,1,0,1
zahrein,1,0,1
zai,3,4,7
zaia,0,1,1
zaibaah,1,0,1
zaibatsu,0,1,1
zaichiki,0,1,1
zain,2,3,5
zaina,2,0,2
zainab,1,1,2
zainal,0,1,1
zaineb,0,1,1
zainul,0,1,1
zaira,0,2,2
zaiya,1,0,1
zaj,0,3,3
zajicek,1,0,1
zak,9,5,14
zakaria,0,1,1
zaki,2,3,5
zakir,0,1,1
zakk,1,2,3
zakkushi,0,1,1
zako,1,0,1
zakopalova,1,0,1
zakopane,0,1,1
zakout,0,1,1
zaks,0,1,1
zakura,0,1,1
zakynthos,1,2,3
zal,1,0,1
zalamander,0,1,1
zali,1,0,1
zalozil,0,1,1
zaltbommel,1,0,1
zam,4,0,4
zama,0,1,1
zamaana,0,1,1
zamba,0,1,1
zambales,3,2,5
zambia,3,4,7
zambian,1,0,1
zamboanguita,0,1,1
zamboni,0,1,1
zambra,0,1,1
zambrano,1,1,2
zambras,1,0,1
zambry,1,1,2
zambucca,1,0,1
zambujeira,1,0,1
zamero,0,1,1
zamiast,0,1,1
zamir,0,1,1
zamira,0,1,1
zamkowe,0,1,1
zammo,1,0,1
zamn,1,0,1
zamoonda,0,1,1
zamora,0,1,1
zams,1,0,1
zamzar,1,1,2
zan,4,4,8
zana,1,1,2
zanadu,0,1,1
zanardi,1,0,1
zanax,1,0,1
zanda,0,1,1
zander,2,4,6
zanders,0,1,1
zandi,0,1,1
zando,1,0,1
zandra,0,2,2
zandvoort,4,0,4
zandy,1,0,1
zane,11,22,33
zanefan,1,0,1
zaneology,0,1,1
zanes,0,1,1
zanesfield,1,0,1
zanessa,4,7,11
zanesville,1,3,4
zang,1,1,2
zanghieris,0,1,1
zangief,0,2,2
zaniest,0,1,1
zaniewska,1,0,1
zanima,0,1,1
zankou,1,1,2
zanmai,0,2,2
zanna,1,1,2
zannel,1,1,2
zannen,1,0,1
zannet,0,1,1
zanny,0,1,1
zanta,0,1,1
zantac,3,2,5
zante,10,7,17
zantoine,1,0,1
zantrex,1,0,1
zany,2,3,5
zanzabar,0,1,1
zanzando,0,1,1
zanzi,2,0,2
zanzibar,3,5,8
zao,1,0,1
zaobao,0,1,1
zap,12,11,23
zapamy,0,1,1
zapata,0,1,1
zapatista,0,1,1
zapatos,1,1,2
zaph,1,0,1
zaphods,1,0,1
zaplatit,2,1,3
zapp,2,0,2
zappa,0,3,3
zapped,9,6,15
zapper,3,0,3
zapping,3,4,7
zappn,1,0,1
zappnlaunch,1,1,2
zappo,1,0,1
zappos,3,18,21
zaps,4,0,4
zapsal,1,0,1
zaq,1,1,2
zaquisha,1,0,1
zaquitoo,0,1,1
zar,1,1,2
zara,20,25,45
zarabeth,2,1,3
zaracha,0,1,1
zarafa,1,0,1
zarah,0,1,1
zaras,1,0,1
zarathustra,0,1,1
zarcillos,1,0,1
zaret,0,1,1
zarg,0,1,1
zarhym,1,0,1
zari,1,0,1
zaria,1,0,1
zarif,0,1,1
zarifah,1,0,1
zariko,1,0,1
zarin,0,2,2
zarina,1,0,1
zarinha,0,1,1
zariya,1,0,1
zarlash,0,1,1
zarlom,1,0,1
zaromskis,1,0,1
zarpd,0,1,1
zarraga,0,1,1
zaru,2,1,3
zas,0,1,1
zaseban,0,1,1
zash,0,3,3
zashai,0,1,1
zashley,1,1,2
zashleyvideo,0,1,1
zastava,0,1,1
zat,1,1,2
zatar,0,1,1
zatarans,0,1,1
zate,0,1,1
zathura,1,2,3
zatoichi,1,1,2
zattoo,4,0,4
zaud,1,0,1
zaug,0,1,1
zausted,1,0,1
zav,0,1,1
zavala,0,1,1
zavaroni,1,0,1
zavisla,0,1,1
zavvi,2,0,2
zawahiri,0,1,1
zawodny,0,1,1
zawsu,0,1,1
zaxby,3,5,8
zaxbys,5,1,6
zaxk,0,1,1
zay,2,4,6
zayana,0,1,1
zayla,1,0,1
zaynab,1,0,1
zaynah,0,1,1
zaynub,1,0,1
zaytoon,1,0,1
zaytoven,0,1,1
zayzay,1,0,1
zaz,0,1,1
zaza,0,4,4
zazen,1,1,2
zazie,1,0,1
zazz,0,2,2
zazzle,6,13,19
zb,2,0,2
zbb,0,1,1
zbrush,1,1,2
zbt,1,0,1
zbudi,0,1,1
zburam,0,1,1
zbye,0,1,1
zbyszek,1,0,1
zbz,1,0,1
zc,1,1,2
zcs,0,2,2
zcultfm,1,0,1
zczerbiak,1,0,1
zd,2,4,6
zda,0,1,1
zdajle,0,1,1
zday,0,1,1
zdayiscoming,0,1,1
zdej,0,1,1
zdeno,1,0,1
zdes,0,1,1
zdf,0,2,2
zdi,1,0,1
zdisneygirl,1,0,1
zdjfhlkjdhflakj,0,1,1
zdncomputers,0,1,1
zdnet,0,3,3
zdravei,0,1,1
zdroj,0,1,1
ze,47,64,111
zea,0,1,1
zeal,3,0,3
zealand,98,144,242
zealandd,1,0,1
zealandddddddddddddddddd,0,1,1
zealander,1,2,3
zealanders,1,3,4
zealands,1,3,4
zealot,1,1,2
zealotry,1,0,1
zealots,1,2,3
zealous,3,1,4
zeals,1,0,1
zeashan,0,1,1
zeastreak,0,1,1
zeb,2,6,8
zebalkanictweetup,1,2,3
zebedee,1,0,1
zebo,1,0,1
zebra,13,53,66
zebraed,0,1,1
zebraffe,1,0,1
zebrahead,0,1,1
zebralike,1,0,1
zebrano,0,1,1
zebraprint,1,0,1
zebras,7,5,12
zebrina,0,2,2
zebs,0,1,1
zebula,1,0,1
zebulon,0,1,1
zechariah,1,1,2
zed,8,2,10
zeddy,1,0,1
zedge,0,1,1
zeds,3,2,5
zee,20,49,69
zeebie,2,0,2
zeebo,1,0,1
zeebodemloop,0,1,1
zeed,0,1,1
zeedijk,1,0,1
zeee,0,1,1
zeeee,1,0,1
zeeh,0,1,1
zeejustin,3,0,3
zeeland,2,3,5
zeeley,1,0,1
zeelland,1,0,1
zeena,0,2,2
zeenti,1,0,1
zeeny,1,0,1
zeeohingee,1,0,1
zeera,1,0,1
zees,0,1,1
zeeshan,0,2,2
zeeshirts,0,1,1
zeewolde,1,0,1
zef,2,0,2
zefix,1,0,1
zefron,5,10,15
zeg,0,1,1
zegers,0,1,1
zegna,0,1,1
zeh,1,0,1
zehan,0,1,1
zehrs,1,1,2
zei,0,2,2
zeidan,2,0,2
zeil,0,1,1
zeina,0,2,2
zeinab,1,1,2
zeinobia,0,1,1
zeiss,1,3,4
zeist,1,0,1
zeit,2,2,4
zeitgeist,2,8,10
zeitgest,0,1,1
zeitgiest,0,1,1
zeke,13,4,17
zeker,0,1,1
zekes,2,1,3
zeki,1,0,1
zekrya,0,1,1
zel,2,2,4
zela,1,1,2
zeland,3,2,5
zelandia,0,1,1
zelda,45,41,86
zeldas,1,1,2
zelektra,0,1,1
zelenej,1,0,1
zeleni,0,1,1
zelenka,1,1,2
zelens,0,1,1
zelfdoen,0,1,1
zelfs,0,1,1
zell,1,1,2
zelleweger,0,1,1
zellweger,1,0,1
zelly,2,0,2
zelo,0,1,1
zelt,0,1,1
zelwegger,0,1,1
zem,0,1,1
zeman,0,1,1
zemanta,1,1,2
zembly,0,2,2
zemepis,0,1,1
zemer,0,1,1
zemero,0,1,1
zemestr,0,2,2
zemi,1,1,2
zemiro,1,0,1
zemote,2,0,2
zen,32,65,97
zena,2,4,6
zenapex,0,1,1
zenbu,0,1,1
zencart,1,0,1
zend,12,8,20
zendajas,0,1,1
zendal,1,0,1
zendcon,1,2,3
zendesk,0,5,5
zendframework,1,1,2
zendfwk,0,1,1
zending,1,0,1
zendo,1,0,1
zenfolio,1,0,1
zenh,1,0,1
zeni,1,0,1
zenia,0,2,2
zenitem,0,1,1
zenith,2,2,4
zenjar,36,33,69
zenk,1,1,2
zenkaikon,0,1,1
zenkichi,1,0,1
zenko,0,1,1
zenlemesinde,0,2,2
zenner,0,1,1
zenny,0,1,1
zeno,2,0,2
zenon,1,1,2
zenonia,2,3,5
zenovia,0,1,1
zensai,0,1,1
zenshu,1,0,1
zensify,2,2,4
zensursula,9,3,12
zent,1,0,1
zentai,0,1,1
zentra,0,1,1
zentrale,1,0,1
zenwalk,1,0,1
zenzi,1,0,1
zep,4,9,13
zepagain,0,2,2
zepelin,0,1,1
zephia,0,1,1
zephr,0,1,1
zephyr,1,2,3
zephyrs,1,0,1
zepinklady,1,0,1
zepp,0,2,2
zeppel,1,0,1
zeppelin,4,13,17
zeppelins,0,1,1
zepplin,2,2,4
zeppoles,0,2,2
zeppolis,1,0,1
zer,1,2,3
zeraus,0,1,1
zerb,1,0,1
zere,0,1,1
zerg,1,0,1
zeri,1,0,1
zerinaaaa,0,1,1
zerine,0,1,1
zerk,1,0,1
zerlene,0,1,1
zero,251,171,422
zerogravity,3,0,3
zeroing,1,0,1
zerooo,0,1,1
zeropoint,0,1,1
zeropointlibra,0,1,1
zeros,2,5,7
zerry,0,1,1
zerx,0,1,1
zese,1,0,1
zesiger,0,1,1
zest,2,8,10
zeste,1,0,1
zesth,1,0,1
zestiness,0,1,1
zesto,1,0,1
zesty,2,1,3
zet,0,2,2
zeta,5,6,11
zetas,1,0,1
zetime,1,0,1
zettai,1,0,1
zetterberg,0,4,4
zetterburg,0,1,1
zetterdouche,0,1,1
zettermans,0,1,1
zetus,1,0,1
zeuko,1,0,1
zeus,9,6,15
zev,0,1,1
zeva,2,0,2
zevin,0,1,1
zevon,0,1,1
zex,1,0,1
zexion,0,1,1
zexxxxxyyyy,0,1,1
zexxy,0,1,1
zexy,0,1,1
zey,1,0,1
zeynep,0,1,1
zeytin,0,1,1
zezel,2,0,2
zf,8,2,10
zfamily,0,1,1
zffffft,1,0,1
zfs,2,6,8
zfuse,0,1,1
zg,4,3,7
zgftw,0,1,1
zgksysifgloxlhxlhxostistiwtixyotkx,0,1,1
zgonjanin,1,0,1
zgrade,0,1,1
zh,0,2,2
zha,1,0,1
zhaar,0,1,1
zhaer,0,1,1
zhai,1,0,1
zhakaria,0,1,1
zhane,0,1,1
zhang,3,2,5
zhangjiang,0,1,1
zhanglu,0,1,1
zhao,1,0,1
zhayden,1,0,1
zhe,1,3,4
zhei,1,0,1
zhen,2,2,4
zheng,1,1,2
zhennn,1,0,1
zhenya,1,1,2
zherpa,0,1,1
zhevras,1,0,1
zhi,1,0,1
zhihui,1,0,1
zhing,0,1,1
zhirlyn,0,1,1
zhivago,0,4,4
zhiyin,0,1,1
zhong,1,2,3
zhonguoren,0,1,1
zhongwen,0,1,1
zhou,0,2,2
zhp,0,1,1
zhsei,0,1,1
zhu,2,2,4
zhuhai,1,0,1
zhusupov,1,0,1
zi,5,15,20
zia,1,6,7
ziad,0,1,1
ziah,1,0,1
zib,0,1,1
ziba,0,1,1
zibar,0,1,1
zibbet,0,9,9
zibika,0,2,2
zibit,0,1,1
zic,2,2,4
zicam,33,1,34
zice,0,4,4
ziceti,0,1,1
zici,0,1,1
zick,1,0,1
zico,1,1,2
zidan,2,0,2
zidane,0,2,2
zidler,1,0,1
zie,1,3,4
ziebell,1,1,2
ziegesar,0,1,1
ziegfeld,0,1,1
ziegler,1,1,2
zielig,1,0,1
ziemba,0,1,1
ziemer,0,1,1
ziemlich,1,0,1
zif,1,0,1
zig,1,14,15
zigatos,0,1,1
zigazag,0,1,1
zigbee,0,1,1
zigfeld,0,1,1
ziggis,0,1,1
ziggo,4,2,6
ziggy,15,16,31
ziggyy,0,1,1
zigh,0,1,1
ziglar,0,6,6
zigm,0,1,1
zign,0,1,1
zigs,1,0,1
zigzag,0,1,1
zigzap,1,0,1
zihlman,1,0,1
zii,1,1,2
ziiiit,0,1,1
ziiinnnnnggggggg,0,1,1
zijn,0,1,1
zijt,0,1,1
zikkimlan,0,1,1
zil,3,6,9
zilch,11,3,14
zilched,1,0,1
zilcho,1,0,1
zildjian,0,2,2
zile,1,3,4
zilina,0,1,1
zilker,0,2,2
zill,0,1,1
zilla,3,3,6
ziller,0,1,1
zilli,1,0,1
zillie,0,1,1
zillion,12,21,33
zillionaires,0,1,1
zillions,2,2,4
zillionth,2,1,3
zillionzzzzzzz,0,1,1
zillow,1,2,3
zillz,1,0,1
ziltch,1,0,1
ziltoid,0,1,1
zilvesterz,0,1,1
zim,5,10,15
zima,1,1,2
zimah,0,1,1
zimbabwe,4,3,7
zimbabwean,0,1,1
zimbio,4,1,5
zimbly,0,1,1
zimbra,6,1,7
zimfandels,0,1,1
zimm,1,0,1
zimmer,2,4,6
zimmerframes,0,2,2
zimmerman,1,0,1
zimmermann,0,2,2
zimmern,2,2,4
zimmie,0,1,1
zimo,1,0,1
zimplistic,0,1,1
zin,3,9,12
zina,3,0,3
zinc,4,5,9
zinda,0,1,1
zindabaad,0,1,1
zindabad,0,1,1
zindagi,1,2,3
zindel,0,1,1
zindex,1,0,1
zindus,1,0,1
zindzi,0,1,1
zine,4,12,16
zines,4,2,6
zinfandel,1,2,3
zinfindal,1,0,1
zing,4,27,31
zinger,5,9,14
zingerman,0,1,1
zingers,1,1,2
zinging,2,2,4
zingo,0,1,1
zingst,0,1,1
zinha,1,0,1
zinho,0,1,1
zinnias,1,1,2
zinnie,0,1,1
zinnnnnnnnnnn,0,1,1
zinny,0,2,2
zinta,2,1,3
zinu,0,1,1
zion,8,10,18
zionazi,0,1,1
zionist,1,1,2
zionpres,0,1,1
zions,1,1,2
zionspace,0,1,1
zios,1,0,1
zip,70,53,123
zipangu,1,0,1
zipaquira,0,1,1
zipbags,0,1,1
zipcar,3,4,7
zipcarring,0,1,1
zipcode,1,0,1
ziper,0,1,1
zipia,1,2,3
zipline,0,5,5
ziplines,0,2,2
ziplining,1,1,2
ziploc,0,1,1
ziplock,1,6,7
ziplocs,2,0,2
zippa,1,0,1
zipparo,1,0,1
zipped,4,6,10
zipper,30,14,44
zippers,2,1,3
zippi,1,0,1
zippidy,1,0,1
zipping,3,9,12
zippity,0,2,2
zipply,0,1,1
zippo,5,4,9
zipporah,1,0,1
zippper,0,1,1
zippy,6,3,9
zippys,3,6,9
zippyshare,0,1,1
zippytweet,0,1,1
zips,1,3,4
zipties,0,1,1
zipz,0,1,1
zipzapzeeeeee,0,1,1
ziraat,1,0,1
zirah,1,0,1
zirca,0,1,1
zirconcode,0,1,1
zirconia,1,0,1
zircus,0,2,2
zirndorf,1,0,1
ziro,0,1,1
zirtec,1,0,1
zirtek,0,1,1
zis,3,5,8
ziser,1,0,1
ziska,0,1,1
zissou,0,1,1
zit,26,4,30
zita,1,0,1
zitara,0,1,1
zither,0,1,1
ziti,5,5,10
zito,8,8,16
zitong,0,1,1
zitos,0,1,1
zits,13,4,17
zitty,0,1,1
ziua,2,0,2
ziv,1,0,1
ziva,4,2,6
zivi,0,2,2
zivity,1,3,4
ziw,0,1,1
ziyi,1,0,1
zize,0,1,1
zizek,2,0,2
zizi,0,1,1
zizou,1,0,1
zizta,1,0,1
zizz,1,0,1
zizzazz,1,0,1
zizzi,1,0,1
zizzo,0,1,1
zjadam,0,1,1
zjeani,1,0,1
zjistil,1,2,3
zjsjjshshann,1,0,1
zk,2,0,2
zka,1,0,1
zklamaly,1,0,1
zkou,1,1,2
zkoumam,1,0,1
zkr,1,0,1
zkratu,0,1,1
zku,0,1,1
zkus,1,0,1
zkusil,0,1,1
zkusim,0,1,1
zky,0,1,1
zlanki,0,1,1
zlap,0,1,1
zlatan,2,2,4
zleeeep,0,1,1
zleep,0,1,1
zleepin,1,0,1
zlere,0,1,1
zleyece,1,0,1
zlicem,1,0,1
zlm,1,0,1
zlob,1,0,1
zlotys,1,0,1
zlta,1,0,1
zm,3,2,5
zma,0,1,1
zmed,1,0,1
zmenit,0,1,1
zmeri,0,1,1
zmo,0,2,2
zn,1,2,3
zna,0,4,4
znacenje,0,1,1
znaesh,0,1,1
znal,0,1,1
znam,0,1,1
znamosti,0,1,1
znao,0,1,1
znatrainer,0,1,1
znau,1,0,1
znej,0,1,1
znews,1,0,1
znooze,0,1,1
znowu,1,0,1
zntm,1,0,1
zo,15,13,28
zobbo,0,1,1
zobel,7,2,9
zobeluli,1,1,2
zobie,1,0,1
zobus,1,0,1
zocalo,0,1,1
zod,0,1,1
zodat,0,1,1
zodiac,7,11,18
zodttd,1,0,1
zoe,73,95,168
zoeboe,0,7,7
zoecello,0,1,1
zoedog,1,0,1
zoee,0,1,1
zoeeee,0,4,4
zoeeeeeeeee,0,1,1
zoees,0,1,1
zoeey,1,0,1
zoegirl,0,1,1
zoes,2,1,3
zoesparty,1,0,1
zoetermeer,1,0,1
zoethemuppet,4,0,4
zoetrope,1,0,1
zoetzuur,0,1,1
zoey,25,27,52
zoeys,1,0,1
zoffitcha,0,1,1
zofia,1,0,1
zofran,2,0,2
zog,0,2,2
zohan,3,10,13
zohar,1,0,1
zohemgee,1,0,1
zohn,3,0,3
zoho,0,3,3
zohrabyan,0,1,1
zoiberg,1,0,1
zoid,0,1,1
zoidberg,1,1,2
zoids,2,1,3
zoie,2,1,3
zoila,1,0,1
zoinks,2,0,2
zoita,1,0,1
zoix,0,1,1
zojuist,2,0,2
zok,1,1,2
zoke,1,0,1
zokem,0,1,1
zola,1,3,4
zolagoods,0,1,1
zolani,0,1,1
zole,1,0,1
zoloft,3,1,4
zolpidem,0,1,1
zolt,0,1,1
zoltan,2,0,2
zoltar,1,0,1
zom,0,1,1
zomba,0,1,1
zombehs,1,0,1
zombi,1,0,1
zombie,192,152,344
zombied,0,2,2
zombiedeath,1,0,1
zombieeess,1,0,1
zombiefied,0,1,1
zombiefluffball,0,1,1
zombiegasm,0,1,1
zombieing,0,1,1
zombieland,1,0,1
zombieninja,6,0,6
zombiepix,1,0,1
zombies,96,102,198
zombieteeth,0,1,1
zombietub,1,0,1
zombieville,5,0,5
zombiez,0,1,1
zombiezzz,0,1,1
zombified,3,1,4
zombifried,0,1,1
zombilicious,0,1,1
zombiville,1,0,1
zombo,0,2,2
zombocalypse,0,1,1
zombot,0,1,1
zome,0,1,1
zometeen,1,0,1
zomething,0,1,1
zomfg,4,6,10
zomg,75,95,170
zomgaaaaaaaaah,1,0,1
zomgbash,0,1,1
zomgg,1,1,2
zomggg,1,0,1
zomgggg,0,1,1
zomggz,1,0,1
zomgitskrystal,1,0,1
zomgponies,1,0,1
zomgz,0,2,2
zomig,0,1,1
zomigawd,1,0,1
zomigod,0,1,1
zomj,0,1,1
zommed,1,0,1
zommgg,0,1,1
zomnom,0,1,1
zomogz,1,0,1
zompire,1,0,1
zompires,1,0,1
zompocalypse,1,0,1
zomppa,0,1,1
zomppafied,0,1,1
zomrem,0,1,1
zon,1,1,2
zona,3,3,6
zonbies,0,1,1
zonday,1,0,1
zonde,0,1,1
zone,172,228,400
zonealarm,2,2,4
zonebbs,0,1,1
zonecheck,1,0,1
zonechild,1,0,1
zoned,5,3,8
zoneedit,1,0,1
zoneee,1,0,1
zones,49,37,86
zong,1,0,1
zongamin,0,1,1
zongchick,2,0,2
zongzi,1,0,1
zoning,5,4,9
zonk,4,0,4
zonked,9,10,19
zonking,0,1,1
zonta,1,0,1
zonz,0,1,1
zoo,268,390,658
zoobar,2,0,2
zoobas,1,0,1
zoobic,0,1,1
zoobooks,1,0,1
zoobrew,1,0,1
zoocamp,1,0,1
zooch,1,0,1
zood,1,0,1
zooey,15,14,29
zooeydeschanel,0,1,1
zooin,1,0,1
zooites,0,1,1
zooka,0,2,2
zookeeper,1,3,4
zoolander,8,8,16
zoologia,0,1,1
zoologist,0,1,1
zoology,3,0,3
zooloo,1,1,2
zoolookologie,0,1,1
zooloretto,1,0,1
zoom,53,49,102
zooma,0,2,2
zoomalbum,0,2,2
zoombezi,1,0,1
zoombicycles,0,1,1
zoomed,5,5,10
zoomer,1,1,2
zoomies,1,0,1
zoomin,1,0,1
zooming,7,7,14
zooms,0,3,3
zoomtext,1,0,1
zoon,1,0,1
zooo,2,0,2
zooomr,0,1,1
zoooo,0,6,6
zoooom,0,1,1
zooooming,0,1,1
zooooom,0,2,2
zooooommg,1,0,1
zoooooo,1,0,1
zoooooooo,0,1,1
zooooooooo,1,1,2
zooooooooom,1,0,1
zoooooooooo,1,2,3
zoop,0,2,2
zooper,0,1,1
zoos,10,3,13
zoosk,0,1,1
zoot,3,5,8
zooted,1,0,1
zootenburger,1,0,1
zootm,1,0,1
zootopia,1,2,3
zootopiaa,1,0,1
zootweetup,1,2,3
zootycoon,1,0,1
zoovolution,0,1,1
zooyork,0,1,1
zooz,1,0,1
zoozle,0,1,1
zoozoo,1,5,6
zoozoos,1,3,4
zoph,0,1,1
zopiclone,0,2,2
zopzz,0,1,1
zor,2,0,2
zora,2,3,5
zorah,2,0,2
zoraholics,1,0,1
zoran,1,1,2
zorb,0,1,1
zorbing,3,1,4
zorbs,0,1,1
zorcia,0,1,1
zord,0,2,2
zordon,0,1,1
zorels,0,1,1
zoren,0,1,1
zori,2,1,3
zork,1,1,2
zorka,1,0,1
zorn,0,1,1
zornes,1,0,1
zoro,1,2,3
zorra,1,0,1
zorras,1,0,1
zorro,2,4,6
zorsted,0,1,1
zory,0,1,1
zos,0,1,1
zosia,1,0,1
zosto,1,0,1
zot,0,1,1
zotero,4,1,5
zotz,3,0,3
zoufalci,0,1,1
zouk,3,5,8
zover,1,0,1
zovs,0,1,1
zow,2,1,3
zowie,0,1,1
zox,0,1,1
zoya,0,2,2
zozo,2,0,2
zp,2,1,3
zpack,1,0,1
zpak,1,0,1
zpizza,1,0,1
zpozdeni,1,0,1
zpracov,0,1,1
zpzni,1,0,1
zq,12,10,22
zr,1,0,1
zran,0,1,1
zrbtting,0,1,1
zrealizovat,0,1,1
zrh,1,0,1
zrock,0,1,1
zrovna,1,2,3
zrt,1,0,1
zru,2,0,2
zrytec,1,1,2
zs,3,6,9
zsa,2,2,4
zsara,0,1,1
zsg,1,0,1
zsh,0,1,1
zshare,11,1,12
zsirharang,0,1,1
zsofi,0,1,1
zsol,0,1,1
zspotlight,1,0,1
zsuzsa,0,1,1
zt,0,1,1
zta,1,2,3
ztecwiz,0,1,1
ztem,0,1,1
ztiwokah,1,0,1
ztr,0,1,1
ztratil,1,0,1
ztratila,0,1,1
ztweets,0,1,1
zu,9,12,21
zuadinha,1,0,1
zuaz,1,0,1
zuba,0,1,1
zubair,0,1,1
zubr,0,1,1
zubrowka,0,1,1
zucchero,1,0,1
zucchini,8,20,28
zucchinis,1,0,1
zucchinni,0,1,1
zuccini,2,0,2
zuchinni,0,1,1
zucht,1,0,1
zucker,1,1,2
zuckerburg,1,0,1
zuckers,1,0,1
zuckerzeugs,0,1,1
zucko,1,0,1
zucks,1,0,1
zucky,1,0,1
zucol,1,0,1
zuda,1,2,3
zude,0,1,1
zue,0,1,1
zuerich,0,1,1
zuess,0,1,1
zuf,1,0,1
zugabe,1,0,1
zuh,0,1,1
zuhiboy,0,1,1
zui,1,2,3
zuid,0,2,2
zuigt,0,1,1
zuji,0,1,1
zukes,0,1,1
zukie,2,0,2
zukko,0,1,1
zuko,2,3,5
zul,3,3,6
zula,0,2,2
zulay,0,1,1
zulfikar,0,1,1
zulle,2,0,2
zully,2,1,3
zullyy,0,1,1
zulmomin,0,1,1
zulu,5,4,9
zuluradio,0,1,1
zum,1,5,6
zuma,3,4,7
zumanity,0,3,3
zumarr,0,1,1
zumb,0,1,1
zumba,18,19,37
zumbaaa,1,0,1
zumbathon,1,0,1
zumbs,1,0,1
zumez,0,1,1
zumi,1,0,1
zumies,1,3,4
zumiez,1,6,7
zumindest,1,0,1
zummerzet,1,0,1
zummie,1,0,1
zumo,1,1,2
zumodrive,1,0,1
zun,0,2,2
zundapp,1,0,1
zune,87,57,144
zuneee,1,0,1
zuneega,0,1,1
zunehd,5,4,9
zunepass,1,0,1
zunes,2,2,4
zunesupport,1,0,1
zunetune,0,1,1
zung,0,2,2
zunge,1,0,1
zunited,2,0,2
zuowen,1,0,1
zup,0,4,4
zur,3,2,5
zura,0,1,1
zurah,0,2,2
zuraidah,1,0,1
zurg,0,1,1
zuri,1,2,3
zurich,22,29,51
zuriiiich,0,1,1
zurrieq,1,0,1
zurueck,0,1,1
zus,0,1,1
zusak,0,1,1
zusamenn,0,1,1
zusammen,1,0,1
zusammenknoten,0,1,1
zushi,4,0,4
zut,2,0,2
zutons,5,5,10
zutweet,0,1,1
zuu,0,1,1
zuul,1,1,2
zuwan,0,1,1
zuz,0,1,1
zuzak,0,1,1
zuzu,2,1,3
zv,0,5,5
zvezi,0,1,1
zvi,0,1,1
zvl,0,1,1
zvyknu,0,1,1
zvysit,1,0,1
zw,3,0,3
zwan,1,0,1
zwangerschap,0,1,1
zwangsweise,1,0,1
zwart,2,2,4
zwarte,0,1,1
zwei,0,1,1
zweite,0,1,1
zwijger,0,1,1
zwilling,0,1,1
zwin,0,1,1
zwinky,5,8,13
zwirl,1,0,1
zwischenahn,0,1,1
zwischendurch,0,1,1
zwitter,1,0,1
zwol,0,1,1
zwolle,4,1,5
zx,2,6,8
zxcv,0,1,1
zxuilen,1,0,1
zxxxx,1,1,2
zy,2,2,4
zyads,1,0,1
zyanya,0,2,2
zyb,1,0,1
zycam,3,1,4
zydeco,1,0,1
zyder,1,0,1
zydrate,1,2,3
zygotic,1,0,1
zyklonic,0,1,1
zyler,0,1,1
zymic,1,0,1
zymill,0,1,1
zymio,1,0,1
zymir,1,0,1
zyms,1,0,1
zynga,1,1,2
zyrtec,17,5,22
zyrus,0,1,1
zyxoxo,0,1,1
zyxwvutsrqponmlkjihgfedcba,0,1,1
zyz,0,1,1
zz,20,26,46
zzbr,0,2,2
zzhh,1,0,1
zzombie,0,1,1
zzomg,0,1,1
zzr,1,0,1
zzs,1,1,2
zztop,0,1,1
zzu,0,2,2
zzy,1,1,2
zzz,88,96,184
zzzing,1,0,1
zzzonked,0,1,1
zzzs,2,3,5
zzzuu,1,0,1
zzzz,53,65,118
zzzzland,1,1,2
zzzzness,1,0,1
zzzzs,3,4,7
zzzzy,1,0,1
zzzzz,44,47,91
zzzzzs,2,1,3
zzzzzz,30,44,74
zzzzzzs,0,2,2
zzzzzzz,14,30,44
zzzzzzzs,0,1,1
zzzzzzzz,12,14,26
zzzzzzzzlullaby,1,0,1
zzzzzzzzz,12,10,22
zzzzzzzzzz,8,15,23
zzzzzzzzzzs,0,1,1
zzzzzzzzzzz,12,2,14
zzzzzzzzzzzs,0,2,2
zzzzzzzzzzzz,3,7,10
zzzzzzzzzzzzz,4,7,11
zzzzzzzzzzzzzz,3,5,8
zzzzzzzzzzzzzzz,3,5,8
zzzzzzzzzzzzzzzz,3,5,8
zzzzzzzzzzzzzzzzs,1,0,1
zzzzzzzzzzzzzzzzz,2,1,3
zzzzzzzzzzzzzzzzzz,2,1,3
zzzzzzzzzzzzzzzzzzz,2,1,3
zzzzzzzzzzzzzzzzzzzz,1,0,1
zzzzzzzzzzzzzzzzzzzzz,1,1,2
zzzzzzzzzzzzzzzzzzzzzz,1,1,2
zzzzzzzzzzzzzzzzzzzzzzz,1,0,1
zzzzzzzzzzzzzzzzzzzzzzzzzz,0,1,1
zzzzzzzzzzzzzzzzzzzzzzzzzzz,1,2,3
zzzzzzzzzzzzzzzzzzzzzzzzzzzz,0,1,1
zzzzzzzzzzzzzzzzzzzzzzzzzzzzzzz,0,1,1
zzzzzzzzzzzzzzzzzzzzzzzzzzzzzzzzzz,0,3,3
zzzzzzzzzzzzzzzzzzzzzzzzzzzzzzzzzzz,0,1,1
zzzzzzzzzzzzzzzzzzzzzzzzzzzzzzzzzzzzzzzzzzzzzzzzzzzzzz,1,0,1
zzzzzzzzzzzzzzzzzzzzzzzzzzzzzzzzzzzzzzzzzzzzzzzzzzzzzzzzz,1,0,1
